./ilogA is logfile.
./chgdenFe calculation starts
rmin,rmax=  3.85E-08  3.92E+01
   2652.98318259  -1109.87812451      0.30000000    1
    267.95407548  -1195.19926500      0.30000000    1
    165.22766619  -1238.45740882      0.30000000    1
     98.74216495  -1258.03820904      0.30000000    1
     56.98595243  -1265.69525049      0.30000000    1
     31.79468949  -1268.20375997      0.30000000    1
     17.35595921  -1268.90406783      0.30000000    1
      9.53654114  -1269.10031012      0.30000000    1
      5.46950874  -1269.17105711      0.30000000    1
      3.33119966  -1269.20269840      0.30000000    1
      2.12702872  -1269.21740811      0.30000000    1
      1.39272291  -1269.22405654      0.30000000    1
      0.92173642  -1269.22696090      0.30000000    1
      0.61255964  -1269.22819668      0.30000000    1
      0.40763371  -1269.22871366      0.30000000    1
      0.27126156  -1269.22892809      0.30000000    1
      0.18038636  -1269.22901688      0.30000000    1
      0.11983293  -1269.22905377      0.30000000    1
      0.07951719  -1269.22906920      0.30000000    1
      0.05270707  -1269.22907573      0.30000000    1
      0.03490118  -1269.22907851      0.30000000    1
      0.02309027  -1269.22907972      0.30000000    1
      0.01526490  -1269.22908025      0.30000000    1
      0.01008540  -1269.22908048      0.30000000    1
      0.00666010  -1269.22908059      0.30000000    1
      0.00439650  -1269.22908064      0.30000000    1
      0.00290147  -1269.22908066      0.30000000    1
      0.00191448  -1269.22908067      0.30000000    1
      0.00126311  -1269.22908067      0.30000000    1
      0.00083333  -1269.22908068      0.30000000    1
      0.00054980  -1269.22908068      0.30000000    1
      0.00036276  -1269.22908068      0.30000000    1
      0.00000000  -1269.22908068      1.00000000    2
      0.00000000  -1269.22908068      1.00000000    3
    1   0 0  -1/2   1    2.0000       -255.897906
    2   0 0  -1/2   1    2.0000        -29.990898
    2   1 1  -1/2   1    2.0000        -25.920506
    2   1 1  -3/2   1    4.0000        -25.464752
    3   0 0  -1/2   1    2.0000         -3.428879
    3   1 1  -1/2   1    2.0000         -2.238113
    3   1 1  -3/2   1    4.0000         -2.181219
    3   2 2  -3/2   1    2.4000         -0.289193
    3   2 2  -5/2   1    3.6000         -0.283567
    4   0 0  -1/2   1    2.0000         -0.201117
 total energy =   -1.26922908067772E+03 -3.45375002059538E+04
