./ilogA is logfile.
./chgdenPr calculation starts
rmin,rmax=  1.69E-08  2.60E+01
  14230.46150668  -8128.17635118      0.30000000    1
    934.94935968  -8713.55342332      0.30000000    1
    580.53070654  -9006.13137707      0.30000000    1
    351.81670090  -9138.86173204      0.30000000    1
    207.98293212  -9192.74114407      0.30000000    1
    120.28312848  -9212.17089122      0.30000000    1
     68.57821947  -9218.47128773      0.30000000    1
     39.04453138  -9220.40259088      0.30000000    1
     22.54586995  -9221.01078535      0.30000000    1
     13.38209145  -9221.22207287      0.30000000    1
      8.22471285  -9221.30447256      0.30000000    1
      5.22881467  -9221.33923842      0.30000000    1
      3.40904228  -9221.35434314      0.30000000    1
      2.25488162  -9221.36091601      0.30000000    1
      1.50117511  -9221.36375760      0.30000000    1
      1.00170838  -9221.36497901      0.30000000    1
      0.66878082  -9221.36550305      0.30000000    1
      0.44645945  -9221.36572848      0.30000000    1
      0.29796958  -9221.36582610      0.30000000    1
      0.19883198  -9221.36586878      0.30000000    1
      0.13267895  -9221.36588764      0.30000000    1
      0.08855465  -9221.36589608      0.30000000    1
      0.05912946  -9221.36589991      0.30000000    1
      0.03950544  -9221.36590166      0.30000000    1
      0.02641383  -9221.36590247      0.30000000    1
      0.01767546  -9221.36590285      0.30000000    1
      0.01183866  -9221.36590303      0.30000000    1
      0.00793666  -9221.36590312      0.30000000    1
      0.00532572  -9221.36590316      0.30000000    1
      0.00357693  -9221.36590318      0.30000000    1
      0.00240447  -9221.36590319      0.30000000    1
      0.00161762  -9221.36590319      0.30000000    1
      0.00108906  -9221.36590319      0.30000000    1
      0.00073368  -9221.36590320      0.30000000    1
      0.00049455  -9221.36590320      0.30000000    1
      0.00000000  -9221.36590320      1.00000000    2
      0.00000000  -9221.36590320      1.00000000    3
    1   0 0  -1/2   1    2.0000      -1525.849140
    2   0 0  -1/2   1    2.0000       -245.706734
    2   1 1  -1/2   1    2.0000       -232.498909
    2   1 1  -3/2   1    4.0000       -214.962759
    3   0 0  -1/2   1    2.0000        -53.019667
    3   1 1  -1/2   1    2.0000        -47.351113
    3   1 1  -3/2   1    4.0000        -43.875354
    3   2 2  -3/2   1    4.0000        -33.904276
    3   2 2  -5/2   1    6.0000        -33.151142
    4   0 0  -1/2   1    2.0000        -10.521408
    4   1 1  -1/2   1    2.0000         -8.394066
    4   1 1  -3/2   1    4.0000         -7.640260
    4   2 2  -3/2   1    4.0000         -4.129794
    4   2 2  -5/2   1    6.0000         -3.997037
    5   0 0  -1/2   1    2.0000         -1.431034
    5   1 1  -1/2   1    2.0000         -0.862040
    5   1 1  -3/2   1    4.0000         -0.758828
    4   3 3  -5/2   1    1.2857         -0.063781
    4   3 3  -7/2   1    1.7143         -0.051152
    6   0 0  -1/2   1    2.0000         -0.131542
 total energy =   -9.22136590319629E+03 -2.50926276138235E+05
