line2: Z,NR,R(1),R(NR) /line3,4,...: R(N),RHO*4*PI*R(N)**2
19.00  2000  1.01365245284744E-10  6.00000000000000E+01
 1.014E-10  8.52769810187774E-16
 1.027E-10  8.75984070681579E-16
 1.042E-10  8.99830274148904E-16
 1.056E-10  9.33523453400264E-16
 1.070E-10  9.58936004785669E-16
 1.085E-10  9.85040341433261E-16
 1.100E-10  1.01185529525236E-15
 1.115E-10  1.03940021079719E-15
 1.130E-10  1.06769495922344E-15
 1.145E-10  1.09675995262305E-15
 1.161E-10  1.12661615874979E-15
 1.177E-10  1.15728511614559E-15
 1.193E-10  1.18878894967856E-15
 1.209E-10  1.22115038650427E-15
 1.226E-10  1.25439277246112E-15
 1.242E-10  1.28854008891224E-15
 1.259E-10  1.32361697004597E-15
 1.276E-10  1.35964872064728E-15
 1.294E-10  1.39666133435272E-15
 1.312E-10  1.43468151240237E-15
 1.329E-10  1.47373668290267E-15
 1.348E-10  1.51385502061307E-15
 1.366E-10  1.55506546727158E-15
 1.385E-10  1.59739775247378E-15
 1.404E-10  1.64088241511977E-15
 1.423E-10  1.68555082544536E-15
 1.442E-10  1.73143520765294E-15
 1.462E-10  1.77856866315795E-15
 1.482E-10  1.82698519446907E-15
 1.502E-10  1.87671972971762E-15
 1.523E-10  1.92780814785486E-15
 1.543E-10  1.98028730453592E-15
 1.564E-10  2.03419505870728E-15
 1.586E-10  2.08957029991893E-15
 1.607E-10  2.14645297637951E-15
 1.629E-10  2.20488412377514E-15
 1.652E-10  2.26490589487338E-15
 1.674E-10  2.32656158993218E-15
 1.697E-10  2.38989568793718E-15
 1.720E-10  2.45495387868956E-15
 1.744E-10  2.52178309576684E-15
 1.767E-10  2.59043155038108E-15
 1.792E-10  2.66094876615905E-15
 1.816E-10  2.73338561486908E-15
 1.841E-10  2.80779435312040E-15
 1.866E-10  2.88422866006128E-15
 1.891E-10  2.96274367610422E-15
 1.917E-10  3.04339604270408E-15
 1.943E-10  3.12624394322007E-15
 1.970E-10  3.21134714489001E-15
 1.997E-10  3.29876704194652E-15
 2.024E-10  3.38856669990769E-15
 2.052E-10  3.48081090107278E-15
 2.080E-10  3.57556619125715E-15
 2.108E-10  3.67290092779901E-15
 2.137E-10  3.77288532887277E-15
 2.166E-10  3.87559152414496E-15
 2.196E-10  3.98109360680988E-15
 2.226E-10  4.08946768704028E-15
 2.256E-10  4.20079194689472E-15
 2.287E-10  4.31514669671844E-15
 2.318E-10  4.43261443307961E-15
 2.350E-10  4.55327989828401E-15
 2.382E-10  4.67723014150809E-15
 2.414E-10  4.80455458159714E-15
 2.447E-10  4.93534507157371E-15
 2.481E-10  5.06969596490023E-15
 2.515E-10  5.20770418354673E-15
 2.549E-10  5.34946928791156E-15
 2.584E-10  5.49509354864491E-15
 2.619E-10  5.64468202042786E-15
 2.655E-10  5.79834261775938E-15
 2.691E-10  5.95618619280798E-15
 2.728E-10  6.11832661538019E-15
 2.765E-10  6.28488085506771E-15
 2.803E-10  6.45596906563117E-15
 2.841E-10  6.63171467167880E-15
 2.880E-10  6.81224445770661E-15
 2.919E-10  6.99768865956272E-15
 2.959E-10  7.18818105839956E-15
 2.999E-10  7.38385907718487E-15
 3.040E-10  7.58486387984114E-15
 3.082E-10  7.79134047308108E-15
 3.124E-10  8.00343781101750E-15
 3.166E-10  8.22130890262008E-15
 3.210E-10  8.44511092209707E-15
 3.253E-10  8.67500532228318E-15
 3.298E-10  8.91115795111272E-15
 3.343E-10  9.15373917126288E-15
 3.389E-10  9.40292398305557E-15
 3.435E-10  9.65889215070546E-15
 3.482E-10  9.92182833200161E-15
 3.529E-10  1.01919222115218E-14
 3.577E-10  1.04693686374741E-14
 3.626E-10  1.07543677622598E-14
 3.676E-10  1.10471251868672E-14
 3.726E-10  1.13478521091942E-14
 3.777E-10  1.16567654764053E-14
 3.828E-10  1.19740881414437E-14
 3.881E-10  1.23000490237968E-14
 3.934E-10  1.26348832746396E-14
 3.987E-10  1.29788324464792E-14
 4.042E-10  1.33321446674077E-14
 4.097E-10  1.36950748201083E-14
 4.153E-10  1.40678847257293E-14
 4.210E-10  1.44508433327616E-14
 4.267E-10  1.48442269110633E-14
 4.325E-10  1.52483192511621E-14
 4.384E-10  1.56634118689852E-14
 4.444E-10  1.60898042161616E-14
 4.505E-10  1.65278038960472E-14
 4.566E-10  1.69777268856348E-14
 4.629E-10  1.74398977635026E-14
 4.692E-10  1.79146499439685E-14
 4.756E-10  1.84023259176161E-14
 4.821E-10  1.89032774983727E-14
 4.887E-10  1.94178660773100E-14
 4.953E-10  1.99464628833549E-14
 5.021E-10  2.04894492511002E-14
 5.090E-10  2.10472168958966E-14
 5.159E-10  2.16201681964468E-14
 5.230E-10  2.22087164850814E-14
 5.301E-10  2.28132863459392E-14
 5.373E-10  2.34343139212700E-14
 5.447E-10  2.40722472260699E-14
 5.521E-10  2.47275464712827E-14
 5.596E-10  2.54006843958010E-14
 5.673E-10  2.60921466075036E-14
 5.750E-10  2.68024319335785E-14
 5.829E-10  2.75320527803803E-14
 5.908E-10  2.82815355030868E-14
 5.989E-10  2.90514207854146E-14
 6.071E-10  2.98422640296722E-14
 6.154E-10  3.06546357574364E-14
 6.238E-10  3.14891220211288E-14
 6.323E-10  3.23463248267972E-14
 6.409E-10  3.32268625684142E-14
 6.497E-10  3.41313704739869E-14
 6.585E-10  3.50605010638183E-14
 6.675E-10  3.60149246212435E-14
 6.766E-10  3.69953296761748E-14
 6.859E-10  3.80024235018132E-14
 6.952E-10  3.90369326248843E-14
 7.047E-10  4.00996033497613E-14
 7.144E-10  4.11912022968541E-14
 7.241E-10  4.23125169556581E-14
 7.340E-10  4.34643562528519E-14
 7.440E-10  4.46475511358708E-14
 7.542E-10  4.58629551723566E-14
 7.645E-10  4.71114451659259E-14
 7.749E-10  4.83939217887124E-14
 7.855E-10  4.97113102311114E-14
 7.962E-10  5.10645608692251E-14
 8.071E-10  5.24546499504710E-14
 8.181E-10  5.38825802978601E-14
 8.293E-10  5.53493820334370E-14
 8.406E-10  5.68561133214176E-14
 8.521E-10  5.84038611315683E-14
 8.637E-10  5.99937420233441E-14
 8.755E-10  6.16269029513940E-14
 8.874E-10  6.33045220929811E-14
 8.996E-10  6.50278096979266E-14
 9.118E-10  6.67980089617007E-14
 9.243E-10  6.86163969222739E-14
 9.369E-10  7.04842853813824E-14
 9.497E-10  7.24030218508760E-14
 9.627E-10  7.43739905248189E-14
 9.758E-10  7.63986132780674E-14
 9.891E-10  7.84783506920258E-14
 1.003E-09  8.06147031083063E-14
 1.016E-09  8.28092117111140E-14
 1.030E-09  8.50634596390498E-14
 1.044E-09  8.73790731272113E-14
 1.059E-09  8.97577226803725E-14
 1.073E-09  9.22011242780975E-14
 1.088E-09  9.47110406126713E-14
 1.102E-09  9.72892823607101E-14
 1.118E-09  9.99377094894098E-14
 1.133E-09  1.02658232598347E-13
 1.148E-09  1.05452814297787E-13
 1.164E-09  1.08323470624539E-13
 1.180E-09  1.11272272496347E-13
 1.196E-09  1.14301347205858E-13
 1.212E-09  1.17412879955284E-13
 1.229E-09  1.20609115432816E-13
 1.246E-09  1.23892359431956E-13
 1.263E-09  1.27264980514949E-13
 1.280E-09  1.30729411721497E-13
 1.297E-09  1.34288152323948E-13
 1.315E-09  1.37943769630320E-13
 1.333E-09  1.41698900836345E-13
 1.351E-09  1.45556254928012E-13
 1.370E-09  1.49518614635817E-13
 1.388E-09  1.53588838442260E-13
 1.407E-09  1.57769862644011E-13
 1.426E-09  1.62064703470119E-13
 1.446E-09  1.66476459257999E-13
 1.466E-09  1.71008312688575E-13
 1.486E-09  1.75663533082316E-13
 1.506E-09  1.80445478757731E-13
 1.527E-09  1.85357599454102E-13
 1.547E-09  1.90403438820154E-13
 1.568E-09  1.95586636970473E-13
 1.590E-09  2.00910933111525E-13
 1.612E-09  2.06380168239148E-13
 1.634E-09  2.11998287909483E-13
 1.656E-09  2.17769345085323E-13
 1.679E-09  2.23697503059981E-13
 1.701E-09  2.29787038460708E-13
 1.725E-09  2.36042344333889E-13
 1.748E-09  2.42467933314231E-13
 1.772E-09  2.49068440880222E-13
 1.796E-09  2.55848628698229E-13
 1.821E-09  2.62813388057545E-13
 1.846E-09  2.69967743399066E-13
 1.871E-09  2.77316855939962E-13
 1.896E-09  2.84866027396971E-13
 1.922E-09  2.92620703811182E-13
 1.949E-09  3.00586479476823E-13
 1.975E-09  3.08769100977019E-13
 2.002E-09  3.17174471329451E-13
 2.029E-09  3.25808654244833E-13
 2.057E-09  3.34677878501323E-13
 2.085E-09  3.43788542438071E-13
 2.114E-09  3.53147218570958E-13
 2.143E-09  3.62760658334107E-13
 2.172E-09  3.72635796950457E-13
 2.201E-09  3.82779758434856E-13
 2.232E-09  3.93199860733380E-13
 2.262E-09  4.03903621002608E-13
 2.293E-09  4.14898761032510E-13
 2.324E-09  4.26193212817075E-13
 2.356E-09  4.37795124276518E-13
 2.388E-09  4.49712865135162E-13
 2.421E-09  4.61955032959585E-13
 2.454E-09  4.74530459360880E-13
 2.487E-09  4.87448216365858E-13
 2.521E-09  5.00717622961753E-13
 2.556E-09  5.14348251818968E-13
 2.590E-09  5.28349936196903E-13
 2.626E-09  5.42732777037754E-13
 2.662E-09  5.57507150253393E-13
 2.698E-09  5.72683714210746E-13
 2.735E-09  5.88273417420700E-13
 2.772E-09  6.04287506436489E-13
 2.810E-09  6.20737533967147E-13
 2.848E-09  6.37635367211669E-13
 2.887E-09  6.54993196420118E-13
 2.927E-09  6.72823543687745E-13
 2.967E-09  6.91139271988563E-13
 3.007E-09  7.09953594454852E-13
 3.048E-09  7.29280083909244E-13
 3.090E-09  7.49132682656150E-13
 3.132E-09  7.69525712539983E-13
 3.175E-09  7.90473885277031E-13
 3.218E-09  8.11992313068591E-13
 3.262E-09  8.34096519503102E-13
 3.307E-09  8.56802450754956E-13
 3.352E-09  8.80126487088150E-13
 3.398E-09  9.04085454673279E-13
 3.444E-09  9.28696637726061E-13
 3.491E-09  9.53977790976200E-13
 3.539E-09  9.79947152475938E-13
 3.587E-09  1.00662345675708E-12
 3.636E-09  1.03402594834629E-12
 3.685E-09  1.06217439564820E-12
 3.736E-09  1.09108910520666E-12
 3.787E-09  1.12079093635382E-12
 3.838E-09  1.15130131625836E-12
 3.891E-09  1.18264225538336E-12
 3.944E-09  1.21483636336461E-12
 3.998E-09  1.24790686532164E-12
 4.052E-09  1.28187761861219E-12
 4.108E-09  1.31677313004349E-12
 4.164E-09  1.35261857355152E-12
 4.221E-09  1.38943980836157E-12
 4.278E-09  1.42726339764351E-12
 4.337E-09  1.46611662767467E-12
 4.396E-09  1.50602752752431E-12
 4.456E-09  1.54702488927410E-12
 4.517E-09  1.58913828878893E-12
 4.578E-09  1.63239810705328E-12
 4.641E-09  1.67683555208820E-12
 4.704E-09  1.72248268146510E-12
 4.769E-09  1.76937242543248E-12
 4.834E-09  1.81753861067193E-12
 4.900E-09  1.86701598470106E-12
 4.967E-09  1.91784024094059E-12
 5.034E-09  1.97004804446406E-12
 5.103E-09  2.02367705844815E-12
 5.173E-09  2.07876597134332E-12
 5.243E-09  2.13535452478392E-12
 5.315E-09  2.19348354225827E-12
 5.388E-09  2.25319495855900E-12
 5.461E-09  2.31453185003518E-12
 5.536E-09  2.37753846566782E-12
 5.611E-09  2.44226025899161E-12
 5.688E-09  2.50874392088565E-12
 5.765E-09  2.57703741325637E-12
 5.844E-09  2.64719000363787E-12
 5.924E-09  2.71925230073359E-12
 6.005E-09  2.79327629092633E-12
 6.087E-09  2.86931537578144E-12
 6.170E-09  2.94742441057088E-12
 6.254E-09  3.02765974384714E-12
 6.340E-09  3.11007925809255E-12
 6.426E-09  3.19474241147651E-12
 6.514E-09  3.28171028074967E-12
 6.603E-09  3.37104560530457E-12
 6.693E-09  3.46281283243659E-12
 6.784E-09  3.55707816383678E-12
 6.877E-09  3.65390960335029E-12
 6.971E-09  3.75337700603500E-12
 7.066E-09  3.85555212855534E-12
 7.162E-09  3.96050868094829E-12
 7.260E-09  4.06832237979870E-12
 7.359E-09  4.17907100286132E-12
 7.460E-09  4.29283444517044E-12
 7.562E-09  4.40969477667732E-12
 7.665E-09  4.52973630145577E-12
 7.770E-09  4.65304561851957E-12
 7.876E-09  4.77971168429632E-12
 7.983E-09  4.90982587680076E-12
 8.092E-09  5.04348206155573E-12
 8.203E-09  5.18077665930821E-12
 8.315E-09  5.32180871558703E-12
 8.428E-09  5.46667997215573E-12
 8.543E-09  5.61549494041020E-12
 8.660E-09  5.76836097677312E-12
 8.778E-09  5.92538836014237E-12
 8.898E-09  6.08669037144726E-12
 9.019E-09  6.25238337537024E-12
 9.142E-09  6.42258690429269E-12
 9.267E-09  6.59742374452778E-12
 9.394E-09  6.77702002489826E-12
 9.522E-09  6.96150530772729E-12
 9.652E-09  7.15101268230636E-12
 9.784E-09  7.34567886090611E-12
 9.917E-09  7.54564427740233E-12
 1.005E-08  7.75105318858483E-12
 1.019E-08  7.96205377822720E-12
 1.033E-08  8.17879826398714E-12
 1.047E-08  8.40144300721674E-12
 1.061E-08  8.63014862576391E-12
 1.076E-08  8.86508010984239E-12
 1.090E-08  9.10640694105770E-12
 1.105E-08  9.35430321467187E-12
 1.120E-08  9.60894776519856E-12
 1.136E-08  9.87052429541406E-12
 1.151E-08  1.01392215088820E-11
 1.167E-08  1.04152332460870E-11
 1.183E-08  1.06987586242715E-11
 1.199E-08  1.09900021810812E-11
 1.215E-08  1.12891740221193E-11
 1.232E-08  1.15964899725186E-11
 1.249E-08  1.19121717326411E-11
 1.266E-08  1.22364470380110E-11
 1.283E-08  1.25695498236071E-11
 1.301E-08  1.29117203926267E-11
 1.318E-08  1.32632055898388E-11
 1.336E-08  1.36242589796616E-11
 1.355E-08  1.39951410290859E-11
 1.373E-08  1.43761192955779E-11
 1.392E-08  1.47674686200970E-11
 1.411E-08  1.51694713253680E-11
 1.430E-08  1.55824174195514E-11
 1.450E-08  1.60066048054571E-11
 1.470E-08  1.64423394954535E-11
 1.490E-08  1.68899358322265E-11
 1.510E-08  1.73497167155513E-11
 1.531E-08  1.78220138352325E-11
 1.551E-08  1.83071679103874E-11
 1.573E-08  1.88055289352442E-11
 1.594E-08  1.93174564316300E-11
 1.616E-08  1.98433197083334E-11
 1.638E-08  2.03834981275258E-11
 1.660E-08  2.09383813784338E-11
 1.683E-08  2.15083697584684E-11
 1.706E-08  2.20938744620014E-11
 1.729E-08  2.26953178769999E-11
 1.753E-08  2.33131338897441E-11
 1.777E-08  2.39477681978339E-11
 1.801E-08  2.45996786317222E-11
 1.826E-08  2.52693354849900E-11
 1.851E-08  2.59572218536264E-11
 1.876E-08  2.66638339845353E-11
 1.901E-08  2.73896816335262E-11
 1.927E-08  2.81352884330655E-11
 1.954E-08  2.89011922700203E-11
 1.980E-08  2.96879456736976E-11
 2.007E-08  3.04961162144435E-11
 2.035E-08  3.13262869130859E-11
 2.063E-08  3.21790566615391E-11
 2.091E-08  3.30550406548443E-11
 2.119E-08  3.39548708349692E-11
 2.148E-08  3.48791963467082E-11
 2.178E-08  3.58286840059707E-11
 2.207E-08  3.68040187808258E-11
 2.237E-08  3.78059042856502E-11
 2.268E-08  3.88350632887106E-11
 2.299E-08  3.98922382335822E-11
 2.330E-08  4.09781917747504E-11
 2.362E-08  4.20937073277865E-11
 2.394E-08  4.32395896345191E-11
 2.427E-08  4.44166653435811E-11
 2.460E-08  4.56257836067485E-11
 2.494E-08  4.68678166915287E-11
 2.528E-08  4.81436606104227E-11
 2.562E-08  4.94542357673183E-11
 2.597E-08  5.08004876214617E-11
 2.633E-08  5.21833873695291E-11
 2.669E-08  5.36039326462476E-11
 2.705E-08  5.50631482440996E-11
 2.742E-08  5.65620868526147E-11
 2.779E-08  5.81018298177766E-11
 2.817E-08  5.96834879221268E-11
 2.856E-08  6.13082021860787E-11
 2.895E-08  6.29771446910628E-11
 2.934E-08  6.46915194250683E-11
 2.974E-08  6.64525631512145E-11
 3.015E-08  6.82615462999501E-11
 3.056E-08  7.01197738855511E-11
 3.098E-08  7.20285864475751E-11
 3.140E-08  7.39893610179179E-11
 3.183E-08  7.60035121142192E-11
 3.227E-08  7.80724927603151E-11
 3.271E-08  8.01977955344378E-11
 3.315E-08  8.23809536459785E-11
 3.361E-08  8.46235420415607E-11
 3.406E-08  8.69271785412014E-11
 3.453E-08  8.92935250054200E-11
 3.500E-08  9.17242885341157E-11
 3.548E-08  9.42212226980815E-11
 3.596E-08  9.67861288040307E-11
 3.645E-08  9.94208571940643E-11
 3.695E-08  1.02127308580539E-10
 3.746E-08  1.04907435417231E-10
 3.797E-08  1.07763243307846E-10
 3.849E-08  1.10696792452879E-10
 3.901E-08  1.13710199135857E-10
 3.954E-08  1.16805637250022E-10
 4.008E-08  1.19985339866590E-10
 4.063E-08  1.23251600845720E-10
 4.119E-08  1.26606776491282E-10
 4.175E-08  1.30053287250727E-10
 4.232E-08  1.33593619461209E-10
 4.290E-08  1.37230327143225E-10
 4.348E-08  1.40966033843111E-10
 4.408E-08  1.44803434525671E-10
 4.468E-08  1.48745297518330E-10
 4.529E-08  1.52794466508237E-10
 4.591E-08  1.56953862593685E-10
 4.653E-08  1.61226486391436E-10
 4.717E-08  1.65615420201340E-10
 4.781E-08  1.70123830229943E-10
 4.846E-08  1.74754968874599E-10
 4.913E-08  1.79512177069742E-10
 4.980E-08  1.84398886697070E-10
 5.048E-08  1.89418623061313E-10
 5.117E-08  1.94575007433385E-10
 5.186E-08  1.99871759662781E-10
 5.257E-08  2.05312700861114E-10
 5.329E-08  2.10901756158665E-10
 5.402E-08  2.16642957535964E-10
 5.475E-08  2.22540446732490E-10
 5.550E-08  2.28598478234526E-10
 5.626E-08  2.34821422344368E-10
 5.703E-08  2.41213768333089E-10
 5.781E-08  2.47780127679057E-10
 5.860E-08  2.54525237394701E-10
 5.940E-08  2.61453963443831E-10
 6.021E-08  2.68571304251913E-10
 6.103E-08  2.75882394311924E-10
 6.186E-08  2.83392507888466E-10
 6.271E-08  2.91107062822572E-10
 6.356E-08  2.99031624440139E-10
 6.443E-08  3.07171909566820E-10
 6.531E-08  3.15533790652091E-10
 6.620E-08  3.24123300005701E-10
 6.711E-08  3.32946634149321E-10
 6.802E-08  3.42010158286781E-10
 6.895E-08  3.51320410895940E-10
 6.989E-08  3.60884108445497E-10
 7.085E-08  3.70708150240317E-10
 7.181E-08  3.80799623398550E-10
 7.279E-08  3.91165807964350E-10
 7.379E-08  4.01814182159638E-10
 7.479E-08  4.12752427778887E-10
 7.582E-08  4.23988435730842E-10
 7.685E-08  4.35530311731004E-10
 7.790E-08  4.47386382149023E-10
 7.896E-08  4.59565200015451E-10
 8.004E-08  4.72075551191842E-10
 8.113E-08  4.84926460708832E-10
 8.224E-08  4.98127199276902E-10
 8.336E-08  5.11687289974195E-10
 8.450E-08  5.25616515116420E-10
 8.566E-08  5.39924923313889E-10
 8.683E-08  5.54622836720546E-10
 8.801E-08  5.69720858480359E-10
 8.921E-08  5.85229880376444E-10
 9.043E-08  6.01161090688316E-10
 9.167E-08  6.17525982263165E-10
 9.292E-08  6.34336360806766E-10
 9.419E-08  6.51604353400085E-10
 9.547E-08  6.69342417247741E-10
 9.677E-08  6.87563348664604E-10
 9.810E-08  7.06280292307025E-10
 9.944E-08  7.25506750655406E-10
 1.008E-07  7.45256593754757E-10
 1.022E-07  7.65544069220685E-10
 1.036E-07  7.86383812517454E-10
 1.050E-07  8.07790857515905E-10
 1.064E-07  8.29780647339005E-10
 1.079E-07  8.52369045502444E-10
 1.093E-07  8.75572347358422E-10
 1.108E-07  8.99407291851125E-10
 1.123E-07  9.23891073592171E-10
 1.139E-07  9.49041355264620E-10
 1.154E-07  9.74876280364887E-10
 1.170E-07  1.00141448629140E-09
 1.186E-07  1.02867511778938E-09
 1.202E-07  1.05667784076188E-09
 1.219E-07  1.08544285645674E-09
 1.235E-07  1.11499091603962E-09
 1.252E-07  1.14534333556356E-09
 1.269E-07  1.17652201134665E-09
 1.287E-07  1.20854943576778E-09
 1.304E-07  1.24144871349226E-09
 1.322E-07  1.27524357813966E-09
 1.340E-07  1.30995840940520E-09
 1.358E-07  1.34561825064679E-09
 1.377E-07  1.38224882695126E-09
 1.396E-07  1.41987656369236E-09
 1.415E-07  1.45852860559389E-09
 1.434E-07  1.49823283631147E-09
 1.454E-07  1.53901789854770E-09
 1.473E-07  1.58091321471499E-09
 1.494E-07  1.62394900816032E-09
 1.514E-07  1.66815632496832E-09
 1.535E-07  1.71356705635770E-09
 1.556E-07  1.76021396168729E-09
 1.577E-07  1.80813069208798E-09
 1.598E-07  1.85735181473902E-09
 1.620E-07  1.90791283780395E-09
 1.642E-07  1.95985023604585E-09
 1.665E-07  2.01320147714025E-09
 1.687E-07  2.06800504870354E-09
 1.710E-07  2.12430048605777E-09
 1.734E-07  2.18212840075089E-09
 1.757E-07  2.24153050985362E-09
 1.781E-07  2.30254966605362E-09
 1.806E-07  2.36522988856880E-09
 1.830E-07  2.42961639490238E-09
 1.855E-07  2.49575563346232E-09
 1.881E-07  2.56369531706850E-09
 1.906E-07  2.63348445737223E-09
 1.932E-07  2.70517340021267E-09
 1.959E-07  2.77881386193547E-09
 1.986E-07  2.85445896670033E-09
 2.013E-07  2.93216328480419E-09
 2.040E-07  3.01198287204730E-09
 2.068E-07  3.09397531017123E-09
 2.096E-07  3.17819974839724E-09
 2.125E-07  3.26471694609571E-09
 2.154E-07  3.35358931661751E-09
 2.183E-07  3.44488097231701E-09
 2.213E-07  3.53865777080238E-09
 2.243E-07  3.63498736244456E-09
 2.274E-07  3.73393923917808E-09
 2.305E-07  3.83558478463210E-09
 2.336E-07  3.93999732562534E-09
 2.368E-07  4.04725218506184E-09
 2.401E-07  4.15742673626885E-09
 2.433E-07  4.27060045881202E-09
 2.467E-07  4.38685499582928E-09
 2.500E-07  4.50627421292857E-09
 2.534E-07  4.62894425868569E-09
 2.569E-07  4.75495362678998E-09
 2.604E-07  4.88439321988268E-09
 2.640E-07  5.01735641513147E-09
 2.676E-07  5.15393913159104E-09
 2.712E-07  5.29423989939700E-09
 2.749E-07  5.43835993084346E-09
 2.787E-07  5.58640319339514E-09
 2.825E-07  5.73847648468687E-09
 2.863E-07  5.89468950956523E-09
 2.903E-07  6.05515495922725E-09
 2.942E-07  6.21998859251247E-09
 2.982E-07  6.38930931940862E-09
 3.023E-07  6.56323928683063E-09
 3.064E-07  6.74190396673389E-09
 3.106E-07  6.92543224662695E-09
 3.149E-07  7.11395652254702E-09
 3.192E-07  7.30761279456677E-09
 3.235E-07  7.50654076490119E-09
 3.279E-07  7.71088393868516E-09
 3.324E-07  7.92078972749399E-09
 3.369E-07  8.13640955568054E-09
 3.415E-07  8.35789896960962E-09
 3.462E-07  8.58541774986412E-09
 3.509E-07  8.81913002650548E-09
 3.557E-07  9.05920439747203E-09
 3.606E-07  9.30581405020049E-09
 3.655E-07  9.55913688655702E-09
 3.705E-07  9.81935565117040E-09
 3.756E-07  1.00866580632585E-08
 3.807E-07  1.03612369520400E-08
 3.859E-07  1.06432903958373E-08
 3.911E-07  1.09330218649628E-08
 3.965E-07  1.12306403684928E-08
 4.019E-07  1.15363606050416E-08
 4.074E-07  1.18504031176367E-08
 4.129E-07  1.21729944528085E-08
 4.186E-07  1.25043673240132E-08
 4.243E-07  1.28447607795042E-08
 4.301E-07  1.31944203747707E-08
 4.360E-07  1.35535983496708E-08
 4.419E-07  1.39225538103889E-08
 4.479E-07  1.43015529163427E-08
 4.541E-07  1.46908690721796E-08
 4.603E-07  1.50907831249990E-08
 4.665E-07  1.55015835669423E-08
 4.729E-07  1.59235667433004E-08
 4.794E-07  1.63570370662797E-08
 4.859E-07  1.68023072345944E-08
 4.926E-07  1.72596984590334E-08
 4.993E-07  1.77295406941627E-08
 5.061E-07  1.82121728763410E-08
 5.130E-07  1.87079431682113E-08
 5.200E-07  1.92172092098471E-08
 5.271E-07  1.97403383767368E-08
 5.343E-07  2.02777080447899E-08
 5.416E-07  2.08297058625548E-08
 5.490E-07  2.13967300308474E-08
 5.565E-07  2.19791895899923E-08
 5.641E-07  2.25775047148830E-08
 5.718E-07  2.31921070180698E-08
 5.796E-07  2.38234398611027E-08
 5.875E-07  2.44719586743464E-08
 5.955E-07  2.51381312854997E-08
 6.037E-07  2.58224382570598E-08
 6.119E-07  2.65253732329707E-08
 6.202E-07  2.72474432947086E-08
 6.287E-07  2.79891693270542E-08
 6.373E-07  2.87510863938318E-08
 6.460E-07  2.95337441238673E-08
 6.548E-07  3.03377071074519E-08
 6.638E-07  3.11635553036038E-08
 6.728E-07  3.20118844584098E-08
 6.820E-07  3.28833065347543E-08
 6.913E-07  3.37784501537490E-08
 7.008E-07  3.46979610481757E-08
 7.103E-07  3.56425025282688E-08
 7.200E-07  3.66127559601797E-08
 7.298E-07  3.76094212574666E-08
 7.398E-07  3.86332173859545E-08
 7.499E-07  3.96848828823481E-08
 7.602E-07  4.07651763869513E-08
 7.705E-07  4.18748771908885E-08
 7.811E-07  4.30147857982276E-08
 7.917E-07  4.41857245033960E-08
 8.025E-07  4.53885379843146E-08
 8.135E-07  4.66240939116830E-08
 8.246E-07  4.78932835748389E-08
 8.358E-07  4.91970225246534E-08
 8.473E-07  5.05362512339389E-08
 8.588E-07  5.19119357758197E-08
 8.705E-07  5.33250685205629E-08
 8.824E-07  5.47766688513921E-08
 8.945E-07  5.62677838997719E-08
 9.067E-07  5.77994893007086E-08
 9.191E-07  5.93728899686113E-08
 9.316E-07  6.09891208942722E-08
 9.443E-07  6.26493479635341E-08
 9.572E-07  6.43547687982410E-08
 9.703E-07  6.61066136200905E-08
 9.835E-07  6.79061461379811E-08
 9.970E-07  6.97546644595178E-08
 1.011E-06  7.16535020273329E-08
 1.024E-06  7.36040285808891E-08
 1.038E-06  7.56076511444569E-08
 1.053E-06  7.76658150419863E-08
 1.067E-06  7.97800049396002E-08
 1.081E-06  8.19517459164679E-08
 1.096E-06  8.41826045648099E-08
 1.111E-06  8.64741901198592E-08
 1.126E-06  8.88281556205712E-08
 1.142E-06  9.12461991019324E-08
 1.157E-06  9.37300648197036E-08
 1.173E-06  9.62815445085048E-08
 1.189E-06  9.89024786741594E-08
 1.205E-06  1.01594757921192E-07
 1.222E-06  1.04360324316461E-07
 1.239E-06  1.07201172789916E-07
 1.255E-06  1.10119352573466E-07
 1.273E-06  1.13116968679016E-07
 1.290E-06  1.16196183416739E-07
 1.308E-06  1.19359217954654E-07
 1.325E-06  1.22608353920664E-07
 1.344E-06  1.25945935048210E-07
 1.362E-06  1.29374368866658E-07
 1.380E-06  1.32896128437773E-07
 1.399E-06  1.36513754139404E-07
 1.418E-06  1.40229855497687E-07
 1.438E-06  1.44047113069213E-07
 1.457E-06  1.47968280374332E-07
 1.477E-06  1.51996185883081E-07
 1.497E-06  1.56133735055208E-07
 1.518E-06  1.60383912435707E-07
 1.539E-06  1.64749783807348E-07
 1.560E-06  1.69234498401811E-07
 1.581E-06  1.73841291171019E-07
 1.603E-06  1.78573485120272E-07
 1.624E-06  1.83434493704868E-07
 1.647E-06  1.88427823291942E-07
 1.669E-06  1.93557075689355E-07
 1.692E-06  1.98825950743369E-07
 1.715E-06  2.04238249007002E-07
 1.738E-06  2.09797874481044E-07
 1.762E-06  2.15508837429661E-07
 1.786E-06  2.21375257272605E-07
 1.811E-06  2.27401365556152E-07
 1.835E-06  2.33591509004893E-07
 1.860E-06  2.39950152656569E-07
 1.886E-06  2.46481883082247E-07
 1.911E-06  2.53191411694114E-07
 1.938E-06  2.60083578143255E-07
 1.964E-06  2.67163353809978E-07
 1.991E-06  2.74435845389057E-07
 2.018E-06  2.81906298572579E-07
 2.046E-06  2.89580101833004E-07
 2.073E-06  2.97462790309200E-07
 2.102E-06  3.05560049798198E-07
 2.130E-06  3.13877720855581E-07
 2.160E-06  3.22421803007523E-07
 2.189E-06  3.31198459077346E-07
 2.219E-06  3.40214019629892E-07
 2.249E-06  3.49474987536860E-07
 2.280E-06  3.58988042666311E-07
 2.311E-06  3.68760046699783E-07
 2.343E-06  3.78798048080643E-07
 2.375E-06  3.89109287096881E-07
 2.407E-06  3.99701201102381E-07
 2.440E-06  4.10581429880229E-07
 2.473E-06  4.21757821151929E-07
 2.507E-06  4.33238436236601E-07
 2.541E-06  4.45031555864137E-07
 2.576E-06  4.57145686146597E-07
 2.611E-06  4.69589564711997E-07
 2.647E-06  4.82372167005086E-07
 2.683E-06  4.95502712759650E-07
 2.719E-06  5.08990672646727E-07
 2.757E-06  5.22845775103900E-07
 2.794E-06  5.37078013350448E-07
 2.832E-06  5.51697652593181E-07
 2.871E-06  5.66715237428574E-07
 2.910E-06  5.82141599446214E-07
 2.950E-06  5.97987865039164E-07
 2.990E-06  6.14265463426853E-07
 3.031E-06  6.30986134896187E-07
 3.072E-06  6.48161939267098E-07
 3.114E-06  6.65805264588262E-07
 3.157E-06  6.83928836069398E-07
 3.200E-06  7.02545725256865E-07
 3.244E-06  7.21669359458670E-07
 3.288E-06  7.41313531425981E-07
 3.333E-06  7.61492409298088E-07
 3.378E-06  7.82220546818046E-07
 3.424E-06  8.03512893826095E-07
 3.471E-06  8.25384807038766E-07
 3.519E-06  8.47852061121133E-07
 3.567E-06  8.70930860060313E-07
 3.615E-06  8.94637848848644E-07
 3.665E-06  9.18990125484413E-07
 3.715E-06  9.44005253299285E-07
 3.765E-06  9.69701273621225E-07
 3.817E-06  9.96096718781614E-07
 3.869E-06  1.02321062547651E-06
 3.922E-06  1.05106254849157E-06
 3.975E-06  1.07967257479989E-06
 4.030E-06  1.10906133804379E-06
 4.085E-06  1.13925003341055E-06
 4.140E-06  1.17026043291270E-06
 4.197E-06  1.20211490108417E-06
 4.254E-06  1.23483641110340E-06
 4.312E-06  1.26844856135501E-06
 4.371E-06  1.30297559244215E-06
 4.431E-06  1.33844240466169E-06
 4.491E-06  1.37487457595463E-06
 4.553E-06  1.41229838034512E-06
 4.615E-06  1.45074080688074E-06
 4.678E-06  1.49022957908829E-06
 4.742E-06  1.53079317495893E-06
 4.806E-06  1.57246084747662E-06
 4.872E-06  1.61526264570528E-06
 4.938E-06  1.65922943644954E-06
 5.006E-06  1.70439292650471E-06
 5.074E-06  1.75078568551183E-06
 5.144E-06  1.79844116943470E-06
 5.214E-06  1.84739374467549E-06
 5.285E-06  1.89767871284596E-06
 5.357E-06  1.94933233621289E-06
 5.430E-06  2.00239186383565E-06
 5.504E-06  2.05689555841438E-06
 5.579E-06  2.11288272386873E-06
 5.656E-06  2.17039373366666E-06
 5.733E-06  2.22947005992413E-06
 5.811E-06  2.29015430329533E-06
 5.890E-06  2.35249022367671E-06
 5.971E-06  2.41652277174635E-06
 6.052E-06  2.48229812136033E-06
 6.135E-06  2.54986370283050E-06
 6.219E-06  2.61926823710759E-06
 6.304E-06  2.69056177089406E-06
 6.390E-06  2.76379571271154E-06
 6.477E-06  2.83902286994916E-06
 6.565E-06  2.91629748692019E-06
 6.655E-06  2.99567528395246E-06
 6.746E-06  3.07721349754340E-06
 6.838E-06  3.16097092160555E-06
 6.931E-06  3.24700794983468E-06
 7.026E-06  3.33538661923011E-06
 7.122E-06  3.42617065479802E-06
 7.219E-06  3.51942551547104E-06
 7.318E-06  3.61521844127530E-06
 7.418E-06  3.71361850178246E-06
 7.519E-06  3.81469664587662E-06
 7.622E-06  3.91852575287581E-06
 7.726E-06  4.02518068504464E-06
 7.831E-06  4.13473834153205E-06
 7.938E-06  4.24727771377833E-06
 8.046E-06  4.36287994242734E-06
 8.156E-06  4.48162837578648E-06
 8.268E-06  4.60360862987655E-06
 8.380E-06  4.72890865011325E-06
 8.495E-06  4.85761877466707E-06
 8.611E-06  4.98983179954520E-06
 8.728E-06  5.12564304544234E-06
 8.848E-06  5.26515042641022E-06
 8.968E-06  5.40845452039311E-06
 9.091E-06  5.55565864168068E-06
 9.215E-06  5.70686891533240E-06
 9.341E-06  5.86219435362238E-06
 9.468E-06  6.02174693456488E-06
 9.597E-06  6.18564168257314E-06
 9.729E-06  6.35399675131122E-06
 9.861E-06  6.52693350879844E-06
 9.996E-06  6.70457662482582E-06
 1.013E-05  6.88705416075063E-06
 1.027E-05  7.07449766173017E-06
 1.041E-05  7.26704225146357E-06
 1.055E-05  7.46482672950798E-06
 1.070E-05  7.66799367124053E-06
 1.084E-05  7.87668953053658E-06
 1.099E-05  8.09106474523910E-06
 1.114E-05  8.31127384549492E-06
 1.129E-05  8.53747556503378E-06
 1.145E-05  8.76983295547309E-06
 1.160E-05  9.00851350372911E-06
 1.176E-05  9.25368925261871E-06
 1.192E-05  9.50553692473649E-06
 1.209E-05  9.76423804970196E-06
 1.225E-05  1.00299790948618E-05
 1.242E-05  1.03029515995448E-05
 1.259E-05  1.05833523129640E-05
 1.276E-05  1.08713833358675E-05
 1.293E-05  1.11672522660362E-05
 1.311E-05  1.14711723477357E-05
 1.329E-05  1.17833626252311E-05
 1.347E-05  1.21040481004667E-05
 1.365E-05  1.24334598950359E-05
 1.384E-05  1.27718354165494E-05
 1.403E-05  1.31194185295205E-05
 1.422E-05  1.34764597308956E-05
 1.442E-05  1.38432163303550E-05
 1.461E-05  1.42199526355047E-05
 1.481E-05  1.46069401421054E-05
 1.501E-05  1.50044577294664E-05
 1.522E-05  1.54127918611450E-05
 1.543E-05  1.58322367911026E-05
 1.564E-05  1.62630947754513E-05
 1.585E-05  1.67056762899596E-05
 1.607E-05  1.71603002534643E-05
 1.629E-05  1.76272942573453E-05
 1.651E-05  1.81069948012333E-05
 1.673E-05  1.85997475351251E-05
 1.696E-05  1.91059075080664E-05
 1.719E-05  1.96258394235872E-05
 1.743E-05  2.01599179020812E-05
 1.767E-05  2.07085277502995E-05
 1.791E-05  2.12720642381685E-05
 1.815E-05  2.18509333831212E-05
 1.840E-05  2.24455522421462E-05
 1.865E-05  2.30563492117716E-05
 1.891E-05  2.36837643361839E-05
 1.916E-05  2.43282496237197E-05
 1.943E-05  2.49902693719428E-05
 1.969E-05  2.56703005015504E-05
 1.996E-05  2.63688328993380E-05
 2.023E-05  2.70863697704761E-05
 2.051E-05  2.78234280003494E-05
 2.079E-05  2.85805385262119E-05
 2.107E-05  2.93582467189325E-05
 2.136E-05  3.01571127751011E-05
 2.165E-05  3.09777121197696E-05
 2.195E-05  3.18206358201296E-05
 2.225E-05  3.26864910104076E-05
 2.255E-05  3.35759013282919E-05
 2.286E-05  3.44895073632069E-05
 2.317E-05  3.54279671167391E-05
 2.349E-05  3.63919564755600E-05
 2.381E-05  3.73821696971771E-05
 2.413E-05  3.83993199088645E-05
 2.446E-05  3.94441396201277E-05
 2.480E-05  4.05173812490605E-05
 2.514E-05  4.16198176629902E-05
 2.548E-05  4.27522427337793E-05
 2.583E-05  4.39154719081882E-05
 2.618E-05  4.51103427937075E-05
 2.654E-05  4.63377157602712E-05
 2.690E-05  4.75984745583003E-05
 2.727E-05  4.88935269534779E-05
 2.764E-05  5.02238053787695E-05
 2.802E-05  5.15902676040930E-05
 2.840E-05  5.29938974241540E-05
 2.879E-05  5.44357053649363E-05
 2.918E-05  5.59167294093236E-05
 2.958E-05  5.74380357424070E-05
 2.998E-05  5.90007195169819E-05
 3.039E-05  6.06059056398101E-05
 3.080E-05  6.22547495791587E-05
 3.123E-05  6.39484381942532E-05
 3.165E-05  6.56881905871955E-05
 3.208E-05  6.74752589779580E-05
 3.252E-05  6.93109296030951E-05
 3.297E-05  7.11965236387979E-05
 3.342E-05  7.31333981489619E-05
 3.387E-05  7.51229470589227E-05
 3.433E-05  7.71666021555778E-05
 3.480E-05  7.92658341145981E-05
 3.528E-05  8.14221535554597E-05
 3.576E-05  8.36371121250298E-05
 3.625E-05  8.59123036105191E-05
 3.674E-05  8.82493650825643E-05
 3.724E-05  9.06499780692443E-05
 3.775E-05  9.31158697618980E-05
 3.827E-05  9.56488142535843E-05
 3.879E-05  9.82506338110610E-05
 3.932E-05  1.00923200181179E-04
 3.986E-05  1.03668435932668E-04
 4.040E-05  1.06488315834208E-04
 4.095E-05  1.09384868269798E-04
 4.151E-05  1.12360176692425E-04
 4.208E-05  1.15416381117058E-04
 4.265E-05  1.18555679654057E-04
 4.324E-05  1.21780330084017E-04
 4.383E-05  1.25092651475261E-04
 4.442E-05  1.28495025845048E-04
 4.503E-05  1.31989899865722E-04
 4.565E-05  1.35579786616991E-04
 4.627E-05  1.39267267385593E-04
 4.690E-05  1.43054993513624E-04
 4.754E-05  1.46945688296818E-04
 4.819E-05  1.50942148934152E-04
 4.885E-05  1.55047248530154E-04
 4.951E-05  1.59263938151321E-04
 5.019E-05  1.63595248938116E-04
 5.088E-05  1.68044294273997E-04
 5.157E-05  1.72614272013111E-04
 5.227E-05  1.77308466768133E-04
 5.299E-05  1.82130252259906E-04
 5.371E-05  1.87083093730545E-04
 5.445E-05  1.92170550421755E-04
 5.519E-05  1.97396278119994E-04
 5.594E-05  2.02764031770424E-04
 5.671E-05  2.08277668161432E-04
 5.748E-05  2.13941148681544E-04
 5.826E-05  2.19758542150882E-04
 5.906E-05  2.25734027728902E-04
 5.987E-05  2.31871897900718E-04
 6.068E-05  2.38176561543913E-04
 6.151E-05  2.44652547078118E-04
 6.235E-05  2.51304505699606E-04
 6.320E-05  2.58137214703046E-04
 6.407E-05  2.65155580892914E-04
 6.494E-05  2.72364644086816E-04
 6.583E-05  2.79769580713346E-04
 6.673E-05  2.87375707506901E-04
 6.764E-05  2.95188485302066E-04
 6.856E-05  3.03213522930300E-04
 6.950E-05  3.11456581221611E-04
 7.045E-05  3.19923577114060E-04
 7.141E-05  3.28620587873910E-04
 7.238E-05  3.37553855429587E-04
 7.337E-05  3.46729790822204E-04
 7.437E-05  3.56154978775997E-04
 7.539E-05  3.65836182391886E-04
 7.642E-05  3.75780347967241E-04
 7.746E-05  3.85994609945476E-04
 7.852E-05  3.96486295998820E-04
 7.959E-05  4.07262932247818E-04
 8.068E-05  4.18332248621304E-04
 8.178E-05  4.29702184360494E-04
 8.289E-05  4.41380893671141E-04
 8.403E-05  4.53376751527643E-04
 8.517E-05  4.65698359633206E-04
 8.634E-05  4.78354552540250E-04
 8.751E-05  4.91354403935219E-04
 8.871E-05  5.04707233092338E-04
 8.992E-05  5.18422611500733E-04
 9.115E-05  5.32510369669531E-04
 9.239E-05  5.46980604115756E-04
 9.365E-05  5.61843684539846E-04
 9.493E-05  5.77110261193752E-04
 9.623E-05  5.92791272446867E-04
 9.754E-05  6.08897952554971E-04
 9.887E-05  6.25441839637519E-04
 1.002E-04  6.42434783869052E-04
 1.016E-04  6.59888955890211E-04
 1.030E-04  6.77816855444308E-04
 1.044E-04  6.96231320245331E-04
 1.058E-04  7.15145535083774E-04
 1.073E-04  7.34573041176411E-04
 1.087E-04  7.54527745766379E-04
 1.102E-04  7.75023931980689E-04
 1.117E-04  7.96076268951492E-04
 1.132E-04  8.17699822208322E-04
 1.148E-04  8.39910064348594E-04
 1.163E-04  8.62722885993521E-04
 1.179E-04  8.86154607037172E-04
 1.195E-04  9.10221988196514E-04
 1.212E-04  9.34942242870058E-04
 1.228E-04  9.60333049313713E-04
 1.245E-04  9.86412563141998E-04
 1.262E-04  1.01319943016327E-03
 1.279E-04  1.04071279955782E-03
 1.297E-04  1.06897233740779E-03
 1.314E-04  1.09799824058854E-03
 1.332E-04  1.12781125103055E-03
 1.351E-04  1.15843267036206E-03
 1.369E-04  1.18988437494216E-03
 1.388E-04  1.22218883129482E-03
 1.407E-04  1.25536911195458E-03
 1.426E-04  1.28944891173426E-03
 1.445E-04  1.32445256442647E-03
 1.465E-04  1.36040505994954E-03
 1.485E-04  1.39733206195051E-03
 1.505E-04  1.43525992587650E-03
 1.526E-04  1.47421571752680E-03
 1.547E-04  1.51422723209896E-03
 1.568E-04  1.55532301374093E-03
 1.589E-04  1.59753237562336E-03
 1.611E-04  1.64088542054529E-03
 1.633E-04  1.68541306208705E-03
 1.655E-04  1.73114704632529E-03
 1.678E-04  1.77811997412462E-03
 1.701E-04  1.82636532402021E-03
 1.724E-04  1.87591747570834E-03
 1.748E-04  1.92681173415953E-03
 1.771E-04  1.97908435437073E-03
 1.796E-04  2.03277256677407E-03
 1.820E-04  2.08791460331817E-03
 1.845E-04  2.14454972424043E-03
 1.870E-04  2.20271824554790E-03
 1.896E-04  2.26246156722541E-03
 1.922E-04  2.32382220218967E-03
 1.948E-04  2.38684380600876E-03
 1.974E-04  2.45157120740758E-03
 2.001E-04  2.51805043957865E-03
 2.029E-04  2.58632877231981E-03
 2.056E-04  2.65645474502016E-03
 2.084E-04  2.72847820051656E-03
 2.113E-04  2.80245031984253E-03
 2.142E-04  2.87842365789312E-03
 2.171E-04  2.95645218002995E-03
 2.201E-04  3.03659129964944E-03
 2.231E-04  3.11889791674078E-03
 2.261E-04  3.20343045745756E-03
 2.292E-04  3.29024891473025E-03
 2.323E-04  3.37941488994656E-03
 2.355E-04  3.47099163572604E-03
 2.387E-04  3.56504409981825E-03
 2.420E-04  3.66163897015286E-03
 2.453E-04  3.76084472107167E-03
 2.486E-04  3.86273166077177E-03
 2.520E-04  3.96737197999274E-03
 2.555E-04  4.07483980197857E-03
 2.589E-04  4.18521123374664E-03
 2.625E-04  4.29856441869846E-03
 2.661E-04  4.41497959060532E-03
 2.697E-04  4.53453912900486E-03
 2.734E-04  4.65732761604379E-03
 2.771E-04  4.78343189480384E-03
 2.809E-04  4.91294112914947E-03
 2.847E-04  5.04594686513484E-03
 2.886E-04  5.18254309401036E-03
 2.926E-04  5.32282631686984E-03
 2.965E-04  5.46689561097867E-03
 3.006E-04  5.61485269782669E-03
 3.047E-04  5.76680201294899E-03
 3.089E-04  5.92285077755939E-03
 3.131E-04  6.08310907204255E-03
 3.174E-04  6.24768991135047E-03
 3.217E-04  6.41670932235353E-03
 3.261E-04  6.59028642319367E-03
 3.305E-04  6.76854350468947E-03
 3.350E-04  6.95160611384664E-03
 3.396E-04  7.13960313952534E-03
 3.442E-04  7.33266690031829E-03
 3.489E-04  7.53093323469561E-03
 3.537E-04  7.73454159347249E-03
 3.585E-04  7.94363513465780E-03
 3.634E-04  8.15836082074353E-03
 3.684E-04  8.37886951849407E-03
 3.734E-04  8.60531610129931E-03
 3.785E-04  8.83785955415500E-03
 3.837E-04  9.07666308133332E-03
 3.889E-04  9.32189421681289E-03
 3.942E-04  9.57372493753487E-03
 3.996E-04  9.83233177955531E-03
 4.051E-04  1.00978959571642E-02
 4.106E-04  1.03706034850457E-02
 4.162E-04  1.06506453035524E-02
 4.219E-04  1.09382174071720E-02
 4.277E-04  1.12335209762619E-02
 4.335E-04  1.15367625121340E-02
 4.394E-04  1.18481539755697E-02
 4.454E-04  1.21679129288480E-02
 4.515E-04  1.24962626813766E-02
 4.577E-04  1.28334324390054E-02
 4.639E-04  1.31796574571181E-02
 4.702E-04  1.35351791975917E-02
 4.767E-04  1.39002454897155E-02
 4.832E-04  1.42751106951648E-02
 4.898E-04  1.46600358771290E-02
 4.965E-04  1.50552889736925E-02
 5.032E-04  1.54611449755677E-02
 5.101E-04  1.58778861082873E-02
 5.171E-04  1.63058020189614E-02
 5.241E-04  1.67451899677059E-02
 5.313E-04  1.71963550238538E-02
 5.385E-04  1.76596102670646E-02
 5.459E-04  1.81352769934445E-02
 5.533E-04  1.86236849267943E-02
 5.609E-04  1.91251724351109E-02
 5.686E-04  1.96400867524593E-02
 5.763E-04  2.01687842063447E-02
 5.842E-04  2.07116304507084E-02
 5.922E-04  2.12690007046843E-02
 6.002E-04  2.18412799972436E-02
 6.084E-04  2.24288634178669E-02
 6.167E-04  2.30321563733824E-02
 6.252E-04  2.36515748511088E-02
 6.337E-04  2.42875456884531E-02
 6.423E-04  2.49405068491041E-02
 6.511E-04  2.56109077059758E-02
 6.600E-04  2.62992093310551E-02
 6.690E-04  2.70058847923039E-02
 6.782E-04  2.77314194577804E-02
 6.874E-04  2.84763113071405E-02
 6.968E-04  2.92410712506826E-02
 7.063E-04  3.00262234561053E-02
 7.160E-04  3.08323056831490E-02
 7.257E-04  3.16598696262986E-02
 7.356E-04  3.25094812657202E-02
 7.457E-04  3.33817212266171E-02
 7.559E-04  3.42771851471871E-02
 7.662E-04  3.51964840553684E-02
 7.766E-04  3.61402447545688E-02
 7.872E-04  3.71091102185656E-02
 7.980E-04  3.81037399957790E-02
 8.089E-04  3.91248106231193E-02
 8.199E-04  4.01730160496090E-02
 8.311E-04  4.12490680699888E-02
 8.425E-04  4.23536967685216E-02
 8.540E-04  4.34876509732053E-02
 8.656E-04  4.46516987206094E-02
 8.774E-04  4.58466277315635E-02
 8.894E-04  4.70732458979200E-02
 9.016E-04  4.83323817806129E-02
 9.139E-04  4.96248851192531E-02
 9.264E-04  5.09516273534872E-02
 9.390E-04  5.23135021563639E-02
 9.518E-04  5.37114259799423E-02
 9.648E-04  5.51463386133960E-02
 9.780E-04  5.66192037538518E-02
 9.913E-04  5.81310095902176E-02
 1.005E-03  5.96827694002590E-02
 1.019E-03  6.12755221611707E-02
 1.032E-03  6.29103331739149E-02
 1.047E-03  6.45882947015802E-02
 1.061E-03  6.63105266220380E-02
 1.075E-03  6.80781770951592E-02
 1.090E-03  6.98924232448557E-02
 1.105E-03  7.17544718562435E-02
 1.120E-03  7.36655600881836E-02
 1.135E-03  7.56269562014887E-02
 1.151E-03  7.76399603030816E-02
 1.167E-03  7.97059051063888E-02
 1.182E-03  8.18261567082479E-02
 1.199E-03  8.40021153826256E-02
 1.215E-03  8.62352163914413E-02
 1.232E-03  8.85269308127779E-02
 1.248E-03  9.08787663867797E-02
 1.265E-03  9.32922683795285E-02
 1.283E-03  9.57690204652081E-02
 1.300E-03  9.83106456268304E-02
 1.318E-03  1.00918807075842E-01
 1.336E-03  1.03595209190908E-01
 1.354E-03  1.06341598476152E-01
 1.373E-03  1.09159764539175E-01
 1.391E-03  1.12051541089137E-01
 1.410E-03  1.15018806955210E-01
 1.430E-03  1.18063487125675E-01
 1.449E-03  1.21187553807995E-01
 1.469E-03  1.24393027510121E-01
 1.489E-03  1.27681978143343E-01
 1.509E-03  1.31056526146978E-01
 1.530E-03  1.34518843635153E-01
 1.551E-03  1.38071155566008E-01
 1.572E-03  1.41715740933554E-01
 1.593E-03  1.45454933982493E-01
 1.615E-03  1.49291125446251E-01
 1.637E-03  1.53226763808495E-01
 1.660E-03  1.57264356588390E-01
 1.682E-03  1.61406471649842E-01
 1.705E-03  1.65655738534989E-01
 1.729E-03  1.70014849822150E-01
 1.752E-03  1.74486562508482E-01
 1.776E-03  1.79073699417544E-01
 1.800E-03  1.83779150632002E-01
 1.825E-03  1.88605874951638E-01
 1.850E-03  1.93556901376882E-01
 1.875E-03  1.98635330618017E-01
 1.901E-03  2.03844336630222E-01
 1.927E-03  2.09187168174612E-01
 1.953E-03  2.14667150405382E-01
 1.980E-03  2.20287686483182E-01
 2.007E-03  2.26052259214821E-01
 2.034E-03  2.31964432719368E-01
 2.062E-03  2.38027854120712E-01
 2.090E-03  2.44246255266619E-01
 2.118E-03  2.50623454474295E-01
 2.147E-03  2.57163358302455E-01
 2.177E-03  2.63869963349848E-01
 2.206E-03  2.70747358080197E-01
 2.236E-03  2.77799724673449E-01
 2.267E-03  2.85031340903218E-01
 2.298E-03  2.92446582040294E-01
 2.329E-03  3.00049922781995E-01
 2.361E-03  3.07845939207204E-01
 2.393E-03  3.15839310756765E-01
 2.426E-03  3.24034822239032E-01
 2.459E-03  3.32437365860166E-01
 2.493E-03  3.41051943278854E-01
 2.527E-03  3.49883667685028E-01
 2.561E-03  3.58937765902109E-01
 2.596E-03  3.68219580512276E-01
 2.632E-03  3.77734572004198E-01
 2.668E-03  3.87488320942622E-01
 2.704E-03  3.97486530159145E-01
 2.741E-03  4.07735026963434E-01
 2.778E-03  4.18239765374137E-01
 2.816E-03  4.29006828368606E-01
 2.855E-03  4.40042430150531E-01
 2.894E-03  4.51352918434507E-01
 2.933E-03  4.62944776746489E-01
 2.973E-03  4.74824626738959E-01
 3.014E-03  4.86999230519674E-01
 3.055E-03  4.99475492992638E-01
 3.097E-03  5.12260464209976E-01
 3.139E-03  5.25361341733242E-01
 3.182E-03  5.38785473002590E-01
 3.225E-03  5.52540357712191E-01
 3.269E-03  5.66633650190148E-01
 3.314E-03  5.81073161781071E-01
 3.359E-03  5.95866863229369E-01
 3.405E-03  6.11022887061176E-01
 3.452E-03  6.26549529962767E-01
 3.499E-03  6.42455255153193E-01
 3.546E-03  6.58748694748680E-01
 3.595E-03  6.75438652116292E-01
 3.644E-03  6.92534104214179E-01
 3.694E-03  7.10044203915626E-01
 3.744E-03  7.27978282313953E-01
 3.795E-03  7.46345851005160E-01
 3.847E-03  7.65156604345147E-01
 3.900E-03  7.84420421678055E-01
 3.953E-03  8.04147369532238E-01
 4.007E-03  8.24347703780122E-01
 4.061E-03  8.45031871758101E-01
 4.117E-03  8.66210514342415E-01
 4.173E-03  8.87894467976764E-01
 4.230E-03  9.10094766647293E-01
 4.288E-03  9.32822643800279E-01
 4.346E-03  9.56089534197796E-01
 4.406E-03  9.79907075706330E-01
 4.466E-03  1.00428711101311E+00
 4.527E-03  1.02924168926484E+00
 4.589E-03  1.05478306762307E+00
 4.651E-03  1.08092371273052E+00
 4.715E-03  1.10767630208209E+00
 4.779E-03  1.13505372529447E+00
 4.844E-03  1.16306908526759E+00
 4.911E-03  1.19173569923122E+00
 4.978E-03  1.22106709966976E+00
 5.046E-03  1.25107703511776E+00
 5.114E-03  1.28177947081872E+00
 5.184E-03  1.31318858923934E+00
 5.255E-03  1.34531879043118E+00
 5.327E-03  1.37818469223121E+00
 5.400E-03  1.41180113029282E+00
 5.473E-03  1.44618315793821E+00
 5.548E-03  1.48134604582305E+00
 5.624E-03  1.51730528140380E+00
 5.700E-03  1.55407656819799E+00
 5.778E-03  1.59167582482737E+00
 5.857E-03  1.63011918383338E+00
 5.937E-03  1.66942299025438E+00
 6.018E-03  1.70960379995361E+00
 6.100E-03  1.75067837768647E+00
 6.184E-03  1.79266369489548E+00
 6.268E-03  1.83557692722112E+00
 6.354E-03  1.87943545171602E+00
 6.440E-03  1.92425684375014E+00
 6.528E-03  1.97005887359389E+00
 6.617E-03  2.01685950266603E+00
 6.708E-03  2.06467687943279E+00
 6.799E-03  2.11352933494437E+00
 6.892E-03  2.16343537799463E+00
 6.986E-03  2.21441368988953E+00
 7.082E-03  2.26648311880957E+00
 7.178E-03  2.31966267375106E+00
 7.276E-03  2.37397151803103E+00
 7.376E-03  2.42942896233994E+00
 7.476E-03  2.48605445732644E+00
 7.578E-03  2.54386758569790E+00
 7.682E-03  2.60288805382022E+00
 7.787E-03  2.66313568280046E+00
 7.893E-03  2.72463039903503E+00
 8.001E-03  2.78739222420656E+00
 8.110E-03  2.85144126471208E+00
 8.221E-03  2.91679770050484E+00
 8.333E-03  2.98348177333227E+00
 8.447E-03  3.05151377435204E+00
 8.562E-03  3.12091403110851E+00
 8.679E-03  3.19170289385129E+00
 8.798E-03  3.26390072117790E+00
 8.918E-03  3.33752786498233E+00
 9.039E-03  3.41260465469126E+00
 9.163E-03  3.48915138076995E+00
 9.288E-03  3.56718827747937E+00
 9.415E-03  3.64673550486689E+00
 9.543E-03  3.72781312997238E+00
 9.674E-03  3.81044110723203E+00
 9.806E-03  3.89463925806253E+00
 9.940E-03  3.98042724960814E+00
 1.008E-02  4.06782457263383E+00
 1.021E-02  4.15685051854788E+00
 1.035E-02  4.24752415553780E+00
 1.049E-02  4.33986430380384E+00
 1.064E-02  4.43388950987492E+00
 1.078E-02  4.52961801999258E+00
 1.093E-02  4.62706775254891E+00
 1.108E-02  4.72625626956538E+00
 1.123E-02  4.82720074720037E+00
 1.138E-02  4.92991794527381E+00
 1.154E-02  5.03442417579863E+00
 1.170E-02  5.14073527050957E+00
 1.186E-02  5.24886654738117E+00
 1.202E-02  5.35883277612798E+00
 1.218E-02  5.47064814268122E+00
 1.235E-02  5.58432621263795E+00
 1.252E-02  5.69987989367979E+00
 1.269E-02  5.81732139696052E+00
 1.286E-02  5.93666219746293E+00
 1.304E-02  6.05791299332803E+00
 1.321E-02  6.18108366416086E+00
 1.339E-02  6.30618322831983E+00
 1.358E-02  6.43321979919863E+00
 1.376E-02  6.56220054051203E+00
 1.395E-02  6.69313162059934E+00
 1.414E-02  6.82601816576238E+00
 1.433E-02  6.96086421265686E+00
 1.453E-02  7.09767265975971E+00
 1.473E-02  7.23644521793758E+00
 1.493E-02  7.37718236014488E+00
 1.513E-02  7.51988327028348E+00
 1.534E-02  7.66454579125931E+00
 1.555E-02  7.81116637227502E+00
 1.576E-02  7.95974001540150E+00
 1.598E-02  8.11026022147531E+00
 1.619E-02  8.26271893537292E+00
 1.642E-02  8.41710649071706E+00
 1.664E-02  8.57341155407526E+00
 1.687E-02  8.73162106871458E+00
 1.710E-02  8.89172019798202E+00
 1.733E-02  9.05369226838459E+00
 1.757E-02  9.21751871244832E+00
 1.781E-02  9.38317901144054E+00
 1.805E-02  9.55065063804535E+00
 1.830E-02  9.71990899908744E+00
 1.855E-02  9.89092737840552E+00
 1.880E-02  1.00636768799819E+01
 1.906E-02  1.02381263714409E+01
 1.932E-02  1.04142424280350E+01
 1.958E-02  1.05919892772440E+01
 1.985E-02  1.07713287441167E+01
 2.012E-02  1.09522201974950E+01
 2.039E-02  1.11346204972620E+01
 2.067E-02  1.13184839427659E+01
 2.095E-02  1.15037622225762E+01
 2.124E-02  1.16904043657350E+01
 2.153E-02  1.18783566946742E+01
 2.182E-02  1.20675627799752E+01
 2.212E-02  1.22579633971532E+01
 2.242E-02  1.24494964856573E+01
 2.273E-02  1.26420971102813E+01
 2.304E-02  1.28356974251883E+01
 2.335E-02  1.30302266407576E+01
 2.367E-02  1.32256109934692E+01
 2.400E-02  1.34217737190461E+01
 2.432E-02  1.36186350290821E+01
 2.466E-02  1.38161120913860E+01
 2.499E-02  1.40141190142804E+01
 2.533E-02  1.42125668350980E+01
 2.568E-02  1.44113635131212E+01
 2.603E-02  1.46104139272173E+01
 2.639E-02  1.48096198784251E+01
 2.675E-02  1.50088800977495E+01
 2.711E-02  1.52080902594285E+01
 2.748E-02  1.54071429999341E+01
 2.786E-02  1.56059279429746E+01
 2.824E-02  1.58043317307641E+01
 2.862E-02  1.60022380618278E+01
 2.901E-02  1.61995277356091E+01
 2.941E-02  1.63960787041460E+01
 2.981E-02  1.65917661310796E+01
 3.022E-02  1.67864624582582E+01
 3.063E-02  1.69800374801931E+01
 3.105E-02  1.71723584266206E+01
 3.147E-02  1.73632900534172E+01
 3.190E-02  1.75526947421091E+01
 3.234E-02  1.77404326082079E+01
 3.278E-02  1.79263616185977E+01
 3.323E-02  1.81103377181844E+01
 3.368E-02  1.82922149660113E+01
 3.414E-02  1.84718456810263E+01
 3.461E-02  1.86490805976773E+01
 3.508E-02  1.88237690314906E+01
 3.556E-02  1.89957590547752E+01
 3.604E-02  1.91648976825718E+01
 3.654E-02  1.93310310689479E+01
 3.703E-02  1.94940047137181E+01
 3.754E-02  1.96536636796410E+01
 3.805E-02  1.98098528201245E+01
 3.857E-02  1.99624170174378E+01
 3.910E-02  2.01112014314040E+01
 3.963E-02  2.02560517585137E+01
 4.017E-02  2.03968145013679E+01
 4.072E-02  2.05333372483252E+01
 4.128E-02  2.06654689631904E+01
 4.184E-02  2.07930602847456E+01
 4.241E-02  2.09159638358843E+01
 4.299E-02  2.10340345420671E+01
 4.358E-02  2.11471299587770E+01
 4.417E-02  2.12551106076053E+01
 4.478E-02  2.13578403205548E+01
 4.539E-02  2.14551865920985E+01
 4.601E-02  2.15470209384852E+01
 4.664E-02  2.16332192637294E+01
 4.727E-02  2.17136622316771E+01
 4.792E-02  2.17882356434814E+01
 4.857E-02  2.18568308197728E+01
 4.924E-02  2.19193449867532E+01
 4.991E-02  2.19756816653883E+01
 5.059E-02  2.20257510628185E+01
 5.128E-02  2.20694704650537E+01
 5.198E-02  2.21067646299609E+01
 5.269E-02  2.21375661795010E+01
 5.341E-02  2.21618159901130E+01
 5.414E-02  2.21794635800950E+01
 5.488E-02  2.21904674927738E+01
 5.563E-02  2.21947956742059E+01
 5.639E-02  2.21924258441032E+01
 5.716E-02  2.21833458586265E+01
 5.794E-02  2.21675540636447E+01
 5.873E-02  2.21450596370156E+01
 5.953E-02  2.21158829184005E+01
 6.034E-02  2.20800557250903E+01
 6.116E-02  2.20376216522840E+01
 6.200E-02  2.19886363562337E+01
 6.285E-02  2.19331678186402E+01
 6.370E-02  2.18712965906663E+01
 6.457E-02  2.18031160149162E+01
 6.546E-02  2.17287324237193E+01
 6.635E-02  2.16482653120519E+01
 6.725E-02  2.15618474834319E+01
 6.817E-02  2.14696251671287E+01
 6.910E-02  2.13717581050457E+01
 7.005E-02  2.12684196066542E+01
 7.100E-02  2.11597965703885E+01
 7.197E-02  2.10460894699468E+01
 7.296E-02  2.09275123039908E+01
 7.395E-02  2.08042925077899E+01
 7.496E-02  2.06766708254182E+01
 7.598E-02  2.05449011411851E+01
 7.702E-02  2.04092502690617E+01
 7.807E-02  2.02699976989537E+01
 7.914E-02  2.01274352987729E+01
 8.022E-02  1.99818669713673E+01
 8.132E-02  1.98336082654902E+01
 8.243E-02  1.96829859401133E+01
 8.355E-02  1.95303374815300E+01
 8.469E-02  1.93760105728400E+01
 8.585E-02  1.92203625155619E+01
 8.702E-02  1.90637596032850E+01
 8.821E-02  1.89065764474458E+01
 8.941E-02  1.87491952554945E+01
 9.063E-02  1.85920050619057E+01
 9.187E-02  1.84354009126850E+01
 9.312E-02  1.82797830042226E+01
 9.440E-02  1.81255557775579E+01
 9.568E-02  1.79731269693279E+01
 9.699E-02  1.78229066208950E+01
 9.831E-02  1.76753060473670E+01
 9.966E-02  1.75307367684513E+01
 1.010E-01  1.73896094033064E+01
 1.024E-01  1.72523325317851E+01
 1.038E-01  1.71193115246887E+01
 1.052E-01  1.69909473458745E+01
 1.066E-01  1.68676353292854E+01
 1.081E-01  1.67497639341868E+01
 1.096E-01  1.66377134821089E+01
 1.111E-01  1.65318548792026E+01
 1.126E-01  1.64325483279147E+01
 1.141E-01  1.63401420320821E+01
 1.157E-01  1.62549708997224E+01
 1.173E-01  1.61773552479719E+01
 1.189E-01  1.61075995147771E+01
 1.205E-01  1.60459909820920E+01
 1.221E-01  1.59927985154580E+01
 1.238E-01  1.59482713249625E+01
 1.255E-01  1.59126377526621E+01
 1.272E-01  1.58861040916358E+01
 1.289E-01  1.58688534418937E+01
 1.307E-01  1.58610446084004E+01
 1.325E-01  1.58628110464924E+01
 1.343E-01  1.58742598599609E+01
 1.361E-01  1.58954708570453E+01
 1.380E-01  1.59264956695285E+01
 1.399E-01  1.59673569400511E+01
 1.418E-01  1.60180475826606E+01
 1.437E-01  1.60785301214842E+01
 1.457E-01  1.61487361122667E+01
 1.477E-01  1.62285656513328E+01
 1.497E-01  1.63178869763362E+01
 1.517E-01  1.64165361629251E+01
 1.538E-01  1.65243169212023E+01
 1.559E-01  1.66410004955779E+01
 1.580E-01  1.67663256713088E+01
 1.602E-01  1.68999988906905E+01
 1.624E-01  1.70416944815128E+01
 1.646E-01  1.71910550000203E+01
 1.668E-01  1.73476916902150E+01
 1.691E-01  1.75111850609280E+01
 1.714E-01  1.76810855816441E+01
 1.738E-01  1.78569144976134E+01
 1.761E-01  1.80381647643100E+01
 1.785E-01  1.82243021008153E+01
 1.810E-01  1.84147661612028E+01
 1.834E-01  1.86089718224980E+01
 1.860E-01  1.88063105872668E+01
 1.885E-01  1.90061520983665E+01
 1.911E-01  1.92078457628680E+01
 1.937E-01  1.94107224816311E+01
 1.963E-01  1.96140964804916E+01
 1.990E-01  1.98172672384965E+01
 2.017E-01  2.00195215081138E+01
 2.045E-01  2.02201354218350E+01
 2.073E-01  2.04183766791015E+01
 2.101E-01  2.06135068070055E+01
 2.130E-01  2.08047834877588E+01
 2.159E-01  2.09914629454826E+01
 2.188E-01  2.11728023844557E+01
 2.218E-01  2.13480624705637E+01
 2.248E-01  2.15165098473316E+01
 2.279E-01  2.16774196775817E+01
 2.310E-01  2.18300782014595E+01
 2.342E-01  2.19737853012959E+01
 2.374E-01  2.21078570635432E+01
 2.406E-01  2.22316283278197E+01
 2.439E-01  2.23444552129419E+01
 2.472E-01  2.24457176097015E+01
 2.506E-01  2.25348216300652E+01
 2.540E-01  2.26112020024401E+01
 2.575E-01  2.26743244026520E+01
 2.610E-01  2.27236877103336E+01
 2.646E-01  2.27588261805139E+01
 2.682E-01  2.27793115203373E+01
 2.718E-01  2.27847548610235E+01
 2.755E-01  2.27748086154060E+01
 2.793E-01  2.27491682116611E+01
 2.831E-01  2.27075736941500E+01
 2.870E-01  2.26498111826623E+01
 2.909E-01  2.25757141817480E+01
 2.949E-01  2.24851647322721E+01
 2.989E-01  2.23780943978137E+01
 3.030E-01  2.22544850790596E+01
 3.071E-01  2.21143696499109E+01
 3.113E-01  2.19578324096278E+01
 3.156E-01  2.17850093459832E+01
 3.199E-01  2.15960882050754E+01
 3.242E-01  2.13913083641677E+01
 3.287E-01  2.11709605046675E+01
 3.331E-01  2.09353860831411E+01
 3.377E-01  2.06849765990662E+01
 3.423E-01  2.04201726588627E+01
 3.470E-01  2.01414628366003E+01
 3.517E-01  1.98493823326706E+01
 3.565E-01  1.95445114326079E+01
 3.614E-01  1.92274737691721E+01
 3.663E-01  1.88989343917345E+01
 3.713E-01  1.85595976479604E+01
 3.764E-01  1.82102048837298E+01
 3.815E-01  1.78515319681995E+01
 3.867E-01  1.74843866518616E+01
 3.920E-01  1.71096057664083E+01
 3.974E-01  1.67280522761515E+01
 4.028E-01  1.63406121916731E+01
 4.083E-01  1.59481913572863E+01
 4.139E-01  1.55517121247680E+01
 4.195E-01  1.51521099266687E+01
 4.252E-01  1.47503297633140E+01
 4.311E-01  1.43473226183700E+01
 4.369E-01  1.39440418185589E+01
 4.429E-01  1.35414393537508E+01
 4.489E-01  1.31404621742454E+01
 4.551E-01  1.27420484825518E+01
 4.613E-01  1.23471240374033E+01
 4.676E-01  1.19565984880633E+01
 4.740E-01  1.15713617572157E+01
 4.804E-01  1.11922804908474E+01
 4.870E-01  1.08201945935460E+01
 4.936E-01  1.04559138675194E+01
 5.004E-01  1.01002147734069E+01
 5.072E-01  9.75383733058487E+00
 5.141E-01  9.41748217416236E+00
 5.212E-01  9.09180778522233E+00
 5.283E-01  8.77742791008330E+00
 5.355E-01  8.47490918343660E+00
 5.428E-01  8.18476896916010E+00
 5.502E-01  7.90747343142311E+00
 5.577E-01  7.64343584738724E+00
 5.653E-01  7.39301517138301E+00
 5.731E-01  7.15651485891455E+00
 5.809E-01  6.93418195722928E+00
 5.888E-01  6.72620646750247E+00
 5.969E-01  6.53272098194861E+00
 6.050E-01  6.35380059740198E+00
 6.133E-01  6.18946310513198E+00
 6.216E-01  6.03966945489618E+00
 6.301E-01  5.90432448950923E+00
 6.387E-01  5.78327794454069E+00
 6.474E-01  5.67632570616758E+00
 6.563E-01  5.58321131871630E+00
 6.652E-01  5.50362773204441E+00
 6.743E-01  5.43721927764417E+00
 6.835E-01  5.38358386120073E+00
 6.929E-01  5.34227535830649E+00
 7.023E-01  5.31280619911452E+00
 7.119E-01  5.29465012690113E+00
 7.216E-01  5.28724511478897E+00
 7.315E-01  5.28999642424895E+00
 7.415E-01  5.30227978844032E+00
 7.516E-01  5.32344470295703E+00
 7.618E-01  5.35281780611858E+00
 7.723E-01  5.38970633057363E+00
 7.828E-01  5.43340160767616E+00
 7.935E-01  5.48318260585059E+00
 8.043E-01  5.53831948399192E+00
 8.153E-01  5.59807714085836E+00
 8.264E-01  5.66171874141757E+00
 8.377E-01  5.72850920121308E+00
 8.491E-01  5.79771861003646E+00
 8.607E-01  5.86862557653041E+00
 8.725E-01  5.94052047581601E+00
 8.844E-01  6.01270858283900E+00
 8.965E-01  6.08451307486631E+00
 9.087E-01  6.15527788743582E+00
 9.211E-01  6.22437040906609E+00
 9.337E-01  6.29118400116149E+00
 9.464E-01  6.35514033079597E+00
 9.594E-01  6.41569150541215E+00
 9.725E-01  6.47232199992076E+00
 9.857E-01  6.52455036821340E+00
 9.992E-01  6.57193073269341E+00
 1.013E+00  6.61405404706804E+00
 1.027E+00  6.65054912931292E+00
 1.041E+00  6.68108346339812E+00
 1.055E+00  6.70536377003643E+00
 1.069E+00  6.72313634835998E+00
 1.084E+00  6.73418719203432E+00
 1.099E+00  6.73834188486244E+00
 1.114E+00  6.73546528239987E+00
 1.129E+00  6.72546098748078E+00
 1.144E+00  6.70827062883307E+00
 1.160E+00  6.68387295312426E+00
 1.176E+00  6.65228274182276E+00
 1.192E+00  6.61354956517163E+00
 1.208E+00  6.56775638634974E+00
 1.225E+00  6.51501802953443E+00
 1.241E+00  6.45547952607897E+00
 1.258E+00  6.38931435337686E+00
 1.275E+00  6.31672258120636E+00
 1.293E+00  6.23792894043515E+00
 1.310E+00  6.15318082892253E+00
 1.328E+00  6.06274626929115E+00
 1.347E+00  5.96691183295984E+00
 1.365E+00  5.86598054444229E+00
 1.384E+00  5.76026977943235E+00
 1.402E+00  5.65010916962629E+00
 1.422E+00  5.53583852658543E+00
 1.441E+00  5.41780579623004E+00
 1.461E+00  5.29636505478907E+00
 1.481E+00  5.17187455621920E+00
 1.501E+00  5.04469484026333E+00
 1.521E+00  4.91518690945214E+00
 1.542E+00  4.78371048247230E+00
 1.563E+00  4.65062233044124E+00
 1.584E+00  4.51627470174900E+00
 1.606E+00  4.38101384026010E+00
 1.628E+00  4.24517860082018E+00
 1.650E+00  4.10909916518891E+00
 1.673E+00  3.97309586072764E+00
 1.696E+00  3.83747808341237E+00
 1.719E+00  3.70254332602304E+00
 1.742E+00  3.56857631168177E+00
 1.766E+00  3.43584823227775E+00
 1.790E+00  3.30461609072674E+00
 1.815E+00  3.17512214546828E+00
 1.839E+00  3.04759345510544E+00
 1.864E+00  2.92224152063865E+00
 1.890E+00  2.79926202233685E+00
 1.916E+00  2.67883464792456E+00
 1.942E+00  2.56112300844107E+00
 1.968E+00  2.44627463784612E+00
 1.995E+00  2.33442107220338E+00
 2.022E+00  2.22567800406708E+00
 2.050E+00  2.12014550752567E+00
 2.078E+00  2.01790832921809E+00
 2.106E+00  1.91903624053066E+00
 2.135E+00  1.82358444610416E+00
 2.164E+00  1.73159404372905E+00
 2.194E+00  1.64309253068118E+00
 2.224E+00  1.55809435154792E+00
 2.254E+00  1.47660148261543E+00
 2.285E+00  1.39860404792886E+00
 2.316E+00  1.32408096219936E+00
 2.348E+00  1.25300059581191E+00
 2.380E+00  1.18532145728703E+00
 2.412E+00  1.12099288866512E+00
 2.445E+00  1.05995576941526E+00
 2.479E+00  1.00214322461890E+00
 2.513E+00  9.47481333343372E-01
 2.547E+00  8.95889833299308E-01
 2.582E+00  8.47282818070382E-01
 2.617E+00  8.01569423411251E-01
 2.653E+00  7.58654499331201E-01
 2.689E+00  7.18439264914920E-01
 2.725E+00  6.80821943077871E-01
 2.763E+00  6.45698372710724E-01
 2.800E+00  6.12962595934240E-01
 2.839E+00  5.82507418461408E-01
 2.877E+00  5.54224941345969E-01
 2.917E+00  5.28007062683857E-01
 2.956E+00  5.03745948124235E-01
 2.997E+00  4.81334469337328E-01
 3.038E+00  4.60666609874239E-01
 3.079E+00  4.41637838136393E-01
 3.121E+00  4.24145447445839E-01
 3.164E+00  4.08088863469096E-01
 3.207E+00  3.93369919493006E-01
 3.251E+00  3.79893100278053E-01
 3.295E+00  3.67565755419794E-01
 3.340E+00  3.56298283329801E-01
 3.386E+00  3.46004287101943E-01
 3.432E+00  3.36600703656540E-01
 3.479E+00  3.28007907653279E-01
 3.526E+00  3.20149791733977E-01
 3.575E+00  3.12953824699283E-01
 3.623E+00  3.06351089240695E-01
 3.673E+00  3.00276300843201E-01
 3.723E+00  2.94667809446932E-01
 3.774E+00  2.89467585411575E-01
 3.825E+00  2.84621191267898E-01
 3.878E+00  2.80077740669991E-01
 3.930E+00  2.75789845882523E-01
 3.984E+00  2.71713555052579E-01
 4.039E+00  2.67808280427871E-01
 4.094E+00  2.64036718594683E-01
 4.150E+00  2.60364763721665E-01
 4.206E+00  2.56761414711122E-01
 4.264E+00  2.53198677078931E-01
 4.322E+00  2.49651460308592E-01
 4.381E+00  2.46097471354780E-01
 4.441E+00  2.42517104907494E-01
 4.501E+00  2.38893330969670E-01
 4.563E+00  2.35211580248950E-01
 4.625E+00  2.31459627818065E-01
 4.688E+00  2.27627475457761E-01
 4.752E+00  2.23707233061053E-01
 4.817E+00  2.19692999447557E-01
 4.883E+00  2.15580742911281E-01
 4.950E+00  2.11368181804144E-01
 5.017E+00  2.07054665440274E-01
 5.086E+00  2.02641055592330E-01
 5.155E+00  1.98129608840307E-01
 5.225E+00  1.93523860025120E-01
 5.297E+00  1.88828507053285E-01
 5.369E+00  1.84049297294830E-01
 5.442E+00  1.79192915813793E-01
 5.517E+00  1.74266875668944E-01
 5.592E+00  1.69279410521266E-01
 5.668E+00  1.64239369784006E-01
 5.746E+00  1.59156116550283E-01
 5.824E+00  1.54039428532038E-01
 5.904E+00  1.48899402242339E-01
 5.984E+00  1.43746360650181E-01
 6.066E+00  1.38590764532934E-01
 6.149E+00  1.33443127746012E-01
 6.233E+00  1.28313936622139E-01
 6.318E+00  1.23213573703414E-01
 6.404E+00  1.18152245998218E-01
 6.491E+00  1.13139917941644E-01
 6.580E+00  1.08186249222512E-01
 6.670E+00  1.03300537622169E-01
 6.761E+00  9.84916669901084E-02
 6.853E+00  9.37680604590752E-02
 6.947E+00  8.91376389779174E-02
 7.042E+00  8.46077852139843E-02
 7.138E+00  8.01853128487242E-02
 7.235E+00  7.58764412605160E-02
 7.334E+00  7.16867755579197E-02
 7.434E+00  6.76212918948386E-02
 7.536E+00  6.36843279668762E-02
 7.639E+00  5.98795785558652E-02
 7.743E+00  5.62100959575509E-02
 7.849E+00  5.26782950961572E-02
 7.956E+00  4.92859630994849E-02
 8.064E+00  4.60342730797365E-02
 8.174E+00  4.29238018388252E-02
 8.286E+00  3.99545511929291E-02
 8.399E+00  3.71259725899305E-02
 8.514E+00  3.44369946752764E-02
 8.630E+00  3.18860534472131E-02
 8.748E+00  2.94711246314204E-02
 8.867E+00  2.71897578979939E-02
 8.988E+00  2.50391125406062E-02
 9.111E+00  2.30159942385856E-02
 9.235E+00  2.11168925275502E-02
 9.362E+00  1.93380186130560E-02
 9.489E+00  1.76753431742983E-02
 9.619E+00  1.61246338210369E-02
 9.750E+00  1.46814918863182E-02
 9.883E+00  1.33413882599140E-02
 1.002E+01  1.20996979923661E-02
 1.016E+01  1.09517334265663E-02
 1.029E+01  9.89277564263173E-03
 1.043E+01  8.91810403191041E-03
 1.058E+01  8.02302384681982E-03
 1.072E+01  7.20289160440447E-03
 1.087E+01  6.45313825254304E-03
 1.102E+01  5.76929003819070E-03
 1.117E+01  5.14698704649752E-03
 1.132E+01  4.58199940771129E-03
 1.147E+01  4.07024119511428E-03
 1.163E+01  3.60778206156006E-03
 1.179E+01  3.19085668424546E-03
 1.195E+01  2.81587210692167E-03
 1.211E+01  2.47941308574658E-03
 1.228E+01  2.17824555928982E-03
 1.245E+01  1.90931837479462E-03
 1.262E+01  1.66976341169499E-03
 1.279E+01  1.45689424964956E-03
 1.296E+01  1.26820353209066E-03
 1.314E+01  1.10135917764468E-03
 1.332E+01  9.54199590931725E-04
 1.350E+01  8.24728021412704E-04
 1.368E+01  7.11106214313142E-04
 1.387E+01  6.11647491482599E-04
 1.406E+01  5.24809392572499E-04
 1.425E+01  4.49185998379964E-04
 1.445E+01  3.83500048851673E-04
 1.464E+01  3.26594958303253E-04
 1.484E+01  2.77426820105859E-04
 1.505E+01  2.35056482628008E-04
 1.525E+01  1.98641767786664E-04
 1.546E+01  1.67429893314339E-04
 1.567E+01  1.40750149944042E-04
 1.589E+01  1.18006875268277E-04
 1.610E+01  9.86727571419544E-05
 1.632E+01  8.22824912506192E-05
 1.655E+01  6.84268099111506E-05
 1.677E+01  5.67468923493586E-05
 1.700E+01  4.69291606272174E-05
 1.723E+01  3.87004600714129E-05
 1.747E+01  3.18236184760593E-05
 1.771E+01  2.60933744898335E-05
 1.795E+01  2.13326624171297E-05
 1.819E+01  1.73892381218848E-05
 1.844E+01  1.41326287732463E-05
 1.869E+01  1.14513877602285E-05
 1.895E+01  9.25063517409629E-06
 1.921E+01  7.44986375523091E-06
 1.947E+01  5.98099006967044E-06
 1.974E+01  4.78663086499962E-06
 2.000E+01  3.81858500294589E-06
 2.028E+01  3.03650202851341E-06
 2.055E+01  2.40671926700780E-06
 2.084E+01  1.90125029908868E-06
 2.112E+01  1.49690871343797E-06
 2.141E+01  1.17455214376997E-06
 2.170E+01  9.18432733040713E-07
 2.200E+01  7.15641309833734E-07
 2.230E+01  5.55639921030720E-07
 2.260E+01  4.29899466927234E-07
 2.291E+01  3.31437382306423E-07
 2.322E+01  2.54611119277551E-07
 2.354E+01  1.94883188322348E-07
 2.386E+01  1.48618210573420E-07
 2.419E+01  1.12914441686323E-07
 2.452E+01  8.54644686463112E-08
 2.485E+01  6.44404895875080E-08
 2.519E+01  4.84002200962300E-08
 2.554E+01  3.62100317825198E-08
 2.588E+01  2.69824252072354E-08
 2.624E+01  2.00253747707485E-08
 2.660E+01  1.48014631875667E-08
 2.696E+01  1.08950529158610E-08
 2.733E+01  7.98602646073900E-09
 2.770E+01  5.82887168451230E-09
 2.808E+01  4.23609672401081E-09
 2.846E+01  3.06513611388615E-09
 2.885E+01  2.20805919512695E-09
 2.924E+01  1.58351745763465E-09
 2.964E+01  1.13047239032458E-09
 3.005E+01  8.03332621710133E-10
 3.046E+01  5.68201235178390E-10
 3.087E+01  3.99993437194247E-10
 3.130E+01  2.80233259005507E-10
 3.172E+01  1.95377435423668E-10
 3.216E+01  1.35546540501510E-10
 3.259E+01  9.35691658130802E-11
 3.304E+01  6.42655059972941E-11
 3.349E+01  4.39131010503504E-11
 3.395E+01  2.98504588006753E-11
 3.441E+01  2.01844973882808E-11
 3.488E+01  1.35757477391705E-11
 3.536E+01  9.08148559391354E-12
 3.584E+01  6.04178604968777E-12
 3.633E+01  3.99720690476801E-12
 3.683E+01  2.62964936895653E-12
 3.733E+01  1.72010760756688E-12
 3.784E+01  1.11865484838791E-12
 3.835E+01  7.23244297028524E-13
 3.888E+01  4.64822950671358E-13
 3.941E+01  2.96939851362387E-13
 3.995E+01  1.88535025864576E-13
 4.049E+01  1.18965765701888E-13
 4.104E+01  7.45970473891254E-14
 4.161E+01  4.64786734136100E-14
 4.217E+01  2.87726951228073E-14
 4.275E+01  1.76955428236896E-14
 4.333E+01  1.08109802836186E-14
 4.392E+01  6.56062126291666E-15
 4.452E+01  3.95424920289215E-15
 4.513E+01  2.36691388010054E-15
 4.575E+01  1.40689047980069E-15
 4.637E+01  8.30343547175517E-16
 4.701E+01  4.86559675858388E-16
 4.765E+01  2.83046739721832E-16
 4.830E+01  1.63452198105642E-16
 4.896E+01  9.36932295935694E-17
 4.963E+01  5.33087930844609E-17
 5.030E+01  3.01076925311257E-17
 5.099E+01  1.68813946018334E-17
 5.169E+01  9.40044449263003E-18
 5.239E+01  5.20270313886754E-18
 5.311E+01  2.86622404749605E-18
 5.383E+01  1.57641048497396E-18
 5.457E+01  8.70434611992038E-19
 5.531E+01  4.87571809591641E-19
 5.607E+01  0.00000000000000E+00
 5.683E+01  0.00000000000000E+00
 5.761E+01  0.00000000000000E+00
 5.839E+01  0.00000000000000E+00
 5.919E+01  0.00000000000000E+00
 6.000E+01  0.00000000000000E+00
