./ilogA is logfile.
./chgdenRn calculation starts
rmin,rmax=  1.16E-08  2.16E+01
  32343.30104643 -20636.12283127      0.30000000    1
   1744.03379464 -22217.44987657      0.30000000    1
   1080.60443141 -23000.02719270      0.30000000    1
    653.76960968 -23348.85461832      0.30000000    1
    386.25490684 -23486.32373662      0.30000000    1
    223.92629880 -23534.04028670      0.30000000    1
    128.86073452 -23549.15056071      0.30000000    1
     74.82368986 -23553.87097112      0.30000000    1
     44.46233574 -23555.43067938      0.30000000    1
     27.20652591 -23555.98544851      0.30000000    1
     17.12406801 -23556.19372303      0.30000000    1
     11.03066917 -23556.27366732      0.30000000    1
      7.22858020 -23556.30427734      0.30000000    1
      4.79432978 -23556.31588999      0.30000000    1
      3.20604630 -23556.32029119      0.30000000    1
      2.15571546 -23556.32198045      0.30000000    1
      1.45460257 -23556.32264428      0.30000000    1
      0.98365514 -23556.32291274      0.30000000    1
      0.66605935 -23556.32302447      0.30000000    1
      0.45137828 -23556.32307219      0.30000000    1
      0.30607043 -23556.32309303      0.30000000    1
      0.20764263 -23556.32310229      0.30000000    1
      0.14093618 -23556.32310648      0.30000000    1
      0.09570853 -23556.32310839      0.30000000    1
      0.06503033 -23556.32310927      0.30000000    1
      0.04421111 -23556.32310968      0.30000000    1
      0.03007499 -23556.32310988      0.30000000    1
      0.02047113 -23556.32310997      0.30000000    1
      0.01394249 -23556.32311001      0.30000000    1
      0.00950158 -23556.32311003      0.30000000    1
      0.00647893 -23556.32311004      0.30000000    1
      0.00442031 -23556.32311005      0.30000000    1
      0.00301742 -23556.32311005      0.30000000    1
      0.00206083 -23556.32311005      0.30000000    1
      0.00140818 -23556.32311005      0.30000000    1
      0.00096267 -23556.32311005      0.30000000    1
      0.00065840 -23556.32311005      0.30000000    1
      0.00045048 -23556.32311005      0.30000000    1
      0.00000000 -23556.32311005      1.00000000    2
      0.00000000 -23556.32311005      1.00000000    3
    1   0 0  -1/2   1    2.0000      -3590.911229
    2   0 0  -1/2   1    2.0000       -653.943648
    2   1 1  -1/2   1    2.0000       -629.384269
    2   1 1  -3/2   1    4.0000       -529.745457
    3   0 0  -1/2   1    2.0000       -160.451783
    3   1 1  -1/2   1    2.0000       -149.290846
    3   1 1  -3/2   1    4.0000       -126.726748
    3   2 2  -3/2   1    4.0000       -108.610707
    3   2 2  -5/2   1    6.0000       -103.858730
    4   0 0  -1/2   1    2.0000        -38.215793
    4   1 1  -1/2   1    2.0000        -33.292086
    4   1 1  -3/2   1    4.0000        -27.607283
    4   2 2  -3/2   1    4.0000        -19.630350
    4   2 2  -5/2   1    6.0000        -18.565609
    5   0 0  -1/2   1    2.0000         -7.349489
    5   1 1  -1/2   1    2.0000         -5.558375
    5   1 1  -3/2   1    4.0000         -4.359837
    4   3 3  -5/2   1    6.0000         -8.102000
    4   3 3  -7/2   1    8.0000         -7.843505
    5   2 2  -3/2   1    4.0000         -1.793817
    5   2 2  -5/2   1    6.0000         -1.631235
    6   0 0  -1/2   1    2.0000         -0.804949
    6   1 1  -1/2   1    2.0000         -0.387497
    6   1 1  -3/2   1    4.0000         -0.255691
 total energy =   -2.35563231100507E+04 -6.41000530676832E+05
