./ilogA is logfile.
./chgdenNd calculation starts
rmin,rmax=  1.67E-08  2.58E+01
  14744.19610496  -8453.69659579      0.30000000    1
    961.96242298  -9072.19028773      0.30000000    1
    596.83211352  -9381.45113203      0.30000000    1
    361.24578416  -9521.53903918      0.30000000    1
    213.16582306  -9578.11551168      0.30000000    1
    122.98143499  -9598.29488161      0.30000000    1
     69.93280273  -9604.72391377      0.30000000    1
     39.74948387  -9606.65918657      0.30000000    1
     22.98000880  -9607.26747899      0.30000000    1
     13.71819807  -9607.48458916      0.30000000    1
      8.51489121  -9607.57246586      0.30000000    1
      5.47003857  -9607.61028544      0.30000000    1
      3.59211147  -9607.62674767      0.30000000    1
      2.38352035  -9607.63387212      0.30000000    1
      1.58747266  -9607.63693136      0.30000000    1
      1.05825011  -9607.63823824      0.30000000    1
      0.70540255  -9607.63879602      0.30000000    1
      0.47004771  -9607.63903493      0.30000000    1
      0.31313074  -9607.63913801      0.30000000    1
      0.20857941  -9607.63918293      0.30000000    1
      0.13895850  -9607.63920273      0.30000000    1
      0.09261329  -9607.63921157      0.30000000    1
      0.06176325  -9607.63921556      0.30000000    1
      0.04122223  -9607.63921739      0.30000000    1
      0.02753806  -9607.63921823      0.30000000    1
      0.01841504  -9607.63921863      0.30000000    1
      0.01232734  -9607.63921882      0.30000000    1
      0.00826092  -9607.63921891      0.30000000    1
      0.00554170  -9607.63921895      0.30000000    1
      0.00372130  -9607.63921897      0.30000000    1
      0.00250127  -9607.63921898      0.30000000    1
      0.00168271  -9607.63921899      0.30000000    1
      0.00113293  -9607.63921899      0.30000000    1
      0.00076332  -9607.63921899      0.30000000    1
      0.00051461  -9607.63921899      0.30000000    1
      0.00034711  -9607.63921899      0.30000000    1
      0.00000000  -9607.63921899      1.00000000    2
      0.00000000  -9607.63921899      1.00000000    3
    1   0 0  -1/2   1    2.0000      -1583.602267
    2   0 0  -1/2   1    2.0000       -256.377641
    2   1 1  -1/2   1    2.0000       -242.835342
    2   1 1  -3/2   1    4.0000       -223.926271
    3   0 0  -1/2   1    2.0000        -55.633379
    3   1 1  -1/2   1    2.0000        -49.797676
    3   1 1  -3/2   1    4.0000        -46.021218
    3   2 2  -3/2   1    4.0000        -35.777288
    3   2 2  -5/2   1    6.0000        -34.956591
    4   0 0  -1/2   1    2.0000        -11.044802
    4   1 1  -1/2   1    2.0000         -8.836191
    4   1 1  -3/2   1    4.0000         -8.011319
    4   2 2  -3/2   1    4.0000         -4.363214
    4   2 2  -5/2   1    6.0000         -4.216896
    5   0 0  -1/2   1    2.0000         -1.483460
    5   1 1  -1/2   1    2.0000         -0.891152
    5   1 1  -3/2   1    4.0000         -0.779255
    4   3 3  -5/2   1    1.7143         -0.083821
    4   3 3  -7/2   1    2.2857         -0.068883
    6   0 0  -1/2   1    2.0000         -0.133168
 total energy =   -9.60763921899065E+03 -2.61437313843642E+05
