line2: Z,NR,R(1),R(NR) /line3,4,...: R(N),RHO*4*PI*R(N)**2
44.00  2000  1.01365245284744E-10  6.00000000000000E+01
 1.014E-10  5.70715528175047E-14
 1.027E-10  5.85563769066045E-14
 1.042E-10  6.00798314949414E-14
 1.056E-10  6.51811740805455E-14
 1.070E-10  6.68769852621202E-14
 1.085E-10  6.86169161701989E-14
 1.100E-10  7.04021146622338E-14
 1.115E-10  7.22337584600079E-14
 1.130E-10  7.41130559256833E-14
 1.145E-10  7.60412468593056E-14
 1.161E-10  7.80196033166536E-14
 1.177E-10  8.00494304484317E-14
 1.193E-10  8.21320673613056E-14
 1.209E-10  8.42688880013226E-14
 1.226E-10  8.64613020603287E-14
 1.242E-10  8.87107559059599E-14
 1.259E-10  9.10187335358352E-14
 1.276E-10  9.33867575565750E-14
 1.294E-10  9.58163901882689E-14
 1.312E-10  9.83092342951184E-14
 1.329E-10  1.00866934442861E-13
 1.348E-10  1.03491177983705E-13
 1.366E-10  1.06183696169512E-13
 1.385E-10  1.08946265293930E-13
 1.404E-10  1.11780707864228E-13
 1.423E-10  1.14688893803638E-13
 1.442E-10  1.17672741684981E-13
 1.462E-10  1.20734219996356E-13
 1.482E-10  1.23875348439797E-13
 1.502E-10  1.27098199263699E-13
 1.523E-10  1.30404898629891E-13
 1.543E-10  1.33797628016331E-13
 1.564E-10  1.37278625656231E-13
 1.586E-10  1.40850188014651E-13
 1.607E-10  1.44514671303533E-13
 1.629E-10  1.48274493036108E-13
 1.652E-10  1.52132133621780E-13
 1.674E-10  1.56090138002468E-13
 1.697E-10  1.60151117331562E-13
 1.720E-10  1.64317750696532E-13
 1.744E-10  1.68592786886350E-13
 1.767E-10  1.72979046204934E-13
 1.792E-10  1.77479422331703E-13
 1.816E-10  1.82096884230615E-13
 1.841E-10  1.86834478108833E-13
 1.866E-10  1.91695329426318E-13
 1.891E-10  1.96682644957788E-13
 1.917E-10  2.01799714908239E-13
 1.943E-10  2.07049915083551E-13
 1.970E-10  2.12436709117577E-13
 1.997E-10  2.17963650757113E-13
 2.024E-10  2.23634386206378E-13
 2.052E-10  2.29452656532481E-13
 2.080E-10  2.35422300133452E-13
 2.108E-10  2.41547255270467E-13
 2.137E-10  2.47831562665983E-13
 2.166E-10  2.54279368169499E-13
 2.196E-10  2.60894925492588E-13
 2.226E-10  2.67682599015132E-13
 2.256E-10  2.74646866664611E-13
 2.287E-10  2.81792322870229E-13
 2.318E-10  2.89123681593913E-13
 2.350E-10  2.96645779440190E-13
 2.382E-10  3.04363578846982E-13
 2.414E-10  3.12282171359413E-13
 2.447E-10  3.20406780988723E-13
 2.481E-10  3.28742767658636E-13
 2.515E-10  3.37295630741452E-13
 2.549E-10  3.46071012685955E-13
 2.584E-10  3.55074702739895E-13
 2.619E-10  3.64312640769224E-13
 2.655E-10  3.73790921176663E-13
 2.691E-10  3.83515796922356E-13
 2.728E-10  3.93493683648971E-13
 2.765E-10  4.03731163914218E-13
 2.803E-10  4.14234991533459E-13
 2.841E-10  4.25012096035267E-13
 2.880E-10  4.36069587232989E-13
 2.919E-10  4.47414759915180E-13
 2.959E-10  4.59055098658036E-13
 2.999E-10  4.70998282763122E-13
 3.040E-10  4.83252191323533E-13
 3.082E-10  4.95824908421761E-13
 3.124E-10  5.08724728463033E-13
 3.166E-10  5.21960161647101E-13
 3.210E-10  5.35539939582585E-13
 3.253E-10  5.49473021047416E-13
 3.298E-10  5.63768597898987E-13
 3.343E-10  5.78436101138185E-13
 3.389E-10  5.93485207131169E-13
 3.435E-10  6.08925843993015E-13
 3.482E-10  6.24768198137409E-13
 3.529E-10  6.41022720996776E-13
 3.577E-10  6.57700135917249E-13
 3.626E-10  6.74811445233071E-13
 3.676E-10  6.92367937524903E-13
 3.726E-10  7.10381195067112E-13
 3.777E-10  7.28863101468758E-13
 3.828E-10  7.47825849513387E-13
 3.881E-10  7.67281949202795E-13
 3.934E-10  7.87244236010089E-13
 3.987E-10  8.07725879347326E-13
 4.042E-10  8.28740391253629E-13
 4.097E-10  8.50301635309416E-13
 4.153E-10  8.72423835782113E-13
 4.210E-10  8.95121587010321E-13
 4.267E-10  9.18409863031905E-13
 4.325E-10  9.42304027462511E-13
 4.384E-10  9.66819843631175E-13
 4.444E-10  9.91973484979694E-13
 4.505E-10  1.01778154573239E-12
 4.566E-10  1.04426105184354E-12
 4.629E-10  1.07142947222989E-12
 4.692E-10  1.09930473029477E-12
 4.756E-10  1.12790521575272E-12
 4.821E-10  1.15724979676133E-12
 4.887E-10  1.18735783236888E-12
 4.953E-10  1.21824918528575E-12
 5.021E-10  1.24994423498809E-12
 5.090E-10  1.28246389116266E-12
 5.159E-10  1.31582960750098E-12
 5.230E-10  1.35006339585288E-12
 5.301E-10  1.38518784074783E-12
 5.373E-10  1.42122611429442E-12
 5.447E-10  1.45820199146736E-12
 5.521E-10  1.49613986579213E-12
 5.596E-10  1.53506476543760E-12
 5.673E-10  1.57500236972763E-12
 5.750E-10  1.61597902608217E-12
 5.829E-10  1.65802176739885E-12
 5.908E-10  1.70115832988700E-12
 5.989E-10  1.74541717136585E-12
 6.071E-10  1.79082749003826E-12
 6.154E-10  1.83741924375338E-12
 6.238E-10  1.88522316977029E-12
 6.323E-10  1.93427080503564E-12
 6.409E-10  1.98459450698924E-12
 6.497E-10  2.03622747491057E-12
 6.585E-10  2.08920377182098E-12
 6.675E-10  2.14355834695548E-12
 6.766E-10  2.19932705881903E-12
 6.859E-10  2.25654669884337E-12
 6.952E-10  2.31525501565868E-12
 7.047E-10  2.37549073999657E-12
 7.144E-10  2.43729361024175E-12
 7.241E-10  2.50070439864784E-12
 7.340E-10  2.56576493823542E-12
 7.440E-10  2.63251815038970E-12
 7.542E-10  2.70100807317675E-12
 7.645E-10  2.77127989039585E-12
 7.749E-10  2.84337996138783E-12
 7.855E-10  2.91735585161906E-12
 7.962E-10  2.99325636406094E-12
 8.071E-10  3.07113157138630E-12
 8.181E-10  3.15103284900278E-12
 8.293E-10  3.23301290894591E-12
 8.406E-10  3.31712583465390E-12
 8.521E-10  3.40342711664778E-12
 8.637E-10  3.49197368913876E-12
 8.755E-10  3.58282396758861E-12
 8.874E-10  3.67603788724762E-12
 8.996E-10  3.77167694269416E-12
 9.118E-10  3.86980422840377E-12
 9.243E-10  3.97048448037384E-12
 9.369E-10  4.07378411883032E-12
 9.497E-10  4.17977129204635E-12
 9.627E-10  4.28851592130100E-12
 9.758E-10  4.40008974700643E-12
 9.891E-10  4.51456637603708E-12
 1.003E-09  4.63202133028879E-12
 1.016E-09  4.75253209650141E-12
 1.030E-09  4.87617817737809E-12
 1.044E-09  5.00304114403473E-12
 1.059E-09  5.13320468981351E-12
 1.073E-09  5.26675468549517E-12
 1.088E-09  5.40377923595158E-12
 1.102E-09  5.54436873826859E-12
 1.118E-09  5.68861594138149E-12
 1.133E-09  5.83661600726439E-12
 1.148E-09  5.98846657370883E-12
 1.164E-09  6.14426781873752E-12
 1.180E-09  6.30412252669212E-12
 1.196E-09  6.46813615604321E-12
 1.212E-09  6.63641690896156E-12
 1.229E-09  6.80907580270049E-12
 1.246E-09  6.98622674283648E-12
 1.263E-09  7.16798659841343E-12
 1.280E-09  7.35447527904418E-12
 1.297E-09  7.54581581401428E-12
 1.315E-09  7.74213443344830E-12
 1.333E-09  7.94356065158485E-12
 1.351E-09  8.15022735221863E-12
 1.370E-09  8.36227087636709E-12
 1.388E-09  8.57983111221452E-12
 1.407E-09  8.80305158739951E-12
 1.426E-09  9.03207956370283E-12
 1.446E-09  9.26706613419652E-12
 1.466E-09  9.50816632292312E-12
 1.486E-09  9.75553918716742E-12
 1.506E-09  1.00093479223882E-11
 1.527E-09  1.02697599698806E-11
 1.547E-09  1.05369471272403E-11
 1.568E-09  1.08110856617003E-11
 1.590E-09  1.10923564264165E-11
 1.612E-09  1.13809449797796E-11
 1.634E-09  1.16770417078314E-11
 1.656E-09  1.19808419498634E-11
 1.679E-09  1.22925461272857E-11
 1.701E-09  1.26123598758485E-11
 1.725E-09  1.29404941813028E-11
 1.748E-09  1.32771655185897E-11
 1.772E-09  1.36225959946526E-11
 1.796E-09  1.39770134949643E-11
 1.821E-09  1.43406518338665E-11
 1.846E-09  1.47137509088200E-11
 1.871E-09  1.50965568586680E-11
 1.896E-09  1.54893222260197E-11
 1.922E-09  1.58923061238535E-11
 1.949E-09  1.63057744064576E-11
 1.975E-09  1.67299998448203E-11
 2.002E-09  1.71652623065787E-11
 2.029E-09  1.76118489406519E-11
 2.057E-09  1.80700543666773E-11
 2.085E-09  1.85401808693757E-11
 2.114E-09  1.90225385979715E-11
 2.143E-09  1.95174457708041E-11
 2.172E-09  2.00252288852604E-11
 2.201E-09  2.05462229331686E-11
 2.232E-09  2.10807716217983E-11
 2.262E-09  2.16292276006102E-11
 2.293E-09  2.21919526939010E-11
 2.324E-09  2.27693181395055E-11
 2.356E-09  2.33617048337076E-11
 2.388E-09  2.39695035825224E-11
 2.421E-09  2.45931153595170E-11
 2.454E-09  2.52329515703368E-11
 2.487E-09  2.58894343241191E-11
 2.521E-09  2.65629967119598E-11
 2.556E-09  2.72540830926318E-11
 2.590E-09  2.79631493857373E-11
 2.626E-09  2.86906633724799E-11
 2.662E-09  2.94371050042680E-11
 2.698E-09  3.02029667193463E-11
 2.735E-09  3.09887537676635E-11
 2.772E-09  3.17949845441932E-11
 2.810E-09  3.26221909309238E-11
 2.848E-09  3.34709186477535E-11
 2.887E-09  3.43417276125052E-11
 2.927E-09  3.52351923103103E-11
 2.967E-09  3.61519021726120E-11
 3.007E-09  3.70924619660136E-11
 3.048E-09  3.80574921912574E-11
 3.090E-09  3.90476294925710E-11
 3.132E-09  4.00635270776744E-11
 3.175E-09  4.11058551487113E-11
 3.218E-09  4.21753013443894E-11
 3.262E-09  4.32725711936258E-11
 3.307E-09  4.43983885809904E-11
 3.352E-09  4.55534962242654E-11
 3.398E-09  4.67386561644293E-11
 3.444E-09  4.79546502683814E-11
 3.491E-09  4.92022807447496E-11
 3.539E-09  5.04823706731241E-11
 3.587E-09  5.17957645470473E-11
 3.636E-09  5.31433288311422E-11
 3.685E-09  5.45259525327299E-11
 3.736E-09  5.59445477883170E-11
 3.787E-09  5.74000504653546E-11
 3.838E-09  5.88934207796288E-11
 3.891E-09  6.04256439287353E-11
 3.944E-09  6.19977307420273E-11
 3.998E-09  6.36107183474750E-11
 4.052E-09  6.52656708558714E-11
 4.108E-09  6.69636800628370E-11
 4.164E-09  6.87058661691007E-11
 4.221E-09  7.04933785194983E-11
 4.278E-09  7.23273963612262E-11
 4.337E-09  7.42091296217965E-11
 4.396E-09  7.61398197072450E-11
 4.456E-09  7.81207403211019E-11
 4.517E-09  8.01531983046750E-11
 4.578E-09  8.22385344991868E-11
 4.641E-09  8.43781246303449E-11
 4.704E-09  8.65733802159355E-11
 4.769E-09  8.88257494970096E-11
 4.834E-09  9.11367183933138E-11
 4.900E-09  9.35078114835572E-11
 4.967E-09  9.59405930112222E-11
 5.034E-09  9.84366679165004E-11
 5.103E-09  1.00997682895084E-10
 5.173E-09  1.03625327484532E-10
 5.243E-09  1.06321335178872E-10
 5.315E-09  1.09087484572206E-10
 5.388E-09  1.11925600532082E-10
 5.461E-09  1.14837555403374E-10
 5.536E-09  1.17825270243489E-10
 5.611E-09  1.20890716089726E-10
 5.688E-09  1.24035915259592E-10
 5.765E-09  1.27262942684943E-10
 5.844E-09  1.30573927280851E-10
 5.924E-09  1.33971053350083E-10
 6.005E-09  1.37456562024099E-10
 6.087E-09  1.41032752741558E-10
 6.170E-09  1.44701984765306E-10
 6.254E-09  1.48466678738793E-10
 6.340E-09  1.52329318283008E-10
 6.426E-09  1.56292451634958E-10
 6.514E-09  1.60358693328766E-10
 6.603E-09  1.64530725920532E-10
 6.693E-09  1.68811301758026E-10
 6.784E-09  1.73203244796456E-10
 6.877E-09  1.77709452461479E-10
 6.971E-09  1.82332897560649E-10
 7.066E-09  1.87076630244627E-10
 7.162E-09  1.91943780019415E-10
 7.260E-09  1.96937557810910E-10
 7.359E-09  2.02061258083199E-10
 7.460E-09  2.07318261011982E-10
 7.562E-09  2.12712034714472E-10
 7.665E-09  2.18246137537391E-10
 7.770E-09  2.23924220404450E-10
 7.876E-09  2.29750029224897E-10
 7.983E-09  2.35727407364750E-10
 8.092E-09  2.41860298182312E-10
 8.203E-09  2.48152747629660E-10
 8.315E-09  2.54608906921775E-10
 8.428E-09  2.61233035275212E-10
 8.543E-09  2.68029502717904E-10
 8.660E-09  2.75002792972150E-10
 8.778E-09  2.82157506412579E-10
 8.898E-09  2.89498363101044E-10
 9.019E-09  2.97030205900562E-10
 9.142E-09  3.04758003670152E-10
 9.267E-09  3.12686854542906E-10
 9.394E-09  3.20821989289242E-10
 9.522E-09  3.29168774767709E-10
 9.652E-09  3.37732717465617E-10
 9.784E-09  3.46519467131678E-10
 9.917E-09  3.55534820503243E-10
 1.005E-08  3.64784725130465E-10
 1.019E-08  3.74275283299993E-10
 1.033E-08  3.84012756060692E-10
 1.047E-08  3.94003567354137E-10
 1.061E-08  4.04254308252598E-10
 1.076E-08  4.14771741307183E-10
 1.090E-08  4.25562805009246E-10
 1.105E-08  4.36634618367719E-10
 1.120E-08  4.47994485605654E-10
 1.136E-08  4.59649900978911E-10
 1.151E-08  4.71608553720169E-10
 1.167E-08  4.83878333111608E-10
 1.183E-08  4.96467333689581E-10
 1.199E-08  5.09383860584659E-10
 1.215E-08  5.22636435000609E-10
 1.232E-08  5.36233799835964E-10
 1.249E-08  5.50184925451765E-10
 1.266E-08  5.64499015589448E-10
 1.283E-08  5.79185513442630E-10
 1.301E-08  5.94254107886902E-10
 1.318E-08  6.09714739871710E-10
 1.336E-08  6.25577608978449E-10
 1.355E-08  6.41853180149304E-10
 1.373E-08  6.58552190591027E-10
 1.392E-08  6.75685656858431E-10
 1.411E-08  6.93264882122168E-10
 1.430E-08  7.11301463625425E-10
 1.450E-08  7.29807300334925E-10
 1.470E-08  7.48794600790642E-10
 1.490E-08  7.68275891159978E-10
 1.510E-08  7.88264023501421E-10
 1.531E-08  8.08772184243154E-10
 1.551E-08  8.29813902882331E-10
 1.573E-08  8.51403060910554E-10
 1.594E-08  8.73553900971681E-10
 1.616E-08  8.96281036257783E-10
 1.638E-08  9.19599460149757E-10
 1.660E-08  9.43524556108491E-10
 1.683E-08  9.68072107823509E-10
 1.706E-08  9.93258309625670E-10
 1.729E-08  1.01909977717065E-09
 1.753E-08  1.04561355840057E-09
 1.777E-08  1.07281714479069E-09
 1.801E-08  1.10072848288851E-09
 1.826E-08  1.12936598615345E-09
 1.851E-08  1.15874854710448E-09
 1.876E-08  1.18889554978347E-09
 1.901E-08  1.21982688254317E-09
 1.927E-08  1.25156295116768E-09
 1.954E-08  1.28412469233438E-09
 1.980E-08  1.31753358742613E-09
 2.007E-08  1.35181167670249E-09
 2.035E-08  1.38698157384020E-09
 2.063E-08  1.42306648085140E-09
 2.091E-08  1.46009020339017E-09
 2.119E-08  1.49807716645763E-09
 2.148E-08  1.53705243051499E-09
 2.178E-08  1.57704170801648E-09
 2.207E-08  1.61807138037175E-09
 2.237E-08  1.66016851535005E-09
 2.268E-08  1.70336088493734E-09
 2.299E-08  1.74767698365713E-09
 2.330E-08  1.79314604736914E-09
 2.362E-08  1.83979807255612E-09
 2.394E-08  1.88766383611283E-09
 2.427E-08  1.93677491564980E-09
 2.460E-08  1.98716371032532E-09
 2.494E-08  2.03886346221964E-09
 2.528E-08  2.09190827826464E-09
 2.562E-08  2.14633315274478E-09
 2.597E-08  2.20217399038295E-09
 2.633E-08  2.25946763002711E-09
 2.669E-08  2.31825186895301E-09
 2.705E-08  2.37856548779976E-09
 2.742E-08  2.44044827615332E-09
 2.779E-08  2.50394105879588E-09
 2.817E-08  2.56908572263872E-09
 2.856E-08  2.63592524435487E-09
 2.895E-08  2.70450371873143E-09
 2.934E-08  2.77486638775885E-09
 2.974E-08  2.84705967047773E-09
 3.015E-08  2.92113119360166E-09
 3.056E-08  2.99712982293669E-09
 3.098E-08  3.07510569561858E-09
 3.140E-08  3.15511025318871E-09
 3.183E-08  3.23719627552995E-09
 3.227E-08  3.32141791568642E-09
 3.271E-08  3.40783073558813E-09
 3.315E-08  3.49649174270564E-09
 3.361E-08  3.58745942765842E-09
 3.406E-08  3.68079380280092E-09
 3.453E-08  3.77655644181395E-09
 3.500E-08  3.87481052032413E-09
 3.548E-08  3.97562085758151E-09
 3.596E-08  4.07905395922187E-09
 3.645E-08  4.18517806113987E-09
 3.695E-08  4.29406317450484E-09
 3.746E-08  4.40578113194791E-09
 3.797E-08  4.52040563494984E-09
 3.849E-08  4.63801230246238E-09
 3.901E-08  4.75867872079419E-09
 3.954E-08  4.88248449479554E-09
 4.008E-08  5.00951130037309E-09
 4.063E-08  5.13984293837225E-09
 4.119E-08  5.27356538986087E-09
 4.175E-08  5.41076687285079E-09
 4.232E-08  5.55153790049681E-09
 4.290E-08  5.69597134080717E-09
 4.348E-08  5.84416247790898E-09
 4.408E-08  5.99620907490828E-09
 4.468E-08  6.15221143838429E-09
 4.529E-08  6.31227248456130E-09
 4.591E-08  6.47649780720344E-09
 4.653E-08  6.64499574727495E-09
 4.717E-08  6.81787746441282E-09
 4.781E-08  6.99525701025896E-09
 4.846E-08  7.17725140370056E-09
 4.913E-08  7.36398070806722E-09
 4.980E-08  7.55556811033738E-09
 5.048E-08  7.75214000240479E-09
 5.117E-08  7.95382606445859E-09
 5.186E-08  8.16075935053447E-09
 5.257E-08  8.37307637629020E-09
 5.329E-08  8.59091720906487E-09
 5.402E-08  8.81442556028097E-09
 5.475E-08  9.04374888025140E-09
 5.550E-08  9.27903845545341E-09
 5.626E-08  9.52044950832919E-09
 5.703E-08  9.76814129968974E-09
 5.781E-08  1.00222772337768E-08
 5.860E-08  1.02830249660596E-08
 5.940E-08  1.05505565138402E-08
 6.021E-08  1.08250483697303E-08
 6.103E-08  1.11066816180833E-08
 6.186E-08  1.13956420544579E-08
 6.271E-08  1.16921203081843E-08
 6.356E-08  1.19963119681212E-08
 6.443E-08  1.23084177116890E-08
 6.531E-08  1.26286434372529E-08
 6.620E-08  1.29572003999549E-08
 6.711E-08  1.32943053510780E-08
 6.802E-08  1.36401806810350E-08
 6.895E-08  1.39950545660792E-08
 6.989E-08  1.43591611188342E-08
 7.085E-08  1.47327405427326E-08
 7.181E-08  1.51160392904788E-08
 7.279E-08  1.55093102266345E-08
 7.379E-08  1.59128127944284E-08
 7.479E-08  1.63268131869142E-08
 7.582E-08  1.67515845225724E-08
 7.685E-08  1.71874070254865E-08
 7.790E-08  1.76345682102070E-08
 7.896E-08  1.80933630714193E-08
 8.004E-08  1.85640942785526E-08
 8.113E-08  1.90470723754478E-08
 8.224E-08  1.95426159852212E-08
 8.336E-08  2.00510520204565E-08
 8.450E-08  2.05727158988688E-08
 8.566E-08  2.11079517645749E-08
 8.683E-08  2.16571127151221E-08
 8.801E-08  2.22205610344256E-08
 8.921E-08  2.27986684317618E-08
 9.043E-08  2.33918162869825E-08
 9.167E-08  2.40003959021069E-08
 9.292E-08  2.46248087594598E-08
 9.419E-08  2.52654667865251E-08
 9.547E-08  2.59227926276904E-08
 9.677E-08  2.65972199230591E-08
 9.810E-08  2.72891935945206E-08
 9.944E-08  2.79991701392572E-08
 1.008E-07  2.87276179308905E-08
 1.022E-07  2.94750175284651E-08
 1.036E-07  3.02418619934600E-08
 1.050E-07  3.10286572150591E-08
 1.064E-07  3.18359222438808E-08
 1.079E-07  3.26641896343855E-08
 1.093E-07  3.35140057961944E-08
 1.108E-07  3.43859313545473E-08
 1.123E-07  3.52805415201413E-08
 1.139E-07  3.61984264685849E-08
 1.154E-07  3.71401917297289E-08
 1.170E-07  3.81064585871238E-08
 1.186E-07  3.90978644878712E-08
 1.202E-07  4.01150634631347E-08
 1.219E-07  4.11587265595946E-08
 1.235E-07  4.22295422821213E-08
 1.252E-07  4.33282170479746E-08
 1.269E-07  4.44554756528089E-08
 1.287E-07  4.56120617488076E-08
 1.304E-07  4.67987383352580E-08
 1.322E-07  4.80162882618819E-08
 1.340E-07  4.92655147452693E-08
 1.358E-07  5.05472418987400E-08
 1.377E-07  5.18623152759931E-08
 1.396E-07  5.32116024289009E-08
 1.415E-07  5.45959934798158E-08
 1.434E-07  5.60164017087514E-08
 1.454E-07  5.74737641558653E-08
 1.473E-07  5.89690422395970E-08
 1.494E-07  6.05032223908823E-08
 1.514E-07  6.20773167038863E-08
 1.535E-07  6.36923636036581E-08
 1.556E-07  6.53494285311389E-08
 1.577E-07  6.70496046460149E-08
 1.598E-07  6.87940135478429E-08
 1.620E-07  7.05838060159274E-08
 1.642E-07  7.24201627684707E-08
 1.665E-07  7.43042952414509E-08
 1.687E-07  7.62374463877613E-08
 1.710E-07  7.82208914971640E-08
 1.734E-07  8.02559390375489E-08
 1.757E-07  8.23439315180790E-08
 1.781E-07  8.44862463748168E-08
 1.806E-07  8.66842968793657E-08
 1.830E-07  8.89395330711505E-08
 1.855E-07  9.12534427139676E-08
 1.881E-07  9.36275522773978E-08
 1.906E-07  9.60634279437786E-08
 1.932E-07  9.85626766413495E-08
 1.959E-07  1.01126947104264E-07
 1.986E-07  1.03757930960228E-07
 2.013E-07  1.06457363846387E-07
 2.040E-07  1.09227026554250E-07
 2.068E-07  1.12068746204405E-07
 2.096E-07  1.14984397451805E-07
 2.125E-07  1.17975903722399E-07
 2.154E-07  1.21045238481916E-07
 2.183E-07  1.24194426537699E-07
 2.213E-07  1.27425545374364E-07
 2.243E-07  1.30740726524225E-07
 2.274E-07  1.34142156973362E-07
 2.305E-07  1.37632080604296E-07
 2.336E-07  1.41212799676142E-07
 2.368E-07  1.44886676343310E-07
 2.401E-07  1.48656134213711E-07
 2.433E-07  1.52523659947473E-07
 2.467E-07  1.56491804897270E-07
 2.500E-07  1.60563186791312E-07
 2.534E-07  1.64740491460131E-07
 2.569E-07  1.69026474608270E-07
 2.604E-07  1.73423963632079E-07
 2.640E-07  1.77935859484767E-07
 2.676E-07  1.82565138590038E-07
 2.712E-07  1.87314854805417E-07
 2.749E-07  1.92188141436723E-07
 2.787E-07  1.97188213304953E-07
 2.825E-07  2.02318368866836E-07
 2.863E-07  2.07581992390678E-07
 2.903E-07  2.12982556188723E-07
 2.942E-07  2.18523622907641E-07
 2.982E-07  2.24208847878539E-07
 3.023E-07  2.30041981528172E-07
 3.064E-07  2.36026871852827E-07
 3.106E-07  2.42167466956586E-07
 3.149E-07  2.48467817655643E-07
 3.192E-07  2.54932080150279E-07
 3.235E-07  2.61564518766494E-07
 3.279E-07  2.68369508768788E-07
 3.324E-07  2.75351539246245E-07
 3.369E-07  2.82515216073665E-07
 3.415E-07  2.89865264949642E-07
 3.462E-07  2.97406534513794E-07
 3.509E-07  3.05143999545002E-07
 3.557E-07  3.13082764242908E-07
 3.606E-07  3.21228065594666E-07
 3.655E-07  3.29585276829415E-07
 3.705E-07  3.38159910962521E-07
 3.756E-07  3.46957624432014E-07
 3.807E-07  3.55984220829709E-07
 3.859E-07  3.65245654729266E-07
 3.911E-07  3.74748035613910E-07
 3.965E-07  3.84497631906294E-07
 4.019E-07  3.94500875103213E-07
 4.074E-07  4.04764364017834E-07
 4.129E-07  4.15294869132284E-07
 4.186E-07  4.26099337063528E-07
 4.243E-07  4.37184895145361E-07
 4.301E-07  4.48558856129527E-07
 4.360E-07  4.60228723009257E-07
 4.419E-07  4.72202193968256E-07
 4.479E-07  4.84487167458291E-07
 4.541E-07  4.97091747408971E-07
 4.603E-07  5.10024248573108E-07
 4.665E-07  5.23293202010987E-07
 4.729E-07  5.36907360717379E-07
 4.794E-07  5.50875705394851E-07
 4.859E-07  5.65207450377317E-07
 4.926E-07  5.79912049707704E-07
 4.993E-07  5.94999203373655E-07
 5.061E-07  6.10478863705353E-07
 5.130E-07  6.26361241939903E-07
 5.200E-07  6.42656814956513E-07
 5.271E-07  6.59376332186631E-07
 5.343E-07  6.76530822703967E-07
 5.416E-07  6.94131602499070E-07
 5.490E-07  7.12190281942889E-07
 5.565E-07  7.30718773444557E-07
 5.641E-07  7.49729299308503E-07
 5.718E-07  7.69234399795700E-07
 5.796E-07  7.89246941394720E-07
 5.875E-07  8.09780125308009E-07
 5.955E-07  8.30847496158797E-07
 6.037E-07  8.52462950924425E-07
 6.119E-07  8.74640748102115E-07
 6.202E-07  8.97395517113247E-07
 6.287E-07  9.20742267952066E-07
 6.373E-07  9.44696401085440E-07
 6.460E-07  9.69273717610160E-07
 6.548E-07  9.94490429674316E-07
 6.638E-07  1.02036317116986E-06
 6.728E-07  1.04690900870322E-06
 6.820E-07  1.07414545285133E-06
 6.913E-07  1.10209046971036E-06
 7.008E-07  1.13076249274477E-06
 7.103E-07  1.16018043494464E-06
 7.200E-07  1.19036370129930E-06
 7.298E-07  1.22133220159530E-06
 7.398E-07  1.25310636354718E-06
 7.499E-07  1.28570714626984E-06
 7.602E-07  1.31915605410145E-06
 7.705E-07  1.35347515078545E-06
 7.811E-07  1.38868707402197E-06
 7.917E-07  1.42481505039752E-06
 8.025E-07  1.46188291070266E-06
 8.135E-07  1.49991510564853E-06
 8.246E-07  1.53893672199196E-06
 8.358E-07  1.57897349907984E-06
 8.473E-07  1.62005184582401E-06
 8.588E-07  1.66219885811753E-06
 8.705E-07  1.70544233670389E-06
 8.824E-07  1.74981080551102E-06
 8.945E-07  1.79533353046228E-06
 9.067E-07  1.84204053877627E-06
 9.191E-07  1.88996263876888E-06
 9.316E-07  1.93913144017058E-06
 9.443E-07  1.98957937497165E-06
 9.572E-07  2.04133971880970E-06
 9.703E-07  2.09444661291343E-06
 9.835E-07  2.14893508661733E-06
 9.970E-07  2.20484108046161E-06
 1.011E-06  2.26220146989298E-06
 1.024E-06  2.32105408958168E-06
 1.038E-06  2.38143775837127E-06
 1.053E-06  2.44339230487709E-06
 1.067E-06  2.50695859375015E-06
 1.081E-06  2.57217855262468E-06
 1.096E-06  2.63909519976592E-06
 1.111E-06  2.70775267243707E-06
 1.126E-06  2.77819625600397E-06
 1.142E-06  2.85047241379700E-06
 1.157E-06  2.92462881774902E-06
 1.173E-06  3.00071437983020E-06
 1.189E-06  3.07877928430057E-06
 1.205E-06  3.15887502080123E-06
 1.222E-06  3.24105441830582E-06
 1.239E-06  3.32537167995492E-06
 1.255E-06  3.41188241879690E-06
 1.273E-06  3.50064369445738E-06
 1.290E-06  3.59171405076278E-06
 1.308E-06  3.68515355434251E-06
 1.325E-06  3.78102383423335E-06
 1.344E-06  3.87938812251581E-06
 1.362E-06  3.98031129600645E-06
 1.380E-06  4.08385991903329E-06
 1.399E-06  4.19010228732496E-06
 1.418E-06  4.29910847304036E-06
 1.438E-06  4.41095037096932E-06
 1.457E-06  4.52570174593455E-06
 1.477E-06  4.64343828142642E-06
 1.497E-06  4.76423762950209E-06
 1.518E-06  4.88817946198240E-06
 1.539E-06  5.01534552297918E-06
 1.560E-06  5.14581968278932E-06
 1.581E-06  5.27968799319054E-06
 1.603E-06  5.41703874417262E-06
 1.624E-06  5.55796252214587E-06
 1.647E-06  5.70255226966378E-06
 1.669E-06  5.85090334669505E-06
 1.692E-06  6.00311359349172E-06
 1.715E-06  6.15928339509149E-06
 1.738E-06  6.31951574749543E-06
 1.762E-06  6.48391632556855E-06
 1.786E-06  6.65259355270379E-06
 1.811E-06  6.82565867229836E-06
 1.835E-06  7.00322582108827E-06
 1.860E-06  7.18541210438853E-06
 1.886E-06  7.37233767329141E-06
 1.911E-06  7.56412580386894E-06
 1.938E-06  7.76090297843741E-06
 1.964E-06  7.96279896893272E-06
 1.991E-06  8.16994692245296E-06
 2.018E-06  8.38248344902794E-06
 2.046E-06  8.60054871166521E-06
 2.073E-06  8.82428651874167E-06
 2.102E-06  9.05384441879551E-06
 2.130E-06  9.28937379778089E-06
 2.160E-06  9.53102997885399E-06
 2.189E-06  9.77897232474807E-06
 2.219E-06  1.00333643428152E-05
 2.249E-06  1.02943737927962E-05
 2.280E-06  1.05621727973904E-05
 2.311E-06  1.08369379557031E-05
 2.343E-06  1.11188504596382E-05
 2.375E-06  1.14080962133190E-05
 2.407E-06  1.17048659556117E-05
 2.440E-06  1.20093553858351E-05
 2.473E-06  1.23217652927373E-05
 2.507E-06  1.26423016868209E-05
 2.541E-06  1.29711759361168E-05
 2.576E-06  1.33086049054770E-05
 2.611E-06  1.36548110994919E-05
 2.647E-06  1.40100228091274E-05
 2.683E-06  1.43744742621614E-05
 2.719E-06  1.47484057775410E-05
 2.757E-06  1.51320639237473E-05
 2.794E-06  1.55257016812739E-05
 2.832E-06  1.59295786093331E-05
 2.871E-06  1.63439610168892E-05
 2.910E-06  1.67691221381394E-05
 2.950E-06  1.72053423125578E-05
 2.990E-06  1.76529091696124E-05
 3.031E-06  1.81121178182841E-05
 3.072E-06  1.85832710415167E-05
 3.114E-06  1.90666794957134E-05
 3.157E-06  1.95626619154152E-05
 3.200E-06  2.00715453233070E-05
 3.244E-06  2.05936652456747E-05
 3.288E-06  2.11293659334589E-05
 3.333E-06  2.16790005890588E-05
 3.378E-06  2.22429315990250E-05
 3.424E-06  2.28215307727997E-05
 3.471E-06  2.34151795876585E-05
 3.519E-06  2.40242694400181E-05
 3.567E-06  2.46492019032741E-05
 3.615E-06  2.52903889923369E-05
 3.665E-06  2.59482534350372E-05
 3.715E-06  2.66232289505901E-05
 3.765E-06  2.73157605352875E-05
 3.817E-06  2.80263047556120E-05
 3.869E-06  2.87553300489729E-05
 3.922E-06  2.95033170322457E-05
 3.975E-06  3.02707588183366E-05
 4.030E-06  3.10581613409591E-05
 4.085E-06  3.18660436878561E-05
 4.140E-06  3.26949384426756E-05
 4.197E-06  3.35453920357246E-05
 4.254E-06  3.44179651038391E-05
 4.312E-06  3.53132328595937E-05
 4.371E-06  3.62317854701079E-05
 4.431E-06  3.71742284456881E-05
 4.491E-06  3.81411830385647E-05
 4.553E-06  3.91332866519855E-05
 4.615E-06  4.01511932599321E-05
 4.678E-06  4.11955738377405E-05
 4.742E-06  4.22671168038987E-05
 4.806E-06  4.33665284733268E-05
 4.872E-06  4.44945335224206E-05
 4.938E-06  4.56518754661737E-05
 5.006E-06  4.68393171476891E-05
 5.074E-06  4.80576412404077E-05
 5.144E-06  4.93076507633685E-05
 5.214E-06  5.05901696098512E-05
 5.285E-06  5.19060430897553E-05
 5.357E-06  5.32561384860399E-05
 5.430E-06  5.46413456256338E-05
 5.504E-06  5.60625774651548E-05
 5.579E-06  5.75207706918322E-05
 5.656E-06  5.90168863400497E-05
 5.733E-06  6.05519104238673E-05
 5.811E-06  6.21268545859829E-05
 5.890E-06  6.37427567635392E-05
 5.971E-06  6.54006818711979E-05
 6.052E-06  6.71017225019647E-05
 6.135E-06  6.88469996461936E-05
 6.219E-06  7.06376634292538E-05
 6.304E-06  7.24748938683524E-05
 6.390E-06  7.43599016489866E-05
 6.477E-06  7.62939289215594E-05
 6.565E-06  7.82782501186525E-05
 6.655E-06  8.03141727935325E-05
 6.746E-06  8.24030384804030E-05
 6.838E-06  8.45462235769682E-05
 6.931E-06  8.67451402499247E-05
 7.026E-06  8.90012373639321E-05
 7.122E-06  9.13160014346932E-05
 7.219E-06  9.36909576067528E-05
 7.318E-06  9.61276706566780E-05
 7.418E-06  9.86277460222602E-05
 7.519E-06  1.01192830858420E-04
 7.622E-06  1.03824615120495E-04
 7.726E-06  1.06524832675644E-04
 7.831E-06  1.09295262443073E-04
 7.938E-06  1.12137729563834E-04
 8.046E-06  1.15054106600971E-04
 8.156E-06  1.18046314770790E-04
 8.268E-06  1.21116325206069E-04
 8.380E-06  1.24266160252031E-04
 8.495E-06  1.27497894795912E-04
 8.611E-06  1.30813657631014E-04
 8.728E-06  1.34215632856142E-04
 8.848E-06  1.37706061311311E-04
 8.968E-06  1.41287242050685E-04
 9.091E-06  1.44961533853716E-04
 9.215E-06  1.48731356775430E-04
 9.341E-06  1.52599193736961E-04
 9.468E-06  1.56567592157261E-04
 9.597E-06  1.60639165627121E-04
 9.729E-06  1.64816595626622E-04
 9.861E-06  1.69102633287058E-04
 9.996E-06  1.73500101198536E-04
 1.013E-05  1.78011895264445E-04
 1.027E-05  1.82640986603970E-04
 1.041E-05  1.87390423503885E-04
 1.055E-05  1.92263333420993E-04
 1.070E-05  1.97262925036368E-04
 1.084E-05  2.02392490362876E-04
 1.099E-05  2.07655406907294E-04
 1.114E-05  2.13055139888402E-04
 1.129E-05  2.18595244512630E-04
 1.145E-05  2.24279368308538E-04
 1.160E-05  2.30111253521848E-04
 1.176E-05  2.36094739572497E-04
 1.192E-05  2.42233765575274E-04
 1.209E-05  2.48532372925810E-04
 1.225E-05  2.54994707953497E-04
 1.242E-05  2.61625024643104E-04
 1.259E-05  2.68427687426861E-04
 1.276E-05  2.75407174048871E-04
 1.293E-05  2.82568078503619E-04
 1.311E-05  2.89915114050587E-04
 1.329E-05  2.97453116306937E-04
 1.347E-05  3.05187046420198E-04
 1.365E-05  3.13121994323069E-04
 1.384E-05  3.21263182072479E-04
 1.403E-05  3.29615967275087E-04
 1.422E-05  3.38185846601343E-04
 1.442E-05  3.46978459390570E-04
 1.461E-05  3.55999591349249E-04
 1.481E-05  3.65255178344995E-04
 1.501E-05  3.74751310298718E-04
 1.522E-05  3.84494235177427E-04
 1.543E-05  3.94490363090327E-04
 1.564E-05  4.04746270490821E-04
 1.585E-05  4.15268704487226E-04
 1.607E-05  4.26064587264931E-04
 1.629E-05  4.37141020622901E-04
 1.651E-05  4.48505290627442E-04
 1.673E-05  4.60164872386321E-04
 1.696E-05  4.72127434946332E-04
 1.719E-05  4.84400846317289E-04
 1.743E-05  4.96993178626051E-04
 1.767E-05  5.09912713403666E-04
 1.791E-05  5.23167947009085E-04
 1.815E-05  5.36767596193093E-04
 1.840E-05  5.50720603805966E-04
 1.865E-05  5.65036144652566E-04
 1.891E-05  5.79723631498673E-04
 1.916E-05  5.94792721232454E-04
 1.943E-05  6.10253321184993E-04
 1.969E-05  6.26115595614194E-04
 1.996E-05  6.42389972355993E-04
 2.023E-05  6.59087149647201E-04
 2.051E-05  6.76218103124630E-04
 2.079E-05  6.93794093004872E-04
 2.107E-05  7.11826671449212E-04
 2.136E-05  7.30327690118739E-04
 2.165E-05  7.49309307924569E-04
 2.195E-05  7.68783998977538E-04
 2.225E-05  7.88764560743451E-04
 2.255E-05  8.09264122408582E-04
 2.286E-05  8.30296153460709E-04
 2.317E-05  8.51874472491691E-04
 2.349E-05  8.74013256226893E-04
 2.381E-05  8.96727048787459E-04
 2.413E-05  9.20030771191265E-04
 2.446E-05  9.43939731098919E-04
 2.480E-05  9.68469632810892E-04
 2.514E-05  9.93636587522051E-04
 2.548E-05  1.01945712384064E-03
 2.583E-05  1.04594819857828E-03
 2.618E-05  1.07312720781758E-03
 2.654E-05  1.10101199826527E-03
 2.690E-05  1.12962087889722E-03
 2.727E-05  1.15897263290357E-03
 2.764E-05  1.18908652994135E-03
 2.802E-05  1.21998233870226E-03
 2.840E-05  1.25168033980432E-03
 2.879E-05  1.28420133901480E-03
 2.918E-05  1.31756668081357E-03
 2.958E-05  1.35179826230547E-03
 2.998E-05  1.38691854749020E-03
 3.039E-05  1.42295058189948E-03
 3.080E-05  1.45991800761051E-03
 3.123E-05  1.49784507864504E-03
 3.165E-05  1.53675667676483E-03
 3.208E-05  1.57667832767262E-03
 3.252E-05  1.61763621762954E-03
 3.297E-05  1.65965721049936E-03
 3.342E-05  1.70276886523062E-03
 3.387E-05  1.74699945378777E-03
 3.433E-05  1.79237797954244E-03
 3.480E-05  1.83893419613705E-03
 3.528E-05  1.88669862683297E-03
 3.576E-05  1.93570258435436E-03
 3.625E-05  1.98597819124188E-03
 3.674E-05  2.03755840072827E-03
 3.724E-05  2.09047701814910E-03
 3.775E-05  2.14476872290325E-03
 3.827E-05  2.20046909097542E-03
 3.879E-05  2.25761461803683E-03
 3.932E-05  2.31624274313728E-03
 3.986E-05  2.37639187300473E-03
 4.040E-05  2.43810140696681E-03
 4.095E-05  2.50141176251108E-03
 4.151E-05  2.56636440149949E-03
 4.208E-05  2.63300185705372E-03
 4.265E-05  2.70136776112937E-03
 4.324E-05  2.77150687279449E-03
 4.383E-05  2.84346510723266E-03
 4.442E-05  2.91728956548720E-03
 4.503E-05  2.99302856496590E-03
 4.565E-05  3.07073167072610E-03
 4.627E-05  3.15044972755856E-03
 4.690E-05  3.23223489289159E-03
 4.754E-05  3.31614067053566E-03
 4.819E-05  3.40222194528940E-03
 4.885E-05  3.49053501842935E-03
 4.951E-05  3.58113764410611E-03
 5.019E-05  3.67408906666791E-03
 5.088E-05  3.76945005893707E-03
 5.157E-05  3.86728296146325E-03
 5.227E-05  3.96765172277655E-03
 5.299E-05  4.07062194066685E-03
 5.371E-05  4.17626090451455E-03
 5.445E-05  4.28463763870105E-03
 5.519E-05  4.39582294712386E-03
 5.594E-05  4.50988945884405E-03
 5.671E-05  4.62691167489701E-03
 5.748E-05  4.74696601629372E-03
 5.826E-05  4.87013087324293E-03
 5.906E-05  4.99648665562425E-03
 5.987E-05  5.12611584474513E-03
 6.068E-05  5.25910304641309E-03
 6.151E-05  5.39553504535478E-03
 6.235E-05  5.53550086101812E-03
 6.320E-05  5.67909180479122E-03
 6.407E-05  5.82640153867211E-03
 6.494E-05  5.97752613542697E-03
 6.583E-05  6.13256414027512E-03
 6.673E-05  6.29161663413648E-03
 6.764E-05  6.45478729848149E-03
 6.856E-05  6.62218248182442E-03
 6.950E-05  6.79391126790006E-03
 7.045E-05  6.97008554556570E-03
 7.141E-05  7.15082008047211E-03
 7.238E-05  7.33623258854753E-03
 7.337E-05  7.52644381133745E-03
 7.437E-05  7.72157759325028E-03
 7.539E-05  7.92176096075387E-03
 7.642E-05  8.12712420357098E-03
 7.746E-05  8.33780095792443E-03
 7.852E-05  8.55392829188158E-03
 7.959E-05  8.77564679285234E-03
 8.068E-05  9.00310065729179E-03
 8.178E-05  9.23643778266271E-03
 8.289E-05  9.47580986171236E-03
 8.403E-05  9.72137247912637E-03
 8.517E-05  9.97328521061043E-03
 8.634E-05  1.02317117244643E-02
 8.751E-05  1.04968198857108E-02
 8.871E-05  1.07687818628381E-02
 8.992E-05  1.10477742372252E-02
 9.115E-05  1.13339781153089E-02
 9.239E-05  1.16275792435696E-02
 9.365E-05  1.19287681263982E-02
 9.493E-05  1.22377401469121E-02
 9.623E-05  1.25546956908049E-02
 9.754E-05  1.28798402732885E-02
 9.887E-05  1.32133846692144E-02
 1.002E-04  1.35555450464496E-02
 1.016E-04  1.39065431025801E-02
 1.030E-04  1.42666062050350E-02
 1.044E-04  1.46359675347009E-02
 1.058E-04  1.50148662331245E-02
 1.073E-04  1.54035475533820E-02
 1.087E-04  1.58022630147043E-02
 1.102E-04  1.62112705609569E-02
 1.117E-04  1.66308347230621E-02
 1.132E-04  1.70612267854547E-02
 1.148E-04  1.75027249566790E-02
 1.163E-04  1.79556145442230E-02
 1.179E-04  1.84201881336835E-02
 1.195E-04  1.88967457723842E-02
 1.212E-04  1.93855951575370E-02
 1.228E-04  1.98870518290629E-02
 1.245E-04  2.04014393671898E-02
 1.262E-04  2.09290895949294E-02
 1.279E-04  2.14703427855613E-02
 1.297E-04  2.20255478752394E-02
 1.314E-04  2.25950626808415E-02
 1.332E-04  2.31792541231917E-02
 1.351E-04  2.37784984557791E-02
 1.369E-04  2.43931814991078E-02
 1.388E-04  2.50236988808086E-02
 1.407E-04  2.56704562816493E-02
 1.426E-04  2.63338696875897E-02
 1.445E-04  2.70143656480163E-02
 1.465E-04  2.77123815403026E-02
 1.485E-04  2.84283658408543E-02
 1.505E-04  2.91627784027823E-02
 1.526E-04  2.99160907403636E-02
 1.547E-04  3.06887863204432E-02
 1.568E-04  3.14813608609572E-02
 1.589E-04  3.22943226367223E-02
 1.611E-04  3.31281927926693E-02
 1.633E-04  3.39835056647087E-02
 1.655E-04  3.48608091083829E-02
 1.678E-04  3.57606648354947E-02
 1.701E-04  3.66836487589128E-02
 1.724E-04  3.76303513457206E-02
 1.748E-04  3.86013779789039E-02
 1.771E-04  3.95973493278027E-02
 1.796E-04  4.06189017274926E-02
 1.820E-04  4.16666875673129E-02
 1.845E-04  4.27413756887708E-02
 1.870E-04  4.38436517930098E-02
 1.896E-04  4.49742188580696E-02
 1.922E-04  4.61337975661689E-02
 1.948E-04  4.73231267412353E-02
 1.974E-04  4.85429637969024E-02
 2.001E-04  4.97940851952285E-02
 2.029E-04  5.10772869163733E-02
 2.056E-04  5.23933849394715E-02
 2.084E-04  5.37432157349732E-02
 2.113E-04  5.51276367686828E-02
 2.142E-04  5.65475270177850E-02
 2.171E-04  5.80037874991075E-02
 2.201E-04  5.94973418098967E-02
 2.231E-04  6.10291366813955E-02
 2.261E-04  6.26001425454767E-02
 2.292E-04  6.42113541146655E-02
 2.323E-04  6.58637909758094E-02
 2.355E-04  6.75584981976951E-02
 2.387E-04  6.92965469529587E-02
 2.420E-04  7.10790351545391E-02
 2.453E-04  7.29070881070461E-02
 2.486E-04  7.47818591733409E-02
 2.520E-04  7.67045304566453E-02
 2.555E-04  7.86763134985611E-02
 2.589E-04  8.06984499932796E-02
 2.625E-04  8.27722125183720E-02
 2.661E-04  8.48989052825084E-02
 2.697E-04  8.70798648904433E-02
 2.734E-04  8.93164611256526E-02
 2.771E-04  9.16100977510008E-02
 2.809E-04  9.39622133277883E-02
 2.847E-04  9.63742820535822E-02
 2.886E-04  9.88478146192408E-02
 2.926E-04  1.01384359085492E-01
 2.965E-04  1.03985501779486E-01
 3.006E-04  1.06652868211751E-01
 3.047E-04  1.09388124013935E-01
 3.089E-04  1.12192975897795E-01
 3.131E-04  1.15069172635835E-01
 3.174E-04  1.18018506064051E-01
 3.217E-04  1.21042812107196E-01
 3.261E-04  1.24143971827068E-01
 3.305E-04  1.27323912494236E-01
 3.350E-04  1.30584608683675E-01
 3.396E-04  1.33928083394783E-01
 3.442E-04  1.37356409196265E-01
 3.489E-04  1.40871709396388E-01
 3.537E-04  1.44476159239033E-01
 3.585E-04  1.48171987126090E-01
 3.634E-04  1.51961475866709E-01
 3.684E-04  1.55846963953883E-01
 3.734E-04  1.59830846868890E-01
 3.785E-04  1.63915578414113E-01
 3.837E-04  1.68103672074800E-01
 3.889E-04  1.72397702410224E-01
 3.942E-04  1.76800306474865E-01
 3.996E-04  1.81314185270108E-01
 4.051E-04  1.85942105227002E-01
 4.106E-04  1.90686899720705E-01
 4.162E-04  1.95551470617060E-01
 4.219E-04  2.00538789851979E-01
 4.277E-04  2.05651901044170E-01
 4.335E-04  2.10893921141722E-01
 4.394E-04  2.16268042103220E-01
 4.454E-04  2.21777532613929E-01
 4.515E-04  2.27425739837643E-01
 4.577E-04  2.33216091204724E-01
 4.639E-04  2.39152096237088E-01
 4.702E-04  2.45237348410542E-01
 4.767E-04  2.51475527055203E-01
 4.832E-04  2.57870399294565E-01
 4.898E-04  2.64425822023769E-01
 4.965E-04  2.71145743927752E-01
 5.032E-04  2.78034207539837E-01
 5.101E-04  2.85095351341377E-01
 5.171E-04  2.92333411903049E-01
 5.241E-04  2.99752726068422E-01
 5.313E-04  3.07357733180373E-01
 5.385E-04  3.15152977350963E-01
 5.459E-04  3.23143109775383E-01
 5.533E-04  3.31332891090541E-01
 5.609E-04  3.39727193778861E-01
 5.686E-04  3.48331004617941E-01
 5.763E-04  3.57149427176595E-01
 5.842E-04  3.66187684357812E-01
 5.922E-04  3.75451120989340E-01
 6.002E-04  3.84945206462260E-01
 6.084E-04  3.94675537418204E-01
 6.167E-04  4.04647840485813E-01
 6.252E-04  4.14867975066738E-01
 6.337E-04  4.25341936171936E-01
 6.423E-04  4.36075857308628E-01
 6.511E-04  4.47076013418389E-01
 6.600E-04  4.58348823866877E-01
 6.690E-04  4.69900855485651E-01
 6.782E-04  4.81738825666452E-01
 6.874E-04  4.93869605508386E-01
 6.968E-04  5.06300223018447E-01
 7.063E-04  5.19037866365525E-01
 7.160E-04  5.32089887188566E-01
 7.257E-04  5.45463803958839E-01
 7.356E-04  5.59167305396832E-01
 7.457E-04  5.73208253943949E-01
 7.559E-04  5.87594689289079E-01
 7.662E-04  6.02334831950439E-01
 7.766E-04  6.17437086912720E-01
 7.872E-04  6.32910047319524E-01
 7.980E-04  6.48762498221261E-01
 8.089E-04  6.65003420378678E-01
 8.199E-04  6.81641994121503E-01
 8.311E-04  6.98687603262586E-01
 8.425E-04  7.16149839067232E-01
 8.540E-04  7.34038504277376E-01
 8.656E-04  7.52363617190569E-01
 8.774E-04  7.71135415793317E-01
 8.894E-04  7.90364361948451E-01
 9.016E-04  8.10061145635945E-01
 9.139E-04  8.30236689246951E-01
 9.264E-04  8.50902151930029E-01
 9.390E-04  8.72068933989277E-01
 9.518E-04  8.93748681333361E-01
 9.648E-04  9.15953289974625E-01
 9.780E-04  9.38694910577545E-01
 9.913E-04  9.61985953055057E-01
 1.005E-03  9.85839091212115E-01
 1.019E-03  1.01026726743494E+00
 1.032E-03  1.03528369742464E+00
 1.047E-03  1.06090187497373E+00
 1.061E-03  1.08713557678417E+00
 1.075E-03  1.11399886732488E+00
 1.090E-03  1.14150610372718E+00
 1.105E-03  1.16967194071600E+00
 1.120E-03  1.19851133557489E+00
 1.135E-03  1.22803955314245E+00
 1.151E-03  1.25827217083784E+00
 1.167E-03  1.28922508371279E+00
 1.182E-03  1.32091450952741E+00
 1.199E-03  1.35335699384677E+00
 1.215E-03  1.38656941515534E+00
 1.232E-03  1.42056898998598E+00
 1.248E-03  1.45537327805985E+00
 1.265E-03  1.49100018743395E+00
 1.283E-03  1.52746797965197E+00
 1.300E-03  1.56479527489478E+00
 1.318E-03  1.60300105712605E+00
 1.336E-03  1.64210467922849E+00
 1.354E-03  1.68212586812614E+00
 1.373E-03  1.72308472988731E+00
 1.391E-03  1.76500175480329E+00
 1.410E-03  1.80789782243728E+00
 1.430E-03  1.85179420663741E+00
 1.449E-03  1.89671258050806E+00
 1.469E-03  1.94267502133321E+00
 1.489E-03  1.98970401544481E+00
 1.509E-03  2.03782246302947E+00
 1.530E-03  2.08705368286606E+00
 1.551E-03  2.13742141698673E+00
 1.572E-03  2.18894983525320E+00
 1.593E-03  2.24166353984011E+00
 1.615E-03  2.29558756961690E+00
 1.637E-03  2.35074740441884E+00
 1.660E-03  2.40716896919840E+00
 1.682E-03  2.46487863804623E+00
 1.705E-03  2.52390323807248E+00
 1.729E-03  2.58427005313757E+00
 1.752E-03  2.64600682742085E+00
 1.776E-03  2.70914176881637E+00
 1.800E-03  2.77370355214335E+00
 1.825E-03  2.83972132215965E+00
 1.850E-03  2.90722469636446E+00
 1.875E-03  2.97624376757753E+00
 1.901E-03  3.04680910628121E+00
 1.927E-03  3.11895176271041E+00
 1.953E-03  3.19270326867642E+00
 1.980E-03  3.26809563910868E+00
 2.007E-03  3.34516137329882E+00
 2.034E-03  3.42393345583057E+00
 2.062E-03  3.50444535717891E+00
 2.090E-03  3.58673103396013E+00
 2.118E-03  3.67082492881560E+00
 2.147E-03  3.75676196990997E+00
 2.177E-03  3.84457757002505E+00
 2.206E-03  3.93430762522875E+00
 2.236E-03  4.02598851309954E+00
 2.267E-03  4.11965709048484E+00
 2.298E-03  4.21535069077125E+00
 2.329E-03  4.31310712064542E+00
 2.361E-03  4.41296465632140E+00
 2.393E-03  4.51496203921160E+00
 2.426E-03  4.61913847101694E+00
 2.459E-03  4.72553360821112E+00
 2.493E-03  4.83418755589377E+00
 2.527E-03  4.94514086098600E+00
 2.561E-03  5.05843450474162E+00
 2.596E-03  5.17410989454691E+00
 2.632E-03  5.29220885497967E+00
 2.668E-03  5.41277361810034E+00
 2.704E-03  5.53584681294449E+00
 2.741E-03  5.66147145418687E+00
 2.778E-03  5.78969092994705E+00
 2.816E-03  5.92054898870425E+00
 2.855E-03  6.05408972529023E+00
 2.894E-03  6.19035756592733E+00
 2.933E-03  6.32939725227851E+00
 2.973E-03  6.47125382447612E+00
 3.014E-03  6.61597260309463E+00
 3.055E-03  6.76359917003290E+00
 3.097E-03  6.91417934827090E+00
 3.139E-03  7.06775918046455E+00
 3.182E-03  7.22438490634323E+00
 3.225E-03  7.38410293887293E+00
 3.269E-03  7.54695983914812E+00
 3.314E-03  7.71300228997531E+00
 3.359E-03  7.88227706811030E+00
 3.405E-03  8.05483101511181E+00
 3.452E-03  8.23071100677293E+00
 3.499E-03  8.40996392109236E+00
 3.546E-03  8.59263660474774E+00
 3.595E-03  8.77877583803154E+00
 3.644E-03  8.96842829821246E+00
 3.694E-03  9.16164052128342E+00
 3.744E-03  9.35845886205876E+00
 3.795E-03  9.55892945258217E+00
 3.847E-03  9.76309815880829E+00
 3.900E-03  9.97101053552202E+00
 3.953E-03  1.01827117794571E+01
 4.007E-03  1.03982466805801E+01
 4.061E-03  1.06176595715043E+01
 4.117E-03  1.08409942749975E+01
 4.173E-03  1.10682940495546E+01
 4.230E-03  1.12996015329980E+01
 4.288E-03  1.15349586840784E+01
 4.346E-03  1.17744067220458E+01
 4.406E-03  1.20179860641614E+01
 4.466E-03  1.22657362611255E+01
 4.527E-03  1.25176959303970E+01
 4.589E-03  1.27739026873805E+01
 4.651E-03  1.30343930744626E+01
 4.715E-03  1.32992024878781E+01
 4.779E-03  1.35683651023913E+01
 4.844E-03  1.38419137937799E+01
 4.911E-03  1.41198800591111E+01
 4.978E-03  1.44022939348046E+01
 5.046E-03  1.46891839124779E+01
 5.114E-03  1.49805768525755E+01
 5.184E-03  1.52764978957857E+01
 5.255E-03  1.55769703722546E+01
 5.327E-03  1.58820157086079E+01
 5.400E-03  1.61916533328002E+01
 5.473E-03  1.65059005768135E+01
 5.548E-03  1.68247725772314E+01
 5.624E-03  1.71482821737237E+01
 5.700E-03  1.74764398054778E+01
 5.778E-03  1.78092534056248E+01
 5.857E-03  1.81467282937085E+01
 5.937E-03  1.84888670662567E+01
 6.018E-03  1.88356694855199E+01
 6.100E-03  1.91871323664479E+01
 6.184E-03  1.95432494619862E+01
 6.268E-03  1.99040113467785E+01
 6.354E-03  2.02694052993720E+01
 6.440E-03  2.06394151830306E+01
 6.528E-03  2.10140213252689E+01
 6.617E-03  2.13932003962319E+01
 6.708E-03  2.17769252860511E+01
 6.799E-03  2.21651649813224E+01
 6.892E-03  2.25578844408575E+01
 6.986E-03  2.29550444708745E+01
 7.082E-03  2.33566015998008E+01
 7.178E-03  2.37625079528786E+01
 7.276E-03  2.41727111267683E+01
 7.376E-03  2.45871540643624E+01
 7.476E-03  2.50057749300328E+01
 7.578E-03  2.54285069855470E+01
 7.682E-03  2.58552784669033E+01
 7.787E-03  2.62860124623457E+01
 7.893E-03  2.67206267918365E+01
 8.001E-03  2.71590338882745E+01
 8.110E-03  2.76011406807638E+01
 8.221E-03  2.80468484802511E+01
 8.333E-03  2.84960528678654E+01
 8.447E-03  2.89486435863035E+01
 8.562E-03  2.94045044346289E+01
 8.679E-03  2.98635131668564E+01
 8.798E-03  3.03255413947157E+01
 8.918E-03  3.07904544950020E+01
 9.039E-03  3.12581115219324E+01
 9.163E-03  3.17283651249463E+01
 9.288E-03  3.22010614724007E+01
 9.415E-03  3.26760401816246E+01
 9.543E-03  3.31531342558136E+01
 9.674E-03  3.36321700282579E+01
 9.806E-03  3.41129671144101E+01
 9.940E-03  3.45953383723156E+01
 1.008E-02  3.50790898719357E+01
 1.021E-02  3.55640208739121E+01
 1.035E-02  3.60499238183272E+01
 1.049E-02  3.65365843240281E+01
 1.064E-02  3.70237811990939E+01
 1.078E-02  3.75112864630306E+01
 1.093E-02  3.79988653812891E+01
 1.108E-02  3.84862765127085E+01
 1.123E-02  3.89732717704912E+01
 1.138E-02  3.94595964973225E+01
 1.154E-02  3.99449895552484E+01
 1.170E-02  4.04291834309292E+01
 1.186E-02  4.09119043568841E+01
 1.202E-02  4.13928724493414E+01
 1.218E-02  4.18718018633046E+01
 1.235E-02  4.23484009654395E+01
 1.252E-02  4.28223725253777E+01
 1.269E-02  4.32934139260235E+01
 1.286E-02  4.37612173934382E+01
 1.304E-02  4.42254702468596E+01
 1.321E-02  4.46858551693967E+01
 1.339E-02  4.51420504999207E+01
 1.358E-02  4.55937305466466E+01
 1.376E-02  4.60405659228769E+01
 1.395E-02  4.64822239053432E+01
 1.414E-02  4.69183688155564E+01
 1.433E-02  4.73486624245300E+01
 1.453E-02  4.77727643812081E+01
 1.473E-02  4.81903326648821E+01
 1.493E-02  4.86010240618316E+01
 1.513E-02  4.90044946663753E+01
 1.534E-02  4.94004004064600E+01
 1.555E-02  4.97883975938572E+01
 1.576E-02  5.01681434989689E+01
 1.598E-02  5.05392969501810E+01
 1.619E-02  5.09015189576261E+01
 1.642E-02  5.12544733611379E+01
 1.664E-02  5.15978275021048E+01
 1.687E-02  5.19312529188353E+01
 1.710E-02  5.22544260649641E+01
 1.733E-02  5.25670290503273E+01
 1.757E-02  5.28687504036393E+01
 1.781E-02  5.31592858561963E+01
 1.805E-02  5.34383391457263E+01
 1.830E-02  5.37056228393920E+01
 1.855E-02  5.39608591748332E+01
 1.880E-02  5.42037809180204E+01
 1.906E-02  5.44341322365633E+01
 1.932E-02  5.46516695869904E+01
 1.958E-02  5.48561626143879E+01
 1.985E-02  5.50473950626478E+01
 2.012E-02  5.52251656934433E+01
 2.039E-02  5.53892892119076E+01
 2.067E-02  5.55395971968536E+01
 2.095E-02  5.56759390332273E+01
 2.124E-02  5.57981828443491E+01
 2.153E-02  5.59062164213496E+01
 2.182E-02  5.59999481470633E+01
 2.212E-02  5.60793079115052E+01
 2.242E-02  5.61442480159078E+01
 2.273E-02  5.61947440621597E+01
 2.304E-02  5.62307958243524E+01
 2.335E-02  5.62524280990019E+01
 2.367E-02  5.62596915303895E+01
 2.400E-02  5.62526634073379E+01
 2.432E-02  5.62314484276215E+01
 2.466E-02  5.61961794260990E+01
 2.499E-02  5.61470180625530E+01
 2.533E-02  5.60841554651245E+01
 2.568E-02  5.60078128251491E+01
 2.603E-02  5.59182419391235E+01
 2.639E-02  5.58157256934700E+01
 2.675E-02  5.57005784877196E+01
 2.711E-02  5.55731465916965E+01
 2.748E-02  5.54338084322657E+01
 2.786E-02  5.52829748052059E+01
 2.824E-02  5.51210890077786E+01
 2.862E-02  5.49486268876004E+01
 2.901E-02  5.47660968034729E+01
 2.941E-02  5.45740394939011E+01
 2.981E-02  5.43730278491234E+01
 3.022E-02  5.41636665825900E+01
 3.063E-02  5.39465917979732E+01
 3.105E-02  5.37224704479518E+01
 3.147E-02  5.34919996812055E+01
 3.190E-02  5.32559060742715E+01
 3.234E-02  5.30149447451576E+01
 3.278E-02  5.27698983458793E+01
 3.323E-02  5.25215759313844E+01
 3.368E-02  5.22708117026604E+01
 3.414E-02  5.20184636221717E+01
 3.461E-02  5.17654119001632E+01
 3.508E-02  5.15125573507786E+01
 3.556E-02  5.12608196173831E+01
 3.604E-02  5.10111352669583E+01
 3.654E-02  5.07644557539280E+01
 3.703E-02  5.05217452543080E+01
 3.754E-02  5.02839783716227E+01
 3.805E-02  5.00521377166113E+01
 3.857E-02  4.98272113633526E+01
 3.910E-02  4.96101901850600E+01
 3.963E-02  4.94020650734510E+01
 4.017E-02  4.92038240462605E+01
 4.072E-02  4.90164492481528E+01
 4.128E-02  4.88409138509906E+01
 4.184E-02  4.86781788601282E+01
 4.241E-02  4.85291898341249E+01
 4.299E-02  4.83948735260019E+01
 4.358E-02  4.82761344549008E+01
 4.417E-02  4.81738514177413E+01
 4.478E-02  4.80888739512036E+01
 4.539E-02  4.80220187550899E+01
 4.601E-02  4.79740660888357E+01
 4.664E-02  4.79457561536408E+01
 4.727E-02  4.79377854733726E+01
 4.792E-02  4.79508032880547E+01
 4.857E-02  4.79854079743815E+01
 4.924E-02  4.80421435083012E+01
 4.991E-02  4.81214959852670E+01
 5.059E-02  4.82238902142761E+01
 5.128E-02  4.83496864022867E+01
 5.198E-02  4.84991769460207E+01
 5.269E-02  4.86725833485204E+01
 5.341E-02  4.88700532781269E+01
 5.414E-02  4.90916577877752E+01
 5.488E-02  4.93373887126625E+01
 5.563E-02  4.96071562644228E+01
 5.639E-02  4.99007868399403E+01
 5.716E-02  5.02180210628464E+01
 5.794E-02  5.05585120755621E+01
 5.873E-02  5.09218240994735E+01
 5.953E-02  5.13074312804547E+01
 6.034E-02  5.17147168364706E+01
 6.116E-02  5.21429725234137E+01
 6.200E-02  5.25913984346325E+01
 6.285E-02  5.30591031488069E+01
 6.370E-02  5.35451042399113E+01
 6.457E-02  5.40483291619720E+01
 6.546E-02  5.45676165201839E+01
 6.635E-02  5.51017177386862E+01
 6.725E-02  5.56492991339257E+01
 6.817E-02  5.62089444010435E+01
 6.910E-02  5.67791575191223E+01
 7.005E-02  5.73583660794206E+01
 7.100E-02  5.79449250389061E+01
 7.197E-02  5.85371208994806E+01
 7.296E-02  5.91331763112775E+01
 7.395E-02  5.97312550963078E+01
 7.496E-02  6.03294676865408E+01
 7.598E-02  6.09258769682391E+01
 7.702E-02  6.15185045220365E+01
 7.807E-02  6.21053372458485E+01
 7.914E-02  6.26843343452666E+01
 8.022E-02  6.32534346736007E+01
 8.132E-02  6.38105644012282E+01
 8.243E-02  6.43536449913825E+01
 8.355E-02  6.48806014569859E+01
 8.469E-02  6.53893708706221E+01
 8.585E-02  6.58779110972530E+01
 8.702E-02  6.63442097168412E+01
 8.821E-02  6.67862931016521E+01
 8.941E-02  6.72022356106972E+01
 9.063E-02  6.75901688615607E+01
 9.187E-02  6.79482910377336E+01
 9.312E-02  6.82748761876024E+01
 9.440E-02  6.85682834693905E+01
 9.568E-02  6.88269662946767E+01
 9.699E-02  6.90494813216189E+01
 9.831E-02  6.92344972477124E+01
 9.966E-02  6.93808033508369E+01
 1.010E-01  6.94873177265046E+01
 1.024E-01  6.95530951686339E+01
 1.038E-01  6.95773346408621E+01
 1.052E-01  6.95593862853838E+01
 1.066E-01  6.94987579165808E+01
 1.081E-01  6.93951209473148E+01
 1.096E-01  6.92483156966844E+01
 1.111E-01  6.90583560293361E+01
 1.126E-01  6.88254332780613E+01
 1.141E-01  6.85499194034194E+01
 1.157E-01  6.82323693465248E+01
 1.173E-01  6.78735225338999E+01
 1.189E-01  6.74743034964626E+01
 1.205E-01  6.70358215682617E+01
 1.221E-01  6.65593696345098E+01
 1.238E-01  6.60464219027816E+01
 1.255E-01  6.54986306759360E+01
 1.272E-01  6.49178221103790E+01
 1.289E-01  6.43059909486891E+01
 1.307E-01  6.36652942213648E+01
 1.325E-01  6.29980439184996E+01
 1.343E-01  6.23066986385220E+01
 1.361E-01  6.15938542277182E+01
 1.380E-01  6.08622334310586E+01
 1.399E-01  6.01146745818317E+01
 1.418E-01  5.93541193647046E+01
 1.437E-01  5.85835996940447E+01
 1.457E-01  5.78062237565816E+01
 1.477E-01  5.70251612747264E+01
 1.497E-01  5.62436280540286E+01
 1.517E-01  5.54648698852794E+01
 1.538E-01  5.46921458786053E+01
 1.559E-01  5.39287113134659E+01
 1.580E-01  5.31778000947144E+01
 1.602E-01  5.24426069107239E+01
 1.624E-01  5.17262691949665E+01
 1.646E-01  5.10318489972810E+01
 1.668E-01  5.03623148753222E+01
 1.691E-01  4.97205239202772E+01
 1.714E-01  4.91092040338126E+01
 1.738E-01  4.85309365753155E+01
 1.761E-01  4.79881394997728E+01
 1.785E-01  4.74830511070349E+01
 1.810E-01  4.70177145227183E+01
 1.834E-01  4.65939630295570E+01
 1.860E-01  4.62134063656186E+01
 1.885E-01  4.58774181024231E+01
 1.911E-01  4.55871242116422E+01
 1.937E-01  4.53433929237163E+01
 1.963E-01  4.51468259754108E+01
 1.990E-01  4.49977513360639E+01
 2.017E-01  4.48962174940861E+01
 2.045E-01  4.48419893761837E+01
 2.073E-01  4.48345459618523E+01
 2.101E-01  4.48730796449599E+01
 2.130E-01  4.49564973827935E+01
 2.159E-01  4.50834236608300E+01
 2.188E-01  4.52522052888082E+01
 2.218E-01  4.54609180305008E+01
 2.248E-01  4.57073750560214E+01
 2.279E-01  4.59891371916444E+01
 2.310E-01  4.63035249280978E+01
 2.342E-01  4.66476321342116E+01
 2.374E-01  4.70183414088088E+01
 2.406E-01  4.74123409899441E+01
 2.439E-01  4.78261431271546E+01
 2.472E-01  4.82561038094364E+01
 2.506E-01  4.86984437293349E+01
 2.540E-01  4.91492703519737E+01
 2.575E-01  4.96046009471802E+01
 2.610E-01  5.00603864332218E+01
 2.646E-01  5.05125358721693E+01
 2.682E-01  5.09569414496586E+01
 2.718E-01  5.13895037659216E+01
 2.755E-01  5.18061572604999E+01
 2.793E-01  5.22028955900865E+01
 2.831E-01  5.25757967775338E+01
 2.870E-01  5.29210479502325E+01
 2.909E-01  5.32349694878428E+01
 2.949E-01  5.35140384027118E+01
 2.989E-01  5.37549107812495E+01
 3.030E-01  5.39544431209854E+01
 3.071E-01  5.41097124059504E+01
 3.113E-01  5.42180347723337E+01
 3.156E-01  5.42769826269655E+01
 3.199E-01  5.42844000929585E+01
 3.242E-01  5.42384166696898E+01
 3.287E-01  5.41374590080876E+01
 3.331E-01  5.39802607167613E+01
 3.377E-01  5.37658701297361E+01
 3.423E-01  5.34936559822767E+01
 3.470E-01  5.31633109573531E+01
 3.517E-01  5.27748530815654E+01
 3.565E-01  5.23286249656565E+01
 3.614E-01  5.18252909009590E+01
 3.663E-01  5.12658318391003E+01
 3.713E-01  5.06515382979044E+01
 3.764E-01  4.99840012515565E+01
 3.815E-01  4.92651010776206E+01
 3.867E-01  4.84969946473240E+01
 3.920E-01  4.76821006585525E+01
 3.974E-01  4.68230833231546E+01
 4.028E-01  4.59228345313624E+01
 4.083E-01  4.49844546263467E+01
 4.139E-01  4.40112319310728E+01
 4.195E-01  4.30066211776841E+01
 4.252E-01  4.19742209965703E+01
 4.311E-01  4.09177506280551E+01
 4.369E-01  3.98410260242407E+01
 4.429E-01  3.87479355119701E+01
 4.489E-01  3.76424151900832E+01
 4.551E-01  3.65284242351708E+01
 4.613E-01  3.54099202898390E+01
 4.676E-01  3.42908351061135E+01
 4.740E-01  3.31750506140188E+01
 4.804E-01  3.20663755815831E+01
 4.870E-01  3.09685230275463E+01
 4.936E-01  2.98850885418988E+01
 5.004E-01  2.88195296620804E+01
 5.072E-01  2.77751464442270E+01
 5.141E-01  2.67550633593222E+01
 5.212E-01  2.57622126335107E+01
 5.283E-01  2.47993191402276E+01
 5.355E-01  2.38688869392467E+01
 5.428E-01  2.29731875443326E+01
 5.502E-01  2.21142499869931E+01
 5.577E-01  2.12938527289670E+01
 5.653E-01  2.05135174606970E+01
 5.731E-01  1.97745048072453E+01
 5.809E-01  1.90778119470940E+01
 5.888E-01  1.84241721331988E+01
 5.969E-01  1.78140560897154E+01
 6.050E-01  1.72476752422018E+01
 6.133E-01  1.67249867239968E+01
 6.216E-01  1.62457000870992E+01
 6.301E-01  1.58092856323848E+01
 6.387E-01  1.54149842615910E+01
 6.474E-01  1.50618187422933E+01
 6.563E-01  1.47486062672214E+01
 6.652E-01  1.44739721807909E+01
 6.743E-01  1.42363647387049E+01
 6.835E-01  1.40340707609185E+01
 6.929E-01  1.38652320341413E+01
 7.023E-01  1.37278623173331E+01
 7.119E-01  1.36198648022592E+01
 7.216E-01  1.35390498810546E+01
 7.315E-01  1.34831530738130E+01
 7.415E-01  1.34498529714126E+01
 7.516E-01  1.34367890520466E+01
 7.618E-01  1.34415792342004E+01
 7.723E-01  1.34618370340636E+01
 7.828E-01  1.34951882015623E+01
 7.935E-01  1.35392867163003E+01
 8.043E-01  1.35918300326945E+01
 8.153E-01  1.36505734724263E+01
 8.264E-01  1.37133436719682E+01
 8.377E-01  1.37780510033134E+01
 8.491E-01  1.38427008970580E+01
 8.607E-01  1.39054040085637E+01
 8.725E-01  1.39643851799443E+01
 8.844E-01  1.40179911629507E+01
 8.965E-01  1.40646970803277E+01
 9.087E-01  1.41031116157329E+01
 9.211E-01  1.41319809346971E+01
 9.337E-01  1.41501913511939E+01
 9.464E-01  1.41567707660398E+01
 9.594E-01  1.41508889144054E+01
 9.725E-01  1.41318564700492E+01
 9.857E-01  1.40991230633763E+01
 9.992E-01  1.40522742789526E+01
 1.013E+00  1.39910277055929E+01
 1.027E+00  1.39152281185193E+01
 1.041E+00  1.38248418782974E+01
 1.055E+00  1.37199506352863E+01
 1.069E+00  1.36007444311633E+01
 1.084E+00  1.34675142907274E+01
 1.099E+00  1.33206443976734E+01
 1.114E+00  1.31606039474086E+01
 1.129E+00  1.29879387683204E+01
 1.144E+00  1.28032628002702E+01
 1.160E+00  1.26072495155779E+01
 1.176E+00  1.24006233634635E+01
 1.192E+00  1.21841513139336E+01
 1.208E+00  1.19586345715457E+01
 1.225E+00  1.17249005234631E+01
 1.241E+00  1.14837949798327E+01
 1.258E+00  1.12361747578892E+01
 1.275E+00  1.09829006544065E+01
 1.293E+00  1.07248308442877E+01
 1.310E+00  1.04628147362919E+01
 1.328E+00  1.01976873102253E+01
 1.347E+00  9.93026395345407E+00
 1.365E+00  9.66133580838719E+00
 1.384E+00  9.39166563669017E+00
 1.402E+00  9.12198420047573E+00
 1.422E+00  8.85298715560563E+00
 1.441E+00  8.58533244756818E+00
 1.461E+00  8.31963819618379E+00
 1.481E+00  8.05648105165192E+00
 1.501E+00  7.79639500119260E+00
 1.521E+00  7.53987060275345E+00
 1.542E+00  7.28735461994130E+00
 1.563E+00  7.03925003048422E+00
 1.584E+00  6.79591637911791E+00
 1.606E+00  6.55767044479802E+00
 1.628E+00  6.32478719154369E+00
 1.650E+00  6.09750097198990E+00
 1.673E+00  5.87600695283768E+00
 1.696E+00  5.66046273181211E+00
 1.719E+00  5.45099011643660E+00
 1.742E+00  5.24767703587596E+00
 1.766E+00  5.05057955825955E+00
 1.790E+00  4.85972398723691E+00
 1.815E+00  4.67510901301163E+00
 1.839E+00  4.49670789471530E+00
 1.864E+00  4.32447065269380E+00
 1.890E+00  4.15832625105557E+00
 1.916E+00  3.99818475265205E+00
 1.942E+00  3.84393943049917E+00
 1.968E+00  3.69546882148525E+00
 1.995E+00  3.55263871002503E+00
 2.022E+00  3.41530403109432E+00
 2.050E+00  3.28331068379899E+00
 2.078E+00  3.15649724828327E+00
 2.106E+00  3.03469660035261E+00
 2.135E+00  2.91773741966750E+00
 2.164E+00  2.80544558874820E+00
 2.194E+00  2.69764548131041E+00
 2.224E+00  2.59416113962477E+00
 2.254E+00  2.49481734165598E+00
 2.285E+00  2.39944055968909E+00
 2.316E+00  2.30785981299169E+00
 2.348E+00  2.21990741779292E+00
 2.380E+00  2.13541963848588E+00
 2.412E+00  2.05423724448326E+00
 2.445E+00  1.97620597758104E+00
 2.479E+00  1.90117693501704E+00
 2.513E+00  1.82900687365649E+00
 2.547E+00  1.75955844090085E+00
 2.582E+00  1.69270033800625E+00
 2.617E+00  1.62830742152069E+00
 2.653E+00  1.56626074851103E+00
 2.689E+00  1.50644757115967E+00
 2.725E+00  1.44876128617208E+00
 2.763E+00  1.39310134425829E+00
 2.800E+00  1.33937312473876E+00
 2.839E+00  1.28748778008559E+00
 2.877E+00  1.23736205494802E+00
 2.917E+00  1.18891808393309E+00
 2.956E+00  1.14208317212296E+00
 2.997E+00  1.09678956201368E+00
 3.038E+00  1.05297419026158E+00
 3.079E+00  1.01057843732509E+00
 3.121E+00  9.69547872795511E-01
 3.164E+00  9.29831998928291E-01
 3.207E+00  8.91383994600573E-01
 3.251E+00  8.54160461664128E-01
 3.295E+00  8.18121175406655E-01
 3.340E+00  7.83228840597772E-01
 3.386E+00  7.49448854373835E-01
 3.432E+00  7.16749077009700E-01
 3.479E+00  6.85099611435917E-01
 3.526E+00  6.54472592186553E-01
 3.575E+00  6.24841984305894E-01
 3.623E+00  5.96183392601222E-01
 3.673E+00  5.68473881503157E-01
 3.723E+00  5.41691805684106E-01
 3.774E+00  5.15816651488261E-01
 3.825E+00  4.90828889142567E-01
 3.878E+00  4.66709835646076E-01
 3.930E+00  4.43441528174188E-01
 3.984E+00  4.21006607783425E-01
 4.039E+00  3.99388213160486E-01
 4.094E+00  3.78569884125478E-01
 4.150E+00  3.58535474572361E-01
 4.206E+00  3.39269074508771E-01
 4.264E+00  3.20754940841784E-01
 4.322E+00  3.02977436544772E-01
 4.381E+00  2.85920977832734E-01
 4.441E+00  2.69569988968478E-01
 4.501E+00  2.53908864319359E-01
 4.563E+00  2.38921937283211E-01
 4.625E+00  2.24593455702349E-01
 4.688E+00  2.10907563385596E-01
 4.752E+00  1.97848287359978E-01
 4.817E+00  1.85399530475715E-01
 4.883E+00  1.73545068990378E-01
 4.950E+00  1.62268554760373E-01
 5.017E+00  1.51553521670345E-01
 5.086E+00  1.41383395933541E-01
 5.155E+00  1.31741509898840E-01
 5.225E+00  1.22611119003023E-01
 5.297E+00  1.13975421510103E-01
 5.369E+00  1.05817580683294E-01
 5.442E+00  9.81207490395858E-02
 5.517E+00  9.08680943421145E-02
 5.592E+00  8.40428269916708E-02
 5.668E+00  7.76282284859555E-02
 5.746E+00  7.16076806236638E-02
 5.824E+00  6.59646951402791E-02
 5.904E+00  6.06829434736514E-02
 5.984E+00  5.57462863700773E-02
 6.066E+00  5.11388030557041E-02
 6.149E+00  4.68448197136412E-02
 6.233E+00  4.28489370241231E-02
 6.318E+00  3.91360565433629E-02
 6.404E+00  3.56914057162377E-02
 6.491E+00  3.25005613385454E-02
 6.580E+00  2.95494713060656E-02
 6.670E+00  2.68244745098965E-02
 6.761E+00  2.43123187602900E-02
 6.853E+00  2.20001766442661E-02
 6.947E+00  1.98756592454132E-02
 7.042E+00  1.79268276772466E-02
 7.138E+00  1.61422024040557E-02
 7.235E+00  1.45107703451039E-02
 7.334E+00  1.30219897791132E-02
 7.434E+00  1.16657930859727E-02
 7.536E+00  1.04325873813552E-02
 7.639E+00  9.31325311723534E-03
 7.743E+00  8.29914073703079E-03
 7.849E+00  7.38206548810281E-03
 7.956E+00  6.55430050656797E-03
 8.064E+00  5.80856829970722E-03
 8.174E+00  5.13803075968222E-03
 8.286E+00  4.53627784876384E-03
 8.399E+00  3.99731510086432E-03
 8.514E+00  3.51555008688384E-03
 8.630E+00  3.08577799230389E-03
 8.748E+00  2.70316645467371E-03
 8.867E+00  2.36323980625475E-03
 8.988E+00  2.06186286323771E-03
 9.111E+00  1.79522439777247E-03
 9.235E+00  1.55982042270727E-03
 9.362E+00  1.35243741156961E-03
 9.489E+00  1.17013556813612E-03
 9.619E+00  1.01023225105458E-03
 9.750E+00  8.70285649601281E-04
 9.883E+00  7.48078796925689E-04
 1.002E+01  6.41603997211753E-04
 1.016E+01  5.49047733217289E-04
 1.029E+01  4.68776110774700E-04
 1.043E+01  3.99320887172010E-04
 1.058E+01  3.39366120992230E-04
 1.072E+01  2.87735472067203E-04
 1.087E+01  2.43380171780043E-04
 1.102E+01  2.05367676094218E-04
 1.117E+01  1.72871006448345E-04
 1.132E+01  1.45158777070934E-04
 1.147E+01  1.21585901361931E-04
 1.163E+01  1.01584964768507E-04
 1.179E+01  8.46582470501096E-05
 1.195E+01  7.03703729707591E-05
 1.211E+01  5.83415672540470E-05
 1.228E+01  4.82414870595506E-05
 1.245E+01  3.97836032531017E-05
 1.262E+01  3.27201003070292E-05
 1.279E+01  2.68372637355489E-05
 1.296E+01  2.19513234977920E-05
 1.314E+01  1.79047217377274E-05
 1.332E+01  1.45627735271347E-05
 1.350E+01  1.18106898859531E-05
 1.368E+01  9.55093322610223E-06
 1.387E+01  7.70087645447599E-06
 1.406E+01  6.19073823503731E-06
 1.425E+01  4.96176830844166E-06
 1.445E+01  3.96465826336358E-06
 1.464E+01  3.15815471311311E-06
 1.484E+01  2.50785342430734E-06
 1.505E+01  1.98515454501695E-06
 1.525E+01  1.56636066528915E-06
 1.546E+01  1.23190099409934E-06
 1.567E+01  9.65666437820074E-07
 1.589E+01  7.54441803554315E-07
 1.610E+01  5.87422716399803E-07
 1.632E+01  4.55806125770625E-07
 1.655E+01  3.52444477900234E-07
 1.677E+01  2.71556390934337E-07
 1.700E+01  2.08493165346720E-07
 1.723E+01  1.59502779378750E-07
 1.747E+01  1.21581742745026E-07
 1.771E+01  9.23359609913614E-08
 1.795E+01  6.98641190726558E-08
 1.819E+01  5.26618834896956E-08
 1.844E+01  3.95435114209041E-08
 1.869E+01  2.95779551189943E-08
 1.895E+01  2.20369874692954E-08
 1.921E+01  1.63532556994544E-08
 1.947E+01  1.20865004532981E-08
 1.974E+01  8.89646216426882E-09
 2.000E+01  6.52124094028743E-09
 2.028E+01  4.76008471190612E-09
 2.055E+01  3.45975754761119E-09
 2.084E+01  2.50378978429399E-09
 2.112E+01  1.80403757059514E-09
 2.141E+01  1.29408483086143E-09
 2.170E+01  9.24108437728157E-10
 2.200E+01  6.56900114566802E-10
 2.230E+01  4.64798551438654E-10
 2.260E+01  3.27334402127791E-10
 2.291E+01  2.29430967490754E-10
 2.322E+01  1.60035957840612E-10
 2.354E+01  1.11086048144683E-10
 2.386E+01  7.67270889641740E-11
 2.419E+01  5.27297405189982E-11
 2.452E+01  3.60537375655664E-11
 2.485E+01  2.45246218791351E-11
 2.519E+01  1.65951398351114E-11
 2.554E+01  1.11700433054699E-11
 2.588E+01  7.47812097087807E-12
 2.624E+01  4.97922455341211E-12
 2.660E+01  3.29708392357480E-12
 2.696E+01  2.17102274133471E-12
 2.733E+01  1.42144935608127E-12
 2.770E+01  9.25331110936286E-13
 2.808E+01  5.98862796230520E-13
 2.846E+01  3.85289410059673E-13
 2.885E+01  2.46400210598085E-13
 2.924E+01  1.56622284140636E-13
 2.964E+01  9.89437192998299E-14
 3.005E+01  6.21166945026469E-14
 3.046E+01  3.87504362073071E-14
 3.087E+01  2.40190167346618E-14
 3.130E+01  1.47912857167520E-14
 3.172E+01  9.04877688487487E-15
 3.216E+01  5.49879763007387E-15
 3.259E+01  3.31894160662332E-15
 3.304E+01  1.98950518601377E-15
 3.349E+01  1.18430387411708E-15
 3.395E+01  7.00022981262270E-16
 3.441E+01  4.10818901437615E-16
 3.488E+01  2.39350771643054E-16
 3.536E+01  1.38427471732512E-16
 3.584E+01  7.94637282575789E-17
 3.633E+01  4.52720689112130E-17
 3.683E+01  2.55953725510796E-17
 3.733E+01  1.43587494878745E-17
 3.784E+01  7.99189100485903E-18
 3.835E+01  4.41279088040769E-18
 3.888E+01  2.41690986995526E-18
 3.941E+01  1.31293335802184E-18
 3.995E+01  7.07312249186924E-19
 4.049E+01  3.77847392994352E-19
 4.104E+01  2.00128180438487E-19
 4.161E+01  1.05083797275545E-19
 4.217E+01  5.46949714474408E-20
 4.275E+01  2.82157051206243E-20
 4.333E+01  1.44249164490095E-20
 4.392E+01  7.30736667137864E-21
 4.452E+01  3.66757723547147E-21
 4.513E+01  1.82353142987491E-21
 4.575E+01  8.98063355978207E-22
 4.637E+01  4.38029969906517E-22
 4.701E+01  2.11566309524976E-22
 4.765E+01  1.01175916027512E-22
 4.830E+01  4.79002155127252E-23
 4.896E+01  2.24475698033929E-23
 4.963E+01  1.04115605280906E-23
 5.030E+01  4.77885511594213E-24
 5.099E+01  2.17045144620207E-24
 5.169E+01  9.75377115977545E-25
 5.239E+01  4.33741863701532E-25
 5.311E+01  1.90938106648789E-25
 5.383E+01  8.32989399709011E-26
 5.457E+01  3.61166316124318E-26
 5.531E+01  1.56720150197304E-26
 5.607E+01  0.00000000000000E+00
 5.683E+01  0.00000000000000E+00
 5.761E+01  0.00000000000000E+00
 5.839E+01  0.00000000000000E+00
 5.919E+01  0.00000000000000E+00
 6.000E+01  0.00000000000000E+00
