./ilogA is logfile.
./chgdenTm calculation starts
rmin,rmax=  1.45E-08  2.41E+01
  19866.03855534 -11742.76417034      0.30000000    1
   1224.88870059 -12721.73623147      0.30000000    1
    754.66870428 -13211.79700511      0.30000000    1
    451.68328919 -13429.47065414      0.30000000    1
    262.14645537 -13512.36330173      0.30000000    1
    148.07315685 -13538.57191332      0.30000000    1
     82.63863128 -13545.67234432      0.30000000    1
     47.03263476 -13547.76144982      0.30000000    1
     28.29159537 -13548.59844006      0.30000000    1
     18.06503296 -13548.97512785      0.30000000    1
     11.88384758 -13549.13967523      0.30000000    1
      7.87782704 -13549.20916416      0.30000000    1
      5.23551587 -13549.23804640      0.30000000    1
      3.48179726 -13549.25000896      0.30000000    1
      2.31412640 -13549.25497389      0.30000000    1
      1.53654021 -13549.25704303      0.30000000    1
      1.01932251 -13549.25791007      0.30000000    1
      0.67585435 -13549.25827594      0.30000000    1
      0.44809502 -13549.25843165      0.30000000    1
      0.29720893 -13549.25849858      0.30000000    1
      0.19728657 -13549.25852766      0.30000000    1
      0.13110205 -13549.25854044      0.30000000    1
      0.08723510 -13549.25854612      0.30000000    1
      0.05813043 -13549.25854868      0.30000000    1
      0.03879518 -13549.25854984      0.30000000    1
      0.02593125 -13549.25855037      0.30000000    1
      0.01735928 -13549.25855062      0.30000000    1
      0.01163806 -13549.25855074      0.30000000    1
      0.00781338 -13549.25855079      0.30000000    1
      0.00525251 -13549.25855082      0.30000000    1
      0.00353526 -13549.25855083      0.30000000    1
      0.00238208 -13549.25855084      0.30000000    1
      0.00160666 -13549.25855084      0.30000000    1
      0.00108463 -13549.25855084      0.30000000    1
      0.00073278 -13549.25855084      0.30000000    1
      0.00049541 -13549.25855084      0.30000000    1
      0.00000000 -13549.25855084      1.00000000    2
      0.00000000 -13549.25855084      1.00000000    3
    1   0 0  -1/2   1    2.0000      -2161.695696
    2   0 0  -1/2   1    2.0000       -364.972053
    2   1 1  -1/2   1    2.0000       -348.208314
    2   1 1  -3/2   1    4.0000       -312.615467
    3   0 0  -1/2   1    2.0000        -82.043389
    3   1 1  -1/2   1    2.0000        -74.605799
    3   1 1  -3/2   1    4.0000        -67.084275
    3   2 2  -3/2   1    4.0000        -54.309583
    3   2 2  -5/2   1    6.0000        -52.656664
    4   0 0  -1/2   1    2.0000        -16.131022
    4   1 1  -1/2   1    2.0000        -13.131683
    4   1 1  -3/2   1    4.0000        -11.425673
    4   2 2  -3/2   1    4.0000         -6.467964
    4   2 2  -5/2   1    6.0000         -6.156134
    5   0 0  -1/2   1    2.0000         -1.954272
    5   1 1  -1/2   1    2.0000         -1.141666
    5   1 1  -3/2   1    4.0000         -0.931969
    4   3 3  -5/2   1    5.5714         -0.151742
    4   3 3  -7/2   1    7.4286         -0.107640
    6   0 0  -1/2   1    2.0000         -0.147783
 total energy =   -1.35492585508437E+04 -3.68694294130427E+05
