./ilogA is logfile.
./chgdenRb calculation starts
rmin,rmax=  2.70E-08  3.29E+01
   5424.62487007  -2605.88487345      0.30000000    1
    462.46510558  -2803.70420170      0.30000000    1
    285.61260192  -2902.97391607      0.30000000    1
    171.39770543  -2947.70616794      0.30000000    1
     99.79057233  -2965.47978202      0.30000000    1
     56.57944058  -2971.72382901      0.30000000    1
     31.61084850  -2973.75531097      0.30000000    1
     17.71877408  -2974.41676011      0.30000000    1
     10.13125959  -2974.64268244      0.30000000    1
      5.96500847  -2974.72347716      0.30000000    1
      3.62519384  -2974.75358865      0.30000000    1
      2.26888645  -2974.76541897      0.30000000    1
      1.45456513  -2974.77036416      0.30000000    1
      0.94893170  -2974.77254997      0.30000000    1
      0.62611867  -2974.77355533      0.30000000    1
      0.41584816  -2974.77402906      0.30000000    1
      0.27711406  -2974.77425537      0.30000000    1
      0.18490270  -2974.77436434      0.30000000    1
      0.12338613  -2974.77441710      0.30000000    1
      0.08228698  -2974.77444275      0.30000000    1
      0.05482411  -2974.77445528      0.30000000    1
      0.03648312  -2974.77446142      0.30000000    1
      0.02424543  -2974.77446445      0.30000000    1
      0.01608919  -2974.77446595      0.30000000    1
      0.01065990  -2974.77446670      0.30000000    1
      0.00705059  -2974.77446707      0.30000000    1
      0.00465454  -2974.77446726      0.30000000    1
      0.00306631  -2974.77446735      0.30000000    1
      0.00201525  -2974.77446740      0.30000000    1
      0.00132092  -2974.77446742      0.30000000    1
      0.00086315  -2974.77446743      0.30000000    1
      0.00056203  -2974.77446744      0.30000000    1
      0.00036444  -2974.77446744      0.30000000    1
      0.00000000  -2974.77446745      1.00000000    2
      0.00000000  -2974.77446745      1.00000000    3
    1   0 0  -1/2   1    2.0000       -549.409292
    2   0 0  -1/2   1    2.0000        -73.465674
    2   1 1  -1/2   1    2.0000        -66.751259
    2   1 1  -3/2   1    4.0000        -64.534405
    3   0 0  -1/2   1    2.0000        -10.882825
    3   1 1  -1/2   1    2.0000         -8.463923
    3   1 1  -3/2   1    4.0000         -8.129903
    3   2 2  -3/2   1    4.0000         -3.864280
    3   2 2  -5/2   1    6.0000         -3.807339
    4   0 0  -1/2   1    2.0000         -1.172320
    4   1 1  -1/2   1    2.0000         -0.611498
    4   1 1  -3/2   1    4.0000         -0.578639
    5   0 0  -1/2   1    1.0000         -0.086697
 total energy =   -2.97477446744737E+03 -8.09477779434973E+04
