./ilogA is logfile.
./chgdenSi calculation starts
rmin,rmax=  7.14E-08  5.35E+01
    764.22154906   -256.43336359      0.30000000    1
    102.68259153   -273.52316441      0.30000000    1
     63.74501531   -282.11307165      0.30000000    1
     38.51789814   -286.05451098      0.30000000    1
     22.61848400   -287.70436958      0.30000000    1
     12.92971099   -288.34259830      0.30000000    1
      7.22991459   -288.57547557      0.30000000    1
      3.98054129   -288.65679852      0.30000000    1
      2.17362493   -288.68408123      0.30000000    1
      1.18705869   -288.69289044      0.30000000    1
      0.65467034   -288.69565429      0.30000000    1
      0.36836994   -288.69651325      0.30000000    1
      0.21332827   -288.69678439      0.30000000    1
      0.12780579   -288.69687354      0.30000000    1
      0.07926106   -288.69690468      0.30000000    1
      0.05071483   -288.69691636      0.30000000    1
      0.03329055   -288.69692105      0.30000000    1
      0.02227898   -288.69692305      0.30000000    1
      0.01511421   -288.69692394      0.30000000    1
      0.01034676   -288.69692436      0.30000000    1
      0.00712330   -288.69692455      0.30000000    1
      0.00492027   -288.69692465      0.30000000    1
      0.00340442   -288.69692469      0.30000000    1
      0.00235725   -288.69692471      0.30000000    1
      0.00163233   -288.69692473      0.30000000    1
      0.00113004   -288.69692473      0.30000000    1
      0.00078195   -288.69692473      0.30000000    1
      0.00054079   -288.69692474      0.30000000    1
      0.00037380   -288.69692474      0.30000000    1
      0.00000000   -288.69692474      1.00000000    2
      0.00000000   -288.69692474      1.00000000    3
    1   0 0  -1/2   1    2.0000        -65.257510
    2   0 0  -1/2   1    2.0000         -5.093272
    2   1 1  -1/2   1    2.0000         -3.528149
    2   1 1  -3/2   1    4.0000         -3.504431
    3   0 0  -1/2   1    2.0000         -0.399510
    3   1 1  -1/2   1    0.6667         -0.153801
    3   1 1  -3/2   1    1.3333         -0.152600
 total energy =   -2.88696924736737E+02 -7.85584749778125E+03
