./ilogA is logfile.
./chgdenSn calculation starts
rmin,rmax=  2.00E-08  2.83E+01
  10069.31454834  -5410.00501445      0.30000000    1
    729.38131124  -5815.26679055      0.30000000    1
    451.53583297  -6017.96596986      0.30000000    1
    272.29436027  -6109.48562117      0.30000000    1
    159.83035559  -6146.25586646      0.30000000    1
     91.59955082  -6159.31398095      0.30000000    1
     51.68530667  -6163.44051160      0.30000000    1
     29.12755338  -6164.65321786      0.30000000    1
     16.70155801  -6165.02583679      0.30000000    1
      9.89887411  -6165.16198563      0.30000000    1
      6.09361120  -6165.22017161      0.30000000    1
      3.87156680  -6165.24623628      0.30000000    1
      2.51295073  -6165.25765344      0.30000000    1
      1.65239259  -6165.26244799      0.30000000    1
      1.09493533  -6165.26438533      0.30000000    1
      0.72899927  -6165.26514782      0.30000000    1
      0.48685846  -6165.26544432      0.30000000    1
      0.32581863  -6165.26555974      0.30000000    1
      0.21835929  -6165.26560522      0.30000000    1
      0.14649578  -6165.26562349      0.30000000    1
      0.09836694  -6165.26563103      0.30000000    1
      0.06610117  -6165.26563422      0.30000000    1
      0.04445312  -6165.26563560      0.30000000    1
      0.02991863  -6165.26563622      0.30000000    1
      0.02015329  -6165.26563650      0.30000000    1
      0.01358727  -6165.26563664      0.30000000    1
      0.00916883  -6165.26563670      0.30000000    1
      0.00619293  -6165.26563673      0.30000000    1
      0.00418679  -6165.26563674      0.30000000    1
      0.00283309  -6165.26563675      0.30000000    1
      0.00191878  -6165.26563675      0.30000000    1
      0.00130065  -6165.26563675      0.30000000    1
      0.00088236  -6165.26563675      0.30000000    1
      0.00059905  -6165.26563675      0.30000000    1
      0.00040699  -6165.26563675      0.30000000    1
      0.00000000  -6165.26563675      1.00000000    2
      0.00000000  -6165.26563675      1.00000000    3
    1   0 0  -1/2   1    2.0000      -1059.406314
    2   0 0  -1/2   1    2.0000       -160.105748
    2   1 1  -1/2   1    2.0000       -149.766137
    2   1 1  -3/2   1    4.0000       -141.368698
    3   0 0  -1/2   1    2.0000        -30.891859
    3   1 1  -1/2   1    2.0000        -26.656376
    3   1 1  -3/2   1    4.0000        -25.122079
    3   2 2  -3/2   1    4.0000        -17.573123
    3   2 2  -5/2   1    6.0000        -17.254824
    4   0 0  -1/2   1    2.0000         -4.892750
    4   1 1  -1/2   1    2.0000         -3.477531
    4   1 1  -3/2   1    4.0000         -3.198056
    4   2 2  -3/2   1    4.0000         -0.976189
    4   2 2  -5/2   1    6.0000         -0.937711
    5   0 0  -1/2   1    2.0000         -0.395935
    5   1 1  -1/2   1    0.6667         -0.153891
    5   1 1  -3/2   1    1.3333         -0.136894
 total energy =   -6.16526563675359E+03 -1.67765509347957E+05
