./ilogA is logfile.
./chgdenAl calculation starts
rmin,rmax=  7.69E-08  5.55E+01
    658.70757826   -214.48011917      0.30000000    1
     91.96712706   -228.92014609      0.30000000    1
     57.03051082   -236.17769331      0.30000000    1
     34.38490498   -239.48705055      0.30000000    1
     20.12187205   -240.85284699      0.30000000    1
     11.45782661   -241.37260352      0.30000000    1
      6.39252358   -241.56198393      0.30000000    1
      3.52628734   -241.63044002      0.30000000    1
      1.93970400   -241.65530311      0.30000000    1
      1.07150696   -241.66431711      0.30000000    1
      0.59815292   -241.66755096      0.30000000    1
      0.33943555   -241.66869726      0.30000000    1
      0.19682031   -241.66910074      0.30000000    1
      0.11702153   -241.66924287      0.30000000    1
      0.07142538   -241.66929340      0.30000000    1
      0.04470207   -241.66931166      0.30000000    1
      0.02860427   -241.66931843      0.30000000    1
      0.01864273   -241.66932101      0.30000000    1
      0.01232674   -241.66932203      0.30000000    1
      0.00823930   -241.66932244      0.30000000    1
      0.00555060   -241.66932262      0.30000000    1
      0.00375995   -241.66932270      0.30000000    1
      0.00255657   -241.66932274      0.30000000    1
      0.00174266   -241.66932275      0.30000000    1
      0.00118975   -241.66932276      0.30000000    1
      0.00081304   -241.66932276      0.30000000    1
      0.00055590   -241.66932277      0.30000000    1
      0.00038017   -241.66932277      0.30000000    1
      0.00000000   -241.66932277      1.00000000    2
      0.00000000   -241.66932277      1.00000000    3
    1   0 0  -1/2   1    2.0000        -55.203755
    2   0 0  -1/2   1    2.0000         -3.947000
    2   1 1  -1/2   1    2.0000         -2.572511
    2   1 1  -3/2   1    4.0000         -2.556325
    3   0 0  -1/2   1    2.0000         -0.287571
    3   1 1  -1/2   1    0.3333         -0.102721
    3   1 1  -3/2   1    0.6667         -0.102096
 total energy =   -2.41669322768525E+02 -6.57616060958344E+03
