line2: Z,NR,R(1),R(NR) /line3,4,...: R(N),RHO*4*PI*R(N)**2
37.00  2000  1.01365245284744E-10  6.00000000000000E+01
 1.014E-10  1.86710788110663E-14
 1.027E-10  1.91650571990653E-14
 1.042E-10  1.96721047112469E-14
 1.056E-10  2.09922033515826E-14
 1.070E-10  2.15475914400504E-14
 1.085E-10  2.21176733614447E-14
 1.100E-10  2.27028378686058E-14
 1.115E-10  2.33034839996356E-14
 1.130E-10  2.39200213499017E-14
 1.145E-10  2.45528703513957E-14
 1.161E-10  2.52024625594237E-14
 1.177E-10  2.58692409468955E-14
 1.193E-10  2.65536602064009E-14
 1.209E-10  2.72561870602723E-14
 1.226E-10  2.79773005788576E-14
 1.242E-10  2.87174925072097E-14
 1.259E-10  2.94772676004139E-14
 1.276E-10  3.02571439678020E-14
 1.294E-10  3.10576534262579E-14
 1.312E-10  3.18793418628772E-14
 1.329E-10  3.27227696072226E-14
 1.348E-10  3.35885118134225E-14
 1.366E-10  3.44771588523898E-14
 1.385E-10  3.53893167144045E-14
 1.404E-10  3.63256074223548E-14
 1.423E-10  3.72866694559099E-14
 1.442E-10  3.82731581869158E-14
 1.462E-10  3.92857463263102E-14
 1.482E-10  4.03251243828544E-14
 1.502E-10  4.13920011340191E-14
 1.523E-10  4.24871041093087E-14
 1.543E-10  4.36111800863831E-14
 1.564E-10  4.47649956003070E-14
 1.586E-10  4.59493374662626E-14
 1.607E-10  4.71650133161071E-14
 1.629E-10  4.84128521491086E-14
 1.652E-10  4.96937048972669E-14
 1.674E-10  5.10084450055814E-14
 1.697E-10  5.23579690276742E-14
 1.720E-10  5.37431972371743E-14
 1.744E-10  5.51650742552743E-14
 1.767E-10  5.66245696948920E-14
 1.792E-10  5.81226788218711E-14
 1.816E-10  5.96604232336793E-14
 1.841E-10  6.12388515560559E-14
 1.866E-10  6.28590401581033E-14
 1.891E-10  6.45220938862857E-14
 1.917E-10  6.62291468178451E-14
 1.943E-10  6.79813630341651E-14
 1.970E-10  6.97799374145885E-14
 1.997E-10  7.16260964512255E-14
 2.024E-10  7.35210990853308E-14
 2.052E-10  7.54662375658155E-14
 2.080E-10  7.74628383304550E-14
 2.108E-10  7.95122629104186E-14
 2.137E-10  8.16159088587358E-14
 2.166E-10  8.37752107033220E-14
 2.196E-10  8.59916409252083E-14
 2.226E-10  8.82667109626820E-14
 2.256E-10  9.06019722419580E-14
 2.287E-10  9.29990172351371E-14
 2.318E-10  9.54594805461565E-14
 2.350E-10  9.79850400254566E-14
 2.382E-10  1.00577417914162E-13
 2.414E-10  1.03238382018511E-13
 2.447E-10  1.05969746915370E-13
 2.481E-10  1.08773375189633E-13
 2.515E-10  1.11651178704368E-13
 2.549E-10  1.14605119904566E-13
 2.584E-10  1.17637213155373E-13
 2.619E-10  1.20749526115738E-13
 2.655E-10  1.23944181148407E-13
 2.691E-10  1.27223356767209E-13
 2.728E-10  1.30589289122629E-13
 2.765E-10  1.34044273526715E-13
 2.803E-10  1.37590666018292E-13
 2.841E-10  1.41230884969595E-13
 2.880E-10  1.44967412735438E-13
 2.919E-10  1.48802797345986E-13
 2.959E-10  1.52739654244309E-13
 2.999E-10  1.56780668069918E-13
 3.040E-10  1.60928594489510E-13
 3.082E-10  1.65186262076089E-13
 3.124E-10  1.69556574237866E-13
 3.166E-10  1.74042511198151E-13
 3.210E-10  1.78647132027647E-13
 3.253E-10  1.83373576730511E-13
 3.298E-10  1.88225068385577E-13
 3.343E-10  1.93204915344286E-13
 3.389E-10  1.98316513486696E-13
 3.435E-10  2.03563348537242E-13
 3.482E-10  2.08948998441734E-13
 3.529E-10  2.14477135807220E-13
 3.577E-10  2.20151530406481E-13
 3.626E-10  2.25976051748676E-13
 3.676E-10  2.31954671718077E-13
 3.726E-10  2.38091467282608E-13
 3.777E-10  2.44390623273995E-13
 3.828E-10  2.50856435241554E-13
 3.881E-10  2.57493312381389E-13
 3.934E-10  2.64305780543136E-13
 3.987E-10  2.71298485316277E-13
 4.042E-10  2.78476195198070E-13
 4.097E-10  2.85843804845284E-13
 4.153E-10  2.93406338412006E-13
 4.210E-10  3.01168952975727E-13
 4.267E-10  3.09136942054109E-13
 4.325E-10  3.17315739214707E-13
 4.384E-10  3.25710921780268E-13
 4.444E-10  3.34328214632103E-13
 4.505E-10  3.43173494113965E-13
 4.566E-10  3.52252792039273E-13
 4.629E-10  3.61572299804386E-13
 4.692E-10  3.71138372610643E-13
 4.756E-10  3.80957533798128E-13
 4.821E-10  3.91036479294128E-13
 4.887E-10  4.01382082179190E-13
 4.953E-10  4.12001397374100E-13
 5.021E-10  4.22901666450787E-13
 5.090E-10  4.34090322570537E-13
 5.159E-10  4.45574995552804E-13
 5.230E-10  4.57363517078217E-13
 5.301E-10  4.69463926029249E-13
 5.373E-10  4.81884473971955E-13
 5.447E-10  4.94633630783072E-13
 5.521E-10  5.07720090425832E-13
 5.596E-10  5.21152776878453E-13
 5.673E-10  5.34940850219765E-13
 5.750E-10  5.49093712875649E-13
 5.829E-10  5.63621016030728E-13
 5.908E-10  5.78532666209788E-13
 5.989E-10  5.93838832033347E-13
 6.071E-10  6.09549951151714E-13
 6.154E-10  6.25676737362820E-13
 6.238E-10  6.42230187918247E-13
 6.323E-10  6.59221591022363E-13
 6.409E-10  6.76662533530150E-13
 6.497E-10  6.94564908848574E-13
 6.585E-10  7.12940925046903E-13
 6.675E-10  7.31803113181718E-13
 6.766E-10  7.51164335842246E-13
 6.859E-10  7.71037795921476E-13
 6.952E-10  7.91437045619730E-13
 7.047E-10  8.12375995686173E-13
 7.144E-10  8.33868924904813E-13
 7.241E-10  8.55930489831658E-13
 7.340E-10  8.78575734789348E-13
 7.440E-10  9.01820102126211E-13
 7.542E-10  9.25679442746824E-13
 7.645E-10  9.50170026921136E-13
 7.749E-10  9.75308555379533E-13
 7.855E-10  1.00111217070146E-12
 7.962E-10  1.02759846900540E-12
 8.071E-10  1.05478551194808E-12
 8.181E-10  1.08269183904116E-12
 8.293E-10  1.11133648029382E-12
 8.406E-10  1.14073896918971E-12
 8.521E-10  1.17091935600734E-12
 8.637E-10  1.20189822149291E-12
 8.755E-10  1.23369669089472E-12
 8.874E-10  1.26633644836908E-12
 8.996E-10  1.29983975176725E-12
 9.118E-10  1.33422944781358E-12
 9.243E-10  1.36952898768522E-12
 9.369E-10  1.40576244300414E-12
 9.497E-10  1.44295452225213E-12
 9.627E-10  1.48113058762011E-12
 9.758E-10  1.52031667230310E-12
 9.891E-10  1.56053949825315E-12
 1.003E-09  1.60182649440160E-12
 1.016E-09  1.64420581536325E-12
 1.030E-09  1.68770636063594E-12
 1.044E-09  1.73235779430811E-12
 1.059E-09  1.77819056528682E-12
 1.073E-09  1.82523592806207E-12
 1.088E-09  1.87352596401987E-12
 1.102E-09  1.92309360331919E-12
 1.118E-09  1.97397264734809E-12
 1.133E-09  2.02619779177363E-12
 1.148E-09  2.07980465020142E-12
 1.164E-09  2.13482977846172E-12
 1.180E-09  2.19131069953782E-12
 1.196E-09  2.24928592915349E-12
 1.212E-09  2.30879500203812E-12
 1.229E-09  2.36987849888623E-12
 1.246E-09  2.43257807403069E-12
 1.263E-09  2.49693648384732E-12
 1.280E-09  2.56299761591211E-12
 1.297E-09  2.63080651892884E-12
 1.315E-09  2.70040943344901E-12
 1.333E-09  2.77185382340427E-12
 1.351E-09  2.84518840847343E-12
 1.370E-09  2.92046319730560E-12
 1.388E-09  2.99772952162191E-12
 1.407E-09  3.07704007122045E-12
 1.426E-09  3.15844892990623E-12
 1.446E-09  3.24201161237243E-12
 1.466E-09  3.32778510205733E-12
 1.486E-09  3.41582789000258E-12
 1.506E-09  3.50620001473961E-12
 1.527E-09  3.59896310323143E-12
 1.547E-09  3.69418041289757E-12
 1.568E-09  3.79191687475073E-12
 1.590E-09  3.89223913767492E-12
 1.612E-09  3.99521561387524E-12
 1.634E-09  4.10091652552913E-12
 1.656E-09  4.20941395267319E-12
 1.679E-09  4.32078188235593E-12
 1.701E-09  4.43509625909155E-12
 1.725E-09  4.55243503664838E-12
 1.748E-09  4.67287823120715E-12
 1.772E-09  4.79650797592631E-12
 1.796E-09  4.92340857695031E-12
 1.821E-09  5.05366657090035E-12
 1.846E-09  5.18737078388546E-12
 1.871E-09  5.32461239207515E-12
 1.896E-09  5.46548498387521E-12
 1.922E-09  5.61008462374722E-12
 1.949E-09  5.75850991771747E-12
 1.975E-09  5.91086208061902E-12
 2.002E-09  6.06724500511231E-12
 2.029E-09  6.22776533253215E-12
 2.057E-09  6.39253252560870E-12
 2.085E-09  6.56165894311343E-12
 2.114E-09  6.73525991647868E-12
 2.143E-09  6.91345382844538E-12
 2.172E-09  7.09636219379074E-12
 2.201E-09  7.28410974219200E-12
 2.232E-09  7.47682450328314E-12
 2.262E-09  7.67463789396090E-12
 2.293E-09  7.87768480800154E-12
 2.324E-09  8.08610370804795E-12
 2.356E-09  8.30003672003050E-12
 2.388E-09  8.51962973008650E-12
 2.421E-09  8.74503248404270E-12
 2.454E-09  8.97639868953129E-12
 2.487E-09  9.21388612080756E-12
 2.521E-09  9.45765672633775E-12
 2.556E-09  9.70787673923765E-12
 2.590E-09  9.96471679063017E-12
 2.626E-09  1.02283520260027E-11
 2.662E-09  1.04989622246434E-11
 2.698E-09  1.07767319222369E-11
 2.735E-09  1.10618505367028E-11
 2.772E-09  1.13545124973653E-11
 2.810E-09  1.16549173775400E-11
 2.848E-09  1.19632700306251E-11
 2.887E-09  1.22797807297980E-11
 2.927E-09  1.26046653114052E-11
 2.967E-09  1.29381453221462E-11
 3.007E-09  1.32804481701505E-11
 3.048E-09  1.36318072800547E-11
 3.090E-09  1.39924622521788E-11
 3.132E-09  1.43626590259149E-11
 3.175E-09  1.47426500474416E-11
 3.218E-09  1.51326944418699E-11
 3.262E-09  1.55330581899499E-11
 3.307E-09  1.59440143094461E-11
 3.352E-09  1.63658430413183E-11
 3.398E-09  1.67988320408229E-11
 3.444E-09  1.72432765736704E-11
 3.491E-09  1.76994797173761E-11
 3.539E-09  1.81677525679359E-11
 3.587E-09  1.86484144519689E-11
 3.636E-09  1.91417931444743E-11
 3.685E-09  1.96482250923500E-11
 3.736E-09  2.01680556438225E-11
 3.787E-09  2.07016392839483E-11
 3.838E-09  2.12493398763447E-11
 3.891E-09  2.18115309113199E-11
 3.944E-09  2.23885957605617E-11
 3.998E-09  2.29809279385702E-11
 4.052E-09  2.35889313710031E-11
 4.108E-09  2.42130206701240E-11
 4.164E-09  2.48536214175321E-11
 4.221E-09  2.55111704543814E-11
 4.278E-09  2.61861161792728E-11
 4.337E-09  2.68789188540221E-11
 4.396E-09  2.75900509175288E-11
 4.456E-09  2.83199973079420E-11
 4.517E-09  2.90692557933499E-11
 4.578E-09  2.98383373112229E-11
 4.641E-09  3.06277663168286E-11
 4.704E-09  3.14380811408749E-11
 4.769E-09  3.22698343566091E-11
 4.834E-09  3.31235931566274E-11
 4.900E-09  3.39999397396616E-11
 4.967E-09  3.48994717075944E-11
 5.034E-09  3.58228024729732E-11
 5.103E-09  3.67705616773125E-11
 5.173E-09  3.77433956204648E-11
 5.243E-09  3.87419677013409E-11
 5.315E-09  3.97669588703049E-11
 5.388E-09  4.08190680935244E-11
 5.461E-09  4.18990128296117E-11
 5.536E-09  4.30075295188820E-11
 5.611E-09  4.41453740855451E-11
 5.688E-09  4.53133224531834E-11
 5.765E-09  4.65121710738770E-11
 5.844E-09  4.77427374713274E-11
 5.924E-09  4.90058607983355E-11
 6.005E-09  5.03024024090486E-11
 6.087E-09  5.16332464463320E-11
 6.170E-09  5.29993004446883E-11
 6.254E-09  5.44014959491298E-11
 6.340E-09  5.58407891504142E-11
 6.426E-09  5.73181615370994E-11
 6.514E-09  5.88346205648359E-11
 6.603E-09  6.03912003433836E-11
 6.693E-09  6.19889623417882E-11
 6.784E-09  6.36289961122238E-11
 6.877E-09  6.53124200329844E-11
 6.971E-09  6.70403820711253E-11
 7.066E-09  6.88140605653008E-11
 7.162E-09  7.06346650292911E-11
 7.260E-09  7.25034369767987E-11
 7.359E-09  7.44216507680656E-11
 7.460E-09  7.63906144788915E-11
 7.562E-09  7.84116707926378E-11
 7.665E-09  8.04861979158334E-11
 7.770E-09  8.26156105180151E-11
 7.876E-09  8.48013606964044E-11
 7.983E-09  8.70449389661380E-11
 8.092E-09  8.93478752766809E-11
 8.203E-09  9.17117400551472E-11
 8.315E-09  9.41381452771904E-11
 8.428E-09  9.66287455662414E-11
 8.543E-09  9.91852393218683E-11
 8.660E-09  1.01809369877916E-10
 8.778E-09  1.04502926691345E-10
 8.898E-09  1.07267746562499E-10
 9.019E-09  1.10105714887661E-10
 9.142E-09  1.13018766944749E-10
 9.267E-09  1.16008889213009E-10
 9.394E-09  1.19078120727672E-10
 9.522E-09  1.22228554470386E-10
 9.652E-09  1.25462338796487E-10
 9.784E-09  1.28781678900010E-10
 9.917E-09  1.32188838317440E-10
 1.005E-08  1.35686140471297E-10
 1.019E-08  1.39275970254511E-10
 1.033E-08  1.42960775656732E-10
 1.047E-08  1.46743069433685E-10
 1.061E-08  1.50625430820670E-10
 1.076E-08  1.54610507291375E-10
 1.090E-08  1.58701016363275E-10
 1.105E-08  1.62899747450763E-10
 1.120E-08  1.67209563767299E-10
 1.136E-08  1.71633404277915E-10
 1.151E-08  1.76174285703357E-10
 1.167E-08  1.80835304577240E-10
 1.183E-08  1.85619639357659E-10
 1.199E-08  1.90530552594641E-10
 1.215E-08  1.95571393154940E-10
 1.232E-08  2.00745598505729E-10
 1.249E-08  2.06056697058661E-10
 1.266E-08  2.11508310575967E-10
 1.283E-08  2.17104156640235E-10
 1.301E-08  2.22848051189500E-10
 1.318E-08  2.28743911119406E-10
 1.336E-08  2.34795756954238E-10
 1.355E-08  2.41007715588590E-10
 1.373E-08  2.47384023101589E-10
 1.392E-08  2.53929027645576E-10
 1.411E-08  2.60647192411189E-10
 1.430E-08  2.67543098670914E-10
 1.450E-08  2.74621448903170E-10
 1.470E-08  2.81887069999016E-10
 1.490E-08  2.89344916553677E-10
 1.510E-08  2.97000074245247E-10
 1.531E-08  3.04857763302692E-10
 1.551E-08  3.12923342065631E-10
 1.573E-08  3.21202310638304E-10
 1.594E-08  3.29700314640228E-10
 1.616E-08  3.38423149056020E-10
 1.638E-08  3.47376762187147E-10
 1.660E-08  3.56567259708224E-10
 1.683E-08  3.66000908830525E-10
 1.706E-08  3.75684142575822E-10
 1.729E-08  3.85623564163119E-10
 1.753E-08  3.95825951511540E-10
 1.777E-08  4.06298261862373E-10
 1.801E-08  4.17047636523283E-10
 1.826E-08  4.28081405738204E-10
 1.851E-08  4.39407093685900E-10
 1.876E-08  4.51032423610907E-10
 1.901E-08  4.62965323090171E-10
 1.927E-08  4.75213929438973E-10
 1.954E-08  4.87786595260003E-10
 1.980E-08  5.00691894139097E-10
 2.007E-08  5.13938626491805E-10
 2.035E-08  5.27535825564531E-10
 2.063E-08  5.41492763594460E-10
 2.091E-08  5.55818958132554E-10
 2.119E-08  5.70524178533686E-10
 2.148E-08  5.85618452618559E-10
 2.178E-08  6.01112073511993E-10
 2.207E-08  6.17015606661865E-10
 2.237E-08  6.33339897043939E-10
 2.268E-08  6.50096076557321E-10
 2.299E-08  6.67295571615390E-10
 2.330E-08  6.84950110937879E-10
 2.362E-08  7.03071733548762E-10
 2.394E-08  7.21672796985936E-10
 2.427E-08  7.40765985728130E-10
 2.460E-08  7.60364319844542E-10
 2.494E-08  7.80481163873644E-10
 2.528E-08  8.01130235936623E-10
 2.562E-08  8.22325617091981E-10
 2.597E-08  8.44081760937857E-10
 2.633E-08  8.66413503467986E-10
 2.669E-08  8.89336073188748E-10
 2.705E-08  9.12865101503794E-10
 2.742E-08  9.37016633373308E-10
 2.779E-08  9.61807138255457E-10
 2.817E-08  9.87253521337104E-10
 2.856E-08  1.01337313506186E-09
 2.895E-08  1.04018379096303E-09
 2.934E-08  1.06770377180952E-09
 2.974E-08  1.09595184407324E-09
 3.015E-08  1.12494727072637E-09
 3.056E-08  1.15470982437697E-09
 3.098E-08  1.18525980075251E-09
 3.140E-08  1.21661803253956E-09
 3.183E-08  1.24880590359020E-09
 3.227E-08  1.28184536350405E-09
 3.271E-08  1.31575894259589E-09
 3.315E-08  1.35056976725963E-09
 3.361E-08  1.38630157573858E-09
 3.406E-08  1.42297873431292E-09
 3.453E-08  1.46062625391550E-09
 3.500E-08  1.49926980718711E-09
 3.548E-08  1.53893574598327E-09
 3.596E-08  1.57965111934400E-09
 3.645E-08  1.62144369193864E-09
 3.695E-08  1.66434196299953E-09
 3.746E-08  1.70837518575585E-09
 3.797E-08  1.75357338738170E-09
 3.849E-08  1.79996738947245E-09
 3.901E-08  1.84758882906244E-09
 3.954E-08  1.89647018019844E-09
 4.008E-08  1.94664477608447E-09
 4.063E-08  1.99814683181224E-09
 4.119E-08  2.05101146769298E-09
 4.175E-08  2.10527473320620E-09
 4.232E-08  2.16097363158269E-09
 4.290E-08  2.21814614503770E-09
 4.348E-08  2.27683126067113E-09
 4.408E-08  2.33706899705373E-09
 4.468E-08  2.39890043151630E-09
 4.529E-08  2.46236772816092E-09
 4.591E-08  2.52751416661307E-09
 4.653E-08  2.59438417153486E-09
 4.717E-08  2.66302334291880E-09
 4.781E-08  2.73347848718300E-09
 4.846E-08  2.80579764908899E-09
 4.913E-08  2.88003014450435E-09
 4.980E-08  2.95622659403189E-09
 5.048E-08  3.03443895752814E-09
 5.117E-08  3.11472056953566E-09
 5.186E-08  3.19712617565283E-09
 5.257E-08  3.28171196986509E-09
 5.329E-08  3.36853563286482E-09
 5.402E-08  3.45765637138403E-09
 5.475E-08  3.54913495856844E-09
 5.550E-08  3.64303377541977E-09
 5.626E-08  3.73941685333318E-09
 5.703E-08  3.83834991776209E-09
 5.781E-08  3.93990043303640E-09
 5.860E-08  4.04413764836715E-09
 5.940E-08  4.15113264506924E-09
 6.021E-08  4.26095838503154E-09
 6.103E-08  4.37368976047070E-09
 6.186E-08  4.48940364500135E-09
 6.271E-08  4.60817894605663E-09
 6.356E-08  4.73009665869606E-09
 6.443E-08  4.85523992083705E-09
 6.531E-08  4.98369406994721E-09
 6.620E-08  5.11554670123727E-09
 6.711E-08  5.25088772739253E-09
 6.802E-08  5.38980943988533E-09
 6.895E-08  5.53240657190977E-09
 6.989E-08  5.67877636298069E-09
 7.085E-08  5.82901862524276E-09
 7.181E-08  5.98323581153227E-09
 7.279E-08  6.14153308524159E-09
 7.379E-08  6.30401839203019E-09
 7.479E-08  6.47080253343419E-09
 7.582E-08  6.64199924242250E-09
 7.685E-08  6.81772526095169E-09
 7.790E-08  6.99810041957419E-09
 7.896E-08  7.18324771915090E-09
 8.004E-08  7.37329341472639E-09
 8.113E-08  7.56836710162303E-09
 8.224E-08  7.76860180381328E-09
 8.336E-08  7.97413406462876E-09
 8.450E-08  8.18510403987026E-09
 8.566E-08  8.40165559338107E-09
 8.683E-08  8.62393639514841E-09
 8.801E-08  8.85209802199932E-09
 8.921E-08  9.08629606096334E-09
 9.043E-08  9.32669021536665E-09
 9.167E-08  9.57344441373453E-09
 9.292E-08  9.82672692157569E-09
 9.419E-08  1.00867104561219E-08
 9.547E-08  1.03535723041057E-08
 9.677E-08  1.06274944426521E-08
 9.810E-08  1.09086636633691E-08
 9.944E-08  1.11972716997214E-08
 1.008E-07  1.14935153577741E-08
 1.022E-07  1.17975966503952E-08
 1.036E-07  1.21097229350080E-08
 1.050E-07  1.24301070549887E-08
 1.064E-07  1.27589674848040E-08
 1.079E-07  1.30965284789902E-08
 1.093E-07  1.34430202250703E-08
 1.108E-07  1.37986790005207E-08
 1.123E-07  1.41637473338889E-08
 1.139E-07  1.45384741701708E-08
 1.154E-07  1.49231150405690E-08
 1.170E-07  1.53179322367383E-08
 1.186E-07  1.57231949896396E-08
 1.202E-07  1.61391796531316E-08
 1.219E-07  1.65661698924140E-08
 1.235E-07  1.70044568774567E-08
 1.252E-07  1.74543394815491E-08
 1.269E-07  1.79161244851011E-08
 1.287E-07  1.83901267848342E-08
 1.304E-07  1.88766696085081E-08
 1.322E-07  1.93760847353296E-08
 1.340E-07  1.98887127221889E-08
 1.358E-07  2.04149031358853E-08
 1.377E-07  2.09550147914930E-08
 1.396E-07  2.15094159970351E-08
 1.415E-07  2.20784848046337E-08
 1.434E-07  2.26626092682951E-08
 1.454E-07  2.32621877085228E-08
 1.473E-07  2.38776289839326E-08
 1.494E-07  2.45093527700444E-08
 1.514E-07  2.51577898454559E-08
 1.535E-07  2.58233823855919E-08
 1.556E-07  2.65065842642122E-08
 1.577E-07  2.72078613629052E-08
 1.598E-07  2.79276918887709E-08
 1.620E-07  2.86665667005019E-08
 1.642E-07  2.94249896430914E-08
 1.665E-07  3.02034778914032E-08
 1.687E-07  3.10025623028263E-08
 1.710E-07  3.18227877792563E-08
 1.734E-07  3.26647136386562E-08
 1.757E-07  3.35289139964501E-08
 1.781E-07  3.44159781570036E-08
 1.806E-07  3.53265110154573E-08
 1.830E-07  3.62611334701992E-08
 1.855E-07  3.72204828462422E-08
 1.881E-07  3.82052133298043E-08
 1.906E-07  3.92159964143904E-08
 1.932E-07  4.02535213586669E-08
 1.959E-07  4.13184956564565E-08
 1.986E-07  4.24116455191626E-08
 2.013E-07  4.35337163709565E-08
 2.040E-07  4.46854733570720E-08
 2.068E-07  4.58677018655379E-08
 2.096E-07  4.70812080627164E-08
 2.125E-07  4.83268194430059E-08
 2.154E-07  4.96053853930973E-08
 2.183E-07  5.09177777711462E-08
 2.213E-07  5.22648915012696E-08
 2.243E-07  5.36476451837793E-08
 2.274E-07  5.50669817215380E-08
 2.305E-07  5.65238689629121E-08
 2.336E-07  5.80193003617151E-08
 2.368E-07  5.95542956546122E-08
 2.401E-07  6.11299015564592E-08
 2.433E-07  6.27471924740161E-08
 2.467E-07  6.44072712385577E-08
 2.500E-07  6.61112698578535E-08
 2.534E-07  6.78603502880560E-08
 2.569E-07  6.96557052259966E-08
 2.604E-07  7.14985589224423E-08
 2.640E-07  7.33901680168751E-08
 2.676E-07  7.53318223943475E-08
 2.712E-07  7.73248460650036E-08
 2.749E-07  7.93705980668877E-08
 2.787E-07  8.14704733926063E-08
 2.825E-07  8.36259039405201E-08
 2.863E-07  8.58383594911096E-08
 2.903E-07  8.81093487091513E-08
 2.942E-07  9.04404201724192E-08
 2.982E-07  9.28331634275801E-08
 3.023E-07  9.52892100740592E-08
 3.064E-07  9.78102348765432E-08
 3.106E-07  1.00397956906926E-07
 3.149E-07  1.03054140716462E-07
 3.192E-07  1.05780597538954E-07
 3.235E-07  1.08579186525717E-07
 3.279E-07  1.11451816013252E-07
 3.324E-07  1.14400444824456E-07
 3.369E-07  1.17427083604236E-07
 3.415E-07  1.20533796190464E-07
 3.462E-07  1.23722701021197E-07
 3.509E-07  1.26995972579135E-07
 3.557E-07  1.30355842874260E-07
 3.606E-07  1.33804602965748E-07
 3.655E-07  1.37344604524089E-07
 3.705E-07  1.40978261434557E-07
 3.756E-07  1.44708051443099E-07
 3.807E-07  1.48536517845766E-07
 3.859E-07  1.52466271222820E-07
 3.911E-07  1.56499991218718E-07
 3.965E-07  1.60640428369213E-07
 4.019E-07  1.64890405976745E-07
 4.074E-07  1.69252822035456E-07
 4.129E-07  1.73730651207160E-07
 4.186E-07  1.78326946849550E-07
 4.243E-07  1.83044843098057E-07
 4.301E-07  1.87887557002806E-07
 4.360E-07  1.92858390722067E-07
 4.419E-07  1.97960733773787E-07
 4.479E-07  2.03198065346621E-07
 4.541E-07  2.08573956672111E-07
 4.603E-07  2.14092073459663E-07
 4.665E-07  2.19756178395864E-07
 4.729E-07  2.25570133709987E-07
 4.794E-07  2.31537903807313E-07
 4.859E-07  2.37663557972109E-07
 4.926E-07  2.43951273142139E-07
 4.993E-07  2.50405336756561E-07
 5.061E-07  2.57030149679141E-07
 5.130E-07  2.63830229198796E-07
 5.200E-07  2.70810212109549E-07
 5.271E-07  2.77974857871894E-07
 5.343E-07  2.85329051857813E-07
 5.416E-07  2.92877808681710E-07
 5.490E-07  3.00626275619284E-07
 5.565E-07  3.08579736117001E-07
 5.641E-07  3.16743613394361E-07
 5.718E-07  3.25123474141349E-07
 5.796E-07  3.33725032313843E-07
 5.875E-07  3.42554153029334E-07
 5.955E-07  3.51616856565703E-07
 6.037E-07  3.60919322465803E-07
 6.119E-07  3.70467893750580E-07
 6.202E-07  3.80269081243618E-07
 6.287E-07  3.90329568010201E-07
 6.373E-07  4.00656213913635E-07
 6.460E-07  4.11256060292172E-07
 6.548E-07  4.22136334759671E-07
 6.638E-07  4.33304456133189E-07
 6.728E-07  4.44768039490955E-07
 6.820E-07  4.56534901364061E-07
 6.913E-07  4.68613065065645E-07
 7.008E-07  4.81010766160819E-07
 7.103E-07  4.93736458081434E-07
 7.200E-07  5.06798817889385E-07
 7.298E-07  5.20206752192152E-07
 7.398E-07  5.33969403215096E-07
 7.499E-07  5.48096155034178E-07
 7.602E-07  5.62596639973560E-07
 7.705E-07  5.77480745172515E-07
 7.811E-07  5.92758619325992E-07
 7.917E-07  6.08440679603389E-07
 8.025E-07  6.24537618750463E-07
 8.135E-07  6.41060412379051E-07
 8.246E-07  6.58020326449544E-07
 8.358E-07  6.75428924951262E-07
 8.473E-07  6.93298077786140E-07
 8.588E-07  7.11639968860783E-07
 8.705E-07  7.30467104392550E-07
 8.824E-07  7.49792321435442E-07
 8.945E-07  7.69628796631387E-07
 9.067E-07  7.89990055193073E-07
 9.191E-07  8.10889980124363E-07
 9.316E-07  8.32342821684477E-07
 9.443E-07  8.54363207102664E-07
 9.572E-07  8.76966150549719E-07
 9.703E-07  9.00167063373224E-07
 9.835E-07  9.23981764603549E-07
 9.970E-07  9.48426491737676E-07
 1.011E-06  9.73517911808387E-07
 1.024E-06  9.99273132745964E-07
 1.038E-06  1.02570971504059E-06
 1.053E-06  1.05284568371314E-06
 1.067E-06  1.08069954060254E-06
 1.081E-06  1.10929027697831E-06
 1.096E-06  1.13863738648622E-06
 1.111E-06  1.16876087843695E-06
 1.126E-06  1.19968129144572E-06
 1.142E-06  1.23141970743276E-06
 1.157E-06  1.26399776599440E-06
 1.173E-06  1.29743767915359E-06
 1.189E-06  1.33176224650116E-06
 1.205E-06  1.36699487073734E-06
 1.222E-06  1.40315957362393E-06
 1.239E-06  1.44028101235889E-06
 1.255E-06  1.47838449638380E-06
 1.273E-06  1.51749600463561E-06
 1.290E-06  1.55764220325503E-06
 1.308E-06  1.59885046376270E-06
 1.325E-06  1.64114888171665E-06
 1.344E-06  1.68456629586289E-06
 1.362E-06  1.72913230779241E-06
 1.380E-06  1.77487730211802E-06
 1.399E-06  1.82183246718481E-06
 1.418E-06  1.87002981632862E-06
 1.438E-06  1.91950220969610E-06
 1.457E-06  1.97028337664232E-06
 1.477E-06  2.02240793872054E-06
 1.497E-06  2.07591143327961E-06
 1.518E-06  2.13083033768599E-06
 1.539E-06  2.18720209418596E-06
 1.560E-06  2.24506513542499E-06
 1.581E-06  2.30445891064269E-06
 1.603E-06  2.36542391256003E-06
 1.624E-06  2.42800170497744E-06
 1.647E-06  2.49223495110303E-06
 1.669E-06  2.55816744262931E-06
 1.692E-06  2.62584412957995E-06
 1.715E-06  2.69531115094456E-06
 1.738E-06  2.76661586612398E-06
 1.762E-06  2.83980688720749E-06
 1.786E-06  2.91493411210292E-06
 1.811E-06  2.99204875854315E-06
 1.835E-06  3.07120339899135E-06
 1.860E-06  3.15245199647025E-06
 1.886E-06  3.23584994133755E-06
 1.911E-06  3.32145408903383E-06
 1.938E-06  3.40932279883023E-06
 1.964E-06  3.49951597359853E-06
 1.991E-06  3.59209510063359E-06
 2.018E-06  3.68712329355594E-06
 2.046E-06  3.78466533532095E-06
 2.073E-06  3.88478772236631E-06
 2.102E-06  3.98755870992587E-06
 2.130E-06  4.09304835854254E-06
 2.160E-06  4.20132858181018E-06
 2.189E-06  4.31247319537748E-06
 2.219E-06  4.42655796724913E-06
 2.249E-06  4.54366066941450E-06
 2.280E-06  4.66386113084349E-06
 2.311E-06  4.78724129188226E-06
 2.343E-06  4.91388526008696E-06
 2.375E-06  5.04387936753497E-06
 2.407E-06  5.17731222964930E-06
 2.440E-06  5.31427480558007E-06
 2.473E-06  5.45486046018109E-06
 2.507E-06  5.59916502762490E-06
 2.541E-06  5.74728687670054E-06
 2.576E-06  5.89932697783664E-06
 2.611E-06  6.05538897189644E-06
 2.647E-06  6.21557924079194E-06
 2.683E-06  6.38000697996410E-06
 2.719E-06  6.54878427277988E-06
 2.757E-06  6.72202616689517E-06
 2.794E-06  6.89985075263618E-06
 2.832E-06  7.08237924345477E-06
 2.871E-06  7.26973605850700E-06
 2.910E-06  7.46204890741789E-06
 2.950E-06  7.65944887728485E-06
 2.990E-06  7.86207052198196E-06
 3.031E-06  8.07005195382365E-06
 3.072E-06  8.28353493765172E-06
 3.114E-06  8.50266498741062E-06
 3.157E-06  8.72759146527297E-06
 3.200E-06  8.95846768338637E-06
 3.244E-06  9.19545100830980E-06
 3.288E-06  9.43870296821042E-06
 3.333E-06  9.68838936289166E-06
 3.378E-06  9.94468037673143E-06
 3.424E-06  1.02077506946053E-05
 3.471E-06  1.04777796208712E-05
 3.519E-06  1.07549512015020E-05
 3.567E-06  1.10394543494420E-05
 3.615E-06  1.13314829732799E-05
 3.665E-06  1.16312361093205E-05
 3.715E-06  1.19389180571457E-05
 3.765E-06  1.22547385187617E-05
 3.817E-06  1.25789127414178E-05
 3.869E-06  1.29116616642034E-05
 3.922E-06  1.32532120685199E-05
 3.975E-06  1.36037967325234E-05
 4.030E-06  1.39636545896529E-05
 4.085E-06  1.43330308913475E-05
 4.140E-06  1.47121773740609E-05
 4.197E-06  1.51013524306919E-05
 4.254E-06  1.55008212865388E-05
 4.312E-06  1.59108561799116E-05
 4.371E-06  1.63317365475087E-05
 4.431E-06  1.67637492146940E-05
 4.491E-06  1.72071885908051E-05
 4.553E-06  1.76623568696148E-05
 4.615E-06  1.81295642350928E-05
 4.678E-06  1.86091290726040E-05
 4.742E-06  1.91013781856851E-05
 4.806E-06  1.96066470185467E-05
 4.872E-06  2.01252798844576E-05
 4.938E-06  2.06576302001572E-05
 5.006E-06  2.12040607264652E-05
 5.074E-06  2.17649438152425E-05
 5.144E-06  2.23406616628804E-05
 5.214E-06  2.29316065704813E-05
 5.285E-06  2.35381812109178E-05
 5.357E-06  2.41607989029398E-05
 5.430E-06  2.47998838925200E-05
 5.504E-06  2.54558716416459E-05
 5.579E-06  2.61292091247161E-05
 5.656E-06  2.68203551327827E-05
 5.733E-06  2.75297805858256E-05
 5.811E-06  2.82579688532658E-05
 5.890E-06  2.90054160829541E-05
 5.971E-06  2.97726315388400E-05
 6.052E-06  3.05601379475615E-05
 6.135E-06  3.13684718541906E-05
 6.219E-06  3.21981839873653E-05
 6.304E-06  3.30498396340685E-05
 6.390E-06  3.39240190243057E-05
 6.477E-06  3.48213177259277E-05
 6.565E-06  3.57423470498997E-05
 6.655E-06  3.66877344662493E-05
 6.746E-06  3.76581240310063E-05
 6.838E-06  3.86541768244210E-05
 6.931E-06  3.96765714007362E-05
 7.026E-06  4.07260042498468E-05
 7.122E-06  4.18031902711429E-05
 7.219E-06  4.29088632598635E-05
 7.318E-06  4.40437764062803E-05
 7.418E-06  4.52087028080697E-05
 7.519E-06  4.64044359962075E-05
 7.622E-06  4.76317904747403E-05
 7.726E-06  4.88916022748043E-05
 7.831E-06  5.01847295232730E-05
 7.938E-06  5.15120530264103E-05
 8.046E-06  5.28744768689235E-05
 8.156E-06  5.42729290288314E-05
 8.268E-06  5.57083620085541E-05
 8.380E-06  5.71817534826647E-05
 8.495E-06  5.86941069627317E-05
 8.611E-06  6.02464524796937E-05
 8.728E-06  6.18398472842528E-05
 8.848E-06  6.34753765657534E-05
 8.968E-06  6.51541541900092E-05
 9.091E-06  6.68773234566109E-05
 9.215E-06  6.86460578762165E-05
 9.341E-06  7.04615619683330E-05
 9.468E-06  7.23250720801598E-05
 9.597E-06  7.42378572270264E-05
 9.729E-06  7.62012199549977E-05
 9.861E-06  7.82164972262366E-05
 9.996E-06  8.02850613277177E-05
 1.013E-05  8.24083208039120E-05
 1.027E-05  8.45877214140672E-05
 1.041E-05  8.68247471147266E-05
 1.055E-05  8.91209210681812E-05
 1.070E-05  9.14778066775005E-05
 1.084E-05  9.38970086488395E-05
 1.099E-05  9.63801740818085E-05
 1.114E-05  9.89289935885398E-05
 1.129E-05  1.01545202442280E-04
 1.145E-05  1.04230581756273E-04
 1.160E-05  1.06986959693716E-04
 1.176E-05  1.09816212709610E-04
 1.192E-05  1.12720266825350E-04
 1.209E-05  1.15701098936918E-04
 1.225E-05  1.18760738157540E-04
 1.242E-05  1.21901267195754E-04
 1.259E-05  1.25124823769790E-04
 1.276E-05  1.28433602059210E-04
 1.293E-05  1.31829854194826E-04
 1.311E-05  1.35315891787877E-04
 1.329E-05  1.38894087499472E-04
 1.347E-05  1.42566876651426E-04
 1.365E-05  1.46336758879511E-04
 1.384E-05  1.50206299830262E-04
 1.403E-05  1.54178132902509E-04
 1.422E-05  1.58254961034734E-04
 1.442E-05  1.62439558539584E-04
 1.461E-05  1.66734772986642E-04
 1.481E-05  1.71143527134787E-04
 1.501E-05  1.75668820915506E-04
 1.522E-05  1.80313733468365E-04
 1.543E-05  1.85081425230108E-04
 1.564E-05  1.89975140078776E-04
 1.585E-05  1.94998207534281E-04
 1.607E-05  2.00154045016864E-04
 1.629E-05  2.05446160165077E-04
 1.651E-05  2.10878153214768E-04
 1.673E-05  2.16453719440636E-04
 1.696E-05  2.22176651662102E-04
 1.719E-05  2.28050842815140E-04
 1.743E-05  2.34080288591734E-04
 1.767E-05  2.40269090148819E-04
 1.791E-05  2.46621456888548E-04
 1.815E-05  2.53141709311612E-04
 1.840E-05  2.59834281945720E-04
 1.865E-05  2.66703726351088E-04
 1.891E-05  2.73754714204929E-04
 1.916E-05  2.80992040467193E-04
 1.943E-05  2.88420626629441E-04
 1.969E-05  2.96045524049242E-04
 1.996E-05  3.03871917372236E-04
 2.023E-05  3.11905128044147E-04
 2.051E-05  3.20150617915167E-04
 2.079E-05  3.28613992939059E-04
 2.107E-05  3.37301006969565E-04
 2.136E-05  3.46217565656535E-04
 2.165E-05  3.55369730444482E-04
 2.195E-05  3.64763722676202E-04
 2.225E-05  3.74405927804313E-04
 2.255E-05  3.84302899713306E-04
 2.286E-05  3.94461365155236E-04
 2.317E-05  4.04888228302019E-04
 2.349E-05  4.15590575417117E-04
 2.381E-05  4.26575679650045E-04
 2.413E-05  4.37851005956798E-04
 2.446E-05  4.49424216149506E-04
 2.480E-05  4.61303174078542E-04
 2.514E-05  4.73495950950804E-04
 2.548E-05  4.86010830787648E-04
 2.583E-05  4.98856316025979E-04
 2.618E-05  5.12041133266322E-04
 2.654E-05  5.25574239171903E-04
 2.690E-05  5.39464826522385E-04
 2.727E-05  5.53722330426390E-04
 2.764E-05  5.68356434697279E-04
 2.802E-05  5.83377078395793E-04
 2.840E-05  5.98794462544533E-04
 2.879E-05  6.14619057018495E-04
 2.918E-05  6.30861607616250E-04
 2.958E-05  6.47533143316532E-04
 2.998E-05  6.64644983725033E-04
 3.039E-05  6.82208746716394E-04
 3.080E-05  7.00236356276538E-04
 3.123E-05  7.18740050550486E-04
 3.165E-05  7.37732390100893E-04
 3.208E-05  7.57226266383172E-04
 3.252E-05  7.77234910442496E-04
 3.297E-05  7.97771901838603E-04
 3.342E-05  8.18851177804188E-04
 3.387E-05  8.40487042643313E-04
 3.433E-05  8.62694177375776E-04
 3.480E-05  8.85487649633805E-04
 3.528E-05  9.08882923817937E-04
 3.576E-05  9.32895871518560E-04
 3.625E-05  9.57542782210173E-04
 3.674E-05  9.82840374225384E-04
 3.724E-05  1.00880580601578E-03
 3.775E-05  1.03545668770766E-03
 3.827E-05  1.06281109295966E-03
 3.879E-05  1.09088757113023E-03
 3.932E-05  1.11970515976355E-03
 3.986E-05  1.14928339740145E-03
 4.040E-05  1.17964233673014E-03
 4.095E-05  1.21080255807065E-03
 4.151E-05  1.24278518322130E-03
 4.208E-05  1.27561188966174E-03
 4.265E-05  1.30930492512832E-03
 4.324E-05  1.34388712256937E-03
 4.383E-05  1.37938191549114E-03
 4.442E-05  1.41581335370431E-03
 4.503E-05  1.45320611948106E-03
 4.565E-05  1.49158554413398E-03
 4.627E-05  1.53097762502704E-03
 4.690E-05  1.57140904303052E-03
 4.754E-05  1.61290718043063E-03
 4.819E-05  1.65550013930629E-03
 4.885E-05  1.69921676038469E-03
 4.951E-05  1.74408664238779E-03
 5.019E-05  1.79014016188360E-03
 5.088E-05  1.83740849365369E-03
 5.157E-05  1.88592363159156E-03
 5.227E-05  1.93571841014456E-03
 5.299E-05  1.98682652631420E-03
 5.371E-05  2.03928256222893E-03
 5.445E-05  2.09312200830401E-03
 5.519E-05  2.14838128700404E-03
 5.594E-05  2.20509777722247E-03
 5.671E-05  2.26330983929614E-03
 5.748E-05  2.32305684066919E-03
 5.826E-05  2.38437918222360E-03
 5.906E-05  2.44731832529444E-03
 5.987E-05  2.51191681938600E-03
 6.068E-05  2.57821833060801E-03
 6.151E-05  2.64626767084967E-03
 6.235E-05  2.71611082771071E-03
 6.320E-05  2.78779499520919E-03
 6.407E-05  2.86136860528540E-03
 6.494E-05  2.93688136012278E-03
 6.583E-05  3.01438426530673E-03
 6.673E-05  3.09392966384222E-03
 6.764E-05  3.17557127105301E-03
 6.856E-05  3.25936421038492E-03
 6.950E-05  3.34536505013504E-03
 7.045E-05  3.43363184113302E-03
 7.141E-05  3.52422415539608E-03
 7.238E-05  3.61720312578422E-03
 7.337E-05  3.71263148668151E-03
 7.437E-05  3.81057361572800E-03
 7.539E-05  3.91109557663074E-03
 7.642E-05  4.01426516308001E-03
 7.746E-05  4.12015194380023E-03
 7.852E-05  4.22882730876381E-03
 7.959E-05  4.34036451659723E-03
 8.068E-05  4.45483874321055E-03
 8.178E-05  4.57232713167998E-03
 8.289E-05  4.69290884341771E-03
 8.403E-05  4.81666511065971E-03
 8.517E-05  4.94367929030487E-03
 8.634E-05  5.07403691914147E-03
 8.751E-05  5.20782577049471E-03
 8.871E-05  5.34513591233207E-03
 8.992E-05  5.48605976686236E-03
 9.115E-05  5.63069217166799E-03
 9.239E-05  5.77913044240746E-03
 9.365E-05  5.93147443712887E-03
 9.493E-05  6.08782662223504E-03
 9.623E-05  6.24829214014119E-03
 9.754E-05  6.41297887866875E-03
 9.887E-05  6.58199754221925E-03
 1.002E-04  6.75546172477048E-03
 1.016E-04  6.93348798474533E-03
 1.030E-04  7.11619592179757E-03
 1.044E-04  7.30370825556146E-03
 1.058E-04  7.49615090641753E-03
 1.073E-04  7.69365307832405E-03
 1.087E-04  7.89634734376456E-03
 1.102E-04  8.10436973086658E-03
 1.117E-04  8.31785981274480E-03
 1.132E-04  8.53696079912370E-03
 1.148E-04  8.76181963029871E-03
 1.163E-04  8.99258707349237E-03
 1.179E-04  9.22941782166431E-03
 1.195E-04  9.47247059484094E-03
 1.212E-04  9.72190824402210E-03
 1.228E-04  9.97789785773049E-03
 1.245E-04  1.02406108712739E-02
 1.262E-04  1.05102231787787E-02
 1.279E-04  1.07869152480735E-02
 1.297E-04  1.10708722384857E-02
 1.314E-04  1.13622841216267E-02
 1.332E-04  1.16613458052408E-02
 1.351E-04  1.19682572601883E-02
 1.369E-04  1.22832236506478E-02
 1.388E-04  1.26064554676114E-02
 1.407E-04  1.29381686657530E-02
 1.426E-04  1.32785848037590E-02
 1.445E-04  1.36279311882036E-02
 1.465E-04  1.39864410210490E-02
 1.485E-04  1.43543535508711E-02
 1.505E-04  1.47319142278947E-02
 1.526E-04  1.51193748629327E-02
 1.547E-04  1.55169937903248E-02
 1.568E-04  1.59250360349727E-02
 1.589E-04  1.63437734835758E-02
 1.611E-04  1.67734850601647E-02
 1.633E-04  1.72144569060358E-02
 1.655E-04  1.76669825642022E-02
 1.678E-04  1.81313631684629E-02
 1.701E-04  1.86079076372024E-02
 1.724E-04  1.90969328720414E-02
 1.748E-04  1.95987639614483E-02
 1.771E-04  2.01137343894354E-02
 1.796E-04  2.06421862494637E-02
 1.820E-04  2.11844704636743E-02
 1.845E-04  2.17409470075850E-02
 1.870E-04  2.23119851403748E-02
 1.896E-04  2.28979636408920E-02
 1.922E-04  2.34992710495251E-02
 1.948E-04  2.41163059160752E-02
 1.974E-04  2.47494770537702E-02
 2.001E-04  2.53992037995750E-02
 2.029E-04  2.60659162809336E-02
 2.056E-04  2.67500556891091E-02
 2.084E-04  2.74520745592753E-02
 2.113E-04  2.81724370575063E-02
 2.142E-04  2.89116192748470E-02
 2.171E-04  2.96701095286155E-02
 2.201E-04  3.04484086711136E-02
 2.231E-04  3.12470304059244E-02
 2.261E-04  3.20665016119554E-02
 2.292E-04  3.29073626754353E-02
 2.323E-04  3.37701678300313E-02
 2.355E-04  3.46554855052725E-02
 2.387E-04  3.55638986834930E-02
 2.420E-04  3.64960052654692E-02
 2.453E-04  3.74524184449656E-02
 2.486E-04  3.84337670923924E-02
 2.520E-04  3.94406961477806E-02
 2.555E-04  4.04738670232937E-02
 2.589E-04  4.15339580154893E-02
 2.625E-04  4.26216647275547E-02
 2.661E-04  4.37377005017478E-02
 2.697E-04  4.48827968622750E-02
 2.734E-04  4.60577039688297E-02
 2.771E-04  4.72631910810501E-02
 2.809E-04  4.85000470341403E-02
 2.847E-04  4.97690807258846E-02
 2.886E-04  5.10711216153449E-02
 2.926E-04  5.24070202334659E-02
 2.965E-04  5.37776487058874E-02
 3.006E-04  5.51839012882129E-02
 3.047E-04  5.66266949140079E-02
 3.089E-04  5.81069697558356E-02
 3.131E-04  5.96256897995893E-02
 3.174E-04  6.11838434324169E-02
 3.217E-04  6.27824440445594E-02
 3.261E-04  6.44225306453750E-02
 3.305E-04  6.61051684938709E-02
 3.350E-04  6.78314497440693E-02
 3.396E-04  6.96024941054950E-02
 3.442E-04  7.14194495191502E-02
 3.489E-04  7.32834928492785E-02
 3.537E-04  7.51958305912588E-02
 3.585E-04  7.71576995959819E-02
 3.634E-04  7.91703678110534E-02
 3.684E-04  8.12351350391782E-02
 3.734E-04  8.33533337140849E-02
 3.785E-04  8.55263296943487E-02
 3.837E-04  8.77555230755059E-02
 3.889E-04  9.00423490208242E-02
 3.942E-04  9.23882786111023E-02
 3.996E-04  9.47948197139168E-02
 4.051E-04  9.72635178726838E-02
 4.106E-04  9.97959572159607E-02
 4.162E-04  1.02393761387387E-01
 4.219E-04  1.05058594496661E-01
 4.277E-04  1.07792162092007E-01
 4.335E-04  1.10596212154535E-01
 4.394E-04  1.13472536114936E-01
 4.454E-04  1.16422969892929E-01
 4.515E-04  1.19449394959939E-01
 4.577E-04  1.22553739425443E-01
 4.639E-04  1.25737979147388E-01
 4.702E-04  1.29004138867250E-01
 4.767E-04  1.32354293370091E-01
 4.832E-04  1.35790568670146E-01
 4.898E-04  1.39315143222414E-01
 4.965E-04  1.42930249160700E-01
 5.032E-04  1.46638173562647E-01
 5.101E-04  1.50441259742206E-01
 5.171E-04  1.54341908570057E-01
 5.241E-04  1.58342579822500E-01
 5.313E-04  1.62445793559290E-01
 5.385E-04  1.66654131530950E-01
 5.459E-04  1.70970238616081E-01
 5.533E-04  1.75396824289159E-01
 5.609E-04  1.79936664119350E-01
 5.686E-04  1.84592601300915E-01
 5.763E-04  1.89367548215663E-01
 5.842E-04  1.94264488028018E-01
 5.922E-04  1.99286476313234E-01
 6.002E-04  2.04436642719303E-01
 6.084E-04  2.09718192663060E-01
 6.167E-04  2.15134409061050E-01
 6.252E-04  2.20688654095688E-01
 6.337E-04  2.26384371017248E-01
 6.423E-04  2.32225085982257E-01
 6.511E-04  2.38214409928753E-01
 6.600E-04  2.44356040489023E-01
 6.690E-04  2.50653763940322E-01
 6.782E-04  2.57111457194118E-01
 6.874E-04  2.63733089824362E-01
 6.968E-04  2.70522726135379E-01
 7.063E-04  2.77484527269838E-01
 7.160E-04  2.84622753357339E-01
 7.257E-04  2.91941765704149E-01
 7.356E-04  2.99446029024563E-01
 7.457E-04  3.07140113714431E-01
 7.559E-04  3.15028698167289E-01
 7.662E-04  3.23116571133599E-01
 7.766E-04  3.31408634123610E-01
 7.872E-04  3.39909903854244E-01
 7.980E-04  3.48625514740452E-01
 8.089E-04  3.57560721431528E-01
 8.199E-04  3.66720901392760E-01
 8.311E-04  3.76111557532844E-01
 8.425E-04  3.85738320877424E-01
 8.540E-04  3.95606953289142E-01
 8.656E-04  4.05723350234569E-01
 8.774E-04  4.16093543598295E-01
 8.894E-04  4.26723704544518E-01
 9.016E-04  4.37620146426440E-01
 9.139E-04  4.48789327743645E-01
 9.264E-04  4.60237855147736E-01
 9.390E-04  4.71972486496487E-01
 9.518E-04  4.84000133956501E-01
 9.648E-04  4.96327867154762E-01
 9.780E-04  5.08962916378911E-01
 9.913E-04  5.21912675826444E-01
 1.005E-03  5.35184706902955E-01
 1.019E-03  5.48786741569138E-01
 1.032E-03  5.62726685736671E-01
 1.047E-03  5.77012622712866E-01
 1.061E-03  5.91652816693817E-01
 1.075E-03  6.06655716305937E-01
 1.090E-03  6.22029958195512E-01
 1.105E-03  6.37784370666023E-01
 1.120E-03  6.53927977362816E-01
 1.135E-03  6.70470001004677E-01
 1.151E-03  6.87419867161733E-01
 1.167E-03  7.04787208079115E-01
 1.182E-03  7.22581866545852E-01
 1.199E-03  7.40813899808005E-01
 1.215E-03  7.59493583525344E-01
 1.232E-03  7.78631415770711E-01
 1.248E-03  7.98238121070999E-01
 1.265E-03  8.18324654488587E-01
 1.283E-03  8.38902205742195E-01
 1.300E-03  8.59982203365759E-01
 1.318E-03  8.81576318903894E-01
 1.336E-03  9.03696471142567E-01
 1.354E-03  9.26354830373257E-01
 1.373E-03  9.49563822688853E-01
 1.391E-03  9.73336134309344E-01
 1.410E-03  9.97684715935609E-01
 1.430E-03  1.02262278712877E+00
 1.449E-03  1.04816384071300E+00
 1.469E-03  1.07432164719944E+00
 1.489E-03  1.10111025922849E+00
 1.509E-03  1.12854401602786E+00
 1.530E-03  1.15663754788327E+00
 1.551E-03  1.18540578061903E+00
 1.572E-03  1.21486394008492E+00
 1.593E-03  1.24502755664613E+00
 1.615E-03  1.27591246967255E+00
 1.637E-03  1.30753483202354E+00
 1.660E-03  1.33991111452428E+00
 1.682E-03  1.37305811042918E+00
 1.705E-03  1.40699293986817E+00
 1.729E-03  1.44173305427096E+00
 1.752E-03  1.47729624076438E+00
 1.776E-03  1.51370062653765E+00
 1.800E-03  1.55096468317005E+00
 1.825E-03  1.58910723091543E+00
 1.850E-03  1.62814744293738E+00
 1.875E-03  1.66810484948913E+00
 1.901E-03  1.70899934203117E+00
 1.927E-03  1.75085117728017E+00
 1.953E-03  1.79368098118198E+00
 1.980E-03  1.83750975280110E+00
 2.007E-03  1.88235886811893E+00
 2.034E-03  1.92825008373272E+00
 2.062E-03  1.97520554044672E+00
 2.090E-03  2.02324776674686E+00
 2.118E-03  2.07239968214951E+00
 2.147E-03  2.12268460041507E+00
 2.177E-03  2.17412623261640E+00
 2.206E-03  2.22674869005155E+00
 2.236E-03  2.28057648699048E+00
 2.267E-03  2.33563454324445E+00
 2.298E-03  2.39194818654630E+00
 2.329E-03  2.44954315473011E+00
 2.361E-03  2.50844559769755E+00
 2.393E-03  2.56868207915810E+00
 2.426E-03  2.63027957812983E+00
 2.459E-03  2.69326549018699E+00
 2.493E-03  2.75766762844008E+00
 2.527E-03  2.82351422423369E+00
 2.561E-03  2.89083392754703E+00
 2.596E-03  2.95965580708088E+00
 2.632E-03  3.03000935001534E+00
 2.668E-03  3.10192446142116E+00
 2.704E-03  3.17543146330760E+00
 2.741E-03  3.25056109328854E+00
 2.778E-03  3.32734450284908E+00
 2.816E-03  3.40581325519318E+00
 2.855E-03  3.48599932265292E+00
 2.894E-03  3.56793508363963E+00
 2.933E-03  3.65165331911574E+00
 2.973E-03  3.73718720856665E+00
 3.014E-03  3.82457032545062E+00
 3.055E-03  3.91383663210419E+00
 3.097E-03  4.00502047408044E+00
 3.139E-03  4.09815657389668E+00
 3.182E-03  4.19328002416688E+00
 3.225E-03  4.29042628009503E+00
 3.269E-03  4.38963115130368E+00
 3.314E-03  4.49093079297160E+00
 3.359E-03  4.59436169625497E+00
 3.405E-03  4.69996067796461E+00
 3.452E-03  4.80776486947172E+00
 3.499E-03  4.91781170481435E+00
 3.546E-03  5.03013890797619E+00
 3.595E-03  5.14478447930807E+00
 3.644E-03  5.26178668106309E+00
 3.694E-03  5.38118402201524E+00
 3.744E-03  5.50301524113068E+00
 3.795E-03  5.62731929026108E+00
 3.847E-03  5.75413531582752E+00
 3.900E-03  5.88350263946301E+00
 3.953E-03  6.01546073758176E+00
 4.007E-03  6.15004921984235E+00
 4.061E-03  6.28730780647248E+00
 4.117E-03  6.42727630442186E+00
 4.173E-03  6.56999458231003E+00
 4.230E-03  6.71550254413615E+00
 4.288E-03  6.86384010171644E+00
 4.346E-03  7.01504714581596E+00
 4.406E-03  7.16916351594138E+00
 4.466E-03  7.32622896876060E+00
 4.527E-03  7.48628314511583E+00
 4.589E-03  7.64936553559704E+00
 4.651E-03  7.81551544464217E+00
 4.715E-03  7.98477195313156E+00
 4.779E-03  8.15717387944422E+00
 4.844E-03  8.33275973894388E+00
 4.911E-03  8.51156770186316E+00
 4.978E-03  8.69363554955568E+00
 5.046E-03  8.87900062908613E+00
 5.114E-03  9.06769980612835E+00
 5.184E-03  9.25976941614429E+00
 5.255E-03  9.45524521381690E+00
 5.327E-03  9.65416232071017E+00
 5.400E-03  9.85655517113284E+00
 5.473E-03  1.00624574561831E+01
 5.548E-03  1.02719020659517E+01
 5.624E-03  1.04849210298655E+01
 5.700E-03  1.07015454551528E+01
 5.778E-03  1.09218054634159E+01
 5.857E-03  1.11457301252975E+01
 5.937E-03  1.13733473932292E+01
 6.018E-03  1.16046840322566E+01
 6.100E-03  1.18397655489322E+01
 6.184E-03  1.20786161182779E+01
 6.268E-03  1.23212585088148E+01
 6.354E-03  1.25677140056669E+01
 6.440E-03  1.28180023317462E+01
 6.528E-03  1.30721415670307E+01
 6.617E-03  1.33301480659529E+01
 6.708E-03  1.35920363729178E+01
 6.799E-03  1.38578191359772E+01
 6.892E-03  1.41275070186889E+01
 6.986E-03  1.44011086101967E+01
 7.082E-03  1.46786303335722E+01
 7.178E-03  1.49600763524640E+01
 7.276E-03  1.52454484761065E+01
 7.376E-03  1.55347460627475E+01
 7.476E-03  1.58279659215586E+01
 7.578E-03  1.61251022131010E+01
 7.682E-03  1.64261463484257E+01
 7.787E-03  1.67310868868931E+01
 7.893E-03  1.70399094328077E+01
 8.001E-03  1.73525965309688E+01
 8.110E-03  1.76691275612482E+01
 8.221E-03  1.79894786323137E+01
 8.333E-03  1.83136224746260E+01
 8.447E-03  1.86415283328467E+01
 8.562E-03  1.89731618578040E+01
 8.679E-03  1.93084849981722E+01
 8.798E-03  1.96474558920326E+01
 8.918E-03  1.99900287584913E+01
 9.039E-03  2.03361537895441E+01
 9.163E-03  2.06857770423848E+01
 9.288E-03  2.10388403323688E+01
 9.415E-03  2.13952811268523E+01
 9.543E-03  2.17550324401404E+01
 9.674E-03  2.21180227297913E+01
 9.806E-03  2.24841757945299E+01
 9.940E-03  2.28534106740442E+01
 1.008E-02  2.32256415509455E+01
 1.021E-02  2.36007776551849E+01
 1.035E-02  2.39787231712382E+01
 1.049E-02  2.43593771483740E+01
 1.064E-02  2.47426334143432E+01
 1.078E-02  2.51283804928324E+01
 1.093E-02  2.55165015250418E+01
 1.108E-02  2.59068741957595E+01
 1.123E-02  2.62993706643151E+01
 1.138E-02  2.66938575008121E+01
 1.154E-02  2.70901956280462E+01
 1.170E-02  2.74882402695320E+01
 1.186E-02  2.78878409040726E+01
 1.202E-02  2.82888412273151E+01
 1.218E-02  2.86910791207489E+01
 1.235E-02  2.90943866286136E+01
 1.252E-02  2.94985899431930E+01
 1.269E-02  2.99035093989805E+01
 1.286E-02  3.03089594762117E+01
 1.304E-02  3.07147488142660E+01
 1.321E-02  3.11206802354482E+01
 1.339E-02  3.15265507796640E+01
 1.358E-02  3.19321517505130E+01
 1.376E-02  3.23372687733224E+01
 1.395E-02  3.27416818656497E+01
 1.414E-02  3.31451655207852E+01
 1.433E-02  3.35474888047808E+01
 1.453E-02  3.39484154675364E+01
 1.473E-02  3.43477040684668E+01
 1.493E-02  3.47451081172692E+01
 1.513E-02  3.51403762303062E+01
 1.534E-02  3.55332523031079E+01
 1.555E-02  3.59234756994880E+01
 1.576E-02  3.63107814577550E+01
 1.598E-02  3.66949005144847E+01
 1.619E-02  3.70755599463045E+01
 1.642E-02  3.74524832301146E+01
 1.664E-02  3.78253905221558E+01
 1.687E-02  3.81939989563027E+01
 1.710E-02  3.85580229619346E+01
 1.733E-02  3.89171746017052E+01
 1.757E-02  3.92711639294979E+01
 1.781E-02  3.96196993688161E+01
 1.805E-02  3.99624881118156E+01
 1.830E-02  4.02992365391443E+01
 1.855E-02  4.06296506607054E+01
 1.880E-02  4.09534365774095E+01
 1.906E-02  4.12703009639255E+01
 1.932E-02  4.15799515723832E+01
 1.958E-02  4.18820977569180E+01
 1.985E-02  4.21764510188808E+01
 2.012E-02  4.24627255724682E+01
 2.039E-02  4.27406389304559E+01
 2.067E-02  4.30099125096362E+01
 2.095E-02  4.32702722554855E+01
 2.124E-02  4.35214492855001E+01
 2.153E-02  4.37631805505483E+01
 2.182E-02  4.39952095135010E+01
 2.212E-02  4.42172868443003E+01
 2.242E-02  4.44291711305332E+01
 2.273E-02  4.46306296024712E+01
 2.304E-02  4.48214388714341E+01
 2.335E-02  4.50013856802270E+01
 2.367E-02  4.51702676642907E+01
 2.400E-02  4.53278941220904E+01
 2.432E-02  4.54740867931538E+01
 2.466E-02  4.56086806420557E+01
 2.499E-02  4.57315246465211E+01
 2.533E-02  4.58424825877059E+01
 2.568E-02  4.59414338405929E+01
 2.603E-02  4.60282741623166E+01
 2.639E-02  4.61029164761149E+01
 2.675E-02  4.61652916484846E+01
 2.711E-02  4.62153492569990E+01
 2.748E-02  4.62530583461298E+01
 2.786E-02  4.62784081683036E+01
 2.824E-02  4.62914089073093E+01
 2.862E-02  4.62920923810687E+01
 2.901E-02  4.62805127206797E+01
 2.941E-02  4.62567470225413E+01
 2.981E-02  4.62208959702836E+01
 3.022E-02  4.61730844231370E+01
 3.063E-02  4.61134619673010E+01
 3.105E-02  4.60422034268013E+01
 3.147E-02  4.59595093302698E+01
 3.190E-02  4.58656063300275E+01
 3.234E-02  4.57607475698179E+01
 3.278E-02  4.56452129975077E+01
 3.323E-02  4.55193096190633E+01
 3.368E-02  4.53833716901092E+01
 3.414E-02  4.52377608413904E+01
 3.461E-02  4.50828661344954E+01
 3.508E-02  4.49191040442382E+01
 3.556E-02  4.47469183641687E+01
 3.604E-02  4.45667800317599E+01
 3.654E-02  4.43791868699249E+01
 3.703E-02  4.41846632416363E+01
 3.754E-02  4.39837596145666E+01
 3.805E-02  4.37770520328264E+01
 3.857E-02  4.35651414930681E+01
 3.910E-02  4.33486532224242E+01
 3.963E-02  4.31282358559842E+01
 4.017E-02  4.29045605117638E+01
 4.072E-02  4.26783197613980E+01
 4.128E-02  4.24502264950858E+01
 4.184E-02  4.22210126796438E+01
 4.241E-02  4.19914280088629E+01
 4.299E-02  4.17622384457405E+01
 4.358E-02  4.15342246565462E+01
 4.417E-02  4.13081803370964E+01
 4.478E-02  4.10849104320494E+01
 4.539E-02  4.08652292484870E+01
 4.601E-02  4.06499584655281E+01
 4.664E-02  4.04399250422137E+01
 4.727E-02  4.02359590264170E+01
 4.792E-02  4.00388912680599E+01
 4.857E-02  3.98495510404636E+01
 4.924E-02  3.96687635742154E+01
 4.991E-02  3.94973475085009E+01
 5.059E-02  3.93361122654298E+01
 5.128E-02  3.91858553534618E+01
 5.198E-02  3.90473596066289E+01
 5.269E-02  3.89213903668357E+01
 5.341E-02  3.88086926171066E+01
 5.414E-02  3.87099880742306E+01
 5.488E-02  3.86259722498273E+01
 5.563E-02  3.85573114894245E+01
 5.639E-02  3.85046399996842E+01
 5.716E-02  3.84685568744465E+01
 5.794E-02  3.84496231307770E+01
 5.873E-02  3.84483587666822E+01
 5.953E-02  3.84652398526233E+01
 6.034E-02  3.85006956693821E+01
 6.116E-02  3.85551059052226E+01
 6.200E-02  3.86287979256461E+01
 6.285E-02  3.87220441293428E+01
 6.370E-02  3.88350594042041E+01
 6.457E-02  3.89679986974702E+01
 6.546E-02  3.91209547142389E+01
 6.635E-02  3.92939557586628E+01
 6.725E-02  3.94869637321897E+01
 6.817E-02  3.96998723031750E+01
 6.910E-02  3.99325052620903E+01
 7.005E-02  4.01846150763839E+01
 7.100E-02  4.04558816587988E+01
 7.197E-02  4.07459113626320E+01
 7.296E-02  4.10542362170129E+01
 7.395E-02  4.13803134147959E+01
 7.496E-02  4.17235250650895E+01
 7.598E-02  4.20831782217930E+01
 7.702E-02  4.24585051987720E+01
 7.807E-02  4.28486641814761E+01
 7.914E-02  4.32527401438925E+01
 8.022E-02  4.36697460787290E+01
 8.132E-02  4.40986245476364E+01
 8.243E-02  4.45382495571160E+01
 8.355E-02  4.49874287645053E+01
 8.469E-02  4.54449060171096E+01
 8.585E-02  4.59093642261421E+01
 8.702E-02  4.63794285756594E+01
 8.821E-02  4.68536700651316E+01
 8.941E-02  4.73306093826821E+01
 9.063E-02  4.78087211043609E+01
 9.187E-02  4.82864382131002E+01
 9.312E-02  4.87621569292346E+01
 9.440E-02  4.92342418426675E+01
 9.568E-02  4.97010313349297E+01
 9.699E-02  5.01608432775225E+01
 9.831E-02  5.06119809910674E+01
 9.966E-02  5.10527394479101E+01
 1.010E-01  5.14814116989592E+01
 1.024E-01  5.18962955036851E+01
 1.038E-01  5.22957001403794E+01
 1.052E-01  5.26779533719847E+01
 1.066E-01  5.30414085410614E+01
 1.081E-01  5.33844517657798E+01
 1.096E-01  5.37055092072149E+01
 1.111E-01  5.40030543766927E+01
 1.126E-01  5.42756154505145E+01
 1.141E-01  5.45217825580578E+01
 1.157E-01  5.47402150080577E+01
 1.173E-01  5.49296484168056E+01
 1.189E-01  5.50889017010814E+01
 1.205E-01  5.52168838978734E+01
 1.221E-01  5.53126007723506E+01
 1.238E-01  5.53751611751377E+01
 1.255E-01  5.54037831097317E+01
 1.272E-01  5.53977994708820E+01
 1.289E-01  5.53566634149597E+01
 1.307E-01  5.52799533237680E+01
 1.325E-01  5.51673773239038E+01
 1.343E-01  5.50187773246817E+01
 1.361E-01  5.48341325387802E+01
 1.380E-01  5.46135624511754E+01
 1.399E-01  5.43573292035870E+01
 1.418E-01  5.40658393635926E+01
 1.437E-01  5.37396450497534E+01
 1.457E-01  5.33794443865566E+01
 1.477E-01  5.29860812656972E+01
 1.497E-01  5.25605443932107E+01
 1.517E-01  5.21039656052061E+01
 1.538E-01  5.16176174384391E+01
 1.559E-01  5.11029099456972E+01
 1.580E-01  5.05613867499262E+01
 1.602E-01  4.99947203352001E+01
 1.624E-01  4.94047065770092E+01
 1.646E-01  4.87932585188855E+01
 1.668E-01  4.81623994070911E+01
 1.691E-01  4.75142549999289E+01
 1.714E-01  4.68510451731699E+01
 1.738E-01  4.61750748481050E+01
 1.761E-01  4.54887242737716E+01
 1.785E-01  4.47944386999646E+01
 1.810E-01  4.40947174826517E+01
 1.834E-01  4.33921026683613E+01
 1.860E-01  4.26891671089323E+01
 1.885E-01  4.19885021626817E+01
 1.911E-01  4.12927050425036E+01
 1.937E-01  4.06043658756183E+01
 1.963E-01  3.99260545435984E+01
 1.990E-01  3.92603073748626E+01
 2.017E-01  3.86096137650003E+01
 2.045E-01  3.79764028030302E+01
 2.073E-01  3.73630299839623E+01
 2.101E-01  3.67717640897806E+01
 2.130E-01  3.62047743221677E+01
 2.159E-01  3.56641177709074E+01
 2.188E-01  3.51517273019164E+01
 2.218E-01  3.46693999482343E+01
 2.248E-01  3.42187858860343E+01
 2.279E-01  3.38013780757993E+01
 2.310E-01  3.34185026462208E+01
 2.342E-01  3.30713100951406E+01
 2.374E-01  3.27607673779650E+01
 2.406E-01  3.24876509494584E+01
 2.439E-01  3.22525408196835E+01
 2.472E-01  3.20558156791340E+01
 2.506E-01  3.18976491418249E+01
 2.540E-01  3.17780071483078E+01
 2.575E-01  3.16966465633048E+01
 2.610E-01  3.16531149949475E+01
 2.646E-01  3.16467518545231E+01
 2.682E-01  3.16766906672121E+01
 2.718E-01  3.17418626356216E+01
 2.755E-01  3.18410014490257E+01
 2.793E-01  3.19726493221931E+01
 2.831E-01  3.21351642385779E+01
 2.870E-01  3.23267283635472E+01
 2.909E-01  3.25453575842994E+01
 2.949E-01  3.27889121242614E+01
 2.989E-01  3.30551081711355E+01
 3.030E-01  3.33415304494759E+01
 3.071E-01  3.36456456607944E+01
 3.113E-01  3.39648167068196E+01
 3.156E-01  3.42963176047340E+01
 3.199E-01  3.46373489970864E+01
 3.242E-01  3.49850541536799E+01
 3.287E-01  3.53365353581591E+01
 3.331E-01  3.56888705683072E+01
 3.377E-01  3.60391302362887E+01
 3.423E-01  3.63843941732586E+01
 3.470E-01  3.67217683419580E+01
 3.517E-01  3.70484014611375E+01
 3.565E-01  3.73615013069044E+01
 3.614E-01  3.76583505983758E+01
 3.663E-01  3.79363223583194E+01
 3.713E-01  3.81928946437425E+01
 3.764E-01  3.84256645466119E+01
 3.815E-01  3.86323613709862E+01
 3.867E-01  3.88108588997668E+01
 3.920E-01  3.89591866719309E+01
 3.974E-01  3.90755401994270E+01
 4.028E-01  3.91582900617886E+01
 4.083E-01  3.92059898258627E+01
 4.139E-01  3.92173827477421E+01
 4.195E-01  3.91914072239427E+01
 4.252E-01  3.91272009689540E+01
 4.311E-01  3.90241039064184E+01
 4.369E-01  3.88816597712521E+01
 4.429E-01  3.86996164299023E+01
 4.489E-01  3.84779249355551E+01
 4.551E-01  3.82167373443619E+01
 4.613E-01  3.79164033275728E+01
 4.676E-01  3.75774656227620E+01
 4.740E-01  3.72006543750528E+01
 4.804E-01  3.67868804263318E+01
 4.870E-01  3.63372276168461E+01
 4.936E-01  3.58529441692643E+01
 5.004E-01  3.53354332302273E+01
 5.072E-01  3.47862426486084E+01
 5.141E-01  3.42070540731331E+01
 5.212E-01  3.35996714546852E+01
 5.283E-01  3.29660090405558E+01
 5.355E-01  3.23080789491015E+01
 5.428E-01  3.16279784137864E+01
 5.502E-01  3.09278767854236E+01
 5.577E-01  3.02100023806460E+01
 5.653E-01  2.94766292632545E+01
 5.731E-01  2.87300640431666E+01
 5.809E-01  2.79726327752512E+01
 5.888E-01  2.72066680374427E+01
 5.969E-01  2.64344962642173E+01
 6.050E-01  2.56584254078239E+01
 6.133E-01  2.48807329956508E+01
 6.216E-01  2.41036546477947E+01
 6.301E-01  2.33293731143394E+01
 6.387E-01  2.25600078870683E+01
 6.474E-01  2.17976054353660E+01
 6.563E-01  2.10441301109459E+01
 6.652E-01  2.03014557607899E+01
 6.743E-01  1.95713580823381E+01
 6.835E-01  1.88555077495455E+01
 6.929E-01  1.81554643329468E+01
 7.023E-01  1.74726710313712E+01
 7.119E-01  1.68084502274424E+01
 7.216E-01  1.61639998735127E+01
 7.315E-01  1.55403907092383E+01
 7.415E-01  1.49385643066300E+01
 7.516E-01  1.43593319331356E+01
 7.618E-01  1.38033742181650E+01
 7.723E-01  1.32712416034741E+01
 7.828E-01  1.27633555530268E+01
 7.935E-01  1.22800104933830E+01
 8.043E-01  1.18213764513526E+01
 8.153E-01  1.13875023516505E+01
 8.264E-01  1.09783199336247E+01
 8.377E-01  1.05936482428378E+01
 8.491E-01  1.02331986504082E+01
 8.607E-01  9.89658035057994E+00
 8.725E-01  9.58330628501760E+00
 8.844E-01  9.29279944084420E+00
 8.965E-01  9.02439946844661E+00
 9.087E-01  8.77736956458683E+00
 9.211E-01  8.55090356635797E+00
 9.337E-01  8.34413320199905E+00
 9.464E-01  8.15613544550670E+00
 9.594E-01  7.98593992331802E+00
 9.725E-01  7.83253632304835E+00
 9.857E-01  7.69488175630296E+00
 9.992E-01  7.57190802989550E+00
 1.013E+00  7.46252878234903E+00
 1.027E+00  7.36564644528136E+00
 1.041E+00  7.28015899214182E+00
 1.055E+00  7.20496643973433E+00
 1.069E+00  7.13897707099861E+00
 1.084E+00  7.08111335060296E+00
 1.099E+00  7.03031750800714E+00
 1.114E+00  6.98555676576790E+00
 1.129E+00  6.94582819397112E+00
 1.144E+00  6.91016317477491E+00
 1.160E+00  6.87763146412991E+00
 1.176E+00  6.84734484079923E+00
 1.192E+00  6.81846033582389E+00
 1.208E+00  6.79018303855976E+00
 1.225E+00  6.76176847833854E+00
 1.241E+00  6.73252458366520E+00
 1.258E+00  6.70181322364100E+00
 1.275E+00  6.66905133897999E+00
 1.293E+00  6.63371167254763E+00
 1.310E+00  6.59532311177559E+00
 1.328E+00  6.55347065757819E+00
 1.347E+00  6.50779503649381E+00
 1.365E+00  6.45799197468453E+00
 1.384E+00  6.40381115413124E+00
 1.402E+00  6.34505487284934E+00
 1.422E+00  6.28157643220927E+00
 1.441E+00  6.21327827547064E+00
 1.461E+00  6.14010990242344E+00
 1.481E+00  6.06206558557409E+00
 1.501E+00  5.97918191361917E+00
 1.521E+00  5.89153518802176E+00
 1.542E+00  5.79923869835104E+00
 1.563E+00  5.70243990167761E+00
 1.584E+00  5.60131753074603E+00
 1.606E+00  5.49607865488968E+00
 1.628E+00  5.38695571672668E+00
 1.650E+00  5.27420356659827E+00
 1.673E+00  5.15809651550279E+00
 1.696E+00  5.03892542595771E+00
 1.719E+00  4.91699485881141E+00
 1.742E+00  4.79262029254353E+00
 1.766E+00  4.66612543006007E+00
 1.790E+00  4.53783960642356E+00
 1.815E+00  4.40809530937982E+00
 1.839E+00  4.27722582296691E+00
 1.864E+00  4.14556300293488E+00
 1.890E+00  4.01343519118087E+00
 1.916E+00  3.88116527492595E+00
 1.942E+00  3.74906889493835E+00
 1.968E+00  3.61745280575168E+00
 1.995E+00  3.48661338954483E+00
 2.022E+00  3.35683532414726E+00
 2.050E+00  3.22839040451490E+00
 2.078E+00  3.10153651599040E+00
 2.106E+00  2.97651675671895E+00
 2.135E+00  2.85355870573786E+00
 2.164E+00  2.73287383249338E+00
 2.194E+00  2.61465704286177E+00
 2.224E+00  2.49908635615923E+00
 2.254E+00  2.38632270711552E+00
 2.285E+00  2.27650986635487E+00
 2.316E+00  2.16977447257060E+00
 2.348E+00  2.06622616929435E+00
 2.380E+00  1.96595783893996E+00
 2.412E+00  1.86904592664465E+00
 2.445E+00  1.77555084632850E+00
 2.479E+00  1.68551746134628E+00
 2.513E+00  1.59897563210657E+00
 2.547E+00  1.51594082307980E+00
 2.582E+00  1.43641476170470E+00
 2.617E+00  1.36038614182851E+00
 2.653E+00  1.28783136447707E+00
 2.689E+00  1.21871530894335E+00
 2.725E+00  1.15299212740499E+00
 2.763E+00  1.09060605652972E+00
 2.800E+00  1.03149223980089E+00
 2.839E+00  9.75577554590612E-01
 2.877E+00  9.22781438324438E-01
 2.917E+00  8.73016708415708E-01
 2.956E+00  8.26190370999771E-01
 2.997E+00  7.82204413864541E-01
 3.038E+00  7.40956579353686E-01
 3.079E+00  7.02341113409734E-01
 3.121E+00  6.66249487324338E-01
 3.164E+00  6.32571089169763E-01
 3.207E+00  6.01193882296670E-01
 3.251E+00  5.72005028695768E-01
 3.295E+00  5.44891475431772E-01
 3.340E+00  5.19740502764107E-01
 3.386E+00  4.96440232966348E-01
 3.432E+00  4.74880099241761E-01
 3.479E+00  4.54951274501732E-01
 3.526E+00  4.36547060123473E-01
 3.575E+00  4.19563235129506E-01
 3.623E+00  4.03898366530552E-01
 3.673E+00  3.89454081842681E-01
 3.723E+00  3.76135305026282E-01
 3.774E+00  3.63850457296914E-01
 3.825E+00  3.52511624425323E-01
 3.878E+00  3.42034692275672E-01
 3.930E+00  3.32339452428019E-01
 3.984E+00  3.23349679794718E-01
 4.039E+00  3.14993184172988E-01
 4.094E+00  3.07201837680190E-01
 4.150E+00  2.99911579997656E-01
 4.206E+00  2.93062403306904E-01
 4.264E+00  2.86598318742464E-01
 4.322E+00  2.80467306112112E-01
 4.381E+00  2.74621248551663E-01
 4.441E+00  2.69015853690964E-01
 4.501E+00  2.63610562813426E-01
 4.563E+00  2.58368449395825E-01
 4.625E+00  2.53256108320541E-01
 4.688E+00  2.48243536960594E-01
 4.752E+00  2.43304009250085E-01
 4.817E+00  2.38413943770069E-01
 4.883E+00  2.33552766803072E-01
 4.950E+00  2.28702771238706E-01
 5.017E+00  2.23848972148444E-01
 5.086E+00  2.18978959789246E-01
 5.155E+00  2.14082750743432E-01
 5.225E+00  2.09152637855409E-01
 5.297E+00  2.04183039584201E-01
 5.369E+00  1.99170349353786E-01
 5.442E+00  1.94112785450382E-01
 5.517E+00  1.89010241986564E-01
 5.592E+00  1.83864141425897E-01
 5.668E+00  1.78677289138030E-01
 5.746E+00  1.73453730432530E-01
 5.824E+00  1.68198610499514E-01
 5.904E+00  1.62918037665967E-01
 5.984E+00  1.57618950358098E-01
 6.066E+00  1.52308988141705E-01
 6.149E+00  1.46996367194020E-01
 6.233E+00  1.41689760541455E-01
 6.318E+00  1.36398183377847E-01
 6.404E+00  1.31130883756955E-01
 6.491E+00  1.25897238930726E-01
 6.580E+00  1.20706657581303E-01
 6.670E+00  1.15568488169467E-01
 6.761E+00  1.10491933595371E-01
 6.853E+00  1.05485972338769E-01
 6.947E+00  1.00559286215642E-01
 7.042E+00  9.57201948561124E-02
 7.138E+00  9.09765969749936E-02
 7.235E+00  8.63359184713939E-02
 7.334E+00  8.18050673576245E-02
 7.434E+00  7.73903954806018E-02
 7.536E+00  7.30976669611981E-02
 7.639E+00  6.89320332389516E-02
 7.743E+00  6.48980145716051E-02
 7.849E+00  6.09994878014088E-02
 7.956E+00  5.72396801635232E-02
 8.064E+00  5.36211688765755E-02
 8.174E+00  5.01458862219297E-02
 8.286E+00  4.68151297869415E-02
 8.399E+00  4.36295775188471E-02
 8.514E+00  4.05893072103556E-02
 8.630E+00  3.76938200158771E-02
 8.748E+00  3.49420675789438E-02
 8.867E+00  3.23324823370550E-02
 8.988E+00  2.98630105601291E-02
 9.111E+00  2.75311476731344E-02
 9.235E+00  2.53339754124092E-02
 9.362E+00  2.32682003686422E-02
 9.489E+00  2.13301934774635E-02
 9.619E+00  1.95160300309504E-02
 9.750E+00  1.78215297998728E-02
 9.883E+00  1.62422968769266E-02
 1.002E+01  1.47737588751913E-02
 1.016E+01  1.34112051432192E-02
 1.029E+01  1.21498236880574E-02
 1.043E+01  1.09847365296625E-02
 1.058E+01  9.91103324406460E-03
 1.072E+01  8.92380248774267E-03
 1.087E+01  8.01816133147706E-03
 1.102E+01  7.18928226785661E-03
 1.117E+01  6.43241779217551E-03
 1.132E+01  5.74292249113532E-03
 1.147E+01  5.11627260711116E-03
 1.163E+01  4.54808307733362E-03
 1.179E+01  4.03412207680477E-03
 1.195E+01  3.57032312079663E-03
 1.211E+01  3.15279480711421E-03
 1.228E+01  2.77782829975005E-03
 1.245E+01  2.44190267397886E-03
 1.262E+01  2.14168825827543E-03
 1.279E+01  1.87404812065831E-03
 1.296E+01  1.63603785623002E-03
 1.314E+01  1.42490383888898E-03
 1.332E+01  1.23808010357378E-03
 1.350E+01  1.07318402614916E-03
 1.368E+01  9.28010966373207E-04
 1.387E+01  8.00528035538107E-04
 1.406E+01  6.88867144615896E-04
 1.425E+01  5.91317481338181E-04
 1.445E+01  5.06317555878012E-04
 1.464E+01  4.32446944953991E-04
 1.484E+01  3.68417853520909E-04
 1.505E+01  3.13066602003050E-04
 1.525E+01  2.65345135510585E-04
 1.546E+01  2.24312639879405E-04
 1.567E+01  1.89127337892492E-04
 1.589E+01  1.59038527852974E-04
 1.610E+01  1.33378915938351E-04
 1.632E+01  1.11557283595176E-04
 1.655E+01  9.30515217369736E-05
 1.677E+01  7.74020547593486E-05
 1.700E+01  6.42056694373976E-05
 1.723E+01  5.31097566520695E-05
 1.747E+01  4.38069676149292E-05
 1.771E+01  3.60302808183791E-05
 1.795E+01  2.95484713084138E-05
 1.819E+01  2.41619700261994E-05
 1.844E+01  1.96990978483207E-05
 1.869E+01  1.60126565212435E-05
 1.895E+01  1.29768568756682E-05
 1.921E+01  1.04845634596670E-05
 1.947E+01  8.44483398232422E-06
 1.974E+01  6.78073164909881E-06
 2.000E+01  5.42738853398556E-06
 2.028E+01  4.33029851209301E-06
 2.055E+01  3.44381891283440E-06
 2.084E+01  2.72986089629615E-06
 2.112E+01  2.15674955540418E-06
 2.141E+01  1.69823586088513E-06
 2.170E+01  1.33264375661237E-06
 2.200E+01  1.04213694624771E-06
 2.230E+01  8.12091160431890E-07
 2.260E+01  6.30566437423836E-07
 2.291E+01  4.87900458045811E-07
 2.322E+01  3.76176777461562E-07
 2.354E+01  2.88997014959237E-07
 2.386E+01  2.21215347683625E-07
 2.419E+01  1.68708607191028E-07
 2.452E+01  1.28185392860270E-07
 2.485E+01  9.70282130891764E-08
 2.519E+01  7.31634642554160E-08
 2.554E+01  5.49547720419726E-08
 2.588E+01  4.11158545444332E-08
 2.624E+01  3.06396271840222E-08
 2.660E+01  2.27407616397149E-08
 2.696E+01  1.68093406694645E-08
 2.733E+01  1.23736236544338E-08
 2.770E+01  9.07025966002246E-09
 2.808E+01  6.62056121752242E-09
 2.846E+01  4.81168804818550E-09
 2.885E+01  3.48179039517203E-09
 2.924E+01  2.50833094909459E-09
 2.964E+01  1.79894661962931E-09
 3.005E+01  1.28433030566405E-09
 3.046E+01  9.12711659595005E-10
 3.087E+01  6.45597574391011E-10
 3.130E+01  4.54500347203179E-10
 3.172E+01  3.18436471020566E-10
 3.216E+01  2.22023759568443E-10
 3.259E+01  1.54040732900947E-10
 3.304E+01  1.06341350201535E-10
 3.349E+01  7.30415222078481E-11
 3.395E+01  4.99124253969658E-11
 3.441E+01  3.39303613143753E-11
 3.488E+01  2.29444977863994E-11
 3.536E+01  1.54329079762370E-11
 3.584E+01  1.03243936352884E-11
 3.633E+01  6.86905376849413E-12
 3.683E+01  4.54477512529165E-12
 3.733E+01  2.99004758389722E-12
 3.784E+01  1.95596308652149E-12
 3.835E+01  1.27211459878062E-12
 3.888E+01  8.22508796178587E-13
 3.941E+01  5.28650720999691E-13
 3.995E+01  3.37734807416119E-13
 4.049E+01  2.14449876020698E-13
 4.104E+01  1.35326404867961E-13
 4.161E+01  8.48612356851887E-14
 4.217E+01  5.28772705066590E-14
 4.275E+01  3.27358714413714E-14
 4.333E+01  2.01342682164485E-14
 4.392E+01  1.23017329302376E-14
 4.452E+01  7.46579923152742E-15
 4.513E+01  4.50014696296190E-15
 4.575E+01  2.69387983262711E-15
 4.637E+01  1.60137090535806E-15
 4.701E+01  9.45213371342623E-16
 4.765E+01  5.53931580908796E-16
 4.830E+01  3.22284273510090E-16
 4.896E+01  1.86146668615354E-16
 4.963E+01  1.06732368352423E-16
 5.030E+01  6.07549084510761E-17
 5.099E+01  3.43386047515544E-17
 5.169E+01  1.92782895520584E-17
 5.239E+01  1.07593976776226E-17
 5.311E+01  5.97897925177906E-18
 5.383E+01  3.31817818667170E-18
 5.457E+01  1.84960429939792E-18
 5.531E+01  1.04646524797660E-18
 5.607E+01  0.00000000000000E+00
 5.683E+01  0.00000000000000E+00
 5.761E+01  0.00000000000000E+00
 5.839E+01  0.00000000000000E+00
 5.919E+01  0.00000000000000E+00
 6.000E+01  0.00000000000000E+00
