./ilogA is logfile.
./chgdenCa calculation starts
rmin,rmax=  5.00E-08  4.47E+01
   1563.92851546   -608.06326564      0.30000000    1
    173.41395530   -645.16835967      0.30000000    1
    108.34409588   -663.83412954      0.30000000    1
     66.13133827   -672.46823359      0.30000000    1
     39.39844291   -676.11577356      0.30000000    1
     22.94331165   -677.52157438      0.30000000    1
     13.11765228   -678.02075997      0.30000000    1
      7.41883662   -678.18906631      0.30000000    1
      4.19003316   -678.24582777      0.30000000    1
      2.38473982   -678.26602255      0.30000000    1
      1.37667064   -678.27377957      0.30000000    1
      0.80880240   -678.27695581      0.30000000    1
      0.48399640   -678.27830674      0.30000000    1
      0.29476867   -678.27889166      0.30000000    1
      0.18238775   -678.27914675      0.30000000    1
      0.11439449   -678.27925835      0.30000000    1
      0.07255288   -678.27930728      0.30000000    1
      0.04642092   -678.27932880      0.30000000    1
      0.02989785   -678.27933830      0.30000000    1
      0.01934688   -678.27934252      0.30000000    1
      0.01255836   -678.27934440      0.30000000    1
      0.00816645   -678.27934524      0.30000000    1
      0.00531424   -678.27934562      0.30000000    1
      0.00345758   -678.27934580      0.30000000    1
      0.00224750   -678.27934588      0.30000000    1
      0.00145864   -678.27934591      0.30000000    1
      0.00094463   -678.27934593      0.30000000    1
      0.00061009   -678.27934594      0.30000000    1
      0.00039274   -678.27934594      0.30000000    1
      0.00000000   -678.27934595      1.00000000    2
      0.00000000   -678.27934595      1.00000000    3
    1   0 0  -1/2   1    2.0000       -144.401263
    2   0 0  -1/2   1    2.0000        -15.158064
    2   1 1  -1/2   1    2.0000        -12.375240
    2   1 1  -3/2   1    4.0000        -12.240506
    3   0 0  -1/2   1    2.0000         -1.719204
    3   1 1  -1/2   1    2.0000         -1.038059
    3   1 1  -3/2   1    4.0000         -1.023790
    4   0 0  -1/2   1    2.0000         -0.141878
 total energy =   -6.78279345946915E+02 -1.84569305942999E+04
