./ilogA is logfile.
./chgdenPo calculation starts
rmin,rmax=  1.19E-08  2.18E+01
  30657.50105585 -19392.19340353      0.30000000    1
   1680.01979082 -20907.12364969      0.30000000    1
   1039.76924361 -21657.66621986      0.30000000    1
    627.84033333 -21991.60406990      0.30000000    1
    369.83745788 -22122.28586387      0.30000000    1
    213.57566729 -22166.99151544      0.30000000    1
    122.42786691 -22180.90104355      0.30000000    1
     70.94673532 -22185.23068021      0.30000000    1
     42.20631595 -22186.68788128      0.30000000    1
     25.91746969 -22187.22028617      0.30000000    1
     16.38495295 -22187.42631890      0.30000000    1
     10.59852995 -22187.50874550      0.30000000    1
      6.96651273 -22187.54200798      0.30000000    1
      4.62653444 -22187.55531278      0.30000000    1
      3.09208185 -22187.56056499      0.30000000    1
      2.07472983 -22187.56262376      0.30000000    1
      1.39566002 -22187.56343337      0.30000000    1
      0.94046241 -22187.56375581      0.30000000    1
      0.63449400 -22187.56388669      0.30000000    1
      0.42846250 -22187.56394099      0.30000000    1
      0.28955782 -22187.56396403      0.30000000    1
      0.19582672 -22187.56397402      0.30000000    1
      0.13253191 -22187.56397843      0.30000000    1
      0.08976081 -22187.56398042      0.30000000    1
      0.06083837 -22187.56398132      0.30000000    1
      0.04126638 -22187.56398174      0.30000000    1
      0.02801191 -22187.56398194      0.30000000    1
      0.01902879 -22187.56398203      0.30000000    1
      0.01293581 -22187.56398208      0.30000000    1
      0.00879989 -22187.56398210      0.30000000    1
      0.00599033 -22187.56398211      0.30000000    1
      0.00408034 -22187.56398211      0.30000000    1
      0.00278101 -22187.56398212      0.30000000    1
      0.00189650 -22187.56398212      0.30000000    1
      0.00129399 -22187.56398212      0.30000000    1
      0.00088334 -22187.56398212      0.30000000    1
      0.00060328 -22187.56398212      0.30000000    1
      0.00041219 -22187.56398212      0.30000000    1
      0.00000000 -22187.56398212      1.00000000    2
      0.00000000 -22187.56398212      1.00000000    3
    1   0 0  -1/2   1    2.0000      -3396.461185
    2   0 0  -1/2   1    2.0000       -613.108453
    2   1 1  -1/2   1    2.0000       -589.624044
    2   1 1  -3/2   1    4.0000       -500.624782
    3   0 0  -1/2   1    2.0000       -148.867460
    3   1 1  -1/2   1    2.0000       -138.203148
    3   1 1  -3/2   1    4.0000       -118.183513
    3   2 2  -3/2   1    4.0000       -100.732004
    3   2 2  -5/2   1    6.0000        -96.479461
    4   0 0  -1/2   1    2.0000        -34.587486
    4   1 1  -1/2   1    2.0000        -29.921275
    4   1 1  -3/2   1    4.0000        -24.942213
    4   2 2  -3/2   1    4.0000        -17.347951
    4   2 2  -5/2   1    6.0000        -16.413933
    5   0 0  -1/2   1    2.0000         -6.270679
    5   1 1  -1/2   1    2.0000         -4.619932
    5   1 1  -3/2   1    4.0000         -3.623753
    4   3 3  -5/2   1    6.0000         -6.489032
    4   3 3  -7/2   1    8.0000         -6.269503
    5   2 2  -3/2   1    4.0000         -1.296858
    5   2 2  -5/2   1    6.0000         -1.170131
    6   0 0  -1/2   1    2.0000         -0.625086
    6   1 1  -1/2   1    1.3333         -0.279951
    6   1 1  -3/2   1    2.6667         -0.189910
 total energy =   -2.21875639821167E+04 -6.03754678542970E+05
