./ilogA is logfile.
./chgdenCs calculation starts
rmin,rmax=  1.82E-08  2.70E+01
  12280.12810239  -6873.99302070      0.30000000    1
    835.68195418  -7354.70244828      0.30000000    1
    519.51720110  -7594.64158351      0.30000000    1
    315.43043919  -7703.66186091      0.30000000    1
    186.99722915  -7748.25128244      0.30000000    1
    108.56862500  -7764.61916436      0.30000000    1
     62.18213314  -7770.08304053      0.30000000    1
     35.53565654  -7771.81161629      0.30000000    1
     20.52864738  -7772.36459405      0.30000000    1
     12.11305178  -7772.55256747      0.30000000    1
      7.33692524  -7772.62104090      0.30000000    1
      4.56246773  -7772.64750820      0.30000000    1
      2.90405864  -7772.65830057      0.30000000    1
      1.88327171  -7772.66292184      0.30000000    1
      1.23803024  -7772.66498166      0.30000000    1
      0.82130655  -7772.66592692      0.30000000    1
      0.54792466  -7772.66636944      0.30000000    1
      0.36670885  -7772.66657949      0.30000000    1
      0.24582469  -7772.66668024      0.30000000    1
      0.16489994  -7772.66672900      0.30000000    1
      0.11062929  -7772.66675278      0.30000000    1
      0.07420728  -7772.66676447      0.30000000    1
      0.04976043  -7772.66677025      0.30000000    1
      0.03335419  -7772.66677313      0.30000000    1
      0.02234743  -7772.66677457      0.30000000    1
      0.01496586  -7772.66677530      0.30000000    1
      0.01001744  -7772.66677567      0.30000000    1
      0.00670146  -7772.66677586      0.30000000    1
      0.00448034  -7772.66677595      0.30000000    1
      0.00299323  -7772.66677600      0.30000000    1
      0.00199805  -7772.66677603      0.30000000    1
      0.00133245  -7772.66677604      0.30000000    1
      0.00088757  -7772.66677605      0.30000000    1
      0.00059043  -7772.66677605      0.30000000    1
      0.00039215  -7772.66677605      0.30000000    1
      0.00000000  -7772.66677605      1.00000000    2
      0.00000000  -7772.66677605      1.00000000    3
    1   0 0  -1/2   1    2.0000      -1306.692804
    2   0 0  -1/2   1    2.0000       -205.181738
    2   1 1  -1/2   1    2.0000       -193.280338
    2   1 1  -3/2   1    4.0000       -180.463165
    3   0 0  -1/2   1    2.0000        -42.664204
    3   1 1  -1/2   1    2.0000        -37.648053
    3   1 1  -3/2   1    4.0000        -35.190887
    3   2 2  -3/2   1    4.0000        -26.303326
    3   2 2  -5/2   1    6.0000        -25.778939
    4   0 0  -1/2   1    2.0000         -8.041894
    4   1 1  -1/2   1    2.0000         -6.235763
    4   1 1  -3/2   1    4.0000         -5.729792
    4   2 2  -3/2   1    4.0000         -2.778598
    4   2 2  -5/2   1    6.0000         -2.694391
    5   0 0  -1/2   1    2.0000         -0.984879
    5   1 1  -1/2   1    2.0000         -0.542227
    5   1 1  -3/2   1    4.0000         -0.481192
    6   0 0  -1/2   1    1.0000         -0.081611
 total energy =   -7.77266677605317E+03 -2.11505144709893E+05
