./ilogA is logfile.
./chgdenZn calculation starts
rmin,rmax=  3.33E-08  3.65E+01
   3542.97150067  -1544.05230303      0.30000000    1
    342.25762289  -1678.23580802      0.30000000    1
    209.41860948  -1746.21700371      0.30000000    1
    123.53744322  -1776.29132045      0.30000000    1
     69.89853062  -1787.33323667      0.30000000    1
     38.03327278  -1790.55289646      0.30000000    1
     20.36611229  -1791.35793183      0.30000000    1
     11.28695659  -1791.60656931      0.30000000    1
      6.75823595  -1791.71698010      0.30000000    1
      4.32506025  -1791.77041938      0.30000000    1
      2.85257027  -1791.79537418      0.30000000    1
      1.89942358  -1791.80649089      0.30000000    1
      1.26886196  -1791.81124963      0.30000000    1
      0.84851203  -1791.81322783      0.30000000    1
      0.56728016  -1791.81403517      0.30000000    1
      0.37889308  -1791.81436187      0.30000000    1
      0.25274229  -1791.81449403      0.30000000    1
      0.16836772  -1791.81454782      0.30000000    1
      0.11202145  -1791.81456993      0.30000000    1
      0.07445223  -1791.81457915      0.30000000    1
      0.04943927  -1791.81458304      0.30000000    1
      0.03280716  -1791.81458471      0.30000000    1
      0.02175940  -1791.81458544      0.30000000    1
      0.01442713  -1791.81458577      0.30000000    1
      0.00956385  -1791.81458591      0.30000000    1
      0.00633962  -1791.81458598      0.30000000    1
      0.00420264  -1791.81458601      0.30000000    1
      0.00278646  -1791.81458602      0.30000000    1
      0.00184798  -1791.81458603      0.30000000    1
      0.00122598  -1791.81458603      0.30000000    1
      0.00081366  -1791.81458603      0.30000000    1
      0.00054026  -1791.81458603      0.30000000    1
      0.00035890  -1791.81458603      0.30000000    1
      0.00000000  -1791.81458603      1.00000000    2
      0.00000000  -1791.81458603      1.00000000    3
    1   0 0  -1/2   1    2.0000       -348.238241
    2   0 0  -1/2   1    2.0000        -42.377967
    2   1 1  -1/2   1    2.0000        -37.399135
    2   1 1  -3/2   1    4.0000        -36.527735
    3   0 0  -1/2   1    2.0000         -4.713594
    3   1 1  -1/2   1    2.0000         -3.130971
    3   1 1  -3/2   1    4.0000         -3.018309
    3   2 2  -3/2   1    4.0000         -0.392094
    3   2 2  -5/2   1    6.0000         -0.378944
    4   0 0  -1/2   1    2.0000         -0.228127
 total energy =   -1.79181458603354E+03 -4.87577834263931E+04
