line2: Z,NR,R(1),R(NR) /line3,4,...: R(N),RHO*4*PI*R(N)**2
 8.00  2000  1.01365245284744E-10  6.00000000000000E+01
 1.014E-10  4.27039675246409E-17
 1.027E-10  4.38759254402374E-17
 1.042E-10  4.50800463007531E-17
 1.056E-10  4.63963078465075E-17
 1.070E-10  4.76695975051039E-17
 1.085E-10  4.89778310337900E-17
 1.100E-10  5.03219674241449E-17
 1.115E-10  5.17029919860896E-17
 1.130E-10  5.31219170701657E-17
 1.145E-10  5.45797828096303E-17
 1.161E-10  5.60776578829228E-17
 1.177E-10  5.76166402970442E-17
 1.193E-10  5.91978581924504E-17
 1.209E-10  6.08224706700284E-17
 1.226E-10  6.24916686407614E-17
 1.242E-10  6.42066756987232E-17
 1.259E-10  6.59687490180213E-17
 1.276E-10  6.77791802743636E-17
 1.294E-10  6.96392965919106E-17
 1.312E-10  7.15504615161112E-17
 1.329E-10  7.35140760132507E-17
 1.348E-10  7.55315794974019E-17
 1.366E-10  7.76044508855970E-17
 1.385E-10  7.97342096819288E-17
 1.404E-10  8.19224170914077E-17
 1.423E-10  8.41706771644003E-17
 1.442E-10  8.64806379724595E-17
 1.462E-10  8.88539928164433E-17
 1.482E-10  9.12924814677690E-17
 1.502E-10  9.37978914437417E-17
 1.523E-10  9.63720593178811E-17
 1.543E-10  9.90168720662141E-17
 1.564E-10  1.01734268450502E-16
 1.586E-10  1.04526240439438E-16
 1.607E-10  1.07394834668854E-16
 1.629E-10  1.10342153941989E-16
 1.652E-10  1.13370358770925E-16
 1.674E-10  1.16481668960346E-16
 1.697E-10  1.19678365234752E-16
 1.720E-10  1.22962790910318E-16
 1.744E-10  1.26337353612656E-16
 1.767E-10  1.29804527041706E-16
 1.792E-10  1.33366852785056E-16
 1.816E-10  1.37026942181042E-16
 1.841E-10  1.40787478232983E-16
 1.866E-10  1.44651217575925E-16
 1.891E-10  1.48620992497358E-16
 1.917E-10  1.52699713013433E-16
 1.943E-10  1.56890369002128E-16
 1.970E-10  1.61196032394933E-16
 1.997E-10  1.65621437657744E-16
 2.024E-10  1.70166714501009E-16
 2.052E-10  1.74836730881966E-16
 2.080E-10  1.79634910123940E-16
 2.108E-10  1.84564769499171E-16
 2.137E-10  1.89629922807090E-16
 2.166E-10  1.94834083023421E-16
 2.196E-10  2.00181065021955E-16
 2.226E-10  2.05674788370994E-16
 2.256E-10  2.11319280206584E-16
 2.287E-10  2.17118678184560E-16
 2.318E-10  2.23077233513646E-16
 2.350E-10  2.29199314071767E-16
 2.382E-10  2.35489407607877E-16
 2.414E-10  2.41952125031695E-16
 2.447E-10  2.48592203793692E-16
 2.481E-10  2.55414511357834E-16
 2.515E-10  2.62424048769665E-16
 2.549E-10  2.69625954322285E-16
 2.584E-10  2.77025507322906E-16
 2.619E-10  2.84628131962856E-16
 2.655E-10  2.92439401293741E-16
 2.691E-10  3.00465041312718E-16
 2.728E-10  3.08710935159850E-16
 2.765E-10  3.17183127430804E-16
 2.803E-10  3.25887828607749E-16
 2.841E-10  3.34831419611845E-16
 2.880E-10  3.44020456480852E-16
 2.919E-10  3.53461675174911E-16
 2.959E-10  3.63161996514306E-16
 2.999E-10  3.73128531252737E-16
 3.040E-10  3.83368585289775E-16
 3.082E-10  3.93889665026455E-16
 3.124E-10  4.04699482867761E-16
 3.166E-10  4.15805962876129E-16
 3.210E-10  4.27217246580173E-16
 3.253E-10  4.38941698942761E-16
 3.298E-10  4.50987914492857E-16
 3.343E-10  4.63364723625725E-16
 3.389E-10  4.76081199075979E-16
 3.435E-10  4.89146662568290E-16
 3.482E-10  5.02570691650597E-16
 3.529E-10  5.16363126714865E-16
 3.577E-10  5.30534078210507E-16
 3.626E-10  5.45093934055842E-16
 3.676E-10  5.60053367252808E-16
 3.726E-10  5.75423343710777E-16
 3.777E-10  5.91215130285017E-16
 3.828E-10  6.07440303035780E-16
 3.881E-10  6.24110755714092E-16
 3.934E-10  6.41238708480349E-16
 3.987E-10  6.58836716862229E-16
 4.042E-10  6.76917680958427E-16
 4.097E-10  6.95494854895009E-16
 4.153E-10  7.14581856541216E-16
 4.210E-10  7.34192677492000E-16
 4.267E-10  7.54341693324431E-16
 4.325E-10  7.75043674135598E-16
 4.384E-10  7.96313795369736E-16
 4.444E-10  8.18167648942595E-16
 4.505E-10  8.40621254670814E-16
 4.566E-10  8.63691072015219E-16
 4.629E-10  8.87394012146323E-16
 4.692E-10  9.11747450340905E-16
 4.756E-10  9.36769238718892E-16
 4.821E-10  9.62477719329642E-16
 4.887E-10  9.88891737597572E-16
 4.953E-10  1.01603065613659E-15
 5.021E-10  1.04391436894370E-15
 5.090E-10  1.07256331598233E-15
 5.159E-10  1.10199849816547E-15
 5.230E-10  1.13224149275032E-15
 5.301E-10  1.16331446915549E-15
 5.373E-10  1.19524020521200E-15
 5.447E-10  1.22804210386041E-15
 5.521E-10  1.26174421030625E-15
 5.596E-10  1.29637122964612E-15
 5.673E-10  1.33194854497771E-15
 5.750E-10  1.36850223600658E-15
 5.829E-10  1.40605909816369E-15
 5.908E-10  1.44464666224778E-15
 5.989E-10  1.48429321460647E-15
 6.071E-10  1.52502781787138E-15
 6.154E-10  1.56688033226233E-15
 6.238E-10  1.60988143747632E-15
 6.323E-10  1.65406265517676E-15
 6.409E-10  1.69945637210045E-15
 6.497E-10  1.74609586379824E-15
 6.585E-10  1.79401531902775E-15
 6.675E-10  1.84324986481502E-15
 6.766E-10  1.89383559220392E-15
 6.859E-10  1.94580958271282E-15
 6.952E-10  1.99920993551678E-15
 7.047E-10  2.05407579537594E-15
 7.144E-10  2.11044738133008E-15
 7.241E-10  2.16836601618123E-15
 7.340E-10  2.22787415678499E-15
 7.440E-10  2.28901542517294E-15
 7.542E-10  2.35183464052983E-15
 7.645E-10  2.41637785204784E-15
 7.749E-10  2.48269237268268E-15
 7.855E-10  2.55082681383586E-15
 7.962E-10  2.62083112098905E-15
 8.071E-10  2.69275661031626E-15
 8.181E-10  2.76665600630093E-15
 8.293E-10  2.84258348038511E-15
 8.406E-10  2.92059469067940E-15
 8.521E-10  3.00074682276265E-15
 8.637E-10  3.08309863160195E-15
 8.755E-10  3.16771048462235E-15
 8.874E-10  3.25464440595798E-15
 8.996E-10  3.34396412191961E-15
 9.118E-10  3.43573510770833E-15
 9.243E-10  3.53002463541123E-15
 9.369E-10  3.62690182331547E-15
 9.497E-10  3.72643768657459E-15
 9.627E-10  3.82870518926568E-15
 9.758E-10  3.93377929787489E-15
 9.891E-10  4.04173703625168E-15
 1.003E-09  4.15265754207065E-15
 1.016E-09  4.26662212484217E-15
 1.030E-09  4.38371432551622E-15
 1.044E-09  4.50401997772161E-15
 1.059E-09  4.62762727068541E-15
 1.073E-09  4.75462681387948E-15
 1.088E-09  4.88511170344161E-15
 1.102E-09  5.01917759041835E-15
 1.118E-09  5.15692275088148E-15
 1.133E-09  5.29844815796917E-15
 1.148E-09  5.44385755590274E-15
 1.164E-09  5.59325753603628E-15
 1.180E-09  5.74675761499272E-15
 1.196E-09  5.90447031494406E-15
 1.212E-09  6.06651124609471E-15
 1.229E-09  6.23299919142861E-15
 1.246E-09  6.40405619378340E-15
 1.263E-09  6.57980764531206E-15
 1.280E-09  6.76038237940086E-15
 1.297E-09  6.94591276510985E-15
 1.315E-09  7.13653480420568E-15
 1.333E-09  7.33238823085591E-15
 1.351E-09  7.53361661406002E-15
 1.370E-09  7.74036746289284E-15
 1.388E-09  7.95279233463410E-15
 1.407E-09  8.17104694586686E-15
 1.426E-09  8.39529128662374E-15
 1.446E-09  8.62568973766783E-15
 1.466E-09  8.86241119098987E-15
 1.486E-09  9.10562917361297E-15
 1.506E-09  9.35552197479661E-15
 1.527E-09  9.61227277672923E-15
 1.547E-09  9.87606978881012E-15
 1.568E-09  1.01471063856133E-14
 1.590E-09  1.04255812486398E-14
 1.612E-09  1.07116985119610E-14
 1.634E-09  1.10056679118558E-14
 1.656E-09  1.13077049405580E-14
 1.679E-09  1.16180310042208E-14
 1.701E-09  1.19368735852169E-14
 1.725E-09  1.22644664088924E-14
 1.748E-09  1.26010496148976E-14
 1.772E-09  1.29468699332216E-14
 1.796E-09  1.33021808650541E-14
 1.821E-09  1.36672428686122E-14
 1.846E-09  1.40423235500694E-14
 1.871E-09  1.44276978597214E-14
 1.896E-09  1.48236482935353E-14
 1.922E-09  1.52304651002343E-14
 1.949E-09  1.56484464940590E-14
 1.975E-09  1.60778988733741E-14
 2.002E-09  1.65191370452708E-14
 2.029E-09  1.69724844563327E-14
 2.057E-09  1.74382734297372E-14
 2.085E-09  1.79168454088628E-14
 2.114E-09  1.84085512075815E-14
 2.143E-09  1.89137512674190E-14
 2.172E-09  1.94328159217776E-14
 2.201E-09  1.99661256674032E-14
 2.232E-09  2.05140714433054E-14
 2.262E-09  2.10770549173352E-14
 2.293E-09  2.16554887806231E-14
 2.324E-09  2.22497970501004E-14
 2.356E-09  2.28604153793216E-14
 2.388E-09  2.34877913778155E-14
 2.421E-09  2.41323849392041E-14
 2.454E-09  2.47946685783264E-14
 2.487E-09  2.54751277776061E-14
 2.521E-09  2.61742613429353E-14
 2.556E-09  2.68925817693235E-14
 2.590E-09  2.76306156165705E-14
 2.626E-09  2.83889038952632E-14
 2.662E-09  2.91680024633595E-14
 2.698E-09  2.99684824336537E-14
 2.735E-09  3.07909305924283E-14
 2.772E-09  3.16359498295943E-14
 2.810E-09  3.25041595806311E-14
 2.848E-09  3.33961962806641E-14
 2.887E-09  3.43127138309997E-14
 2.927E-09  3.52543840784564E-14
 2.967E-09  3.62218973078645E-14
 3.007E-09  3.72159627480722E-14
 3.048E-09  3.82373090918382E-14
 3.090E-09  3.92866850299971E-14
 3.132E-09  4.03648598002848E-14
 3.175E-09  4.14726237512167E-14
 3.218E-09  4.26107889214511E-14
 3.262E-09  4.37801896350483E-14
 3.307E-09  4.49816831130643E-14
 3.352E-09  4.62161501019337E-14
 3.398E-09  4.74844955190896E-14
 3.444E-09  4.87876491163102E-14
 3.491E-09  5.01265661612675E-14
 3.539E-09  5.15022281377800E-14
 3.587E-09  5.29156434652789E-14
 3.636E-09  5.43678482380214E-14
 3.685E-09  5.58599069846062E-14
 3.736E-09  5.73929134482999E-14
 3.787E-09  5.89679913888053E-14
 3.838E-09  6.05862954060340E-14
 3.891E-09  6.22490117864612E-14
 3.944E-09  6.39573593727389E-14
 3.998E-09  6.57125904571516E-14
 4.052E-09  6.75159916996075E-14
 4.108E-09  6.93688850708077E-14
 4.164E-09  7.12726288213080E-14
 4.221E-09  7.32286184771844E-14
 4.278E-09  7.52382878630004E-14
 4.337E-09  7.73031101528734E-14
 4.396E-09  7.94245989503643E-14
 4.456E-09  8.16043093980239E-14
 4.517E-09  8.38438393173745E-14
 4.578E-09  8.61448303801776E-14
 4.641E-09  8.85089693118553E-14
 4.704E-09  9.09379891279296E-14
 4.769E-09  9.34336704044007E-14
 4.834E-09  9.59978425829806E-14
 4.900E-09  9.86323853121552E-14
 4.967E-09  1.01339229825040E-13
 5.034E-09  1.04120360355078E-13
 5.103E-09  1.06977815590545E-13
 5.173E-09  1.09913690169000E-13
 5.243E-09  1.12930136212751E-13
 5.315E-09  1.16029364906454E-13
 5.388E-09  1.19213648118005E-13
 5.461E-09  1.22485320063896E-13
 5.536E-09  1.25846779020331E-13
 5.611E-09  1.29300489081245E-13
 5.688E-09  1.32848981964579E-13
 5.765E-09  1.36494858868175E-13
 5.844E-09  1.40240792376522E-13
 5.924E-09  1.44089528419901E-13
 6.005E-09  1.48043888287270E-13
 6.087E-09  1.52106770694370E-13
 6.170E-09  1.56281153908639E-13
 6.254E-09  1.60570097932373E-13
 6.340E-09  1.64976746745868E-13
 6.426E-09  1.69504330612076E-13
 6.514E-09  1.74156168444530E-13
 6.603E-09  1.78935670240269E-13
 6.693E-09  1.83846339579474E-13
 6.784E-09  1.88891776193750E-13
 6.877E-09  1.94075678604921E-13
 6.971E-09  1.99401846836177E-13
 7.066E-09  2.04874185197645E-13
 7.162E-09  2.10496705148419E-13
 7.260E-09  2.16273528237163E-13
 7.359E-09  2.22208889123331E-13
 7.460E-09  2.28307138681387E-13
 7.562E-09  2.34572747190184E-13
 7.665E-09  2.41010307609849E-13
 7.770E-09  2.47624538948641E-13
 7.876E-09  2.54420289722162E-13
 7.983E-09  2.61402541507550E-13
 8.092E-09  2.68576412595161E-13
 8.203E-09  2.75947161740527E-13
 8.315E-09  2.83520192019221E-13
 8.428E-09  2.91301054787579E-13
 8.543E-09  2.99295453752014E-13
 8.660E-09  3.07509249150133E-13
 8.778E-09  3.15948462046546E-13
 8.898E-09  3.24619278746512E-13
 9.019E-09  3.33528055330828E-13
 9.142E-09  3.42681322315043E-13
 9.267E-09  3.52085789436650E-13
 9.394E-09  3.61748350573617E-13
 9.522E-09  3.71676088797849E-13
 9.652E-09  3.81876281567403E-13
 9.784E-09  3.92356406061200E-13
 9.917E-09  4.03124144660077E-13
 1.005E-08  4.14187390578325E-13
 1.019E-08  4.25554253649738E-13
 1.033E-08  4.37233066272459E-13
 1.047E-08  4.49232389517034E-13
 1.061E-08  4.61561019401980E-13
 1.076E-08  4.74227993341661E-13
 1.090E-08  4.87242596771107E-13
 1.105E-08  5.00614369952633E-13
 1.120E-08  5.14353114969255E-13
 1.136E-08  5.28468902910007E-13
 1.151E-08  5.42972081252517E-13
 1.167E-08  5.57873281448151E-13
 1.183E-08  5.73183426715273E-13
 1.199E-08  5.88913740046454E-13
 1.215E-08  6.05075752435463E-13
 1.232E-08  6.21681311329853E-13
 1.249E-08  6.38742589315726E-13
 1.266E-08  6.56272093040785E-13
 1.283E-08  6.74282672382131E-13
 1.301E-08  6.92787529865856E-13
 1.318E-08  7.11800230345036E-13
 1.336E-08  7.31334710943337E-13
 1.355E-08  7.51405291271524E-13
 1.373E-08  7.72026683924324E-13
 1.392E-08  7.93214005265411E-13
 1.411E-08  8.14982786508326E-13
 1.430E-08  8.37348985101500E-13
 1.450E-08  8.60328996425854E-13
 1.470E-08  8.83939665813074E-13
 1.490E-08  9.08198300894129E-13
 1.510E-08  9.33122684286589E-13
 1.531E-08  9.58731086629748E-13
 1.551E-08  9.85042279978005E-13
 1.573E-08  1.01207555156154E-12
 1.594E-08  1.03985071792457E-12
 1.616E-08  1.06838813945185E-12
 1.638E-08  1.09770873529363E-12
 1.660E-08  1.12783399870017E-12
 1.683E-08  1.15878601277747E-12
 1.706E-08  1.19058746667487E-12
 1.729E-08  1.22326167221724E-12
 1.753E-08  1.25683258099362E-12
 1.777E-08  1.29132480191460E-12
 1.801E-08  1.32676361925179E-12
 1.826E-08  1.36317501117213E-12
 1.851E-08  1.40058566878119E-12
 1.876E-08  1.43902301568875E-12
 1.901E-08  1.47851522811145E-12
 1.927E-08  1.51909125552722E-12
 1.954E-08  1.56078084189646E-12
 1.980E-08  1.60361454746540E-12
 2.007E-08  1.64762377116836E-12
 2.035E-08  1.69284077364441E-12
 2.063E-08  1.73929870088572E-12
 2.091E-08  1.78703160853483E-12
 2.119E-08  1.83607448684913E-12
 2.148E-08  1.88646328635012E-12
 2.178E-08  1.93823494417646E-12
 2.207E-08  1.99142741116083E-12
 2.237E-08  2.04607967964915E-12
 2.268E-08  2.10223181208359E-12
 2.299E-08  2.15992497037018E-12
 2.330E-08  2.21920144605239E-12
 2.362E-08  2.28010469131216E-12
 2.394E-08  2.34267935082251E-12
 2.427E-08  2.40697129447391E-12
 2.460E-08  2.47302765099874E-12
 2.494E-08  2.54089684251860E-12
 2.528E-08  2.61062862003989E-12
 2.562E-08  2.68227409992336E-12
 2.597E-08  2.75588580135427E-12
 2.633E-08  2.83151768484165E-12
 2.669E-08  2.90922519177333E-12
 2.705E-08  2.98906528505667E-12
 2.742E-08  3.07109649087476E-12
 2.779E-08  3.15537894158899E-12
 2.817E-08  3.24197441981824E-12
 2.856E-08  3.33094640372775E-12
 2.895E-08  3.42236011356211E-12
 2.934E-08  3.51628255945392E-12
 2.974E-08  3.61278259054489E-12
 3.015E-08  3.71193094545536E-12
 3.056E-08  3.81380030413864E-12
 3.098E-08  3.91846534115851E-12
 3.140E-08  4.02600278042830E-12
 3.183E-08  4.13649145145359E-12
 3.227E-08  4.25001234711669E-12
 3.271E-08  4.36664868304805E-12
 3.315E-08  4.48648595862715E-12
 3.361E-08  4.60961201965636E-12
 3.406E-08  4.73611712275629E-12
 3.453E-08  4.86609400152708E-12
 3.500E-08  4.99963793452658E-12
 3.548E-08  5.13684681511288E-12
 3.596E-08  5.27782122320394E-12
 3.645E-08  5.42266449900809E-12
 3.695E-08  5.57148281877541E-12
 3.746E-08  5.72438527262981E-12
 3.797E-08  5.88148394453684E-12
 3.849E-08  6.04289399446540E-12
 3.901E-08  6.20873374280500E-12
 3.954E-08  6.37912475709929E-12
 4.008E-08  6.55419194116060E-12
 4.063E-08  6.73406362662867E-12
 4.119E-08  6.91887166704358E-12
 4.175E-08  7.10875153450008E-12
 4.232E-08  7.30384241895380E-12
 4.290E-08  7.50428733025323E-12
 4.348E-08  7.71023320297208E-12
 4.408E-08  7.92183100411803E-12
 4.468E-08  8.13923584379728E-12
 4.529E-08  8.36260708891819E-12
 4.591E-08  8.59210848001163E-12
 4.653E-08  8.82790825126112E-12
 4.717E-08  9.07017925382557E-12
 4.781E-08  9.31909908254382E-12
 4.846E-08  9.57485020612173E-12
 4.913E-08  9.83762010088820E-12
 4.980E-08  1.01076013882215E-11
 5.048E-08  1.03849919757511E-11
 5.117E-08  1.06699952024303E-11
 5.186E-08  1.09628199875923E-11
 5.257E-08  1.12636809840967E-11
 5.329E-08  1.15727987356784E-11
 5.402E-08  1.18903998386155E-11
 5.475E-08  1.22167171078342E-11
 5.550E-08  1.25519897475694E-11
 5.626E-08  1.28964635267137E-11
 5.703E-08  1.32503909589744E-11
 5.781E-08  1.36140314879758E-11
 5.860E-08  1.39876516774430E-11
 5.940E-08  1.43715254066037E-11
 6.021E-08  1.47659340709525E-11
 6.103E-08  1.51711667885241E-11
 6.186E-08  1.55875206118300E-11
 6.271E-08  1.60153007456087E-11
 6.356E-08  1.64548207705538E-11
 6.443E-08  1.69064028731812E-11
 6.531E-08  1.73703780820036E-11
 6.620E-08  1.78470865101894E-11
 6.711E-08  1.83368776048779E-11
 6.802E-08  1.88401104033381E-11
 6.895E-08  1.93571537961575E-11
 6.989E-08  1.98883867976528E-11
 7.085E-08  2.04341988237055E-11
 7.181E-08  2.09949899772158E-11
 7.279E-08  2.15711713413941E-11
 7.379E-08  2.21631652811026E-11
 7.479E-08  2.27714057524663E-11
 7.582E-08  2.33963386209766E-11
 7.685E-08  2.40384219883324E-11
 7.790E-08  2.46981265282421E-11
 7.896E-08  2.53759358314502E-11
 8.004E-08  2.60723467602279E-11
 8.113E-08  2.67878698125887E-11
 8.224E-08  2.75230294965075E-11
 8.336E-08  2.82783647144032E-11
 8.450E-08  2.90544291581765E-11
 8.566E-08  2.98517917150878E-11
 8.683E-08  3.06710368847723E-11
 8.801E-08  3.15127652077006E-11
 8.921E-08  3.23775937054020E-11
 9.043E-08  3.32661563327617E-11
 9.167E-08  3.41791044427323E-11
 9.292E-08  3.51171072638074E-11
 9.419E-08  3.60808523905871E-11
 9.547E-08  3.70710462878095E-11
 9.677E-08  3.80884148082223E-11
 9.810E-08  3.91337037246579E-11
 9.944E-08  4.02076792767103E-11
 1.008E-07  4.13111287324244E-11
 1.022E-07  4.24448609653891E-11
 1.036E-07  4.36097070476715E-11
 1.050E-07  4.48065208590289E-11
 1.064E-07  4.60361797128345E-11
 1.079E-07  4.72995849991721E-11
 1.093E-07  4.85976628456037E-11
 1.108E-07  4.99313647960487E-11
 1.123E-07  5.13016685082964E-11
 1.139E-07  5.27095784706781E-11
 1.154E-07  5.41561267383834E-11
 1.170E-07  5.56423736899980E-11
 1.186E-07  5.71694088048079E-11
 1.202E-07  5.87383514614244E-11
 1.219E-07  6.03503517583242E-11
 1.235E-07  6.20065913569187E-11
 1.252E-07  6.37082843477589E-11
 1.269E-07  6.54566781405083E-11
 1.287E-07  6.72530543783337E-11
 1.304E-07  6.90987298774039E-11
 1.322E-07  7.09950575921643E-11
 1.340E-07  7.29434276070916E-11
 1.358E-07  7.49452681556906E-11
 1.377E-07  7.70020466674418E-11
 1.396E-07  7.91152708434548E-11
 1.415E-07  8.12864897617018E-11
 1.434E-07  8.35172950125379E-11
 1.454E-07  8.58093218653784E-11
 1.473E-07  8.81642504674239E-11
 1.494E-07  9.05838070752755E-11
 1.514E-07  9.30697653203265E-11
 1.535E-07  9.56239475088954E-11
 1.556E-07  9.82482259580724E-11
 1.577E-07  1.00944524368160E-10
 1.598E-07  1.03714819232824E-10
 1.620E-07  1.06561141287943E-10
 1.642E-07  1.09485577000192E-10
 1.665E-07  1.12490270096517E-10
 1.687E-07  1.15577423135544E-10
 1.710E-07  1.18749299122135E-10
 1.734E-07  1.22008223166261E-10
 1.757E-07  1.25356584187374E-10
 1.781E-07  1.28796836665571E-10
 1.806E-07  1.32331502440815E-10
 1.830E-07  1.35963172561534E-10
 1.855E-07  1.39694509183938E-10
 1.881E-07  1.43528247523480E-10
 1.906E-07  1.47467197859856E-10
 1.932E-07  1.51514247597039E-10
 1.959E-07  1.55672363379834E-10
 1.986E-07  1.59944593268541E-10
 2.013E-07  1.64334068973290E-10
 2.040E-07  1.68844008149662E-10
 2.068E-07  1.73477716757354E-10
 2.096E-07  1.78238591483566E-10
 2.125E-07  1.83130122232876E-10
 2.154E-07  1.88155894685449E-10
 2.183E-07  1.93319592925452E-10
 2.213E-07  1.98625002141629E-10
 2.243E-07  2.04076011401958E-10
 2.274E-07  2.09676616504462E-10
 2.305E-07  2.15430922906236E-10
 2.336E-07  2.21343148732924E-10
 2.368E-07  2.27417627870693E-10
 2.401E-07  2.33658813143113E-10
 2.433E-07  2.40071279575275E-10
 2.467E-07  2.46659727747355E-10
 2.500E-07  2.53428987240316E-10
 2.534E-07  2.60384020176142E-10
 2.569E-07  2.67529924855226E-10
 2.604E-07  2.74871939493564E-10
 2.640E-07  2.82415446062560E-10
 2.676E-07  2.90165974234129E-10
 2.712E-07  2.98129205434159E-10
 2.749E-07  3.06310977007138E-10
 2.787E-07  3.14717286495091E-10
 2.825E-07  3.23354296034009E-10
 2.863E-07  3.32228336870789E-10
 2.903E-07  3.41345914004319E-10
 2.942E-07  3.50713710953764E-10
 2.982E-07  3.60338594657785E-10
 3.023E-07  3.70227620508237E-10
 3.064E-07  3.80388037521943E-10
 3.106E-07  3.90827293654428E-10
 3.149E-07  4.01553041259492E-10
 3.192E-07  4.12573142698592E-10
 3.235E-07  4.23895676104145E-10
 3.279E-07  4.35528941301062E-10
 3.324E-07  4.47481465890737E-10
 3.369E-07  4.59762011502008E-10
 3.415E-07  4.72379580213607E-10
 3.462E-07  4.85343421152996E-10
 3.509E-07  4.98663037276223E-10
 3.557E-07  5.12348192333760E-10
 3.606E-07  5.26408918027649E-10
 3.655E-07  5.40855521364985E-10
 3.705E-07  5.55698592213242E-10
 3.756E-07  5.70949011062777E-10
 3.807E-07  5.86617957002693E-10
 3.859E-07  6.02716915915298E-10
 3.911E-07  6.19257688895399E-10
 3.965E-07  6.36252400901079E-10
 4.019E-07  6.53713509641389E-10
 4.074E-07  6.71653814708071E-10
 4.129E-07  6.90086466958148E-10
 4.186E-07  7.09024978153700E-10
 4.243E-07  7.28483230866342E-10
 4.301E-07  7.48475488653352E-10
 4.360E-07  7.69016406513289E-10
 4.419E-07  7.90121041628453E-10
 4.479E-07  8.11804864401927E-10
 4.541E-07  8.34083769797987E-10
 4.603E-07  8.56974088993214E-10
 4.665E-07  8.80492601347680E-10
 4.729E-07  9.04656546704620E-10
 4.794E-07  9.29483638027437E-10
 4.859E-07  9.54992074383818E-10
 4.926E-07  9.81200554285866E-10
 4.993E-07  1.00812828939656E-09
 5.061E-07  1.03579501861219E-09
 5.130E-07  1.06422102253141E-09
 5.200E-07  1.09342713832127E-09
 5.271E-07  1.12343477499113E-09
 5.343E-07  1.15426592908599E-09
 5.416E-07  1.18594320081024E-09
 5.490E-07  1.21848981059396E-09
 5.565E-07  1.25192961611398E-09
 5.641E-07  1.28628712978196E-09
 5.718E-07  1.32158753671210E-09
 5.796E-07  1.35785671318256E-09
 5.875E-07  1.39512124560299E-09
 5.955E-07  1.43340845000268E-09
 6.037E-07  1.47274639205375E-09
 6.119E-07  1.51316390764362E-09
 6.202E-07  1.55469062401209E-09
 6.287E-07  1.59735698146843E-09
 6.373E-07  1.64119425570471E-09
 6.460E-07  1.68623458072097E-09
 6.548E-07  1.73251097237994E-09
 6.638E-07  1.78005735260823E-09
 6.728E-07  1.82890857426114E-09
 6.820E-07  1.87910044667040E-09
 6.913E-07  1.93066976189272E-09
 7.008E-07  1.98365432167866E-09
 7.103E-07  2.03809296518156E-09
 7.200E-07  2.09402559742715E-09
 7.298E-07  2.15149321856449E-09
 7.398E-07  2.21053795391862E-09
 7.499E-07  2.27120308486945E-09
 7.602E-07  2.33353308057707E-09
 7.705E-07  2.39757363057781E-09
 7.811E-07  2.46337167827508E-09
 7.917E-07  2.53097545534880E-09
 8.025E-07  2.60043451711016E-09
 8.135E-07  2.67179977882514E-09
 8.246E-07  2.74512355303559E-09
 8.358E-07  2.82045958790520E-09
 8.473E-07  2.89786310661627E-09
 8.588E-07  2.97739084784878E-09
 8.705E-07  3.05910110736981E-09
 8.824E-07  3.14305378076427E-09
 8.945E-07  3.22931040733890E-09
 9.067E-07  3.31793421522983E-09
 9.191E-07  3.40899016774905E-09
 9.316E-07  3.50254501100265E-09
 9.443E-07  3.59866732281512E-09
 9.572E-07  3.69742756299702E-09
 9.703E-07  3.79889812499182E-09
 9.835E-07  3.90315338893963E-09
 9.970E-07  4.01026977619801E-09
 1.011E-06  4.12032580535788E-09
 1.024E-06  4.23340214979728E-09
 1.038E-06  4.34958169681485E-09
 1.053E-06  4.46894960838537E-09
 1.067E-06  4.59159338358239E-09
 1.081E-06  4.71760292271481E-09
 1.096E-06  4.84707059322275E-09
 1.111E-06  4.98009129738161E-09
 1.126E-06  5.11676254186528E-09
 1.142E-06  5.25718450921657E-09
 1.157E-06  5.40146013127998E-09
 1.173E-06  5.54969516464946E-09
 1.189E-06  5.70199826818650E-09
 1.205E-06  5.85848108266541E-09
 1.222E-06  6.01925831260443E-09
 1.239E-06  6.18444781034202E-09
 1.255E-06  6.35417066242081E-09
 1.273E-06  6.52855127834181E-09
 1.290E-06  6.70771748175405E-09
 1.308E-06  6.89180060414714E-09
 1.325E-06  7.08093558111407E-09
 1.344E-06  7.27526105125703E-09
 1.362E-06  7.47491945780500E-09
 1.380E-06  7.68005715302236E-09
 1.399E-06  7.89082450548178E-09
 1.418E-06  8.10737601027960E-09
 1.438E-06  8.32987040227784E-09
 1.457E-06  8.55847077245178E-09
 1.477E-06  8.79334468743095E-09
 1.497E-06  9.03466431232230E-09
 1.518E-06  9.28260653689953E-09
 1.539E-06  9.53735310525954E-09
 1.560E-06  9.79909074903609E-09
 1.581E-06  1.00680113242649E-08
 1.603E-06  1.03443119520094E-08
 1.624E-06  1.06281951628448E-08
 1.647E-06  1.09198690453037E-08
 1.669E-06  1.12195473983979E-08
 1.692E-06  1.15274498883253E-08
 1.715E-06  1.18438022094758E-08
 1.738E-06  1.21688362498578E-08
 1.762E-06  1.25027902610602E-08
 1.786E-06  1.28459090328834E-08
 1.811E-06  1.31984440727569E-08
 1.835E-06  1.35606537900837E-08
 1.860E-06  1.39328036856431E-08
 1.886E-06  1.43151665461904E-08
 1.911E-06  1.47080226443948E-08
 1.938E-06  1.51116599442661E-08
 1.964E-06  1.55263743122191E-08
 1.991E-06  1.59524697339256E-08
 2.018E-06  1.63902585371209E-08
 2.046E-06  1.68400616205226E-08
 2.073E-06  1.73022086890313E-08
 2.102E-06  1.77770384953851E-08
 2.130E-06  1.82648990884449E-08
 2.160E-06  1.87661480682946E-08
 2.189E-06  1.92811528483384E-08
 2.219E-06  1.98102909245910E-08
 2.249E-06  2.03539501523591E-08
 2.280E-06  2.09125290305143E-08
 2.311E-06  2.14864369935631E-08
 2.343E-06  2.20760947117359E-08
 2.375E-06  2.26819343993069E-08
 2.407E-06  2.33044001313783E-08
 2.440E-06  2.39439481693531E-08
 2.473E-06  2.46010472953383E-08
 2.507E-06  2.52761791557300E-08
 2.541E-06  2.59698386142186E-08
 2.576E-06  2.66825341144856E-08
 2.611E-06  2.74147880528521E-08
 2.647E-06  2.81671371611484E-08
 2.683E-06  2.89401329000946E-08
 2.719E-06  2.97343418634735E-08
 2.757E-06  3.05503461933906E-08
 2.794E-06  3.13887440069343E-08
 2.832E-06  3.22501498345387E-08
 2.871E-06  3.31351950703764E-08
 2.910E-06  3.40445284351095E-08
 2.950E-06  3.49788164513368E-08
 2.990E-06  3.59387439320910E-08
 3.031E-06  3.69250144827322E-08
 3.072E-06  3.79383510166192E-08
 3.114E-06  3.89794962849313E-08
 3.157E-06  4.00492134210174E-08
 3.200E-06  4.11482864996938E-08
 3.244E-06  4.22775211118818E-08
 3.288E-06  4.34377449550125E-08
 3.333E-06  4.46298084396325E-08
 3.378E-06  4.58545853126507E-08
 3.424E-06  4.71129732976959E-08
 3.471E-06  4.84058947530307E-08
 3.519E-06  4.97342973475236E-08
 3.567E-06  5.10991547551760E-08
 3.615E-06  5.25014673686921E-08
 3.665E-06  5.39422630326338E-08
 3.715E-06  5.54225977966954E-08
 3.765E-06  5.69435566896394E-08
 3.817E-06  5.85062545144704E-08
 3.869E-06  6.01118366654281E-08
 3.922E-06  6.17614799673992E-08
 3.975E-06  6.34563935383446E-08
 4.030E-06  6.51978196754111E-08
 4.085E-06  6.69870347653457E-08
 4.140E-06  6.88253502198779E-08
 4.197E-06  7.07141134367853E-08
 4.254E-06  7.26547087873228E-08
 4.312E-06  7.46485586307289E-08
 4.371E-06  7.66971243565800E-08
 4.431E-06  7.88019074557505E-08
 4.491E-06  8.09644506207384E-08
 4.553E-06  8.31863388761850E-08
 4.615E-06  8.54692007404212E-08
 4.678E-06  8.78147094188815E-08
 4.742E-06  9.02245840302442E-08
 4.806E-06  9.27005908662158E-08
 4.872E-06  9.52445446859074E-08
 4.938E-06  9.78583100456912E-08
 5.006E-06  1.00543802665542E-07
 5.074E-06  1.03302990832891E-07
 5.144E-06  1.06137896844968E-07
 5.214E-06  1.09050598490737E-07
 5.285E-06  1.12043230573465E-07
 5.357E-06  1.15117986475086E-07
 5.430E-06  1.18277119763471E-07
 5.504E-06  1.21522945843788E-07
 5.579E-06  1.24857843655173E-07
 5.656E-06  1.28284257413967E-07
 5.733E-06  1.31804698404741E-07
 5.811E-06  1.35421746820471E-07
 5.890E-06  1.39138053653221E-07
 5.971E-06  1.42956342636654E-07
 6.052E-06  1.46879412241871E-07
 6.135E-06  1.50910137727976E-07
 6.219E-06  1.55051473248916E-07
 6.304E-06  1.59306454018086E-07
 6.390E-06  1.63678198532361E-07
 6.477E-06  1.68169910857127E-07
 6.565E-06  1.72784882973965E-07
 6.655E-06  1.77526497192769E-07
 6.746E-06  1.82398228630043E-07
 6.838E-06  1.87403647755161E-07
 6.931E-06  1.92546423006478E-07
 7.026E-06  1.97830323479238E-07
 7.122E-06  2.03259221687169E-07
 7.219E-06  2.08837096399875E-07
 7.318E-06  2.14568035558037E-07
 7.418E-06  2.20456239268608E-07
 7.519E-06  2.26506022882152E-07
 7.622E-06  2.32721820154591E-07
 7.726E-06  2.39108186495711E-07
 7.831E-06  2.45669802306739E-07
 7.938E-06  2.52411476409517E-07
 8.046E-06  2.59338149569706E-07
 8.156E-06  2.66454898116634E-07
 8.268E-06  2.73766937662494E-07
 8.380E-06  2.81279626923445E-07
 8.495E-06  2.88998471645641E-07
 8.611E-06  2.96929128638911E-07
 8.728E-06  3.05077409921050E-07
 8.848E-06  3.13449286975800E-07
 8.968E-06  3.22050895127661E-07
 9.091E-06  3.30888538036677E-07
 9.215E-06  3.39968692316437E-07
 9.341E-06  3.49298012278897E-07
 9.468E-06  3.58883334809177E-07
 9.597E-06  3.68731684374177E-07
 9.729E-06  3.78850278168534E-07
 9.861E-06  3.89246531401704E-07
 9.996E-06  3.99928062730079E-07
 1.013E-05  4.10902699838074E-07
 1.027E-05  4.22178485172313E-07
 1.041E-05  4.33763681833055E-07
 1.055E-05  4.45666779627238E-07
 1.070E-05  4.57896501287443E-07
 1.084E-05  4.70461808861584E-07
 1.099E-05  4.83371910277708E-07
 1.114E-05  4.96636266088828E-07
 1.129E-05  5.10264596402849E-07
 1.145E-05  5.24266888002473E-07
 1.160E-05  5.38653401660351E-07
 1.176E-05  5.53434679654856E-07
 1.192E-05  5.68621553492081E-07
 1.209E-05  5.84225151839429E-07
 1.225E-05  6.00256908676862E-07
 1.242E-05  6.16728571671716E-07
 1.259E-05  6.33652210783161E-07
 1.276E-05  6.51040227102545E-07
 1.293E-05  6.68905361936279E-07
 1.311E-05  6.87260706137724E-07
 1.329E-05  7.06119709694952E-07
 1.347E-05  7.25496191581590E-07
 1.365E-05  7.45404349877512E-07
 1.384E-05  7.65858772167250E-07
 1.403E-05  7.86874446223627E-07
 1.422E-05  8.08466770983997E-07
 1.442E-05  8.30651567827765E-07
 1.461E-05  8.53445092163095E-07
 1.481E-05  8.76864045331138E-07
 1.501E-05  9.00925586836925E-07
 1.522E-05  9.25647346915393E-07
 1.543E-05  9.51047439442047E-07
 1.564E-05  9.77144475197618E-07
 1.585E-05  1.00395757549649E-06
 1.607E-05  1.03150638618853E-06
 1.629E-05  1.05981109204504E-06
 1.651E-05  1.08889243153916E-06
 1.673E-05  1.11877171203132E-06
 1.696E-05  1.14947082537095E-06
 1.719E-05  1.18101226392638E-06
 1.743E-05  1.21341913705367E-06
 1.767E-05  1.24671518801708E-06
 1.791E-05  1.28092481137381E-06
 1.815E-05  1.31607307083462E-06
 1.840E-05  1.35218571761474E-06
 1.865E-05  1.38928920928745E-06
 1.891E-05  1.42741072915451E-06
 1.916E-05  1.46657820614784E-06
 1.943E-05  1.50682033527647E-06
 1.969E-05  1.54816659863403E-06
 1.996E-05  1.59064728698226E-06
 2.023E-05  1.63429352192597E-06
 2.051E-05  1.67913727869583E-06
 2.079E-05  1.72521140955563E-06
 2.107E-05  1.77254966785126E-06
 2.136E-05  1.82118673271870E-06
 2.165E-05  1.87115823446928E-06
 2.195E-05  1.92250078067043E-06
 2.225E-05  1.97525198294190E-06
 2.255E-05  2.02945048448574E-06
 2.286E-05  2.08513598837089E-06
 2.317E-05  2.14234928659335E-06
 2.349E-05  2.20113228993226E-06
 2.381E-05  2.26152805862432E-06
 2.413E-05  2.32358083387909E-06
 2.446E-05  2.38733607025753E-06
 2.480E-05  2.45284046893816E-06
 2.514E-05  2.52014201189463E-06
 2.548E-05  2.58928999700975E-06
 2.583E-05  2.66033507415208E-06
 2.618E-05  2.73332928224036E-06
 2.654E-05  2.80832608732420E-06
 2.690E-05  2.88538042170809E-06
 2.727E-05  2.96454872414697E-06
 2.764E-05  3.04588898114327E-06
 2.802E-05  3.12946076937583E-06
 2.840E-05  3.21532529929053E-06
 2.879E-05  3.30354545988589E-06
 2.918E-05  3.39418586472503E-06
 2.958E-05  3.48731289920851E-06
 2.998E-05  3.58299476914216E-06
 3.039E-05  3.68130155063513E-06
 3.080E-05  3.78230524136526E-06
 3.123E-05  3.88607981324805E-06
 3.165E-05  3.99270126654948E-06
 3.208E-05  4.10224768547986E-06
 3.252E-05  4.21479929531103E-06
 3.297E-05  4.33043852105811E-06
 3.342E-05  4.44925004776763E-06
 3.387E-05  4.57132088245883E-06
 3.433E-05  4.69674041775885E-06
 3.480E-05  4.82560049728213E-06
 3.528E-05  4.95799548280083E-06
 3.576E-05  5.09402232325326E-06
 3.625E-05  5.23378062564309E-06
 3.674E-05  5.37737272787960E-06
 3.724E-05  5.52490377361338E-06
 3.775E-05  5.67648178911916E-06
 3.827E-05  5.83221776228627E-06
 3.879E-05  5.99222572377103E-06
 3.932E-05  6.15662283036936E-06
 3.986E-05  6.32552945067426E-06
 4.040E-05  6.49906925307780E-06
 4.095E-05  6.67736929618211E-06
 4.151E-05  6.86056012168451E-06
 4.208E-05  7.04877584980739E-06
 4.265E-05  7.24215427733894E-06
 4.324E-05  7.44083697835766E-06
 4.383E-05  7.64496940771502E-06
 4.442E-05  7.85470100734860E-06
 4.503E-05  8.07018531550689E-06
 4.565E-05  8.29158007896290E-06
 4.627E-05  8.51904736829836E-06
 4.690E-05  8.75275369634350E-06
 4.754E-05  8.99287013985739E-06
 4.819E-05  9.23957246453924E-06
 4.885E-05  9.49304125345963E-06
 4.951E-05  9.75346203900548E-06
 5.019E-05  1.00210254384369E-05
 5.088E-05  1.02959272931511E-05
 5.157E-05  1.05783688117580E-05
 5.227E-05  1.08685567170692E-05
 5.299E-05  1.11667033971088E-05
 5.371E-05  1.14730270602543E-05
 5.445E-05  1.17877518946230E-05
 5.519E-05  1.21111082318163E-05
 5.594E-05  1.24433327151434E-05
 5.671E-05  1.27846684724478E-05
 5.748E-05  1.31353652936573E-05
 5.826E-05  1.34956798131934E-05
 5.906E-05  1.38658756973659E-05
 5.987E-05  1.42462238368931E-05
 6.068E-05  1.46370025446877E-05
 6.151E-05  1.50384977590499E-05
 6.235E-05  1.54510032524138E-05
 6.320E-05  1.58748208458057E-05
 6.407E-05  1.63102606291614E-05
 6.494E-05  1.67576411876680E-05
 6.583E-05  1.72172898342943E-05
 6.673E-05  1.76895428486744E-05
 6.764E-05  1.81747457225229E-05
 6.856E-05  1.86732534117570E-05
 6.950E-05  1.91854305955101E-05
 7.045E-05  1.97116519422226E-05
 7.141E-05  2.02523023830036E-05
 7.238E-05  2.08077773924636E-05
 7.337E-05  2.13784832772219E-05
 7.437E-05  2.19648374722933E-05
 7.539E-05  2.25672688455739E-05
 7.642E-05  2.31862180106460E-05
 7.746E-05  2.38221376481261E-05
 7.852E-05  2.44754928357915E-05
 7.959E-05  2.51467613877236E-05
 8.068E-05  2.58364342027145E-05
 8.178E-05  2.65450156221894E-05
 8.289E-05  2.72730237978972E-05
 8.403E-05  2.80209910696505E-05
 8.517E-05  2.87894643533743E-05
 8.634E-05  2.95790055397463E-05
 8.751E-05  3.03901919037273E-05
 8.871E-05  3.12236165252691E-05
 8.992E-05  3.20798887215014E-05
 9.115E-05  3.29596344907188E-05
 9.239E-05  3.38634969684891E-05
 9.365E-05  3.47921368962005E-05
 9.493E-05  3.57462331024018E-05
 9.623E-05  3.67264829972731E-05
 9.754E-05  3.77336030805873E-05
 9.887E-05  3.87683294635327E-05
 1.002E-04  3.98314184047647E-05
 1.016E-04  4.09236468610900E-05
 1.030E-04  4.20458130531616E-05
 1.044E-04  4.31987370465990E-05
 1.058E-04  4.43832613489680E-05
 1.073E-04  4.56002515230327E-05
 1.087E-04  4.68505968167215E-05
 1.102E-04  4.81352108102783E-05
 1.117E-04  4.94550320810531E-05
 1.132E-04  5.08110248864062E-05
 1.148E-04  5.22041798652340E-05
 1.163E-04  5.36355147586115E-05
 1.179E-04  5.51060751500694E-05
 1.195E-04  5.66169352260429E-05
 1.212E-04  5.81691985570417E-05
 1.228E-04  5.97639989001027E-05
 1.245E-04  6.14025010230897E-05
 1.262E-04  6.30859015514572E-05
 1.279E-04  6.48154298380706E-05
 1.297E-04  6.65923488567078E-05
 1.314E-04  6.84179561198978E-05
 1.332E-04  7.02935846217384E-05
 1.351E-04  7.22206038063840E-05
 1.369E-04  7.42004205629017E-05
 1.388E-04  7.62344802471854E-05
 1.407E-04  7.83242677316934E-05
 1.426E-04  8.04713084837487E-05
 1.445E-04  8.26771696731703E-05
 1.465E-04  8.49434613100392E-05
 1.485E-04  8.72718374134026E-05
 1.505E-04  8.96639972117817E-05
 1.526E-04  9.21216863763037E-05
 1.547E-04  9.46466982873787E-05
 1.568E-04  9.72408753358003E-05
 1.589E-04  9.99061102592275E-05
 1.611E-04  1.02644347514970E-04
 1.633E-04  1.05457584690098E-04
 1.655E-04  1.08347873949870E-04
 1.678E-04  1.11317323525481E-04
 1.701E-04  1.14368099242266E-04
 1.724E-04  1.17502426089385E-04
 1.748E-04  1.20722589832121E-04
 1.771E-04  1.24030938667990E-04
 1.796E-04  1.27429884927804E-04
 1.820E-04  1.30921906822872E-04
 1.845E-04  1.34509550239677E-04
 1.870E-04  1.38195430583202E-04
 1.896E-04  1.41982234670305E-04
 1.922E-04  1.45872722674427E-04
 1.948E-04  1.49869730123081E-04
 1.974E-04  1.53976169949479E-04
 2.001E-04  1.58195034599793E-04
 2.029E-04  1.62529398197567E-04
 2.056E-04  1.66982418766760E-04
 2.084E-04  1.71557340515067E-04
 2.113E-04  1.76257496179068E-04
 2.142E-04  1.81086309432964E-04
 2.171E-04  1.86047297362509E-04
 2.201E-04  1.91144073005945E-04
 2.231E-04  1.96380347963772E-04
 2.261E-04  2.01759935079111E-04
 2.292E-04  2.07286751190666E-04
 2.323E-04  2.12964819960139E-04
 2.355E-04  2.18798274776164E-04
 2.387E-04  2.24791361736804E-04
 2.420E-04  2.30948442712675E-04
 2.453E-04  2.37273998492915E-04
 2.486E-04  2.43772632016205E-04
 2.520E-04  2.50449071689084E-04
 2.555E-04  2.57308174793967E-04
 2.589E-04  2.64354930989236E-04
 2.625E-04  2.71594465903826E-04
 2.661E-04  2.79032044828906E-04
 2.697E-04  2.86673076509254E-04
 2.734E-04  2.94523117036921E-04
 2.771E-04  3.02587873849998E-04
 2.809E-04  3.10873209839255E-04
 2.847E-04  3.19385147565542E-04
 2.886E-04  3.28129873590936E-04
 2.926E-04  3.37113742926646E-04
 2.965E-04  3.46343283600790E-04
 3.006E-04  3.55825201349268E-04
 3.047E-04  3.65566384433006E-04
 3.089E-04  3.75573908584924E-04
 3.131E-04  3.85855042090119E-04
 3.174E-04  3.96417251002782E-04
 3.217E-04  4.07268204503522E-04
 3.261E-04  4.18415780400797E-04
 3.305E-04  4.29868070780330E-04
 3.350E-04  4.41633387806411E-04
 3.396E-04  4.53720269679137E-04
 3.442E-04  4.66137486751795E-04
 3.489E-04  4.78894047812477E-04
 3.537E-04  4.91999206534492E-04
 3.585E-04  5.05462468099936E-04
 3.634E-04  5.19293596001016E-04
 3.684E-04  5.33502619023895E-04
 3.734E-04  5.48099838419833E-04
 3.785E-04  5.63095835268637E-04
 3.837E-04  5.78501478039525E-04
 3.889E-04  5.94327930354534E-04
 3.942E-04  6.10586658959929E-04
 3.996E-04  6.27289441911098E-04
 4.051E-04  6.44448376976486E-04
 4.106E-04  6.62075890266487E-04
 4.162E-04  6.80184745093131E-04
 4.219E-04  6.98788051066676E-04
 4.277E-04  7.17899273435396E-04
 4.335E-04  7.37532242674897E-04
 4.394E-04  7.57701164333589E-04
 4.454E-04  7.78420629141076E-04
 4.515E-04  7.99705623386260E-04
 4.577E-04  8.21571539572396E-04
 4.639E-04  8.44034187356336E-04
 4.702E-04  8.67109804779260E-04
 4.767E-04  8.90815069796817E-04
 4.832E-04  9.15167112116337E-04
 4.898E-04  9.40183525349185E-04
 4.965E-04  9.65882379486527E-04
 5.032E-04  9.92282233706998E-04
 5.101E-04  1.01940214952495E-03
 5.171E-04  1.04726170428804E-03
 5.241E-04  1.07588100503355E-03
 5.313E-04  1.10528070271249E-03
 5.385E-04  1.13548200679134E-03
 5.459E-04  1.16650670024105E-03
 5.533E-04  1.19837715492357E-03
 5.609E-04  1.23111634738607E-03
 5.686E-04  1.26474787507365E-03
 5.763E-04  1.29929597297114E-03
 5.842E-04  1.33478553068536E-03
 5.922E-04  1.37124210997920E-03
 6.002E-04  1.40869196276920E-03
 6.084E-04  1.44716204959848E-03
 6.167E-04  1.48668005859765E-03
 6.252E-04  1.52727442494601E-03
 6.337E-04  1.56897435084605E-03
 6.423E-04  1.61180982602450E-03
 6.511E-04  1.65581164877360E-03
 6.600E-04  1.70101144754616E-03
 6.690E-04  1.74744170311909E-03
 6.782E-04  1.79513577133973E-03
 6.874E-04  1.84412790646991E-03
 6.968E-04  1.89445328514326E-03
 7.063E-04  1.94614803095135E-03
 7.160E-04  1.99924923967472E-03
 7.257E-04  2.05379500517543E-03
 7.356E-04  2.10982444596777E-03
 7.457E-04  2.16737773248475E-03
 7.559E-04  2.22649611505783E-03
 7.662E-04  2.28722195262812E-03
 7.766E-04  2.34959874220773E-03
 7.872E-04  2.41367114911012E-03
 7.980E-04  2.47948503796921E-03
 8.089E-04  2.54708750456696E-03
 8.199E-04  2.61652690849011E-03
 8.311E-04  2.68785290663676E-03
 8.425E-04  2.76111648759458E-03
 8.540E-04  2.83637000691222E-03
 8.656E-04  2.91366722328667E-03
 8.774E-04  2.99306333568966E-03
 8.894E-04  3.07461502145619E-03
 9.016E-04  3.15838047536000E-03
 9.139E-04  3.24441944970007E-03
 9.264E-04  3.33279329542361E-03
 9.390E-04  3.42356500431180E-03
 9.518E-04  3.51679925225397E-03
 9.648E-04  3.61256244363805E-03
 9.780E-04  3.71092275688454E-03
 9.913E-04  3.81195019115260E-03
 1.005E-03  3.91571661424728E-03
 1.019E-03  4.02229581175730E-03
 1.032E-03  4.13176353745419E-03
 1.047E-03  4.24419756498348E-03
 1.061E-03  4.35967774088003E-03
 1.075E-03  4.47828603893965E-03
 1.090E-03  4.60010661598062E-03
 1.105E-03  4.72522586902897E-03
 1.120E-03  4.85373249396216E-03
 1.135E-03  4.98571754564679E-03
 1.151E-03  5.12127449960688E-03
 1.167E-03  5.26049931525952E-03
 1.182E-03  5.40349050075622E-03
 1.199E-03  5.55034917946822E-03
 1.215E-03  5.70117915815646E-03
 1.232E-03  5.85608699686568E-03
 1.248E-03  6.01518208058445E-03
 1.265E-03  6.17857669271388E-03
 1.283E-03  6.34638609038779E-03
 1.300E-03  6.51872858168855E-03
 1.318E-03  6.69572560480403E-03
 1.336E-03  6.87750180917146E-03
 1.354E-03  7.06418513865542E-03
 1.373E-03  7.25590691680809E-03
 1.391E-03  7.45280193426061E-03
 1.410E-03  7.65500853829605E-03
 1.430E-03  7.86266872465468E-03
 1.449E-03  8.07592823162437E-03
 1.469E-03  8.29493663646855E-03
 1.489E-03  8.51984745424718E-03
 1.509E-03  8.75081823908530E-03
 1.530E-03  8.98801068794605E-03
 1.551E-03  9.23159074696645E-03
 1.572E-03  9.48172872041385E-03
 1.593E-03  9.73859938232398E-03
 1.615E-03  1.00023820908815E-02
 1.637E-03  1.02732609056051E-02
 1.660E-03  1.05514247074018E-02
 1.682E-03  1.08370673215543E-02
 1.705E-03  1.11303876437078E-02
 1.729E-03  1.14315897689243E-02
 1.752E-03  1.17408831238720E-02
 1.776E-03  1.20584826022198E-02
 1.800E-03  1.23846087033094E-02
 1.825E-03  1.27194876741757E-02
 1.850E-03  1.30633516549901E-02
 1.875E-03  1.34164388280023E-02
 1.901E-03  1.37789935700556E-02
 1.927E-03  1.41512666087551E-02
 1.953E-03  1.45335151823672E-02
 1.980E-03  1.49260032035297E-02
 2.007E-03  1.53290014268567E-02
 2.034E-03  1.57427876205191E-02
 2.062E-03  1.61676467418870E-02
 2.090E-03  1.66038711173183E-02
 2.118E-03  1.70517606261828E-02
 2.147E-03  1.75116228892079E-02
 2.177E-03  1.79837734612378E-02
 2.206E-03  1.84685360284971E-02
 2.236E-03  1.89662426104509E-02
 2.267E-03  1.94772337663566E-02
 2.298E-03  2.00018588066007E-02
 2.329E-03  2.05404760089209E-02
 2.361E-03  2.10934528396072E-02
 2.393E-03  2.16611661797848E-02
 2.426E-03  2.22440025568788E-02
 2.459E-03  2.28423583813606E-02
 2.493E-03  2.34566401888822E-02
 2.527E-03  2.40872648879004E-02
 2.561E-03  2.47346600128984E-02
 2.596E-03  2.53992639833106E-02
 2.632E-03  2.60815263682589E-02
 2.668E-03  2.67819081572089E-02
 2.704E-03  2.75008820366588E-02
 2.741E-03  2.82389326729687E-02
 2.778E-03  2.89965570014448E-02
 2.816E-03  2.97742645217920E-02
 2.855E-03  3.05725776000475E-02
 2.894E-03  3.13920317771113E-02
 2.933E-03  3.22331760839898E-02
 2.973E-03  3.30965733638683E-02
 3.014E-03  3.39828006011294E-02
 3.055E-03  3.48924492574366E-02
 3.097E-03  3.58261256149985E-02
 3.139E-03  3.67844511271360E-02
 3.182E-03  3.77680627762686E-02
 3.225E-03  3.87776134394397E-02
 3.269E-03  3.98137722615024E-02
 3.314E-03  4.08772250360819E-02
 3.359E-03  4.19686745944372E-02
 3.405E-03  4.30888412023386E-02
 3.452E-03  4.42384629650819E-02
 3.499E-03  4.54182962407572E-02
 3.546E-03  4.66291160618888E-02
 3.595E-03  4.78717165655661E-02
 3.644E-03  4.91469114321786E-02
 3.694E-03  5.04555343328733E-02
 3.744E-03  5.17984393858452E-02
 3.795E-03  5.31765016215763E-02
 3.847E-03  5.45906174571320E-02
 3.900E-03  5.60417051796249E-02
 3.953E-03  5.75307054389534E-02
 4.007E-03  5.90585817499180E-02
 4.061E-03  6.06263210038199E-02
 4.117E-03  6.22349339896403E-02
 4.173E-03  6.38854559248973E-02
 4.230E-03  6.55789469962722E-02
 4.288E-03  6.73164929100978E-02
 4.346E-03  6.90992054527917E-02
 4.406E-03  7.09282230613182E-02
 4.466E-03  7.28047114037541E-02
 4.527E-03  7.47298639700341E-02
 4.589E-03  7.67049026729383E-02
 4.651E-03  7.87310784593874E-02
 4.715E-03  8.08096719320997E-02
 4.779E-03  8.29419939816587E-02
 4.844E-03  8.51293864290344E-02
 4.911E-03  8.73732226785944E-02
 4.978E-03  8.96749083816305E-02
 5.046E-03  9.20358821104221E-02
 5.114E-03  9.44576160428462E-02
 5.184E-03  9.69416166575367E-02
 5.255E-03  9.94894254395834E-02
 5.327E-03  1.02102619596753E-01
 5.400E-03  1.04782812786206E-01
 5.473E-03  1.07531655851659E-01
 5.548E-03  1.10350837570959E-01
 5.624E-03  1.13242085413977E-01
 5.700E-03  1.16207166310771E-01
 5.778E-03  1.19247887429902E-01
 5.857E-03  1.22366096966812E-01
 5.937E-03  1.25563684942126E-01
 6.018E-03  1.28842584009755E-01
 6.100E-03  1.32204770274625E-01
 6.184E-03  1.35652264119873E-01
 6.268E-03  1.39187131043304E-01
 6.354E-03  1.42811482502908E-01
 6.440E-03  1.46527476771188E-01
 6.528E-03  1.50337319798055E-01
 6.617E-03  1.54243266082006E-01
 6.708E-03  1.58247619549284E-01
 6.799E-03  1.62352734440698E-01
 6.892E-03  1.66561016205734E-01
 6.986E-03  1.70874922403603E-01
 7.082E-03  1.75296963610793E-01
 7.178E-03  1.79829704334708E-01
 7.276E-03  1.84475763932911E-01
 7.376E-03  1.89237817537484E-01
 7.476E-03  1.94118596983964E-01
 7.578E-03  1.99120891744297E-01
 7.682E-03  2.04247549863196E-01
 7.787E-03  2.09501478897277E-01
 7.893E-03  2.14885646856289E-01
 8.001E-03  2.20403083145712E-01
 8.110E-03  2.26056879509976E-01
 8.221E-03  2.31850190975499E-01
 8.333E-03  2.37786236792677E-01
 8.447E-03  2.43868301375961E-01
 8.562E-03  2.50099735241053E-01
 8.679E-03  2.56483955938247E-01
 8.798E-03  2.63024448980860E-01
 8.918E-03  2.69724768767670E-01
 9.039E-03  2.76588539498197E-01
 9.163E-03  2.83619456079623E-01
 9.288E-03  2.90821285024089E-01
 9.415E-03  2.98197865335034E-01
 9.543E-03  3.05753109381191E-01
 9.674E-03  3.13491003756784E-01
 9.806E-03  3.21415610126400E-01
 9.940E-03  3.29531066052954E-01
 1.008E-02  3.37841585807082E-01
 1.021E-02  3.46351461156221E-01
 1.035E-02  3.55065062131584E-01
 1.049E-02  3.63986837771132E-01
 1.064E-02  3.73121316836581E-01
 1.078E-02  3.82473108502397E-01
 1.093E-02  3.92046903014656E-01
 1.108E-02  4.01847472317545E-01
 1.123E-02  4.11879670645214E-01
 1.138E-02  4.22148435076561E-01
 1.154E-02  4.32658786050501E-01
 1.170E-02  4.43415827839109E-01
 1.186E-02  4.54424748975975E-01
 1.202E-02  4.65690822636996E-01
 1.218E-02  4.77219406970727E-01
 1.235E-02  4.89015945375314E-01
 1.252E-02  5.01085966718926E-01
 1.269E-02  5.13435085500498E-01
 1.286E-02  5.26069001947485E-01
 1.304E-02  5.38993502047218E-01
 1.321E-02  5.52214457508338E-01
 1.339E-02  5.65737825648678E-01
 1.358E-02  5.79569649205834E-01
 1.376E-02  5.93716056066561E-01
 1.395E-02  6.08183258911001E-01
 1.414E-02  6.22977554767635E-01
 1.433E-02  6.38105324474737E-01
 1.453E-02  6.53573032043951E-01
 1.473E-02  6.69387223921552E-01
 1.493E-02  6.85554528142755E-01
 1.513E-02  7.02081653374357E-01
 1.534E-02  7.18975387840871E-01
 1.555E-02  7.36242598129149E-01
 1.576E-02  7.53890227866416E-01
 1.598E-02  7.71925296266457E-01
 1.619E-02  7.90354896538631E-01
 1.642E-02  8.09186194154199E-01
 1.664E-02  8.28426424964396E-01
 1.687E-02  8.48082893164489E-01
 1.710E-02  8.68162969098000E-01
 1.733E-02  8.88674086895108E-01
 1.757E-02  9.09623741939166E-01
 1.781E-02  9.31019488155120E-01
 1.805E-02  9.52868935113537E-01
 1.830E-02  9.75179744943826E-01
 1.855E-02  9.97959629050121E-01
 1.880E-02  1.02121634462324E+00
 1.906E-02  1.04495769094200E+00
 1.932E-02  1.06919150545706E+00
 1.958E-02  1.09392565965045E+00
 1.985E-02  1.11916805466387E+00
 2.012E-02  1.14492661668864E+00
 2.039E-02  1.17120929211029E+00
 2.067E-02  1.19802404240061E+00
 2.095E-02  1.22537883875014E+00
 2.124E-02  1.25328165643357E+00
 2.153E-02  1.28174046890124E+00
 2.182E-02  1.31076324158908E+00
 2.212E-02  1.34035792544017E+00
 2.242E-02  1.37053245013030E+00
 2.273E-02  1.40129471699067E+00
 2.304E-02  1.43265259162041E+00
 2.335E-02  1.46461389618189E+00
 2.367E-02  1.49718640137181E+00
 2.400E-02  1.53037781806113E+00
 2.432E-02  1.56419578859717E+00
 2.466E-02  1.59864787776106E+00
 2.499E-02  1.63374156337418E+00
 2.533E-02  1.66948422654715E+00
 2.568E-02  1.70588314156540E+00
 2.603E-02  1.74294546540531E+00
 2.639E-02  1.78067822687529E+00
 2.675E-02  1.81908831537656E+00
 2.711E-02  1.85818246927848E+00
 2.748E-02  1.89796726390371E+00
 2.786E-02  1.93844909911903E+00
 2.824E-02  1.97963418652761E+00
 2.862E-02  2.02152853625954E+00
 2.901E-02  2.06413794335738E+00
 2.941E-02  2.10746797375427E+00
 2.981E-02  2.15152394984272E+00
 3.022E-02  2.19631093563251E+00
 3.063E-02  2.24183372149714E+00
 3.105E-02  2.28809680850861E+00
 3.147E-02  2.33510439236116E+00
 3.190E-02  2.38286034688537E+00
 3.234E-02  2.43136820715480E+00
 3.278E-02  2.48063115218815E+00
 3.323E-02  2.53065198725085E+00
 3.368E-02  2.58143312576105E+00
 3.414E-02  2.63297657080563E+00
 3.461E-02  2.68528389627342E+00
 3.508E-02  2.73835622761338E+00
 3.556E-02  2.79219422222706E+00
 3.604E-02  2.84679804950565E+00
 3.654E-02  2.90216737052318E+00
 3.703E-02  2.95830131739891E+00
 3.754E-02  3.01519847234316E+00
 3.805E-02  3.07285684640242E+00
 3.857E-02  3.13127385792079E+00
 3.910E-02  3.19044631073679E+00
 3.963E-02  3.25037037213567E+00
 4.017E-02  3.31104155057944E+00
 4.072E-02  3.37245467323836E+00
 4.128E-02  3.43460386334926E+00
 4.184E-02  3.49748251742829E+00
 4.241E-02  3.56108328236717E+00
 4.299E-02  3.62539803244419E+00
 4.358E-02  3.69041784628301E+00
 4.417E-02  3.75613298379465E+00
 4.478E-02  3.82253286313975E+00
 4.539E-02  3.88960603775057E+00
 4.601E-02  3.95734017345437E+00
 4.664E-02  4.02572202574181E+00
 4.727E-02  4.09473741722653E+00
 4.792E-02  4.16437121534408E+00
 4.857E-02  4.23460731034091E+00
 4.924E-02  4.30542859360630E+00
 4.991E-02  4.37681693640248E+00
 5.059E-02  4.44875316905066E+00
 5.128E-02  4.52121706063289E+00
 5.198E-02  4.59418729927210E+00
 5.269E-02  4.66764147305523E+00
 5.341E-02  4.74155605166627E+00
 5.414E-02  4.81590636879889E+00
 5.488E-02  4.89066660542013E+00
 5.563E-02  4.96580977395935E+00
 5.639E-02  5.04130770349847E+00
 5.716E-02  5.11713102604192E+00
 5.794E-02  5.19324916394683E+00
 5.873E-02  5.26963031859577E+00
 5.953E-02  5.34624146039660E+00
 6.034E-02  5.42304832019563E+00
 6.116E-02  5.50001538219198E+00
 6.200E-02  5.57710587844271E+00
 6.285E-02  5.65428178504987E+00
 6.370E-02  5.73150382012160E+00
 6.457E-02  5.80873144360082E+00
 6.546E-02  5.88592285905593E+00
 6.635E-02  5.96303501752872E+00
 6.725E-02  6.04002362353516E+00
 6.817E-02  6.11684314331519E+00
 6.910E-02  6.19344681542770E+00
 7.005E-02  6.26978666378649E+00
 7.100E-02  6.34581351323302E+00
 7.197E-02  6.42147700774052E+00
 7.296E-02  6.49672563134325E+00
 7.395E-02  6.57150673188341E+00
 7.496E-02  6.64576654766609E+00
 7.598E-02  6.71945023711116E+00
 7.702E-02  6.79250191148794E+00
 7.807E-02  6.86486467081611E+00
 7.914E-02  6.93648064301280E+00
 8.022E-02  7.00729102636229E+00
 8.132E-02  7.07723613538052E+00
 8.243E-02  7.14625545014196E+00
 8.355E-02  7.21428766913177E+00
 8.469E-02  7.28127076568006E+00
 8.585E-02  7.34714204802947E+00
 8.702E-02  7.41183822308071E+00
 8.821E-02  7.47529546385352E+00
 8.941E-02  7.53744948069304E+00
 9.063E-02  7.59823559624363E+00
 9.187E-02  7.65758882420323E+00
 9.312E-02  7.71544395186258E+00
 9.440E-02  7.77173562642357E+00
 9.568E-02  7.82639844508102E+00
 9.699E-02  7.87936704884112E+00
 9.831E-02  7.93057622003883E+00
 9.966E-02  7.97996098350415E+00
 1.010E-01  8.02745671131539E+00
 1.024E-01  8.07299923106421E+00
 1.038E-01  8.11652493754399E+00
 1.052E-01  8.15797090775950E+00
 1.066E-01  8.19727501914097E+00
 1.081E-01  8.23437607083147E+00
 1.096E-01  8.26921390790108E+00
 1.111E-01  8.30172954832590E+00
 1.126E-01  8.33186531255406E+00
 1.141E-01  8.35956495546478E+00
 1.157E-01  8.38477380051018E+00
 1.173E-01  8.40743887581278E+00
 1.189E-01  8.42750905197504E+00
 1.205E-01  8.44493518134010E+00
 1.221E-01  8.45967023842641E+00
 1.238E-01  8.47166946124161E+00
 1.255E-01  8.48089049316424E+00
 1.272E-01  8.48729352506550E+00
 1.289E-01  8.49084143732616E+00
 1.307E-01  8.49149994138831E+00
 1.325E-01  8.48923772046502E+00
 1.343E-01  8.48402656901647E+00
 1.361E-01  8.47584153058543E+00
 1.380E-01  8.46466103357163E+00
 1.399E-01  8.45046702451042E+00
 1.418E-01  8.43324509840914E+00
 1.437E-01  8.41298462568231E+00
 1.457E-01  8.38967887521667E+00
 1.477E-01  8.36332513308708E+00
 1.497E-01  8.33392481643638E+00
 1.517E-01  8.30148358202505E+00
 1.538E-01  8.26601142895095E+00
 1.559E-01  8.22752279503583E+00
 1.580E-01  8.18603664637237E+00
 1.602E-01  8.14157655952514E+00
 1.624E-01  8.09417079588043E+00
 1.646E-01  8.04385236764222E+00
 1.668E-01  7.99065909497775E+00
 1.691E-01  7.93463365382255E+00
 1.714E-01  7.87582361386506E+00
 1.738E-01  7.81428146624201E+00
 1.761E-01  7.75006464049072E+00
 1.785E-01  7.68323551032011E+00
 1.810E-01  7.61386138778217E+00
 1.834E-01  7.54201450544633E+00
 1.860E-01  7.46777198620400E+00
 1.885E-01  7.39121580035677E+00
 1.911E-01  7.31243270967124E+00
 1.937E-01  7.23151419811538E+00
 1.963E-01  7.14855638902562E+00
 1.990E-01  7.06365994849114E+00
 2.017E-01  6.97692997478113E+00
 2.045E-01  6.88847587368321E+00
 2.073E-01  6.79841121966501E+00
 2.101E-01  6.70685360281828E+00
 2.130E-01  6.61392446159329E+00
 2.159E-01  6.51974890138246E+00
 2.188E-01  6.42445549906504E+00
 2.218E-01  6.32817609367919E+00
 2.248E-01  6.23104556344390E+00
 2.279E-01  6.13320158941097E+00
 2.310E-01  6.03478440608554E+00
 2.342E-01  5.93593653941353E+00
 2.374E-01  5.83680253259423E+00
 2.406E-01  5.73752866023682E+00
 2.439E-01  5.63826263144017E+00
 2.472E-01  5.53915328243520E+00
 2.506E-01  5.44035025948901E+00
 2.540E-01  5.34200369282829E+00
 2.575E-01  5.24426386239683E+00
 2.610E-01  5.14728085631757E+00
 2.646E-01  5.05120422298303E+00
 2.682E-01  4.95618261774890E+00
 2.718E-01  4.86236344525377E+00
 2.755E-01  4.76989249843267E+00
 2.793E-01  4.67891359533345E+00
 2.831E-01  4.58956821488220E+00
 2.870E-01  4.50199513277660E+00
 2.909E-01  4.41633005871434E+00
 2.949E-01  4.33270527618662E+00
 2.989E-01  4.25124928608451E+00
 3.030E-01  4.17208645537785E+00
 3.071E-01  4.09533667213264E+00
 3.113E-01  4.02111500813280E+00
 3.156E-01  3.94953139036622E+00
 3.199E-01  3.88069028262229E+00
 3.242E-01  3.81469037842949E+00
 3.287E-01  3.75162430653634E+00
 3.331E-01  3.69157835010722E+00
 3.377E-01  3.63463218076735E+00
 3.423E-01  3.58085860858706E+00
 3.470E-01  3.53032334904620E+00
 3.517E-01  3.48308480796474E+00
 3.565E-01  3.43919388532525E+00
 3.614E-01  3.39869379884861E+00
 3.663E-01  3.36161992811493E+00
 3.713E-01  3.32799967994922E+00
 3.764E-01  3.29785237571472E+00
 3.815E-01  3.27118916107842E+00
 3.867E-01  3.24801293873163E+00
 3.920E-01  3.22831832446544E+00
 3.974E-01  3.21209162691674E+00
 4.028E-01  3.19931085121467E+00
 4.083E-01  3.18994572667209E+00
 4.139E-01  3.18395775858031E+00
 4.195E-01  3.18130030407995E+00
 4.252E-01  3.18191867199535E+00
 4.311E-01  3.18575024643613E+00
 4.369E-01  3.19272463388551E+00
 4.429E-01  3.20276383341362E+00
 4.489E-01  3.21578242957301E+00
 4.551E-01  3.23168780745446E+00
 4.613E-01  3.25038038930417E+00
 4.676E-01  3.27175389202786E+00
 4.740E-01  3.29569560483374E+00
 4.804E-01  3.32208668619572E+00
 4.870E-01  3.35080247924902E+00
 4.936E-01  3.38171284466481E+00
 5.004E-01  3.41468250998694E+00
 5.072E-01  3.44957143435417E+00
 5.141E-01  3.48623518747419E+00
 5.212E-01  3.52452534166309E+00
 5.283E-01  3.56428987571414E+00
 5.355E-01  3.60537358931527E+00
 5.428E-01  3.64761852669325E+00
 5.502E-01  3.69086440812705E+00
 5.577E-01  3.73494906794104E+00
 5.653E-01  3.77970889756284E+00
 5.731E-01  3.82497929220953E+00
 5.809E-01  3.87059509975011E+00
 5.888E-01  3.91639107028234E+00
 5.969E-01  3.96220230495729E+00
 6.050E-01  4.00786470258621E+00
 6.133E-01  4.05321540257123E+00
 6.216E-01  4.09809322271386E+00
 6.301E-01  4.14233909047348E+00
 6.387E-01  4.18579646627187E+00
 6.474E-01  4.22831175746892E+00
 6.563E-01  4.26973472166961E+00
 6.652E-01  4.30991885806182E+00
 6.743E-01  4.34872178552973E+00
 6.835E-01  4.38600560633712E+00
 6.929E-01  4.42163725422937E+00
 7.023E-01  4.45548882586144E+00
 7.119E-01  4.48743789452244E+00
 7.216E-01  4.51736780519358E+00
 7.315E-01  4.54516795004725E+00
 7.415E-01  4.57073402356815E+00
 7.516E-01  4.59396825655445E+00
 7.618E-01  4.61477962833618E+00
 7.723E-01  4.63308405662991E+00
 7.828E-01  4.64880456453285E+00
 7.935E-01  4.66187142424505E+00
 8.043E-01  4.67222227719550E+00
 8.153E-01  4.67980223033647E+00
 8.264E-01  4.68456392845907E+00
 8.377E-01  4.68646760247291E+00
 8.491E-01  4.68548109368197E+00
 8.607E-01  4.68157985417838E+00
 8.725E-01  4.67474692356431E+00
 8.844E-01  4.66497288229994E+00
 8.965E-01  4.65225578206204E+00
 9.087E-01  4.63660105358218E+00
 9.211E-01  4.61802139251618E+00
 9.337E-01  4.59653662397695E+00
 9.464E-01  4.57217354643989E+00
 9.594E-01  4.54496575580447E+00
 9.725E-01  4.51495345046643E+00
 9.857E-01  4.48218321832175E+00
 9.992E-01  4.44670780668654E+00
 1.013E+00  4.40858587617493E+00
 1.027E+00  4.36788173963080E+00
 1.041E+00  4.32466508725720E+00
 1.055E+00  4.27901069913065E+00
 1.069E+00  4.23099814632461E+00
 1.084E+00  4.18071148189833E+00
 1.099E+00  4.12823892303271E+00
 1.114E+00  4.07367252561456E+00
 1.129E+00  4.01710785258409E+00
 1.144E+00  3.95864363736712E+00
 1.160E+00  3.89838144371506E+00
 1.176E+00  3.83642532326946E+00
 1.192E+00  3.77288147215693E+00
 1.208E+00  3.70785788790207E+00
 1.225E+00  3.64146402792226E+00
 1.241E+00  3.57381047083908E+00
 1.258E+00  3.50500858180542E+00
 1.275E+00  3.43517018300746E+00
 1.293E+00  3.36440723045508E+00
 1.310E+00  3.29283149812427E+00
 1.328E+00  3.22055427046069E+00
 1.347E+00  3.14768604419546E+00
 1.365E+00  3.07433624036225E+00
 1.384E+00  3.00061292734001E+00
 1.402E+00  2.92662255567824E+00
 1.422E+00  2.85246970539192E+00
 1.441E+00  2.77825684634198E+00
 1.461E+00  2.70408411224432E+00
 1.481E+00  2.63004908877720E+00
 1.501E+00  2.55624661618289E+00
 1.521E+00  2.48276860668557E+00
 1.542E+00  2.40970387697461E+00
 1.563E+00  2.33713799592990E+00
 1.584E+00  2.26515314769462E+00
 1.606E+00  2.19382801013224E+00
 1.628E+00  2.12323764863630E+00
 1.650E+00  2.05345342519748E+00
 1.673E+00  1.98454292256928E+00
 1.696E+00  1.91656988331469E+00
 1.719E+00  1.84959416345955E+00
 1.742E+00  1.78367170042513E+00
 1.766E+00  1.71885449486291E+00
 1.790E+00  1.65519060596843E+00
 1.815E+00  1.59272415980846E+00
 1.839E+00  1.53149537015740E+00
 1.864E+00  1.47154057130391E+00
 1.890E+00  1.41289226225767E+00
 1.916E+00  1.35557916175937E+00
 1.942E+00  1.29962627347360E+00
 1.968E+00  1.24505496072495E+00
 1.995E+00  1.19188303012192E+00
 2.022E+00  1.14012482340133E+00
 2.050E+00  1.08979131681733E+00
 2.078E+00  1.04089022739438E+00
 2.106E+00  9.93426125361776E-01
 2.135E+00  9.47400552089206E-01
 2.164E+00  9.02812142847232E-01
 2.194E+00  8.59656753724661E-01
 2.224E+00  8.17927592044933E-01
 2.254E+00  7.77615349636967E-01
 2.285E+00  7.38708338331351E-01
 2.316E+00  7.01192627070694E-01
 2.348E+00  6.65052180042852E-01
 2.380E+00  6.30268995267680E-01
 2.412E+00  5.96823243091550E-01
 2.445E+00  5.64693404069096E-01
 2.479E+00  5.33856405738197E-01
 2.513E+00  5.04287757821962E-01
 2.547E+00  4.75961685420240E-01
 2.582E+00  4.48851259782732E-01
 2.617E+00  4.22928526286010E-01
 2.653E+00  3.98164629267349E-01
 2.689E+00  3.74529933399264E-01
 2.725E+00  3.51994141319583E-01
 2.763E+00  3.30526407262903E-01
 2.800E+00  3.10095446469929E-01
 2.839E+00  2.90669640181511E-01
 2.877E+00  2.72217136053980E-01
 2.917E+00  2.54705943861407E-01
 2.956E+00  2.38104026378675E-01
 2.997E+00  2.22379385366544E-01
 3.038E+00  2.07500142606097E-01
 3.079E+00  1.93434615955013E-01
 3.121E+00  1.80151390421931E-01
 3.164E+00  1.67619384277587E-01
 3.207E+00  1.55807910242498E-01
 3.251E+00  1.44686731810518E-01
 3.295E+00  1.34226114785721E-01
 3.340E+00  1.24396874126597E-01
 3.386E+00  1.15170416206590E-01
 3.432E+00  1.06518776613479E-01
 3.479E+00  9.84146536220314E-02
 3.526E+00  9.08314374848210E-02
 3.575E+00  8.37432356950276E-02
 3.623E+00  7.71248943825672E-02
 3.673E+00  7.09520160110390E-02
 3.723E+00  6.52009735477873E-02
 3.774E+00  5.98489212829427E-02
 3.825E+00  5.48738024756916E-02
 3.878E+00  5.02543540073061E-02
 3.930E+00  4.59701082207423E-02
 3.984E+00  4.20013921259454E-02
 4.039E+00  3.83293241485031E-02
 4.094E+00  3.49358085970142E-02
 4.150E+00  3.18035280216090E-02
 4.206E+00  2.89159336325227E-02
 4.264E+00  2.62572339435893E-02
 4.322E+00  2.38123818010436E-02
 4.381E+00  2.15670599531858E-02
 4.441E+00  1.95076653113271E-02
 4.501E+00  1.76212920470644E-02
 4.563E+00  1.58957136653822E-02
 4.625E+00  1.43193641873963E-02
 4.688E+00  1.28813185707811E-02
 4.752E+00  1.15712724900971E-02
 4.817E+00  1.03795215933931E-02
 4.883E+00  9.29694034561458E-03
 4.950E+00  8.31496056353845E-03
 5.017E+00  7.42554974118620E-03
 5.086E+00  6.62118925895190E-03
 5.155E+00  5.89485256403686E-03
 5.225E+00  5.23998340420748E-03
 5.297E+00  4.65047419139658E-03
 5.369E+00  4.12064456625380E-03
 5.442E+00  3.64522022941861E-03
 5.517E+00  3.21931210004364E-03
 5.592E+00  2.83839585693734E-03
 5.668E+00  2.49829191262636E-03
 5.746E+00  2.19514586566282E-03
 5.824E+00  1.92540947162309E-03
 5.904E+00  1.68582216846983E-03
 5.984E+00  1.47339318728229E-03
 6.066E+00  1.28538427481098E-03
 6.149E+00  1.11929304988957E-03
 6.233E+00  9.72837011449644E-04
 6.318E+00  8.43938211743549E-04
 6.404E+00  7.30708604399072E-04
 6.491E+00  6.31436073117869E-04
 6.580E+00  5.44571143200677E-04
 6.670E+00  4.68714374647057E-04
 6.761E+00  4.02604432347539E-04
 6.853E+00  3.45106825871663E-04
 6.947E+00  2.95203308565730E-04
 7.042E+00  2.51981923116960E-04
 7.138E+00  2.14627678422358E-04
 7.235E+00  1.82413840525220E-04
 7.334E+00  1.54693818552392E-04
 7.434E+00  1.30893625001377E-04
 7.536E+00  1.10504888386598E-04
 7.639E+00  9.30783951546536E-05
 7.743E+00  7.82181369134112E-05
 7.849E+00  6.55758383815485E-05
 7.956E+00  5.48459410439387E-05
 8.064E+00  4.57610172829173E-05
 8.174E+00  3.80875897331720E-05
 8.286E+00  3.16223307648204E-05
 8.399E+00  2.61886173201778E-05
 8.514E+00  2.16334167990664E-05
 8.630E+00  1.78244802890043E-05
 8.748E+00  1.46478201537271E-05
 8.867E+00  1.20054498096943E-05
 8.988E+00  9.81336441917259E-06
 9.111E+00  7.99974219423179E-06
 9.235E+00  6.50334702320209E-06
 9.362E+00  5.27211418524199E-06
 9.489E+00  4.26190199599059E-06
 9.619E+00  3.43539331517011E-06
 9.750E+00  2.76113193391742E-06
 9.883E+00  2.21267993517985E-06
 1.002E+01  1.76788317553688E-06
 1.016E+01  1.40823306334533E-06
 1.029E+01  1.11831379940629E-06
 1.043E+01  8.85325196843048E-07
 1.058E+01  6.98672102121569E-07
 1.072E+01  5.49612295771340E-07
 1.087E+01  4.30955557002662E-07
 1.102E+01  3.36807329614327E-07
 1.117E+01  2.62351126703198E-07
 1.132E+01  2.03664459055616E-07
 1.147E+01  1.57564144898035E-07
 1.163E+01  1.21479007315624E-07
 1.179E+01  9.33313764731496E-08
 1.195E+01  7.14522523795963E-08
 1.211E+01  5.45060759399675E-08
 1.228E+01  4.14279344299929E-08
 1.245E+01  3.13717931244098E-08
 1.262E+01  2.36679764892585E-08
 1.279E+01  1.77883783447374E-08
 1.296E+01  1.33181050007040E-08
 1.314E+01  9.93245140316121E-09
 1.332E+01  7.37828065084444E-09
 1.350E+01  5.45902452899755E-09
 1.368E+01  4.02264948208666E-09
 1.387E+01  2.95204105407611E-09
 1.406E+01  2.15735242996574E-09
 1.425E+01  1.56994130030106E-09
 1.445E+01  1.13758564653436E-09
 1.464E+01  8.20724839616545E-10
 1.484E+01  5.89519118945749E-10
 1.505E+01  4.21559375927448E-10
 1.525E+01  3.00091358067939E-10
 1.546E+01  2.12644948557027E-10
 1.567E+01  1.49980947355165E-10
 1.589E+01  1.05285550717816E-10
 1.610E+01  7.35571591405376E-11
 1.632E+01  5.11418065868584E-11
 1.655E+01  3.53828801982957E-11
 1.677E+01  2.43582989781637E-11
 1.700E+01  1.66842868018260E-11
 1.723E+01  1.13695977846310E-11
 1.747E+01  7.70777017430880E-12
 1.771E+01  5.19789654484136E-12
 1.795E+01  3.48666578447325E-12
 1.819E+01  2.32618894584470E-12
 1.844E+01  1.54347416579453E-12
 1.869E+01  1.01845241229999E-12
 1.895E+01  6.68245372504068E-13
 1.921E+01  4.35964786507248E-13
 1.947E+01  2.82782825694763E-13
 1.974E+01  1.82350215562812E-13
 2.000E+01  1.16889678153620E-13
 2.028E+01  7.44778610042817E-14
 2.055E+01  4.71653883754690E-14
 2.084E+01  2.96844063786106E-14
 2.112E+01  1.85654339930092E-14
 2.141E+01  1.15376184902003E-14
 2.170E+01  7.12399506782612E-15
 2.200E+01  4.37007543243521E-15
 2.230E+01  2.66301210201880E-15
 2.260E+01  1.61189480215251E-15
 2.291E+01  9.69035135686548E-16
 2.322E+01  5.78550147957321E-16
 2.354E+01  3.43004625862446E-16
 2.386E+01  2.01917841858856E-16
 2.419E+01  1.18011101468985E-16
 2.452E+01  6.84702012798882E-17
 2.485E+01  3.94336935180707E-17
 2.519E+01  2.25411655013009E-17
 2.554E+01  1.27874422265637E-17
 2.588E+01  7.19853542891980E-18
 2.624E+01  4.02079448649280E-18
 2.660E+01  2.22812919823763E-18
 2.696E+01  1.22484883260464E-18
 2.733E+01  6.67867738957643E-19
 2.770E+01  3.61173484493143E-19
 2.808E+01  1.93691063425380E-19
 2.846E+01  1.02996360820449E-19
 2.885E+01  5.43003102717249E-20
 2.924E+01  2.83791740764581E-20
 2.964E+01  1.47015247768275E-20
 3.005E+01  7.54810037268753E-21
 3.046E+01  3.84036378581909E-21
 3.087E+01  1.93603188262175E-21
 3.130E+01  9.66948570707835E-22
 3.172E+01  4.78398184093283E-22
 3.216E+01  2.34430833931295E-22
 3.259E+01  1.13768498266417E-22
 3.304E+01  5.46705751881844E-23
 3.349E+01  2.60106399794844E-23
 3.395E+01  1.22505295581028E-23
 3.441E+01  5.71090529630686E-24
 3.488E+01  2.63473001119951E-24
 3.536E+01  1.20280433455652E-24
 3.584E+01  5.43268677331892E-25
 3.633E+01  2.42734577400503E-25
 3.683E+01  1.07270804272311E-25
 3.733E+01  4.68812379593294E-26
 3.784E+01  2.02590038703643E-26
 3.835E+01  8.65508858464121E-27
 3.888E+01  3.65503360031221E-27
 3.941E+01  1.52548779741432E-27
 3.995E+01  6.29149341128323E-28
 4.049E+01  2.56363136140689E-28
 4.104E+01  1.03191145298260E-28
 4.161E+01  4.10243337611082E-29
 4.217E+01  1.61056815831131E-29
 4.275E+01  6.24281341012312E-30
 4.333E+01  2.38874313994856E-30
 4.392E+01  9.02130858103226E-31
 4.452E+01  3.36203854798925E-31
 4.513E+01  1.23620332480508E-31
 4.575E+01  4.48385035653876E-32
 4.637E+01  1.60400274926527E-32
 4.701E+01  5.65808664594970E-33
 4.765E+01  1.96771013921656E-33
 4.830E+01  6.74520427362734E-34
 4.896E+01  2.27869289645913E-34
 4.963E+01  7.58483815459129E-35
 5.030E+01  2.48707417735865E-35
 5.099E+01  8.03201320016857E-36
 5.169E+01  2.55425992973745E-36
 5.239E+01  7.99699123933257E-37
 5.311E+01  2.46457180885974E-37
 5.383E+01  7.47655462033381E-38
 5.457E+01  2.23360365964119E-38
 5.531E+01  6.58540347605974E-39
 5.607E+01  0.00000000000000E+00
 5.683E+01  0.00000000000000E+00
 5.761E+01  0.00000000000000E+00
 5.839E+01  0.00000000000000E+00
 5.919E+01  0.00000000000000E+00
 6.000E+01  0.00000000000000E+00
