line2: Z,NR,R(1),R(NR) /line3,4,...: R(N),RHO*4*PI*R(N)**2
67.00  2000  1.01365245284744E-10  6.00000000000000E+01
 1.014E-10  3.14122566420003E-12
 1.027E-10  3.21642580631304E-12
 1.042E-10  3.29342622070747E-12
 1.056E-10  3.87487570446797E-12
 1.070E-10  3.96763924165147E-12
 1.085E-10  4.06262351437265E-12
 1.100E-10  4.15988168631135E-12
 1.115E-10  4.25946819411474E-12
 1.130E-10  4.36143877752716E-12
 1.145E-10  4.46585051071339E-12
 1.161E-10  4.57276183417611E-12
 1.177E-10  4.68223258746905E-12
 1.193E-10  4.79432404268894E-12
 1.209E-10  4.90909893877172E-12
 1.226E-10  5.02662151660699E-12
 1.242E-10  5.14695755499481E-12
 1.259E-10  5.27017440746284E-12
 1.276E-10  5.39634103996512E-12
 1.294E-10  5.52552806948307E-12
 1.312E-10  5.65780780355069E-12
 1.329E-10  5.79325428072563E-12
 1.348E-10  5.93194331202928E-12
 1.366E-10  6.07395252338055E-12
 1.385E-10  6.21936139904251E-12
 1.404E-10  6.36825132611089E-12
 1.423E-10  6.52070564006790E-12
 1.442E-10  6.67680967142609E-12
 1.462E-10  6.83665079348856E-12
 1.482E-10  7.00031847125257E-12
 1.502E-10  7.16790431148498E-12
 1.523E-10  7.33950211399519E-12
 1.543E-10  7.51520792413617E-12
 1.564E-10  7.69512008656166E-12
 1.586E-10  7.87933930027144E-12
 1.607E-10  8.06796867497367E-12
 1.629E-10  8.26111378879657E-12
 1.652E-10  8.45888274738205E-12
 1.674E-10  8.66138624439268E-12
 1.697E-10  8.86873762346950E-12
 1.720E-10  9.08105294167142E-12
 1.744E-10  9.29845103443325E-12
 1.767E-10  9.52105358208005E-12
 1.792E-10  9.74898517793241E-12
 1.816E-10  9.98237339804415E-12
 1.841E-10  1.02213488726056E-11
 1.866E-10  1.04660453590612E-11
 1.891E-10  1.07165998169750E-11
 1.917E-10  1.09731524846864E-11
 1.943E-10  1.12358469578064E-11
 1.970E-10  1.15048302695873E-11
 1.997E-10  1.17802529732199E-11
 2.024E-10  1.20622692261001E-11
 2.052E-10  1.23510368761124E-11
 2.080E-10  1.26467175499784E-11
 2.108E-10  1.29494767437230E-11
 2.137E-10  1.32594839153031E-11
 2.166E-10  1.35769125794561E-11
 2.196E-10  1.39019404048175E-11
 2.226E-10  1.42347493133640E-11
 2.256E-10  1.45755255822391E-11
 2.287E-10  1.49244599480118E-11
 2.318E-10  1.52817477134364E-11
 2.350E-10  1.56475888567651E-11
 2.382E-10  1.60221881436792E-11
 2.414E-10  1.64057552418963E-11
 2.447E-10  1.67985048385254E-11
 2.481E-10  1.72006567602321E-11
 2.515E-10  1.76124360962736E-11
 2.549E-10  1.80340733244863E-11
 2.584E-10  1.84658044402893E-11
 2.619E-10  1.89078710887691E-11
 2.655E-10  1.93605206999339E-11
 2.691E-10  1.98240066272043E-11
 2.728E-10  2.02985882892152E-11
 2.765E-10  2.07845313150178E-11
 2.803E-10  2.12821076927550E-11
 2.841E-10  2.17915959218947E-11
 2.880E-10  2.23132811691123E-11
 2.919E-10  2.28474554279000E-11
 2.959E-10  2.33944176819978E-11
 2.999E-10  2.39544740727409E-11
 3.040E-10  2.45279380704094E-11
 3.082E-10  2.51151306496808E-11
 3.124E-10  2.57163804692840E-11
 3.166E-10  2.63320240559536E-11
 3.210E-10  2.69624059927892E-11
 3.253E-10  2.76078791121194E-11
 3.298E-10  2.82688046929892E-11
 3.343E-10  2.89455526633709E-11
 3.389E-10  2.96385018072167E-11
 3.435E-10  3.03480399764698E-11
 3.482E-10  3.10745643081494E-11
 3.529E-10  3.18184814466333E-11
 3.577E-10  3.25802077712583E-11
 3.626E-10  3.33601696293799E-11
 3.676E-10  3.41588035749969E-11
 3.726E-10  3.49765566130985E-11
 3.777E-10  3.58138864498603E-11
 3.828E-10  3.66712617488222E-11
 3.881E-10  3.75491623932145E-11
 3.934E-10  3.84480797545434E-11
 3.987E-10  3.93685169676219E-11
 4.042E-10  4.03109892121875E-11
 4.097E-10  4.12760240012414E-11
 4.153E-10  4.22641614763111E-11
 4.210E-10  4.32759547097775E-11
 4.267E-10  4.43119700144276E-11
 4.325E-10  4.53727872604327E-11
 4.384E-10  4.64590001999036E-11
 4.444E-10  4.75712167992259E-11
 4.505E-10  4.87100595793463E-11
 4.566E-10  4.98761659641989E-11
 4.629E-10  5.10701886374834E-11
 4.692E-10  5.22927959079787E-11
 4.756E-10  5.35446720836041E-11
 4.821E-10  5.48265178544310E-11
 4.887E-10  5.61390506848767E-11
 4.953E-10  5.74830052152660E-11
 5.021E-10  5.88591336730267E-11
 5.090E-10  6.02682062937161E-11
 5.159E-10  6.17110117521250E-11
 5.230E-10  6.31883576037269E-11
 5.301E-10  6.47010707366588E-11
 5.373E-10  6.62499978345468E-11
 5.447E-10  6.78360058504011E-11
 5.521E-10  6.94599824918647E-11
 5.596E-10  7.11228367180771E-11
 5.673E-10  7.28254992484188E-11
 5.750E-10  7.45689230834509E-11
 5.829E-10  7.63540840383289E-11
 5.908E-10  7.81819812889609E-11
 5.989E-10  8.00536379312728E-11
 6.071E-10  8.19701015538424E-11
 6.154E-10  8.39324448242459E-11
 6.238E-10  8.59417660894450E-11
 6.323E-10  8.79991899905398E-11
 6.409E-10  9.01058680922485E-11
 6.497E-10  9.22629795274511E-11
 6.585E-10  9.44717316571642E-11
 6.675E-10  9.67333607463076E-11
 6.766E-10  9.90491326556751E-11
 6.859E-10  1.01420343550429E-10
 6.952E-10  1.03848320625590E-10
 7.047E-10  1.06334422848886E-10
 7.144E-10  1.08880041721378E-10
 7.241E-10  1.11486602056306E-10
 7.340E-10  1.14155562776560E-10
 7.440E-10  1.16888417731273E-10
 7.542E-10  1.19686696531936E-10
 7.645E-10  1.22551965408533E-10
 7.749E-10  1.25485828086203E-10
 7.855E-10  1.28489926682834E-10
 7.962E-10  1.31565942628195E-10
 8.071E-10  1.34715597605042E-10
 8.181E-10  1.37940654512769E-10
 8.293E-10  1.41242918454130E-10
 8.406E-10  1.44624237745557E-10
 8.521E-10  1.48086504951703E-10
 8.637E-10  1.51631657944726E-10
 8.755E-10  1.55261680988934E-10
 8.874E-10  1.58978605851406E-10
 8.996E-10  1.62784512939196E-10
 9.118E-10  1.66681532463766E-10
 9.243E-10  1.70671845633263E-10
 9.369E-10  1.74757685873417E-10
 9.497E-10  1.78941340077569E-10
 9.627E-10  1.83225149886686E-10
 9.758E-10  1.87611513000020E-10
 9.891E-10  1.92102884517099E-10
 1.003E-09  1.96701778311906E-10
 1.016E-09  2.01410768439913E-10
 1.030E-09  2.06232490578785E-10
 1.044E-09  2.11169643503640E-10
 1.059E-09  2.16224990597560E-10
 1.073E-09  2.21401361398281E-10
 1.088E-09  2.26701653181952E-10
 1.102E-09  2.32128832584733E-10
 1.118E-09  2.37685937263283E-10
 1.133E-09  2.43376077594977E-10
 1.148E-09  2.49202438418791E-10
 1.164E-09  2.55168280817904E-10
 1.180E-09  2.61276943944982E-10
 1.196E-09  2.67531846891128E-10
 1.212E-09  2.73936490599583E-10
 1.229E-09  2.80494459825235E-10
 1.246E-09  2.87209425141081E-10
 1.263E-09  2.94085144992663E-10
 1.280E-09  3.01125467801710E-10
 1.297E-09  3.08334334120158E-10
 1.315E-09  3.15715778835719E-10
 1.333E-09  3.23273933430237E-10
 1.351E-09  3.31013028292161E-10
 1.370E-09  3.38937395084323E-10
 1.388E-09  3.47051469168392E-10
 1.407E-09  3.55359792087440E-10
 1.426E-09  3.63867014107876E-10
 1.446E-09  3.72577896822272E-10
 1.466E-09  3.81497315814430E-10
 1.486E-09  3.90630263388350E-10
 1.506E-09  3.99981851362488E-10
 1.527E-09  4.09557313930860E-10
 1.547E-09  4.19362010592689E-10
 1.568E-09  4.29401429152198E-10
 1.590E-09  4.39681188790180E-10
 1.612E-09  4.50207043209122E-10
 1.634E-09  4.60984883853613E-10
 1.656E-09  4.72020743207873E-10
 1.679E-09  4.83320798172166E-10
 1.701E-09  4.94891373520132E-10
 1.725E-09  5.06738945438757E-10
 1.748E-09  5.18870145153236E-10
 1.772E-09  5.31291762638572E-10
 1.796E-09  5.44010750419896E-10
 1.821E-09  5.57034227463939E-10
 1.846E-09  5.70369483163623E-10
 1.871E-09  5.84023981417956E-10
 1.896E-09  5.98005364809692E-10
 1.922E-09  6.12321458882955E-10
 1.949E-09  6.26980276523327E-10
 1.975E-09  6.41990022442704E-10
 2.002E-09  6.57359097771584E-10
 2.029E-09  6.73096104761296E-10
 2.057E-09  6.89209851598677E-10
 2.085E-09  7.05709357336233E-10
 2.114E-09  7.22603856940161E-10
 2.143E-09  7.39902806459253E-10
 2.172E-09  7.57615888317550E-10
 2.201E-09  7.75753016733751E-10
 2.232E-09  7.94324343270206E-10
 2.262E-09  8.13340262514936E-10
 2.293E-09  8.32811417899606E-10
 2.324E-09  8.52748707656751E-10
 2.356E-09  8.73163290919662E-10
 2.388E-09  8.94066593968180E-10
 2.421E-09  9.15470316624226E-10
 2.454E-09  9.37386438800287E-10
 2.487E-09  9.59827227204681E-10
 2.521E-09  9.82805242207372E-10
 2.556E-09  1.00633334487018E-09
 2.590E-09  1.03042470414526E-09
 2.626E-09  1.05509280424580E-09
 2.662E-09  1.08035145219346E-09
 2.698E-09  1.10621478554617E-09
 2.735E-09  1.13269728031109E-09
 2.772E-09  1.15981375904712E-09
 2.810E-09  1.18757939916108E-09
 2.848E-09  1.21600974140277E-09
 2.887E-09  1.24512069856324E-09
 2.927E-09  1.27492856438143E-09
 2.967E-09  1.30545002266387E-09
 3.007E-09  1.33670215662279E-09
 3.048E-09  1.36870245843784E-09
 3.090E-09  1.40146883904657E-09
 3.132E-09  1.43501963816953E-09
 3.175E-09  1.46937363457498E-09
 3.218E-09  1.50455005658974E-09
 3.262E-09  1.54056859286150E-09
 3.307E-09  1.57744940337858E-09
 3.352E-09  1.61521313075387E-09
 3.398E-09  1.65388091177873E-09
 3.444E-09  1.69347438925327E-09
 3.491E-09  1.73401572410026E-09
 3.539E-09  1.77552760776886E-09
 3.587E-09  1.81803327493498E-09
 3.636E-09  1.86155651650634E-09
 3.685E-09  1.90612169293828E-09
 3.736E-09  1.95175374786844E-09
 3.787E-09  1.99847822207841E-09
 3.838E-09  2.04632126778858E-09
 3.891E-09  2.09530966329638E-09
 3.944E-09  2.14547082796406E-09
 3.998E-09  2.19683283756550E-09
 4.052E-09  2.24942444000090E-09
 4.108E-09  2.30327507138686E-09
 4.164E-09  2.35841487253226E-09
 4.221E-09  2.41487470580846E-09
 4.278E-09  2.47268617242312E-09
 4.337E-09  2.53188163010793E-09
 4.396E-09  2.59249421122932E-09
 4.456E-09  2.65455784133304E-09
 4.517E-09  2.71810725813289E-09
 4.578E-09  2.78317803095336E-09
 4.641E-09  2.84980658063858E-09
 4.704E-09  2.91803019993706E-09
 4.769E-09  2.98788707437486E-09
 4.834E-09  3.05941630362878E-09
 4.900E-09  3.13265792341042E-09
 4.967E-09  3.20765292787463E-09
 5.034E-09  3.28444329256470E-09
 5.103E-09  3.36307199790600E-09
 5.173E-09  3.44358305326277E-09
 5.243E-09  3.52602152157081E-09
 5.315E-09  3.61043354455942E-09
 5.388E-09  3.69686636857712E-09
 5.461E-09  3.78536837103631E-09
 5.536E-09  3.87598908749068E-09
 5.611E-09  3.96877923936010E-09
 5.688E-09  4.06379076232050E-09
 5.765E-09  4.16107683537268E-09
 5.844E-09  4.26069191060679E-09
 5.924E-09  4.36269174368009E-09
 6.005E-09  4.46713342502352E-09
 6.087E-09  4.57407541179578E-09
 6.170E-09  4.68357756060302E-09
 6.254E-09  4.79570116100042E-09
 6.340E-09  4.91050896979665E-09
 6.426E-09  5.02806524617978E-09
 6.514E-09  5.14843578768338E-09
 6.603E-09  5.27168796701441E-09
 6.693E-09  5.39789076976150E-09
 6.784E-09  5.52711483300795E-09
 6.877E-09  5.65943248486768E-09
 6.971E-09  5.79491778496686E-09
 7.066E-09  5.93364656589736E-09
 7.162E-09  6.07569647565973E-09
 7.260E-09  6.22114702112384E-09
 7.359E-09  6.37007961253004E-09
 7.460E-09  6.52257760905450E-09
 7.562E-09  6.67872636546662E-09
 7.665E-09  6.83861327990248E-09
 7.770E-09  7.00232784278248E-09
 7.876E-09  7.16996168690025E-09
 7.983E-09  7.34160863870997E-09
 8.092E-09  7.51736477084120E-09
 8.203E-09  7.69732845587298E-09
 8.315E-09  7.88160042139314E-09
 8.428E-09  8.07028380637581E-09
 8.543E-09  8.26348421891015E-09
 8.660E-09  8.46130979530917E-09
 8.778E-09  8.66387126063540E-09
 8.898E-09  8.87128199067456E-09
 9.019E-09  9.08365807539142E-09
 9.142E-09  9.30111838390869E-09
 9.267E-09  9.52378463103751E-09
 9.394E-09  9.75178144540176E-09
 9.522E-09  9.98523643919564E-09
 9.652E-09  1.02242802796074E-08
 9.784E-09  1.04690467619563E-08
 9.917E-09  1.07196728845773E-08
 1.005E-08  1.09762989255006E-08
 1.019E-08  1.12390685209680E-08
 1.033E-08  1.15081287458247E-08
 1.047E-08  1.17836301958399E-08
 1.061E-08  1.20657270719966E-08
 1.076E-08  1.23545772667970E-08
 1.090E-08  1.26503424526377E-08
 1.105E-08  1.29531881722999E-08
 1.120E-08  1.32632839316029E-08
 1.136E-08  1.35808032942783E-08
 1.151E-08  1.39059239791164E-08
 1.167E-08  1.42388279594337E-08
 1.183E-08  1.45797015649276E-08
 1.199E-08  1.49287355859658E-08
 1.215E-08  1.52861253803717E-08
 1.232E-08  1.56520709827673E-08
 1.249E-08  1.60267772165368E-08
 1.266E-08  1.64104538084646E-08
 1.283E-08  1.68033155061214E-08
 1.301E-08  1.72055821980631E-08
 1.318E-08  1.76174790368988E-08
 1.336E-08  1.80392365653125E-08
 1.355E-08  1.84710908451012E-08
 1.373E-08  1.89132835892965E-08
 1.392E-08  1.93660622974553E-08
 1.411E-08  1.98296803941866E-08
 1.430E-08  2.03043973709940E-08
 1.450E-08  2.07904789315160E-08
 1.470E-08  2.12881971402402E-08
 1.490E-08  2.17978305747801E-08
 1.510E-08  2.23196644817982E-08
 1.531E-08  2.28539909366571E-08
 1.551E-08  2.34011090068974E-08
 1.573E-08  2.39613249196268E-08
 1.594E-08  2.45349522329192E-08
 1.616E-08  2.51223120113147E-08
 1.638E-08  2.57237330055156E-08
 1.660E-08  2.63395518363949E-08
 1.683E-08  2.69701131834066E-08
 1.706E-08  2.76157699774991E-08
 1.729E-08  2.82768835986544E-08
 1.753E-08  2.89538240781561E-08
 1.777E-08  2.96469703056960E-08
 1.801E-08  3.03567102414401E-08
 1.826E-08  3.10834411331721E-08
 1.851E-08  3.18275697386365E-08
 1.876E-08  3.25895125531977E-08
 1.901E-08  3.33696960429585E-08
 1.927E-08  3.41685568834554E-08
 1.954E-08  3.49865422040644E-08
 1.980E-08  3.58241098382606E-08
 2.007E-08  3.66817285798757E-08
 2.035E-08  3.75598784454753E-08
 2.063E-08  3.84590509430311E-08
 2.091E-08  3.93797493470193E-08
 2.119E-08  4.03224889801007E-08
 2.148E-08  4.12877975015551E-08
 2.178E-08  4.22762152026065E-08
 2.207E-08  4.32882953088328E-08
 2.237E-08  4.43246042898015E-08
 2.268E-08  4.53857221761262E-08
 2.299E-08  4.64722428841149E-08
 2.330E-08  4.75847745481808E-08
 2.362E-08  4.87239398612187E-08
 2.394E-08  4.98903764231299E-08
 2.427E-08  5.10847370976858E-08
 2.460E-08  5.23076903779319E-08
 2.494E-08  5.35599207603553E-08
 2.528E-08  5.48421291279930E-08
 2.562E-08  5.61550331427132E-08
 2.597E-08  5.74993676468962E-08
 2.633E-08  5.88758850747258E-08
 2.669E-08  6.02853558733310E-08
 2.705E-08  6.17285689339953E-08
 2.742E-08  6.32063320337085E-08
 2.779E-08  6.47194722872778E-08
 2.817E-08  6.62688366102671E-08
 2.856E-08  6.78552921930105E-08
 2.895E-08  6.94797269859783E-08
 2.934E-08  7.11430501967713E-08
 2.974E-08  7.28461927989916E-08
 3.015E-08  7.45901080533181E-08
 3.056E-08  7.63757720410443E-08
 3.098E-08  7.82041842103850E-08
 3.140E-08  8.00763679358699E-08
 3.183E-08  8.19933710911238E-08
 3.227E-08  8.39562666353629E-08
 3.271E-08  8.59661532139273E-08
 3.315E-08  8.80241557731868E-08
 3.361E-08  9.01314261901799E-08
 3.406E-08  9.22891439173044E-08
 3.453E-08  9.44985166424650E-08
 3.500E-08  9.67607809650125E-08
 3.548E-08  9.90772030878576E-08
 3.596E-08  1.01449079526163E-07
 3.645E-08  1.03877737833007E-07
 3.695E-08  1.06364537342406E-07
 3.746E-08  1.08910869930121E-07
 3.797E-08  1.11518160792694E-07
 3.849E-08  1.14187869245124E-07
 3.901E-08  1.16921489537641E-07
 3.954E-08  1.19720551692023E-07
 4.008E-08  1.22586622357950E-07
 4.063E-08  1.25521305689850E-07
 4.119E-08  1.28526244244732E-07
 4.175E-08  1.31603119901516E-07
 4.232E-08  1.34753654802377E-07
 4.290E-08  1.37979612316607E-07
 4.348E-08  1.41282798027586E-07
 4.408E-08  1.44665060743323E-07
 4.468E-08  1.48128293531236E-07
 4.529E-08  1.51674434777708E-07
 4.591E-08  1.55305469272963E-07
 4.653E-08  1.59023429321939E-07
 4.717E-08  1.62830395881767E-07
 4.781E-08  1.66728499726464E-07
 4.846E-08  1.70719922639498E-07
 4.913E-08  1.74806898634936E-07
 4.980E-08  1.78991715207766E-07
 5.048E-08  1.83276714614230E-07
 5.117E-08  1.87664295182745E-07
 5.186E-08  1.92156912656209E-07
 5.257E-08  1.96757081566465E-07
 5.329E-08  2.01467376641684E-07
 5.402E-08  2.06290434247387E-07
 5.475E-08  2.11228953861979E-07
 5.550E-08  2.16285699587664E-07
 5.626E-08  2.21463501697429E-07
 5.703E-08  2.26765258219140E-07
 5.781E-08  2.32193936557544E-07
 5.860E-08  2.37752575155068E-07
 5.940E-08  2.43444285192397E-07
 6.021E-08  2.49272252329785E-07
 6.103E-08  2.55239738490018E-07
 6.186E-08  2.61350083684019E-07
 6.271E-08  2.67606707880288E-07
 6.356E-08  2.74013112918951E-07
 6.443E-08  2.80572884471703E-07
 6.531E-08  2.87289694048663E-07
 6.620E-08  2.94167301053239E-07
 6.711E-08  3.01209554886232E-07
 6.802E-08  3.08420397100271E-07
 6.895E-08  3.15803863605850E-07
 6.989E-08  3.23364086930118E-07
 7.085E-08  3.31105298529807E-07
 7.181E-08  3.39031831159519E-07
 7.279E-08  3.47148121296672E-07
 7.379E-08  3.55458711624519E-07
 7.479E-08  3.63968253574577E-07
 7.582E-08  3.72681509929994E-07
 7.685E-08  3.81603357491155E-07
 7.790E-08  3.90738789805071E-07
 7.896E-08  4.00092919960260E-07
 8.004E-08  4.09670983448410E-07
 8.113E-08  4.19478341094504E-07
 8.224E-08  4.29520482057232E-07
 8.336E-08  4.39803026901108E-07
 8.450E-08  4.50331730742195E-07
 8.566E-08  4.61112486469085E-07
 8.683E-08  4.72151328040997E-07
 8.801E-08  4.83454433864882E-07
 8.921E-08  4.95028130253292E-07
 9.043E-08  5.06878894965011E-07
 9.167E-08  5.19013360830594E-07
 9.292E-08  5.31438319464503E-07
 9.419E-08  5.44160725066190E-07
 9.547E-08  5.57187698312203E-07
 9.677E-08  5.70526530341428E-07
 9.810E-08  5.84184686835689E-07
 9.944E-08  5.98169812198099E-07
 1.008E-07  6.12489733831467E-07
 1.022E-07  6.27152466518926E-07
 1.036E-07  6.42166216909608E-07
 1.050E-07  6.57539388111716E-07
 1.064E-07  6.73280584395395E-07
 1.079E-07  6.89398616008303E-07
 1.093E-07  7.05902504106323E-07
 1.108E-07  7.22801485802527E-07
 1.123E-07  7.40105019336831E-07
 1.139E-07  7.57822789369278E-07
 1.154E-07  7.75964712400512E-07
 1.170E-07  7.94540942321352E-07
 1.186E-07  8.13561876095692E-07
 1.202E-07  8.33038159579387E-07
 1.219E-07  8.52980693478120E-07
 1.235E-07  8.73400639448214E-07
 1.252E-07  8.94309426343404E-07
 1.269E-07  9.15718756610958E-07
 1.287E-07  9.37640612841208E-07
 1.304E-07  9.60087264473617E-07
 1.322E-07  9.83071274663379E-07
 1.340E-07  1.00660550731269E-06
 1.358E-07  1.03070313426985E-06
 1.377E-07  1.05537764270117E-06
 1.396E-07  1.08064284263890E-06
 1.415E-07  1.10651287471022E-06
 1.434E-07  1.13300221805110E-06
 1.454E-07  1.16012569840940E-06
 1.473E-07  1.18789849644222E-06
 1.494E-07  1.21633615621173E-06
 1.514E-07  1.24545459388440E-06
 1.535E-07  1.27527010663850E-06
 1.556E-07  1.30579938178464E-06
 1.577E-07  1.33705950610489E-06
 1.598E-07  1.36906797541526E-06
 1.620E-07  1.40184270435715E-06
 1.642E-07  1.43540203642317E-06
 1.665E-07  1.46976475422287E-06
 1.687E-07  1.50495008999450E-06
 1.710E-07  1.54097773636788E-06
 1.734E-07  1.57786785738524E-06
 1.757E-07  1.61564109978597E-06
 1.781E-07  1.65431860456121E-06
 1.806E-07  1.69392201878501E-06
 1.830E-07  1.73447350772889E-06
 1.855E-07  1.77599576726651E-06
 1.881E-07  1.81851203657478E-06
 1.906E-07  1.86204611113924E-06
 1.932E-07  1.90662235607091E-06
 1.959E-07  1.95226571974186E-06
 1.986E-07  1.99900174774667E-06
 2.013E-07  2.04685659719882E-06
 2.040E-07  2.09585705136873E-06
 2.068E-07  2.14603053467242E-06
 2.096E-07  2.19740512801901E-06
 2.125E-07  2.25000958452522E-06
 2.154E-07  2.30387334560649E-06
 2.183E-07  2.35902655745278E-06
 2.213E-07  2.41550008789923E-06
 2.243E-07  2.47332554370003E-06
 2.274E-07  2.53253528821669E-06
 2.305E-07  2.59316245952859E-06
 2.336E-07  2.65524098897748E-06
 2.368E-07  2.71880562015634E-06
 2.401E-07  2.78389192835201E-06
 2.433E-07  2.85053634045357E-06
 2.467E-07  2.91877615533715E-06
 2.500E-07  2.98864956473872E-06
 2.534E-07  3.06019567462645E-06
 2.569E-07  3.13345452708462E-06
 2.604E-07  3.20846712272102E-06
 2.640E-07  3.28527544361133E-06
 2.676E-07  3.36392247679235E-06
 2.712E-07  3.44445223831719E-06
 2.749E-07  3.52690979788666E-06
 2.787E-07  3.61134130407022E-06
 2.825E-07  3.69779401013043E-06
 2.863E-07  3.78631630046552E-06
 2.903E-07  3.87695771768460E-06
 2.942E-07  3.96976899033145E-06
 2.982E-07  4.06480206127170E-06
 3.023E-07  4.16211011675918E-06
 3.064E-07  4.26174761619789E-06
 3.106E-07  4.36377032261715E-06
 3.149E-07  4.46823533387492E-06
 3.192E-07  4.57520111460869E-06
 3.235E-07  4.68472752895135E-06
 3.279E-07  4.79687587402900E-06
 3.324E-07  4.91170891426198E-06
 3.369E-07  5.02929091648562E-06
 3.415E-07  5.14968768591183E-06
 3.462E-07  5.27296660295230E-06
 3.509E-07  5.39919666092130E-06
 3.557E-07  5.52844850464249E-06
 3.606E-07  5.66079446997902E-06
 3.655E-07  5.79630862430955E-06
 3.705E-07  5.93506680797344E-06
 3.756E-07  6.07714667670746E-06
 3.807E-07  6.22262774509864E-06
 3.859E-07  6.37159143107606E-06
 3.911E-07  6.52412110146884E-06
 3.965E-07  6.68030211865419E-06
 4.019E-07  6.84022188831959E-06
 4.074E-07  7.00396990837233E-06
 4.129E-07  7.17163781901569E-06
 4.186E-07  7.34331945402491E-06
 4.243E-07  7.51911089325257E-06
 4.301E-07  7.69911051638488E-06
 4.360E-07  7.88341905799120E-06
 4.419E-07  8.07213966388771E-06
 4.479E-07  8.26537794884723E-06
 4.541E-07  8.46324205569618E-06
 4.603E-07  8.66584271582158E-06
 4.665E-07  8.87329331112673E-06
 4.729E-07  9.08570993747081E-06
 4.794E-07  9.30321146962531E-06
 4.859E-07  9.52591962778655E-06
 4.926E-07  9.75395904567790E-06
 4.993E-07  9.98745734028325E-06
 5.061E-07  1.02265451832491E-05
 5.130E-07  1.04713563739950E-05
 5.200E-07  1.07220279145737E-05
 5.271E-07  1.09787000863222E-05
 5.343E-07  1.12415165283488E-05
 5.416E-07  1.15106243178962E-05
 5.490E-07  1.17861740526293E-05
 5.565E-07  1.20683199348917E-05
 5.641E-07  1.23572198579770E-05
 5.718E-07  1.26530354944685E-05
 5.796E-07  1.29559323866881E-05
 5.875E-07  1.32660800393124E-05
 5.955E-07  1.35836520142051E-05
 6.037E-07  1.39088260275164E-05
 6.119E-07  1.42417840491098E-05
 6.202E-07  1.45827124043642E-05
 6.287E-07  1.49318018784141E-05
 6.373E-07  1.52892478228832E-05
 6.460E-07  1.56552502651727E-05
 6.548E-07  1.60300140203661E-05
 6.638E-07  1.64137488058073E-05
 6.728E-07  1.68066693584242E-05
 6.820E-07  1.72089955548592E-05
 6.913E-07  1.76209525344732E-05
 7.008E-07  1.80427708252928E-05
 7.103E-07  1.84746864729705E-05
 7.200E-07  1.89169411728330E-05
 7.298E-07  1.93697824050861E-05
 7.398E-07  1.98334635732585E-05
 7.499E-07  2.03082441459523E-05
 7.602E-07  2.07943898019905E-05
 7.705E-07  2.12921725790354E-05
 7.811E-07  2.18018710257607E-05
 7.917E-07  2.23237703576697E-05
 8.025E-07  2.28581626166373E-05
 8.135E-07  2.34053468342700E-05
 8.246E-07  2.39656291991727E-05
 8.358E-07  2.45393232282229E-05
 8.473E-07  2.51267499419391E-05
 8.588E-07  2.57282380440427E-05
 8.705E-07  2.63441241053183E-05
 8.824E-07  2.69747527518735E-05
 8.945E-07  2.76204768579035E-05
 9.067E-07  2.82816577430622E-05
 9.191E-07  2.89586653745616E-05
 9.316E-07  2.96518785741010E-05
 9.443E-07  3.03616852297513E-05
 9.572E-07  3.10884825129049E-05
 9.703E-07  3.18326771004145E-05
 9.835E-07  3.25946854020525E-05
 9.970E-07  3.33749337934056E-05
 1.011E-06  3.41738588543421E-05
 1.024E-06  3.49919076131823E-05
 1.038E-06  3.58295377967172E-05
 1.053E-06  3.66872180862000E-05
 1.067E-06  3.75654283794653E-05
 1.081E-06  3.84646600593174E-05
 1.096E-06  3.93854162683355E-05
 1.111E-06  4.03282121902586E-05
 1.126E-06  4.12935753381005E-05
 1.142E-06  4.22820458491510E-05
 1.157E-06  4.32941767870315E-05
 1.173E-06  4.43305344509929E-05
 1.189E-06  4.53916986925916E-05
 1.205E-06  4.64782632399455E-05
 1.222E-06  4.75908360297586E-05
 1.239E-06  4.87300395472643E-05
 1.255E-06  4.98965111743225E-05
 1.273E-06  5.10909035458248E-05
 1.290E-06  5.23138849146373E-05
 1.308E-06  5.35661395252576E-05
 1.325E-06  5.48483679964218E-05
 1.344E-06  5.61612877128631E-05
 1.362E-06  5.75056332264173E-05
 1.380E-06  5.88821566667523E-05
 1.399E-06  6.02916281618979E-05
 1.418E-06  6.17348362688421E-05
 1.438E-06  6.32125884144279E-05
 1.457E-06  6.47257113467792E-05
 1.477E-06  6.62750515975435E-05
 1.497E-06  6.78614759551698E-05
 1.518E-06  6.94858719495153E-05
 1.539E-06  7.11491483480375E-05
 1.560E-06  7.28522356638462E-05
 1.581E-06  7.45960866759198E-05
 1.603E-06  7.63816769617433E-05
 1.624E-06  7.82100054426906E-05
 1.647E-06  8.00820949424509E-05
 1.669E-06  8.19989927587973E-05
 1.692E-06  8.39617712490370E-05
 1.715E-06  8.59715284294618E-05
 1.738E-06  8.80293885891146E-05
 1.762E-06  9.01365029182466E-05
 1.786E-06  9.22940501517989E-05
 1.811E-06  9.45032372282582E-05
 1.835E-06  9.67652999642742E-05
 1.860E-06  9.90815037454052E-05
 1.886E-06  1.01453144233368E-04
 1.911E-06  1.03881548090216E-04
 1.938E-06  1.06368073719802E-04
 1.964E-06  1.08914112026984E-04
 1.991E-06  1.11521087194985E-04
 2.018E-06  1.14190457481321E-04
 2.046E-06  1.16923716032758E-04
 2.073E-06  1.19722391719761E-04
 2.102E-06  1.22588049990881E-04
 2.130E-06  1.25522293747562E-04
 2.160E-06  1.28526764239857E-04
 2.189E-06  1.31603141983564E-04
 2.219E-06  1.34753147699278E-04
 2.249E-06  1.37978543273876E-04
 2.280E-06  1.41281132745000E-04
 2.311E-06  1.44662763309063E-04
 2.343E-06  1.48125326353330E-04
 2.375E-06  1.51670758512683E-04
 2.407E-06  1.55301042751645E-04
 2.440E-06  1.59018209472233E-04
 2.473E-06  1.62824337648329E-04
 2.507E-06  1.66721555987113E-04
 2.541E-06  1.70712044118280E-04
 2.576E-06  1.74798033811670E-04
 2.611E-06  1.78981810223952E-04
 2.647E-06  1.83265713175191E-04
 2.683E-06  1.87652138455802E-04
 2.719E-06  1.92143539164823E-04
 2.757E-06  1.96742427080102E-04
 2.794E-06  2.01451374061239E-04
 2.832E-06  2.06273013486086E-04
 2.871E-06  2.11210041721477E-04
 2.910E-06  2.16265219629183E-04
 2.950E-06  2.21441374107794E-04
 2.990E-06  2.26741399671427E-04
 3.031E-06  2.32168260066179E-04
 3.072E-06  2.37724989925180E-04
 3.114E-06  2.43414696463161E-04
 3.157E-06  2.49240561211491E-04
 3.200E-06  2.55205841794715E-04
 3.244E-06  2.61313873749458E-04
 3.288E-06  2.67568072386773E-04
 3.333E-06  2.73971934699025E-04
 3.378E-06  2.80529041312215E-04
 3.424E-06  2.87243058485060E-04
 3.471E-06  2.94117740155689E-04
 3.519E-06  3.01156930037244E-04
 3.567E-06  3.08364563763591E-04
 3.615E-06  3.15744671086148E-04
 3.665E-06  3.23301378123262E-04
 3.715E-06  3.31038909663242E-04
 3.765E-06  3.38961591522408E-04
 3.817E-06  3.47073852959402E-04
 3.869E-06  3.55380229147132E-04
 3.922E-06  3.63885363703774E-04
 3.975E-06  3.72594011284170E-04
 4.030E-06  3.81511040233031E-04
 4.085E-06  3.90641435301545E-04
 4.140E-06  3.99990300428808E-04
 4.197E-06  4.09562861589588E-04
 4.254E-06  4.19364469710141E-04
 4.312E-06  4.29400603653512E-04
 4.371E-06  4.39676873276158E-04
 4.431E-06  4.50199022557494E-04
 4.491E-06  4.60972932804092E-04
 4.553E-06  4.72004625930386E-04
 4.615E-06  4.83300267817541E-04
 4.678E-06  4.94866171752620E-04
 4.742E-06  5.06708801949686E-04
 4.806E-06  5.18834777154930E-04
 4.872E-06  5.31250874337870E-04
 4.938E-06  5.43964032470428E-04
 5.006E-06  5.56981356396387E-04
 5.074E-06  5.70310120792982E-04
 5.144E-06  5.83957774226951E-04
 5.214E-06  5.97931943307477E-04
 5.285E-06  6.12240436938055E-04
 5.357E-06  6.26891250669758E-04
 5.430E-06  6.41892571158327E-04
 5.504E-06  6.57252780727560E-04
 5.579E-06  6.72980462041484E-04
 5.656E-06  6.89084402887927E-04
 5.733E-06  7.05573601076156E-04
 5.811E-06  7.22457269451196E-04
 5.890E-06  7.39744841027751E-04
 5.971E-06  7.57445974246525E-04
 6.052E-06  7.75570558355647E-04
 6.135E-06  7.94128718920717E-04
 6.219E-06  8.13130823465691E-04
 6.304E-06  8.32587487248579E-04
 6.390E-06  8.52509579174670E-04
 6.477E-06  8.72908227850469E-04
 6.565E-06  8.93794827782182E-04
 6.655E-06  9.15181045721596E-04
 6.746E-06  9.37078827163370E-04
 6.838E-06  9.59500402996891E-04
 6.931E-06  9.82458296316757E-04
 7.026E-06  1.00596532939539E-03
 7.122E-06  1.03003463082164E-03
 7.219E-06  1.05467964280953E-03
 7.318E-06  1.07991412868093E-03
 7.418E-06  1.10575218052652E-03
 7.519E-06  1.13220822704910E-03
 7.622E-06  1.15929704159348E-03
 7.726E-06  1.18703375036780E-03
 7.831E-06  1.21543384086050E-03
 7.938E-06  1.24451317045732E-03
 8.046E-06  1.27428797526378E-03
 8.156E-06  1.30477487913743E-03
 8.268E-06  1.33599090293505E-03
 8.380E-06  1.36795347397993E-03
 8.495E-06  1.40068043575442E-03
 8.611E-06  1.43419005782286E-03
 8.728E-06  1.46850104599085E-03
 8.848E-06  1.50363255270608E-03
 8.968E-06  1.53960418770638E-03
 9.091E-06  1.57643602892120E-03
 9.215E-06  1.61414863363217E-03
 9.341E-06  1.65276304989929E-03
 9.468E-06  1.69230082825841E-03
 9.597E-06  1.73278403369710E-03
 9.729E-06  1.77423525791493E-03
 9.861E-06  1.81667763187571E-03
 9.996E-06  1.86013483865739E-03
 1.013E-05  1.90463112660738E-03
 1.027E-05  1.95019132281108E-03
 1.041E-05  1.99684084687995E-03
 1.055E-05  2.04460572506696E-03
 1.070E-05  2.09351260471766E-03
 1.084E-05  2.14358876906458E-03
 1.099E-05  2.19486215237261E-03
 1.114E-05  2.24736135544436E-03
 1.129E-05  2.30111566149331E-03
 1.145E-05  2.35615505239426E-03
 1.160E-05  2.41251022531935E-03
 1.176E-05  2.47021260976844E-03
 1.192E-05  2.52929438500448E-03
 1.209E-05  2.58978849790257E-03
 1.225E-05  2.65172868122156E-03
 1.242E-05  2.71514947231008E-03
 1.259E-05  2.78008623225597E-03
 1.276E-05  2.84657516549005E-03
 1.293E-05  2.91465333985460E-03
 1.311E-05  2.98435870714748E-03
 1.329E-05  3.05573012415390E-03
 1.347E-05  3.12880737417636E-03
 1.365E-05  3.20363118907518E-03
 1.384E-05  3.28024327183094E-03
 1.403E-05  3.35868631964177E-03
 1.422E-05  3.43900404756820E-03
 1.442E-05  3.52124121273774E-03
 1.461E-05  3.60544363912257E-03
 1.481E-05  3.69165824290455E-03
 1.501E-05  3.77993305844061E-03
 1.522E-05  3.87031726484262E-03
 1.543E-05  3.96286121318692E-03
 1.564E-05  4.05761645436748E-03
 1.585E-05  4.15463576760785E-03
 1.607E-05  4.25397318964873E-03
 1.629E-05  4.35568404462507E-03
 1.651E-05  4.45982497465004E-03
 1.673E-05  4.56645397112224E-03
 1.696E-05  4.67563040677388E-03
 1.719E-05  4.78741506847537E-03
 1.743E-05  4.90187019081547E-03
 1.767E-05  5.01905949047653E-03
 1.791E-05  5.13904820142001E-03
 1.815E-05  5.26190311090370E-03
 1.840E-05  5.38769259635052E-03
 1.865E-05  5.51648666308704E-03
 1.891E-05  5.64835698297318E-03
 1.916E-05  5.78337693394393E-03
 1.943E-05  5.92162164048423E-03
 1.969E-05  6.06316801505900E-03
 1.996E-05  6.20809480052028E-03
 2.023E-05  6.35648261351491E-03
 2.051E-05  6.50841398891530E-03
 2.079E-05  6.66397342529859E-03
 2.107E-05  6.82324743149668E-03
 2.136E-05  6.98632457424461E-03
 2.165E-05  7.15329552695113E-03
 2.195E-05  7.32425311961629E-03
 2.225E-05  7.49929238992833E-03
 2.255E-05  7.67851063556027E-03
 2.286E-05  7.86200746769874E-03
 2.317E-05  8.04988486583340E-03
 2.349E-05  8.24224723383445E-03
 2.381E-05  8.43920145734964E-03
 2.413E-05  8.64085696255060E-03
 2.446E-05  8.84732577626090E-03
 2.480E-05  9.05872258749821E-03
 2.514E-05  9.27516481046088E-03
 2.548E-05  9.49677264899472E-03
 2.583E-05  9.72366916257626E-03
 2.618E-05  9.95598033384110E-03
 2.654E-05  1.01938351377012E-02
 2.690E-05  1.04373656120839E-02
 2.727E-05  1.06867069303265E-02
 2.764E-05  1.09419974752744E-02
 2.802E-05  1.12033789151133E-02
 2.840E-05  1.14709962809793E-02
 2.879E-05  1.17449980463899E-02
 2.918E-05  1.20255362085321E-02
 2.958E-05  1.23127663714578E-02
 2.998E-05  1.26068478312248E-02
 3.039E-05  1.29079436630321E-02
 3.080E-05  1.32162208103933E-02
 3.123E-05  1.35318501763945E-02
 3.165E-05  1.38550067170892E-02
 3.208E-05  1.41858695370728E-02
 3.252E-05  1.45246219872931E-02
 3.297E-05  1.48714517651450E-02
 3.342E-05  1.52265510169008E-02
 3.387E-05  1.55901164425337E-02
 3.433E-05  1.59623494029853E-02
 3.480E-05  1.63434560299390E-02
 3.528E-05  1.67336473381472E-02
 3.576E-05  1.71331393403815E-02
 3.625E-05  1.75421531650600E-02
 3.674E-05  1.79609151766140E-02
 3.724E-05  1.83896570986560E-02
 3.775E-05  1.88286161400152E-02
 3.827E-05  1.92780351237071E-02
 3.879E-05  1.97381626188968E-02
 3.932E-05  2.02092530759367E-02
 3.986E-05  2.06915669645351E-02
 4.040E-05  2.11853709151390E-02
 4.095E-05  2.16909378635948E-02
 4.151E-05  2.22085471991681E-02
 4.208E-05  2.27384849159982E-02
 4.265E-05  2.32810437680609E-02
 4.324E-05  2.38365234277222E-02
 4.383E-05  2.44052306479691E-02
 4.442E-05  2.49874794283912E-02
 4.503E-05  2.55835911850026E-02
 4.565E-05  2.61938949239985E-02
 4.627E-05  2.68187274195217E-02
 4.690E-05  2.74584333955390E-02
 4.754E-05  2.81133657119201E-02
 4.819E-05  2.87838855548069E-02
 4.885E-05  2.94703626313802E-02
 4.951E-05  3.01731753691132E-02
 5.019E-05  3.08927111196178E-02
 5.088E-05  3.16293663671891E-02
 5.157E-05  3.23835469421474E-02
 5.227E-05  3.31556682390903E-02
 5.299E-05  3.39461554401608E-02
 5.371E-05  3.47554437434481E-02
 5.445E-05  3.55839785966396E-02
 5.519E-05  3.64322159360251E-02
 5.594E-05  3.73006224309888E-02
 5.671E-05  3.81896757341147E-02
 5.748E-05  3.90998647370049E-02
 5.826E-05  4.00316898319699E-02
 5.906E-05  4.09856631797034E-02
 5.987E-05  4.19623089830720E-02
 6.068E-05  4.29621637671661E-02
 6.151E-05  4.39857766657497E-02
 6.235E-05  4.50337097142385E-02
 6.320E-05  4.61065381493663E-02
 6.407E-05  4.72048507156784E-02
 6.494E-05  4.83292499789973E-02
 6.583E-05  4.94803526470357E-02
 6.673E-05  5.06587898972883E-02
 6.764E-05  5.18652077123765E-02
 6.856E-05  5.31002672230063E-02
 6.950E-05  5.43646450587076E-02
 7.045E-05  5.56590337065306E-02
 7.141E-05  5.69841418778500E-02
 7.238E-05  5.83406948834842E-02
 7.337E-05  5.97294350172955E-02
 7.437E-05  6.11511219484522E-02
 7.539E-05  6.26065331225497E-02
 7.642E-05  6.40964641717752E-02
 7.746E-05  6.56217293343191E-02
 7.852E-05  6.71831618832340E-02
 7.959E-05  6.87816145649236E-02
 8.068E-05  7.04179600475019E-02
 8.178E-05  7.20930913792148E-02
 8.289E-05  7.38079224571401E-02
 8.403E-05  7.55633885063987E-02
 8.517E-05  7.73604465700838E-02
 8.634E-05  7.92000760101523E-02
 8.751E-05  8.10832790195166E-02
 8.871E-05  8.30110811455428E-02
 8.992E-05  8.49845318252302E-02
 9.115E-05  8.70047049323338E-02
 9.239E-05  8.90726993366143E-02
 9.365E-05  9.11896394755474E-02
 9.493E-05  9.33566759387211E-02
 9.623E-05  9.55749860651773E-02
 9.754E-05  9.78457745539825E-02
 9.887E-05  1.00170274088320E-01
 1.002E-04  1.02549745973363E-01
 1.016E-04  1.04985480788210E-01
 1.030E-04  1.07478799052201E-01
 1.044E-04  1.10031051905907E-01
 1.058E-04  1.12643621807072E-01
 1.073E-04  1.15317923241846E-01
 1.087E-04  1.18055403451606E-01
 1.102E-04  1.20857543175687E-01
 1.117E-04  1.23725857410366E-01
 1.132E-04  1.26661896184410E-01
 1.148E-04  1.29667245351538E-01
 1.163E-04  1.32743527400111E-01
 1.179E-04  1.35892402280472E-01
 1.195E-04  1.39115568250198E-01
 1.212E-04  1.42414762737710E-01
 1.228E-04  1.45791763224548E-01
 1.245E-04  1.49248388146700E-01
 1.262E-04  1.52786497815417E-01
 1.279E-04  1.56407995357805E-01
 1.297E-04  1.60114827677679E-01
 1.314E-04  1.63908986437031E-01
 1.332E-04  1.67792509058510E-01
 1.351E-04  1.71767479749369E-01
 1.369E-04  1.75836030547262E-01
 1.388E-04  1.80000342388326E-01
 1.407E-04  1.84262646197986E-01
 1.426E-04  1.88625224004922E-01
 1.445E-04  1.93090410078652E-01
 1.465E-04  1.97660592091153E-01
 1.485E-04  2.02338212303016E-01
 1.505E-04  2.07125768774567E-01
 1.526E-04  2.12025816602497E-01
 1.547E-04  2.17040969182371E-01
 1.568E-04  2.22173899497581E-01
 1.589E-04  2.27427341435260E-01
 1.611E-04  2.32804091129551E-01
 1.633E-04  2.38307008332849E-01
 1.655E-04  2.43939017815489E-01
 1.678E-04  2.49703110794374E-01
 1.701E-04  2.55602346391070E-01
 1.724E-04  2.61639853120018E-01
 1.748E-04  2.67818830407243E-01
 1.771E-04  2.74142550140156E-01
 1.796E-04  2.80614358249114E-01
 1.820E-04  2.87237676321124E-01
 1.845E-04  2.94016003246422E-01
 1.870E-04  3.00952916898334E-01
 1.896E-04  3.08052075847161E-01
 1.922E-04  3.15317221108619E-01
 1.948E-04  3.22752177927324E-01
 1.974E-04  3.30360857596064E-01
 2.001E-04  3.38147259311392E-01
 2.029E-04  3.46115472066144E-01
 2.056E-04  3.54269676579548E-01
 2.084E-04  3.62614147265468E-01
 2.113E-04  3.71153254239437E-01
 2.142E-04  3.79891465365188E-01
 2.171E-04  3.88833348341162E-01
 2.201E-04  3.97983572827761E-01
 2.231E-04  4.07346912615931E-01
 2.261E-04  4.16928247837723E-01
 2.292E-04  4.26732567219524E-01
 2.323E-04  4.36764970378521E-01
 2.355E-04  4.47030670163126E-01
 2.387E-04  4.57534995038061E-01
 2.420E-04  4.68283391514585E-01
 2.453E-04  4.79281426626748E-01
 2.486E-04  4.90534790454184E-01
 2.520E-04  5.02049298692094E-01
 2.555E-04  5.13830895269244E-01
 2.589E-04  5.25885655014453E-01
 2.625E-04  5.38219786372286E-01
 2.661E-04  5.50839634168737E-01
 2.697E-04  5.63751682427371E-01
 2.734E-04  5.76962557236684E-01
 2.771E-04  5.90479029669351E-01
 2.809E-04  6.04308018753883E-01
 2.847E-04  6.18456594499569E-01
 2.886E-04  6.32931980975104E-01
 2.926E-04  6.47741559441560E-01
 2.965E-04  6.62892871540526E-01
 3.006E-04  6.78393622537880E-01
 3.047E-04  6.94251684623630E-01
 3.089E-04  7.10475100268902E-01
 3.131E-04  7.27072085640053E-01
 3.174E-04  7.44051034070963E-01
 3.217E-04  7.61420519593935E-01
 3.261E-04  7.79189300529501E-01
 3.305E-04  7.97366323136044E-01
 3.350E-04  8.15960725319421E-01
 3.396E-04  8.34981840403392E-01
 3.442E-04  8.54439200960993E-01
 3.489E-04  8.74342542707487E-01
 3.537E-04  8.94701808455412E-01
 3.585E-04  9.15527152131976E-01
 3.634E-04  9.36828942859063E-01
 3.684E-04  9.58617769096534E-01
 3.734E-04  9.80904442848996E-01
 3.785E-04  1.00370000393612E+00
 3.837E-04  1.02701572432693E+00
 3.889E-04  1.05086311253855E+00
 3.942E-04  1.07525391809915E+00
 3.996E-04  1.10020013607524E+00
 4.051E-04  1.12571401166387E+00
 4.106E-04  1.15180804484943E+00
 4.162E-04  1.17849499512508E+00
 4.219E-04  1.20578788627871E+00
 4.277E-04  1.23370001124364E+00
 4.335E-04  1.26224493701370E+00
 4.394E-04  1.29143650962223E+00
 4.454E-04  1.32128885918546E+00
 4.515E-04  1.35181640500904E+00
 4.577E-04  1.38303386075796E+00
 4.639E-04  1.41495623968920E+00
 4.702E-04  1.44759885994655E+00
 4.767E-04  1.48097734991698E+00
 4.832E-04  1.51510765364771E+00
 4.898E-04  1.55000603632373E+00
 4.965E-04  1.58568908980420E+00
 5.032E-04  1.62217373821709E+00
 5.101E-04  1.65947724361125E+00
 5.171E-04  1.69761721166436E+00
 5.241E-04  1.73661159744534E+00
 5.313E-04  1.77647871123066E+00
 5.385E-04  1.81723722437213E+00
 5.459E-04  1.85890617521516E+00
 5.533E-04  1.90150497506531E+00
 5.609E-04  1.94505341420173E+00
 5.686E-04  1.98957166793522E+00
 5.763E-04  2.03508030270876E+00
 5.842E-04  2.08160028223821E+00
 5.922E-04  2.12915297369083E+00
 6.002E-04  2.17776015389912E+00
 6.084E-04  2.22744401560697E+00
 6.167E-04  2.27822717374530E+00
 6.252E-04  2.33013267173412E+00
 6.337E-04  2.38318398780776E+00
 6.423E-04  2.43740504135955E+00
 6.511E-04  2.49282019930264E+00
 6.600E-04  2.54945428244249E+00
 6.690E-04  2.60733257185783E+00
 6.782E-04  2.66648081528506E+00
 6.874E-04  2.72692523350129E+00
 6.968E-04  2.78869252670248E+00
 7.063E-04  2.85180988087030E+00
 7.160E-04  2.91630497412300E+00
 7.257E-04  2.98220598304514E+00
 7.356E-04  3.04954158898957E+00
 7.457E-04  3.11834098434622E+00
 7.559E-04  3.18863387877104E+00
 7.662E-04  3.26045050536841E+00
 7.766E-04  3.33382162682016E+00
 7.872E-04  3.40877854145397E+00
 7.980E-04  3.48535308924333E+00
 8.089E-04  3.56357765773088E+00
 8.199E-04  3.64348518786755E+00
 8.311E-04  3.72510917975864E+00
 8.425E-04  3.80848369830697E+00
 8.540E-04  3.89364337874443E+00
 8.656E-04  3.98062343204267E+00
 8.774E-04  4.06945965019164E+00
 8.894E-04  4.16018841133565E+00
 9.016E-04  4.25284668475677E+00
 9.139E-04  4.34747203569237E+00
 9.264E-04  4.44410262997754E+00
 9.390E-04  4.54277723849721E+00
 9.518E-04  4.64353524143648E+00
 9.648E-04  4.74641663231658E+00
 9.780E-04  4.85146202180101E+00
 9.913E-04  4.95871264125889E+00
 1.005E-03  5.06821034606983E+00
 1.019E-03  5.17999761865552E+00
 1.032E-03  5.29411757122184E+00
 1.047E-03  5.41061394819496E+00
 1.061E-03  5.52953112833533E+00
 1.075E-03  5.65091412650984E+00
 1.090E-03  5.77480859510659E+00
 1.105E-03  5.90126082507214E+00
 1.120E-03  6.03031774655058E+00
 1.135E-03  6.16202692910776E+00
 1.151E-03  6.29643658151664E+00
 1.167E-03  6.43359555108400E+00
 1.182E-03  6.57355332249728E+00
 1.199E-03  6.71636001616717E+00
 1.215E-03  6.86206638604357E+00
 1.232E-03  7.01072381688154E+00
 1.248E-03  7.16238432093142E+00
 1.265E-03  7.31710053402859E+00
 1.283E-03  7.47492571105595E+00
 1.300E-03  7.63591372075362E+00
 1.318E-03  7.80011903984693E+00
 1.336E-03  7.96759674646495E+00
 1.354E-03  8.13840251282137E+00
 1.373E-03  8.31259259712629E+00
 1.391E-03  8.49022383470023E+00
 1.410E-03  8.67135362825814E+00
 1.430E-03  8.85603993733136E+00
 1.449E-03  9.04434126679490E+00
 1.469E-03  9.23631665446781E+00
 1.489E-03  9.43202565775043E+00
 1.509E-03  9.63152833926431E+00
 1.530E-03  9.83488525145958E+00
 1.551E-03  1.00421574201543E+01
 1.572E-03  1.02534063269648E+01
 1.593E-03  1.04686938905950E+01
 1.615E-03  1.06880824469401E+01
 1.637E-03  1.09116347279699E+01
 1.660E-03  1.11394138393505E+01
 1.682E-03  1.13714832367622E+01
 1.705E-03  1.16079067008758E+01
 1.729E-03  1.18487483109413E+01
 1.752E-03  1.20940724169518E+01
 1.776E-03  1.23439436103342E+01
 1.800E-03  1.25984266931283E+01
 1.825E-03  1.28575866456061E+01
 1.850E-03  1.31214885922914E+01
 1.875E-03  1.33901977663307E+01
 1.901E-03  1.36637794721733E+01
 1.927E-03  1.39422990465145E+01
 1.953E-03  1.42258218174561E+01
 1.980E-03  1.45144130618381E+01
 2.007E-03  1.48081379606957E+01
 2.034E-03  1.51070615527973E+01
 2.062E-03  1.54112486862156E+01
 2.090E-03  1.57207639678863E+01
 2.118E-03  1.60356717111098E+01
 2.147E-03  1.63560358809489E+01
 2.177E-03  1.66819200374792E+01
 2.206E-03  1.70133872768452E+01
 2.236E-03  1.73505001700809E+01
 2.267E-03  1.76933206996499E+01
 2.298E-03  1.80419101936606E+01
 2.329E-03  1.83963292577187E+01
 2.361E-03  1.87566377043740E+01
 2.393E-03  1.91228944801201E+01
 2.426E-03  1.94951575899129E+01
 2.459E-03  1.98734840191681E+01
 2.493E-03  2.02579296532042E+01
 2.527E-03  2.06485491940936E+01
 2.561E-03  2.10453960748988E+01
 2.596E-03  2.14485223712546E+01
 2.632E-03  2.18579787102748E+01
 2.668E-03  2.22738141767606E+01
 2.704E-03  2.26960762166821E+01
 2.741E-03  2.31248105379216E+01
 2.778E-03  2.35600610082587E+01
 2.816E-03  2.40018695505863E+01
 2.855E-03  2.44502760353476E+01
 2.894E-03  2.49053181701932E+01
 2.933E-03  2.53670313868527E+01
 2.973E-03  2.58354487252297E+01
 3.014E-03  2.63106007147235E+01
 3.055E-03  2.67925152527980E+01
 3.097E-03  2.72812174808098E+01
 3.139E-03  2.77767296571249E+01
 3.182E-03  2.82790710275535E+01
 3.225E-03  2.87882576931374E+01
 3.269E-03  2.93043024753368E+01
 3.314E-03  2.98272147786654E+01
 3.359E-03  3.03570004508299E+01
 3.405E-03  3.08936616404430E+01
 3.452E-03  3.14371966523789E+01
 3.499E-03  3.19875998008560E+01
 3.546E-03  3.25448612603385E+01
 3.595E-03  3.31089669143510E+01
 3.644E-03  3.36798982023231E+01
 3.694E-03  3.42576319645779E+01
 3.744E-03  3.48421402855956E+01
 3.795E-03  3.54333903356957E+01
 3.847E-03  3.60313442112840E+01
 3.900E-03  3.66359587738337E+01
 3.953E-03  3.72471854877742E+01
 4.007E-03  3.78649702574734E+01
 4.061E-03  3.84892532635193E+01
 4.117E-03  3.91199687985112E+01
 4.173E-03  3.97570451025928E+01
 4.230E-03  4.04004041989648E+01
 4.288E-03  4.10499617296411E+01
 4.346E-03  4.17056267917145E+01
 4.406E-03  4.23673017744219E+01
 4.466E-03  4.30348821973131E+01
 4.527E-03  4.37082565498453E+01
 4.589E-03  4.43873061327328E+01
 4.651E-03  4.50719049014115E+01
 4.715E-03  4.57619193119859E+01
 4.779E-03  4.64572081700462E+01
 4.844E-03  4.71576224827636E+01
 4.911E-03  4.78630053146842E+01
 4.978E-03  4.85731916476643E+01
 5.046E-03  4.92880082454117E+01
 5.114E-03  5.00072735231047E+01
 5.184E-03  5.07307974225924E+01
 5.255E-03  5.14583812936921E+01
 5.327E-03  5.21898177821143E+01
 5.400E-03  5.29248907245751E+01
 5.473E-03  5.36633750516664E+01
 5.548E-03  5.44050366990748E+01
 5.624E-03  5.51496325277566E+01
 5.700E-03  5.58969102537020E+01
 5.778E-03  5.66466083879289E+01
 5.857E-03  5.73984561873699E+01
 5.937E-03  5.81521736173316E+01
 6.018E-03  5.89074713262248E+01
 6.100E-03  5.96640506332720E+01
 6.184E-03  6.04216035299187E+01
 6.268E-03  6.11798126956915E+01
 6.354E-03  6.19383515292524E+01
 6.440E-03  6.26968841954156E+01
 6.528E-03  6.34550656888962E+01
 6.617E-03  6.42125419155856E+01
 6.708E-03  6.49689497921347E+01
 6.799E-03  6.57239173646468E+01
 6.892E-03  6.64770639472925E+01
 6.986E-03  6.72280002816327E+01
 7.082E-03  6.79763287174735E+01
 7.178E-03  6.87216434160531E+01
 7.276E-03  6.94635305763564E+01
 7.376E-03  7.02015686853586E+01
 7.476E-03  7.09353287929815E+01
 7.578E-03  7.16643748125391E+01
 7.682E-03  7.23882638474299E+01
 7.787E-03  7.31065465448223E+01
 7.893E-03  7.38187674770496E+01
 8.001E-03  7.45244655514184E+01
 8.110E-03  7.52231744490955E+01
 8.221E-03  7.59144230937123E+01
 8.333E-03  7.65977361502902E+01
 8.447E-03  7.72726345550431E+01
 8.562E-03  7.79386360765832E+01
 8.679E-03  7.85952559089925E+01
 8.798E-03  7.92420072971758E+01
 8.918E-03  7.98784021948562E+01
 9.039E-03  8.05039519555022E+01
 9.163E-03  8.11181680564128E+01
 9.288E-03  8.17205628561142E+01
 9.415E-03  8.23106503851358E+01
 9.543E-03  8.28879471701550E+01
 9.674E-03  8.34519730914100E+01
 9.806E-03  8.40022522731740E+01
 9.940E-03  8.45383140069952E+01
 1.008E-02  8.50596937072915E+01
 1.021E-02  8.55659338987728E+01
 1.035E-02  8.60565852350482E+01
 1.049E-02  8.65312075476498E+01
 1.064E-02  8.69893709245681E+01
 1.078E-02  8.74306568172595E+01
 1.093E-02  8.78546591749383E+01
 1.108E-02  8.82609856048231E+01
 1.123E-02  8.86492585568450E+01
 1.138E-02  8.90191165311608E+01
 1.154E-02  8.93702153066657E+01
 1.170E-02  8.97022291885003E+01
 1.186E-02  9.00148522723987E+01
 1.202E-02  9.03077997235236E+01
 1.218E-02  9.05808090672554E+01
 1.235E-02  9.08336414892196E+01
 1.252E-02  9.10660831416323E+01
 1.269E-02  9.12779464528600E+01
 1.286E-02  9.14690714368845E+01
 1.304E-02  9.16393269991711E+01
 1.321E-02  9.17886122352298E+01
 1.339E-02  9.19168577179700E+01
 1.358E-02  9.20240267697405E+01
 1.376E-02  9.21101167147509E+01
 1.395E-02  9.21751601073757E+01
 1.414E-02  9.22192259316479E+01
 1.433E-02  9.22424207670603E+01
 1.453E-02  9.22448899156070E+01
 1.473E-02  9.22268184848271E+01
 1.493E-02  9.21884324214310E+01
 1.513E-02  9.21299994899419E+01
 1.534E-02  9.20518301906236E+01
 1.555E-02  9.19542786108330E+01
 1.576E-02  9.18377432038056E+01
 1.598E-02  9.17026674887711E+01
 1.619E-02  9.15495406661978E+01
 1.642E-02  9.13788981418904E+01
 1.664E-02  9.11913219535988E+01
 1.687E-02  9.09874410937591E+01
 1.710E-02  9.07679317219694E+01
 1.733E-02  9.05335172608116E+01
 1.757E-02  9.02849683686526E+01
 1.781E-02  9.00231027831323E+01
 1.805E-02  8.97487850291134E+01
 1.830E-02  8.94629259850018E+01
 1.855E-02  8.91664823014853E+01
 1.880E-02  8.88604556669242E+01
 1.906E-02  8.85458919138451E+01
 1.932E-02  8.82238799612419E+01
 1.958E-02  8.78955505876775E+01
 1.985E-02  8.75620750305159E+01
 2.012E-02  8.72246634069767E+01
 2.039E-02  8.68845629531244E+01
 2.067E-02  8.65430560773533E+01
 2.095E-02  8.62014582254263E+01
 2.124E-02  8.58611155546695E+01
 2.153E-02  8.55234024155102E+01
 2.182E-02  8.51897186391667E+01
 2.212E-02  8.48614866309835E+01
 2.242E-02  8.45401482696162E+01
 2.273E-02  8.42271616130342E+01
 2.304E-02  8.39239974131122E+01
 2.335E-02  8.36321354414360E+01
 2.367E-02  8.33530606298267E+01
 2.400E-02  8.30882590300192E+01
 2.432E-02  8.28392135979058E+01
 2.466E-02  8.26073998087383E+01
 2.499E-02  8.23942811107359E+01
 2.533E-02  8.22013042255970E+01
 2.568E-02  8.20298943055139E+01
 2.603E-02  8.18814499574007E+01
 2.639E-02  8.17573381461819E+01
 2.675E-02  8.16588889901387E+01
 2.711E-02  8.15873904624730E+01
 2.748E-02  8.15440830144179E+01
 2.786E-02  8.15301541363867E+01
 2.824E-02  8.15467328748208E+01
 2.862E-02  8.15948843235433E+01
 2.901E-02  8.16756041095599E+01
 2.941E-02  8.17898128943567E+01
 2.981E-02  8.19383509128201E+01
 3.022E-02  8.21219725729401E+01
 3.063E-02  8.23413411404455E+01
 3.105E-02  8.25970235334574E+01
 3.147E-02  8.28894852531132E+01
 3.190E-02  8.32190854769084E+01
 3.234E-02  8.35860723422254E+01
 3.278E-02  8.39905784481409E+01
 3.323E-02  8.44326166041284E+01
 3.368E-02  8.49120758546965E+01
 3.414E-02  8.54287178092998E+01
 3.461E-02  8.59821733070388E+01
 3.508E-02  8.65719394457025E+01
 3.556E-02  8.71973770046067E+01
 3.604E-02  8.78577082904221E+01
 3.654E-02  8.85520154347711E+01
 3.703E-02  8.92792391717871E+01
 3.754E-02  9.00381781230673E+01
 3.805E-02  9.08274886165062E+01
 3.857E-02  9.16456850643625E+01
 3.910E-02  9.24911409245841E+01
 3.963E-02  9.33620902678852E+01
 4.017E-02  9.42566299713358E+01
 4.072E-02  9.51727225572867E+01
 4.128E-02  9.61081996942978E+01
 4.184E-02  9.70607663743801E+01
 4.241E-02  9.80280057782900E+01
 4.299E-02  9.90073848378326E+01
 4.358E-02  9.99962605011448E+01
 4.417E-02  1.00991886703739E+02
 4.478E-02  1.01991422044700E+02
 4.539E-02  1.02991938163861E+02
 4.601E-02  1.03990428812001E+02
 4.664E-02  1.04983819602223E+02
 4.727E-02  1.05968978426531E+02
 4.792E-02  1.06942726517437E+02
 4.857E-02  1.07901850130048E+02
 4.924E-02  1.08843112815607E+02
 4.991E-02  1.09763268252914E+02
 5.059E-02  1.10659073599400E+02
 5.128E-02  1.11527303318954E+02
 5.198E-02  1.12364763438897E+02
 5.269E-02  1.13168306183784E+02
 5.341E-02  1.13934844929075E+02
 5.414E-02  1.14661369413056E+02
 5.488E-02  1.15344961140946E+02
 5.563E-02  1.15982808910693E+02
 5.639E-02  1.16572224385767E+02
 5.716E-02  1.17110657636242E+02
 5.794E-02  1.17595712565671E+02
 5.873E-02  1.18025162137767E+02
 5.953E-02  1.18396963313721E+02
 6.034E-02  1.18709271608149E+02
 6.116E-02  1.18960455169259E+02
 6.200E-02  1.19149108286832E+02
 6.285E-02  1.19274064230103E+02
 6.370E-02  1.19334407316651E+02
 6.457E-02  1.19329484113018E+02
 6.546E-02  1.19258913667907E+02
 6.635E-02  1.19122596679695E+02
 6.725E-02  1.18920723501436E+02
 6.817E-02  1.18653780888803E+02
 6.910E-02  1.18322557399305E+02
 7.005E-02  1.17928147354854E+02
 7.100E-02  1.17471953284282E+02
 7.197E-02  1.16955686767670E+02
 7.296E-02  1.16381367610534E+02
 7.395E-02  1.15751321282849E+02
 7.496E-02  1.15068174565701E+02
 7.598E-02  1.14334849357005E+02
 7.702E-02  1.13554554597150E+02
 7.807E-02  1.12730776285715E+02
 7.914E-02  1.11867265571407E+02
 8.022E-02  1.10968024909160E+02
 8.132E-02  1.10037292290805E+02
 8.243E-02  1.09079523568796E+02
 8.355E-02  1.08099372906238E+02
 8.469E-02  1.07101671400599E+02
 8.585E-02  1.06091403943174E+02
 8.702E-02  1.05073684391310E+02
 8.821E-02  1.04053729145626E+02
 8.941E-02  1.03036829239796E+02
 9.063E-02  1.02028321065795E+02
 9.187E-02  1.01033555872762E+02
 9.312E-02  1.00057868192592E+02
 9.440E-02  9.91065433599553E+01
 9.568E-02  9.81847843084999E+01
 9.699E-02  9.72976778383555E+01
 9.831E-02  9.64501605625603E+01
 9.966E-02  9.56469847515772E+01
 1.010E-01  9.48926843054302E+01
 1.024E-01  9.41915410920637E+01
 1.038E-01  9.35475518981515E+01
 1.052E-01  9.29643962445943E+01
 1.066E-01  9.24454053232347E+01
 1.081E-01  9.19935323137303E+01
 1.096E-01  9.16113243399575E+01
 1.111E-01  9.13008963236537E+01
 1.126E-01  9.10639069891491E+01
 1.141E-01  9.09015372669213E+01
 1.157E-01  9.08144713352507E+01
 1.173E-01  9.08028805284302E+01
 1.189E-01  9.08664103267572E+01
 1.205E-01  9.10041706279166E+01
 1.221E-01  9.12147294813534E+01
 1.238E-01  9.14961104469084E+01
 1.255E-01  9.18457937163797E+01
 1.272E-01  9.22607211119172E+01
 1.289E-01  9.27373050483447E+01
 1.307E-01  9.32714415178100E+01
 1.325E-01  9.38585271247585E+01
 1.343E-01  9.44934801673158E+01
 1.361E-01  9.51707657279945E+01
 1.380E-01  9.58844247024551E+01
 1.399E-01  9.66281066601529E+01
 1.418E-01  9.73951063953848E+01
 1.437E-01  9.81784039918445E+01
 1.457E-01  9.89707081886466E+01
 1.477E-01  9.97645028012404E+01
 1.497E-01  1.00552095917068E+02
 1.517E-01  1.01325671553605E+02
 1.538E-01  1.02077343435908E+02
 1.559E-01  1.02799210522372E+02
 1.580E-01  1.03483413881398E+02
 1.602E-01  1.04122194498459E+02
 1.624E-01  1.04707951572922E+02
 1.646E-01  1.05233300847275E+02
 1.668E-01  1.05691132498352E+02
 1.691E-01  1.06074668111015E+02
 1.714E-01  1.06377516249758E+02
 1.738E-01  1.06593726142961E+02
 1.761E-01  1.06717838998274E+02
 1.785E-01  1.06744936475786E+02
 1.810E-01  1.06670685858483E+02
 1.834E-01  1.06491381476798E+02
 1.860E-01  1.06203981965966E+02
 1.885E-01  1.05806142961164E+02
 1.911E-01  1.05296244866036E+02
 1.937E-01  1.04673415364889E+02
 1.963E-01  1.03937546387480E+02
 1.990E-01  1.03089305277529E+02
 2.017E-01  1.02130139961706E+02
 2.045E-01  1.01062277964382E+02
 2.073E-01  9.98887191646582E+01
 2.101E-01  9.86132222455841E+01
 2.130E-01  9.72402848406778E+01
 2.159E-01  9.57751174393554E+01
 2.188E-01  9.42236111702021E+01
 2.218E-01  9.25922996386435E+01
 2.248E-01  9.08883150529631E+01
 2.279E-01  8.91193389292245E+01
 2.310E-01  8.72935477209044E+01
 2.342E-01  8.54195537723699E+01
 2.374E-01  8.35063420461340E+01
 2.406E-01  8.15632031215314E+01
 2.439E-01  7.95996630064693E+01
 2.472E-01  7.76254103436699E+01
 2.506E-01  7.56502216277578E+01
 2.540E-01  7.36838850791399E+01
 2.575E-01  7.17361238443567E+01
 2.610E-01  6.98165192100119E+01
 2.646E-01  6.79344345280902E+01
 2.682E-01  6.60989405541054E+01
 2.718E-01  6.43187428958220E+01
 2.755E-01  6.26021122590593E+01
 2.793E-01  6.09568181582306E+01
 2.831E-01  5.93900667328091E+01
 2.870E-01  5.79084432769472E+01
 2.909E-01  5.65178600482759E+01
 2.949E-01  5.52235098737984E+01
 2.989E-01  5.40298260162763E+01
 3.030E-01  5.29404487041431E+01
 3.071E-01  5.19581986624830E+01
 3.113E-01  5.10850579127313E+01
 3.156E-01  5.03221580353471E+01
 3.199E-01  4.96697760136629E+01
 3.242E-01  4.91273376993359E+01
 3.287E-01  4.86934288612557E+01
 3.331E-01  4.83658137012914E+01
 3.377E-01  4.81414606427981E+01
 3.423E-01  4.80165751221883E+01
 3.470E-01  4.79866390409506E+01
 3.517E-01  4.80464564660400E+01
 3.565E-01  4.81902051013494E+01
 3.614E-01  4.84114929927382E+01
 3.663E-01  4.87034198745454E+01
 3.713E-01  4.90586425173636E+01
 3.764E-01  4.94694433957324E+01
 3.815E-01  4.99278019609552E+01
 3.867E-01  5.04254677789942E+01
 3.920E-01  5.09540347768242E+01
 3.974E-01  5.15050158330947E+01
 4.028E-01  5.20699169507055E+01
 4.083E-01  5.26403102600403E+01
 4.139E-01  5.32079051220821E+01
 4.195E-01  5.37646166302311E+01
 4.252E-01  5.43026308479874E+01
 4.311E-01  5.48144661661971E+01
 4.369E-01  5.52930302176012E+01
 4.429E-01  5.57316718471274E+01
 4.489E-01  5.61242277027691E+01
 4.551E-01  5.64650630829376E+01
 4.613E-01  5.67491067507180E+01
 4.676E-01  5.69718795023069E+01
 4.740E-01  5.71295163548609E+01
 4.804E-01  5.72187822968129E+01
 4.870E-01  5.72370816202496E+01
 4.936E-01  5.71824609290547E+01
 5.004E-01  5.70536059871591E+01
 5.072E-01  5.68498326374534E+01
 5.141E-01  5.65710720828609E+01
 5.212E-01  5.62178508760293E+01
 5.283E-01  5.57912660125017E+01
 5.355E-01  5.52929555636191E+01
 5.428E-01  5.47250653195026E+01
 5.502E-01  5.40902119390957E+01
 5.577E-01  5.33914431233921E+01
 5.653E-01  5.26321953397429E+01
 5.731E-01  5.18162496297303E+01
 5.809E-01  5.09476860308591E+01
 5.888E-01  5.00308371336374E+01
 5.969E-01  4.90702412810080E+01
 6.050E-01  4.80705958970780E+01
 6.133E-01  4.70367114072870E+01
 6.216E-01  4.59734661831603E+01
 6.301E-01  4.48857629122696E+01
 6.387E-01  4.37784867585995E+01
 6.474E-01  4.26564656408363E+01
 6.563E-01  4.15244329167736E+01
 6.652E-01  4.03869927216566E+01
 6.743E-01  3.92485881674260E+01
 6.835E-01  3.81134725689889E+01
 6.929E-01  3.69856838233229E+01
 7.023E-01  3.58690220278393E+01
 7.119E-01  3.47670303863848E+01
 7.216E-01  3.36829794148884E+01
 7.315E-01  3.26198544242617E+01
 7.415E-01  3.15803462259856E+01
 7.516E-01  3.05668449760831E+01
 7.618E-01  2.95814370460465E+01
 7.723E-01  2.86259047849011E+01
 7.828E-01  2.77017290150344E+01
 7.935E-01  2.68100940857620E+01
 8.043E-01  2.59518952928705E+01
 8.153E-01  2.51277484595689E+01
 8.264E-01  2.43380014643592E+01
 8.377E-01  2.35827474942472E+01
 8.491E-01  2.28618397973684E+01
 8.607E-01  2.21749077073879E+01
 8.725E-01  2.15213737128185E+01
 8.844E-01  2.09004713475210E+01
 8.965E-01  2.03112636839474E+01
 9.087E-01  1.97526622179557E+01
 9.211E-01  1.92234459430663E+01
 9.337E-01  1.87222804226385E+01
 9.464E-01  1.82477366803890E+01
 9.594E-01  1.77983097427395E+01
 9.725E-01  1.73724366804446E+01
 9.857E-01  1.69685140115958E+01
 9.992E-01  1.65849143432090E+01
 1.013E+00  1.62200021439917E+01
 1.027E+00  1.58721485563538E+01
 1.041E+00  1.55397451711032E+01
 1.055E+00  1.52212167033978E+01
 1.069E+00  1.49150325232609E+01
 1.084E+00  1.46197170081845E+01
 1.099E+00  1.43338586989290E+01
 1.114E+00  1.40561182524882E+01
 1.129E+00  1.37852351982364E+01
 1.144E+00  1.35200335144494E+01
 1.160E+00  1.32594260526362E+01
 1.176E+00  1.30024178463908E+01
 1.192E+00  1.27481083497511E+01
 1.208E+00  1.24956926573104E+01
 1.225E+00  1.22444617645617E+01
 1.241E+00  1.19938019321772E+01
 1.258E+00  1.17431932221378E+01
 1.275E+00  1.14922072768638E+01
 1.293E+00  1.12405044147872E+01
 1.310E+00  1.09878301171868E+01
 1.328E+00  1.07340109816319E+01
 1.347E+00  1.04789502171038E+01
 1.365E+00  1.02226227548389E+01
 1.384E+00  9.96507004724412E+00
 1.402E+00  9.70639462492310E+00
 1.422E+00  9.44675447901113E+00
 1.441E+00  9.18635733270553E+00
 1.461E+00  8.92545486217839E+00
 1.481E+00  8.66433692303757E+00
 1.501E+00  8.40332583423309E+00
 1.521E+00  8.14277076685513E+00
 1.542E+00  7.88304228070238E+00
 1.563E+00  7.62452704687591E+00
 1.584E+00  7.36762279002886E+00
 1.606E+00  7.11273347932712E+00
 1.628E+00  6.86026479269574E+00
 1.650E+00  6.61061987457994E+00
 1.673E+00  6.36419540327102E+00
 1.696E+00  6.12137797986624E+00
 1.719E+00  5.88254084716865E+00
 1.742E+00  5.64804094330777E+00
 1.766E+00  5.41821629158573E+00
 1.790E+00  5.19338372503603E+00
 1.815E+00  4.97383694142722E+00
 1.839E+00  4.75984488195192E+00
 1.864E+00  4.55165042461176E+00
 1.890E+00  4.34946938133457E+00
 1.916E+00  4.15348978613635E+00
 1.942E+00  3.96387146015640E+00
 1.968E+00  3.78074583814204E+00
 1.995E+00  3.60421603992633E+00
 2.022E+00  3.43435716961834E+00
 2.050E+00  3.27121682459882E+00
 2.078E+00  3.11481579597191E+00
 2.106E+00  2.96514894185543E+00
 2.135E+00  2.82218621478627E+00
 2.164E+00  2.68587382456234E+00
 2.194E+00  2.55613551802832E+00
 2.224E+00  2.43287395762846E+00
 2.254E+00  2.31597218098616E+00
 2.285E+00  2.20529512431770E+00
 2.316E+00  2.10069119313627E+00
 2.348E+00  2.00199386444418E+00
 2.380E+00  1.90902330543488E+00
 2.412E+00  1.82158799462467E+00
 2.445E+00  1.73948633229487E+00
 2.479E+00  1.66250822814051E+00
 2.513E+00  1.59043665507922E+00
 2.547E+00  1.52304915926354E+00
 2.582E+00  1.46011931745034E+00
 2.617E+00  1.40141813399888E+00
 2.653E+00  1.34671537088453E+00
 2.689E+00  1.29578080521359E+00
 2.725E+00  1.24838540979635E+00
 2.763E+00  1.20430245336741E+00
 2.800E+00  1.16330851802462E+00
 2.839E+00  1.12518443238094E+00
 2.877E+00  1.08971611977894E+00
 2.917E+00  1.05669536169964E+00
 2.956E+00  1.02592047720039E+00
 2.997E+00  9.97196919838917E-01
 3.038E+00  9.70337794081421E-01
 3.079E+00  9.45164293652285E-01
 3.121E+00  9.21506064665957E-01
 3.164E+00  8.99201496690426E-01
 3.207E+00  8.78097945133415E-01
 3.251E+00  8.58051888522352E-01
 3.295E+00  8.38929024374684E-01
 3.340E+00  8.20604307433015E-01
 3.386E+00  8.02961934076778E-01
 3.432E+00  7.85895276725486E-01
 3.479E+00  7.69306772023976E-01
 3.526E+00  7.53107766553177E-01
 3.575E+00  7.37218323745359E-01
 3.623E+00  7.21566995604870E-01
 3.673E+00  7.06090562747221E-01
 3.723E+00  6.90733746173860E-01
 3.774E+00  6.75448894099025E-01
 3.825E+00  6.60195647040414E-01
 3.878E+00  6.44940584277934E-01
 3.930E+00  6.29656854675444E-01
 3.984E+00  6.14323794749472E-01
 4.039E+00  5.98926536756633E-01
 4.094E+00  5.83455609458076E-01
 4.150E+00  5.67906534104549E-01
 4.206E+00  5.52279418069712E-01
 4.264E+00  5.36578548441908E-01
 4.322E+00  5.20811987765722E-01
 4.381E+00  5.04991174004230E-01
 4.441E+00  4.89130526670849E-01
 4.501E+00  4.73247060956151E-01
 4.563E+00  4.57360011549976E-01
 4.625E+00  4.41490467732771E-01
 4.688E+00  4.25661021182440E-01
 4.752E+00  4.09895427814288E-01
 4.817E+00  3.94218284842096E-01
 4.883E+00  3.78654724118279E-01
 4.950E+00  3.63230122680569E-01
 5.017E+00  3.47969831302232E-01
 5.086E+00  3.32898921712598E-01
 5.155E+00  3.18041953025096E-01
 5.225E+00  3.03422757781418E-01
 5.297E+00  2.89064247893144E-01
 5.369E+00  2.74988240636697E-01
 5.442E+00  2.61215304734182E-01
 5.517E+00  2.47764626432020E-01
 5.592E+00  2.34653895371769E-01
 5.668E+00  2.21899209933633E-01
 5.746E+00  2.09515001623505E-01
 5.824E+00  1.97513977969426E-01
 5.904E+00  1.85907083293754E-01
 5.984E+00  1.74703476633684E-01
 6.066E+00  1.63910525995619E-01
 6.149E+00  1.53533818048921E-01
 6.233E+00  1.43577182292359E-01
 6.318E+00  1.34042728662611E-01
 6.404E+00  1.24930897499113E-01
 6.491E+00  1.16240520733756E-01
 6.580E+00  1.07968893137904E-01
 6.670E+00  1.00111852433212E-01
 6.761E+00  9.26638670570716E-02
 6.853E+00  8.56181303682845E-02
 6.947E+00  7.89666600838385E-02
 7.042E+00  7.27004017533137E-02
 7.138E+00  6.68093351032583E-02
 7.235E+00  6.12825821195085E-02
 7.334E+00  5.61085157803952E-02
 7.434E+00  5.12748684074786E-02
 7.536E+00  4.67688386621450E-02
 7.639E+00  4.25771962852592E-02
 7.743E+00  3.86863837521449E-02
 7.849E+00  3.50826140954501E-02
 7.956E+00  3.17519642328465E-02
 8.064E+00  2.86804632238884E-02
 8.174E+00  2.58541749695404E-02
 8.286E+00  2.32592749577235E-02
 8.399E+00  2.08821207475386E-02
 8.514E+00  1.87093159725301E-02
 8.630E+00  1.67277677283471E-02
 8.748E+00  1.49247372914920E-02
 8.867E+00  1.32878841925941E-02
 8.988E+00  1.18053037390367E-02
 9.111E+00  1.04655581471163E-02
 9.235E+00  9.25770150268350E-03
 9.362E+00  8.17129882098498E-03
 9.489E+00  7.19643952092003E-03
 9.619E+00  6.32374566599346E-03
 9.750E+00  5.54437535386826E-03
 9.883E+00  4.85002165870860E-03
 1.002E+01  4.23290754567522E-03
 1.016E+01  3.68577718531477E-03
 1.029E+01  3.20188409758922E-03
 1.043E+01  2.77497655141395E-03
 1.058E+01  2.39928063636973E-03
 1.072E+01  2.06948140932671E-03
 1.087E+01  1.78070250070322E-03
 1.102E+01  1.52848454363074E-03
 1.117E+01  1.30876276506059E-03
 1.132E+01  1.11784405147529E-03
 1.147E+01  9.52383773978276E-04
 1.163E+01  8.09362628718808E-04
 1.179E+01  6.86063719412987E-04
 1.195E+01  5.80050079645400E-04
 1.211E+01  4.89142804125646E-04
 1.228E+01  4.11399930517814E-04
 1.245E+01  3.45096187188825E-04
 1.262E+01  2.88703697502020E-04
 1.279E+01  2.40873708327957E-04
 1.296E+01  2.00419389409370E-04
 1.314E+01  1.66299731203227E-04
 1.332E+01  1.37604551882816E-04
 1.350E+01  1.13540609325131E-04
 1.368E+01  9.34188011030210E-05
 1.387E+01  7.66424246836104E-05
 1.406E+01  6.26964611118254E-05
 1.425E+01  5.11378383162259E-05
 1.445E+01  4.15866246816403E-05
 1.464E+01  3.37180995452464E-05
 1.484E+01  2.72556446381025E-05
 1.505E+01  2.19643990577648E-05
 1.525E+01  1.76456199646299E-05
 1.546E+01  1.41316916939596E-05
 1.567E+01  1.12817272218844E-05
 1.589E+01  8.97770778007641E-06
 1.610E+01  7.12110875302920E-06
 1.632E+01  5.62996269775840E-06
 1.655E+01  4.43631329357771E-06
 1.677E+01  3.48401716687253E-06
 1.700E+01  2.72685376183413E-06
 1.723E+01  2.12690667406611E-06
 1.747E+01  1.65318307215835E-06
 1.771E+01  1.28044095568771E-06
 1.795E+01  9.88196999300738E-07
 1.819E+01  7.59890583077900E-07
 1.844E+01  5.82182288711358E-07
 1.869E+01  4.44367635964228E-07
 1.895E+01  3.37891727971333E-07
 1.921E+01  2.55960985359421E-07
 1.947E+01  1.93158266410673E-07
 1.974E+01  1.45202622996288E-07
 2.000E+01  1.08726459110937E-07
 2.028E+01  8.10911177219136E-08
 2.055E+01  6.02373530569203E-08
 2.084E+01  4.45645954148670E-08
 2.112E+01  3.28338752290904E-08
 2.141E+01  2.40901023452268E-08
 2.170E+01  1.76001089368313E-08
 2.200E+01  1.28034733257532E-08
 2.230E+01  9.27365947927136E-09
 2.260E+01  6.68744447821622E-09
 2.291E+01  4.80097418561837E-09
 2.322E+01  3.43109512097871E-09
 2.354E+01  2.44086663400828E-09
 2.386E+01  1.72836942506850E-09
 2.419E+01  1.21810095370240E-09
 2.452E+01  8.54391168386058E-10
 2.485E+01  5.96388379624885E-10
 2.519E+01  4.14259393004688E-10
 2.554E+01  2.86324002340079E-10
 2.588E+01  1.96904840509147E-10
 2.624E+01  1.34722126840200E-10
 2.660E+01  9.17013303981001E-11
 2.696E+01  6.20921053585578E-11
 2.733E+01  4.18206385482631E-11
 2.770E+01  2.80160913329627E-11
 2.808E+01  1.86661920683078E-11
 2.846E+01  1.23681148369860E-11
 2.885E+01  8.14927126629447E-12
 2.924E+01  5.33911187851981E-12
 2.964E+01  3.47793407001884E-12
 3.005E+01  2.25238404003445E-12
 3.046E+01  1.45010218852962E-12
 3.087E+01  9.28016600179836E-13
 3.130E+01  5.90308933971940E-13
 3.172E+01  3.73193913490950E-13
 3.216E+01  2.34469335740315E-13
 3.259E+01  1.46385544420401E-13
 3.304E+01  9.08102604098774E-14
 3.349E+01  5.59705809727071E-14
 3.395E+01  3.42717341167249E-14
 3.441E+01  2.08461837355818E-14
 3.488E+01  1.25948718533030E-14
 3.536E+01  7.55787682293485E-15
 3.584E+01  4.50408479397793E-15
 3.633E+01  2.66548052582243E-15
 3.683E+01  1.56627457670816E-15
 3.733E+01  9.13786334538422E-16
 3.784E+01  5.29256852512664E-16
 3.835E+01  3.04294329456964E-16
 3.888E+01  1.73654898713040E-16
 3.941E+01  9.83571951702893E-17
 3.995E+01  5.52854855351738E-17
 4.049E+01  3.08362749650318E-17
 4.104E+01  1.70654731446676E-17
 4.161E+01  9.37001457837302E-18
 4.217E+01  5.10372946295237E-18
 4.275E+01  2.75753188864814E-18
 4.333E+01  1.47774413197257E-18
 4.392E+01  7.85388106117539E-19
 4.452E+01  4.13939368894162E-19
 4.513E+01  2.16330591361474E-19
 4.575E+01  1.12095973608260E-19
 4.637E+01  5.75858571368083E-20
 4.701E+01  2.93264372911688E-20
 4.765E+01  1.48042263641845E-20
 4.830E+01  7.40734144758236E-21
 4.896E+01  3.67332787414352E-21
 4.963E+01  1.80531740973131E-21
 5.030E+01  8.79285561797202E-22
 5.099E+01  4.24418916278612E-22
 5.169E+01  2.03046330283560E-22
 5.239E+01  9.63088453879231E-23
 5.311E+01  4.53245037581865E-23
 5.383E+01  2.12000916692030E-23
 5.457E+01  9.89329852353156E-24
 5.531E+01  4.64527553108891E-24
 5.607E+01  0.00000000000000E+00
 5.683E+01  0.00000000000000E+00
 5.761E+01  0.00000000000000E+00
 5.839E+01  0.00000000000000E+00
 5.919E+01  0.00000000000000E+00
 6.000E+01  0.00000000000000E+00
