line2: Z,NR,R(1),R(NR) /line3,4,...: R(N),RHO*4*PI*R(N)**2
28.00  2000  1.01365245284744E-10  6.00000000000000E+01
 1.014E-10  4.35152696404830E-15
 1.027E-10  4.46859860497726E-15
 1.042E-10  4.58881989181228E-15
 1.056E-10  4.81636884850481E-15
 1.070E-10  4.94594639886373E-15
 1.085E-10  5.07901004882502E-15
 1.100E-10  5.21565358693871E-15
 1.115E-10  5.35597332500063E-15
 1.130E-10  5.50006816593890E-15
 1.145E-10  5.64803967352419E-15
 1.161E-10  5.79999214395591E-15
 1.177E-10  5.95603267937399E-15
 1.193E-10  6.11627126334954E-15
 1.209E-10  6.28082083840478E-15
 1.226E-10  6.44979738561940E-15
 1.242E-10  6.62332000637975E-15
 1.259E-10  6.80151100632510E-15
 1.276E-10  6.98449598155347E-15
 1.294E-10  7.17240390714794E-15
 1.312E-10  7.36536722808201E-15
 1.329E-10  7.56352195257297E-15
 1.348E-10  7.76700774794542E-15
 1.366E-10  7.97596803907463E-15
 1.385E-10  8.19055010947844E-15
 1.404E-10  8.41090520512764E-15
 1.423E-10  8.63718864105095E-15
 1.442E-10  8.86955991080614E-15
 1.462E-10  9.10818279889867E-15
 1.482E-10  9.35322549622343E-15
 1.502E-10  9.60486071861130E-15
 1.523E-10  9.86326582856715E-15
 1.543E-10  1.01286229602813E-14
 1.564E-10  1.04011191480056E-14
 1.586E-10  1.06809464578820E-14
 1.607E-10  1.09683021233185E-14
 1.629E-10  1.12633886840072E-14
 1.652E-10  1.15664141286828E-14
 1.674E-10  1.18775920417206E-14
 1.697E-10  1.21971417536793E-14
 1.720E-10  1.25252884958945E-14
 1.744E-10  1.28622635592302E-14
 1.767E-10  1.32083044571018E-14
 1.792E-10  1.35636550928848E-14
 1.816E-10  1.39285659318283E-14
 1.841E-10  1.43032941775926E-14
 1.866E-10  1.46881039535358E-14
 1.891E-10  1.50832664888788E-14
 1.917E-10  1.54890603098797E-14
 1.943E-10  1.59057714361483E-14
 1.970E-10  1.63336935822450E-14
 1.997E-10  1.67731283647027E-14
 2.024E-10  1.72243855146173E-14
 2.052E-10  1.76877830959600E-14
 2.080E-10  1.81636477297592E-14
 2.108E-10  1.86523148243167E-14
 2.137E-10  1.91541288116189E-14
 2.166E-10  1.96694433901040E-14
 2.196E-10  2.01986217739623E-14
 2.226E-10  2.07420369491460E-14
 2.256E-10  2.13000719362625E-14
 2.287E-10  2.18731200605436E-14
 2.318E-10  2.24615852290776E-14
 2.350E-10  2.30658822154956E-14
 2.382E-10  2.36864369523259E-14
 2.414E-10  2.43236868312043E-14
 2.447E-10  2.49780810111639E-14
 2.481E-10  2.56500807352246E-14
 2.515E-10  2.63401596554922E-14
 2.549E-10  2.70488041670078E-14
 2.584E-10  2.77765137505794E-14
 2.619E-10  2.85238013248337E-14
 2.655E-10  2.92911936077446E-14
 2.691E-10  3.00792314878831E-14
 2.728E-10  3.08884704056550E-14
 2.765E-10  3.17194807448033E-14
 2.803E-10  3.25728482344300E-14
 2.841E-10  3.34491743618451E-14
 2.880E-10  3.43490767965223E-14
 2.919E-10  3.52731898254495E-14
 2.959E-10  3.62221648002014E-14
 2.999E-10  3.71966705960434E-14
 3.040E-10  3.81973940833767E-14
 3.082E-10  3.92250406118728E-14
 3.124E-10  4.02803345076304E-14
 3.166E-10  4.13640195837110E-14
 3.210E-10  4.24768596644098E-14
 3.253E-10  4.36196391236238E-14
 3.298E-10  4.47931634377153E-14
 3.343E-10  4.59982597532416E-14
 3.389E-10  4.72357774699604E-14
 3.435E-10  4.85065888395164E-14
 3.482E-10  4.98115895802471E-14
 3.529E-10  5.11516995085162E-14
 3.577E-10  5.25278631870386E-14
 3.626E-10  5.39410505906402E-14
 3.676E-10  5.53922577899373E-14
 3.726E-10  5.68825076534155E-14
 3.777E-10  5.84128505683745E-14
 3.828E-10  5.99843651812895E-14
 3.881E-10  6.15981591580853E-14
 3.934E-10  6.32553699648598E-14
 3.987E-10  6.49571656696154E-14
 4.042E-10  6.67047457655619E-14
 4.097E-10  6.84993420165666E-14
 4.153E-10  7.03422193253481E-14
 4.210E-10  7.22346766250330E-14
 4.267E-10  7.41780477946954E-14
 4.325E-10  7.61737025995238E-14
 4.384E-10  7.82230476562862E-14
 4.444E-10  8.03275274247746E-14
 4.505E-10  8.24886252259153E-14
 4.566E-10  8.47078642872768E-14
 4.629E-10  8.69868088166870E-14
 4.692E-10  8.93270651047587E-14
 4.756E-10  9.17302826570730E-14
 4.821E-10  9.41981553567980E-14
 4.887E-10  9.67324226586290E-14
 4.953E-10  9.93348708148096E-14
 5.021E-10  1.02007334134149E-13
 5.090E-10  1.04751696274926E-13
 5.159E-10  1.07569891572566E-13
 5.230E-10  1.10463906403033E-13
 5.301E-10  1.13435780582905E-13
 5.373E-10  1.16487608807120E-13
 5.447E-10  1.19621542125399E-13
 5.521E-10  1.22839789458390E-13
 5.596E-10  1.26144619154612E-13
 5.673E-10  1.29538360589272E-13
 5.750E-10  1.33023405806084E-13
 5.829E-10  1.36602211203297E-13
 5.908E-10  1.40277299265069E-13
 5.989E-10  1.44051260339387E-13
 6.071E-10  1.47926754463866E-13
 6.154E-10  1.51906513240643E-13
 6.238E-10  1.55993341761714E-13
 6.323E-10  1.60190120586090E-13
 6.409E-10  1.64499807770110E-13
 6.497E-10  1.68925440952410E-13
 6.585E-10  1.73470139494953E-13
 6.675E-10  1.78137106681712E-13
 6.766E-10  1.82929631976449E-13
 6.859E-10  1.87851093341239E-13
 6.952E-10  1.92904959617436E-13
 7.047E-10  1.98094792970631E-13
 7.144E-10  2.03424251401391E-13
 7.241E-10  2.08897091323575E-13
 7.340E-10  2.14517170212019E-13
 7.440E-10  2.20288449321423E-13
 7.542E-10  2.26214996478384E-13
 7.645E-10  2.32300988948586E-13
 7.749E-10  2.38550716381109E-13
 7.855E-10  2.44968583831899E-13
 7.962E-10  2.51559114868679E-13
 8.071E-10  2.58326954759311E-13
 8.181E-10  2.65276873745956E-13
 8.293E-10  2.72413770407365E-13
 8.406E-10  2.79742675111550E-13
 8.521E-10  2.87268753561414E-13
 8.637E-10  2.94997310435735E-13
 8.755E-10  3.02933793128106E-13
 8.874E-10  3.11083795586491E-13
 8.996E-10  3.19453062256050E-13
 9.118E-10  3.28047492128047E-13
 9.243E-10  3.36873142897695E-13
 9.369E-10  3.45936235233875E-13
 9.497E-10  3.55243157163698E-13
 9.627E-10  3.64800468575024E-13
 9.758E-10  3.74614905840153E-13
 9.891E-10  3.84693386563885E-13
 1.003E-09  3.95043014459303E-13
 1.016E-09  4.05671084354774E-13
 1.030E-09  4.16585087335637E-13
 1.044E-09  4.27792716024159E-13
 1.059E-09  4.39301870001674E-13
 1.073E-09  4.51120661376497E-13
 1.088E-09  4.63257420501630E-13
 1.102E-09  4.75720701846365E-13
 1.118E-09  4.88519290025775E-13
 1.133E-09  5.01662205992489E-13
 1.148E-09  5.15158713394994E-13
 1.164E-09  5.29018325107042E-13
 1.180E-09  5.43250809932687E-13
 1.196E-09  5.57866199491692E-13
 1.212E-09  5.72874795290271E-13
 1.229E-09  5.88287175982015E-13
 1.246E-09  6.04114204824045E-13
 1.263E-09  6.20367037333919E-13
 1.280E-09  6.37057129152521E-13
 1.297E-09  6.54196244118392E-13
 1.315E-09  6.71796462559387E-13
 1.333E-09  6.89870189807307E-13
 1.351E-09  7.08430164941755E-13
 1.370E-09  7.27489469769115E-13
 1.388E-09  7.47061538043033E-13
 1.407E-09  7.67160164933196E-13
 1.426E-09  7.87799516748661E-13
 1.446E-09  8.08994140922765E-13
 1.466E-09  8.30758976266821E-13
 1.486E-09  8.53109363499544E-13
 1.506E-09  8.76061056059809E-13
 1.527E-09  8.99630231210256E-13
 1.547E-09  9.23833501439676E-13
 1.568E-09  9.48687926172249E-13
 1.590E-09  9.74211023791539E-13
 1.612E-09  1.00042078398821E-12
 1.634E-09  1.02733568043996E-12
 1.656E-09  1.05497468383238E-12
 1.679E-09  1.08335727523025E-12
 1.701E-09  1.11250345980860E-12
 1.725E-09  1.14243378095317E-12
 1.748E-09  1.17316933474014E-12
 1.772E-09  1.20473178480557E-12
 1.796E-09  1.23714337761461E-12
 1.821E-09  1.27042695814185E-12
 1.846E-09  1.30460598597338E-12
 1.871E-09  1.33970455184179E-12
 1.896E-09  1.37574739460661E-12
 1.922E-09  1.41275991869101E-12
 1.949E-09  1.45076821198778E-12
 1.975E-09  1.48979906424733E-12
 2.002E-09  1.52987998595996E-12
 2.029E-09  1.57103922774656E-12
 2.057E-09  1.61330580027047E-12
 2.085E-09  1.65670949468554E-12
 2.114E-09  1.70128090363419E-12
 2.143E-09  1.74705144280993E-12
 2.172E-09  1.79405337310081E-12
 2.201E-09  1.84231982332796E-12
 2.232E-09  1.89188481359598E-12
 2.262E-09  1.94278327927207E-12
 2.293E-09  1.99505109560931E-12
 2.324E-09  2.04872510303317E-12
 2.356E-09  2.10384313310828E-12
 2.388E-09  2.16044403520344E-12
 2.421E-09  2.21856770387410E-12
 2.454E-09  2.27825510698164E-12
 2.487E-09  2.33954831456951E-12
 2.521E-09  2.40249052851527E-12
 2.556E-09  2.46712611298118E-12
 2.590E-09  2.53350062568418E-12
 2.626E-09  2.60166085000607E-12
 2.662E-09  2.67165482796870E-12
 2.698E-09  2.74353189409624E-12
 2.735E-09  2.81734271018722E-12
 2.772E-09  2.89313930102355E-12
 2.810E-09  2.97097509103962E-12
 2.848E-09  3.05090494197767E-12
 2.887E-09  3.13298519155666E-12
 2.927E-09  3.21727369318121E-12
 2.967E-09  3.30382985671921E-12
 3.007E-09  3.39271469037581E-12
 3.048E-09  3.48399084369488E-12
 3.090E-09  3.57772265171652E-12
 3.132E-09  3.67397618032285E-12
 3.175E-09  3.77281927280420E-12
 3.218E-09  3.87432159767765E-12
 3.262E-09  3.97855469779164E-12
 3.307E-09  4.08559204075261E-12
 3.352E-09  4.19550907070800E-12
 3.398E-09  4.30838326152192E-12
 3.444E-09  4.42429417138186E-12
 3.491E-09  4.54332349887423E-12
 3.539E-09  4.66555514056922E-12
 3.587E-09  4.79107525015375E-12
 3.636E-09  4.91997229915667E-12
 3.685E-09  5.05233713930621E-12
 3.736E-09  5.18826306656624E-12
 3.787E-09  5.32784588689534E-12
 3.838E-09  5.47118398377320E-12
 3.891E-09  5.61837838754710E-12
 3.944E-09  5.76953284664023E-12
 3.998E-09  5.92475390067854E-12
 4.052E-09  6.08415095558441E-12
 4.108E-09  6.24783636068873E-12
 4.164E-09  6.41592548792117E-12
 4.221E-09  6.58853681312721E-12
 4.278E-09  6.76579199957476E-12
 4.337E-09  6.94781598370793E-12
 4.396E-09  7.13473706320647E-12
 4.456E-09  7.32668698741517E-12
 4.517E-09  7.52380105020569E-12
 4.578E-09  7.72621818533747E-12
 4.641E-09  7.93408106438374E-12
 4.704E-09  8.14753619729089E-12
 4.769E-09  8.36673403564544E-12
 4.834E-09  8.59182907871783E-12
 4.900E-09  8.82297998235950E-12
 4.967E-09  9.06034967083032E-12
 5.034E-09  9.30410545163269E-12
 5.103E-09  9.55441913343690E-12
 5.173E-09  9.81146714717963E-12
 5.243E-09  1.00754306704182E-11
 5.315E-09  1.03464957550311E-11
 5.388E-09  1.06248534583560E-11
 5.461E-09  1.09106999778531E-11
 5.536E-09  1.12042367893934E-11
 5.611E-09  1.15056707892673E-11
 5.688E-09  1.18152144400113E-11
 5.765E-09  1.21330859201621E-11
 5.844E-09  1.24595092780349E-11
 5.924E-09  1.27947145896434E-11
 6.005E-09  1.31389381208657E-11
 6.087E-09  1.34924224939722E-11
 6.170E-09  1.38554168586375E-11
 6.254E-09  1.42281770675496E-11
 6.340E-09  1.46109658567439E-11
 6.426E-09  1.50040530307906E-11
 6.514E-09  1.54077156529643E-11
 6.603E-09  1.58222382405276E-11
 6.693E-09  1.62479129652698E-11
 6.784E-09  1.66850398594425E-11
 6.877E-09  1.71339270272315E-11
 6.971E-09  1.75948908619211E-11
 7.066E-09  1.80682562689026E-11
 7.162E-09  1.85543568946777E-11
 7.260E-09  1.90535353620258E-11
 7.359E-09  1.95661435114980E-11
 7.460E-09  2.00925426494094E-11
 7.562E-09  2.06331038024989E-11
 7.665E-09  2.11882079794434E-11
 7.770E-09  2.17582464394109E-11
 7.876E-09  2.23436209678320E-11
 7.983E-09  2.29447441595926E-11
 8.092E-09  2.35620397098494E-11
 8.203E-09  2.41959427126658E-11
 8.315E-09  2.48468999676795E-11
 8.428E-09  2.55153702950318E-11
 8.543E-09  2.62018248587525E-11
 8.660E-09  2.69067474988596E-11
 8.778E-09  2.76306350723895E-11
 8.898E-09  2.83739978035958E-11
 9.019E-09  2.91373596435791E-11
 9.142E-09  2.99212586395846E-11
 9.267E-09  3.07262473142424E-11
 9.394E-09  3.15528930550032E-11
 9.522E-09  3.24017785140549E-11
 9.652E-09  3.32735020189997E-11
 9.784E-09  3.41686779945760E-11
 9.917E-09  3.50879373957315E-11
 1.005E-08  3.60319281523423E-11
 1.019E-08  3.70013156258955E-11
 1.033E-08  3.79967830784681E-11
 1.047E-08  3.90190321543097E-11
 1.061E-08  4.00687833743926E-11
 1.076E-08  4.11467766442593E-11
 1.090E-08  4.22537717755350E-11
 1.105E-08  4.33905490214787E-11
 1.120E-08  4.45579096269256E-11
 1.136E-08  4.57566763930412E-11
 1.151E-08  4.69876942572601E-11
 1.167E-08  4.82518308888321E-11
 1.183E-08  4.95499773003862E-11
 1.199E-08  5.08830484759466E-11
 1.215E-08  5.22519840158575E-11
 1.232E-08  5.36577487990393E-11
 1.249E-08  5.51013336630788E-11
 1.266E-08  5.65837561026011E-11
 1.283E-08  5.81060609864441E-11
 1.301E-08  5.96693212941203E-11
 1.318E-08  6.12746388720900E-11
 1.336E-08  6.29231452103892E-11
 1.355E-08  6.46160022401432E-11
 1.373E-08  6.63544031525359E-11
 1.392E-08  6.81395732398198E-11
 1.411E-08  6.99727707589509E-11
 1.430E-08  7.18552878184438E-11
 1.450E-08  7.37884512891114E-11
 1.470E-08  7.57736237392838E-11
 1.490E-08  7.78122043952033E-11
 1.510E-08  7.99056301272435E-11
 1.531E-08  8.20553764626737E-11
 1.551E-08  8.42629586256701E-11
 1.573E-08  8.65299326052939E-11
 1.594E-08  8.88578962522090E-11
 1.616E-08  9.12484904049185E-11
 1.638E-08  9.37034000462759E-11
 1.660E-08  9.62243554911211E-11
 1.683E-08  9.88131336058929E-11
 1.706E-08  1.01471559060999E-10
 1.729E-08  1.04201505616929E-10
 1.753E-08  1.07004897444953E-10
 1.777E-08  1.09883710483336E-10
 1.801E-08  1.12839973830054E-10
 1.826E-08  1.15875771172990E-10
 1.851E-08  1.18993242258578E-10
 1.876E-08  1.22194584399974E-10
 1.901E-08  1.25482054025819E-10
 1.927E-08  1.28857968270638E-10
 1.954E-08  1.32324706608045E-10
 1.980E-08  1.35884712527884E-10
 2.007E-08  1.39540495258484E-10
 2.035E-08  1.43294631535262E-10
 2.063E-08  1.47149767416894E-10
 2.091E-08  1.51108620150354E-10
 2.119E-08  1.55173980086132E-10
 2.148E-08  1.59348712644970E-10
 2.178E-08  1.63635760337511E-10
 2.207E-08  1.68038144838294E-10
 2.237E-08  1.72558969115535E-10
 2.268E-08  1.77201419618212E-10
 2.299E-08  1.81968768521980E-10
 2.330E-08  1.86864376035531E-10
 2.362E-08  1.91891692768980E-10
 2.394E-08  1.97054262165974E-10
 2.427E-08  2.02355723001268E-10
 2.460E-08  2.07799811945410E-10
 2.494E-08  2.13390366198531E-10
 2.528E-08  2.19131326194912E-10
 2.562E-08  2.25026738380341E-10
 2.597E-08  2.31080758064193E-10
 2.633E-08  2.37297652348253E-10
 2.669E-08  2.43681803134324E-10
 2.705E-08  2.50237710212703E-10
 2.742E-08  2.56969994433835E-10
 2.779E-08  2.63883400965220E-10
 2.817E-08  2.70982802636012E-10
 2.856E-08  2.78273203371523E-10
 2.895E-08  2.85759741720172E-10
 2.934E-08  2.93447694475336E-10
 2.974E-08  3.01342480394575E-10
 3.015E-08  3.09449664018982E-10
 3.056E-08  3.17774959595295E-10
 3.098E-08  3.26324235103438E-10
 3.140E-08  3.35103516392523E-10
 3.183E-08  3.44118991428038E-10
 3.227E-08  3.53377014653352E-10
 3.271E-08  3.62884111468592E-10
 3.315E-08  3.72646982829873E-10
 3.361E-08  3.82672509972408E-10
 3.406E-08  3.92967759260673E-10
 3.453E-08  4.03539987168989E-10
 3.500E-08  4.14396645396108E-10
 3.548E-08  4.25545386117432E-10
 3.596E-08  4.36994067378562E-10
 3.645E-08  4.48750758633872E-10
 3.695E-08  4.60823746434145E-10
 3.746E-08  4.73221540267204E-10
 3.797E-08  4.85952878555674E-10
 3.849E-08  4.99026734816172E-10
 3.901E-08  5.12452323984068E-10
 3.954E-08  5.26239108908486E-10
 4.008E-08  5.40396807022069E-10
 4.063E-08  5.54935397190132E-10
 4.119E-08  5.69865126744087E-10
 4.175E-08  5.85196518704035E-10
 4.232E-08  6.00940379195895E-10
 4.290E-08  6.17107805067780E-10
 4.348E-08  6.33710191711387E-10
 4.408E-08  6.50759241093964E-10
 4.468E-08  6.68266970006141E-10
 4.529E-08  6.86245718531824E-10
 4.591E-08  7.04708158745755E-10
 4.653E-08  7.23667303645328E-10
 4.717E-08  7.43136516322539E-10
 4.781E-08  7.63129519382588E-10
 4.846E-08  7.83660404616188E-10
 4.913E-08  8.04743642931805E-10
 4.980E-08  8.26394094555182E-10
 5.048E-08  8.48627019503346E-10
 5.117E-08  8.71458088340349E-10
 5.186E-08  8.94903393222346E-10
 5.257E-08  9.18979459239790E-10
 5.329E-08  9.43703256064886E-10
 5.402E-08  9.69092209912369E-10
 5.475E-08  9.95164215822012E-10
 5.550E-08  1.02193765027147E-09
 5.626E-08  1.04943138412875E-09
 5.703E-08  1.07766479595288E-09
 5.781E-08  1.10665778565248E-09
 5.860E-08  1.13643078851192E-09
 5.940E-08  1.16700478959457E-09
 6.021E-08  1.19840133853380E-09
 6.103E-08  1.23064256472173E-09
 6.186E-08  1.26375119290675E-09
 6.271E-08  1.29775055921050E-09
 6.356E-08  1.33266462757594E-09
 6.443E-08  1.36851800665767E-09
 6.531E-08  1.40533596716702E-09
 6.620E-08  1.44314445968349E-09
 6.711E-08  1.48197013294534E-09
 6.802E-08  1.52184035263255E-09
 6.895E-08  1.56278322065476E-09
 6.989E-08  1.60482759495846E-09
 7.085E-08  1.64800310986672E-09
 7.181E-08  1.69234019696639E-09
 7.279E-08  1.73787010655697E-09
 7.379E-08  1.78462492967685E-09
 7.479E-08  1.83263762072186E-09
 7.582E-08  1.88194202067237E-09
 7.685E-08  1.93257288094547E-09
 7.790E-08  1.98456588788842E-09
 7.896E-08  2.03795768793165E-09
 8.004E-08  2.09278591341792E-09
 8.113E-08  2.14908920912665E-09
 8.224E-08  2.20690725951182E-09
 8.336E-08  2.26628081667233E-09
 8.450E-08  2.32725172907541E-09
 8.566E-08  2.38986297105243E-09
 8.683E-08  2.45415867308813E-09
 8.801E-08  2.52018415292515E-09
 8.921E-08  2.58798594750473E-09
 9.043E-08  2.65761184576723E-09
 9.167E-08  2.72911092233540E-09
 9.292E-08  2.80253357210245E-09
 9.419E-08  2.87793154575237E-09
 9.547E-08  2.95535798623479E-09
 9.677E-08  3.03486746622103E-09
 9.810E-08  3.11651602656870E-09
 9.944E-08  3.20036121582017E-09
 1.008E-07  3.28646213076446E-09
 1.022E-07  3.37487945808980E-09
 1.036E-07  3.46567551715694E-09
 1.050E-07  3.55891430392314E-09
 1.064E-07  3.65466153604805E-09
 1.079E-07  3.75298469921293E-09
 1.093E-07  3.85395309468594E-09
 1.108E-07  3.95763788816726E-09
 1.123E-07  4.06411215994783E-09
 1.139E-07  4.17345095641818E-09
 1.154E-07  4.28573134296257E-09
 1.170E-07  4.40103245827595E-09
 1.186E-07  4.51943557014299E-09
 1.202E-07  4.64102413271663E-09
 1.219E-07  4.76588384533858E-09
 1.235E-07  4.89410271294178E-09
 1.252E-07  5.02577110807753E-09
 1.269E-07  5.16098183461230E-09
 1.287E-07  5.29983019313706E-09
 1.304E-07  5.44241404813731E-09
 1.322E-07  5.58883389696943E-09
 1.340E-07  5.73919294069259E-09
 1.358E-07  5.89359715680700E-09
 1.377E-07  6.05215537394884E-09
 1.396E-07  6.21497934859396E-09
 1.415E-07  6.38218384382566E-09
 1.434E-07  6.55388671022172E-09
 1.454E-07  6.73020896891725E-09
 1.473E-07  6.91127489690237E-09
 1.494E-07  7.09721211461363E-09
 1.514E-07  7.28815167588365E-09
 1.535E-07  7.48422816030935E-09
 1.556E-07  7.68557976810537E-09
 1.577E-07  7.89234841750910E-09
 1.598E-07  8.10467984480735E-09
 1.620E-07  8.32272370705231E-09
 1.642E-07  8.54663368754153E-09
 1.665E-07  8.77656760413686E-09
 1.687E-07  9.01268752049495E-09
 1.710E-07  9.25515986029173E-09
 1.734E-07  9.50415552452004E-09
 1.757E-07  9.75985001194279E-09
 1.781E-07  1.00224235427848E-08
 1.806E-07  1.02920611857544E-08
 1.830E-07  1.05689529884821E-08
 1.855E-07  1.08532941114667E-08
 1.881E-07  1.11452849656263E-08
 1.906E-07  1.14451313535503E-08
 1.932E-07  1.17530446145496E-08
 1.959E-07  1.20692417736096E-08
 1.986E-07  1.23939456943521E-08
 2.013E-07  1.27273852361097E-08
 2.040E-07  1.30697954152275E-08
 2.068E-07  1.34214175707044E-08
 2.096E-07  1.37824995342886E-08
 2.125E-07  1.41532958051508E-08
 2.154E-07  1.45340677292567E-08
 2.183E-07  1.49250836835643E-08
 2.213E-07  1.53266192651759E-08
 2.243E-07  1.57389574855799E-08
 2.274E-07  1.61623889701175E-08
 2.305E-07  1.65972121628162E-08
 2.336E-07  1.70437335367333E-08
 2.368E-07  1.75022678099563E-08
 2.401E-07  1.79731381674188E-08
 2.433E-07  1.84566764886784E-08
 2.467E-07  1.89532235818258E-08
 2.500E-07  1.94631294236861E-08
 2.534E-07  1.99867534064800E-08
 2.569E-07  2.05244645911228E-08
 2.604E-07  2.10766419673375E-08
 2.640E-07  2.16436747207644E-08
 2.676E-07  2.22259625072576E-08
 2.712E-07  2.28239157345591E-08
 2.749E-07  2.34379558515507E-08
 2.787E-07  2.40685156452915E-08
 2.825E-07  2.47160395460395E-08
 2.863E-07  2.53809839404827E-08
 2.903E-07  2.60638174933979E-08
 2.942E-07  2.67650214779607E-08
 2.982E-07  2.74850901149388E-08
 3.023E-07  2.82245309210166E-08
 3.064E-07  2.89838650664855E-08
 3.106E-07  2.97636277425589E-08
 3.149E-07  3.05643685385661E-08
 3.192E-07  3.13866518292968E-08
 3.235E-07  3.22310571727653E-08
 3.279E-07  3.30981797186688E-08
 3.324E-07  3.39886306278440E-08
 3.369E-07  3.49030375030026E-08
 3.415E-07  3.58420448310512E-08
 3.462E-07  3.68063144373175E-08
 3.509E-07  3.77965259519880E-08
 3.557E-07  3.88133772891008E-08
 3.606E-07  3.98575851384201E-08
 3.655E-07  4.09298854705411E-08
 3.705E-07  4.20310340555881E-08
 3.756E-07  4.31618069958621E-08
 3.807E-07  4.43230012728182E-08
 3.859E-07  4.55154353087603E-08
 3.911E-07  4.67399495436413E-08
 3.965E-07  4.79974070273802E-08
 4.019E-07  4.92886940281225E-08
 4.074E-07  5.06147206568515E-08
 4.129E-07  5.19764215088050E-08
 4.186E-07  5.33747563221527E-08
 4.243E-07  5.48107106543915E-08
 4.301E-07  5.62852965769262E-08
 4.360E-07  5.77995533883520E-08
 4.419E-07  5.93545483469111E-08
 4.479E-07  6.09513774226552E-08
 4.541E-07  6.25911660698522E-08
 4.603E-07  6.42750700201584E-08
 4.665E-07  6.60042760971358E-08
 4.729E-07  6.77800030526734E-08
 4.794E-07  6.96035024259202E-08
 4.859E-07  7.14760594253110E-08
 4.926E-07  7.33989938343297E-08
 4.993E-07  7.53736609416320E-08
 5.061E-07  7.74014524961885E-08
 5.130E-07  7.94837976881314E-08
 5.200E-07  8.16221641559688E-08
 5.271E-07  8.38180590209153E-08
 5.343E-07  8.60730299490267E-08
 5.416E-07  8.83886662419165E-08
 5.490E-07  9.07665999568179E-08
 5.565E-07  9.32085070567617E-08
 5.641E-07  9.57161085917063E-08
 5.718E-07  9.82911719114319E-08
 5.796E-07  1.00935511911072E-07
 5.875E-07  1.03650992310131E-07
 5.955E-07  1.06439526965942E-07
 6.037E-07  1.09303081222424E-07
 6.119E-07  1.12243673295114E-07
 6.202E-07  1.15263375693507E-07
 6.287E-07  1.18364316681597E-07
 6.373E-07  1.21548681777746E-07
 6.460E-07  1.24818715294879E-07
 6.548E-07  1.28176721922123E-07
 6.638E-07  1.31625068348983E-07
 6.728E-07  1.35166184933205E-07
 6.820E-07  1.38802567413525E-07
 6.913E-07  1.42536778668443E-07
 7.008E-07  1.46371450522379E-07
 7.103E-07  1.50309285600343E-07
 7.200E-07  1.54353059232524E-07
 7.298E-07  1.58505621410128E-07
 7.398E-07  1.62769898793796E-07
 7.499E-07  1.67148896776070E-07
 7.602E-07  1.71645701599318E-07
 7.705E-07  1.76263482530643E-07
 7.811E-07  1.81005494095290E-07
 7.917E-07  1.85875078370136E-07
 8.025E-07  1.90875667338860E-07
 8.135E-07  1.96010785310464E-07
 8.246E-07  2.01284051402874E-07
 8.358E-07  2.06699182093302E-07
 8.473E-07  2.12259993837254E-07
 8.588E-07  2.17970405757975E-07
 8.705E-07  2.23834442408196E-07
 8.824E-07  2.29856236606223E-07
 8.945E-07  2.36040032348292E-07
 9.067E-07  2.42390187799238E-07
 9.191E-07  2.48911178363634E-07
 9.316E-07  2.55607599839534E-07
 9.443E-07  2.62484171657041E-07
 9.572E-07  2.69545740203989E-07
 9.703E-07  2.76797282241061E-07
 9.835E-07  2.84243908408806E-07
 9.970E-07  2.91890866828938E-07
 1.011E-06  2.99743546802538E-07
 1.024E-06  3.07807482607721E-07
 1.038E-06  3.16088357399436E-07
 1.053E-06  3.24592007214163E-07
 1.067E-06  3.33324425082361E-07
 1.081E-06  3.42291765251468E-07
 1.096E-06  3.51500347522528E-07
 1.111E-06  3.60956661703461E-07
 1.126E-06  3.70667372182105E-07
 1.142E-06  3.80639322622270E-07
 1.157E-06  3.90879540786042E-07
 1.173E-06  4.01395243485883E-07
 1.189E-06  4.12193841669850E-07
 1.205E-06  4.23282945643636E-07
 1.222E-06  4.34670370433058E-07
 1.239E-06  4.46364141290736E-07
 1.255E-06  4.58372499350896E-07
 1.273E-06  4.70703907436334E-07
 1.290E-06  4.83367056021465E-07
 1.308E-06  4.96370869355816E-07
 1.325E-06  5.09724511752196E-07
 1.344E-06  5.23437394043958E-07
 1.362E-06  5.37519180216014E-07
 1.380E-06  5.51979794214081E-07
 1.399E-06  5.66829426937194E-07
 1.418E-06  5.82078543418229E-07
 1.438E-06  5.97737890197423E-07
 1.457E-06  6.13818502894424E-07
 1.477E-06  6.30331713983870E-07
 1.497E-06  6.47289160780052E-07
 1.518E-06  6.64702793636435E-07
 1.539E-06  6.82584884365583E-07
 1.560E-06  7.00948034885633E-07
 1.581E-06  7.19805186099270E-07
 1.603E-06  7.39169627011446E-07
 1.624E-06  7.59055004092348E-07
 1.647E-06  7.79475330892264E-07
 1.669E-06  8.00444997914899E-07
 1.692E-06  8.21978782756168E-07
 1.715E-06  8.44091860515930E-07
 1.738E-06  8.66799814489435E-07
 1.762E-06  8.90118647146430E-07
 1.786E-06  9.14064791405564E-07
 1.811E-06  9.38655122211823E-07
 1.835E-06  9.63906968425568E-07
 1.860E-06  9.89838125031128E-07
 1.886E-06  1.01646686567371E-06
 1.911E-06  1.04381195553348E-06
 1.938E-06  1.07189266454595E-06
 1.964E-06  1.10072878097775E-06
 1.991E-06  1.13034062536750E-06
 2.018E-06  1.16074906484175E-06
 2.046E-06  1.19197552781562E-06
 2.073E-06  1.22404201908894E-06
 2.102E-06  1.25697113534829E-06
 2.130E-06  1.29078608108597E-06
 2.160E-06  1.32551068494695E-06
 2.189E-06  1.36116941651545E-06
 2.219E-06  1.39778740355286E-06
 2.249E-06  1.43539044969935E-06
 2.280E-06  1.47400505265137E-06
 2.311E-06  1.51365842282780E-06
 2.343E-06  1.55437850253830E-06
 2.375E-06  1.59619398566682E-06
 2.407E-06  1.63913433788483E-06
 2.440E-06  1.68322981740748E-06
 2.473E-06  1.72851149630822E-06
 2.507E-06  1.77501128240660E-06
 2.541E-06  1.82276194174432E-06
 2.576E-06  1.87179712166596E-06
 2.611E-06  1.92215137452003E-06
 2.647E-06  1.97386018199738E-06
 2.683E-06  2.02695998012419E-06
 2.719E-06  2.08148818492662E-06
 2.757E-06  2.13748321878578E-06
 2.794E-06  2.19498453750127E-06
 2.832E-06  2.25403265808229E-06
 2.871E-06  2.31466918728605E-06
 2.910E-06  2.37693685092332E-06
 2.950E-06  2.44087952395216E-06
 2.990E-06  2.50654226138055E-06
 3.031E-06  2.57397132999973E-06
 3.072E-06  2.64321424097115E-06
 3.114E-06  2.71431978328903E-06
 3.157E-06  2.78733805814290E-06
 3.200E-06  2.86232051420373E-06
 3.244E-06  2.93931998385906E-06
 3.288E-06  3.01839072042182E-06
 3.333E-06  3.09958843633982E-06
 3.378E-06  3.18297034243225E-06
 3.424E-06  3.26859518818121E-06
 3.471E-06  3.35652330310620E-06
 3.519E-06  3.44681663925072E-06
 3.567E-06  3.53953881481157E-06
 3.615E-06  3.63475515894028E-06
 3.665E-06  3.73253275775001E-06
 3.715E-06  3.83294050155744E-06
 3.765E-06  3.93604913339618E-06
 3.817E-06  4.04193129883407E-06
 3.869E-06  4.15066159712838E-06
 3.922E-06  4.26231663375744E-06
 3.975E-06  4.37697507436390E-06
 4.030E-06  4.49471770014761E-06
 4.085E-06  4.61562746474802E-06
 4.140E-06  4.73978955265500E-06
 4.197E-06  4.86729143918961E-06
 4.254E-06  4.99822295209836E-06
 4.312E-06  5.13267633480117E-06
 4.371E-06  5.27074631134002E-06
 4.431E-06  5.41253015307414E-06
 4.491E-06  5.55812774716610E-06
 4.553E-06  5.70764166691043E-06
 4.615E-06  5.86117724395083E-06
 4.678E-06  6.01884264243857E-06
 4.742E-06  6.18074893518569E-06
 4.806E-06  6.34701018186200E-06
 4.872E-06  6.51774350929531E-06
 4.938E-06  6.69306919393057E-06
 5.006E-06  6.87311074650239E-06
 5.074E-06  7.05799499898505E-06
 5.144E-06  7.24785219387971E-06
 5.214E-06  7.44281607589755E-06
 5.285E-06  7.64302398611128E-06
 5.357E-06  7.84861695863306E-06
 5.430E-06  8.05973981989235E-06
 5.504E-06  8.27654129058072E-06
 5.579E-06  8.49917409033454E-06
 5.656E-06  8.72779504523518E-06
 5.733E-06  8.96256519819197E-06
 5.811E-06  9.20364992229402E-06
 5.890E-06  9.45121903720746E-06
 5.971E-06  9.70544692870097E-06
 6.052E-06  9.96651267138065E-06
 6.135E-06  1.02346001547231E-05
 6.219E-06  1.05098982124954E-05
 6.304E-06  1.07926007556526E-05
 6.390E-06  1.10829069088043E-05
 6.477E-06  1.13810211503458E-05
 6.565E-06  1.16871534563589E-05
 6.655E-06  1.20015194483741E-05
 6.746E-06  1.23243405451037E-05
 6.838E-06  1.26558441182516E-05
 6.931E-06  1.29962636525068E-05
 7.026E-06  1.33458389098367E-05
 7.122E-06  1.37048160981923E-05
 7.219E-06  1.40734480447453E-05
 7.318E-06  1.44519943737777E-05
 7.418E-06  1.48407216893512E-05
 7.519E-06  1.52399037628828E-05
 7.622E-06  1.56498217257546E-05
 7.726E-06  1.60707642671022E-05
 7.831E-06  1.65030278369135E-05
 7.938E-06  1.69469168545777E-05
 8.046E-06  1.74027439230405E-05
 8.156E-06  1.78708300487105E-05
 8.268E-06  1.83515048672660E-05
 8.380E-06  1.88451068755308E-05
 8.495E-06  1.93519836695759E-05
 8.611E-06  1.98724921892104E-05
 8.728E-06  2.04069989690442E-05
 8.848E-06  2.09558803962874E-05
 8.968E-06  2.15195229754722E-05
 9.091E-06  2.20983236002841E-05
 9.215E-06  2.26926898326920E-05
 9.341E-06  2.33030401895710E-05
 9.468E-06  2.39298044370200E-05
 9.597E-06  2.45734238925819E-05
 9.729E-06  2.52343517355758E-05
 9.861E-06  2.59130533257650E-05
 9.996E-06  2.66100065305722E-05
 1.013E-05  2.73257020610807E-05
 1.027E-05  2.80606438170620E-05
 1.041E-05  2.88153492412544E-05
 1.055E-05  2.95903496831543E-05
 1.070E-05  3.03861907725777E-05
 1.084E-05  3.12034328032386E-05
 1.099E-05  3.20426511266260E-05
 1.114E-05  3.29044365564575E-05
 1.129E-05  3.37893957839777E-05
 1.145E-05  3.46981518044050E-05
 1.160E-05  3.56313443548245E-05
 1.176E-05  3.65896303638321E-05
 1.192E-05  3.75736844132389E-05
 1.209E-05  3.85841992121638E-05
 1.225E-05  3.96218860838567E-05
 1.242E-05  4.06874754655694E-05
 1.259E-05  4.17817174218483E-05
 1.276E-05  4.29053821715944E-05
 1.293E-05  4.40592606292558E-05
 1.311E-05  4.52441649605563E-05
 1.329E-05  4.64609291531103E-05
 1.347E-05  4.77104096023557E-05
 1.365E-05  4.89934857132042E-05
 1.384E-05  5.03110605178226E-05
 1.403E-05  5.16640613099889E-05
 1.422E-05  5.30534402964566E-05
 1.442E-05  5.44801752657909E-05
 1.461E-05  5.59452702751423E-05
 1.481E-05  5.74497563554348E-05
 1.501E-05  5.89946922354628E-05
 1.522E-05  6.05811650854026E-05
 1.543E-05  6.22102912802654E-05
 1.564E-05  6.38832171838093E-05
 1.585E-05  6.56011199534813E-05
 1.607E-05  6.73652083669271E-05
 1.629E-05  6.91767236706594E-05
 1.651E-05  7.10369404514845E-05
 1.673E-05  7.29471675312654E-05
 1.696E-05  7.49087488857027E-05
 1.719E-05  7.69230645877042E-05
 1.743E-05  7.89915317760609E-05
 1.767E-05  8.11156056500733E-05
 1.791E-05  8.32967804908348E-05
 1.815E-05  8.55365907098753E-05
 1.840E-05  8.78366119259103E-05
 1.865E-05  9.01984620704380E-05
 1.891E-05  9.26238025229561E-05
 1.916E-05  9.51143392765923E-05
 1.943E-05  9.76718241349501E-05
 1.969E-05  1.00298055941040E-04
 1.996E-05  1.02994881839099E-04
 2.023E-05  1.05764198570228E-04
 2.051E-05  1.08607953802721E-04
 2.079E-05  1.11528147498006E-04
 2.107E-05  1.14526833313204E-04
 2.136E-05  1.17606120041210E-04
 2.165E-05  1.20768173089325E-04
 2.195E-05  1.24015215997523E-04
 2.225E-05  1.27349531997325E-04
 2.255E-05  1.30773465612407E-04
 2.286E-05  1.34289424302074E-04
 2.317E-05  1.37899880148708E-04
 2.349E-05  1.41607371590378E-04
 2.381E-05  1.45414505199828E-04
 2.413E-05  1.49323957511079E-04
 2.446E-05  1.53338476894890E-04
 2.480E-05  1.57460885484391E-04
 2.514E-05  1.61694081152287E-04
 2.548E-05  1.66041039540911E-04
 2.583E-05  1.70504816146574E-04
 2.618E-05  1.75088548459722E-04
 2.654E-05  1.79795458162274E-04
 2.690E-05  1.84628853383769E-04
 2.727E-05  1.89592131017844E-04
 2.764E-05  1.94688779100613E-04
 2.802E-05  1.99922379252681E-04
 2.840E-05  2.05296609186439E-04
 2.879E-05  2.10815245280369E-04
 2.918E-05  2.16482165222174E-04
 2.958E-05  2.22301350722556E-04
 2.998E-05  2.28276890301527E-04
 3.039E-05  2.34412982149157E-04
 3.080E-05  2.40713937062786E-04
 3.123E-05  2.47184181462709E-04
 3.165E-05  2.53828260488409E-04
 3.208E-05  2.60650841177547E-04
 3.252E-05  2.67656715729807E-04
 3.297E-05  2.74850804857936E-04
 3.342E-05  2.82238161228320E-04
 3.387E-05  2.89823972993344E-04
 3.433E-05  2.97613567418125E-04
 3.480E-05  3.05612414604091E-04
 3.528E-05  3.13826131311869E-04
 3.576E-05  3.22260484886309E-04
 3.625E-05  3.30921397286204E-04
 3.674E-05  3.39814949221537E-04
 3.724E-05  3.48947384401153E-04
 3.775E-05  3.58325113893789E-04
 3.827E-05  3.67954720605327E-04
 3.879E-05  3.77842963875562E-04
 3.932E-05  3.87996784197577E-04
 3.986E-05  3.98423308062902E-04
 4.040E-05  4.09129852935925E-04
 4.095E-05  4.20123932360812E-04
 4.151E-05  4.31413261204775E-04
 4.208E-05  4.43005761040876E-04
 4.265E-05  4.54909565674341E-04
 4.324E-05  4.67133026816256E-04
 4.383E-05  4.79684719908231E-04
 4.442E-05  4.92573450102406E-04
 4.503E-05  5.05808258400628E-04
 4.565E-05  5.19398427957125E-04
 4.627E-05  5.33353490549168E-04
 4.690E-05  5.47683233219754E-04
 4.754E-05  5.62397705097358E-04
 4.819E-05  5.77507224397054E-04
 4.885E-05  5.93022385608025E-04
 4.951E-05  6.08954066872393E-04
 5.019E-05  6.25313437560131E-04
 5.088E-05  6.42111966045753E-04
 5.157E-05  6.59361427691662E-04
 5.227E-05  6.77073913043806E-04
 5.299E-05  6.95261836245375E-04
 5.371E-05  7.13937943673998E-04
 5.445E-05  7.33115322808530E-04
 5.519E-05  7.52807411331653E-04
 5.594E-05  7.73028006474095E-04
 5.671E-05  7.93791274607258E-04
 5.748E-05  8.15111761090574E-04
 5.826E-05  8.37004400380366E-04
 5.906E-05  8.59484526407070E-04
 5.987E-05  8.82567883228009E-04
 6.068E-05  9.06270635962978E-04
 6.151E-05  9.30609382019846E-04
 6.235E-05  9.55601162618111E-04
 6.320E-05  9.81263474618072E-04
 6.407E-05  1.00761428266378E-03
 6.494E-05  1.03467203164804E-03
 6.583E-05  1.06245565950762E-03
 6.673E-05  1.09098461035791E-03
 6.764E-05  1.12027884797545E-03
 6.856E-05  1.15035886963759E-03
 6.950E-05  1.18124572032911E-03
 7.045E-05  1.21296100732466E-03
 7.141E-05  1.24552691515743E-03
 7.238E-05  1.27896622098429E-03
 7.337E-05  1.31330231035717E-03
 7.437E-05  1.34855919341202E-03
 7.539E-05  1.38476152148599E-03
 7.642E-05  1.42193460417384E-03
 7.746E-05  1.46010442683570E-03
 7.852E-05  1.49929766856737E-03
 7.959E-05  1.53954172064547E-03
 8.068E-05  1.58086470546015E-03
 8.178E-05  1.62329549594783E-03
 8.289E-05  1.66686373553682E-03
 8.403E-05  1.71159985862016E-03
 8.517E-05  1.75753511156796E-03
 8.634E-05  1.80470157429469E-03
 8.751E-05  1.85313218239569E-03
 8.871E-05  1.90286074986647E-03
 8.992E-05  1.95392199242216E-03
 9.115E-05  2.00635155143078E-03
 9.239E-05  2.06018601847731E-03
 9.365E-05  2.11546296057497E-03
 9.493E-05  2.17222094604050E-03
 9.623E-05  2.23049957105020E-03
 9.754E-05  2.29033948689515E-03
 9.887E-05  2.35178242795383E-03
 1.002E-04  2.41487124039960E-03
 1.016E-04  2.47964991166386E-03
 1.030E-04  2.54616360067322E-03
 1.044E-04  2.61445866888107E-03
 1.058E-04  2.68458271211467E-03
 1.073E-04  2.75658459325801E-03
 1.087E-04  2.83051447579293E-03
 1.102E-04  2.90642385822033E-03
 1.117E-04  2.98436560938400E-03
 1.132E-04  3.06439400472087E-03
 1.148E-04  3.14656476346174E-03
 1.163E-04  3.23093508680621E-03
 1.179E-04  3.31756369709790E-03
 1.195E-04  3.40651087802539E-03
 1.212E-04  3.49783851587470E-03
 1.228E-04  3.59161014186215E-03
 1.245E-04  3.68789097557327E-03
 1.262E-04  3.78674796953785E-03
 1.279E-04  3.88824985496960E-03
 1.297E-04  3.99246718870017E-03
 1.314E-04  4.09947240133947E-03
 1.332E-04  4.20933984669201E-03
 1.351E-04  4.32214585246257E-03
 1.369E-04  4.43796877228429E-03
 1.388E-04  4.55688903910249E-03
 1.407E-04  4.67898921994944E-03
 1.426E-04  4.80435407214524E-03
 1.445E-04  4.93307060096170E-03
 1.465E-04  5.06522811878607E-03
 1.485E-04  5.20091830582357E-03
 1.505E-04  5.34023527237725E-03
 1.526E-04  5.48327562274575E-03
 1.547E-04  5.63013852078045E-03
 1.568E-04  5.78092575714332E-03
 1.589E-04  5.93574181831028E-03
 1.611E-04  6.09469395736193E-03
 1.633E-04  6.25789226660938E-03
 1.655E-04  6.42544975210147E-03
 1.678E-04  6.59748241005863E-03
 1.701E-04  6.77410930528537E-03
 1.724E-04  6.95545265160988E-03
 1.748E-04  7.14163789440076E-03
 1.771E-04  7.33279379521603E-03
 1.796E-04  7.52905251863600E-03
 1.820E-04  7.73054972133550E-03
 1.845E-04  7.93742464345343E-03
 1.870E-04  8.14982020231418E-03
 1.896E-04  8.36788308856289E-03
 1.922E-04  8.59176386477437E-03
 1.948E-04  8.82161706659602E-03
 1.974E-04  9.05760130649180E-03
 2.001E-04  9.29987938014737E-03
 2.029E-04  9.54861837560724E-03
 2.056E-04  9.80398978521064E-03
 2.084E-04  1.00661696203935E-02
 2.113E-04  1.03353385294331E-02
 2.142E-04  1.06116819182035E-02
 2.171E-04  1.08953900740180E-02
 2.201E-04  1.11866582926369E-02
 2.231E-04  1.14856870085188E-02
 2.261E-04  1.17926819283922E-02
 2.292E-04  1.21078541682332E-02
 2.323E-04  1.24314203937313E-02
 2.355E-04  1.27636029643324E-02
 2.387E-04  1.31046300809418E-02
 2.420E-04  1.34547359373808E-02
 2.453E-04  1.38141608756904E-02
 2.486E-04  1.41831515453705E-02
 2.520E-04  1.45619610666575E-02
 2.555E-04  1.49508491979355E-02
 2.589E-04  1.53500825073824E-02
 2.625E-04  1.57599345489528E-02
 2.661E-04  1.61806860428074E-02
 2.697E-04  1.66126250602923E-02
 2.734E-04  1.70560472135807E-02
 2.771E-04  1.75112558500883E-02
 2.809E-04  1.79785622517816E-02
 2.847E-04  1.84582858394920E-02
 2.886E-04  1.89507543823588E-02
 2.926E-04  1.94563042125266E-02
 2.965E-04  1.99752804452167E-02
 3.006E-04  2.05080372043100E-02
 3.047E-04  2.10549378535650E-02
 3.089E-04  2.16163552336093E-02
 3.131E-04  2.21926719048429E-02
 3.174E-04  2.27842803963929E-02
 3.217E-04  2.33915834612591E-02
 3.261E-04  2.40149943378049E-02
 3.305E-04  2.46549370177354E-02
 3.350E-04  2.53118465207225E-02
 3.396E-04  2.59861691758277E-02
 3.442E-04  2.66783629098850E-02
 3.489E-04  2.73888975430073E-02
 3.537E-04  2.81182550913778E-02
 3.585E-04  2.88669300775060E-02
 3.634E-04  2.96354298481109E-02
 3.684E-04  3.04242748998146E-02
 3.734E-04  3.12339992128262E-02
 3.785E-04  3.20651505927972E-02
 3.837E-04  3.29182910210392E-02
 3.889E-04  3.37939970132990E-02
 3.942E-04  3.46928599872778E-02
 3.996E-04  3.56154866391040E-02
 4.051E-04  3.65624993289545E-02
 4.106E-04  3.75345364760373E-02
 4.162E-04  3.85322529631512E-02
 4.219E-04  3.95563205510239E-02
 4.277E-04  4.06074283026691E-02
 4.335E-04  4.16862830179661E-02
 4.394E-04  4.27936096787047E-02
 4.454E-04  4.39301519043244E-02
 4.515E-04  4.50966724185814E-02
 4.577E-04  4.62939535273929E-02
 4.639E-04  4.75227976080941E-02
 4.702E-04  4.87840276103719E-02
 4.767E-04  5.00784875691140E-02
 4.832E-04  5.14070431294513E-02
 4.898E-04  5.27705820842436E-02
 4.965E-04  5.41700149242874E-02
 5.032E-04  5.56062754015133E-02
 5.101E-04  5.70803211054502E-02
 5.171E-04  5.85931340532494E-02
 5.241E-04  6.01457212935495E-02
 5.313E-04  6.17391155244719E-02
 5.385E-04  6.33743757260492E-02
 5.459E-04  6.50525878073952E-02
 5.533E-04  6.67748652689071E-02
 5.609E-04  6.85423498798286E-02
 5.686E-04  7.03562123714833E-02
 5.763E-04  7.22176531465019E-02
 5.842E-04  7.41279030043666E-02
 5.922E-04  7.60882238836119E-02
 6.002E-04  7.80999096210128E-02
 6.084E-04  8.01642867280936E-02
 6.167E-04  8.22827151853336E-02
 6.252E-04  8.44565892543734E-02
 6.337E-04  8.66873383086190E-02
 6.423E-04  8.89764276825910E-02
 6.511E-04  9.13253595403644E-02
 6.600E-04  9.37356737635013E-02
 6.690E-04  9.62089488588193E-02
 6.782E-04  9.87468028864003E-02
 6.874E-04  1.01350894408200E-01
 6.968E-04  1.04022923457658E-01
 7.063E-04  1.06764632530693E-01
 7.160E-04  1.09577807598484E-01
 7.257E-04  1.12464279142428E-01
 7.356E-04  1.15425923211680E-01
 7.457E-04  1.18464662503686E-01
 7.559E-04  1.21582467468102E-01
 7.662E-04  1.24781357434540E-01
 7.766E-04  1.28063401764521E-01
 7.872E-04  1.31430721028078E-01
 7.980E-04  1.34885488205423E-01
 8.089E-04  1.38429929914096E-01
 8.199E-04  1.42066327662033E-01
 8.311E-04  1.45797019126960E-01
 8.425E-04  1.49624399462557E-01
 8.540E-04  1.53550922631824E-01
 8.656E-04  1.57579102768062E-01
 8.774E-04  1.61711515563912E-01
 8.894E-04  1.65950799688891E-01
 9.016E-04  1.70299658235831E-01
 9.139E-04  1.74760860196668E-01
 9.264E-04  1.79337241968021E-01
 9.390E-04  1.84031708886957E-01
 9.518E-04  1.88847236797390E-01
 9.648E-04  1.93786873647542E-01
 9.780E-04  1.98853741118844E-01
 9.913E-04  2.04051036286759E-01
 1.005E-03  2.09382033313879E-01
 1.019E-03  2.14850085175727E-01
 1.032E-03  2.20458625419668E-01
 1.047E-03  2.26211169957308E-01
 1.061E-03  2.32111318890795E-01
 1.075E-03  2.38162758373349E-01
 1.090E-03  2.44369262504474E-01
 1.105E-03  2.50734695260114E-01
 1.120E-03  2.57263012458171E-01
 1.135E-03  2.63958263759724E-01
 1.151E-03  2.70824594706228E-01
 1.167E-03  2.77866248793049E-01
 1.182E-03  2.85087569579602E-01
 1.199E-03  2.92493002836412E-01
 1.215E-03  3.00087098729320E-01
 1.232E-03  3.07874514041109E-01
 1.248E-03  3.15860014430772E-01
 1.265E-03  3.24048476730622E-01
 1.283E-03  3.32444891281433E-01
 1.300E-03  3.41054364305781E-01
 1.318E-03  3.49882120319695E-01
 1.336E-03  3.58933504582760E-01
 1.354E-03  3.68213985586735E-01
 1.373E-03  3.77729157582727E-01
 1.391E-03  3.87484743146941E-01
 1.410E-03  3.97486595785037E-01
 1.430E-03  4.07740702574965E-01
 1.449E-03  4.18253186848219E-01
 1.469E-03  4.29030310909432E-01
 1.489E-03  4.40078478794056E-01
 1.509E-03  4.51404239063963E-01
 1.530E-03  4.63014287640701E-01
 1.551E-03  4.74915470676050E-01
 1.572E-03  4.87114787459596E-01
 1.593E-03  4.99619393362815E-01
 1.615E-03  5.12436602819239E-01
 1.637E-03  5.25573892340182E-01
 1.660E-03  5.39038903565378E-01
 1.682E-03  5.52839446347916E-01
 1.705E-03  5.66983501872707E-01
 1.729E-03  5.81479225807697E-01
 1.752E-03  5.96334951486944E-01
 1.776E-03  6.11559193124565E-01
 1.800E-03  6.27160649058579E-01
 1.825E-03  6.43148205023445E-01
 1.850E-03  6.59530937450115E-01
 1.875E-03  6.76318116792322E-01
 1.901E-03  6.93519210877598E-01
 1.927E-03  7.11143888281592E-01
 1.953E-03  7.29202021724082E-01
 1.980E-03  7.47703691484852E-01
 2.007E-03  7.66659188837712E-01
 2.034E-03  7.86079019500608E-01
 2.062E-03  8.05973907099762E-01
 2.090E-03  8.26354796645648E-01
 2.118E-03  8.47232858018439E-01
 2.147E-03  8.68619489460377E-01
 2.177E-03  8.90526321072528E-01
 2.206E-03  9.12965218313074E-01
 2.236E-03  9.35948285494185E-01
 2.267E-03  9.59487869274414E-01
 2.298E-03  9.83596562143294E-01
 2.329E-03  1.00828720589474E+00
 2.361E-03  1.03357289508557E+00
 2.393E-03  1.05946698047543E+00
 2.426E-03  1.08598307244395E+00
 2.459E-03  1.11313504438112E+00
 2.493E-03  1.14093703604637E+00
 2.527E-03  1.16940345689173E+00
 2.561E-03  1.19854898934427E+00
 2.596E-03  1.22838859204272E+00
 2.632E-03  1.25893750302301E+00
 2.668E-03  1.29021124284713E+00
 2.704E-03  1.32222561766963E+00
 2.741E-03  1.35499672223555E+00
 2.778E-03  1.38854094280366E+00
 2.816E-03  1.42287495998828E+00
 2.855E-03  1.45801575151291E+00
 2.894E-03  1.49398059486861E+00
 2.933E-03  1.53078706986943E+00
 2.973E-03  1.56845306109745E+00
 3.014E-03  1.60699676022928E+00
 3.055E-03  1.64643666823556E+00
 3.097E-03  1.68679159744496E+00
 3.139E-03  1.72808067346351E+00
 3.182E-03  1.77032333693997E+00
 3.225E-03  1.81353934516760E+00
 3.269E-03  1.85774877351208E+00
 3.314E-03  1.90297201665538E+00
 3.359E-03  1.94922978964467E+00
 3.405E-03  1.99654312873501E+00
 3.452E-03  2.04493339201445E+00
 3.499E-03  2.09442225979947E+00
 3.546E-03  2.14503173478844E+00
 3.595E-03  2.19678414196029E+00
 3.644E-03  2.24970212820526E+00
 3.694E-03  2.30380866167412E+00
 3.744E-03  2.35912703083195E+00
 3.795E-03  2.41568084320180E+00
 3.847E-03  2.47349402378344E+00
 3.900E-03  2.53259081313210E+00
 3.953E-03  2.59299576508108E+00
 4.007E-03  2.65473374409208E+00
 4.061E-03  2.71782992221689E+00
 4.117E-03  2.78230977565278E+00
 4.173E-03  2.84819908087459E+00
 4.230E-03  2.91552391032489E+00
 4.288E-03  2.98431062764413E+00
 4.346E-03  3.05458588242177E+00
 4.406E-03  3.12637660444859E+00
 4.466E-03  3.19970999745085E+00
 4.527E-03  3.27461353228561E+00
 4.589E-03  3.35111493957649E+00
 4.651E-03  3.42924220176870E+00
 4.715E-03  3.50902354458173E+00
 4.779E-03  3.59048742783748E+00
 4.844E-03  3.67366253564146E+00
 4.911E-03  3.75857776589407E+00
 4.978E-03  3.84526221910858E+00
 5.046E-03  3.93374518651235E+00
 5.114E-03  4.02405613740704E+00
 5.184E-03  4.11622470576335E+00
 5.255E-03  4.21028067602579E+00
 5.327E-03  4.30625396810228E+00
 5.400E-03  4.40417462151305E+00
 5.473E-03  4.50407277867375E+00
 5.548E-03  4.60597866728653E+00
 5.624E-03  4.70992258181303E+00
 5.700E-03  4.81593486400348E+00
 5.778E-03  4.92404588245522E+00
 5.857E-03  5.03428601117431E+00
 5.937E-03  5.14668560711378E+00
 6.018E-03  5.26127498666216E+00
 6.100E-03  5.37808440105548E+00
 6.184E-03  5.49714401068681E+00
 6.268E-03  5.61848385828684E+00
 6.354E-03  5.74213384094963E+00
 6.440E-03  5.86812368097758E+00
 6.528E-03  5.99648289552060E+00
 6.617E-03  6.12724076498398E+00
 6.708E-03  6.26042630018061E+00
 6.799E-03  6.39606820820380E+00
 6.892E-03  6.53419485699680E+00
 6.986E-03  6.67483423859674E+00
 7.082E-03  6.81801393103112E+00
 7.178E-03  6.96376105884571E+00
 7.276E-03  7.11210225224395E+00
 7.376E-03  7.26306360481918E+00
 7.476E-03  7.41667062986186E+00
 7.578E-03  7.57294821522569E+00
 7.682E-03  7.73192057673750E+00
 7.787E-03  7.89361121013796E+00
 7.893E-03  8.05804284154135E+00
 8.001E-03  8.22523737640473E+00
 8.110E-03  8.39521584699879E+00
 8.221E-03  8.56799835837484E+00
 8.333E-03  8.74360403282465E+00
 8.447E-03  8.92205095283193E+00
 8.562E-03  9.10335610251801E+00
 8.679E-03  9.28753530758532E+00
 8.798E-03  9.47460317376675E+00
 8.918E-03  9.66457302379149E+00
 9.039E-03  9.85745683288105E+00
 9.163E-03  1.00532651627931E+01
 9.288E-03  1.02520070944341E+01
 9.415E-03  1.04536901590664E+01
 9.543E-03  1.06583202681382E+01
 9.674E-03  1.08659016417703E+01
 9.806E-03  1.10764367359380E+01
 9.940E-03  1.12899261683904E+01
 1.008E-02  1.15063686433555E+01
 1.021E-02  1.17257608750837E+01
 1.035E-02  1.19480975102882E+01
 1.049E-02  1.21733710495471E+01
 1.064E-02  1.24015717677366E+01
 1.078E-02  1.26326876335711E+01
 1.093E-02  1.28667042283346E+01
 1.108E-02  1.31036046638903E+01
 1.123E-02  1.33433695000661E+01
 1.138E-02  1.35859766615189E+01
 1.154E-02  1.38314013541874E+01
 1.170E-02  1.40796159814521E+01
 1.186E-02  1.43305900601288E+01
 1.202E-02  1.45842901364280E+01
 1.218E-02  1.48406797020235E+01
 1.235E-02  1.50997191103809E+01
 1.252E-02  1.53613654935031E+01
 1.269E-02  1.56255726792637E+01
 1.286E-02  1.58922911095031E+01
 1.304E-02  1.61614677590733E+01
 1.321E-02  1.64330460560299E+01
 1.339E-02  1.67069658031711E+01
 1.358E-02  1.69831631011440E+01
 1.376E-02  1.72615702733381E+01
 1.395E-02  1.75421157928016E+01
 1.414E-02  1.78247242114257E+01
 1.433E-02  1.81093160916485E+01
 1.453E-02  1.83958079409434E+01
 1.473E-02  1.86841121493662E+01
 1.493E-02  1.89741369304429E+01
 1.513E-02  1.92657862656927E+01
 1.534E-02  1.95589598530889E+01
 1.555E-02  1.98535530597697E+01
 1.576E-02  2.01494568793207E+01
 1.598E-02  2.04465578939610E+01
 1.619E-02  2.07447382419712E+01
 1.642E-02  2.10438755907119E+01
 1.664E-02  2.13438431155897E+01
 1.687E-02  2.16445094853341E+01
 1.710E-02  2.19457388539556E+01
 1.733E-02  2.22473908597656E+01
 1.757E-02  2.25493206318384E+01
 1.781E-02  2.28513788043080E+01
 1.805E-02  2.31534115388914E+01
 1.830E-02  2.34552605560386E+01
 1.855E-02  2.37567631751072E+01
 1.880E-02  2.40577523639687E+01
 1.906E-02  2.43580567984472E+01
 1.932E-02  2.46575009319969E+01
 1.958E-02  2.49559050760206E+01
 1.985E-02  2.52530854912303E+01
 2.012E-02  2.55488544904468E+01
 2.039E-02  2.58430205532296E+01
 2.067E-02  2.61353884527236E+01
 2.095E-02  2.64257593950986E+01
 2.124E-02  2.67139311719488E+01
 2.153E-02  2.69996983260086E+01
 2.182E-02  2.72828523305264E+01
 2.212E-02  2.75631817826231E+01
 2.242E-02  2.78404726109444E+01
 2.273E-02  2.81145082978982E+01
 2.304E-02  2.83850701167433E+01
 2.335E-02  2.86519373837759E+01
 2.367E-02  2.89148877258303E+01
 2.400E-02  2.91736973632851E+01
 2.432E-02  2.94281414087320E+01
 2.466E-02  2.96779941814329E+01
 2.499E-02  2.99230295376541E+01
 2.533E-02  3.01630212169267E+01
 2.568E-02  3.03977432042429E+01
 2.603E-02  3.06269701081503E+01
 2.639E-02  3.08504775546634E+01
 2.675E-02  3.10680425968585E+01
 2.711E-02  3.12794441399659E+01
 2.748E-02  3.14844633817202E+01
 2.786E-02  3.16828842676685E+01
 2.824E-02  3.18744939610778E+01
 2.862E-02  3.20590833270160E+01
 2.901E-02  3.22364474301192E+01
 2.941E-02  3.24063860454842E+01
 2.981E-02  3.25687041820573E+01
 3.022E-02  3.27232126178138E+01
 3.063E-02  3.28697284459492E+01
 3.105E-02  3.30080756312220E+01
 3.147E-02  3.31380855755089E+01
 3.190E-02  3.32595976915521E+01
 3.234E-02  3.33724599837910E+01
 3.278E-02  3.34765296350896E+01
 3.323E-02  3.35716735980807E+01
 3.368E-02  3.36577691897638E+01
 3.414E-02  3.37347046879017E+01
 3.461E-02  3.38023799276764E+01
 3.508E-02  3.38607068969745E+01
 3.556E-02  3.39096103285829E+01
 3.604E-02  3.39490282874922E+01
 3.654E-02  3.39789127514162E+01
 3.703E-02  3.39992301825502E+01
 3.754E-02  3.40099620885146E+01
 3.805E-02  3.40111055703417E+01
 3.857E-02  3.40026738552949E+01
 3.910E-02  3.39846968122310E+01
 3.963E-02  3.39572214471497E+01
 4.017E-02  3.39203123765088E+01
 4.072E-02  3.38740522758261E+01
 4.128E-02  3.38185423010335E+01
 4.184E-02  3.37539024800042E+01
 4.241E-02  3.36802720716325E+01
 4.299E-02  3.35978098898154E+01
 4.358E-02  3.35066945896604E+01
 4.417E-02  3.34071249132302E+01
 4.478E-02  3.32993198921293E+01
 4.539E-02  3.31835190042448E+01
 4.601E-02  3.30599822819670E+01
 4.664E-02  3.29289903692474E+01
 4.727E-02  3.27908445248880E+01
 4.792E-02  3.26458665695112E+01
 4.857E-02  3.24943987737250E+01
 4.924E-02  3.23368036850779E+01
 4.991E-02  3.21734638914926E+01
 5.059E-02  3.20047817189767E+01
 5.128E-02  3.18311788615326E+01
 5.198E-02  3.16530959413292E+01
 5.269E-02  3.14709919973528E+01
 5.341E-02  3.12853439009265E+01
 5.414E-02  3.10966456966760E+01
 5.488E-02  3.09054078677232E+01
 5.563E-02  3.07121565241091E+01
 5.639E-02  3.05174325136847E+01
 5.716E-02  3.03217904549631E+01
 5.794E-02  3.01257976916893E+01
 5.873E-02  2.99300331691760E+01
 5.953E-02  2.97350862327449E+01
 6.034E-02  2.95415553489325E+01
 6.116E-02  2.93500467504418E+01
 6.200E-02  2.91611730061654E+01
 6.285E-02  2.89755515179545E+01
 6.370E-02  2.87938029461725E+01
 6.457E-02  2.86165495664457E+01
 6.546E-02  2.84444135604032E+01
 6.635E-02  2.82780152435886E+01
 6.725E-02  2.81179712341195E+01
 6.817E-02  2.79648925660706E+01
 6.910E-02  2.78193827519560E+01
 7.005E-02  2.76820357990894E+01
 7.100E-02  2.75534341850007E+01
 7.197E-02  2.74341467974865E+01
 7.296E-02  2.73247268452613E+01
 7.395E-02  2.72257097455652E+01
 7.496E-02  2.71376109954552E+01
 7.598E-02  2.70609240338739E+01
 7.702E-02  2.69961181019361E+01
 7.807E-02  2.69436361092090E+01
 7.914E-02  2.69038925140734E+01
 8.022E-02  2.68772712265479E+01
 8.132E-02  2.68641235422258E+01
 8.243E-02  2.68647661162165E+01
 8.355E-02  2.68794789862007E+01
 8.469E-02  2.69085036538865E+01
 8.585E-02  2.69520412343106E+01
 8.702E-02  2.70102506825367E+01
 8.821E-02  2.70832471073842E+01
 8.941E-02  2.71711001818572E+01
 9.063E-02  2.72738326599356E+01
 9.187E-02  2.73914190093467E+01
 9.312E-02  2.75237841698349E+01
 9.440E-02  2.76708024463122E+01
 9.568E-02  2.78322965460758E+01
 9.699E-02  2.80080367690427E+01
 9.831E-02  2.81977403596569E+01
 9.966E-02  2.84010710287823E+01
 1.010E-01  2.86176386534967E+01
 1.024E-01  2.88469991622524E+01
 1.038E-01  2.90886546123665E+01
 1.052E-01  2.93420534662455E+01
 1.066E-01  2.96065910721405E+01
 1.081E-01  2.98816103545676E+01
 1.096E-01  3.01664027188142E+01
 1.111E-01  3.04602091731900E+01
 1.126E-01  3.07622216718711E+01
 1.141E-01  3.10715846803291E+01
 1.157E-01  3.13873969644349E+01
 1.173E-01  3.17087136033882E+01
 1.189E-01  3.20345482256442E+01
 1.205E-01  3.23638754659938E+01
 1.221E-01  3.26956336409103E+01
 1.238E-01  3.30287276382071E+01
 1.255E-01  3.33620320159522E+01
 1.272E-01  3.36943943044792E+01
 1.289E-01  3.40246385042089E+01
 1.307E-01  3.43515687708605E+01
 1.325E-01  3.46739732785045E+01
 1.343E-01  3.49906282497696E+01
 1.361E-01  3.53003021414021E+01
 1.380E-01  3.56017599722628E+01
 1.399E-01  3.58937677797646E+01
 1.418E-01  3.61750971896928E+01
 1.437E-01  3.64445300833266E+01
 1.457E-01  3.67008633447911E+01
 1.477E-01  3.69429136706345E+01
 1.497E-01  3.71695224227348E+01
 1.517E-01  3.73795605048130E+01
 1.538E-01  3.75719332420673E+01
 1.559E-01  3.77455852427528E+01
 1.580E-01  3.78995052199132E+01
 1.602E-01  3.80327307509466E+01
 1.624E-01  3.81443529522413E+01
 1.646E-01  3.82335210457749E+01
 1.668E-01  3.82994467943230E+01
 1.691E-01  3.83414087817848E+01
 1.714E-01  3.83587565151036E+01
 1.738E-01  3.83509143243454E+01
 1.761E-01  3.83173850377057E+01
 1.785E-01  3.82577534085409E+01
 1.810E-01  3.81716892719794E+01
 1.834E-01  3.80589504092507E+01
 1.860E-01  3.79193850985891E+01
 1.885E-01  3.77529343324233E+01
 1.911E-01  3.75596336815492E+01
 1.937E-01  3.73396147881118E+01
 1.963E-01  3.70931064704843E+01
 1.990E-01  3.68204354245333E+01
 2.017E-01  3.65220265072953E+01
 2.045E-01  3.61984025907594E+01
 2.073E-01  3.58501839752552E+01
 2.101E-01  3.54780873538687E+01
 2.130E-01  3.50829243213657E+01
 2.159E-01  3.46655994232682E+01
 2.188E-01  3.42271077430056E+01
 2.218E-01  3.37685320274496E+01
 2.248E-01  3.32910393536073E+01
 2.279E-01  3.27958773418105E+01
 2.310E-01  3.22843699233618E+01
 2.342E-01  3.17579126732847E+01
 2.374E-01  3.12179677215549E+01
 2.406E-01  3.06660582589431E+01
 2.439E-01  3.01037626563718E+01
 2.472E-01  2.95327082194435E+01
 2.506E-01  2.89545646025361E+01
 2.540E-01  2.83710369095426E+01
 2.575E-01  2.77838585109492E+01
 2.610E-01  2.71947836094727E+01
 2.646E-01  2.66055795888805E+01
 2.682E-01  2.60180191828893E+01
 2.718E-01  2.54338725031389E+01
 2.755E-01  2.48548989671533E+01
 2.793E-01  2.42828391688989E+01
 2.831E-01  2.37194067360156E+01
 2.870E-01  2.31662802189940E+01
 2.909E-01  2.26250950584932E+01
 2.949E-01  2.20974356776072E+01
 2.989E-01  2.15848277461827E+01
 3.030E-01  2.10887306642483E+01
 3.071E-01  2.06105303112230E+01
 3.113E-01  2.01515321068215E+01
 3.156E-01  1.97129544284599E+01
 3.199E-01  1.92959224284872E+01
 3.242E-01  1.89014622927257E+01
 3.287E-01  1.85304959796120E+01
 3.331E-01  1.81838364766910E+01
 3.377E-01  1.78621836083576E+01
 3.423E-01  1.75661204255745E+01
 3.470E-01  1.72961102048485E+01
 3.517E-01  1.70524940800554E+01
 3.565E-01  1.68354893267823E+01
 3.614E-01  1.66451883147506E+01
 3.663E-01  1.64815581396228E+01
 3.713E-01  1.63444409411047E+01
 3.764E-01  1.62335549097867E+01
 3.815E-01  1.61484959806326E+01
 3.867E-01  1.60887402064664E+01
 3.920E-01  1.60536468002592E+01
 3.974E-01  1.60424618304966E+01
 4.028E-01  1.60543225494516E+01
 4.083E-01  1.60882623298237E+01
 4.139E-01  1.61432161809553E+01
 4.195E-01  1.62180268117386E+01
 4.252E-01  1.63114512033990E+01
 4.311E-01  1.64221676516295E+01
 4.369E-01  1.65487832340691E+01
 4.429E-01  1.66898416559175E+01
 4.489E-01  1.68438314235781E+01
 4.551E-01  1.70091942936615E+01
 4.613E-01  1.71843339424991E+01
 4.676E-01  1.73676247995270E+01
 4.740E-01  1.75574209865554E+01
 4.804E-01  1.77520653040409E+01
 4.870E-01  1.79498982050671E+01
 4.936E-01  1.81492666978142E+01
 5.004E-01  1.83485331178867E+01
 5.072E-01  1.85460837129562E+01
 5.141E-01  1.87403369837757E+01
 5.212E-01  1.89297517277170E+01
 5.283E-01  1.91128347335539E+01
 5.355E-01  1.92881480792469E+01
 5.428E-01  1.94543159879428E+01
 5.502E-01  1.96100312012514E+01
 5.577E-01  1.97540608330629E+01
 5.653E-01  1.98852516716763E+01
 5.731E-01  2.00025349027675E+01
 5.809E-01  2.01049302306901E+01
 5.888E-01  2.01915493807092E+01
 5.969E-01  2.02615989699671E+01
 6.050E-01  2.03143827402078E+01
 6.133E-01  2.03493031504891E+01
 6.216E-01  2.03658623332325E+01
 6.301E-01  2.03636624219442E+01
 6.387E-01  2.03424052637347E+01
 6.474E-01  2.03018915343261E+01
 6.563E-01  2.02420192775173E+01
 6.652E-01  2.01627818950375E+01
 6.743E-01  2.00642656163332E+01
 6.835E-01  1.99466464810626E+01
 6.929E-01  1.98101868699044E+01
 7.023E-01  1.96552316216957E+01
 7.119E-01  1.94822037769003E+01
 7.216E-01  1.92915999889553E+01
 7.315E-01  1.90839856461616E+01
 7.415E-01  1.88599897474720E+01
 7.516E-01  1.86202995758073E+01
 7.618E-01  1.83656552124030E+01
 7.723E-01  1.80968439351843E+01
 7.828E-01  1.78146945433050E+01
 7.935E-01  1.75200716487933E+01
 8.043E-01  1.72138699747517E+01
 8.153E-01  1.68970086977958E+01
 8.264E-01  1.65704258704093E+01
 8.377E-01  1.62350729566878E+01
 8.491E-01  1.58919095125552E+01
 8.607E-01  1.55418980390209E+01
 8.725E-01  1.51859990344122E+01
 8.844E-01  1.48251662688136E+01
 8.965E-01  1.44603423011927E+01
 9.087E-01  1.40924542569238E+01
 9.211E-01  1.37224098806636E+01
 9.337E-01  1.33510938768035E+01
 9.464E-01  1.29793645470584E+01
 9.594E-01  1.26080507321547E+01
 9.725E-01  1.22379490620824E+01
 9.857E-01  1.18698215169836E+01
 9.992E-01  1.15043932984836E+01
 1.013E+00  1.11423510091337E+01
 1.027E+00  1.07843411356397E+01
 1.041E+00  1.04309688297094E+01
 1.055E+00  1.00827969786558E+01
 1.069E+00  9.74034555636053E+00
 1.084E+00  9.40409124382580E+00
 1.099E+00  9.07446730732137E+00
 1.114E+00  8.75186372107508E+00
 1.129E+00  8.43662752054653E+00
 1.144E+00  8.12906337156899E+00
 1.160E+00  7.82943434003669E+00
 1.176E+00  7.53796284634909E+00
 1.192E+00  7.25483178849487E+00
 1.208E+00  6.98018581746106E+00
 1.225E+00  6.71413274857872E+00
 1.241E+00  6.45674509246109E+00
 1.258E+00  6.20806168934425E+00
 1.275E+00  5.96808943089790E+00
 1.293E+00  5.73680505392679E+00
 1.310E+00  5.51415699082377E+00
 1.328E+00  5.30006726215624E+00
 1.347E+00  5.09443339736046E+00
 1.365E+00  4.89713037017479E+00
 1.384E+00  4.70801253615645E+00
 1.402E+00  4.52691556038712E+00
 1.422E+00  4.35365832427502E+00
 1.441E+00  4.18804480119466E+00
 1.461E+00  4.02986589156469E+00
 1.481E+00  3.87890120884007E+00
 1.501E+00  3.73492080878003E+00
 1.521E+00  3.59768685524128E+00
 1.542E+00  3.46695521662857E+00
 1.563E+00  3.34247698800623E+00
 1.584E+00  3.22399993472751E+00
 1.606E+00  3.11126985426829E+00
 1.628E+00  3.00403185375118E+00
 1.650E+00  2.90203154141174E+00
 1.673E+00  2.80501613098438E+00
 1.696E+00  2.71273545866881E+00
 1.719E+00  2.62494291297410E+00
 1.742E+00  2.54139627832542E+00
 1.766E+00  2.46185849385409E+00
 1.790E+00  2.38609832927564E+00
 1.815E+00  2.31389098019050E+00
 1.839E+00  2.24501858551847E+00
 1.864E+00  2.17927067010199E+00
 1.890E+00  2.11644451578417E+00
 1.916E+00  2.05634546448920E+00
 1.942E+00  1.99878715700446E+00
 1.968E+00  1.94359171129075E+00
 1.995E+00  1.89058984422959E+00
 2.022E+00  1.83962094075965E+00
 2.050E+00  1.79053307435992E+00
 2.078E+00  1.74318298280942E+00
 2.106E+00  1.69743600309517E+00
 2.135E+00  1.65316596925549E+00
 2.164E+00  1.61025507683788E+00
 2.194E+00  1.56859371752330E+00
 2.224E+00  1.52808028732478E+00
 2.254E+00  1.48862097161134E+00
 2.285E+00  1.45012951004110E+00
 2.316E+00  1.41252694431298E+00
 2.348E+00  1.37574135146724E+00
 2.380E+00  1.33970756528363E+00
 2.412E+00  1.30436688814455E+00
 2.445E+00  1.26966679555062E+00
 2.479E+00  1.23556063529974E+00
 2.513E+00  1.20200732316981E+00
 2.547E+00  1.16897103677957E+00
 2.582E+00  1.13642090914468E+00
 2.617E+00  1.10433072329606E+00
 2.653E+00  1.07267860918623E+00
 2.689E+00  1.04144674397777E+00
 2.725E+00  1.01062105668489E+00
 2.763E+00  9.80190938026111E-01
 2.800E+00  9.50148956242431E-01
 2.839E+00  9.20490579540649E-01
 2.877E+00  8.91213905736392E-01
 2.917E+00  8.62319399594450E-01
 2.956E+00  8.33809638295584E-01
 2.997E+00  8.05689065398119E-01
 3.038E+00  7.77963753608880E-01
 3.079E+00  7.50641176630828E-01
 3.121E+00  7.23729990313363E-01
 3.164E+00  6.97239823295083E-01
 3.207E+00  6.71181077297129E-01
 3.251E+00  6.45564737197408E-01
 3.295E+00  6.20402190991440E-01
 3.340E+00  5.95705059723485E-01
 3.386E+00  5.71485037451594E-01
 3.432E+00  5.47753741291593E-01
 3.479E+00  5.24522571567252E-01
 3.526E+00  5.01802582076615E-01
 3.575E+00  4.79604360467162E-01
 3.623E+00  4.57937918694848E-01
 3.673E+00  4.36812593523768E-01
 3.723E+00  4.16236957004026E-01
 3.774E+00  3.96218736845164E-01
 3.825E+00  3.76764746581032E-01
 3.878E+00  3.57880825399333E-01
 3.930E+00  3.39571787485142E-01
 3.984E+00  3.21841380702552E-01
 4.039E+00  3.04692254412447E-01
 4.094E+00  2.88125936197233E-01
 4.150E+00  2.72142817235551E-01
 4.206E+00  2.56742146041696E-01
 4.264E+00  2.41922030255972E-01
 4.322E+00  2.27679446143880E-01
 4.381E+00  2.14010255434149E-01
 4.441E+00  2.00909229098568E-01
 4.501E+00  1.88370077650714E-01
 4.563E+00  1.76385487516364E-01
 4.625E+00  1.64947163005982E-01
 4.688E+00  1.54045873399591E-01
 4.752E+00  1.43671504636801E-01
 4.817E+00  1.33813115090244E-01
 4.883E+00  1.24458994889239E-01
 4.950E+00  1.15596728252659E-01
 5.017E+00  1.07213258285644E-01
 5.086E+00  9.92949536944027E-02
 5.155E+00  9.18276768767621E-02
 5.225E+00  8.47968528535865E-02
 5.297E+00  7.81875385175740E-02
 5.369E+00  7.19844916912521E-02
 5.442E+00  6.61722395051032E-02
 5.517E+00  6.07351456294978E-02
 5.592E+00  5.56574759202557E-02
 5.668E+00  5.09234620669635E-02
 5.746E+00  4.65173628652868E-02
 5.824E+00  4.24235227691157E-02
 5.904E+00  3.86264274150593E-02
 5.984E+00  3.51107558501467E-02
 6.066E+00  3.18614292331580E-02
 6.149E+00  2.88636558203523E-02
 6.233E+00  2.61029720870112E-02
 6.318E+00  2.35652798767325E-02
 6.404E+00  2.12368795103221E-02
 6.491E+00  1.91044988250282E-02
 6.580E+00  1.71553181523129E-02
 6.670E+00  1.53769912779986E-02
 6.761E+00  1.37576624620984E-02
 6.853E+00  1.22859796266466E-02
 6.947E+00  1.09511038481208E-02
 7.042E+00  9.74271531637598E-03
 7.138E+00  8.65101594422492E-03
 7.235E+00  7.66672883078892E-03
 7.334E+00  6.78109479743628E-03
 7.434E+00  5.98586622751196E-03
 7.536E+00  5.27329845016965E-03
 7.639E+00  4.63613891452466E-03
 7.743E+00  4.06761440317285E-03
 7.849E+00  3.56141653402251E-03
 7.956E+00  3.11168579655369E-03
 8.064E+00  2.71299436327230E-03
 8.174E+00  2.36032790950390E-03
 8.286E+00  2.04906666503769E-03
 8.399E+00  1.77496590975187E-03
 8.514E+00  1.53413611251004E-03
 8.630E+00  1.32302289859413E-03
 8.748E+00  1.13838701600909E-03
 8.867E+00  9.77284455429396E-04
 8.988E+00  8.37046862615306E-04
 9.111E+00  7.15262366050463E-04
 9.235E+00  6.09756926568153E-04
 9.362E+00  5.18576300044449E-04
 9.489E+00  4.39968689026161E-04
 9.619E+00  3.72368144586980E-04
 9.750E+00  3.14378765901947E-04
 9.883E+00  2.64759732107483E-04
 1.002E+01  2.22411189057327E-04
 1.016E+01  1.86361002656092E-04
 1.029E+01  1.55752380591640E-04
 1.043E+01  1.29832355514436E-04
 1.058E+01  1.07941115026774E-04
 1.072E+01  8.95021572302251E-05
 1.087E+01  7.40132450044517E-05
 1.102E+01  6.10381276100919E-05
 1.117E+01  5.01989945676031E-05
 1.132E+01  4.11696239993638E-05
 1.147E+01  3.36691856641584E-05
 1.163E+01  2.74566576873278E-05
 1.179E+01  2.23258154196204E-05
 1.195E+01  1.81007508658256E-05
 1.211E+01  1.46318816337805E-05
 1.228E+01  1.17924092905159E-05
 1.245E+01  9.47518830343536E-06
 1.262E+01  7.58996832274585E-06
 1.279E+01  6.06097436374252E-06
 1.296E+01  4.82479141612833E-06
 1.314E+01  3.82852208989120E-06
 1.332E+01  3.02818805668311E-06
 1.350E+01  2.38734822120754E-06
 1.368E+01  1.87590872353209E-06
 1.387E+01  1.46910200073076E-06
 1.406E+01  1.14661420023701E-06
 1.425E+01  8.91842218059423E-07
 1.445E+01  6.91263517364715E-07
 1.464E+01  5.33903655746484E-07
 1.484E+01  4.10888105246734E-07
 1.505E+01  3.15066483909767E-07
 1.525E+01  2.40699961766380E-07
 1.546E+01  1.83207929091730E-07
 1.567E+01  1.38927414663849E-07
 1.589E+01  1.04950713657190E-07
 1.610E+01  7.89795357259998E-08
 1.632E+01  5.92042862930266E-08
 1.655E+01  4.42057170627625E-08
 1.677E+01  3.28751264645605E-08
 1.700E+01  2.43498771882572E-08
 1.723E+01  1.79615070660377E-08
 1.747E+01  1.31941490452621E-08
 1.771E+01  9.65135344545608E-09
 1.795E+01  7.02972817950131E-09
 1.819E+01  5.09808672598409E-09
 1.844E+01  3.68102542448392E-09
 1.869E+01  2.64604665347414E-09
 1.895E+01  1.89350763774076E-09
 1.921E+01  1.34881050006214E-09
 1.947E+01  9.56361708318835E-10
 1.974E+01  6.74921796534195E-10
 2.000E+01  4.74042244900093E-10
 2.028E+01  3.31348378178488E-10
 2.055E+01  2.30477408258586E-10
 2.084E+01  1.59521300726194E-10
 2.112E+01  1.09856689016097E-10
 2.141E+01  7.52700349265604E-11
 2.170E+01  5.13068544653763E-11
 2.200E+01  3.47901078068041E-11
 2.230E+01  2.34656344474003E-11
 2.260E+01  1.57424951392025E-11
 2.291E+01  1.05038313532830E-11
 2.322E+01  6.96983572971059E-12
 2.354E+01  4.59901952625351E-12
 2.386E+01  3.01746819369656E-12
 2.419E+01  1.96843580339040E-12
 2.452E+01  1.27663523090585E-12
 2.485E+01  8.23085306552585E-13
 2.519E+01  5.27497359838015E-13
 2.554E+01  3.36014201084895E-13
 2.588E+01  2.12726145525298E-13
 2.624E+01  1.33836172314329E-13
 2.660E+01  8.36716904000781E-14
 2.696E+01  5.19754756208063E-14
 2.733E+01  3.20771131070146E-14
 2.770E+01  1.96666510919388E-14
 2.808E+01  1.19774624259620E-14
 2.846E+01  7.24534192639517E-15
 2.885E+01  4.35283770623649E-15
 2.924E+01  2.59695779490320E-15
 2.964E+01  1.53849073841237E-15
 3.005E+01  9.04941791186835E-16
 3.046E+01  5.28444986860665E-16
 3.087E+01  3.06329860765221E-16
 3.130E+01  1.76256745271789E-16
 3.172E+01  1.00652571027062E-16
 3.216E+01  5.70403211436508E-17
 3.259E+01  3.20753682296573E-17
 3.304E+01  1.78956697378508E-17
 3.349E+01  9.90522321315178E-18
 3.395E+01  5.43842737488996E-18
 3.441E+01  2.96160586279261E-18
 3.488E+01  1.59947516291114E-18
 3.536E+01  8.56593625811567E-19
 3.584E+01  4.54851245168408E-19
 3.633E+01  2.39447650967876E-19
 3.683E+01  1.24953135077088E-19
 3.733E+01  6.46289582015782E-20
 3.784E+01  3.31282048991457E-20
 3.835E+01  1.68269734536752E-20
 3.888E+01  8.46832174377604E-21
 3.941E+01  4.22198865319439E-21
 3.995E+01  2.08501666277266E-21
 4.049E+01  1.01980791754852E-21
 4.104E+01  4.93953949752997E-22
 4.161E+01  2.36894975530559E-22
 4.217E+01  1.12478060143450E-22
 4.275E+01  5.28643430510485E-23
 4.333E+01  2.45912481751301E-23
 4.392E+01  1.13203498339044E-23
 4.452E+01  5.15630571962225E-24
 4.513E+01  2.32356138294263E-24
 4.575E+01  1.03571425368049E-24
 4.637E+01  4.56600937758965E-25
 4.701E+01  1.99056600758000E-25
 4.765E+01  8.58011291932620E-26
 4.830E+01  3.65610745375025E-26
 4.896E+01  1.53987920849172E-26
 4.963E+01  6.40955756546893E-27
 5.030E+01  2.63618419871330E-27
 5.099E+01  1.07118757714801E-27
 5.169E+01  4.29974587573303E-28
 5.239E+01  1.70482423989527E-28
 5.311E+01  6.67759343786488E-29
 5.383E+01  2.58524239317801E-29
 5.457E+01  9.91022811916634E-30
 5.531E+01  3.78046662384679E-30
 5.607E+01  0.00000000000000E+00
 5.683E+01  0.00000000000000E+00
 5.761E+01  0.00000000000000E+00
 5.839E+01  0.00000000000000E+00
 5.919E+01  0.00000000000000E+00
 6.000E+01  0.00000000000000E+00
