line2: Z,NR,R(1),R(NR) /line3,4,...: R(N),RHO*4*PI*R(N)**2
32.00  2000  1.01365245284744E-10  6.00000000000000E+01
 1.014E-10  8.38621126238029E-15
 1.027E-10  8.61030074471942E-15
 1.042E-10  8.84037816302279E-15
 1.056E-10  9.34133318294144E-15
 1.070E-10  9.59094465246981E-15
 1.085E-10  9.84722603564091E-15
 1.100E-10  1.01103555604287E-14
 1.115E-10  1.03805162172775E-14
 1.130E-10  1.06578958863498E-14
 1.145E-10  1.09426874681879E-14
 1.161E-10  1.12350890178653E-14
 1.177E-10  1.15353038827211E-14
 1.193E-10  1.18435408437751E-14
 1.209E-10  1.21600142609241E-14
 1.226E-10  1.24849442220133E-14
 1.242E-10  1.28185566958964E-14
 1.259E-10  1.31610836895815E-14
 1.276E-10  1.35127634095786E-14
 1.294E-10  1.38738404275569E-14
 1.312E-10  1.42445658504303E-14
 1.329E-10  1.46251974949857E-14
 1.348E-10  1.50160000671795E-14
 1.366E-10  1.54172453462246E-14
 1.385E-10  1.58292123735952E-14
 1.404E-10  1.62521876470841E-14
 1.423E-10  1.66864653200440E-14
 1.442E-10  1.71323474059524E-14
 1.462E-10  1.75901439884439E-14
 1.482E-10  1.80601734369549E-14
 1.502E-10  1.85427626281293E-14
 1.523E-10  1.90382471731414E-14
 1.543E-10  1.95469716510922E-14
 1.564E-10  2.00692898486448E-14
 1.586E-10  2.06055650060603E-14
 1.607E-10  2.11561700698069E-14
 1.629E-10  2.17214879519256E-14
 1.652E-10  2.23019117963188E-14
 1.674E-10  2.28978452521579E-14
 1.697E-10  2.35097027545997E-14
 1.720E-10  2.41379098129974E-14
 1.744E-10  2.47829033068144E-14
 1.767E-10  2.54451317894540E-14
 1.792E-10  2.61250558001958E-14
 1.816E-10  2.68231481844694E-14
 1.841E-10  2.75398944226975E-14
 1.866E-10  2.82757929679132E-14
 1.891E-10  2.90313555924019E-14
 1.917E-10  2.98071077436099E-14
 1.943E-10  3.06035889095626E-14
 1.970E-10  3.14213529940412E-14
 1.997E-10  3.22609687017901E-14
 2.024E-10  3.31230199340177E-14
 2.052E-10  3.40081061944638E-14
 2.080E-10  3.49168430063150E-14
 2.108E-10  3.58498623402664E-14
 2.137E-10  3.68078130540164E-14
 2.166E-10  3.77913613435080E-14
 2.196E-10  3.88011912062270E-14
 2.226E-10  3.98380049168824E-14
 2.256E-10  4.09025235157911E-14
 2.287E-10  4.19954873103202E-14
 2.318E-10  4.31176563897250E-14
 2.350E-10  4.42698111537435E-14
 2.382E-10  4.54527528553181E-14
 2.414E-10  4.66673041578173E-14
 2.447E-10  4.79143097071461E-14
 2.481E-10  4.91946367191448E-14
 2.515E-10  5.05091755826888E-14
 2.549E-10  5.18588404788951E-14
 2.584E-10  5.32445700168844E-14
 2.619E-10  5.46673278865151E-14
 2.655E-10  5.61281035285818E-14
 2.691E-10  5.76279128229093E-14
 2.728E-10  5.91677987948264E-14
 2.765E-10  6.07488323405335E-14
 2.803E-10  6.23721129718448E-14
 2.841E-10  6.40387695808286E-14
 2.880E-10  6.57499612248805E-14
 2.919E-10  6.75068779327836E-14
 2.959E-10  6.93107415322966E-14
 2.999E-10  7.11628064998544E-14
 3.040E-10  7.30643608329909E-14
 3.082E-10  7.50167269460558E-14
 3.124E-10  7.70212625898673E-14
 3.166E-10  7.90793617959557E-14
 3.210E-10  8.11924558460159E-14
 3.253E-10  8.33620142672876E-14
 3.298E-10  8.55895458545129E-14
 3.343E-10  8.78765997192081E-14
 3.389E-10  9.02247663669808E-14
 3.435E-10  9.26356788036303E-14
 3.482E-10  9.51110136708002E-14
 3.529E-10  9.76524924119820E-14
 3.577E-10  1.00261882469667E-13
 3.626E-10  1.02940998514500E-13
 3.676E-10  1.05691703707270E-13
 3.726E-10  1.08515910994621E-13
 3.777E-10  1.11415584439396E-13
 3.828E-10  1.14392740586513E-13
 3.881E-10  1.17449449865361E-13
 3.934E-10  1.20587838029641E-13
 3.987E-10  1.23810087635699E-13
 4.042E-10  1.27118439560383E-13
 4.097E-10  1.30515194559401E-13
 4.153E-10  1.34002714867378E-13
 4.210E-10  1.37583425840642E-13
 4.267E-10  1.41259817643897E-13
 4.325E-10  1.45034446982008E-13
 4.384E-10  1.48909938878004E-13
 4.444E-10  1.52888988498616E-13
 4.505E-10  1.56974363028631E-13
 4.566E-10  1.61168903595295E-13
 4.629E-10  1.65475527244099E-13
 4.692E-10  1.69897228967452E-13
 4.756E-10  1.74437083787506E-13
 4.821E-10  1.79098248894612E-13
 4.887E-10  1.83883965843006E-13
 4.953E-10  1.88797562805066E-13
 5.021E-10  1.93842456885867E-13
 5.090E-10  1.99022156499565E-13
 5.159E-10  2.04340263809294E-13
 5.230E-10  2.09800477232243E-13
 5.301E-10  2.15406594011671E-13
 5.373E-10  2.21162512857666E-13
 5.447E-10  2.27072236658435E-13
 5.521E-10  2.33139875264120E-13
 5.596E-10  2.39369648344891E-13
 5.673E-10  2.45765888325479E-13
 5.750E-10  2.52333043398144E-13
 5.829E-10  2.59075680616080E-13
 5.908E-10  2.65998489069527E-13
 5.989E-10  2.73106283146790E-13
 6.071E-10  2.80404005882284E-13
 6.154E-10  2.87896732394130E-13
 6.238E-10  2.95589673413632E-13
 6.323E-10  3.03488178908968E-13
 6.409E-10  3.11597741805773E-13
 6.497E-10  3.19924001807171E-13
 6.585E-10  3.28472749315783E-13
 6.675E-10  3.37249929460627E-13
 6.766E-10  3.46261646231608E-13
 6.859E-10  3.55514166724445E-13
 6.952E-10  3.65013925499031E-13
 7.047E-10  3.74767529054293E-13
 7.144E-10  3.84781760422654E-13
 7.241E-10  3.95063583887131E-13
 7.340E-10  4.05620149824603E-13
 7.440E-10  4.16458799678479E-13
 7.542E-10  4.27587071064192E-13
 7.645E-10  4.39012703011158E-13
 7.749E-10  4.50743641344792E-13
 7.855E-10  4.62788044212352E-13
 7.962E-10  4.75154287756411E-13
 8.071E-10  4.87850971939948E-13
 8.181E-10  5.00886926527127E-13
 8.293E-10  5.14271217223823E-13
 8.406E-10  5.28013151982223E-13
 8.521E-10  5.42122287474076E-13
 8.637E-10  5.56608435736600E-13
 8.755E-10  5.71481670996227E-13
 8.874E-10  5.86752336674682E-13
 8.996E-10  6.02431052582020E-13
 9.118E-10  6.18528722302243E-13
 9.243E-10  6.35056540775953E-13
 9.369E-10  6.52026002085722E-13
 9.497E-10  6.69448907449627E-13
 9.627E-10  6.87337373428209E-13
 9.758E-10  7.05703840350777E-13
 9.891E-10  7.24561080966929E-13
 1.003E-09  7.43922209329201E-13
 1.016E-09  7.63800689913067E-13
 1.030E-09  7.84210346980715E-13
 1.044E-09  8.05165374194877E-13
 1.059E-09  8.26680344489707E-13
 1.073E-09  8.48770220205347E-13
 1.088E-09  8.71450363493320E-13
 1.102E-09  8.94736546999958E-13
 1.118E-09  9.18644964835294E-13
 1.133E-09  9.43192243835078E-13
 1.148E-09  9.68395455123689E-13
 1.164E-09  9.94272125986149E-13
 1.180E-09  1.02084025205721E-12
 1.196E-09  1.04811830983610E-12
 1.212E-09  1.07612526953590E-12
 1.229E-09  1.10488060827630E-12
 1.246E-09  1.13440432362846E-12
 1.263E-09  1.16471694752221E-12
 1.280E-09  1.19583956052481E-12
 1.297E-09  1.22779380650107E-12
 1.315E-09  1.26060190766549E-12
 1.333E-09  1.29428668003616E-12
 1.351E-09  1.32887154930219E-12
 1.370E-09  1.36438056711469E-12
 1.388E-09  1.40083842781325E-12
 1.407E-09  1.43827048559924E-12
 1.426E-09  1.47670277216818E-12
 1.446E-09  1.51616201481334E-12
 1.466E-09  1.55667565501250E-12
 1.486E-09  1.59827186751218E-12
 1.506E-09  1.64097957992144E-12
 1.527E-09  1.68482849282890E-12
 1.547E-09  1.72984910045799E-12
 1.568E-09  1.77607271187377E-12
 1.590E-09  1.82353147275638E-12
 1.612E-09  1.87225838775640E-12
 1.634E-09  1.92228734344740E-12
 1.656E-09  1.97365313189231E-12
 1.679E-09  2.02639147483881E-12
 1.701E-09  2.08053904856188E-12
 1.725E-09  2.13613350936961E-12
 1.748E-09  2.19321351979098E-12
 1.772E-09  2.25181877546337E-12
 1.796E-09  2.31199003273832E-12
 1.821E-09  2.37376913702501E-12
 1.846E-09  2.43719905189123E-12
 1.871E-09  2.50232388894184E-12
 1.896E-09  2.56918893849563E-12
 1.922E-09  2.63784070108217E-12
 1.949E-09  2.70832691977981E-12
 1.975E-09  2.78069661341818E-12
 2.002E-09  2.85500011066763E-12
 2.029E-09  2.93128908504000E-12
 2.057E-09  3.00961659082389E-12
 2.085E-09  3.09003709998096E-12
 2.114E-09  3.17260654002803E-12
 2.143E-09  3.25738233293061E-12
 2.172E-09  3.34442343503682E-12
 2.201E-09  3.43379037807781E-12
 2.232E-09  3.52554531126360E-12
 2.262E-09  3.61975204450433E-12
 2.293E-09  3.71647609278581E-12
 2.324E-09  3.81578472173147E-12
 2.356E-09  3.91774699438115E-12
 2.388E-09  4.02243381922026E-12
 2.421E-09  4.12991799949253E-12
 2.454E-09  4.24027428382966E-12
 2.487E-09  4.35357941823490E-12
 2.521E-09  4.46991219945448E-12
 2.556E-09  4.58935352977655E-12
 2.590E-09  4.71198647329354E-12
 2.626E-09  4.83789631366769E-12
 2.662E-09  4.96717061344153E-12
 2.698E-09  5.09989927493063E-12
 2.735E-09  5.23617460274663E-12
 2.772E-09  5.37609136798882E-12
 2.810E-09  5.51974687415110E-12
 2.848E-09  5.66724102479170E-12
 2.887E-09  5.81867639300825E-12
 2.927E-09  5.97415829277256E-12
 2.967E-09  6.13379485216951E-12
 3.007E-09  6.29769708859303E-12
 3.048E-09  6.46597898595218E-12
 3.090E-09  6.63875757393968E-12
 3.132E-09  6.81615300941936E-12
 3.175E-09  6.99828865998660E-12
 3.218E-09  7.18529118976451E-12
 3.262E-09  7.37729064748977E-12
 3.307E-09  7.57442055695374E-12
 3.352E-09  7.77681800986012E-12
 3.398E-09  7.98462376116343E-12
 3.444E-09  8.19798232695630E-12
 3.491E-09  8.41704208496952E-12
 3.539E-09  8.64195537776217E-12
 3.587E-09  8.87287861866411E-12
 3.636E-09  9.10997240055295E-12
 3.685E-09  9.35340160753626E-12
 3.736E-09  9.60333552961728E-12
 3.787E-09  9.85994798042797E-12
 3.838E-09  1.01234174181029E-11
 3.891E-09  1.03939270693867E-11
 3.944E-09  1.06716650570582E-11
 3.998E-09  1.09568245307570E-11
 4.052E-09  1.12496038013062E-11
 4.108E-09  1.15502064786266E-11
 4.164E-09  1.18588416133347E-11
 4.221E-09  1.21757238421241E-11
 4.278E-09  1.25010735370313E-11
 4.337E-09  1.28351169586918E-11
 4.396E-09  1.31780864136902E-11
 4.456E-09  1.35302204161135E-11
 4.517E-09  1.38917638534254E-11
 4.578E-09  1.42629681567683E-11
 4.641E-09  1.46440914758173E-11
 4.704E-09  1.50353988583104E-11
 4.769E-09  1.54371624343700E-11
 4.834E-09  1.58496616057538E-11
 4.900E-09  1.62731832401602E-11
 4.967E-09  1.67080218707269E-11
 5.034E-09  1.71544799008620E-11
 5.103E-09  1.76128678145451E-11
 5.173E-09  1.80835043922499E-11
 5.243E-09  1.85667169326380E-11
 5.315E-09  1.90628414801707E-11
 5.388E-09  1.95722230588102E-11
 5.461E-09  2.00952159119625E-11
 5.536E-09  2.06321837488287E-11
 5.611E-09  2.11834999973449E-11
 5.688E-09  2.17495480638758E-11
 5.765E-09  2.23307215998520E-11
 5.844E-09  2.29274247755289E-11
 5.924E-09  2.35400725610625E-11
 6.005E-09  2.41690910150924E-11
 6.087E-09  2.48149175810427E-11
 6.170E-09  2.54780013913354E-11
 6.254E-09  2.61588035797321E-11
 6.340E-09  2.68577976020270E-11
 6.426E-09  2.75754695653025E-11
 6.514E-09  2.83123185659886E-11
 6.603E-09  2.90688570369512E-11
 6.693E-09  2.98456111038582E-11
 6.784E-09  3.06431209510672E-11
 6.877E-09  3.14619411972900E-11
 6.971E-09  3.23026412812930E-11
 7.066E-09  3.31658058579096E-11
 7.162E-09  3.40520352046293E-11
 7.260E-09  3.49619456390504E-11
 7.359E-09  3.58961699474956E-11
 7.460E-09  3.68553578250720E-11
 7.562E-09  3.78401763274910E-11
 7.665E-09  3.88513103349683E-11
 7.770E-09  3.98894630285143E-11
 7.876E-09  4.09553563789487E-11
 7.983E-09  4.20497316489854E-11
 8.092E-09  4.31733499087421E-11
 8.203E-09  4.43269925650076E-11
 8.315E-09  4.55114619046665E-11
 8.428E-09  4.67275816526388E-11
 8.543E-09  4.79761975447215E-11
 8.660E-09  4.92581779157557E-11
 8.778E-09  5.05744143034936E-11
 8.898E-09  5.19258220686050E-11
 9.019E-09  5.33133410312543E-11
 9.142E-09  5.47379361246856E-11
 9.267E-09  5.62005980662751E-11
 9.394E-09  5.77023440465102E-11
 9.522E-09  5.92442184363834E-11
 9.652E-09  6.08272935136840E-11
 9.784E-09  6.24526702086974E-11
 9.917E-09  6.41214788698388E-11
 1.005E-08  6.58348800497363E-11
 1.019E-08  6.75940653123200E-11
 1.033E-08  6.94002580614791E-11
 1.047E-08  7.12547143918657E-11
 1.061E-08  7.31587239624240E-11
 1.076E-08  7.51136108932665E-11
 1.090E-08  7.71207346865234E-11
 1.105E-08  7.91814911717810E-11
 1.120E-08  8.12973134768006E-11
 1.136E-08  8.34696730241568E-11
 1.151E-08  8.57000805545229E-11
 1.167E-08  8.79900871773058E-11
 1.183E-08  9.03412854493273E-11
 1.199E-08  9.27553104823574E-11
 1.215E-08  9.52338410802233E-11
 1.232E-08  9.77786009063166E-11
 1.249E-08  1.00391359682287E-10
 1.266E-08  1.03073934418773E-10
 1.283E-08  1.05828190679016E-10
 1.301E-08  1.08656043876237E-10
 1.318E-08  1.11559460605696E-10
 1.336E-08  1.14540460012316E-10
 1.355E-08  1.17601115194886E-10
 1.373E-08  1.20743554647753E-10
 1.392E-08  1.23969963741061E-10
 1.411E-08  1.27282586240546E-10
 1.430E-08  1.30683725867911E-10
 1.450E-08  1.34175747902931E-10
 1.470E-08  1.37761080828352E-10
 1.490E-08  1.41442218018735E-10
 1.510E-08  1.45221719474448E-10
 1.531E-08  1.49102213601985E-10
 1.551E-08  1.53086399041844E-10
 1.573E-08  1.57177046545247E-10
 1.594E-08  1.61377000901058E-10
 1.616E-08  1.65689182914107E-10
 1.638E-08  1.70116591436441E-10
 1.660E-08  1.74662305452836E-10
 1.683E-08  1.79329486222018E-10
 1.706E-08  1.84121379475139E-10
 1.729E-08  1.89041317672943E-10
 1.753E-08  1.94092722323291E-10
 1.777E-08  1.99279106360604E-10
 1.801E-08  2.04604076588869E-10
 1.826E-08  2.10071336189945E-10
 1.851E-08  2.15684687298894E-10
 1.876E-08  2.21448033648093E-10
 1.901E-08  2.27365383282034E-10
 1.927E-08  2.33440851344693E-10
 1.954E-08  2.39678662941306E-10
 1.980E-08  2.46083156076649E-10
 2.007E-08  2.52658784671883E-10
 2.035E-08  2.59410121661910E-10
 2.063E-08  2.66341862175598E-10
 2.091E-08  2.73458826800907E-10
 2.119E-08  2.80765964937292E-10
 2.148E-08  2.88268358237709E-10
 2.178E-08  2.95971224142548E-10
 2.207E-08  3.03879919508044E-10
 2.237E-08  3.11999944331600E-10
 2.268E-08  3.20336945576654E-10
 2.299E-08  3.28896721099821E-10
 2.330E-08  3.37685223682897E-10
 2.362E-08  3.46708565172615E-10
 2.394E-08  3.55973020731044E-10
 2.427E-08  3.65485033199527E-10
 2.460E-08  3.75251217579294E-10
 2.494E-08  3.85278365631730E-10
 2.528E-08  3.95573450601603E-10
 2.562E-08  4.06143632066478E-10
 2.597E-08  4.16996260915744E-10
 2.633E-08  4.28138884462672E-10
 2.669E-08  4.39579251693051E-10
 2.705E-08  4.51325318654133E-10
 2.742E-08  4.63385253987467E-10
 2.779E-08  4.75767444609687E-10
 2.817E-08  4.88480501545079E-10
 2.856E-08  5.01533265913928E-10
 2.895E-08  5.14934815080881E-10
 2.934E-08  5.28694468967795E-10
 2.974E-08  5.42821796534981E-10
 3.015E-08  5.57326622435791E-10
 3.056E-08  5.72219033849090E-10
 3.098E-08  5.87509387494090E-10
 3.140E-08  6.03208316832873E-10
 3.183E-08  6.19326739465141E-10
 3.227E-08  6.35875864720726E-10
 3.271E-08  6.52867201454893E-10
 3.315E-08  6.70312566051983E-10
 3.361E-08  6.88224090642924E-10
 3.406E-08  7.06614231542256E-10
 3.453E-08  7.25495777910724E-10
 3.500E-08  7.44881860649214E-10
 3.548E-08  7.64785961530353E-10
 3.596E-08  7.85221922574259E-10
 3.645E-08  8.06203955674735E-10
 3.695E-08  8.27746652482549E-10
 3.746E-08  8.49864994552926E-10
 3.797E-08  8.72574363764395E-10
 3.849E-08  8.95890553015638E-10
 3.901E-08  9.19829777208302E-10
 3.954E-08  9.44408684523611E-10
 4.008E-08  9.69644367999827E-10
 4.063E-08  9.95554377419231E-10
 4.119E-08  1.02215673151296E-09
 4.175E-08  1.04946993049167E-09
 4.232E-08  1.07751296891114E-09
 4.290E-08  1.10630534888169E-09
 4.348E-08  1.13586709363062E-09
 4.408E-08  1.16621876142681E-09
 4.468E-08  1.19738145987764E-09
 4.529E-08  1.22937686060782E-09
 4.591E-08  1.26222721433057E-09
 4.653E-08  1.29595536632135E-09
 4.717E-08  1.33058477230510E-09
 4.781E-08  1.36613951476814E-09
 4.846E-08  1.40264431970577E-09
 4.913E-08  1.44012457381751E-09
 4.980E-08  1.47860634216172E-09
 5.048E-08  1.51811638628190E-09
 5.117E-08  1.55868218281756E-09
 5.186E-08  1.60033194261218E-09
 5.257E-08  1.64309463033200E-09
 5.329E-08  1.68699998460868E-09
 5.402E-08  1.73207853872037E-09
 5.475E-08  1.77836164182566E-09
 5.550E-08  1.82588148076440E-09
 5.626E-08  1.87467110244124E-09
 5.703E-08  1.92476443680789E-09
 5.781E-08  1.97619632045838E-09
 5.860E-08  2.02900252085550E-09
 5.940E-08  2.08321976120474E-09
 6.021E-08  2.13888574599231E-09
 6.103E-08  2.19603918720605E-09
 6.186E-08  2.25471983125653E-09
 6.271E-08  2.31496848661804E-09
 6.356E-08  2.37682705220774E-09
 6.443E-08  2.44033854652325E-09
 6.531E-08  2.50554713755875E-09
 6.620E-08  2.57249817352089E-09
 6.711E-08  2.64123821436474E-09
 6.802E-08  2.71181506417291E-09
 6.895E-08  2.78427780439971E-09
 6.989E-08  2.85867682800348E-09
 7.085E-08  2.93506387449160E-09
 7.181E-08  3.01349206590102E-09
 7.279E-08  3.09401594374021E-09
 7.379E-08  3.17669150691961E-09
 7.479E-08  3.26157625069423E-09
 7.582E-08  3.34872920664687E-09
 7.685E-08  3.43821098374036E-09
 7.790E-08  3.53008381046672E-09
 7.896E-08  3.62441157812210E-09
 8.004E-08  3.72125988523774E-09
 8.113E-08  3.82069608319987E-09
 8.224E-08  3.92278932308637E-09
 8.336E-08  4.02761060375635E-09
 8.450E-08  4.13523282122441E-09
 8.566E-08  4.24573081935393E-09
 8.683E-08  4.35918144190558E-09
 8.801E-08  4.47566358597548E-09
 8.921E-08  4.59525825686262E-09
 9.043E-08  4.71804862440097E-09
 9.167E-08  4.84412008079794E-09
 9.292E-08  4.97356030001827E-09
 9.419E-08  5.10645929875318E-09
 9.547E-08  5.24290949902080E-09
 9.677E-08  5.38300579243811E-09
 9.810E-08  5.52684560621005E-09
 9.944E-08  5.67452897088235E-09
 1.008E-07  5.82615858990532E-09
 1.022E-07  5.98183991105520E-09
 1.036E-07  6.14168119976441E-09
 1.050E-07  6.30579361441185E-09
 1.064E-07  6.47429128362376E-09
 1.079E-07  6.64729138564178E-09
 1.093E-07  6.82491422980948E-09
 1.108E-07  7.00728334023843E-09
 1.123E-07  7.19452554170912E-09
 1.139E-07  7.38677104786639E-09
 1.154E-07  7.58415355177248E-09
 1.170E-07  7.78681031887891E-09
 1.186E-07  7.99488228248419E-09
 1.202E-07  8.20851414173970E-09
 1.219E-07  8.42785446227591E-09
 1.235E-07  8.65305577951778E-09
 1.252E-07  8.88427470475961E-09
 1.269E-07  9.12167203407488E-09
 1.287E-07  9.36541286013620E-09
 1.304E-07  9.61566668702219E-09
 1.322E-07  9.87260754809378E-09
 1.340E-07  1.01364141270196E-08
 1.358E-07  1.04072698820332E-08
 1.377E-07  1.06853631735135E-08
 1.396E-07  1.09708873949718E-08
 1.415E-07  1.12640411075408E-08
 1.434E-07  1.15650281780561E-08
 1.454E-07  1.18740579208264E-08
 1.473E-07  1.21913452431943E-08
 1.494E-07  1.25171107949827E-08
 1.514E-07  1.28515811219388E-08
 1.535E-07  1.31949888232761E-08
 1.556E-07  1.35475727134241E-08
 1.577E-07  1.39095779881040E-08
 1.598E-07  1.42812563948381E-08
 1.620E-07  1.46628664080168E-08
 1.642E-07  1.50546734086448E-08
 1.665E-07  1.54569498688878E-08
 1.687E-07  1.58699755415522E-08
 1.710E-07  1.62940376546256E-08
 1.734E-07  1.67294311110166E-08
 1.757E-07  1.71764586936336E-08
 1.781E-07  1.76354312759392E-08
 1.806E-07  1.81066680381324E-08
 1.830E-07  1.85904966891108E-08
 1.855E-07  1.90872536943575E-08
 1.881E-07  1.95972845099196E-08
 1.906E-07  2.01209438226411E-08
 1.932E-07  2.06585957968118E-08
 1.959E-07  2.12106143274073E-08
 1.986E-07  2.17773833000931E-08
 2.013E-07  2.23592968581838E-08
 2.040E-07  2.29567596767268E-08
 2.068E-07  2.35701872439122E-08
 2.096E-07  2.42000061500059E-08
 2.125E-07  2.48466543839948E-08
 2.154E-07  2.55105816381662E-08
 2.183E-07  2.61922496208230E-08
 2.213E-07  2.68921323773502E-08
 2.243E-07  2.76107166198668E-08
 2.274E-07  2.83485020656825E-08
 2.305E-07  2.91060017847966E-08
 2.336E-07  2.98837425566866E-08
 2.368E-07  3.06822652366204E-08
 2.401E-07  3.15021251317720E-08
 2.433E-07  3.23438923873734E-08
 2.467E-07  3.32081523831825E-08
 2.500E-07  3.40955061405615E-08
 2.534E-07  3.50065707404138E-08
 2.569E-07  3.59419797522942E-08
 2.604E-07  3.69023836749921E-08
 2.640E-07  3.78884503888767E-08
 2.676E-07  3.89008656203284E-08
 2.712E-07  3.99403334185904E-08
 2.749E-07  4.10075766453544E-08
 2.787E-07  4.21033374774193E-08
 2.825E-07  4.32283779227946E-08
 2.863E-07  4.43834803505943E-08
 2.903E-07  4.55694480350700E-08
 2.942E-07  4.67871057142025E-08
 2.982E-07  4.80373001632052E-08
 3.023E-07  4.93209007833566E-08
 3.064E-07  5.06388002065632E-08
 3.106E-07  5.19919149160744E-08
 3.149E-07  5.33811858837931E-08
 3.192E-07  5.48075792245923E-08
 3.235E-07  5.62720868681423E-08
 3.279E-07  5.77757272486644E-08
 3.324E-07  5.93195460131242E-08
 3.369E-07  6.09046167483580E-08
 3.415E-07  6.25320417276034E-08
 3.462E-07  6.42029526769914E-08
 3.509E-07  6.59185115625215E-08
 3.557E-07  6.76799113980511E-08
 3.606E-07  6.94883770748846E-08
 3.655E-07  7.13451662135231E-08
 3.705E-07  7.32515700381718E-08
 3.756E-07  7.52089142746126E-08
 3.807E-07  7.72185600720690E-08
 3.859E-07  7.92819049497004E-08
 3.911E-07  8.14003837683793E-08
 3.965E-07  8.35754697284569E-08
 4.019E-07  8.58086753941454E-08
 4.074E-07  8.81015537453060E-08
 4.129E-07  9.04556992573364E-08
 4.186E-07  9.28727490098885E-08
 4.243E-07  9.53543838252276E-08
 4.301E-07  9.79023294369956E-08
 4.360E-07  1.00518357690218E-07
 4.419E-07  1.03204287773356E-07
 4.479E-07  1.05961987483281E-07
 4.541E-07  1.08793374524058E-07
 4.603E-07  1.11700417840409E-07
 4.665E-07  1.14685138986823E-07
 4.729E-07  1.17749613533238E-07
 4.794E-07  1.20895972508279E-07
 4.859E-07  1.24126403881057E-07
 4.926E-07  1.27443154082559E-07
 4.993E-07  1.30848529567686E-07
 5.061E-07  1.34344898419037E-07
 5.130E-07  1.37934691993504E-07
 5.200E-07  1.41620406612917E-07
 5.271E-07  1.45404605299814E-07
 5.343E-07  1.49289919559583E-07
 5.416E-07  1.53279051210283E-07
 5.490E-07  1.57374774261271E-07
 5.565E-07  1.61579936842058E-07
 5.641E-07  1.65897463182718E-07
 5.718E-07  1.70330355647164E-07
 5.796E-07  1.74881696820790E-07
 5.875E-07  1.79554651653861E-07
 5.955E-07  1.84352469662190E-07
 6.037E-07  1.89278487186575E-07
 6.119E-07  1.94336129712640E-07
 6.202E-07  1.99528914252647E-07
 6.287E-07  2.04860451790917E-07
 6.373E-07  2.10334449794623E-07
 6.460E-07  2.15954714791623E-07
 6.548E-07  2.21725155017193E-07
 6.638E-07  2.27649783131480E-07
 6.728E-07  2.33732719009507E-07
 6.820E-07  2.39978192605786E-07
 6.913E-07  2.46390546895402E-07
 7.008E-07  2.52974240893703E-07
 7.103E-07  2.59733852756670E-07
 7.200E-07  2.66674082964088E-07
 7.298E-07  2.73799757587807E-07
 7.398E-07  2.81115831647252E-07
 7.499E-07  2.88627392554639E-07
 7.602E-07  2.96339663652234E-07
 7.705E-07  3.04258007844057E-07
 7.811E-07  3.12387931324624E-07
 7.917E-07  3.20735087407374E-07
 8.025E-07  3.29305280455319E-07
 8.135E-07  3.38104469916665E-07
 8.246E-07  3.47138774468348E-07
 8.358E-07  3.56414476270173E-07
 8.473E-07  3.65938025332652E-07
 8.588E-07  3.75716044001553E-07
 8.705E-07  3.85755331562164E-07
 8.824E-07  3.96062868966646E-07
 8.945E-07  4.06645823687668E-07
 9.067E-07  4.17511554701694E-07
 9.191E-07  4.28667617605341E-07
 9.316E-07  4.40121769868489E-07
 9.443E-07  4.51881976227806E-07
 9.572E-07  4.63956414224116E-07
 9.703E-07  4.76353479887885E-07
 9.835E-07  4.89081793576669E-07
 9.970E-07  5.02150205968220E-07
 1.011E-06  5.15567804213952E-07
 1.024E-06  5.29343918256683E-07
 1.038E-06  5.43488127317134E-07
 1.053E-06  5.58010266553800E-07
 1.067E-06  5.72920433900629E-07
 1.081E-06  5.88228997087455E-07
 1.096E-06  6.03946600847828E-07
 1.111E-06  6.20084174319579E-07
 1.126E-06  6.36652938642950E-07
 1.142E-06  6.53664414761742E-07
 1.157E-06  6.71130431432826E-07
 1.173E-06  6.89063133449685E-07
 1.189E-06  7.07474990085536E-07
 1.205E-06  7.26378803762026E-07
 1.222E-06  7.45787718949626E-07
 1.239E-06  7.65715231305523E-07
 1.255E-06  7.86175197055769E-07
 1.273E-06  8.07181842628148E-07
 1.290E-06  8.28749774542060E-07
 1.308E-06  8.50893989562880E-07
 1.325E-06  8.73629885127547E-07
 1.344E-06  8.96973270048244E-07
 1.362E-06  9.20940375502564E-07
 1.380E-06  9.45547866316944E-07
 1.399E-06  9.70812852551315E-07
 1.418E-06  9.96752901393697E-07
 1.438E-06  1.02338604937207E-06
 1.457E-06  1.05073081489248E-06
 1.477E-06  1.07880621111240E-06
 1.497E-06  1.10763175915763E-06
 1.518E-06  1.13722750169232E-06
 1.539E-06  1.16761401685130E-06
 1.560E-06  1.19881243254496E-06
 1.581E-06  1.23084444114587E-06
 1.603E-06  1.26373231456769E-06
 1.624E-06  1.29749891974700E-06
 1.647E-06  1.33216773453857E-06
 1.669E-06  1.36776286403532E-06
 1.692E-06  1.40430905732382E-06
 1.715E-06  1.44183172468768E-06
 1.738E-06  1.48035695527037E-06
 1.762E-06  1.51991153520965E-06
 1.786E-06  1.56052296625649E-06
 1.811E-06  1.60221948489122E-06
 1.835E-06  1.64503008195020E-06
 1.860E-06  1.68898452277682E-06
 1.886E-06  1.73411336791073E-06
 1.911E-06  1.78044799432917E-06
 1.938E-06  1.82802061725644E-06
 1.964E-06  1.87686431255517E-06
 1.991E-06  1.92701303971578E-06
 2.018E-06  1.97850166545991E-06
 2.046E-06  2.03136598797475E-06
 2.073E-06  2.08564276179371E-06
 2.102E-06  2.14136972334197E-06
 2.130E-06  2.19858561716482E-06
 2.160E-06  2.25733022285539E-06
 2.189E-06  2.31764438270240E-06
 2.219E-06  2.37957003007585E-06
 2.249E-06  2.44315021857101E-06
 2.280E-06  2.50842915193043E-06
 2.311E-06  2.57545221476538E-06
 2.343E-06  2.64426600409729E-06
 2.375E-06  2.71491836174197E-06
 2.407E-06  2.78745840755825E-06
 2.440E-06  2.86193657358455E-06
 2.473E-06  2.93840463908779E-06
 2.507E-06  3.01691576654687E-06
 2.541E-06  3.09752453859823E-06
 2.576E-06  3.18028699596739E-06
 2.611E-06  3.26526067641364E-06
 2.647E-06  3.35250465471475E-06
 2.683E-06  3.44207958371890E-06
 2.719E-06  3.53404773649350E-06
 2.757E-06  3.62847304959895E-06
 2.794E-06  3.72542116751788E-06
 2.832E-06  3.82495948827135E-06
 2.871E-06  3.92715721025241E-06
 2.910E-06  4.03208538031044E-06
 2.950E-06  4.13981694311965E-06
 2.990E-06  4.25042679186500E-06
 3.031E-06  4.36399182028233E-06
 3.072E-06  4.48059097608751E-06
 3.114E-06  4.60030531583192E-06
 3.157E-06  4.72321806122363E-06
 3.200E-06  4.84941465695099E-06
 3.244E-06  4.97898283005039E-06
 3.288E-06  5.11201265085988E-06
 3.333E-06  5.24859659559951E-06
 3.378E-06  5.38882961062175E-06
 3.424E-06  5.53280917837912E-06
 3.471E-06  5.68063538515099E-06
 3.519E-06  5.83241099057984E-06
 3.567E-06  5.98824149906409E-06
 3.615E-06  6.14823523305475E-06
 3.665E-06  6.31250340831145E-06
 3.715E-06  6.48116021116602E-06
 3.765E-06  6.65432287784943E-06
 3.817E-06  6.83211177593534E-06
 3.869E-06  7.01465048795821E-06
 3.922E-06  7.20206589726472E-06
 3.975E-06  7.39448827615549E-06
 4.030E-06  7.59205137637934E-06
 4.085E-06  7.79489252204482E-06
 4.140E-06  8.00315270501091E-06
 4.197E-06  8.21697668282233E-06
 4.254E-06  8.43651307926241E-06
 4.312E-06  8.66191448758725E-06
 4.371E-06  8.89333757651569E-06
 4.431E-06  9.13094319904999E-06
 4.491E-06  9.37489650419795E-06
 4.553E-06  9.62536705167927E-06
 4.615E-06  9.88252892969395E-06
 4.678E-06  1.01465608758309E-05
 4.742E-06  1.04176464012057E-05
 4.806E-06  1.06959739179116E-05
 4.872E-06  1.09817368698707E-05
 4.938E-06  1.12751338671778E-05
 5.006E-06  1.15763688240290E-05
 5.074E-06  1.18856511003328E-05
 5.144E-06  1.22031956470976E-05
 5.214E-06  1.25292231557016E-05
 5.285E-06  1.28639602111441E-05
 5.357E-06  1.32076394493865E-05
 5.430E-06  1.35604997188939E-05
 5.504E-06  1.39227862464831E-05
 5.579E-06  1.42947508076007E-05
 5.656E-06  1.46766519011427E-05
 5.733E-06  1.50687549289344E-05
 5.811E-06  1.54713323800070E-05
 5.890E-06  1.58846640197861E-05
 5.971E-06  1.63090370843275E-05
 6.052E-06  1.67447464797378E-05
 6.135E-06  1.71920949869129E-05
 6.219E-06  1.76513934717387E-05
 6.304E-06  1.81229611009029E-05
 6.390E-06  1.86071255634609E-05
 6.477E-06  1.91042232983133E-05
 6.565E-06  1.96145997277507E-05
 6.655E-06  2.01386094972323E-05
 6.746E-06  2.06766167215538E-05
 6.838E-06  2.12289952375885E-05
 6.931E-06  2.17961288637685E-05
 7.026E-06  2.23784116664810E-05
 7.122E-06  2.29762482335814E-05
 7.219E-06  2.35900539551884E-05
 7.318E-06  2.42202553119798E-05
 7.418E-06  2.48672901711723E-05
 7.519E-06  2.55316080903898E-05
 7.622E-06  2.62136706296473E-05
 7.726E-06  2.69139516716462E-05
 7.831E-06  2.76329377506121E-05
 7.938E-06  2.83711283899064E-05
 8.046E-06  2.91290364486357E-05
 8.156E-06  2.99071884775038E-05
 8.268E-06  3.07061250841561E-05
 8.380E-06  3.15264013082654E-05
 8.495E-06  3.23685870066125E-05
 8.611E-06  3.32332672484441E-05
 8.728E-06  3.41210427213612E-05
 8.848E-06  3.50325301480312E-05
 8.968E-06  3.59683627140229E-05
 9.091E-06  3.69291905070217E-05
 9.215E-06  3.79156809677776E-05
 9.341E-06  3.89285193530631E-05
 9.468E-06  3.99684092109713E-05
 9.597E-06  4.10360728688871E-05
 9.729E-06  4.21322519344600E-05
 9.861E-06  4.32577078099431E-05
 9.996E-06  4.44132222202176E-05
 1.013E-05  4.55995977549135E-05
 1.027E-05  4.68176584249676E-05
 1.041E-05  4.80682502340117E-05
 1.055E-05  4.93522417649912E-05
 1.070E-05  5.06705247824139E-05
 1.084E-05  5.20240148506582E-05
 1.099E-05  5.34136519687356E-05
 1.114E-05  5.48404012219841E-05
 1.129E-05  5.63052534511179E-05
 1.145E-05  5.78092259391071E-05
 1.160E-05  5.93533631163549E-05
 1.176E-05  6.09387372846507E-05
 1.192E-05  6.25664493604337E-05
 1.209E-05  6.42376296378354E-05
 1.225E-05  6.59534385720463E-05
 1.242E-05  6.77150675835648E-05
 1.259E-05  6.95237398838638E-05
 1.276E-05  7.13807113230318E-05
 1.293E-05  7.32872712599990E-05
 1.311E-05  7.52447434559565E-05
 1.329E-05  7.72544869915356E-05
 1.347E-05  7.93178972084296E-05
 1.365E-05  8.14364066760960E-05
 1.384E-05  8.36114861841724E-05
 1.403E-05  8.58446457613474E-05
 1.422E-05  8.81374357213338E-05
 1.442E-05  9.04914477367012E-05
 1.461E-05  9.29083159412834E-05
 1.481E-05  9.53897180619534E-05
 1.501E-05  9.79373765805055E-05
 1.522E-05  1.00553059926455E-04
 1.543E-05  1.03238583701623E-04
 1.564E-05  1.05995811937284E-04
 1.585E-05  1.08826658384753E-04
 1.607E-05  1.11733087840358E-04
 1.629E-05  1.14717117505649E-04
 1.651E-05  1.17780818383799E-04
 1.673E-05  1.20926316713154E-04
 1.696E-05  1.24155795438944E-04
 1.719E-05  1.27471495724119E-04
 1.743E-05  1.30875718500396E-04
 1.767E-05  1.34370826060551E-04
 1.791E-05  1.37959243693086E-04
 1.815E-05  1.41643461360350E-04
 1.840E-05  1.45426035421292E-04
 1.865E-05  1.49309590400047E-04
 1.891E-05  1.53296820801527E-04
 1.916E-05  1.57390492975315E-04
 1.943E-05  1.61593447029105E-04
 1.969E-05  1.65908598792987E-04
 1.996E-05  1.70338941835995E-04
 2.023E-05  1.74887549536253E-04
 2.051E-05  1.79557577206109E-04
 2.079E-05  1.84352264273805E-04
 2.107E-05  1.89274936523089E-04
 2.136E-05  1.94329008392365E-04
 2.165E-05  1.99517985334932E-04
 2.195E-05  2.04845466241940E-04
 2.225E-05  2.10315145929720E-04
 2.255E-05  2.15930817693178E-04
 2.286E-05  2.21696375927062E-04
 2.317E-05  2.27615818816811E-04
 2.349E-05  2.33693251100895E-04
 2.381E-05  2.39932886906496E-04
 2.413E-05  2.46339052660567E-04
 2.446E-05  2.52916190078085E-04
 2.480E-05  2.59668859229686E-04
 2.514E-05  2.66601741690805E-04
 2.548E-05  2.73719643774325E-04
 2.583E-05  2.81027499849083E-04
 2.618E-05  2.88530375746450E-04
 2.654E-05  2.96233472257288E-04
 2.690E-05  3.04142128721760E-04
 2.727E-05  3.12261826714363E-04
 2.764E-05  3.20598193826698E-04
 2.802E-05  3.29157007550683E-04
 2.840E-05  3.37944199264665E-04
 2.879E-05  3.46965858325357E-04
 2.918E-05  3.56228236268228E-04
 2.958E-05  3.65737751119304E-04
 2.998E-05  3.75500991821335E-04
 3.039E-05  3.85524722777242E-04
 3.080E-05  3.95815888514056E-04
 3.123E-05  4.06381618470488E-04
 3.165E-05  4.17229231911373E-04
 3.208E-05  4.28366242972345E-04
 3.252E-05  4.39800365838198E-04
 3.297E-05  4.51539520058441E-04
 3.342E-05  4.63591836003731E-04
 3.387E-05  4.75965660466682E-04
 3.433E-05  4.88669562411191E-04
 3.480E-05  5.01712338873970E-04
 3.528E-05  5.15103021022247E-04
 3.576E-05  5.28850880371959E-04
 3.625E-05  5.42965435170519E-04
 3.674E-05  5.57456456948534E-04
 3.724E-05  5.72333977244919E-04
 3.775E-05  5.87608294509887E-04
 3.827E-05  6.03289981190739E-04
 3.879E-05  6.19389891005016E-04
 3.932E-05  6.35919166405933E-04
 3.986E-05  6.52889246245515E-04
 4.040E-05  6.70311873640120E-04
 4.095E-05  6.88199104043980E-04
 4.151E-05  7.06563313536334E-04
 4.208E-05  7.25417207327404E-04
 4.265E-05  7.44773828489240E-04
 4.324E-05  7.64646566917299E-04
 4.383E-05  7.85049168528800E-04
 4.442E-05  8.05995744703884E-04
 4.503E-05  8.27500781976439E-04
 4.565E-05  8.49579151980517E-04
 4.627E-05  8.72246121659539E-04
 4.690E-05  8.95517363745055E-04
 4.754E-05  9.19408967511869E-04
 4.819E-05  9.43937449817188E-04
 4.885E-05  9.69119766430921E-04
 4.951E-05  9.94973323664918E-04
 5.019E-05  1.02151599030895E-03
 5.088E-05  1.04876610988141E-03
 5.157E-05  1.07674251320303E-03
 5.227E-05  1.10546453130208E-03
 5.299E-05  1.13495200865959E-03
 5.371E-05  1.16522531680376E-03
 5.445E-05  1.19630536826247E-03
 5.519E-05  1.22821363088314E-03
 5.594E-05  1.26097214252997E-03
 5.671E-05  1.29460352616803E-03
 5.748E-05  1.32913100534437E-03
 5.826E-05  1.36457842007663E-03
 5.906E-05  1.40097024315994E-03
 5.987E-05  1.43833159690236E-03
 6.068E-05  1.47668827030098E-03
 6.151E-05  1.51606673666945E-03
 6.235E-05  1.55649417172889E-03
 6.320E-05  1.59799847217442E-03
 6.407E-05  1.64060827472969E-03
 6.494E-05  1.68435297570180E-03
 6.583E-05  1.72926275104986E-03
 6.673E-05  1.77536857698086E-03
 6.764E-05  1.82270225108595E-03
 6.856E-05  1.87129641403135E-03
 6.950E-05  1.92118457181900E-03
 7.045E-05  1.97240111863061E-03
 7.141E-05  2.02498136027105E-03
 7.238E-05  2.07896153822673E-03
 7.337E-05  2.13437885435396E-03
 7.437E-05  2.19127149621498E-03
 7.539E-05  2.24967866307743E-03
 7.642E-05  2.30964059259445E-03
 7.746E-05  2.37119858818444E-03
 7.852E-05  2.43439504712633E-03
 7.959E-05  2.49927348939065E-03
 8.068E-05  2.56587858722516E-03
 8.178E-05  2.63425619551367E-03
 8.289E-05  2.70445338292875E-03
 8.403E-05  2.77651846389919E-03
 8.517E-05  2.85050103141205E-03
 8.634E-05  2.92645199067225E-03
 8.751E-05  3.00442359364072E-03
 8.871E-05  3.08446947447379E-03
 8.992E-05  3.16664468588838E-03
 9.115E-05  3.25100573647508E-03
 9.239E-05  3.33761062898481E-03
 9.365E-05  3.42651889961290E-03
 9.493E-05  3.51779165830791E-03
 9.623E-05  3.61149163012974E-03
 9.754E-05  3.70768319768482E-03
 9.887E-05  3.80643244466706E-03
 1.002E-04  3.90780720053023E-03
 1.016E-04  4.01187708632368E-03
 1.030E-04  4.11871356171962E-03
 1.044E-04  4.22838997326237E-03
 1.058E-04  4.34098160387143E-03
 1.073E-04  4.45656572363114E-03
 1.087E-04  4.57522164189761E-03
 1.102E-04  4.69703076075865E-03
 1.117E-04  4.82207662988089E-03
 1.132E-04  4.95044500277784E-03
 1.148E-04  5.08222389453811E-03
 1.163E-04  5.21750364104702E-03
 1.179E-04  5.35637695974384E-03
 1.195E-04  5.49893901195103E-03
 1.212E-04  5.64528746681551E-03
 1.228E-04  5.79552256690423E-03
 1.245E-04  5.94974719549505E-03
 1.262E-04  6.10806694560680E-03
 1.279E-04  6.27059019081025E-03
 1.297E-04  6.43742815786907E-03
 1.314E-04  6.60869500125315E-03
 1.332E-04  6.78450787957423E-03
 1.351E-04  6.96498703399146E-03
 1.369E-04  7.15025586863587E-03
 1.388E-04  7.34044103310584E-03
 1.407E-04  7.53567250708587E-03
 1.426E-04  7.73608368714121E-03
 1.445E-04  7.94181147574251E-03
 1.465E-04  8.15299637257973E-03
 1.485E-04  8.36978256821793E-03
 1.505E-04  8.59231804015757E-03
 1.526E-04  8.82075465135950E-03
 1.547E-04  9.05524825129274E-03
 1.568E-04  9.29595877957110E-03
 1.589E-04  9.54305037224494E-03
 1.611E-04  9.79669147081005E-03
 1.633E-04  1.00570549340031E-02
 1.655E-04  1.03243181524561E-02
 1.678E-04  1.05986631662755E-02
 1.701E-04  1.08802767856234E-02
 1.724E-04  1.11693507143735E-02
 1.748E-04  1.14660816769173E-02
 1.771E-04  1.17706715481988E-02
 1.796E-04  1.20833274870608E-02
 1.820E-04  1.24042620729799E-02
 1.845E-04  1.27336934462759E-02
 1.870E-04  1.30718454518827E-02
 1.896E-04  1.34189477867655E-02
 1.922E-04  1.37752361510772E-02
 1.948E-04  1.41409524031431E-02
 1.974E-04  1.45163447183697E-02
 2.001E-04  1.49016677521712E-02
 2.029E-04  1.52971828070161E-02
 2.056E-04  1.57031580036906E-02
 2.084E-04  1.61198684568840E-02
 2.113E-04  1.65475964552005E-02
 2.142E-04  1.69866316457048E-02
 2.171E-04  1.74372712231142E-02
 2.201E-04  1.78998201237432E-02
 2.231E-04  1.83745912243270E-02
 2.261E-04  1.88619055458288E-02
 2.292E-04  1.93620924623618E-02
 2.323E-04  1.98754899153432E-02
 2.355E-04  2.04024446330074E-02
 2.387E-04  2.09433123554121E-02
 2.420E-04  2.14984580650580E-02
 2.453E-04  2.20682562232666E-02
 2.486E-04  2.26530910124510E-02
 2.520E-04  2.32533565844202E-02
 2.555E-04  2.38694573148580E-02
 2.589E-04  2.45018080641214E-02
 2.625E-04  2.51508344445221E-02
 2.661E-04  2.58169730942296E-02
 2.697E-04  2.65006719579517E-02
 2.734E-04  2.72023905745700E-02
 2.771E-04  2.79226003718739E-02
 2.809E-04  2.86617849685682E-02
 2.847E-04  2.94204404837310E-02
 2.886E-04  3.01990758538838E-02
 2.926E-04  3.09982131578598E-02
 2.965E-04  3.18183879496507E-02
 3.006E-04  3.26601495994146E-02
 3.047E-04  3.35240616428376E-02
 3.089E-04  3.44107021390387E-02
 3.131E-04  3.53206640372207E-02
 3.174E-04  3.62545555522599E-02
 3.217E-04  3.72130005494439E-02
 3.261E-04  3.81966389385767E-02
 3.305E-04  3.92061270776463E-02
 3.350E-04  4.02421381862804E-02
 3.396E-04  4.13053627692245E-02
 3.442E-04  4.23965090500483E-02
 3.489E-04  4.35163034153279E-02
 3.537E-04  4.46654908695336E-02
 3.585E-04  4.58448355008556E-02
 3.634E-04  4.70551209582298E-02
 3.684E-04  4.82971509398006E-02
 3.734E-04  4.95717496930779E-02
 3.785E-04  5.08797625270473E-02
 3.837E-04  5.22220563364958E-02
 3.889E-04  5.35995201388314E-02
 3.942E-04  5.50130656236546E-02
 3.996E-04  5.64636277153771E-02
 4.051E-04  5.79521651491576E-02
 4.106E-04  5.94796610604540E-02
 4.162E-04  6.10471235884849E-02
 4.219E-04  6.26555864938835E-02
 4.277E-04  6.43061097908787E-02
 4.335E-04  6.59997803942925E-02
 4.394E-04  6.77377127816647E-02
 4.454E-04  6.95210496708410E-02
 4.515E-04  7.13509627133396E-02
 4.577E-04  7.32286532038372E-02
 4.639E-04  7.51553528060986E-02
 4.702E-04  7.71323242956901E-02
 4.767E-04  7.91608623198500E-02
 4.832E-04  8.12422941748401E-02
 4.898E-04  8.33779806011402E-02
 4.965E-04  8.55693165968719E-02
 5.032E-04  8.78177322497926E-02
 5.101E-04  9.01246935882430E-02
 5.171E-04  9.24917034514452E-02
 5.241E-04  9.49203023795111E-02
 5.313E-04  9.74120695235644E-02
 5.385E-04  9.99686235763631E-02
 5.459E-04  1.02591623723850E-01
 5.533E-04  1.05282770617994E-01
 5.609E-04  1.08043807371362E-01
 5.686E-04  1.10876520573849E-01
 5.763E-04  1.13782741331945E-01
 5.842E-04  1.16764346330996E-01
 5.922E-04  1.19823258920904E-01
 6.002E-04  1.22961450225647E-01
 6.084E-04  1.26180940277106E-01
 6.167E-04  1.29483799173652E-01
 6.252E-04  1.32872148263869E-01
 6.337E-04  1.36348161355948E-01
 6.423E-04  1.39914065953171E-01
 6.511E-04  1.43572144515936E-01
 6.600E-04  1.47324735750810E-01
 6.690E-04  1.51174235927043E-01
 6.782E-04  1.55123100221048E-01
 6.874E-04  1.59173844089319E-01
 6.968E-04  1.63329044670210E-01
 7.063E-04  1.67591342215105E-01
 7.160E-04  1.71963441549453E-01
 7.257E-04  1.76448113564129E-01
 7.356E-04  1.81048196737586E-01
 7.457E-04  1.85766598689327E-01
 7.559E-04  1.90606297765154E-01
 7.662E-04  1.95570344654669E-01
 7.766E-04  2.00661864041504E-01
 7.872E-04  2.05884056286807E-01
 7.980E-04  2.11240199146402E-01
 8.089E-04  2.16733649522128E-01
 8.199E-04  2.22367845247860E-01
 8.311E-04  2.28146306910622E-01
 8.425E-04  2.34072639707305E-01
 8.540E-04  2.40150535337449E-01
 8.656E-04  2.46383773932541E-01
 8.774E-04  2.52776226022252E-01
 8.894E-04  2.59331854538126E-01
 9.016E-04  2.66054716855102E-01
 9.139E-04  2.72948966871299E-01
 9.264E-04  2.80018857126540E-01
 9.390E-04  2.87268740959957E-01
 9.518E-04  2.94703074707123E-01
 9.648E-04  3.02326419937070E-01
 9.780E-04  3.10143445729598E-01
 9.913E-04  3.18158930993223E-01
 1.005E-03  3.26377766824061E-01
 1.019E-03  3.34804958906064E-01
 1.032E-03  3.43445629952847E-01
 1.047E-03  3.52305022191432E-01
 1.061E-03  3.61388499888159E-01
 1.075E-03  3.70701551917033E-01
 1.090E-03  3.80249794370698E-01
 1.105E-03  3.90038973214285E-01
 1.120E-03  4.00074966982267E-01
 1.135E-03  4.10363789518433E-01
 1.151E-03  4.20911592759227E-01
 1.167E-03  4.31724669560350E-01
 1.182E-03  4.42809456566800E-01
 1.199E-03  4.54172537126350E-01
 1.215E-03  4.65820644246349E-01
 1.232E-03  4.77760663593872E-01
 1.248E-03  4.89999636539066E-01
 1.265E-03  5.02544763241513E-01
 1.283E-03  5.15403405779500E-01
 1.300E-03  5.28583091321771E-01
 1.318E-03  5.42091515341594E-01
 1.336E-03  5.55936544872827E-01
 1.354E-03  5.70126221807325E-01
 1.373E-03  5.84668766233433E-01
 1.391E-03  5.99572579814934E-01
 1.410E-03  6.14846249209825E-01
 1.430E-03  6.30498549528287E-01
 1.449E-03  6.46538447828975E-01
 1.469E-03  6.62975106652927E-01
 1.489E-03  6.79817887594120E-01
 1.509E-03  6.97076354905605E-01
 1.530E-03  7.14760279140214E-01
 1.551E-03  7.32879640824670E-01
 1.572E-03  7.51444634165695E-01
 1.593E-03  7.70465670786842E-01
 1.615E-03  7.89953383494530E-01
 1.637E-03  8.09918630071672E-01
 1.660E-03  8.30372497097213E-01
 1.682E-03  8.51326303789687E-01
 1.705E-03  8.72791605872891E-01
 1.729E-03  8.94780199461562E-01
 1.752E-03  9.17304124964870E-01
 1.776E-03  9.40375671005283E-01
 1.800E-03  9.64007378350373E-01
 1.825E-03  9.88212043854936E-01
 1.850E-03  1.01300272441047E+00
 1.875E-03  1.03839274089916E+00
 1.901E-03  1.06439568214926E+00
 1.927E-03  1.09102540888830E+00
 1.953E-03  1.11829605769098E+00
 1.980E-03  1.14622204491777E+00
 2.007E-03  1.17481807064043E+00
 2.034E-03  1.20409912255038E+00
 2.062E-03  1.23408047984565E+00
 2.090E-03  1.26477771709180E+00
 2.118E-03  1.29620670805212E+00
 2.147E-03  1.32838362948230E+00
 2.177E-03  1.36132496488398E+00
 2.206E-03  1.39504750821223E+00
 2.236E-03  1.42956836753087E+00
 2.267E-03  1.46490496860986E+00
 2.298E-03  1.50107505845838E+00
 2.329E-03  1.53809670878738E+00
 2.361E-03  1.57598831939442E+00
 2.393E-03  1.61476862146399E+00
 2.426E-03  1.65445668077589E+00
 2.459E-03  1.69507190081374E+00
 2.493E-03  1.73663402576601E+00
 2.527E-03  1.77916314341081E+00
 2.561E-03  1.82267968787587E+00
 2.596E-03  1.86720444226499E+00
 2.632E-03  1.91275854114104E+00
 2.668E-03  1.95936347285621E+00
 2.704E-03  2.00704108171910E+00
 2.741E-03  2.05581356998830E+00
 2.778E-03  2.10570349968155E+00
 2.816E-03  2.15673379418914E+00
 2.855E-03  2.20892773967979E+00
 2.894E-03  2.26230898628705E+00
 2.933E-03  2.31690154906363E+00
 2.973E-03  2.37272980869060E+00
 3.014E-03  2.42981851192804E+00
 3.055E-03  2.48819277179356E+00
 3.097E-03  2.54787806745389E+00
 3.139E-03  2.60890024381527E+00
 3.182E-03  2.67128551079699E+00
 3.225E-03  2.73506044227258E+00
 3.269E-03  2.80025197466238E+00
 3.314E-03  2.86688740516075E+00
 3.359E-03  2.93499438958075E+00
 3.405E-03  3.00460093979877E+00
 3.452E-03  3.07573542078046E+00
 3.499E-03  3.14842654716980E+00
 3.546E-03  3.22270337942189E+00
 3.595E-03  3.29859531945932E+00
 3.644E-03  3.37613210583266E+00
 3.694E-03  3.45534380836378E+00
 3.744E-03  3.53626082225067E+00
 3.795E-03  3.61891386161242E+00
 3.847E-03  3.70333395245175E+00
 3.900E-03  3.78955242501207E+00
 3.953E-03  3.87760090550636E+00
 4.007E-03  3.96751130719363E+00
 4.061E-03  4.05931582077863E+00
 4.117E-03  4.15304690411028E+00
 4.173E-03  4.24873727115346E+00
 4.230E-03  4.34641988020836E+00
 4.288E-03  4.44612792135122E+00
 4.346E-03  4.54789480307012E+00
 4.406E-03  4.65175413806849E+00
 4.466E-03  4.75773972820897E+00
 4.527E-03  4.86588554857018E+00
 4.589E-03  4.97622573058779E+00
 4.651E-03  5.08879454425156E+00
 4.715E-03  5.20362637933005E+00
 4.779E-03  5.32075572559301E+00
 4.844E-03  5.44021715200321E+00
 4.911E-03  5.56204528484759E+00
 4.978E-03  5.68627478477821E+00
 5.046E-03  5.81294032273362E+00
 5.114E-03  5.94207655471003E+00
 5.184E-03  6.07371809535368E+00
 5.255E-03  6.20789949034327E+00
 5.327E-03  6.34465518753358E+00
 5.400E-03  6.48401950683055E+00
 5.473E-03  6.62602660876823E+00
 5.548E-03  6.77071046175869E+00
 5.624E-03  6.91810480798611E+00
 5.700E-03  7.06824312791686E+00
 5.778E-03  7.22115860339733E+00
 5.857E-03  7.37688407931285E+00
 5.937E-03  7.53545202378095E+00
 6.018E-03  7.69689448685299E+00
 6.100E-03  7.86124305769944E+00
 6.184E-03  8.02852882025516E+00
 6.268E-03  8.19878230730145E+00
 6.354E-03  8.37203345296353E+00
 6.440E-03  8.54831154360325E+00
 6.528E-03  8.72764516708803E+00
 6.617E-03  8.91006216041891E+00
 6.708E-03  9.09558955570240E+00
 6.799E-03  9.28425352445226E+00
 6.892E-03  9.47607932021010E+00
 6.986E-03  9.67109121947464E+00
 7.082E-03  9.86931246093370E+00
 7.178E-03  1.00707651829934E+01
 7.276E-03  1.02754703596037E+01
 7.376E-03  1.04834477343803E+01
 7.476E-03  1.06947157530281E+01
 7.578E-03  1.09092914940735E+01
 7.682E-03  1.11271905979155E+01
 7.787E-03  1.13484271942111E+01
 7.893E-03  1.15730138276138E+01
 8.001E-03  1.18009613818863E+01
 8.110E-03  1.20322790024160E+01
 8.221E-03  1.22669740171635E+01
 8.333E-03  1.25050518560810E+01
 8.447E-03  1.27465159690426E+01
 8.562E-03  1.29913677423309E+01
 8.679E-03  1.32396064137346E+01
 8.798E-03  1.34912289863143E+01
 8.918E-03  1.37462301408991E+01
 9.039E-03  1.40046021473864E+01
 9.163E-03  1.42663347749205E+01
 9.288E-03  1.45314152010340E+01
 9.415E-03  1.47998279198438E+01
 9.543E-03  1.50715546493983E+01
 9.674E-03  1.53465742382836E+01
 9.806E-03  1.56248625716004E+01
 9.940E-03  1.59063924764364E+01
 1.008E-02  1.61911336269618E+01
 1.021E-02  1.64790524492894E+01
 1.035E-02  1.67701120262460E+01
 1.049E-02  1.70642720022136E+01
 1.064E-02  1.73614884882060E+01
 1.078E-02  1.76617139673589E+01
 1.093E-02  1.79648972010193E+01
 1.108E-02  1.82709831356295E+01
 1.123E-02  1.85799128106152E+01
 1.138E-02  1.88916232674940E+01
 1.154E-02  1.92060474604310E+01
 1.170E-02  1.95231141684840E+01
 1.186E-02  1.98427479097842E+01
 1.202E-02  2.01648688579176E+01
 1.218E-02  2.04893927607763E+01
 1.235E-02  2.08162308621642E+01
 1.252E-02  2.11452898264535E+01
 1.269E-02  2.14764716665951E+01
 1.286E-02  2.18096736758033E+01
 1.304E-02  2.21447883632412E+01
 1.321E-02  2.24817033940472E+01
 1.339E-02  2.28203015340535E+01
 1.358E-02  2.31604605995575E+01
 1.376E-02  2.35020534125174E+01
 1.395E-02  2.38449477615557E+01
 1.414E-02  2.41890063691600E+01
 1.433E-02  2.45340868654852E+01
 1.453E-02  2.48800417691657E+01
 1.473E-02  2.52267184755573E+01
 1.493E-02  2.55739592528358E+01
 1.513E-02  2.59216012463871E+01
 1.534E-02  2.62694764919279E+01
 1.555E-02  2.66174119378065E+01
 1.576E-02  2.69652294769337E+01
 1.598E-02  2.73127459887990E+01
 1.619E-02  2.76597733920337E+01
 1.642E-02  2.80061187079782E+01
 1.664E-02  2.83515841357178E+01
 1.687E-02  2.86959671390468E+01
 1.710E-02  2.90390605458192E+01
 1.733E-02  2.93806526601444E+01
 1.757E-02  2.97205273878750E+01
 1.781E-02  3.00584643758345E+01
 1.805E-02  3.03942391652185E+01
 1.830E-02  3.07276233595961E+01
 1.855E-02  3.10583848079256E+01
 1.880E-02  3.13862878029833E+01
 1.906E-02  3.17110932955889E+01
 1.932E-02  3.20325591249930E+01
 1.958E-02  3.23504402657698E+01
 1.985E-02  3.26644890915358E+01
 2.012E-02  3.29744556557898E+01
 2.039E-02  3.32800879901402E+01
 2.067E-02  3.35811324201547E+01
 2.095E-02  3.38773338990342E+01
 2.124E-02  3.41684363592753E+01
 2.153E-02  3.44541830824456E+01
 2.182E-02  3.47343170871547E+01
 2.212E-02  3.50085815352560E+01
 2.242E-02  3.52767201562685E+01
 2.273E-02  3.55384776899504E+01
 2.304E-02  3.57936003469083E+01
 2.335E-02  3.60418362870600E+01
 2.367E-02  3.62829361157119E+01
 2.400E-02  3.65166533969455E+01
 2.432E-02  3.67427451839388E+01
 2.466E-02  3.69609725657773E+01
 2.499E-02  3.71711012302351E+01
 2.533E-02  3.73729020419292E+01
 2.568E-02  3.75661516351679E+01
 2.603E-02  3.77506330207320E+01
 2.639E-02  3.79261362057407E+01
 2.675E-02  3.80924588256663E+01
 2.711E-02  3.82494067874673E+01
 2.748E-02  3.83967949227183E+01
 2.786E-02  3.85344476495192E+01
 2.824E-02  3.86621996418672E+01
 2.862E-02  3.87798965050755E+01
 2.901E-02  3.88873954557233E+01
 2.941E-02  3.89845660045205E+01
 2.981E-02  3.90712906403643E+01
 3.022E-02  3.91474655137681E+01
 3.063E-02  3.92130011177344E+01
 3.105E-02  3.92678229640473E+01
 3.147E-02  3.93118722528538E+01
 3.190E-02  3.93451065333076E+01
 3.234E-02  3.93675003529493E+01
 3.278E-02  3.93790458934027E+01
 3.323E-02  3.93797535898734E+01
 3.368E-02  3.93696527318514E+01
 3.414E-02  3.93487920423300E+01
 3.461E-02  3.93172402327784E+01
 3.508E-02  3.92750865310310E+01
 3.556E-02  3.92224411791876E+01
 3.604E-02  3.91594358985601E+01
 3.654E-02  3.90862243186493E+01
 3.703E-02  3.90029823670897E+01
 3.754E-02  3.89099086174664E+01
 3.805E-02  3.88072245918838E+01
 3.857E-02  3.86951750151514E+01
 3.910E-02  3.85740280174485E+01
 3.963E-02  3.84440752823413E+01
 4.017E-02  3.83056321370458E+01
 4.072E-02  3.81590375818699E+01
 4.128E-02  3.80046542558143E+01
 4.184E-02  3.78428683353829E+01
 4.241E-02  3.76740893637301E+01
 4.299E-02  3.74987500073749E+01
 4.358E-02  3.73173057378229E+01
 4.417E-02  3.71302344355741E+01
 4.478E-02  3.69380359141408E+01
 4.539E-02  3.67412313618723E+01
 4.601E-02  3.65403626995692E+01
 4.664E-02  3.63359918520783E+01
 4.727E-02  3.61286999322836E+01
 4.792E-02  3.59190863361566E+01
 4.857E-02  3.57077677477915E+01
 4.924E-02  3.54953770536393E+01
 4.991E-02  3.52825621654519E+01
 5.059E-02  3.50699847517769E+01
 5.128E-02  3.48583188781777E+01
 5.198E-02  3.46482495567174E+01
 5.269E-02  3.44404712056155E+01
 5.341E-02  3.42356860203838E+01
 5.414E-02  3.40346022581505E+01
 5.488E-02  3.38379324373062E+01
 5.563E-02  3.36463914550400E+01
 5.639E-02  3.34606946257803E+01
 5.716E-02  3.32815556440107E+01
 5.794E-02  3.31096844754013E+01
 5.873E-02  3.29457851806635E+01
 5.953E-02  3.27905536770180E+01
 6.034E-02  3.26446754426436E+01
 6.116E-02  3.25088231699605E+01
 6.200E-02  3.23836543740752E+01
 6.285E-02  3.22698089631985E+01
 6.370E-02  3.21679067783126E+01
 6.457E-02  3.20785451098265E+01
 6.546E-02  3.20022961994103E+01
 6.635E-02  3.19397047356314E+01
 6.725E-02  3.18912853524366E+01
 6.817E-02  3.18575201399222E+01
 6.910E-02  3.18388561772063E+01
 7.005E-02  3.18357030975720E+01
 7.100E-02  3.18484306963668E+01
 7.197E-02  3.18773665924319E+01
 7.296E-02  3.19227939540920E+01
 7.395E-02  3.19849493009471E+01
 7.496E-02  3.20640203928856E+01
 7.598E-02  3.21601442178680E+01
 7.702E-02  3.22734050901135E+01
 7.807E-02  3.24038328703577E+01
 7.914E-02  3.25514013198341E+01
 8.022E-02  3.27160265995553E+01
 8.132E-02  3.28975659263495E+01
 8.243E-02  3.30958163969120E+01
 8.355E-02  3.33105139908919E+01
 8.469E-02  3.35413327637161E+01
 8.585E-02  3.37878842394840E+01
 8.702E-02  3.40497170138237E+01
 8.821E-02  3.43263165760939E+01
 8.941E-02  3.46171053597451E+01
 9.063E-02  3.49214430290132E+01
 9.187E-02  3.52386270094096E+01
 9.312E-02  3.55678932687021E+01
 9.440E-02  3.59084173542396E+01
 9.568E-02  3.62593156915700E+01
 9.699E-02  3.66196471483358E+01
 9.831E-02  3.69884148664033E+01
 9.966E-02  3.73645683640977E+01
 1.010E-01  3.77470059092742E+01
 1.024E-01  3.81345771627632E+01
 1.038E-01  3.85260860904892E+01
 1.052E-01  3.89202941412747E+01
 1.066E-01  3.93159236860225E+01
 1.081E-01  3.97116617126054E+01
 1.096E-01  4.01061637694151E+01
 1.111E-01  4.04980581491048E+01
 1.126E-01  4.08859503026422E+01
 1.141E-01  4.12684274723522E+01
 1.157E-01  4.16440635311910E+01
 1.173E-01  4.20114240140636E+01
 1.189E-01  4.23690713255740E+01
 1.205E-01  4.27155701071988E+01
 1.221E-01  4.30494927455021E+01
 1.238E-01  4.33694250016759E+01
 1.255E-01  4.36739717413958E+01
 1.272E-01  4.39617627427484E+01
 1.289E-01  4.42314585588085E+01
 1.307E-01  4.44817564103413E+01
 1.325E-01  4.47113960830782E+01
 1.343E-01  4.49191658030789E+01
 1.361E-01  4.51039080628509E+01
 1.380E-01  4.52645253701653E+01
 1.399E-01  4.53999858908816E+01
 1.418E-01  4.55093289566029E+01
 1.437E-01  4.55916704076053E+01
 1.457E-01  4.56462077412613E+01
 1.477E-01  4.56722250360858E+01
 1.497E-01  4.56690976216026E+01
 1.517E-01  4.56362964644520E+01
 1.538E-01  4.55733922415496E+01
 1.559E-01  4.54800590716684E+01
 1.580E-01  4.53560778775459E+01
 1.602E-01  4.52013393515393E+01
 1.624E-01  4.50158464989399E+01
 1.646E-01  4.47997167343492E+01
 1.668E-01  4.45531835079804E+01
 1.691E-01  4.42765974404109E+01
 1.714E-01  4.39704269461545E+01
 1.738E-01  4.36352583284517E+01
 1.761E-01  4.32717953298909E+01
 1.785E-01  4.28808581258659E+01
 1.810E-01  4.24633817504412E+01
 1.834E-01  4.20204139469311E+01
 1.860E-01  4.15531124383879E+01
 1.885E-01  4.10627416162374E+01
 1.911E-01  4.05506686484727E+01
 1.937E-01  4.00183590121189E+01
 1.963E-01  3.94673714580860E+01
 1.990E-01  3.88993524200227E+01
 2.017E-01  3.83160298823542E+01
 2.045E-01  3.77192067262998E+01
 2.073E-01  3.71107535763141E+01
 2.101E-01  3.64926011730414E+01
 2.130E-01  3.58667323024938E+01
 2.159E-01  3.52351733147412E+01
 2.188E-01  3.45999852688849E+01
 2.218E-01  3.39632547444742E+01
 2.248E-01  3.33270843627555E+01
 2.279E-01  3.26935830642124E+01
 2.310E-01  3.20648561917042E+01
 2.342E-01  3.14429954311296E+01
 2.374E-01  3.08300686638815E+01
 2.406E-01  3.02281097873966E+01
 2.439E-01  2.96391085618107E+01
 2.472E-01  2.90650005420639E+01
 2.506E-01  2.85076571557592E+01
 2.540E-01  2.79688759876091E+01
 2.575E-01  2.74503713314132E+01
 2.610E-01  2.69537650701656E+01
 2.646E-01  2.64805779440808E+01
 2.682E-01  2.60322212650554E+01
 2.718E-01  2.56099891343299E+01
 2.755E-01  2.52150512179000E+01
 2.793E-01  2.48484461315431E+01
 2.831E-01  2.45110754841968E+01
 2.870E-01  2.42036986248603E+01
 2.909E-01  2.39269281342176E+01
 2.949E-01  2.36812260978221E+01
 2.989E-01  2.34669011929695E+01
 3.030E-01  2.32841066163541E+01
 3.071E-01  2.31328388742825E+01
 3.113E-01  2.30129374516557E+01
 3.156E-01  2.29240853701538E+01
 3.199E-01  2.28658106401185E+01
 3.242E-01  2.28374886045604E+01
 3.287E-01  2.28383451675697E+01
 3.331E-01  2.28674608932198E+01
 3.377E-01  2.29237759548699E+01
 3.423E-01  2.30060959086407E+01
 3.470E-01  2.31130982588045E+01
 3.517E-01  2.32433397769432E+01
 3.565E-01  2.33952645310384E+01
 3.614E-01  2.35672125752156E+01
 3.663E-01  2.37574292457203E+01
 3.713E-01  2.39640750039146E+01
 3.764E-01  2.41852357626926E+01
 3.815E-01  2.44189336287806E+01
 3.867E-01  2.46631379899532E+01
 3.920E-01  2.49157768733134E+01
 3.974E-01  2.51747484984859E+01
 4.028E-01  2.54379329478988E+01
 4.083E-01  2.57032038753099E+01
 4.139E-01  2.59684401733855E+01
 4.195E-01  2.62315375214861E+01
 4.252E-01  2.64904197358564E+01
 4.311E-01  2.67430498461461E+01
 4.369E-01  2.69874408246134E+01
 4.429E-01  2.72216658974360E+01
 4.489E-01  2.74438683712724E+01
 4.551E-01  2.76522709125208E+01
 4.613E-01  2.78451842215830E+01
 4.676E-01  2.80210150497935E+01
 4.740E-01  2.81782735124679E+01
 4.804E-01  2.83155796576839E+01
 4.870E-01  2.84316692568799E+01
 4.936E-01  2.85253987900465E+01
 5.004E-01  2.85957496051380E+01
 5.072E-01  2.86418312382580E+01
 5.141E-01  2.86628838880995E+01
 5.212E-01  2.86582800449738E+01
 5.283E-01  2.86275252814720E+01
 5.355E-01  2.85702582182898E+01
 5.428E-01  2.84862496849580E+01
 5.502E-01  2.83754011010916E+01
 5.577E-01  2.82377421092397E+01
 5.653E-01  2.80734274954577E+01
 5.731E-01  2.78827334382691E+01
 5.809E-01  2.76660531307260E+01
 5.888E-01  2.74238918237739E+01
 5.969E-01  2.71568613420704E+01
 6.050E-01  2.68656741257868E+01
 6.133E-01  2.65511368537301E+01
 6.216E-01  2.62141437043744E+01
 6.301E-01  2.58556693120874E+01
 6.387E-01  2.54767614760054E+01
 6.474E-01  2.50785336786659E+01
 6.563E-01  2.46621574706858E+01
 6.652E-01  2.42288547764986E+01
 6.743E-01  2.37798901744861E+01
 6.835E-01  2.33165632027768E+01
 6.929E-01  2.28402007396006E+01
 7.023E-01  2.23521495044056E+01
 7.119E-01  2.18537687230184E+01
 7.216E-01  2.13464229969948E+01
 7.315E-01  2.08314754140120E+01
 7.415E-01  2.03102809327389E+01
 7.516E-01  1.97841800721114E+01
 7.618E-01  1.92544929314019E+01
 7.723E-01  1.87225135639029E+01
 7.828E-01  1.81895047235137E+01
 7.935E-01  1.76566930000258E+01
 8.043E-01  1.71252643554932E+01
 8.153E-01  1.65963600707623E+01
 8.264E-01  1.60710731080426E+01
 8.377E-01  1.55504448923516E+01
 8.491E-01  1.50354625117621E+01
 8.607E-01  1.45270563336521E+01
 8.725E-01  1.40260980315924E+01
 8.844E-01  1.35333990151355E+01
 8.965E-01  1.30497092525729E+01
 9.087E-01  1.25757164747341E+01
 9.211E-01  1.21120457460867E+01
 9.337E-01  1.16592593877809E+01
 9.464E-01  1.12178572358567E+01
 9.594E-01  1.07882772165849E+01
 9.725E-01  1.03708962198616E+01
 9.857E-01  9.96603125069240E+00
 9.992E-01  9.57394083809945E+00
 1.013E+00  9.19482668024747E+00
 1.027E+00  8.82883550420872E+00
 1.041E+00  8.47606111856877E+00
 1.055E+00  8.13654663700395E+00
 1.069E+00  7.81028685103321E+00
 1.084E+00  7.49723073035396E+00
 1.099E+00  7.19728402950512E+00
 1.114E+00  6.91031198005544E+00
 1.129E+00  6.63614204808086E+00
 1.144E+00  6.37456673736578E+00
 1.160E+00  6.12534641952938E+00
 1.176E+00  5.88821217313212E+00
 1.192E+00  5.66286861474994E+00
 1.208E+00  5.44899670600585E+00
 1.225E+00  5.24625652160986E+00
 1.241E+00  5.05428996457044E+00
 1.258E+00  4.87272341589262E+00
 1.275E+00  4.70117030725938E+00
 1.293E+00  4.53923360639415E+00
 1.310E+00  4.38650820601208E+00
 1.328E+00  4.24258320847583E+00
 1.347E+00  4.10704409946779E+00
 1.365E+00  3.97947480516470E+00
 1.384E+00  3.85945962854298E+00
 1.402E+00  3.74658506154507E+00
 1.422E+00  3.64044147088984E+00
 1.441E+00  3.54062465630722E+00
 1.461E+00  3.44673728091148E+00
 1.481E+00  3.35839017429468E+00
 1.501E+00  3.27520350971694E+00
 1.521E+00  3.19680785749155E+00
 1.542E+00  3.12284511730822E+00
 1.563E+00  3.05296933280696E+00
 1.584E+00  2.98684739220933E+00
 1.606E+00  2.92415961923444E+00
 1.628E+00  2.86460025887693E+00
 1.650E+00  2.80787786290727E+00
 1.673E+00  2.75371558017426E+00
 1.696E+00  2.70185135695141E+00
 1.719E+00  2.65203805267629E+00
 1.742E+00  2.60404347649156E+00
 1.766E+00  2.55765035001243E+00
 1.790E+00  2.51265620172284E+00
 1.815E+00  2.46887319834705E+00
 1.839E+00  2.42612791845877E+00
 1.864E+00  2.38426107348116E+00
 1.890E+00  2.34312718110163E+00
 1.916E+00  2.30259419597968E+00
 1.942E+00  2.26254310246635E+00
 1.968E+00  2.22286747388448E+00
 1.995E+00  2.18347300274094E+00
 2.022E+00  2.14427700605911E+00
 2.050E+00  2.10520790983250E+00
 2.078E+00  2.06620471641151E+00
 2.106E+00  2.02721645844522E+00
 2.135E+00  1.98820164281036E+00
 2.164E+00  1.94912768777122E+00
 2.194E+00  1.90997035642696E+00
 2.224E+00  1.87071318931898E+00
 2.254E+00  1.83134693888824E+00
 2.285E+00  1.79186900829423E+00
 2.316E+00  1.75228289693088E+00
 2.348E+00  1.71259765480205E+00
 2.380E+00  1.67282734774976E+00
 2.412E+00  1.63299053536189E+00
 2.445E+00  1.59310976322301E+00
 2.479E+00  1.55321107101194E+00
 2.513E+00  1.51332351779319E+00
 2.547E+00  1.47347872569562E+00
 2.582E+00  1.43371044302183E+00
 2.617E+00  1.39405412768458E+00
 2.653E+00  1.35454655172341E+00
 2.689E+00  1.31522542751480E+00
 2.725E+00  1.27612905615314E+00
 2.763E+00  1.23729599834786E+00
 2.800E+00  1.19876476805430E+00
 2.839E+00  1.16057354893267E+00
 2.877E+00  1.12275993361107E+00
 2.917E+00  1.08536068561520E+00
 2.956E+00  1.04841152371944E+00
 2.997E+00  1.01194692837228E+00
 3.038E+00  9.75999969752587E-01
 3.079E+00  9.40602156924017E-01
 3.121E+00  9.05783307471944E-01
 3.164E+00  8.71571436931250E-01
 3.207E+00  8.37992667244833E-01
 3.251E+00  8.05071153431397E-01
 3.295E+00  7.72829027587418E-01
 3.340E+00  7.41286359302259E-01
 3.386E+00  7.10461131527248E-01
 3.432E+00  6.80369230909102E-01
 3.479E+00  6.51024451575430E-01
 3.526E+00  6.22438511345048E-01
 3.575E+00  5.94621079328214E-01
 3.623E+00  5.67579813881675E-01
 3.673E+00  5.41320409890030E-01
 3.723E+00  5.15846654358310E-01
 3.774E+00  4.91160489320279E-01
 3.825E+00  4.67262081092453E-01
 3.878E+00  4.44149894934741E-01
 3.930E+00  4.21820774214396E-01
 3.984E+00  4.00270023210119E-01
 4.039E+00  3.79491492737162E-01
 4.094E+00  3.59477667821436E-01
 4.150E+00  3.40219756700569E-01
 4.206E+00  3.21707780481709E-01
 4.264E+00  3.03930662839338E-01
 4.322E+00  2.86876319190582E-01
 4.381E+00  2.70531744840192E-01
 4.441E+00  2.54883101641702E-01
 4.501E+00  2.39915802774969E-01
 4.563E+00  2.25614595292738E-01
 4.625E+00  2.11963640139623E-01
 4.688E+00  1.98946589395629E-01
 4.752E+00  1.86546660542602E-01
 4.817E+00  1.74746707595528E-01
 4.883E+00  1.63529288981181E-01
 4.950E+00  1.52876732083926E-01
 5.017E+00  1.42771194412527E-01
 5.086E+00  1.33194721372347E-01
 5.155E+00  1.24129300654403E-01
 5.225E+00  1.15556913276315E-01
 5.297E+00  1.07459581330368E-01
 5.369E+00  9.98194125107039E-02
 5.442E+00  9.26186415053165E-02
 5.517E+00  8.58396683491586E-02
 5.592E+00  7.94650938424774E-02
 5.668E+00  7.34777521437760E-02
 5.746E+00  6.78607406497487E-02
 5.824E+00  6.25974472754721E-02
 5.904E+00  5.76715752473159E-02
 5.984E+00  5.30671655187576E-02
 6.066E+00  4.87686169158433E-02
 6.149E+00  4.47607041146934E-02
 6.233E+00  4.10285935484958E-02
 6.318E+00  3.75578573360972E-02
 6.404E+00  3.43344853188380E-02
 6.491E+00  3.13448952868842E-02
 6.580E+00  2.85759414711743E-02
 6.670E+00  2.60149213723725E-02
 6.761E+00  2.36495809940306E-02
 6.853E+00  2.14681185436044E-02
 6.947E+00  1.94591866621132E-02
 7.042E+00  1.76118932411060E-02
 7.138E+00  1.59158008842126E-02
 7.235E+00  1.43609250699001E-02
 7.334E+00  1.29377310720762E-02
 7.434E+00  1.16371296958256E-02
 7.536E+00  1.04504718867463E-02
 7.639E+00  9.36954227398682E-03
 7.743E+00  8.38655170905615E-03
 7.849E+00  7.49412886468817E-03
 7.956E+00  6.68531096036443E-03
 8.064E+00  5.95353368342847E-03
 8.174E+00  5.29262037694844E-03
 8.286E+00  4.69677056749792E-03
 8.399E+00  4.16054790773192E-03
 8.514E+00  3.67886760995362E-03
 8.630E+00  3.24698344772382E-03
 8.748E+00  2.86047440290480E-03
 8.867E+00  2.51523103530906E-03
 8.988E+00  2.20744165131550E-03
 9.111E+00  1.93357834641048E-03
 9.235E+00  1.69038299460925E-03
 9.362E+00  1.47485325513516E-03
 9.489E+00  1.28422866360958E-03
 9.619E+00  1.11597687137528E-03
 9.750E+00  9.67780092493750E-04
 9.883E+00  8.37521813480915E-04
 1.002E+01  7.23273816043851E-04
 1.016E+01  6.23283558022671E-04
 1.029E+01  5.35961952500840E-04
 1.043E+01  4.59871579697565E-04
 1.058E+01  3.93715360869138E-04
 1.072E+01  3.36325718093978E-04
 1.087E+01  2.86654238563908E-04
 1.102E+01  2.43761856913038E-04
 1.117E+01  2.06809564240519E-04
 1.132E+01  1.75049647872237E-04
 1.147E+01  1.47817461600036E-04
 1.163E+01  1.24523722168111E-04
 1.179E+01  1.04647324170183E-04
 1.195E+01  8.77286622949764E-05
 1.211E+01  7.33634470219503E-05
 1.228E+01  6.11969974269824E-05
 1.245E+01  5.09189927054065E-05
 1.262E+01  4.22586623481619E-05
 1.279E+01  3.49803936015323E-05
 1.296E+01  2.88797338831918E-05
 1.314E+01  2.37797651947631E-05
 1.332E+01  1.95278272384539E-05
 1.350E+01  1.59925658854730E-05
 1.368E+01  1.30612838281001E-05
 1.387E+01  1.06375706461788E-05
 1.406E+01  8.63919010302945E-06
 1.425E+01  6.99620322640924E-06
 1.445E+01  5.64930659922978E-06
 1.464E+01  4.54836625558586E-06
 1.484E+01  3.65112862535359E-06
 1.505E+01  2.92209107208765E-06
 1.525E+01  2.33151570323593E-06
 1.546E+01  1.85457128000727E-06
 1.567E+01  1.47058920008983E-06
 1.589E+01  1.16242065554676E-06
 1.610E+01  9.15883168554214E-07
 1.632E+01  7.19285769239238E-07
 1.655E+01  5.63023094761836E-07
 1.677E+01  4.39229651343575E-07
 1.700E+01  3.41488652828524E-07
 1.723E+01  2.64598361026056E-07
 1.747E+01  2.04318499871774E-07
 1.771E+01  1.57223680638345E-07
 1.795E+01  1.20558465003906E-07
 1.819E+01  9.21141602395669E-08
 1.844E+01  7.01266621873698E-08
 1.869E+01  5.31920661434453E-08
 1.895E+01  4.01972178676731E-08
 1.921E+01  3.02627773193098E-08
 1.947E+01  2.26967203176275E-08
 1.974E+01  1.69565123358462E-08
 2.000E+01  1.26184581145605E-08
 2.028E+01  9.35296463718768E-09
 2.055E+01  6.90465696595973E-09
 2.084E+01  5.07645999745968E-09
 2.112E+01  3.71690763076126E-09
 2.141E+01  2.71006717075175E-09
 2.170E+01  1.96757378395605E-09
 2.200E+01  1.42236000249935E-09
 2.230E+01  1.02374090599939E-09
 2.260E+01  7.33578736301966E-10
 2.291E+01  5.23303125851115E-10
 2.322E+01  3.71606445401937E-10
 2.354E+01  2.62669402713474E-10
 2.386E+01  1.84801172468264E-10
 2.419E+01  1.29402066589715E-10
 2.452E+01  9.01759731474564E-11
 2.485E+01  6.25352788000121E-11
 2.519E+01  4.31534047688183E-11
 2.554E+01  2.96299872604859E-11
 2.588E+01  2.02415878357821E-11
 2.624E+01  1.37570174844826E-11
 2.660E+01  9.30122329712080E-12
 2.696E+01  6.25548480114411E-12
 2.733E+01  4.18461612141365E-12
 2.770E+01  2.78414737406465E-12
 2.808E+01  1.84220740980175E-12
 2.846E+01  1.21216533451462E-12
 2.885E+01  7.93102103201305E-13
 2.924E+01  5.15948880105809E-13
 2.964E+01  3.33703332958325E-13
 3.005E+01  2.14563683033455E-13
 3.046E+01  1.37138287140148E-13
 3.087E+01  8.71229593092298E-14
 3.130E+01  5.50100430642570E-14
 3.172E+01  3.45183801376010E-14
 3.216E+01  2.15239006202553E-14
 3.259E+01  1.33357145036984E-14
 3.304E+01  8.20915440002909E-15
 3.349E+01  5.02029168195434E-15
 3.395E+01  3.04978283396629E-15
 3.441E+01  1.84025851796379E-15
 3.488E+01  1.10285570781721E-15
 3.536E+01  6.56368800986261E-16
 3.584E+01  3.87905044561021E-16
 3.633E+01  2.27619527744954E-16
 3.683E+01  1.32604409073241E-16
 3.733E+01  7.66880963016608E-17
 3.784E+01  4.40226420793944E-17
 3.835E+01  2.50817840138699E-17
 3.888E+01  1.41817667468412E-17
 3.941E+01  7.95695061187223E-18
 3.995E+01  4.42957029521439E-18
 4.049E+01  2.44640707415068E-18
 4.104E+01  1.34029682055368E-18
 4.161E+01  7.28334188268565E-19
 4.217E+01  3.92526977729934E-19
 4.275E+01  2.09782101821517E-19
 4.333E+01  1.11167489976036E-19
 4.392E+01  5.84046303326224E-20
 4.452E+01  3.04176641449584E-20
 4.513E+01  1.57022488308968E-20
 4.575E+01  8.03346506323774E-21
 4.637E+01  4.07282762327176E-21
 4.701E+01  2.04591533234908E-21
 4.765E+01  1.01817828071822E-21
 4.830E+01  5.01938527619883E-22
 4.896E+01  2.45083728413961E-22
 4.963E+01  1.18512669033279E-22
 5.030E+01  5.67487922585427E-23
 5.099E+01  2.69066350754173E-23
 5.169E+01  1.26320748548701E-23
 5.239E+01  5.87322861071375E-24
 5.311E+01  2.70585609848628E-24
 5.383E+01  1.23699781104006E-24
 5.457E+01  5.63033477278633E-25
 5.531E+01  2.57147540824092E-25
 5.607E+01  0.00000000000000E+00
 5.683E+01  0.00000000000000E+00
 5.761E+01  0.00000000000000E+00
 5.839E+01  0.00000000000000E+00
 5.919E+01  0.00000000000000E+00
 6.000E+01  0.00000000000000E+00
