line2: Z,NR,R(1),R(NR) /line3,4,...: R(N),RHO*4*PI*R(N)**2
21.00  2000  1.01365245284744E-10  6.00000000000000E+01
 1.014E-10  1.26257569585340E-15
 1.027E-10  1.29687003728443E-15
 1.042E-10  1.33209588868859E-15
 1.056E-10  1.38499182230627E-15
 1.070E-10  1.42261125580440E-15
 1.085E-10  1.46125251611158E-15
 1.100E-10  1.50094335829923E-15
 1.115E-10  1.54171229132627E-15
 1.130E-10  1.58358859851840E-15
 1.145E-10  1.62660235860102E-15
 1.161E-10  1.67078446730408E-15
 1.177E-10  1.71616665955348E-15
 1.193E-10  1.76278153226600E-15
 1.209E-10  1.81066256776244E-15
 1.226E-10  1.85984415781729E-15
 1.242E-10  1.91036162836167E-15
 1.259E-10  1.96225126485672E-15
 1.276E-10  2.01555033835680E-15
 1.294E-10  2.07029713228042E-15
 1.312E-10  2.12653096990812E-15
 1.329E-10  2.18429224262740E-15
 1.348E-10  2.24362243894518E-15
 1.366E-10  2.30456417428759E-15
 1.385E-10  2.36716122160965E-15
 1.404E-10  2.43145854283663E-15
 1.423E-10  2.49750232115885E-15
 1.442E-10  2.56533999420373E-15
 1.462E-10  2.63502028810948E-15
 1.482E-10  2.70659325252372E-15
 1.502E-10  2.78011029655295E-15
 1.523E-10  2.85562422568810E-15
 1.543E-10  2.93318927973418E-15
 1.564E-10  3.01286117176871E-15
 1.586E-10  3.09469712815913E-15
 1.607E-10  3.17875592966770E-15
 1.629E-10  3.26509795367156E-15
 1.652E-10  3.35378521753037E-15
 1.674E-10  3.44488142313263E-15
 1.697E-10  3.53845200265042E-15
 1.720E-10  3.63456416553770E-15
 1.744E-10  3.73328694680578E-15
 1.767E-10  3.83469125660915E-15
 1.792E-10  3.93884993117825E-15
 1.816E-10  4.04583778513661E-15
 1.841E-10  4.15573166523773E-15
 1.866E-10  4.26861050556224E-15
 1.891E-10  4.38455538421489E-15
 1.917E-10  4.50364958156059E-15
 1.943E-10  4.62597864004267E-15
 1.970E-10  4.75163042562546E-15
 1.997E-10  4.88069519090723E-15
 2.024E-10  5.01326563994579E-15
 2.052E-10  5.14943699484542E-15
 2.080E-10  5.28930706415322E-15
 2.108E-10  5.43297631311179E-15
 2.137E-10  5.58054793582129E-15
 2.166E-10  5.73212792936184E-15
 2.196E-10  5.88782516992743E-15
 2.226E-10  6.04775149103009E-15
 2.256E-10  6.21202176382674E-15
 2.287E-10  6.38075397962759E-15
 2.318E-10  6.55406933464782E-15
 2.350E-10  6.73209231705912E-15
 2.382E-10  6.91495079640616E-15
 2.414E-10  7.10277611545303E-15
 2.447E-10  7.29570318452241E-15
 2.481E-10  7.49387057839901E-15
 2.515E-10  7.69742063586524E-15
 2.549E-10  7.90649956193778E-15
 2.584E-10  8.12125753288431E-15
 2.619E-10  8.34184880409137E-15
 2.655E-10  8.56843182086203E-15
 2.691E-10  8.80116933222302E-15
 2.728E-10  9.04022850782392E-15
 2.765E-10  9.28578105801095E-15
 2.803E-10  9.53800335716093E-15
 2.841E-10  9.79707657036962E-15
 2.880E-10  1.00631867835750E-14
 2.919E-10  1.03365251372199E-14
 2.959E-10  1.06172879635436E-14
 2.999E-10  1.09056769276012E-14
 3.040E-10  1.12018991721162E-14
 3.082E-10  1.15061674662655E-14
 3.124E-10  1.18187003585056E-14
 3.166E-10  1.21397223335512E-14
 3.210E-10  1.24694639736170E-14
 3.253E-10  1.28081621240396E-14
 3.298E-10  1.31560600633974E-14
 3.343E-10  1.35134076782508E-14
 3.389E-10  1.38804616426313E-14
 3.435E-10  1.42574856024025E-14
 3.482E-10  1.46447503646312E-14
 3.529E-10  1.50425340921021E-14
 3.577E-10  1.54511225031137E-14
 3.626E-10  1.58708090767042E-14
 3.676E-10  1.63018952634500E-14
 3.726E-10  1.67446907019897E-14
 3.777E-10  1.71995134414307E-14
 3.828E-10  1.76666901697944E-14
 3.881E-10  1.81465564486702E-14
 3.934E-10  1.86394569542406E-14
 3.987E-10  1.91457457248533E-14
 4.042E-10  1.96657864153184E-14
 4.097E-10  2.01999525581120E-14
 4.153E-10  2.07486278316772E-14
 4.210E-10  2.13122063360087E-14
 4.267E-10  2.18910928757263E-14
 4.325E-10  2.24857032508375E-14
 4.384E-10  2.30964645553934E-14
 4.444E-10  2.37238154842620E-14
 4.505E-10  2.43682066482318E-14
 4.566E-10  2.50301008976734E-14
 4.629E-10  2.57099736549941E-14
 4.692E-10  2.64083132561225E-14
 4.756E-10  2.71256213012691E-14
 4.821E-10  2.78624130152127E-14
 4.887E-10  2.86192176173699E-14
 4.953E-10  2.93965787019253E-14
 5.021E-10  3.01950546282835E-14
 5.090E-10  3.10152189221182E-14
 5.159E-10  3.18576606873262E-14
 5.230E-10  3.27229850291665E-14
 5.301E-10  3.36118134888902E-14
 5.373E-10  3.45247844901771E-14
 5.447E-10  3.54625537977063E-14
 5.521E-10  3.64257949881704E-14
 5.596E-10  3.74151999340884E-14
 5.673E-10  3.84314793007659E-14
 5.750E-10  3.94753630567404E-14
 5.829E-10  4.05476009981093E-14
 5.908E-10  4.16489632870840E-14
 5.989E-10  4.27802410051794E-14
 6.071E-10  4.39422467214290E-14
 6.154E-10  4.51358150760310E-14
 6.238E-10  4.63618033798576E-14
 6.323E-10  4.76210922302284E-14
 6.409E-10  4.89145861434292E-14
 6.497E-10  5.02432142044057E-14
 6.585E-10  5.16079307340991E-14
 6.675E-10  5.30097159749086E-14
 6.766E-10  5.44495767947791E-14
 6.859E-10  5.59285474104107E-14
 6.952E-10  5.74476901301064E-14
 7.047E-10  5.90080961168092E-14
 7.144E-10  6.06108861718552E-14
 7.241E-10  6.22572115400048E-14
 7.340E-10  6.39482547363737E-14
 7.440E-10  6.56852303957966E-14
 7.542E-10  6.74693861452636E-14
 7.645E-10  6.93020035000659E-14
 7.749E-10  7.11843987842780E-14
 7.855E-10  7.31179240762362E-14
 7.962E-10  7.51039681797030E-14
 8.071E-10  7.71439576214162E-14
 8.181E-10  7.92393576757263E-14
 8.293E-10  8.13916734170659E-14
 8.406E-10  8.36024508009987E-14
 8.521E-10  8.58732777746585E-14
 8.637E-10  8.82057854173222E-14
 8.755E-10  9.06016491119785E-14
 8.874E-10  9.30625897487054E-14
 8.996E-10  9.55903749607501E-14
 9.118E-10  9.81868203941800E-14
 9.243E-10  1.00853791012010E-13
 9.369E-10  1.03593202433758E-13
 9.497E-10  1.06407022311396E-13
 9.627E-10  1.09297271742667E-13
 9.758E-10  1.12266026722764E-13
 9.891E-10  1.15315419635504E-13
 1.003E-09  1.18447640784949E-13
 1.016E-09  1.21664939968633E-13
 1.030E-09  1.24969628093561E-13
 1.044E-09  1.28364078836071E-13
 1.059E-09  1.31850730346767E-13
 1.073E-09  1.35432087001802E-13
 1.088E-09  1.39110721201723E-13
 1.102E-09  1.42889275219124E-13
 1.118E-09  1.46770463096553E-13
 1.133E-09  1.50757072595942E-13
 1.148E-09  1.54851967200973E-13
 1.164E-09  1.59058088173864E-13
 1.180E-09  1.63378456667990E-13
 1.196E-09  1.67816175897916E-13
 1.212E-09  1.72374433368346E-13
 1.229E-09  1.77056503163643E-13
 1.246E-09  1.81865748299522E-13
 1.263E-09  1.86805623138606E-13
 1.280E-09  1.91879675871619E-13
 1.297E-09  1.97091551065983E-13
 1.315E-09  2.02444992283577E-13
 1.333E-09  2.07943844769686E-13
 1.351E-09  2.13592058214930E-13
 1.370E-09  2.19393689592220E-13
 1.388E-09  2.25352906070796E-13
 1.407E-09  2.31473988009407E-13
 1.426E-09  2.37761332030770E-13
 1.446E-09  2.44219454179561E-13
 1.466E-09  2.50852993166180E-13
 1.486E-09  2.57666713698628E-13
 1.506E-09  2.64665509904864E-13
 1.527E-09  2.71854408848143E-13
 1.547E-09  2.79238574137867E-13
 1.568E-09  2.86823309638408E-13
 1.590E-09  2.94614063278782E-13
 1.612E-09  3.02616430965786E-13
 1.634E-09  3.10836160603354E-13
 1.656E-09  3.19279156221156E-13
 1.679E-09  3.27951482215339E-13
 1.701E-09  3.36859367704363E-13
 1.725E-09  3.46009211003287E-13
 1.748E-09  3.55407584219530E-13
 1.772E-09  3.65061237973390E-13
 1.796E-09  3.74977106246911E-13
 1.821E-09  3.85162311364324E-13
 1.846E-09  3.95624169107906E-13
 1.871E-09  4.06370193972697E-13
 1.896E-09  4.17408104563957E-13
 1.922E-09  4.28745829141278E-13
 1.949E-09  4.40391511313209E-13
 1.975E-09  4.52353515886717E-13
 2.002E-09  4.64640434875292E-13
 2.029E-09  4.77261093670424E-13
 2.057E-09  4.90224557380713E-13
 2.085E-09  5.03540137343054E-13
 2.114E-09  5.17217397810755E-13
 2.143E-09  5.31266162823279E-13
 2.172E-09  5.45696523262688E-13
 2.201E-09  5.60518844101588E-13
 2.232E-09  5.75743771848090E-13
 2.262E-09  5.91382242192874E-13
 2.293E-09  6.07445487864045E-13
 2.324E-09  6.23945046695401E-13
 2.356E-09  6.40892769913637E-13
 2.388E-09  6.58300830650901E-13
 2.421E-09  6.76181732688422E-13
 2.454E-09  6.94548319437613E-13
 2.487E-09  7.13413783165228E-13
 2.521E-09  7.32791674469050E-13
 2.556E-09  7.52695912010913E-13
 2.590E-09  7.73140792514115E-13
 2.626E-09  7.94141001032469E-13
 2.662E-09  8.15711621498173E-13
 2.698E-09  8.37868147556176E-13
 2.735E-09  8.60626493693008E-13
 2.772E-09  8.84003006667626E-13
 2.810E-09  9.08014477252906E-13
 2.848E-09  9.32678152296112E-13
 2.887E-09  9.58011747106834E-13
 2.927E-09  9.84033458181445E-13
 2.967E-09  1.01076197627320E-12
 3.007E-09  1.03821649981737E-12
 3.048E-09  1.06641674872092E-12
 3.090E-09  1.09538297852688E-12
 3.132E-09  1.12513599496343E-12
 3.175E-09  1.15569716888808E-12
 3.218E-09  1.18708845163793E-12
 3.262E-09  1.21933239079656E-12
 3.307E-09  1.25245214638951E-12
 3.352E-09  1.28647150751971E-12
 3.398E-09  1.32141490945442E-12
 3.444E-09  1.35730745117633E-12
 3.491E-09  1.39417491341185E-12
 3.539E-09  1.43204377714870E-12
 3.587E-09  1.47094124265631E-12
 3.636E-09  1.51089524902323E-12
 3.685E-09  1.55193449422531E-12
 3.736E-09  1.59408845573836E-12
 3.787E-09  1.63738741171112E-12
 3.838E-09  1.68186246271377E-12
 3.891E-09  1.72754555407625E-12
 3.944E-09  1.77446949883358E-12
 3.998E-09  1.82266800129531E-12
 4.052E-09  1.87217568125416E-12
 4.108E-09  1.92302809885224E-12
 4.164E-09  1.97526178012341E-12
 4.221E-09  2.02891424322895E-12
 4.278E-09  2.08402402540591E-12
 4.337E-09  2.14063071064734E-12
 4.396E-09  2.19877495813434E-12
 4.456E-09  2.25849853144091E-12
 4.517E-09  2.31984432853171E-12
 4.578E-09  2.38285641257399E-12
 4.641E-09  2.44758004358768E-12
 4.704E-09  2.51406171095424E-12
 4.769E-09  2.58234916680880E-12
 4.834E-09  2.65249146033949E-12
 4.900E-09  2.72453897301802E-12
 4.967E-09  2.79854345478771E-12
 5.034E-09  2.87455806123386E-12
 5.103E-09  2.95263739176417E-12
 5.173E-09  3.03283752882636E-12
 5.243E-09  3.11521607819058E-12
 5.315E-09  3.19983221032596E-12
 5.388E-09  3.28674670290158E-12
 5.461E-09  3.37602198444175E-12
 5.536E-09  3.46772217916620E-12
 5.611E-09  3.56191315304940E-12
 5.688E-09  3.65866256113040E-12
 5.765E-09  3.75803989610728E-12
 5.844E-09  3.86011653825267E-12
 5.924E-09  3.96496580668398E-12
 6.005E-09  4.07266301202658E-12
 6.087E-09  4.18328551050778E-12
 6.170E-09  4.29691275951997E-12
 6.254E-09  4.41362637469242E-12
 6.340E-09  4.53351018851396E-12
 6.426E-09  4.65665031054786E-12
 6.514E-09  4.78313518928194E-12
 6.603E-09  4.91305567565915E-12
 6.693E-09  5.04650508833284E-12
 6.784E-09  5.18357928069601E-12
 6.877E-09  5.32437670973007E-12
 6.971E-09  5.46899850672363E-12
 7.066E-09  5.61754854991321E-12
 7.162E-09  5.77013353909560E-12
 7.260E-09  5.92686307226835E-12
 7.359E-09  6.08784972435049E-12
 7.460E-09  6.25320912804250E-12
 7.562E-09  6.42306005688305E-12
 7.665E-09  6.59752451055984E-12
 7.770E-09  6.77672780253973E-12
 7.876E-09  6.96079865007783E-12
 7.983E-09  7.14986926667158E-12
 8.092E-09  7.34407545702674E-12
 8.203E-09  7.54355671460276E-12
 8.315E-09  7.74845632180688E-12
 8.428E-09  7.95892145290959E-12
 8.543E-09  8.17510327975738E-12
 8.660E-09  8.39715708035535E-12
 8.778E-09  8.62524235039878E-12
 8.898E-09  8.85952291783499E-12
 9.019E-09  9.10016706053776E-12
 9.142E-09  9.34734762717493E-12
 9.267E-09  9.60124216136273E-12
 9.394E-09  9.86203302919176E-12
 9.522E-09  1.01299075502131E-11
 9.652E-09  1.04050581319868E-11
 9.784E-09  1.06876824082843E-11
 9.917E-09  1.09779833810409E-11
 1.005E-08  1.12761695661694E-11
 1.019E-08  1.15824551433310E-11
 1.033E-08  1.18970601097733E-11
 1.047E-08  1.22202104383513E-11
 1.061E-08  1.25521382398365E-11
 1.076E-08  1.28930819296353E-11
 1.090E-08  1.32432863990385E-11
 1.105E-08  1.36030031911191E-11
 1.120E-08  1.39724906814099E-11
 1.136E-08  1.43520142634861E-11
 1.151E-08  1.47418465395929E-11
 1.167E-08  1.51422675164486E-11
 1.183E-08  1.55535648063633E-11
 1.199E-08  1.59760338338280E-11
 1.215E-08  1.64099780477048E-11
 1.232E-08  1.68557091391901E-11
 1.249E-08  1.73135472656951E-11
 1.266E-08  1.77838212808024E-11
 1.283E-08  1.82668689704764E-11
 1.301E-08  1.87630372956853E-11
 1.318E-08  1.92726826416128E-11
 1.336E-08  1.97961710736408E-11
 1.355E-08  2.03338786002869E-11
 1.373E-08  2.08861914432785E-11
 1.392E-08  2.14535063149660E-11
 1.411E-08  2.20362307032739E-11
 1.430E-08  2.26347831643836E-11
 1.450E-08  2.32495936233752E-11
 1.470E-08  2.38811036830320E-11
 1.490E-08  2.45297669410284E-11
 1.510E-08  2.51960493157376E-11
 1.531E-08  2.58804293808943E-11
 1.551E-08  2.65833987093330E-11
 1.573E-08  2.73054622260778E-11
 1.594E-08  2.80471385710167E-11
 1.616E-08  2.88089604714214E-11
 1.638E-08  2.95914751245965E-11
 1.660E-08  3.03952445909141E-11
 1.683E-08  3.12208461975291E-11
 1.706E-08  3.20688729530563E-11
 1.729E-08  3.29399339735115E-11
 1.753E-08  3.38346549198257E-11
 1.777E-08  3.47536784472403E-11
 1.801E-08  3.56976646669064E-11
 1.826E-08  3.66672916200279E-11
 1.851E-08  3.76632557648809E-11
 1.876E-08  3.86862724770571E-11
 1.901E-08  3.97370765633032E-11
 1.927E-08  4.08164227893069E-11
 1.954E-08  4.19250864218337E-11
 1.980E-08  4.30638637855733E-11
 2.007E-08  4.42335728351155E-11
 2.035E-08  4.54350537424760E-11
 2.063E-08  4.66691695005591E-11
 2.091E-08  4.79368065430247E-11
 2.119E-08  4.92388753809890E-11
 2.148E-08  5.05763112570240E-11
 2.178E-08  5.19500748169130E-11
 2.207E-08  5.33611527996556E-11
 2.237E-08  5.48105587462207E-11
 2.268E-08  5.62993337275336E-11
 2.299E-08  5.78285470922610E-11
 2.330E-08  5.93992972348940E-11
 2.362E-08  6.10127123846846E-11
 2.394E-08  6.26699514160314E-11
 2.427E-08  6.43722046808619E-11
 2.460E-08  6.61206948636330E-11
 2.494E-08  6.79166778595479E-11
 2.528E-08  6.97614436766355E-11
 2.562E-08  7.16563173623222E-11
 2.597E-08  7.36026599551782E-11
 2.633E-08  7.56018694625184E-11
 2.669E-08  7.76553818645426E-11
 2.705E-08  7.97646721457727E-11
 2.742E-08  8.19312553544800E-11
 2.779E-08  8.41566876909098E-11
 2.817E-08  8.64425676250497E-11
 2.856E-08  8.87905370447721E-11
 2.895E-08  9.12022824351702E-11
 2.934E-08  9.36795360898713E-11
 2.974E-08  9.62240773553270E-11
 3.015E-08  9.88377339088792E-11
 3.056E-08  1.01522383071481E-10
 3.098E-08  1.04279953156172E-10
 3.140E-08  1.07112424853101E-10
 3.183E-08  1.10021832652209E-10
 3.227E-08  1.13010266304553E-10
 3.271E-08  1.16079872323299E-10
 3.315E-08  1.19232855525506E-10
 3.361E-08  1.22471480615792E-10
 3.406E-08  1.25798073812995E-10
 3.453E-08  1.29215024521025E-10
 3.500E-08  1.32724787045131E-10
 3.548E-08  1.36329882354723E-10
 3.596E-08  1.40032899894126E-10
 3.645E-08  1.43836499442501E-10
 3.695E-08  1.47743413024304E-10
 3.746E-08  1.51756446871589E-10
 3.797E-08  1.55878483439658E-10
 3.849E-08  1.60112483477448E-10
 3.901E-08  1.64461488154138E-10
 3.954E-08  1.68928621243547E-10
 4.008E-08  1.73517091367826E-10
 4.063E-08  1.78230194302146E-10
 4.119E-08  1.83071315341924E-10
 4.175E-08  1.88043931734405E-10
 4.232E-08  1.93151615176253E-10
 4.290E-08  1.98398034378989E-10
 4.348E-08  2.03786957704125E-10
 4.408E-08  2.09322255869863E-10
 4.468E-08  2.15007904731336E-10
 4.529E-08  2.20847988136281E-10
 4.591E-08  2.26846700858411E-10
 4.653E-08  2.33008351610403E-10
 4.717E-08  2.39337366138605E-10
 4.781E-08  2.45838290402030E-10
 4.846E-08  2.52515793837566E-10
 4.913E-08  2.59374672713818E-10
 4.980E-08  2.66419853576175E-10
 5.048E-08  2.73656396785393E-10
 5.117E-08  2.81089500152285E-10
 5.186E-08  2.88724502671161E-10
 5.257E-08  2.96566888354612E-10
 5.329E-08  3.04622290172589E-10
 5.402E-08  3.12896494098322E-10
 5.475E-08  3.21395443264206E-10
 5.550E-08  3.30125242230620E-10
 5.626E-08  3.39092161370577E-10
 5.703E-08  3.48302641373565E-10
 5.781E-08  3.57763297871670E-10
 5.860E-08  3.67480926191416E-10
 5.940E-08  3.77462506234593E-10
 6.021E-08  3.87715207491714E-10
 6.103E-08  3.98246394191593E-10
 6.186E-08  4.09063630590867E-10
 6.271E-08  4.20174686407183E-10
 6.356E-08  4.31587542399870E-10
 6.443E-08  4.43310396102290E-10
 6.531E-08  4.55351667709874E-10
 6.620E-08  4.67720006128041E-10
 6.711E-08  4.80424295184427E-10
 6.802E-08  4.93473660009877E-10
 6.895E-08  5.06877473592682E-10
 6.989E-08  5.20645363510881E-10
 7.085E-08  5.34787218847480E-10
 7.181E-08  5.49313197293398E-10
 7.279E-08  5.64233732443431E-10
 7.379E-08  5.79559541290318E-10
 7.479E-08  5.95301631922402E-10
 7.582E-08  6.11471311430396E-10
 7.685E-08  6.28080194028801E-10
 7.790E-08  6.45140209398074E-10
 7.896E-08  6.62663611253352E-10
 8.004E-08  6.80662986145698E-10
 8.113E-08  6.99151262502697E-10
 8.224E-08  7.18141719914579E-10
 8.336E-08  7.37647998672274E-10
 8.450E-08  7.57684109564925E-10
 8.566E-08  7.78264443943304E-10
 8.683E-08  7.99403784056546E-10
 8.801E-08  8.21117313669792E-10
 8.921E-08  8.43420628970068E-10
 9.043E-08  8.66329749768534E-10
 9.167E-08  8.89861131006940E-10
 9.292E-08  9.14031674576527E-10
 9.419E-08  9.38858741458087E-10
 9.547E-08  9.64360164191835E-10
 9.677E-08  9.90554259685698E-10
 9.810E-08  1.01745984237170E-09
 9.944E-08  1.04509623771974E-09
 1.008E-07  1.07348329611835E-09
 1.022E-07  1.10264140713245E-09
 1.036E-07  1.13259151414848E-09
 1.050E-07  1.16335512941707E-09
 1.064E-07  1.19495434950466E-09
 1.079E-07  1.22741187116460E-09
 1.093E-07  1.26075100763917E-09
 1.108E-07  1.29499570540484E-09
 1.123E-07  1.33017056137199E-09
 1.139E-07  1.36630084055179E-09
 1.154E-07  1.40341249420333E-09
 1.170E-07  1.44153217847310E-09
 1.186E-07  1.48068727354126E-09
 1.202E-07  1.52090590328778E-09
 1.219E-07  1.56221695549242E-09
 1.235E-07  1.60465010258390E-09
 1.252E-07  1.64823582295237E-09
 1.269E-07  1.69300542284072E-09
 1.287E-07  1.73899105883068E-09
 1.304E-07  1.78622576093958E-09
 1.322E-07  1.83474345634423E-09
 1.340E-07  1.88457899374980E-09
 1.358E-07  1.93576816841984E-09
 1.377E-07  1.98834774788657E-09
 1.396E-07  2.04235549835973E-09
 1.415E-07  2.09783021185222E-09
 1.434E-07  2.15481173404258E-09
 1.454E-07  2.21334099289471E-09
 1.473E-07  2.27346002805471E-09
 1.494E-07  2.33521202104582E-09
 1.514E-07  2.39864132628429E-09
 1.535E-07  2.46379350293667E-09
 1.556E-07  2.53071534764318E-09
 1.577E-07  2.59945492812994E-09
 1.598E-07  2.67006161773340E-09
 1.620E-07  2.74258613086332E-09
 1.642E-07  2.81708055942851E-09
 1.665E-07  2.89359841025217E-09
 1.687E-07  2.97219464350300E-09
 1.710E-07  3.05292571217114E-09
 1.734E-07  3.13584960261542E-09
 1.757E-07  3.22102587621223E-09
 1.781E-07  3.30851571213589E-09
 1.806E-07  3.39838195130018E-09
 1.830E-07  3.49068914149479E-09
 1.855E-07  3.58550358374638E-09
 1.881E-07  3.68289337993936E-09
 1.906E-07  3.78292848173060E-09
 1.932E-07  3.88568074079178E-09
 1.959E-07  3.99122396041728E-09
 1.986E-07  4.09963394853324E-09
 2.013E-07  4.21098857214663E-09
 2.040E-07  4.32536781327329E-09
 2.068E-07  4.44285382638490E-09
 2.096E-07  4.56353099741610E-09
 2.125E-07  4.68748600437522E-09
 2.154E-07  4.81480787960021E-09
 2.183E-07  4.94558807370548E-09
 2.213E-07  5.07992052126691E-09
 2.243E-07  5.21790170829005E-09
 2.274E-07  5.35963074150983E-09
 2.305E-07  5.50520941957458E-09
 2.336E-07  5.65474230616275E-09
 2.368E-07  5.80833680508404E-09
 2.401E-07  5.96610323742321E-09
 2.433E-07  6.12815492077652E-09
 2.467E-07  6.29460825064125E-09
 2.500E-07  6.46558278401779E-09
 2.534E-07  6.64120132527867E-09
 2.569E-07  6.82159001437290E-09
 2.604E-07  7.00687841742504E-09
 2.640E-07  7.19719961979437E-09
 2.676E-07  7.39269032166418E-09
 2.712E-07  7.59349093622304E-09
 2.749E-07  7.79974569051694E-09
 2.787E-07  8.01160272903862E-09
 2.825E-07  8.22921422013014E-09
 2.863E-07  8.45273646527697E-09
 2.903E-07  8.68233001136993E-09
 2.942E-07  8.91815976601539E-09
 2.982E-07  9.16039511597859E-09
 3.023E-07  9.40921004884357E-09
 3.064E-07  9.66478327797681E-09
 3.106E-07  9.92729837088665E-09
 3.149E-07  1.01969438810675E-08
 3.192E-07  1.04739134834259E-08
 3.235E-07  1.07584061133832E-08
 3.279E-07  1.10506261097602E-08
 3.324E-07  1.13507833615383E-08
 3.369E-07  1.16590934586086E-08
 3.415E-07  1.19757778466174E-08
 3.462E-07  1.23010639860129E-08
 3.509E-07  1.26351855154160E-08
 3.557E-07  1.29783824194273E-08
 3.606E-07  1.33309012009897E-08
 3.655E-07  1.36929950584335E-08
 3.705E-07  1.40649240673339E-08
 3.756E-07  1.44469553673014E-08
 3.807E-07  1.48393633538503E-08
 3.859E-07  1.52424298754764E-08
 3.911E-07  1.56564444360872E-08
 3.965E-07  1.60817044029347E-08
 4.019E-07  1.65185152201859E-08
 4.074E-07  1.69671906283042E-08
 4.129E-07  1.74280528893852E-08
 4.186E-07  1.79014330186105E-08
 4.243E-07  1.83876710219926E-08
 4.301E-07  1.88871161405714E-08
 4.360E-07  1.94001271012489E-08
 4.419E-07  1.99270723744334E-08
 4.479E-07  2.04683304386805E-08
 4.541E-07  2.10242900525237E-08
 4.603E-07  2.15953505336890E-08
 4.665E-07  2.21819220458905E-08
 4.729E-07  2.27844258934163E-08
 4.794E-07  2.34032948237155E-08
 4.859E-07  2.40389733382041E-08
 4.926E-07  2.46919180115114E-08
 4.993E-07  2.53625978193968E-08
 5.061E-07  2.60514944755761E-08
 5.130E-07  2.67591027776907E-08
 5.200E-07  2.74859309626771E-08
 5.271E-07  2.82325010717873E-08
 5.343E-07  2.89993493255246E-08
 5.416E-07  2.97870265087577E-08
 5.490E-07  3.05960983662987E-08
 5.565E-07  3.14271460092277E-08
 5.641E-07  3.22807663322443E-08
 5.718E-07  3.31575724423603E-08
 5.796E-07  3.40581940992393E-08
 5.875E-07  3.49832781674832E-08
 5.955E-07  3.59334890812157E-08
 6.037E-07  3.69095093212800E-08
 6.119E-07  3.79120399053878E-08
 6.202E-07  3.89418008915983E-08
 6.287E-07  3.99995318954510E-08
 6.373E-07  4.10859926211587E-08
 6.460E-07  4.22019634072262E-08
 6.548E-07  4.33482457868775E-08
 6.638E-07  4.45256630637148E-08
 6.728E-07  4.57350609030004E-08
 6.820E-07  4.69773079390143E-08
 6.913E-07  4.82532963988905E-08
 7.008E-07  4.95639427434023E-08
 7.103E-07  5.09101883251594E-08
 7.200E-07  5.22930000646597E-08
 7.298E-07  5.37133711447273E-08
 7.398E-07  5.51723217237940E-08
 7.499E-07  5.66708996685540E-08
 7.602E-07  5.82101813065299E-08
 7.705E-07  5.97912721990562E-08
 7.811E-07  6.14153079352725E-08
 7.917E-07  6.30834549476829E-08
 8.025E-07  6.47969113498464E-08
 8.135E-07  6.65569077968326E-08
 8.246E-07  6.83647083690484E-08
 8.358E-07  7.02216114800563E-08
 8.473E-07  7.21289508090566E-08
 8.588E-07  7.40880962586952E-08
 8.705E-07  7.61004549388700E-08
 8.824E-07  7.81674721772813E-08
 8.945E-07  8.02906325573984E-08
 9.067E-07  8.24714609846320E-08
 9.191E-07  8.47115237814742E-08
 9.316E-07  8.70124298123493E-08
 9.443E-07  8.93758316390251E-08
 9.572E-07  9.18034267074252E-08
 9.703E-07  9.42969585666518E-08
 9.835E-07  9.68582181210945E-08
 9.970E-07  9.94890449166021E-08
 1.011E-06  1.02191328461527E-07
 1.024E-06  1.04967009583666E-07
 1.038E-06  1.07818081824076E-07
 1.053E-06  1.10746592868691E-07
 1.067E-06  1.13754646018867E-07
 1.081E-06  1.16844401701855E-07
 1.096E-06  1.20018079022255E-07
 1.111E-06  1.23277957355653E-07
 1.126E-06  1.26626377985521E-07
 1.142E-06  1.30065745784539E-07
 1.157E-06  1.33598530941632E-07
 1.173E-06  1.37227270735877E-07
 1.189E-06  1.40954571358563E-07
 1.205E-06  1.44783109784794E-07
 1.222E-06  1.48715635695853E-07
 1.239E-06  1.52754973453802E-07
 1.255E-06  1.56904024129730E-07
 1.273E-06  1.61165767587024E-07
 1.290E-06  1.65543264621264E-07
 1.308E-06  1.70039659158211E-07
 1.325E-06  1.74658180511472E-07
 1.344E-06  1.79402145701502E-07
 1.362E-06  1.84274961837567E-07
 1.380E-06  1.89280128564398E-07
 1.399E-06  1.94421240575267E-07
 1.418E-06  1.99701990193316E-07
 1.438E-06  2.05126170023029E-07
 1.457E-06  2.10697675673632E-07
 1.477E-06  2.16420508556503E-07
 1.497E-06  2.22298778758530E-07
 1.518E-06  2.28336707993490E-07
 1.539E-06  2.34538632633591E-07
 1.560E-06  2.40909006823329E-07
 1.581E-06  2.47452405677899E-07
 1.603E-06  2.54173528568427E-07
 1.624E-06  2.61077202496528E-07
 1.647E-06  2.68168385560344E-07
 1.669E-06  2.75452170514811E-07
 1.692E-06  2.82933788428588E-07
 1.715E-06  2.90618612440213E-07
 1.738E-06  2.98512161616392E-07
 1.762E-06  3.06620104914926E-07
 1.786E-06  3.14948265255335E-07
 1.811E-06  3.23502623699972E-07
 1.835E-06  3.32289323748698E-07
 1.860E-06  3.41314675750140E-07
 1.886E-06  3.50585161432792E-07
 1.911E-06  3.60107438559085E-07
 1.938E-06  3.69888345705893E-07
 1.964E-06  3.79934907174794E-07
 1.991E-06  3.90254338035677E-07
 2.018E-06  4.00854049307383E-07
 2.046E-06  4.11741653278854E-07
 2.073E-06  4.22924968974908E-07
 2.102E-06  4.34412027770358E-07
 2.130E-06  4.46211079156596E-07
 2.160E-06  4.58330596664772E-07
 2.189E-06  4.70779283949737E-07
 2.219E-06  4.83566081039273E-07
 2.249E-06  4.96700170752926E-07
 2.280E-06  5.10190985295137E-07
 2.311E-06  5.24048213027481E-07
 2.343E-06  5.38281805424653E-07
 2.375E-06  5.52901984219360E-07
 2.407E-06  5.67919248741284E-07
 2.440E-06  5.83344383455310E-07
 2.473E-06  5.99188465704219E-07
 2.507E-06  6.15462873661878E-07
 2.541E-06  6.32179294502254E-07
 2.576E-06  6.49349732790162E-07
 2.611E-06  6.66986519099962E-07
 2.647E-06  6.85102318868073E-07
 2.683E-06  7.03710141486092E-07
 2.719E-06  7.22823349640569E-07
 2.757E-06  7.42455668906447E-07
 2.794E-06  7.62621197600974E-07
 2.832E-06  7.83334416905155E-07
 2.871E-06  8.04610201259980E-07
 2.910E-06  8.26463829044791E-07
 2.950E-06  8.48910993545835E-07
 2.990E-06  8.71967814222385E-07
 3.031E-06  8.95650848278712E-07
 3.072E-06  9.19977102550404E-07
 3.114E-06  9.44964045713173E-07
 3.157E-06  9.70629620823210E-07
 3.200E-06  9.96992258198033E-07
 3.244E-06  1.02407088864706E-06
 3.288E-06  1.05188495706117E-06
 3.333E-06  1.08045443637124E-06
 3.378E-06  1.10979984188584E-06
 3.424E-06  1.13994224601796E-06
 3.471E-06  1.17090329341151E-06
 3.519E-06  1.20270521647862E-06
 3.567E-06  1.23537085135850E-06
 3.615E-06  1.26892365430970E-06
 3.665E-06  1.30338771854733E-06
 3.715E-06  1.33878779153726E-06
 3.765E-06  1.37514929276004E-06
 3.817E-06  1.41249833195653E-06
 3.869E-06  1.45086172786926E-06
 3.922E-06  1.49026702749256E-06
 3.975E-06  1.53074252584469E-06
 4.030E-06  1.57231728627748E-06
 4.085E-06  1.61502116133648E-06
 4.140E-06  1.65888481418788E-06
 4.197E-06  1.70393974062686E-06
 4.254E-06  1.75021829168322E-06
 4.312E-06  1.79775369684070E-06
 4.371E-06  1.84658008788670E-06
 4.431E-06  1.89673252340910E-06
 4.491E-06  1.94824701395801E-06
 4.553E-06  2.00116054789085E-06
 4.615E-06  2.05551111791822E-06
 4.678E-06  2.11133774837104E-06
 4.742E-06  2.16868052320717E-06
 4.806E-06  2.22758061477835E-06
 4.872E-06  2.28808031337818E-06
 4.938E-06  2.35022305759188E-06
 5.006E-06  2.41405346546924E-06
 5.074E-06  2.47961736654425E-06
 5.144E-06  2.54696183472400E-06
 5.214E-06  2.61613522206914E-06
 5.285E-06  2.68718719349191E-06
 5.357E-06  2.76016876239571E-06
 5.430E-06  2.83513232728155E-06
 5.504E-06  2.91213170934855E-06
 5.579E-06  2.99122219111401E-06
 5.656E-06  3.07246055608220E-06
 5.733E-06  3.15590512948945E-06
 5.811E-06  3.24161582015504E-06
 5.890E-06  3.32965416346733E-06
 5.971E-06  3.42008336553694E-06
 6.052E-06  3.51296834854784E-06
 6.135E-06  3.60837579733884E-06
 6.219E-06  3.70637420724966E-06
 6.304E-06  3.80703393326434E-06
 6.390E-06  3.91042724048923E-06
 6.477E-06  4.01662835599975E-06
 6.565E-06  4.12571352209486E-06
 6.655E-06  4.23776105099536E-06
 6.746E-06  4.35285138102663E-06
 6.838E-06  4.47106713432712E-06
 6.931E-06  4.59249317612052E-06
 7.026E-06  4.71721667559730E-06
 7.122E-06  4.84532716844790E-06
 7.219E-06  4.97691662109242E-06
 7.318E-06  5.11207949665226E-06
 7.418E-06  5.25091282271268E-06
 7.519E-06  5.39351626092356E-06
 7.622E-06  5.53999217848670E-06
 7.726E-06  5.69044572158481E-06
 7.831E-06  5.84498489080144E-06
 7.938E-06  6.00372061858573E-06
 8.046E-06  6.16676684882105E-06
 8.156E-06  6.33424061855007E-06
 8.268E-06  6.50626214191705E-06
 8.380E-06  6.68295489638821E-06
 8.495E-06  6.86444571130902E-06
 8.611E-06  7.05086485886560E-06
 8.728E-06  7.24234614751239E-06
 8.848E-06  7.43902701793271E-06
 8.968E-06  7.64104864160438E-06
 9.091E-06  7.84855602203783E-06
 9.215E-06  8.06169809875849E-06
 9.341E-06  8.28062785411182E-06
 9.468E-06  8.50550242296366E-06
 9.597E-06  8.73648320537453E-06
 9.729E-06  8.97373598233246E-06
 9.861E-06  9.21743103462302E-06
 9.996E-06  9.46774326492103E-06
 1.013E-05  9.72485232319657E-06
 1.027E-05  9.98894273551929E-06
 1.041E-05  1.02602040363561E-05
 1.055E-05  1.05388309044572E-05
 1.070E-05  1.08250233024255E-05
 1.084E-05  1.11189866200706E-05
 1.099E-05  1.14209318216510E-05
 1.114E-05  1.17310755971056E-05
 1.129E-05  1.20496405173899E-05
 1.145E-05  1.23768551940209E-05
 1.160E-05  1.27129544429452E-05
 1.176E-05  1.30581794528567E-05
 1.192E-05  1.34127779580704E-05
 1.209E-05  1.37770044160870E-05
 1.225E-05  1.41511201899686E-05
 1.242E-05  1.45353937356597E-05
 1.259E-05  1.49301007943864E-05
 1.276E-05  1.53355245902673E-05
 1.293E-05  1.57519560332880E-05
 1.311E-05  1.61796939277688E-05
 1.329E-05  1.66190451864875E-05
 1.347E-05  1.70703250506085E-05
 1.365E-05  1.75338573155632E-05
 1.384E-05  1.80099745630617E-05
 1.403E-05  1.84990183993891E-05
 1.422E-05  1.90013397001560E-05
 1.442E-05  1.95172988616872E-05
 1.461E-05  2.00472660592197E-05
 1.481E-05  2.05916215120969E-05
 1.501E-05  2.11507557561507E-05
 1.522E-05  2.17250699234615E-05
 1.543E-05  2.23149760297001E-05
 1.564E-05  2.29208972692541E-05
 1.585E-05  2.35432683183509E-05
 1.607E-05  2.41825356463941E-05
 1.629E-05  2.48391578357287E-05
 1.651E-05  2.55136059100761E-05
 1.673E-05  2.62063636718618E-05
 1.696E-05  2.69179280486811E-05
 1.719E-05  2.76488094491525E-05
 1.743E-05  2.83995321284043E-05
 1.767E-05  2.91706345634679E-05
 1.791E-05  2.99626698388300E-05
 1.815E-05  3.07762060424326E-05
 1.840E-05  3.16118266723992E-05
 1.865E-05  3.24701310547641E-05
 1.891E-05  3.33517347725283E-05
 1.916E-05  3.42572701063261E-05
 1.943E-05  3.51873864870189E-05
 1.969E-05  3.61427509605569E-05
 1.996E-05  3.71240486654158E-05
 2.023E-05  3.81319833229633E-05
 2.051E-05  3.91672777411000E-05
 2.079E-05  4.02306743315381E-05
 2.107E-05  4.13229356410786E-05
 2.136E-05  4.24448448972718E-05
 2.165E-05  4.35972065688474E-05
 2.195E-05  4.47808469413141E-05
 2.225E-05  4.59966147081381E-05
 2.255E-05  4.72453815779121E-05
 2.286E-05  4.85280428979750E-05
 2.317E-05  4.98455182948937E-05
 2.349E-05  5.11987523322684E-05
 2.381E-05  5.25887151863606E-05
 2.413E-05  5.40164033399823E-05
 2.446E-05  5.54828402951602E-05
 2.480E-05  5.69890773050915E-05
 2.514E-05  5.85361941258907E-05
 2.548E-05  6.01252997886757E-05
 2.583E-05  6.17575333925355E-05
 2.618E-05  6.34340649189500E-05
 2.654E-05  6.51560960682353E-05
 2.690E-05  6.69248611186104E-05
 2.727E-05  6.87416278084906E-05
 2.764E-05  7.06076982426537E-05
 2.802E-05  7.25244098228931E-05
 2.840E-05  7.44931362038396E-05
 2.879E-05  7.65152882746272E-05
 2.918E-05  7.85923151671009E-05
 2.958E-05  8.07257052912700E-05
 2.998E-05  8.29169873987517E-05
 3.039E-05  8.51677316749798E-05
 3.080E-05  8.74795508608983E-05
 3.123E-05  8.98541014049971E-05
 3.165E-05  9.22930846464726E-05
 3.208E-05  9.47982480303524E-05
 3.252E-05  9.73713863554673E-05
 3.297E-05  1.00014343056117E-04
 3.342E-05  1.02729011518391E-04
 3.387E-05  1.05517336432037E-04
 3.433E-05  1.08381315178825E-04
 3.480E-05  1.11322999258449E-04
 3.528E-05  1.14344495752908E-04
 3.576E-05  1.17447968830448E-04
 3.625E-05  1.20635641290126E-04
 3.674E-05  1.23909796148053E-04
 3.724E-05  1.27272778266473E-04
 3.775E-05  1.30726996026850E-04
 3.827E-05  1.34274923048091E-04
 3.879E-05  1.37919099951131E-04
 3.932E-05  1.41662136171208E-04
 3.986E-05  1.45506711818980E-04
 4.040E-05  1.49455579591901E-04
 4.095E-05  1.53511566737161E-04
 4.151E-05  1.57677577067595E-04
 4.208E-05  1.61956593031973E-04
 4.265E-05  1.66351677841117E-04
 4.324E-05  1.70865977651414E-04
 4.383E-05  1.75502723807174E-04
 4.442E-05  1.80265235143460E-04
 4.503E-05  1.85156920351066E-04
 4.565E-05  1.90181280405196E-04
 4.627E-05  1.95341911059630E-04
 4.690E-05  2.00642505408188E-04
 4.754E-05  2.06086856515164E-04
 4.819E-05  2.11678860116656E-04
 4.885E-05  2.17422517394749E-04
 4.951E-05  2.23321937826405E-04
 5.019E-05  2.29381342109098E-04
 5.088E-05  2.35605065165312E-04
 5.157E-05  2.41997559227902E-04
 5.227E-05  2.48563397008632E-04
 5.299E-05  2.55307274951981E-04
 5.371E-05  2.62234016576560E-04
 5.445E-05  2.69348575906568E-04
 5.519E-05  2.76656040995515E-04
 5.594E-05  2.84161637544876E-04
 5.671E-05  2.91870732620114E-04
 5.748E-05  2.99788838466657E-04
 5.826E-05  3.07921616428638E-04
 5.906E-05  3.16274880972977E-04
 5.987E-05  3.24854603821757E-04
 6.068E-05  3.33666918195714E-04
 6.151E-05  3.42718123171859E-04
 6.235E-05  3.52014688158313E-04
 6.320E-05  3.61563257489352E-04
 6.407E-05  3.71370655144043E-04
 6.494E-05  3.81443889591710E-04
 6.583E-05  3.91790158767507E-04
 6.673E-05  4.02416855181883E-04
 6.764E-05  4.13331571167081E-04
 6.856E-05  4.24542104264705E-04
 6.950E-05  4.36056462758007E-04
 7.045E-05  4.47882871352552E-04
 7.141E-05  4.60029777009631E-04
 7.238E-05  4.72505854936103E-04
 7.337E-05  4.85320014735065E-04
 7.437E-05  4.98481406721552E-04
 7.539E-05  5.11999428407721E-04
 7.642E-05  5.25883731161976E-04
 7.746E-05  5.40144227046738E-04
 7.852E-05  5.54791095839542E-04
 7.959E-05  5.69834792242395E-04
 8.068E-05  5.85286053284461E-04
 8.178E-05  6.01155905922998E-04
 8.289E-05  6.17455674848154E-04
 8.403E-05  6.34196990496755E-04
 8.517E-05  6.51391797280872E-04
 8.634E-05  6.69052362036629E-04
 8.751E-05  6.87191282699263E-04
 8.871E-05  7.05821497210606E-04
 8.992E-05  7.24956292664733E-04
 9.115E-05  7.44609314698531E-04
 9.239E-05  7.64794577133433E-04
 9.365E-05  7.85526471875084E-04
 9.493E-05  8.06819779077715E-04
 9.623E-05  8.28689677580387E-04
 9.754E-05  8.51151755622222E-04
 9.887E-05  8.74222021843732E-04
 1.002E-04  8.97916916582549E-04
 1.016E-04  9.22253323470555E-04
 1.030E-04  9.47248581340871E-04
 1.044E-04  9.72920496452814E-04
 1.058E-04  9.99287355043125E-04
 1.073E-04  1.02636793621222E-03
 1.087E-04  1.05418152515425E-03
 1.102E-04  1.08274792674006E-03
 1.117E-04  1.11208747946245E-03
 1.132E-04  1.14222106975308E-03
 1.148E-04  1.17317014668124E-03
 1.163E-04  1.20495673704413E-03
 1.179E-04  1.23760346085908E-03
 1.195E-04  1.27113354726862E-03
 1.212E-04  1.30557085086888E-03
 1.228E-04  1.34093986847262E-03
 1.245E-04  1.37726575631832E-03
 1.262E-04  1.41457434773725E-03
 1.279E-04  1.45289217129028E-03
 1.297E-04  1.49224646938682E-03
 1.314E-04  1.53266521739876E-03
 1.332E-04  1.57417714328238E-03
 1.351E-04  1.61681174772139E-03
 1.369E-04  1.66059932480458E-03
 1.388E-04  1.70557098325299E-03
 1.407E-04  1.75175866820998E-03
 1.426E-04  1.79919518360932E-03
 1.445E-04  1.84791421513687E-03
 1.465E-04  1.89795035380066E-03
 1.485E-04  1.94933912012573E-03
 1.505E-04  2.00211698899003E-03
 1.526E-04  2.05632141511808E-03
 1.547E-04  2.11199085924949E-03
 1.568E-04  2.16916481499990E-03
 1.589E-04  2.22788383643285E-03
 1.611E-04  2.28818956636050E-03
 1.633E-04  2.35012476539272E-03
 1.655E-04  2.41373334175352E-03
 1.678E-04  2.47906038188527E-03
 1.701E-04  2.54615218186127E-03
 1.724E-04  2.61505627962634E-03
 1.748E-04  2.68582148808963E-03
 1.771E-04  2.75849792908883E-03
 1.796E-04  2.83313706825005E-03
 1.820E-04  2.90979175076677E-03
 1.845E-04  2.98851623812036E-03
 1.870E-04  3.06936624576803E-03
 1.896E-04  3.15239898182177E-03
 1.922E-04  3.23767318674548E-03
 1.948E-04  3.32524917409548E-03
 1.974E-04  3.41518887233111E-03
 2.001E-04  3.50755586772423E-03
 2.029E-04  3.60241544839528E-03
 2.056E-04  3.69983464950412E-03
 2.084E-04  3.79988229962707E-03
 2.113E-04  3.90262906834904E-03
 2.142E-04  4.00814751510302E-03
 2.171E-04  4.11651213928855E-03
 2.201E-04  4.22779943170136E-03
 2.231E-04  4.34208792730985E-03
 2.261E-04  4.45945825941032E-03
 2.292E-04  4.57999321519722E-03
 2.323E-04  4.70377779278573E-03
 2.355E-04  4.83089925972201E-03
 2.387E-04  4.96144721302006E-03
 2.420E-04  5.09551364076447E-03
 2.453E-04  5.23319298531698E-03
 2.486E-04  5.37458220817023E-03
 2.520E-04  5.51978085648945E-03
 2.555E-04  5.66889113138355E-03
 2.589E-04  5.82201795795223E-03
 2.625E-04  5.97926905715221E-03
 2.661E-04  6.14075501952821E-03
 2.697E-04  6.30658938085826E-03
 2.734E-04  6.47688869975921E-03
 2.771E-04  6.65177263730233E-03
 2.809E-04  6.83136403869159E-03
 2.847E-04  7.01578901705391E-03
 2.886E-04  7.20517703939599E-03
 2.926E-04  7.39966101478190E-03
 2.965E-04  7.59937738478729E-03
 3.006E-04  7.80446621628663E-03
 3.047E-04  8.01507129663192E-03
 3.089E-04  8.23134023128430E-03
 3.131E-04  8.45342454395702E-03
 3.174E-04  8.68147977933406E-03
 3.217E-04  8.91566560842919E-03
 3.261E-04  9.15614593664879E-03
 3.305E-04  9.40308901462758E-03
 3.350E-04  9.65666755190617E-03
 3.396E-04  9.91705883351811E-03
 3.442E-04  1.01844448395615E-02
 3.489E-04  1.04590123678274E-02
 3.537E-04  1.07409531595597E-02
 3.585E-04  1.10304640284254E-02
 3.634E-04  1.13277469927722E-02
 3.684E-04  1.16330094112549E-02
 3.734E-04  1.19464641219141E-02
 3.785E-04  1.22683295847893E-02
 3.837E-04  1.25988300281540E-02
 3.889E-04  1.29381955984633E-02
 3.942E-04  1.32866625140991E-02
 3.996E-04  1.36444732230093E-02
 4.051E-04  1.40118765643343E-02
 4.106E-04  1.43891279341169E-02
 4.162E-04  1.47764894551949E-02
 4.219E-04  1.51742301513751E-02
 4.277E-04  1.55826261259957E-02
 4.335E-04  1.60019607449778E-02
 4.394E-04  1.64325248244769E-02
 4.454E-04  1.68746168232444E-02
 4.515E-04  1.73285430398066E-02
 4.577E-04  1.77946178145854E-02
 4.639E-04  1.82731637370667E-02
 4.702E-04  1.87645118581447E-02
 4.767E-04  1.92690019077628E-02
 4.832E-04  1.97869825179717E-02
 4.898E-04  2.03188114515369E-02
 4.965E-04  2.08648558362257E-02
 5.032E-04  2.14254924049048E-02
 5.101E-04  2.20011077415822E-02
 5.171E-04  2.25920985335393E-02
 5.241E-04  2.31988718296873E-02
 5.313E-04  2.38218453052949E-02
 5.385E-04  2.44614475332378E-02
 5.459E-04  2.51181182619130E-02
 5.533E-04  2.57923086999786E-02
 5.609E-04  2.64844818080729E-02
 5.686E-04  2.71951125976685E-02
 5.763E-04  2.79246884372330E-02
 5.842E-04  2.86737093658506E-02
 5.922E-04  2.94426884144829E-02
 6.002E-04  3.02321519350406E-02
 6.084E-04  3.10426399374335E-02
 6.167E-04  3.18747064347891E-02
 6.252E-04  3.27289197970147E-02
 6.337E-04  3.36058631128893E-02
 6.423E-04  3.45061345608793E-02
 6.511E-04  3.54303477888665E-02
 6.600E-04  3.63791323029857E-02
 6.690E-04  3.73531338657726E-02
 6.782E-04  3.83530149038240E-02
 6.874E-04  3.93794549251807E-02
 6.968E-04  4.04331509466370E-02
 7.063E-04  4.15148179311983E-02
 7.160E-04  4.26251892359047E-02
 7.257E-04  4.37650170702321E-02
 7.356E-04  4.49350729653097E-02
 7.457E-04  4.61361482541765E-02
 7.559E-04  4.73690545633071E-02
 7.662E-04  4.86346243156489E-02
 7.766E-04  4.99337112454057E-02
 7.872E-04  5.12671909248199E-02
 7.980E-04  5.26359613031910E-02
 8.089E-04  5.40409432583860E-02
 8.199E-04  5.54830811611047E-02
 8.311E-04  5.69633434521457E-02
 8.425E-04  5.84827232329402E-02
 8.540E-04  6.00422388696328E-02
 8.656E-04  6.16429346109565E-02
 8.774E-04  6.32858812201909E-02
 8.894E-04  6.49721766214828E-02
 9.016E-04  6.67029465607993E-02
 9.139E-04  6.84793452818017E-02
 9.264E-04  7.03025562169300E-02
 9.390E-04  7.21737926939935E-02
 9.518E-04  7.40942986585481E-02
 9.648E-04  7.60653494123654E-02
 9.780E-04  7.80882523683022E-02
 9.913E-04  8.01643478218588E-02
 1.005E-03  8.22950097397418E-02
 1.019E-03  8.44816465657405E-02
 1.032E-03  8.67257020442223E-02
 1.047E-03  8.90286560615703E-02
 1.061E-03  9.13920255058737E-02
 1.075E-03  9.38173651451927E-02
 1.090E-03  9.63062685247176E-02
 1.105E-03  9.88603688831430E-02
 1.120E-03  1.01481340088590E-01
 1.135E-03  1.04170897594393E-01
 1.151E-03  1.06930799415080E-01
 1.167E-03  1.09762847122884E-01
 1.182E-03  1.12668886865101E-01
 1.199E-03  1.15650810402634E-01
 1.215E-03  1.18710556170053E-01
 1.232E-03  1.21850110357486E-01
 1.248E-03  1.25071508014699E-01
 1.265E-03  1.28376834177664E-01
 1.283E-03  1.31768225017963E-01
 1.300E-03  1.35247869015334E-01
 1.318E-03  1.38818008153715E-01
 1.336E-03  1.42480939141074E-01
 1.354E-03  1.46239014653364E-01
 1.373E-03  1.50094644602915E-01
 1.391E-03  1.54050297431572E-01
 1.410E-03  1.58108501428890E-01
 1.430E-03  1.62271846075695E-01
 1.449E-03  1.66542983413297E-01
 1.469E-03  1.70924629438653E-01
 1.489E-03  1.75419565525773E-01
 1.509E-03  1.80030639873637E-01
 1.530E-03  1.84760768980890E-01
 1.551E-03  1.89612939147604E-01
 1.572E-03  1.94590208004325E-01
 1.593E-03  1.99695706068663E-01
 1.615E-03  2.04932638329657E-01
 1.637E-03  2.10304285860147E-01
 1.660E-03  2.15814007457331E-01
 1.682E-03  2.21465241311717E-01
 1.705E-03  2.27261506704663E-01
 1.729E-03  2.33206405734628E-01
 1.752E-03  2.39303625072321E-01
 1.776E-03  2.45556937744861E-01
 1.800E-03  2.51970204949034E-01
 1.825E-03  2.58547377893788E-01
 1.850E-03  2.65292499671954E-01
 1.875E-03  2.72209707161336E-01
 1.901E-03  2.79303232955100E-01
 1.927E-03  2.86577407321498E-01
 1.953E-03  2.94036660192907E-01
 1.980E-03  3.01685523184073E-01
 2.007E-03  3.09528631639513E-01
 2.034E-03  3.17570726709933E-01
 2.062E-03  3.25816657457490E-01
 2.090E-03  3.34271382989718E-01
 2.118E-03  3.42939974621907E-01
 2.147E-03  3.51827618067598E-01
 2.177E-03  3.60939615656956E-01
 2.206E-03  3.70281388582618E-01
 2.236E-03  3.79858479172635E-01
 2.267E-03  3.89676553190028E-01
 2.298E-03  3.99741402158507E-01
 2.329E-03  4.10058945713747E-01
 2.361E-03  4.20635233979644E-01
 2.393E-03  4.31476449968890E-01
 2.426E-03  4.42588912007101E-01
 2.459E-03  4.53979076179750E-01
 2.493E-03  4.65653538801039E-01
 2.527E-03  4.77619038903759E-01
 2.561E-03  4.89882460749181E-01
 2.596E-03  5.02450836355875E-01
 2.632E-03  5.15331348046328E-01
 2.668E-03  5.28531331010102E-01
 2.704E-03  5.42058275882273E-01
 2.741E-03  5.55919831335664E-01
 2.778E-03  5.70123806685445E-01
 2.816E-03  5.84678174504491E-01
 2.855E-03  5.99591073247775E-01
 2.894E-03  6.14870809884051E-01
 2.933E-03  6.30525862532875E-01
 2.973E-03  6.46564883105003E-01
 3.014E-03  6.62996699943990E-01
 3.055E-03  6.79830320466781E-01
 3.097E-03  6.97074933800877E-01
 3.139E-03  7.14739913415642E-01
 3.182E-03  7.32834819745025E-01
 3.225E-03  7.51369402799009E-01
 3.269E-03  7.70353604760852E-01
 3.314E-03  7.89797562566979E-01
 3.359E-03  8.09711610466438E-01
 3.405E-03  8.30106282556461E-01
 3.452E-03  8.50992315290587E-01
 3.499E-03  8.72380649955694E-01
 3.546E-03  8.94282435114029E-01
 3.595E-03  9.16709029006184E-01
 3.644E-03  9.39672001910760E-01
 3.694E-03  9.63183138456314E-01
 3.744E-03  9.87254439880944E-01
 3.795E-03  1.01189812623467E+00
 3.847E-03  1.03712663851959E+00
 3.900E-03  1.06295264076257E+00
 3.953E-03  1.08938902201493E+00
 4.007E-03  1.11644889827353E+00
 4.061E-03  1.14414561431726E+00
 4.117E-03  1.17249274545273E+00
 4.173E-03  1.20150409916289E+00
 4.230E-03  1.23119371665173E+00
 4.288E-03  1.26157587427838E+00
 4.346E-03  1.29266508487313E+00
 4.406E-03  1.32447609892824E+00
 4.466E-03  1.35702390565561E+00
 4.527E-03  1.39032373390341E+00
 4.589E-03  1.42439105292330E+00
 4.651E-03  1.45924157297982E+00
 4.715E-03  1.49489124579290E+00
 4.779E-03  1.53135626480446E+00
 4.844E-03  1.56865306525952E+00
 4.911E-03  1.60679832409212E+00
 4.978E-03  1.64580895960588E+00
 5.046E-03  1.68570213093875E+00
 5.114E-03  1.72649523730131E+00
 5.184E-03  1.76820591697737E+00
 5.255E-03  1.81085204607558E+00
 5.327E-03  1.85445173702024E+00
 5.400E-03  1.89902333676923E+00
 5.473E-03  1.94458542474649E+00
 5.548E-03  1.99115681047655E+00
 5.624E-03  2.03875653090767E+00
 5.700E-03  2.08740384741020E+00
 5.778E-03  2.13711824243645E+00
 5.857E-03  2.18791941582772E+00
 5.937E-03  2.23982728075401E+00
 6.018E-03  2.29286195927151E+00
 6.100E-03  2.34704377748274E+00
 6.184E-03  2.40239326028357E+00
 6.268E-03  2.45893112568136E+00
 6.354E-03  2.51667827866798E+00
 6.440E-03  2.57565580463092E+00
 6.528E-03  2.63588496228588E+00
 6.617E-03  2.69738717611339E+00
 6.708E-03  2.76018402828202E+00
 6.799E-03  2.82429725004031E+00
 6.892E-03  2.88974871255939E+00
 6.986E-03  2.95656041720778E+00
 7.082E-03  3.02475448523978E+00
 7.178E-03  3.09435314687862E+00
 7.276E-03  3.16537872977504E+00
 7.376E-03  3.23785364682226E+00
 7.476E-03  3.31180038330754E+00
 7.578E-03  3.38724148338075E+00
 7.682E-03  3.46419953582025E+00
 7.787E-03  3.54269715907585E+00
 7.893E-03  3.62275698556906E+00
 8.001E-03  3.70440164523038E+00
 8.110E-03  3.78765374825358E+00
 8.221E-03  3.87253586704686E+00
 8.333E-03  3.95907051736076E+00
 8.447E-03  4.04728013857290E+00
 8.562E-03  4.13718707310968E+00
 8.679E-03  4.22881354498527E+00
 8.798E-03  4.32218163743835E+00
 8.918E-03  4.41731326964766E+00
 9.039E-03  4.51423017250711E+00
 9.163E-03  4.61295386344245E+00
 9.288E-03  4.71350562025107E+00
 9.415E-03  4.81590645394769E+00
 9.543E-03  4.92017708059889E+00
 9.674E-03  5.02633789213016E+00
 9.806E-03  5.13440892608999E+00
 9.940E-03  5.24440983435625E+00
 1.008E-02  5.35635985077085E+00
 1.021E-02  5.47027775768981E+00
 1.035E-02  5.58618185143706E+00
 1.049E-02  5.70408990665097E+00
 1.064E-02  5.82401913951430E+00
 1.078E-02  5.94598616985952E+00
 1.093E-02  6.07000698214270E+00
 1.108E-02  6.19609688528094E+00
 1.123E-02  6.32427047134999E+00
 1.138E-02  6.45454157314025E+00
 1.154E-02  6.58692322057173E+00
 1.170E-02  6.72142759596997E+00
 1.186E-02  6.85806598820779E+00
 1.202E-02  6.99684874571941E+00
 1.218E-02  7.13778522839639E+00
 1.235E-02  7.28088375837720E+00
 1.252E-02  7.42615156974497E+00
 1.269E-02  7.57359475715105E+00
 1.286E-02  7.72321822338472E+00
 1.304E-02  7.87502562591302E+00
 1.321E-02  8.02901932241753E+00
 1.339E-02  8.18520031535889E+00
 1.358E-02  8.34356819560339E+00
 1.376E-02  8.50412108514956E+00
 1.395E-02  8.66685557899713E+00
 1.414E-02  8.83176668620489E+00
 1.433E-02  8.99884777018775E+00
 1.453E-02  9.16809048830878E+00
 1.473E-02  9.33948473082615E+00
 1.493E-02  9.51301855925959E+00
 1.513E-02  9.68867814424702E+00
 1.534E-02  9.86644770296605E+00
 1.555E-02  1.00463094362014E+01
 1.576E-02  1.02282434651444E+01
 1.598E-02  1.04122277680169E+01
 1.619E-02  1.05982381166172E+01
 1.642E-02  1.07862480128926E+01
 1.664E-02  1.09762286256487E+01
 1.687E-02  1.11681487275121E+01
 1.710E-02  1.13619746322704E+01
 1.733E-02  1.15576701327187E+01
 1.757E-02  1.17551964391505E+01
 1.781E-02  1.19545121186354E+01
 1.805E-02  1.21555730352360E+01
 1.830E-02  1.23583322913206E+01
 1.855E-02  1.25627401701373E+01
 1.880E-02  1.27687440798226E+01
 1.906E-02  1.29762884990226E+01
 1.932E-02  1.31853149243159E+01
 1.958E-02  1.33957618196305E+01
 1.985E-02  1.36075645678590E+01
 2.012E-02  1.38206554248779E+01
 2.039E-02  1.40349634761908E+01
 2.067E-02  1.42504145964169E+01
 2.095E-02  1.44669314118551E+01
 2.124E-02  1.46844332663632E+01
 2.153E-02  1.49028361907946E+01
 2.182E-02  1.51220528762438E+01
 2.212E-02  1.53419926513581E+01
 2.242E-02  1.55625614639789E+01
 2.273E-02  1.57836618673801E+01
 2.304E-02  1.60051930113798E+01
 2.335E-02  1.62270506386025E+01
 2.367E-02  1.64491270861771E+01
 2.400E-02  1.66713112931579E+01
 2.432E-02  1.68934888139594E+01
 2.466E-02  1.71155418380997E+01
 2.499E-02  1.73373492165494E+01
 2.533E-02  1.75587864949825E+01
 2.568E-02  1.77797259542310E+01
 2.603E-02  1.80000366582387E+01
 2.639E-02  1.82195845098162E+01
 2.675E-02  1.84382323144912E+01
 2.711E-02  1.86558398527483E+01
 2.748E-02  1.88722639609499E+01
 2.786E-02  1.90873586212225E+01
 2.824E-02  1.93009750605881E+01
 2.862E-02  1.95129618596135E+01
 2.901E-02  1.97231650708408E+01
 2.941E-02  1.99314283472542E+01
 2.981E-02  2.01375930810256E+01
 3.022E-02  2.03414985527689E+01
 3.063E-02  2.05429820915214E+01
 3.105E-02  2.07418792456496E+01
 3.147E-02  2.09380239648659E+01
 3.190E-02  2.11312487935187E+01
 3.234E-02  2.13213850752998E+01
 3.278E-02  2.15082631694897E+01
 3.323E-02  2.16917126788386E+01
 3.368E-02  2.18715626891516E+01
 3.414E-02  2.20476420206226E+01
 3.461E-02  2.22197794909267E+01
 3.508E-02  2.23878041900531E+01
 3.556E-02  2.25515457668238E+01
 3.604E-02  2.27108347270085E+01
 3.654E-02  2.28655027429078E+01
 3.703E-02  2.30153829742362E+01
 3.754E-02  2.31603104000972E+01
 3.805E-02  2.33001221617937E+01
 3.857E-02  2.34346579161773E+01
 3.910E-02  2.35637601991865E+01
 3.963E-02  2.36872747991793E+01
 4.017E-02  2.38050511396095E+01
 4.072E-02  2.39169426705482E+01
 4.128E-02  2.40228072684918E+01
 4.184E-02  2.41225076438465E+01
 4.241E-02  2.42159117554181E+01
 4.299E-02  2.43028932311805E+01
 4.358E-02  2.43833317945317E+01
 4.417E-02  2.44571136951909E+01
 4.478E-02  2.45241321438238E+01
 4.539E-02  2.45842877494232E+01
 4.601E-02  2.46374889584099E+01
 4.664E-02  2.46836524943544E+01
 4.727E-02  2.47227037971580E+01
 4.792E-02  2.47545774604703E+01
 4.857E-02  2.47792176660574E+01
 4.924E-02  2.47965786137747E+01
 4.991E-02  2.48066249457386E+01
 5.059E-02  2.48093321632334E+01
 5.128E-02  2.48046870348340E+01
 5.198E-02  2.47926879941710E+01
 5.269E-02  2.47733455257124E+01
 5.341E-02  2.47466825368903E+01
 5.414E-02  2.47127347148550E+01
 5.488E-02  2.46715508660960E+01
 5.563E-02  2.46231932371376E+01
 5.639E-02  2.45677378144787E+01
 5.716E-02  2.45052746019251E+01
 5.794E-02  2.44359078734365E+01
 5.873E-02  2.43597563995986E+01
 5.953E-02  2.42769536458189E+01
 6.034E-02  2.41876479403445E+01
 6.116E-02  2.40920026102040E+01
 6.200E-02  2.39901960831892E+01
 6.285E-02  2.38824219540127E+01
 6.370E-02  2.37688890128072E+01
 6.457E-02  2.36498212341701E+01
 6.546E-02  2.35254577250053E+01
 6.635E-02  2.33960526294709E+01
 6.725E-02  2.32618749894073E+01
 6.817E-02  2.31232085587008E+01
 6.910E-02  2.29803515701219E+01
 7.005E-02  2.28336164532767E+01
 7.100E-02  2.26833295024216E+01
 7.197E-02  2.25298304930078E+01
 7.296E-02  2.23734722459554E+01
 7.395E-02  2.22146201387984E+01
 7.496E-02  2.20536515629953E+01
 7.598E-02  2.18909553268631E+01
 7.702E-02  2.17269310037677E+01
 7.807E-02  2.15619882253887E+01
 7.914E-02  2.13965459200712E+01
 8.022E-02  2.12310314964828E+01
 8.132E-02  2.10658799730080E+01
 8.243E-02  2.09015330535349E+01
 8.355E-02  2.07384381505202E+01
 8.469E-02  2.05770473564587E+01
 8.585E-02  2.04178163651256E+01
 8.702E-02  2.02612033442151E+01
 8.821E-02  2.01076677612525E+01
 8.941E-02  1.99576691649175E+01
 9.063E-02  1.98116659241808E+01
 9.187E-02  1.96701139279198E+01
 9.312E-02  1.95334652479460E+01
 9.440E-02  1.94021667686413E+01
 9.568E-02  1.92766587866625E+01
 9.699E-02  1.91573735844357E+01
 9.831E-02  1.90447339814156E+01
 9.966E-02  1.89391518673342E+01
 1.010E-01  1.88410267219060E+01
 1.024E-01  1.87507441256891E+01
 1.038E-01  1.86686742670242E+01
 1.052E-01  1.85951704501828E+01
 1.066E-01  1.85305676100557E+01
 1.081E-01  1.84751808388907E+01
 1.096E-01  1.84293039307591E+01
 1.111E-01  1.83932079495744E+01
 1.126E-01  1.83671398266178E+01
 1.141E-01  1.83513209936317E+01
 1.157E-01  1.83459460576311E+01
 1.173E-01  1.83511815236416E+01
 1.189E-01  1.83671645716171E+01
 1.205E-01  1.83940018937983E+01
 1.221E-01  1.84317685987625E+01
 1.238E-01  1.84805071883737E+01
 1.255E-01  1.85402266137732E+01
 1.272E-01  1.86109014164490E+01
 1.289E-01  1.86924709602984E+01
 1.307E-01  1.87848387604353E+01
 1.325E-01  1.88878719143034E+01
 1.343E-01  1.90014006404376E+01
 1.361E-01  1.91252179299590E+01
 1.380E-01  1.92590793156068E+01
 1.399E-01  1.94027027627928E+01
 1.418E-01  1.95557686868167E+01
 1.437E-01  1.97179201000037E+01
 1.457E-01  1.98887628921152E+01
 1.477E-01  2.00678662469498E+01
 1.497E-01  2.02547631975825E+01
 1.517E-01  2.04489513222008E+01
 1.538E-01  2.06498935819774E+01
 1.559E-01  2.08570193018777E+01
 1.580E-01  2.10697252947381E+01
 1.602E-01  2.12873771283651E+01
 1.624E-01  2.15093105348073E+01
 1.646E-01  2.17348329603329E+01
 1.668E-01  2.19632252540173E+01
 1.691E-01  2.21937434922056E+01
 1.714E-01  2.24256209354661E+01
 1.738E-01  2.26580701140021E+01
 1.761E-01  2.28902850368322E+01
 1.785E-01  2.31214435194015E+01
 1.810E-01  2.33507096236371E+01
 1.834E-01  2.35772362038234E+01
 1.860E-01  2.38001675510457E+01
 1.885E-01  2.40186421283375E+01
 1.911E-01  2.42317953880730E+01
 1.937E-01  2.44387626625714E+01
 1.963E-01  2.46386821183330E+01
 1.990E-01  2.48306977638026E+01
 2.017E-01  2.50139625000686E+01
 2.045E-01  2.51876412034438E+01
 2.073E-01  2.53509138284599E+01
 2.101E-01  2.55029785194205E+01
 2.130E-01  2.56430547183210E+01
 2.159E-01  2.57703862566489E+01
 2.188E-01  2.58842444183276E+01
 2.218E-01  2.59839309608701E+01
 2.248E-01  2.60687810816594E+01
 2.279E-01  2.61381663161753E+01
 2.310E-01  2.61914973549490E+01
 2.342E-01  2.62282267660399E+01
 2.374E-01  2.62478516099001E+01
 2.406E-01  2.62499159336236E+01
 2.439E-01  2.62340131317671E+01
 2.472E-01  2.61997881611769E+01
 2.506E-01  2.61469395975672E+01
 2.540E-01  2.60752215219674E+01
 2.575E-01  2.59844452255859E+01
 2.610E-01  2.58744807221324E+01
 2.646E-01  2.57452580571962E+01
 2.682E-01  2.55967684048900E+01
 2.718E-01  2.54290649426469E+01
 2.755E-01  2.52422634957925E+01
 2.793E-01  2.50365429443042E+01
 2.831E-01  2.48121453850249E+01
 2.870E-01  2.45693760435003E+01
 2.909E-01  2.43086029305731E+01
 2.949E-01  2.40302562398774E+01
 2.989E-01  2.37348274834432E+01
 3.030E-01  2.34228683637276E+01
 3.071E-01  2.30949893815513E+01
 3.113E-01  2.27518581806098E+01
 3.156E-01  2.23941976304706E+01
 3.199E-01  2.20227836512355E+01
 3.242E-01  2.16384427843459E+01
 3.287E-01  2.12420495153382E+01
 3.331E-01  2.08345233556970E+01
 3.377E-01  2.04168256923165E+01
 3.423E-01  1.99899564144428E+01
 3.470E-01  1.95549503293398E+01
 3.517E-01  1.91128733792775E+01
 3.565E-01  1.86648186737882E+01
 3.614E-01  1.82119023524518E+01
 3.663E-01  1.77552592947623E+01
 3.713E-01  1.72960386948645E+01
 3.764E-01  1.68353995201427E+01
 3.815E-01  1.63745058737647E+01
 3.867E-01  1.59145222823307E+01
 3.920E-01  1.54566089307375E+01
 3.974E-01  1.50019168672261E+01
 4.028E-01  1.45515832023282E+01
 4.083E-01  1.41067263260487E+01
 4.139E-01  1.36684411681081E+01
 4.195E-01  1.32377945264090E+01
 4.252E-01  1.28158204890660E+01
 4.311E-01  1.24035159753557E+01
 4.369E-01  1.20018364207700E+01
 4.429E-01  1.16116916310084E+01
 4.489E-01  1.12339418291962E+01
 4.551E-01  1.08693939198779E+01
 4.613E-01  1.05187979923948E+01
 4.676E-01  1.01828440851199E+01
 4.740E-01  9.86215923069668E+00
 4.804E-01  9.55730480090819E+00
 4.870E-01  9.26877416811460E+00
 4.936E-01  8.99699069833806E+00
 5.004E-01  8.74230608907329E+00
 5.072E-01  8.50499906277330E+00
 5.141E-01  8.28527442472745E+00
 5.212E-01  8.08326249174005E+00
 5.283E-01  7.89901889565675E+00
 5.355E-01  7.73252476340302E+00
 5.428E-01  7.58368727282015E+00
 5.502E-01  7.45234058123644E+00
 5.577E-01  7.33824712141816E+00
 5.653E-01  7.24109925732634E+00
 5.731E-01  7.16052128997773E+00
 5.809E-01  7.09607180168317E+00
 5.888E-01  7.04724632501970E+00
 5.969E-01  7.01348032108751E+00
 6.050E-01  6.99415244990740E+00
 6.133E-01  6.98858811422602E+00
 6.216E-01  6.99606325650953E+00
 6.301E-01  7.01580838751814E+00
 6.387E-01  7.04701282356122E+00
 6.474E-01  7.08882910833574E+00
 6.563E-01  7.14037759415256E+00
 6.652E-01  7.20075115636281E+00
 6.743E-01  7.26902001392019E+00
 6.835E-01  7.34423662826736E+00
 6.929E-01  7.42544065213055E+00
 7.023E-01  7.51166389936283E+00
 7.119E-01  7.60193530670898E+00
 7.216E-01  7.69528585828892E+00
 7.315E-01  7.79075344372665E+00
 7.415E-01  7.88738762119844E+00
 7.516E-01  7.98425425724563E+00
 7.618E-01  8.08044001599873E+00
 7.723E-01  8.17505667149134E+00
 7.828E-01  8.26724521800137E+00
 7.935E-01  8.35617975483567E+00
 8.043E-01  8.44107112366211E+00
 8.153E-01  8.52117027837524E+00
 8.264E-01  8.59577136953987E+00
 8.377E-01  8.66421452767064E+00
 8.491E-01  8.72588833195175E+00
 8.607E-01  8.78023195345311E+00
 8.725E-01  8.82673696443149E+00
 8.844E-01  8.86494880788894E+00
 8.965E-01  8.89446792416785E+00
 9.087E-01  8.91495053396333E+00
 9.211E-01  8.92610907970194E+00
 9.337E-01  8.92771232974291E+00
 9.464E-01  8.91958515227911E+00
 9.594E-01  8.90160796812498E+00
 9.725E-01  8.87371589375620E+00
 9.857E-01  8.83589758799071E+00
 9.992E-01  8.78819381755624E+00
 1.013E+00  8.73069575846014E+00
 1.027E+00  8.66354305155380E+00
 1.041E+00  8.58692163195458E+00
 1.055E+00  8.50106135305019E+00
 1.069E+00  8.40623342665916E+00
 1.084E+00  8.30274770155748E+00
 1.099E+00  8.19094980300721E+00
 1.114E+00  8.07121815614460E+00
 1.129E+00  7.94396091610853E+00
 1.144E+00  7.80961282762519E+00
 1.160E+00  7.66863203642308E+00
 1.176E+00  7.52149687434511E+00
 1.192E+00  7.36870263936650E+00
 1.208E+00  7.21075839093176E+00
 1.225E+00  7.04818378010719E+00
 1.241E+00  6.88150593302204E+00
 1.258E+00  6.71125640495660E+00
 1.275E+00  6.53796822124551E+00
 1.293E+00  6.36217301991269E+00
 1.310E+00  6.18439830965661E+00
 1.328E+00  6.00516485547254E+00
 1.347E+00  5.82498420284689E+00
 1.365E+00  5.64435635009743E+00
 1.384E+00  5.46376757707449E+00
 1.402E+00  5.28368843709098E+00
 1.422E+00  5.10457191762166E+00
 1.441E+00  4.92685177401375E+00
 1.461E+00  4.75094103918606E+00
 1.481E+00  4.57723071107036E+00
 1.501E+00  4.40608861836995E+00
 1.521E+00  4.23785846408113E+00
 1.542E+00  4.07285904514752E+00
 1.563E+00  3.91138364559599E+00
 1.584E+00  3.75369959954142E+00
 1.606E+00  3.60004801954453E+00
 1.628E+00  3.45064368496724E+00
 1.650E+00  3.30567508419232E+00
 1.673E+00  3.16530460386182E+00
 1.696E+00  3.02966885764165E+00
 1.719E+00  2.89887914643990E+00
 1.742E+00  2.77302204149426E+00
 1.766E+00  2.65216008130143E+00
 1.790E+00  2.53633257298860E+00
 1.815E+00  2.42555648842582E+00
 1.839E+00  2.31982744514913E+00
 1.864E+00  2.21912076200844E+00
 1.890E+00  2.12339257937183E+00
 1.916E+00  2.03258103370976E+00
 1.942E+00  1.94660747644875E+00
 1.968E+00  1.86537772712284E+00
 1.995E+00  1.78878335106305E+00
 2.022E+00  1.71670295214628E+00
 2.050E+00  1.64900347147452E+00
 2.078E+00  1.58554148326810E+00
 2.106E+00  1.52616447972900E+00
 2.135E+00  1.47071213715568E+00
 2.164E+00  1.41901755616332E+00
 2.194E+00  1.37090846947485E+00
 2.224E+00  1.32620841139014E+00
 2.254E+00  1.28473784370413E+00
 2.285E+00  1.24631523352020E+00
 2.316E+00  1.21075807908199E+00
 2.348E+00  1.17788388041694E+00
 2.380E+00  1.14751105223749E+00
 2.412E+00  1.11945977717301E+00
 2.445E+00  1.09355279800076E+00
 2.479E+00  1.06961614809891E+00
 2.513E+00  1.04747981985695E+00
 2.547E+00  1.02697837124266E+00
 2.582E+00  1.00795147114048E+00
 2.617E+00  9.90244384441471E-01
 2.653E+00  9.73708398182404E-01
 2.689E+00  9.58201190301842E-01
 2.725E+00  9.43587142807384E-01
 2.763E+00  9.29737601334438E-01
 2.800E+00  9.16531083226368E-01
 2.839E+00  9.03853436382795E-01
 2.877E+00  8.91597951211485E-01
 2.917E+00  8.79665428083220E-01
 2.956E+00  8.67964202732236E-01
 2.997E+00  8.56410132070305E-01
 3.038E+00  8.44926542893284E-01
 3.079E+00  8.33444145957571E-01
 3.121E+00  8.21900917892147E-01
 3.164E+00  8.10241953391817E-01
 3.207E+00  7.98419290110002E-01
 3.251E+00  7.86391708636100E-01
 3.295E+00  7.74124509903917E-01
 3.340E+00  7.61589272334544E-01
 3.386E+00  7.48763590969747E-01
 3.432E+00  7.35630800800922E-01
 3.479E+00  7.22179686444091E-01
 3.526E+00  7.08404180253581E-01
 3.575E+00  6.94303050906124E-01
 3.623E+00  6.79879584423253E-01
 3.673E+00  6.65141259533352E-01
 3.723E+00  6.50099419205555E-01
 3.774E+00  6.34768940116249E-01
 3.825E+00  6.19167901735269E-01
 3.878E+00  6.03317256643290E-01
 3.930E+00  5.87240503614516E-01
 3.984E+00  5.70963364919902E-01
 4.039E+00  5.54513469225830E-01
 4.094E+00  5.37920041381771E-01
 4.150E+00  5.21213600308011E-01
 4.206E+00  5.04425666111320E-01
 4.264E+00  4.87588477472484E-01
 4.322E+00  4.70734720265194E-01
 4.381E+00  4.53897268280803E-01
 4.441E+00  4.37108936848190E-01
 4.501E+00  4.20402250052386E-01
 4.563E+00  4.03809222169798E-01
 4.625E+00  3.87361153851896E-01
 4.688E+00  3.71088443503213E-01
 4.752E+00  3.55020414213345E-01
 4.817E+00  3.39185156516718E-01
 4.883E+00  3.23609387168000E-01
 4.950E+00  3.08318324035562E-01
 5.017E+00  2.93335577130397E-01
 5.086E+00  2.78683055703594E-01
 5.155E+00  2.64380891262186E-01
 5.225E+00  2.50447376271150E-01
 5.297E+00  2.36898918228971E-01
 5.369E+00  2.23750008725808E-01
 5.442E+00  2.11013207017430E-01
 5.517E+00  1.98699137575169E-01
 5.592E+00  1.86816501002724E-01
 5.668E+00  1.75372097645224E-01
 5.746E+00  1.64370863155109E-01
 5.824E+00  1.53815915223732E-01
 5.904E+00  1.43708610637532E-01
 5.984E+00  1.34048611773916E-01
 6.066E+00  1.24833961614916E-01
 6.149E+00  1.16061166326870E-01
 6.233E+00  1.07725284432101E-01
 6.318E+00  9.98200215842262E-02
 6.404E+00  9.23378299525594E-02
 6.491E+00  8.52700112230921E-02
 6.580E+00  7.86068222340053E-02
 6.670E+00  7.23375822823147E-02
 6.761E+00  6.64507811650235E-02
 6.853E+00  6.09341870527050E-02
 6.947E+00  5.57749533353632E-02
 7.042E+00  5.09597236292155E-02
 7.138E+00  4.64747341880856E-02
 7.235E+00  4.23059130236780E-02
 7.334E+00  3.84389751043407E-02
 7.434E+00  3.48595130711477E-02
 7.536E+00  3.15530829823463E-02
 7.639E+00  2.85052846714562E-02
 7.743E+00  2.57018363796508E-02
 7.849E+00  2.31286433984658E-02
 7.956E+00  2.07718605334859E-02
 8.064E+00  1.86179482725157E-02
 8.174E+00  1.66537226119840E-02
 8.286E+00  1.48663985621683E-02
 8.399E+00  1.32436274145483E-02
 8.514E+00  1.17735279125597E-02
 8.630E+00  1.04447115197163E-02
 8.748E+00  9.24630202605686E-03
 8.867E+00  8.16794977484953E-03
 8.988E+00  7.19984082624791E-03
 9.111E+00  6.33270140304791E-03
 9.235E+00  5.55779798583901E-03
 9.362E+00  4.86693344081491E-03
 9.489E+00  4.25243957350087E-03
 9.619E+00  3.70716650596116E-03
 9.750E+00  3.22446927403394E-03
 9.883E+00  2.79819203523111E-03
 1.002E+01  2.42265026761136E-03
 1.016E+01  2.09261132570222E-03
 1.029E+01  1.80327370194870E-03
 1.043E+01  1.55024532175509E-03
 1.058E+01  1.32952117751509E-03
 1.072E+01  1.13746058264059E-03
 1.087E+01  9.70764301018614E-04
 1.102E+01  8.26451781054683E-04
 1.117E+01  7.01838696957477E-04
 1.132E+01  5.94514973606311E-04
 1.147E+01  5.02323445597263E-04
 1.163E+01  4.23339276214518E-04
 1.179E+01  3.55850238400162E-04
 1.195E+01  2.98337937527705E-04
 1.211E+01  2.49460035102869E-04
 1.228E+01  2.08033513549915E-04
 1.245E+01  1.73019005083228E-04
 1.262E+01  1.43506192356421E-04
 1.279E+01  1.18700275132986E-04
 1.296E+01  9.79094856080200E-05
 1.314E+01  8.05336251751008E-05
 1.332E+01  6.60535872968473E-05
 1.350E+01  5.40218246033535E-05
 1.368E+01  4.40537132945288E-05
 1.387E+01  3.58197642357802E-05
 1.406E+01  2.90386276783868E-05
 1.425E+01  2.34708371702481E-05
 1.445E+01  1.89132378129229E-05
 1.464E+01  1.51940444329345E-05
 1.484E+01  1.21684763399203E-05
 1.505E+01  9.71491701849242E-06
 1.525E+01  7.73154923038605E-06
 1.546E+01  6.13341848319512E-06
 1.567E+01  4.84988055645260E-06
 1.589E+01  3.82239168009902E-06
 1.610E+01  3.00260295994064E-06
 1.632E+01  2.35072367547021E-06
 1.655E+01  1.83412108315208E-06
 1.677E+01  1.42612729822151E-06
 1.700E+01  1.10502666421348E-06
 1.723E+01  8.53199723953038E-07
 1.747E+01  6.56402457898246E-07
 1.771E+01  5.03161841828288E-07
 1.795E+01  3.84273839116795E-07
 1.819E+01  2.92401303540787E-07
 1.844E+01  2.21669869736457E-07
 1.869E+01  1.67418211021980E-07
 1.895E+01  1.25964139193023E-07
 1.921E+01  9.44101324103299E-08
 1.947E+01  7.04850069477330E-08
 1.974E+01  5.24155421845915E-08
 2.000E+01  3.88228214359878E-08
 2.028E+01  2.86388785880874E-08
 2.055E+01  2.10399545628288E-08
 2.084E+01  1.53932806248916E-08
 2.112E+01  1.12148289790700E-08
 2.141E+01  8.13591571573523E-09
 2.170E+01  5.87691683548775E-09
 2.200E+01  4.22667384975863E-09
 2.230E+01  3.02642947972506E-09
 2.260E+01  2.15735358747207E-09
 2.291E+01  1.53090118851927E-09
 2.322E+01  1.08139396698232E-09
 2.354E+01  7.60339184258494E-10
 2.386E+01  5.32099623047115E-10
 2.419E+01  3.70609026399922E-10
 2.452E+01  2.56892622776124E-10
 2.485E+01  1.77204537807835E-10
 2.519E+01  1.21635520932136E-10
 2.554E+01  8.30774261683350E-11
 2.588E+01  5.64569225038663E-11
 2.624E+01  3.81713321106065E-11
 2.660E+01  2.56754260113099E-11
 2.696E+01  1.71803656453298E-11
 2.733E+01  1.14355125697075E-11
 2.770E+01  7.57114157399701E-12
 2.808E+01  4.98567017787198E-12
 2.846E+01  3.26524721334182E-12
 2.885E+01  2.12673217072855E-12
 2.924E+01  1.37748725860258E-12
 2.964E+01  8.87185180581752E-13
 3.005E+01  5.68154849533313E-13
 3.046E+01  3.61758533956918E-13
 3.087E+01  2.29004699999726E-13
 3.130E+01  1.44117764912129E-13
 3.172E+01  9.01596433122446E-14
 3.216E+01  5.60663784855569E-14
 3.259E+01  3.46547420767144E-14
 3.304E+01  2.12895740052122E-14
 3.349E+01  1.29983968584337E-14
 3.395E+01  7.88688705318212E-15
 3.441E+01  4.75542183134372E-15
 3.488E+01  2.84914633431397E-15
 3.536E+01  1.69612369089699E-15
 3.584E+01  1.00321078099468E-15
 3.633E+01  5.89513387572678E-16
 3.683E+01  3.44141384946875E-16
 3.733E+01  1.99570717388421E-16
 3.784E+01  1.14960414636035E-16
 3.835E+01  6.57758135437109E-17
 3.888E+01  3.73787882999143E-17
 3.941E+01  2.10959833469234E-17
 3.995E+01  1.18239913944509E-17
 4.049E+01  6.58100278239005E-18
 4.104E+01  3.63711563144925E-18
 4.161E+01  1.99586931240046E-18
 4.217E+01  1.08739995140374E-18
 4.275E+01  5.88166447135406E-19
 4.333E+01  3.15817041303117E-19
 4.392E+01  1.68331317539274E-19
 4.452E+01  8.90547116771126E-20
 4.513E+01  4.67604686402473E-20
 4.575E+01  2.43667062668520E-20
 4.637E+01  1.26001435060006E-20
 4.701E+01  6.46514315340798E-21
 4.765E+01  3.29129543473195E-21
 4.830E+01  1.66227527954809E-21
 4.896E+01  8.32813816739484E-22
 4.963E+01  4.13871837865216E-22
 5.030E+01  2.03999163162364E-22
 5.099E+01  9.97298489912908E-23
 5.169E+01  4.83600706607945E-23
 5.239E+01  2.32667062236458E-23
 5.311E+01  1.11144602899256E-23
 5.383E+01  5.28078766583583E-24
 5.457E+01  2.50530389964845E-24
 5.531E+01  1.19700466493441E-24
 5.607E+01  0.00000000000000E+00
 5.683E+01  0.00000000000000E+00
 5.761E+01  0.00000000000000E+00
 5.839E+01  0.00000000000000E+00
 5.919E+01  0.00000000000000E+00
 6.000E+01  0.00000000000000E+00
