./ilogA is logfile.
./chgdenAt calculation starts
rmin,rmax=  1.18E-08  2.17E+01
  31492.34211987 -20007.95054197      0.30000000    1
   1711.80309098 -21555.70438504      0.30000000    1
   1060.05026114 -22322.07941238      0.30000000    1
    640.72458496 -22663.38163468      0.30000000    1
    378.00158710 -22797.43098529      0.30000000    1
    218.72828797 -22843.63974397      0.30000000    1
    125.63309734 -22858.15285208      0.30000000    1
     72.87782860 -22862.68005500      0.30000000    1
     43.32754735 -22864.18998030      0.30000000    1
     26.55611602 -22864.73497925      0.30000000    1
     16.74986715 -22864.94322160      0.30000000    1
     10.81062229 -22865.02497410      0.30000000    1
      7.09374238 -22865.05709141      0.30000000    1
      4.70685511 -22865.06956078      0.30000000    1
      3.14600267 -22865.07435779      0.30000000    1
      2.11285422 -22865.07620685      0.30000000    1
      1.42344317 -22865.07692955      0.30000000    1
      0.96092541 -22865.07721831      0.30000000    1
      0.64954686 -22865.07733667      0.30000000    1
      0.43946396 -22865.07738644      0.30000000    1
      0.29753468 -22865.07740786      0.30000000    1
      0.20156648 -22865.07741727      0.30000000    1
      0.13663439 -22865.07742148      0.30000000    1
      0.09267661 -22865.07742339      0.30000000    1
      0.06290121 -22865.07742427      0.30000000    1
      0.04272033 -22865.07742467      0.30000000    1
      0.02903363 -22865.07742486      0.30000000    1
      0.01974503 -22865.07742496      0.30000000    1
      0.01343695 -22865.07742500      0.30000000    1
      0.00915002 -22865.07742502      0.30000000    1
      0.00623465 -22865.07742503      0.30000000    1
      0.00425069 -22865.07742503      0.30000000    1
      0.00289970 -22865.07742504      0.30000000    1
      0.00197915 -22865.07742504      0.30000000    1
      0.00135153 -22865.07742504      0.30000000    1
      0.00092338 -22865.07742504      0.30000000    1
      0.00063115 -22865.07742504      0.30000000    1
      0.00043158 -22865.07742504      0.30000000    1
      0.00000000 -22865.07742504      1.00000000    2
      0.00000000 -22865.07742504      1.00000000    3
    1   0 0  -1/2   1    2.0000      -3492.722742
    2   0 0  -1/2   1    2.0000       -633.276696
    2   1 1  -1/2   1    2.0000       -609.261268
    2   1 1  -3/2   1    4.0000       -515.071966
    3   0 0  -1/2   1    2.0000       -154.580820
    3   1 1  -1/2   1    2.0000       -143.670469
    3   1 1  -3/2   1    4.0000       -122.411315
    3   2 2  -3/2   1    4.0000       -104.628657
    3   2 2  -5/2   1    6.0000       -100.131689
    4   0 0  -1/2   1    2.0000        -36.372756
    4   1 1  -1/2   1    2.0000        -31.578896
    4   1 1  -3/2   1    4.0000        -26.257094
    4   2 2  -3/2   1    4.0000        -18.472224
    4   2 2  -5/2   1    6.0000        -17.474522
    5   0 0  -1/2   1    2.0000         -6.800978
    5   1 1  -1/2   1    2.0000         -5.080651
    5   1 1  -3/2   1    4.0000         -3.986868
    4   3 3  -5/2   1    6.0000         -7.280488
    4   3 3  -7/2   1    8.0000         -7.042030
    5   2 2  -3/2   1    4.0000         -1.540437
    5   2 2  -5/2   1    6.0000         -1.396355
    6   0 0  -1/2   1    2.0000         -0.714249
    6   1 1  -1/2   1    1.6667         -0.332944
    6   1 1  -3/2   1    3.3333         -0.222890
 total energy =   -2.28650774250392E+04 -6.22190767843712E+05
