./ilogA is logfile.
./chgdenMo calculation starts
rmin,rmax=  2.38E-08  3.09E+01
   7029.14133315  -3532.82043587      0.30000000    1
    560.70007101  -3804.67819699      0.30000000    1
    346.33154015  -3941.00302372      0.30000000    1
    208.02253431  -4002.57678719      0.30000000    1
    121.35401977  -4027.29207098      0.30000000    1
     68.97528913  -4036.12172304      0.30000000    1
     38.53604311  -4038.98867662      0.30000000    1
     21.44901563  -4039.86438840      0.30000000    1
     12.07823675  -4040.12818729      0.30000000    1
      6.98405837  -4040.21178128      0.30000000    1
      4.19390218  -4040.24131138      0.30000000    1
      2.62614444  -4040.25302702      0.30000000    1
      1.70651374  -4040.25802651      0.30000000    1
      1.13815097  -4040.26021709      0.30000000    1
      0.77012569  -4040.26118037      0.30000000    1
      0.52430104  -4040.26160334      0.30000000    1
      0.35746802  -4040.26178910      0.30000000    1
      0.24355846  -4040.26187094      0.30000000    1
      0.16570812  -4040.26190721      0.30000000    1
      0.11256563  -4040.26192339      0.30000000    1
      0.07635824  -4040.26193068      0.30000000    1
      0.05173715  -4040.26193398      0.30000000    1
      0.03502351  -4040.26193550      0.30000000    1
      0.02369361  -4040.26193620      0.30000000    1
      0.01602157  -4040.26193653      0.30000000    1
      0.01083059  -4040.26193668      0.30000000    1
      0.00732027  -4040.26193676      0.30000000    1
      0.00494733  -4040.26193679      0.30000000    1
      0.00334358  -4040.26193681      0.30000000    1
      0.00225980  -4040.26193681      0.30000000    1
      0.00152740  -4040.26193682      0.30000000    1
      0.00103245  -4040.26193682      0.30000000    1
      0.00069793  -4040.26193682      0.30000000    1
      0.00047183  -4040.26193682      0.30000000    1
      0.00000000  -4040.26193682      1.00000000    2
      0.00000000  -4040.26193682      1.00000000    3
    1   0 0  -1/2   1    2.0000       -724.196029
    2   0 0  -1/2   1    2.0000       -102.395070
    2   1 1  -1/2   1    2.0000        -94.350505
    2   1 1  -3/2   1    4.0000        -90.466567
    3   0 0  -1/2   1    2.0000        -17.414327
    3   1 1  -1/2   1    2.0000        -14.332588
    3   1 1  -3/2   1    4.0000        -13.692054
    3   2 2  -3/2   1    4.0000         -8.199923
    3   2 2  -5/2   1    6.0000         -8.078089
    4   0 0  -1/2   1    2.0000         -2.359758
    4   1 1  -1/2   1    2.0000         -1.478877
    4   1 1  -3/2   1    4.0000         -1.386467
    4   2 2  -3/2   1    2.0000         -0.149559
    4   2 2  -5/2   1    3.0000         -0.142011
    5   0 0  -1/2   1    1.0000         -0.158217
 total energy =   -4.04026193682196E+03 -1.09941183667637E+05
