./ilogA is logfile.
./chgdenDy calculation starts
rmin,rmax=  1.52E-08  2.46E+01
  18056.07064551 -10572.45515439      0.30000000    1
   1133.19250572 -11418.15391770      0.30000000    1
    699.77733945 -11841.54267140      0.30000000    1
    420.39069937 -12031.02274531      0.30000000    1
    245.33192188 -12104.75177099      0.30000000    1
    139.52758330 -12129.08743086      0.30000000    1
     78.27352324 -12136.01632470      0.30000000    1
     44.39014936 -12137.99599079      0.30000000    1
     26.24584442 -12138.71068947      0.30000000    1
     16.41305545 -12139.02058800      0.30000000    1
     10.68211422 -12139.15694730      0.30000000    1
      7.06261793 -12139.21542126      0.30000000    1
      4.68982047 -12139.24008118      0.30000000    1
      3.11775992 -12139.25040987      0.30000000    1
      2.07226899 -12139.25472877      0.30000000    1
      1.37632993 -12139.25653703      0.30000000    1
      0.91340397 -12139.25729707      0.30000000    1
      0.60587780 -12139.25761861      0.30000000    1
      0.40184736 -12139.25775583      0.30000000    1
      0.26660592 -12139.25781501      0.30000000    1
      0.17699874 -12139.25784082      0.30000000    1
      0.11762255 -12139.25785222      0.30000000    1
      0.07825756 -12139.25785731      0.30000000    1
      0.05213646 -12139.25785961      0.30000000    1
      0.03478357 -12139.25786067      0.30000000    1
      0.02324018 -12139.25786115      0.30000000    1
      0.01555017 -12139.25786138      0.30000000    1
      0.01041946 -12139.25786149      0.30000000    1
      0.00699105 -12139.25786154      0.30000000    1
      0.00469670 -12139.25786156      0.30000000    1
      0.00315904 -12139.25786157      0.30000000    1
      0.00212710 -12139.25786158      0.30000000    1
      0.00143365 -12139.25786158      0.30000000    1
      0.00096710 -12139.25786158      0.30000000    1
      0.00065289 -12139.25786158      0.30000000    1
      0.00044104 -12139.25786158      0.30000000    1
      0.00000000 -12139.25786158      1.00000000    2
      0.00000000 -12139.25786158      1.00000000    3
    1   0 0  -1/2   1    2.0000      -1956.961148
    2   0 0  -1/2   1    2.0000       -326.139600
    2   1 1  -1/2   1    2.0000       -310.496343
    2   1 1  -3/2   1    4.0000       -281.426056
    3   0 0  -1/2   1    2.0000        -72.611164
    3   1 1  -1/2   1    2.0000        -65.728535
    3   1 1  -3/2   1    4.0000        -59.687471
    3   2 2  -3/2   1    4.0000        -47.772590
    3   2 2  -5/2   1    6.0000        -46.446206
    4   0 0  -1/2   1    2.0000        -14.334940
    4   1 1  -1/2   1    2.0000        -11.612489
    4   1 1  -3/2   1    4.0000        -10.254846
    4   2 2  -3/2   1    4.0000         -5.750218
    4   2 2  -5/2   1    6.0000         -5.503259
    5   0 0  -1/2   1    2.0000         -1.791802
    5   1 1  -1/2   1    2.0000         -1.056264
    5   1 1  -3/2   1    4.0000         -0.883938
    4   3 3  -5/2   1    4.2857         -0.144945
    4   3 3  -7/2   1    5.7143         -0.112554
    6   0 0  -1/2   1    2.0000         -0.142771
 total energy =   -1.21392578615834E+04 -3.30326201374691E+05
