line2: Z,NR,R(1),R(NR) /line3,4,...: R(N),RHO*4*PI*R(N)**2
29.00  2000  1.01365245284744E-10  6.00000000000000E+01
 1.014E-10  5.13519474436263E-15
 1.027E-10  5.27312795523458E-15
 1.042E-10  5.41476610264310E-15
 1.056E-10  5.69230204424042E-15
 1.070E-10  5.84519936112367E-15
 1.085E-10  6.00220355590782E-15
 1.100E-10  6.16342494083703E-15
 1.115E-10  6.32897679118183E-15
 1.130E-10  6.49897542482813E-15
 1.145E-10  6.67354028400303E-15
 1.161E-10  6.85279401919509E-15
 1.177E-10  7.03686257533021E-15
 1.193E-10  7.22587528026127E-15
 1.209E-10  7.41996493563409E-15
 1.226E-10  7.61926791019557E-15
 1.242E-10  7.82392423560735E-15
 1.259E-10  8.03407770483205E-15
 1.276E-10  8.24987597316442E-15
 1.294E-10  8.47147066197443E-15
 1.312E-10  8.69901746523675E-15
 1.329E-10  8.93267625892431E-15
 1.348E-10  9.17261121333627E-15
 1.366E-10  9.41899090844654E-15
 1.385E-10  9.67198845234894E-15
 1.404E-10  9.93178160288338E-15
 1.423E-10  1.01985528925308E-14
 1.442E-10  1.04724897566612E-14
 1.462E-10  1.07537846652277E-14
 1.482E-10  1.10426352579960E-14
 1.502E-10  1.13392444834086E-14
 1.523E-10  1.16438207411773E-14
 1.543E-10  1.19565780287064E-14
 1.564E-10  1.22777360914491E-14
 1.586E-10  1.26075205773011E-14
 1.607E-10  1.29461631951435E-14
 1.629E-10  1.32939018776434E-14
 1.652E-10  1.36509809484254E-14
 1.674E-10  1.40176512937363E-14
 1.697E-10  1.43941705387186E-14
 1.720E-10  1.47808032284216E-14
 1.744E-10  1.51778210136708E-14
 1.767E-10  1.55855028419318E-14
 1.792E-10  1.60041351533020E-14
 1.816E-10  1.64340120817635E-14
 1.841E-10  1.68754356618462E-14
 1.866E-10  1.73287160408362E-14
 1.891E-10  1.77941716966904E-14
 1.917E-10  1.82721296618001E-14
 1.943E-10  1.87629257527644E-14
 1.970E-10  1.92669048063410E-14
 1.997E-10  1.97844209217293E-14
 2.024E-10  2.03158377093607E-14
 2.052E-10  2.08615285463774E-14
 2.080E-10  2.14218768389678E-14
 2.108E-10  2.19972762917495E-14
 2.137E-10  2.25881311843914E-14
 2.166E-10  2.31948566556630E-14
 2.196E-10  2.38178789951100E-14
 2.226E-10  2.44576359425726E-14
 2.256E-10  2.51145769957446E-14
 2.287E-10  2.57891637259913E-14
 2.318E-10  2.64818701026521E-14
 2.350E-10  2.71931828260566E-14
 2.382E-10  2.79236016694851E-14
 2.414E-10  2.86736398303096E-14
 2.447E-10  2.94438242905717E-14
 2.481E-10  3.02346961872415E-14
 2.515E-10  3.10468111924274E-14
 2.549E-10  3.18807399037929E-14
 2.584E-10  3.27370682454639E-14
 2.619E-10  3.36163978797030E-14
 2.655E-10  3.45193466296403E-14
 2.691E-10  3.54465489133613E-14
 2.728E-10  3.63986561896523E-14
 2.765E-10  3.73763374157215E-14
 2.803E-10  3.83802795172123E-14
 2.841E-10  3.94111878708417E-14
 2.880E-10  4.04697868000012E-14
 2.919E-10  4.15568200836772E-14
 2.959E-10  4.26730514790296E-14
 2.999E-10  4.38192652580112E-14
 3.040E-10  4.49962667584126E-14
 3.082E-10  4.62048829496858E-14
 3.124E-10  4.74459630139878E-14
 3.166E-10  4.87203789428177E-14
 3.210E-10  5.00290261496823E-14
 3.253E-10  5.13728240992283E-14
 3.298E-10  5.27527169532535E-14
 3.343E-10  5.41696742340896E-14
 3.389E-10  5.56246915057875E-14
 3.435E-10  5.71187910736165E-14
 3.482E-10  5.86530227023402E-14
 3.529E-10  6.02284643537814E-14
 3.577E-10  6.18462229442154E-14
 3.626E-10  6.35074351220925E-14
 3.676E-10  6.52132680666545E-14
 3.726E-10  6.69649203080058E-14
 3.777E-10  6.87636225692032E-14
 3.828E-10  7.06106386309774E-14
 3.881E-10  7.25072662196708E-14
 3.934E-10  7.44548379190284E-14
 3.987E-10  7.64547221064823E-14
 4.042E-10  7.85083239145789E-14
 4.097E-10  8.06170862182389E-14
 4.153E-10  8.27824906485351E-14
 4.210E-10  8.50060586336825E-14
 4.267E-10  8.72893524680198E-14
 4.325E-10  8.96339764096890E-14
 4.384E-10  9.20415778077723E-14
 4.444E-10  9.45138482597617E-14
 4.505E-10  9.70525248000809E-14
 4.566E-10  9.96593911205182E-14
 4.629E-10  1.02336278823484E-13
 4.692E-10  1.05085068708893E-13
 4.756E-10  1.07907692095633E-13
 4.821E-10  1.10806132178529E-13
 4.887E-10  1.13782425421727E-13
 4.953E-10  1.16838662989556E-13
 5.021E-10  1.19976992215781E-13
 5.090E-10  1.23199618112327E-13
 5.159E-10  1.26508804918554E-13
 5.230E-10  1.29906877692111E-13
 5.301E-10  1.33396223942538E-13
 5.373E-10  1.36979295308767E-13
 5.447E-10  1.40658609281642E-13
 5.521E-10  1.44436750972714E-13
 5.596E-10  1.48316374930586E-13
 5.673E-10  1.52300207006001E-13
 5.750E-10  1.56391046267054E-13
 5.829E-10  1.60591766965823E-13
 5.908E-10  1.64905320557838E-13
 5.989E-10  1.69334737775813E-13
 6.071E-10  1.73883130759044E-13
 6.154E-10  1.78553695240018E-13
 6.238E-10  1.83349712789765E-13
 6.323E-10  1.88274553123512E-13
 6.409E-10  1.93331676468251E-13
 6.497E-10  1.98524635993958E-13
 6.585E-10  2.03857080310028E-13
 6.675E-10  2.09332756028834E-13
 6.766E-10  2.14955510398143E-13
 6.859E-10  2.20729294004174E-13
 6.952E-10  2.26658163547333E-13
 7.047E-10  2.32746284692497E-13
 7.144E-10  2.38997934995809E-13
 7.241E-10  2.45417506910115E-13
 7.340E-10  2.52009510871162E-13
 7.440E-10  2.58778578466629E-13
 7.542E-10  2.65729465690346E-13
 7.645E-10  2.72867056283858E-13
 7.749E-10  2.80196365167778E-13
 7.855E-10  2.87722541965325E-13
 7.962E-10  2.95450874620468E-13
 8.071E-10  3.03386793113257E-13
 8.181E-10  3.11535873275013E-13
 8.293E-10  3.19903840705901E-13
 8.406E-10  3.28496574797803E-13
 8.521E-10  3.37320112865190E-13
 8.637E-10  3.46380654386991E-13
 8.755E-10  3.55684565362415E-13
 8.874E-10  3.65238382783724E-13
 8.996E-10  3.75048819229138E-13
 9.118E-10  3.85122767579199E-13
 9.243E-10  3.95467305859744E-13
 9.369E-10  4.06089702214910E-13
 9.497E-10  4.16997420013863E-13
 9.627E-10  4.28198123094575E-13
 9.758E-10  4.39699681148483E-13
 9.891E-10  4.51510175249800E-13
 1.003E-09  4.63637903533318E-13
 1.016E-09  4.76091387024765E-13
 1.030E-09  4.88879375627713E-13
 1.044E-09  5.02010854271319E-13
 1.059E-09  5.15495049223180E-13
 1.073E-09  5.29341434571821E-13
 1.088E-09  5.43559738883244E-13
 1.102E-09  5.58159952036214E-13
 1.118E-09  5.73152332241304E-13
 1.133E-09  5.88547413248343E-13
 1.148E-09  6.04356011747494E-13
 1.164E-09  6.20589234969172E-13
 1.180E-09  6.37258488487988E-13
 1.196E-09  6.54375484236457E-13
 1.212E-09  6.71952248733845E-13
 1.229E-09  6.90001131536065E-13
 1.246E-09  7.08534813912651E-13
 1.263E-09  7.27566317756599E-13
 1.280E-09  7.47109014733614E-13
 1.297E-09  7.67176635677290E-13
 1.315E-09  7.87783280236336E-13
 1.333E-09  8.08943426781146E-13
 1.351E-09  8.30671942576411E-13
 1.370E-09  8.52984094226884E-13
 1.388E-09  8.75895558403940E-13
 1.407E-09  8.99422432859947E-13
 1.426E-09  9.23581247738764E-13
 1.446E-09  9.48388977189934E-13
 1.466E-09  9.73863051294749E-13
 1.486E-09  1.00002136831285E-12
 1.506E-09  1.02688230725759E-12
 1.527E-09  1.05446474080926E-12
 1.547E-09  1.08278804857521E-12
 1.568E-09  1.11187213070599E-12
 1.590E-09  1.14173742187746E-12
 1.612E-09  1.17240490564831E-12
 1.634E-09  1.20389612920309E-12
 1.656E-09  1.23623321849155E-12
 1.679E-09  1.26943889377452E-12
 1.701E-09  1.30353648558721E-12
 1.725E-09  1.33854995113140E-12
 1.748E-09  1.37450389110807E-12
 1.772E-09  1.41142356700186E-12
 1.796E-09  1.44933491882991E-12
 1.821E-09  1.48826458336776E-12
 1.846E-09  1.52823991286434E-12
 1.871E-09  1.56928899425972E-12
 1.896E-09  1.61144066891950E-12
 1.922E-09  1.65472455289864E-12
 1.949E-09  1.69917105775010E-12
 1.975E-09  1.74481141189212E-12
 2.002E-09  1.79167768254943E-12
 2.029E-09  1.83980279828415E-12
 2.057E-09  1.88922057213130E-12
 2.085E-09  1.93996572535630E-12
 2.114E-09  1.99207391185023E-12
 2.143E-09  2.04558174318045E-12
 2.172E-09  2.10052681431443E-12
 2.201E-09  2.15694773003390E-12
 2.232E-09  2.21488413205878E-12
 2.262E-09  2.27437672690000E-12
 2.293E-09  2.33546731446019E-12
 2.324E-09  2.39819881740206E-12
 2.356E-09  2.46261531130666E-12
 2.388E-09  2.52876205564116E-12
 2.421E-09  2.59668552555806E-12
 2.454E-09  2.66643344454919E-12
 2.487E-09  2.73805481797663E-12
 2.521E-09  2.81159996750400E-12
 2.556E-09  2.88712056645298E-12
 2.590E-09  2.96466967610921E-12
 2.626E-09  3.04430178300342E-12
 2.662E-09  3.12607283719414E-12
 2.698E-09  3.21004029157858E-12
 2.735E-09  3.29626314225947E-12
 2.772E-09  3.38480196999600E-12
 2.810E-09  3.47571898276801E-12
 2.848E-09  3.56907805948420E-12
 2.887E-09  3.66494479486375E-12
 2.927E-09  3.76338654552322E-12
 2.967E-09  3.86447247730237E-12
 3.007E-09  3.96827361385983E-12
 3.048E-09  4.07486288657523E-12
 3.090E-09  4.18431518579126E-12
 3.132E-09  4.29670741343191E-12
 3.175E-09  4.41211853703445E-12
 3.218E-09  4.53062964523229E-12
 3.262E-09  4.65232400472864E-12
 3.307E-09  4.77728711879975E-12
 3.352E-09  4.90560678737088E-12
 3.398E-09  5.03737316870448E-12
 3.444E-09  5.17267884274582E-12
 3.491E-09  5.31161887617096E-12
 3.539E-09  5.45429088918041E-12
 3.587E-09  5.60079512408845E-12
 3.636E-09  5.75123451575315E-12
 3.685E-09  5.90571476389982E-12
 3.736E-09  6.06434440738638E-12
 3.787E-09  6.22723490046233E-12
 3.838E-09  6.39450069107830E-12
 3.891E-09  6.56625930129797E-12
 3.944E-09  6.74263140986878E-12
 3.998E-09  6.92374093701255E-12
 4.052E-09  7.10971513149225E-12
 4.108E-09  7.30068466001787E-12
 4.164E-09  7.49678369905368E-12
 4.221E-09  7.69815002909090E-12
 4.278E-09  7.90492513145429E-12
 4.337E-09  8.11725428770646E-12
 4.396E-09  8.33528668172452E-12
 4.456E-09  8.55917550451779E-12
 4.517E-09  8.78907806185966E-12
 4.578E-09  9.02515588481217E-12
 4.641E-09  9.26757484321947E-12
 4.704E-09  9.51650526224805E-12
 4.769E-09  9.77212204205798E-12
 4.834E-09  1.00346047806906E-11
 4.900E-09  1.03041379002533E-11
 4.967E-09  1.05809107764958E-11
 5.034E-09  1.08651178718682E-11
 5.103E-09  1.11569588721496E-11
 5.173E-09  1.14566388267502E-11
 5.243E-09  1.17643682927796E-11
 5.315E-09  1.20803634829848E-11
 5.388E-09  1.24048464176635E-11
 5.461E-09  1.27380450806562E-11
 5.536E-09  1.30801935795304E-11
 5.611E-09  1.34315323100639E-11
 5.688E-09  1.37923081251505E-11
 5.765E-09  1.41627745082379E-11
 5.844E-09  1.45431917514291E-11
 5.924E-09  1.49338271383644E-11
 6.005E-09  1.53349551320150E-11
 6.087E-09  1.57468575675245E-11
 6.170E-09  1.61698238502259E-11
 6.254E-09  1.66041511589819E-11
 6.340E-09  1.70501446549822E-11
 6.426E-09  1.75081176961520E-11
 6.514E-09  1.79783920573208E-11
 6.603E-09  1.84612981563023E-11
 6.693E-09  1.89571752860457E-11
 6.784E-09  1.94663718530273E-11
 6.877E-09  1.99892456220454E-11
 6.971E-09  2.05261639675821E-11
 7.066E-09  2.10775041319257E-11
 7.162E-09  2.16436534902239E-11
 7.260E-09  2.22250098226542E-11
 7.359E-09  2.28219815939089E-11
 7.460E-09  2.34349882401825E-11
 7.562E-09  2.40644604638701E-11
 7.665E-09  2.47108405361826E-11
 7.770E-09  2.53745826078880E-11
 7.876E-09  2.60561530284009E-11
 7.983E-09  2.67560306734409E-11
 8.092E-09  2.74747072814950E-11
 8.203E-09  2.82126877993158E-11
 8.315E-09  2.89704907366970E-11
 8.428E-09  2.97486485307850E-11
 8.543E-09  3.05477079201719E-11
 8.660E-09  3.13682303290320E-11
 8.778E-09  3.22107922615874E-11
 8.898E-09  3.30759857071621E-11
 9.019E-09  3.39644185561137E-11
 9.142E-09  3.48767150269420E-11
 9.267E-09  3.58135161048697E-11
 9.394E-09  3.67754799922009E-11
 9.522E-09  3.77632825707785E-11
 9.652E-09  3.87776178768582E-11
 9.784E-09  3.98191985887477E-11
 9.917E-09  4.08887565275361E-11
 1.005E-08  4.19870431712737E-11
 1.019E-08  4.31148301829664E-11
 1.033E-08  4.42729099527493E-11
 1.047E-08  4.54620961546245E-11
 1.061E-08  4.66832243181510E-11
 1.076E-08  4.79371524154962E-11
 1.090E-08  4.92247614642456E-11
 1.105E-08  5.05469561464144E-11
 1.120E-08  5.19046654440823E-11
 1.136E-08  5.32988432920931E-11
 1.151E-08  5.47304692483065E-11
 1.167E-08  5.62005491818334E-11
 1.183E-08  5.77101159797612E-11
 1.199E-08  5.92602302728716E-11
 1.215E-08  6.08519811808434E-11
 1.232E-08  6.24864870774713E-11
 1.249E-08  6.41648963764389E-11
 1.266E-08  6.58883883382067E-11
 1.283E-08  6.76581738985610E-11
 1.301E-08  6.94754965194227E-11
 1.318E-08  7.13416330625114E-11
 1.336E-08  7.32578946864736E-11
 1.355E-08  7.52256277681103E-11
 1.373E-08  7.72462148483405E-11
 1.392E-08  7.93210756035950E-11
 1.411E-08  8.14516678432766E-11
 1.430E-08  8.36394885340190E-11
 1.450E-08  8.58860748514756E-11
 1.470E-08  8.81930052603374E-11
 1.490E-08  9.05619006233720E-11
 1.510E-08  9.29944253402513E-11
 1.531E-08  9.54922885169585E-11
 1.551E-08  9.80572451666116E-11
 1.573E-08  1.00691097442555E-10
 1.594E-08  1.03395695904561E-10
 1.616E-08  1.06172940819024E-10
 1.638E-08  1.09024783494107E-10
 1.660E-08  1.11953227650737E-10
 1.683E-08  1.14960330830427E-10
 1.706E-08  1.18048205840919E-10
 1.729E-08  1.21219022240636E-10
 1.753E-08  1.24475007863039E-10
 1.777E-08  1.27818450381897E-10
 1.801E-08  1.31251698918625E-10
 1.826E-08  1.34777165692794E-10
 1.851E-08  1.38397327716941E-10
 1.876E-08  1.42114728536938E-10
 1.901E-08  1.45931980019116E-10
 1.927E-08  1.49851764185343E-10
 1.954E-08  1.53876835097432E-10
 1.980E-08  1.58010020792166E-10
 2.007E-08  1.62254225268276E-10
 2.035E-08  1.66612430526791E-10
 2.063E-08  1.71087698666226E-10
 2.091E-08  1.75683174034009E-10
 2.119E-08  1.80402085435694E-10
 2.148E-08  1.85247748403558E-10
 2.178E-08  1.90223567526103E-10
 2.207E-08  1.95333038840103E-10
 2.237E-08  2.00579752286960E-10
 2.268E-08  2.05967394234990E-10
 2.299E-08  2.11499750069478E-10
 2.330E-08  2.17180706852318E-10
 2.362E-08  2.23014256053040E-10
 2.394E-08  2.29004496353269E-10
 2.427E-08  2.35155636526441E-10
 2.460E-08  2.41471998394898E-10
 2.494E-08  2.47958019866428E-10
 2.528E-08  2.54618258052345E-10
 2.562E-08  2.61457392469330E-10
 2.597E-08  2.68480228327247E-10
 2.633E-08  2.75691699905327E-10
 2.669E-08  2.83096874018980E-10
 2.705E-08  2.90700953579776E-10
 2.742E-08  2.98509281251000E-10
 2.779E-08  3.06527343201421E-10
 2.817E-08  3.14760772959905E-10
 2.856E-08  3.23215355373509E-10
 2.895E-08  3.31897030671961E-10
 2.934E-08  3.40811898641263E-10
 2.974E-08  3.49966222909385E-10
 3.015E-08  3.59366435347176E-10
 3.056E-08  3.69019140587302E-10
 3.098E-08  3.78931120664729E-10
 3.140E-08  3.89109339781854E-10
 3.183E-08  3.99560949201442E-10
 3.227E-08  4.10293292271161E-10
 3.271E-08  4.21313909583058E-10
 3.315E-08  4.32630544271565E-10
 3.361E-08  4.44251147453829E-10
 3.406E-08  4.56183883816170E-10
 3.453E-08  4.68437137350633E-10
 3.500E-08  4.81019517245529E-10
 3.548E-08  4.93939863934302E-10
 3.596E-08  5.07207255306836E-10
 3.645E-08  5.20831013087494E-10
 3.695E-08  5.34820709384745E-10
 3.746E-08  5.49186173416348E-10
 3.797E-08  5.63937498415444E-10
 3.849E-08  5.79085048722064E-10
 3.901E-08  5.94639467065090E-10
 3.954E-08  6.10611682039910E-10
 4.008E-08  6.27012915786762E-10
 4.063E-08  6.43854691875420E-10
 4.119E-08  6.61148843401706E-10
 4.175E-08  6.78907521301369E-10
 4.232E-08  6.97143202887380E-10
 4.290E-08  7.15868700616426E-10
 4.348E-08  7.35097171090947E-10
 4.408E-08  7.54842124302991E-10
 4.468E-08  7.75117433126300E-10
 4.529E-08  7.95937343063365E-10
 4.591E-08  8.17316482254291E-10
 4.653E-08  8.39269871754596E-10
 4.717E-08  8.61812936088902E-10
 4.781E-08  8.84961514088176E-10
 4.846E-08  9.08731870018143E-10
 4.913E-08  9.33140705006490E-10
 4.980E-08  9.58205168777015E-10
 5.048E-08  9.83942871699041E-10
 5.117E-08  1.01037189716044E-09
 5.186E-08  1.03751081427294E-09
 5.257E-08  1.06537869091874E-09
 5.329E-08  1.09399510714764E-09
 5.402E-08  1.12338016893380E-09
 5.475E-08  1.15355452230223E-09
 5.550E-08  1.18453936783468E-09
 5.626E-08  1.21635647556498E-09
 5.703E-08  1.24902820027473E-09
 5.781E-08  1.28257749719961E-09
 5.860E-08  1.31702793815771E-09
 5.940E-08  1.35240372811099E-09
 6.021E-08  1.38872972217147E-09
 6.103E-08  1.42603144306463E-09
 6.186E-08  1.46433509906137E-09
 6.271E-08  1.50366760239176E-09
 6.356E-08  1.54405658815375E-09
 6.443E-08  1.58553043372933E-09
 6.531E-08  1.62811827872204E-09
 6.620E-08  1.67185004543090E-09
 6.711E-08  1.71675645987333E-09
 6.802E-08  1.76286907337301E-09
 6.895E-08  1.81022028472806E-09
 6.989E-08  1.85884336297378E-09
 7.085E-08  1.90877247075765E-09
 7.181E-08  1.96004268834188E-09
 7.279E-08  2.01269003825007E-09
 7.379E-08  2.06675151057703E-09
 7.479E-08  2.12226508897755E-09
 7.582E-08  2.17926977735348E-09
 7.685E-08  2.23780562725752E-09
 7.790E-08  2.29791376603322E-09
 7.896E-08  2.35963642571111E-09
 8.004E-08  2.42301697268000E-09
 8.113E-08  2.48809993815648E-09
 8.224E-08  2.55493104947186E-09
 8.336E-08  2.62355726219993E-09
 8.450E-08  2.69402679314783E-09
 8.566E-08  2.76638915423231E-09
 8.683E-08  2.84069518726684E-09
 8.801E-08  2.91699709968245E-09
 8.921E-08  2.99534850120802E-09
 9.043E-08  3.07580444153659E-09
 9.167E-08  3.15842144900220E-09
 9.292E-08  3.24325757029624E-09
 9.419E-08  3.33037241125097E-09
 9.547E-08  3.41982717871750E-09
 9.677E-08  3.51168472356932E-09
 9.810E-08  3.60600958486055E-09
 9.944E-08  3.70286803517062E-09
 1.008E-07  3.80232812716657E-09
 1.022E-07  3.90445974141618E-09
 1.036E-07  4.00933463548522E-09
 1.050E-07  4.11702649435328E-09
 1.064E-07  4.22761098218446E-09
 1.079E-07  4.34116579548763E-09
 1.093E-07  4.45777071770558E-09
 1.108E-07  4.57750767526941E-09
 1.123E-07  4.70046079515875E-09
 1.139E-07  4.82671646400948E-09
 1.154E-07  4.95636338880673E-09
 1.170E-07  5.08949265920943E-09
 1.186E-07  5.22619781154878E-09
 1.202E-07  5.36657489454557E-09
 1.219E-07  5.51072253679313E-09
 1.235E-07  5.65874201605095E-09
 1.252E-07  5.81073733040249E-09
 1.269E-07  5.96681527132177E-09
 1.287E-07  6.12708549870344E-09
 1.304E-07  6.29166061790868E-09
 1.322E-07  6.46065625887883E-09
 1.340E-07  6.63419115737627E-09
 1.358E-07  6.81238723840546E-09
 1.377E-07  6.99536970187578E-09
 1.396E-07  7.18326711056410E-09
 1.415E-07  7.37621148044124E-09
 1.434E-07  7.57433837342459E-09
 1.454E-07  7.77778699262017E-09
 1.473E-07  7.98670028012482E-09
 1.494E-07  8.20122501745460E-09
 1.514E-07  8.42151192867041E-09
 1.535E-07  8.64771578627372E-09
 1.556E-07  8.87999551994716E-09
 1.577E-07  9.11851432821445E-09
 1.598E-07  9.36343979310014E-09
 1.620E-07  9.61494399787086E-09
 1.642E-07  9.87320364793519E-09
 1.665E-07  1.01384001949934E-08
 1.687E-07  1.04107199645226E-08
 1.710E-07  1.06903542866833E-08
 1.734E-07  1.09774996307447E-08
 1.757E-07  1.12723577431185E-08
 1.781E-07  1.15751357891010E-08
 1.806E-07  1.18860464984234E-08
 1.830E-07  1.22053083147090E-08
 1.855E-07  1.25331455489468E-08
 1.881E-07  1.28697885370868E-08
 1.906E-07  1.32154738018680E-08
 1.932E-07  1.35704442189919E-08
 1.959E-07  1.39349491877620E-08
 1.986E-07  1.43092448063039E-08
 2.013E-07  1.46935940514913E-08
 2.040E-07  1.50882669637088E-08
 2.068E-07  1.54935408365732E-08
 2.096E-07  1.59097004117500E-08
 2.125E-07  1.63370380790076E-08
 2.154E-07  1.67758540816385E-08
 2.183E-07  1.72264567274024E-08
 2.213E-07  1.76891626051325E-08
 2.243E-07  1.81642968071624E-08
 2.274E-07  1.86521931577234E-08
 2.305E-07  1.91531944474783E-08
 2.336E-07  1.96676526743568E-08
 2.368E-07  2.01959292908539E-08
 2.401E-07  2.07383954579765E-08
 2.433E-07  2.12954323060062E-08
 2.467E-07  2.18674312022683E-08
 2.500E-07  2.24547940260931E-08
 2.534E-07  2.30579334511595E-08
 2.569E-07  2.36772732354232E-08
 2.604E-07  2.43132485188362E-08
 2.640E-07  2.49663061290578E-08
 2.676E-07  2.56369048953749E-08
 2.712E-07  2.63255159710603E-08
 2.749E-07  2.70326231643840E-08
 2.787E-07  2.77587232785187E-08
 2.825E-07  2.85043264605693E-08
 2.863E-07  2.92699565599844E-08
 2.903E-07  3.00561514965858E-08
 2.942E-07  3.08634636384892E-08
 2.982E-07  3.16924601901735E-08
 3.023E-07  3.25437235909714E-08
 3.064E-07  3.34178519242661E-08
 3.106E-07  3.43154593376749E-08
 3.149E-07  3.52371764745174E-08
 3.192E-07  3.61836509168802E-08
 3.235E-07  3.71555476405719E-08
 3.279E-07  3.81535494823013E-08
 3.324E-07  3.91783576194094E-08
 3.369E-07  4.02306920624716E-08
 3.415E-07  4.13112921611441E-08
 3.462E-07  4.24209171235921E-08
 3.509E-07  4.35603465498649E-08
 3.557E-07  4.47303809796025E-08
 3.606E-07  4.59318424544508E-08
 3.655E-07  4.71655750955769E-08
 3.705E-07  4.84324456967045E-08
 3.756E-07  4.97333443330662E-08
 3.807E-07  5.10691849867262E-08
 3.859E-07  5.24409061886830E-08
 3.911E-07  5.38494716782233E-08
 3.965E-07  5.52958710799875E-08
 4.019E-07  5.67811205992141E-08
 4.074E-07  5.83062637356644E-08
 4.129E-07  5.98723720167170E-08
 4.186E-07  6.14805457501474E-08
 4.243E-07  6.31319147971342E-08
 4.301E-07  6.48276393660247E-08
 4.360E-07  6.65689108274064E-08
 4.419E-07  6.83569525510952E-08
 4.479E-07  7.01930207655793E-08
 4.541E-07  7.20784054405522E-08
 4.603E-07  7.40144311931535E-08
 4.665E-07  7.60024582185474E-08
 4.729E-07  7.80438832454974E-08
 4.794E-07  8.01401405175853E-08
 4.859E-07  8.22927028008135E-08
 4.926E-07  8.45030824182515E-08
 4.993E-07  8.67728323124609E-08
 5.061E-07  8.91035471364846E-08
 5.130E-07  9.14968643741126E-08
 5.200E-07  9.39544654902226E-08
 5.271E-07  9.64780771120556E-08
 5.343E-07  9.90694722421919E-08
 5.416E-07  1.01730471504099E-07
 5.490E-07  1.04462944421142E-07
 5.565E-07  1.07268810729946E-07
 5.641E-07  1.10150041729028E-07
 5.718E-07  1.13108661663636E-07
 5.796E-07  1.16146749147809E-07
 5.875E-07  1.19266438624601E-07
 5.955E-07  1.22469921865536E-07
 6.037E-07  1.25759449510335E-07
 6.119E-07  1.29137332647981E-07
 6.202E-07  1.32605944440271E-07
 6.287E-07  1.36167721788927E-07
 6.373E-07  1.39825167047554E-07
 6.460E-07  1.43580849779482E-07
 6.548E-07  1.47437408562883E-07
 6.638E-07  1.51397552844374E-07
 6.728E-07  1.55464064842320E-07
 6.820E-07  1.59639801501353E-07
 6.913E-07  1.63927696499319E-07
 7.008E-07  1.68330762308145E-07
 7.103E-07  1.72852092310046E-07
 7.200E-07  1.77494862970569E-07
 7.298E-07  1.82262336069995E-07
 7.398E-07  1.87157860994658E-07
 7.499E-07  1.92184877089831E-07
 7.602E-07  1.97346916075746E-07
 7.705E-07  2.02647604528561E-07
 7.811E-07  2.08090666427887E-07
 7.917E-07  2.13679925772800E-07
 8.025E-07  2.19419309268060E-07
 8.135E-07  2.25312849082465E-07
 8.246E-07  2.31364685681339E-07
 8.358E-07  2.37579070735009E-07
 8.473E-07  2.43960370105437E-07
 8.588E-07  2.50513066913085E-07
 8.705E-07  2.57241764686039E-07
 8.824E-07  2.64151190593826E-07
 8.945E-07  2.71246198768004E-07
 9.067E-07  2.78531773711898E-07
 9.191E-07  2.86013033802010E-07
 9.316E-07  2.93695234883366E-07
 9.443E-07  3.01583773961417E-07
 9.572E-07  3.09684192993132E-07
 9.703E-07  3.18002182779900E-07
 9.835E-07  3.26543586964870E-07
 9.970E-07  3.35314406137796E-07
 1.011E-06  3.44320802050031E-07
 1.024E-06  3.53569101942668E-07
 1.038E-06  3.63065802990952E-07
 1.053E-06  3.72817576868065E-07
 1.067E-06  3.82831274431482E-07
 1.081E-06  3.93113930535086E-07
 1.096E-06  4.03672768970559E-07
 1.111E-06  4.14515207541484E-07
 1.126E-06  4.25648863273709E-07
 1.142E-06  4.37081557765518E-07
 1.157E-06  4.48821322681623E-07
 1.173E-06  4.60876405394660E-07
 1.189E-06  4.73255274777999E-07
 1.205E-06  4.85966627154407E-07
 1.222E-06  4.99019392404193E-07
 1.239E-06  5.12422740237446E-07
 1.255E-06  5.26186086634817E-07
 1.273E-06  5.40319100461091E-07
 1.290E-06  5.54831710256482E-07
 1.308E-06  5.69734111210078E-07
 1.325E-06  5.85036772320861E-07
 1.344E-06  6.00750443750805E-07
 1.362E-06  6.16886164375300E-07
 1.380E-06  6.33455269536686E-07
 1.399E-06  6.50469399005682E-07
 1.418E-06  6.67940505156634E-07
 1.438E-06  6.85880861362414E-07
 1.457E-06  7.04303070614601E-07
 1.477E-06  7.23220074375157E-07
 1.497E-06  7.42645161665894E-07
 1.518E-06  7.62591978401815E-07
 1.539E-06  7.83074536975184E-07
 1.560E-06  8.04107226096907E-07
 1.581E-06  8.25704820902161E-07
 1.603E-06  8.47882493327416E-07
 1.624E-06  8.70655822765987E-07
 1.647E-06  8.94040807009654E-07
 1.669E-06  9.18053873484327E-07
 1.692E-06  9.42711890787144E-07
 1.715E-06  9.68032180533283E-07
 1.738E-06  9.94032529521206E-07
 1.762E-06  1.02073120222412E-06
 1.786E-06  1.04814695361710E-06
 1.811E-06  1.07629904234853E-06
 1.835E-06  1.10520724426516E-06
 1.860E-06  1.13489186630034E-06
 1.886E-06  1.16537376073515E-06
 1.911E-06  1.19667433984225E-06
 1.938E-06  1.22881559092321E-06
 1.964E-06  1.26182009174928E-06
 1.991E-06  1.29571102641684E-06
 2.018E-06  1.33051220162867E-06
 2.046E-06  1.36624806341190E-06
 2.073E-06  1.40294371428539E-06
 2.102E-06  1.44062493088754E-06
 2.130E-06  1.47931818207762E-06
 2.160E-06  1.51905064752280E-06
 2.189E-06  1.55985023678467E-06
 2.219E-06  1.60174560891774E-06
 2.249E-06  1.64476619259396E-06
 2.280E-06  1.68894220676813E-06
 2.311E-06  1.73430468189765E-06
 2.343E-06  1.78088548173198E-06
 2.375E-06  1.82871732568692E-06
 2.407E-06  1.87783381182010E-06
 2.440E-06  1.92826944042266E-06
 2.473E-06  1.98005963824432E-06
 2.507E-06  2.03324078336941E-06
 2.541E-06  2.08785023075965E-06
 2.576E-06  2.14392633848352E-06
 2.611E-06  2.20150849464939E-06
 2.647E-06  2.26063714506142E-06
 2.683E-06  2.32135382161833E-06
 2.719E-06  2.38370117147399E-06
 2.757E-06  2.44772298698141E-06
 2.794E-06  2.51346423644001E-06
 2.832E-06  2.58097109566802E-06
 2.871E-06  2.65029098042340E-06
 2.910E-06  2.72147257969380E-06
 2.950E-06  2.79456588988091E-06
 2.990E-06  2.86962224990224E-06
 3.031E-06  2.94669437723479E-06
 3.072E-06  3.02583640492650E-06
 3.114E-06  3.10710391960088E-06
 3.157E-06  3.19055400048205E-06
 3.200E-06  3.27624525946707E-06
 3.244E-06  3.36423788227358E-06
 3.288E-06  3.45459367069238E-06
 3.333E-06  3.54737608597376E-06
 3.378E-06  3.64265029337786E-06
 3.424E-06  3.74048320792205E-06
 3.471E-06  3.84094354135449E-06
 3.519E-06  3.94410185038952E-06
 3.567E-06  4.05003058623761E-06
 3.615E-06  4.15880414546335E-06
 3.665E-06  4.27049892221051E-06
 3.715E-06  4.38519336182674E-06
 3.765E-06  4.50296801592791E-06
 3.817E-06  4.62390559894146E-06
 3.869E-06  4.74809104616522E-06
 3.922E-06  4.87561157338548E-06
 3.975E-06  5.00655673809557E-06
 4.030E-06  5.14101850235533E-06
 4.085E-06  5.27909129733913E-06
 4.140E-06  5.42087208961589E-06
 4.197E-06  5.56646044920625E-06
 4.254E-06  5.71595861946829E-06
 4.312E-06  5.86947158885673E-06
 4.371E-06  6.02710716460780E-06
 4.431E-06  6.18897604840315E-06
 4.491E-06  6.35519191406133E-06
 4.553E-06  6.52587148731552E-06
 4.615E-06  6.70113462773281E-06
 4.678E-06  6.88110441282887E-06
 4.742E-06  7.06590722444180E-06
 4.806E-06  7.25567283742277E-06
 4.872E-06  7.45053451070533E-06
 4.938E-06  7.65062908081961E-06
 5.006E-06  7.85609705791506E-06
 5.074E-06  8.06708272435840E-06
 5.144E-06  8.28373423597837E-06
 5.214E-06  8.50620372602568E-06
 5.285E-06  8.73464741192187E-06
 5.357E-06  8.96922570487365E-06
 5.430E-06  9.21010332242449E-06
 5.504E-06  9.45744940403043E-06
 5.579E-06  9.71143762973064E-06
 5.656E-06  9.97224634200691E-06
 5.733E-06  1.02400586709088E-05
 5.811E-06  1.05150626625344E-05
 5.890E-06  1.07974514109618E-05
 5.971E-06  1.10874231937145E-05
 6.052E-06  1.13851816108642E-05
 6.135E-06  1.16909357278620E-05
 6.219E-06  1.20049002222027E-05
 6.304E-06  1.23272955340210E-05
 6.390E-06  1.26583480207292E-05
 6.477E-06  1.29982901158009E-05
 6.565E-06  1.33473604918118E-05
 6.655E-06  1.37058042278572E-05
 6.746E-06  1.40738729814561E-05
 6.838E-06  1.44518251650664E-05
 6.931E-06  1.48399261273338E-05
 7.026E-06  1.52384483392026E-05
 7.122E-06  1.56476715850152E-05
 7.219E-06  1.60678831587379E-05
 7.318E-06  1.64993780654483E-05
 7.418E-06  1.69424592282227E-05
 7.519E-06  1.73974377005781E-05
 7.622E-06  1.78646328846018E-05
 7.726E-06  1.83443727549356E-05
 7.831E-06  1.88369940887649E-05
 7.938E-06  1.93428427019712E-05
 8.046E-06  1.98622736916188E-05
 8.156E-06  2.03956516849419E-05
 8.268E-06  2.09433510950074E-05
 8.380E-06  2.15057563832316E-05
 8.495E-06  2.20832623289324E-05
 8.611E-06  2.26762743061110E-05
 8.728E-06  2.32852085676527E-05
 8.848E-06  2.39104925371415E-05
 8.968E-06  2.45525651085027E-05
 9.091E-06  2.52118769536761E-05
 9.215E-06  2.58888908385320E-05
 9.341E-06  2.65840819472608E-05
 9.468E-06  2.72979382154518E-05
 9.597E-06  2.80309606720981E-05
 9.729E-06  2.87836637907785E-05
 9.861E-06  2.95565758502367E-05
 9.996E-06  3.03502393046272E-05
 1.013E-05  3.11652111636954E-05
 1.027E-05  3.20020633831295E-05
 1.041E-05  3.28613832653784E-05
 1.055E-05  3.37437738712107E-05
 1.070E-05  3.46498544423059E-05
 1.084E-05  3.55802608351598E-05
 1.099E-05  3.65356459666159E-05
 1.114E-05  3.75166802713423E-05
 1.129E-05  3.85240521715583E-05
 1.145E-05  3.95584685593421E-05
 1.160E-05  4.06206552918691E-05
 1.176E-05  4.17113576999083E-05
 1.192E-05  4.28313411099378E-05
 1.209E-05  4.39813913802575E-05
 1.225E-05  4.51623154514535E-05
 1.242E-05  4.63749419116036E-05
 1.259E-05  4.76201215766264E-05
 1.276E-05  4.88987280861735E-05
 1.293E-05  5.02116585154743E-05
 1.311E-05  5.15598340035744E-05
 1.329E-05  5.29442003983889E-05
 1.347E-05  5.43657289190347E-05
 1.365E-05  5.58254168358970E-05
 1.384E-05  5.73242881689012E-05
 1.403E-05  5.88633944044868E-05
 1.422E-05  6.04438152317693E-05
 1.442E-05  6.20666592984143E-05
 1.461E-05  6.37330649867540E-05
 1.481E-05  6.54442012106659E-05
 1.501E-05  6.72012682337894E-05
 1.522E-05  6.90054985096462E-05
 1.543E-05  7.08581575442490E-05
 1.564E-05  7.27605447817810E-05
 1.585E-05  7.47139945140008E-05
 1.607E-05  7.67198768139726E-05
 1.629E-05  7.87795984947842E-05
 1.651E-05  8.08946040939225E-05
 1.673E-05  8.30663768839791E-05
 1.696E-05  8.52964399104169E-05
 1.719E-05  8.75863570570836E-05
 1.743E-05  8.99377341402393E-05
 1.767E-05  9.23522200318553E-05
 1.791E-05  9.48315078129513E-05
 1.815E-05  9.73773359577866E-05
 1.840E-05  9.99914895497388E-05
 1.865E-05  1.02675801529676E-04
 1.891E-05  1.05432153977744E-04
 1.916E-05  1.08262479429409E-04
 1.943E-05  1.11168762226708E-04
 1.969E-05  1.14153039905614E-04
 1.996E-05  1.17217404620514E-04
 2.023E-05  1.20364004606779E-04
 2.051E-05  1.23595045682391E-04
 2.079E-05  1.26912792789764E-04
 2.107E-05  1.30319571578753E-04
 2.136E-05  1.33817770031967E-04
 2.165E-05  1.37409840133548E-04
 2.195E-05  1.41098299582548E-04
 2.225E-05  1.44885733552049E-04
 2.255E-05  1.48774796495340E-04
 2.286E-05  1.52768214000337E-04
 2.317E-05  1.56868784693551E-04
 2.349E-05  1.61079382194908E-04
 2.381E-05  1.65402957124815E-04
 2.413E-05  1.69842539164828E-04
 2.446E-05  1.74401239173334E-04
 2.480E-05  1.79082251357797E-04
 2.514E-05  1.83888855504944E-04
 2.548E-05  1.88824419270580E-04
 2.583E-05  1.93892400530478E-04
 2.618E-05  1.99096349794080E-04
 2.654E-05  2.04439912682611E-04
 2.690E-05  2.09926832473353E-04
 2.727E-05  2.15560952711861E-04
 2.764E-05  2.21346219893849E-04
 2.802E-05  2.27286686218688E-04
 2.840E-05  2.33386512416351E-04
 2.879E-05  2.39649970649825E-04
 2.918E-05  2.46081447494969E-04
 2.958E-05  2.52685446999794E-04
 2.998E-05  2.59466593825436E-04
 3.039E-05  2.66429636470884E-04
 3.080E-05  2.73579450583678E-04
 3.123E-05  2.80921042358949E-04
 3.165E-05  2.88459552029062E-04
 3.208E-05  2.96200257446309E-04
 3.252E-05  3.04148577761137E-04
 3.297E-05  3.12310077198395E-04
 3.342E-05  3.20690468934245E-04
 3.387E-05  3.29295619076425E-04
 3.433E-05  3.38131550750543E-04
 3.480E-05  3.47204448295293E-04
 3.528E-05  3.56520661569423E-04
 3.576E-05  3.66086710373376E-04
 3.625E-05  3.75909288988860E-04
 3.674E-05  3.85995270839235E-04
 3.724E-05  3.96351713273920E-04
 3.775E-05  4.06985862480371E-04
 3.827E-05  4.17905158526789E-04
 3.879E-05  4.29117240538908E-04
 3.932E-05  4.40629952014829E-04
 3.986E-05  4.52451346281153E-04
 4.040E-05  4.64589692094275E-04
 4.095E-05  4.77053479390893E-04
 4.151E-05  4.89851425191290E-04
 4.208E-05  5.02992479659780E-04
 4.265E-05  5.16485832326356E-04
 4.324E-05  5.30340918473706E-04
 4.383E-05  5.44567425694076E-04
 4.442E-05  5.59175300620542E-04
 4.503E-05  5.74174755837167E-04
 4.565E-05  5.89576276972689E-04
 4.627E-05  6.05390629982923E-04
 4.690E-05  6.21628868626607E-04
 4.754E-05  6.38302342139778E-04
 4.819E-05  6.55422703114022E-04
 4.885E-05  6.73001915583999E-04
 4.951E-05  6.91052263329744E-04
 5.019E-05  7.09586358399334E-04
 5.088E-05  7.28617149857865E-04
 5.157E-05  7.48157932768479E-04
 5.227E-05  7.68222357411916E-04
 5.299E-05  7.88824438750730E-04
 5.371E-05  8.09978566144237E-04
 5.445E-05  8.31699513321465E-04
 5.519E-05  8.54002448618464E-04
 5.594E-05  8.76902945487020E-04
 5.671E-05  9.00416993282052E-04
 5.748E-05  9.24561008334649E-04
 5.826E-05  9.49351845318974E-04
 5.906E-05  9.74806808920047E-04
 5.987E-05  1.00094366581045E-03
 6.068E-05  1.02778065694467E-03
 6.151E-05  1.05533651017870E-03
 6.235E-05  1.08363045322365E-03
 6.320E-05  1.11268222694239E-03
 6.407E-05  1.14251209899818E-03
 6.494E-05  1.17314087786409E-03
 6.583E-05  1.20458992720315E-03
 6.673E-05  1.23688118062896E-03
 6.764E-05  1.27003715685636E-03
 6.856E-05  1.30408097525272E-03
 6.950E-05  1.33903637180016E-03
 7.045E-05  1.37492771547955E-03
 7.141E-05  1.41178002508755E-03
 7.238E-05  1.44961898649739E-03
 7.337E-05  1.48847097037586E-03
 7.437E-05  1.52836305036768E-03
 7.539E-05  1.56932302175981E-03
 7.642E-05  1.61137942063849E-03
 7.746E-05  1.65456154355137E-03
 7.852E-05  1.69889946768825E-03
 7.959E-05  1.74442407159383E-03
 8.068E-05  1.79116705642665E-03
 8.178E-05  1.83916096777794E-03
 8.289E-05  1.88843921806530E-03
 8.403E-05  1.93903610951664E-03
 8.517E-05  1.99098685775868E-03
 8.634E-05  2.04432761602654E-03
 8.751E-05  2.09909550001069E-03
 8.871E-05  2.15532861335739E-03
 8.992E-05  2.21306607383950E-03
 9.115E-05  2.27234804021598E-03
 9.239E-05  2.33321573979683E-03
 9.365E-05  2.39571149673251E-03
 9.493E-05  2.45987876104679E-03
 9.623E-05  2.52576213843145E-03
 9.754E-05  2.59340742082357E-03
 9.887E-05  2.66286161778509E-03
 1.002E-04  2.73417298870555E-03
 1.016E-04  2.80739107584951E-03
 1.030E-04  2.88256673827034E-03
 1.044E-04  2.95975218661262E-03
 1.058E-04  3.03900101882677E-03
 1.073E-04  3.12036825681860E-03
 1.087E-04  3.20391038405820E-03
 1.102E-04  3.28968538417420E-03
 1.117E-04  3.37775278055627E-03
 1.132E-04  3.46817367699395E-03
 1.148E-04  3.56101079937817E-03
 1.163E-04  3.65632853849164E-03
 1.179E-04  3.75419299391794E-03
 1.195E-04  3.85467201909654E-03
 1.212E-04  3.95783526755341E-03
 1.228E-04  4.06375424033913E-03
 1.245E-04  4.17250233470251E-03
 1.262E-04  4.28415489403416E-03
 1.279E-04  4.39878925911114E-03
 1.297E-04  4.51648482067588E-03
 1.314E-04  4.63732307338469E-03
 1.332E-04  4.76138767115959E-03
 1.351E-04  4.88876448398043E-03
 1.369E-04  5.01954165615274E-03
 1.388E-04  5.15380966609063E-03
 1.407E-04  5.29166138765208E-03
 1.426E-04  5.43319215306653E-03
 1.445E-04  5.57849981749604E-03
 1.465E-04  5.72768482527022E-03
 1.485E-04  5.88085027783862E-03
 1.505E-04  6.03810200348348E-03
 1.526E-04  6.19954862883855E-03
 1.547E-04  6.36530165225854E-03
 1.568E-04  6.53547551908607E-03
 1.589E-04  6.71018769886631E-03
 1.611E-04  6.88955876455528E-03
 1.633E-04  7.07371247377531E-03
 1.655E-04  7.26277585216669E-03
 1.678E-04  7.45687927889027E-03
 1.701E-04  7.65615657433513E-03
 1.724E-04  7.86074509008466E-03
 1.748E-04  8.07078580120154E-03
 1.771E-04  8.28642340088588E-03
 1.796E-04  8.50780639756914E-03
 1.820E-04  8.73508721450453E-03
 1.845E-04  8.96842229191265E-03
 1.870E-04  9.20797219175361E-03
 1.896E-04  9.45390170518411E-03
 1.922E-04  9.70637996276825E-03
 1.948E-04  9.96558054751848E-03
 1.974E-04  1.02316816108215E-02
 2.001E-04  1.05048659913370E-02
 2.029E-04  1.07853213369340E-02
 2.056E-04  1.10732402297408E-02
 2.084E-04  1.13688203143915E-02
 2.113E-04  1.16722644295385E-02
 2.142E-04  1.19837807427224E-02
 2.171E-04  1.23035828886748E-02
 2.201E-04  1.26318901111412E-02
 2.231E-04  1.29689274083122E-02
 2.261E-04  1.33149256819472E-02
 2.292E-04  1.36701218902879E-02
 2.323E-04  1.40347592048487E-02
 2.355E-04  1.44090871711822E-02
 2.387E-04  1.47933618737168E-02
 2.420E-04  1.51878461047646E-02
 2.453E-04  1.55928095378013E-02
 2.486E-04  1.60085289051251E-02
 2.520E-04  1.64352881799989E-02
 2.555E-04  1.68733787633809E-02
 2.589E-04  1.73230996753643E-02
 2.625E-04  1.77847577514303E-02
 2.661E-04  1.82586678436362E-02
 2.697E-04  1.87451530268586E-02
 2.734E-04  1.92445448102067E-02
 2.771E-04  1.97571833537408E-02
 2.809E-04  2.02834176906092E-02
 2.847E-04  2.08236059547472E-02
 2.886E-04  2.13781156142661E-02
 2.926E-04  2.19473237106617E-02
 2.965E-04  2.25316171039884E-02
 3.006E-04  2.31313927241433E-02
 3.047E-04  2.37470578283934E-02
 3.089E-04  2.43790302653055E-02
 3.131E-04  2.50277387452251E-02
 3.174E-04  2.56936231174589E-02
 3.217E-04  2.63771346543185E-02
 3.261E-04  2.70787363421866E-02
 3.305E-04  2.77989031797722E-02
 3.350E-04  2.85381224837200E-02
 3.396E-04  2.92968942017464E-02
 3.442E-04  3.00757312334771E-02
 3.489E-04  3.08751597591683E-02
 3.537E-04  3.16957195764862E-02
 3.585E-04  3.25379644455404E-02
 3.634E-04  3.34024624423547E-02
 3.684E-04  3.42897963209698E-02
 3.734E-04  3.52005638843798E-02
 3.785E-04  3.61353783644995E-02
 3.837E-04  3.70948688113714E-02
 3.889E-04  3.80796804918206E-02
 3.942E-04  3.90904752977718E-02
 3.996E-04  4.01279321644486E-02
 4.051E-04  4.11927474986768E-02
 4.106E-04  4.22856356175149E-02
 4.162E-04  4.34073291974471E-02
 4.219E-04  4.45585797343737E-02
 4.277E-04  4.57401580146403E-02
 4.335E-04  4.69528545973447E-02
 4.394E-04  4.81974803081760E-02
 4.454E-04  4.94748667450427E-02
 4.515E-04  5.07858667957319E-02
 4.577E-04  5.21313551678861E-02
 4.639E-04  5.35122289315439E-02
 4.702E-04  5.49294080745390E-02
 4.767E-04  5.63838360710072E-02
 4.832E-04  5.78764804633063E-02
 4.898E-04  5.94083334576376E-02
 4.965E-04  6.09804125336249E-02
 5.032E-04  6.25937610682080E-02
 5.101E-04  6.42494489740989E-02
 5.171E-04  6.59485733531222E-02
 5.241E-04  6.76922591647793E-02
 5.313E-04  6.94816599103123E-02
 5.385E-04  7.13179583326070E-02
 5.459E-04  7.32023671322777E-02
 5.533E-04  7.51361297002350E-02
 5.609E-04  7.71205208670922E-02
 5.686E-04  7.91568476697560E-02
 5.763E-04  8.12464501355291E-02
 5.842E-04  8.33907020840911E-02
 5.922E-04  8.55910119477158E-02
 6.002E-04  8.78488236100769E-02
 6.084E-04  9.01656172640052E-02
 6.167E-04  9.25429102885867E-02
 6.252E-04  9.49822581459669E-02
 6.337E-04  9.74852552982254E-02
 6.423E-04  1.00053536144736E-01
 6.511E-04  1.02688775980386E-01
 6.600E-04  1.05392691975035E-01
 6.690E-04  1.08167044174645E-01
 6.782E-04  1.11013636524454E-01
 6.874E-04  1.13934317914611E-01
 6.968E-04  1.16930983248681E-01
 7.063E-04  1.20005574535446E-01
 7.160E-04  1.23160082004400E-01
 7.257E-04  1.26396545245369E-01
 7.356E-04  1.29717054372671E-01
 7.457E-04  1.33123751214288E-01
 7.559E-04  1.36618830526409E-01
 7.662E-04  1.40204541233812E-01
 7.766E-04  1.43883187696567E-01
 7.872E-04  1.47657131003400E-01
 7.980E-04  1.51528790292239E-01
 8.089E-04  1.55500644098360E-01
 8.199E-04  1.59575231730541E-01
 8.311E-04  1.63755154675734E-01
 8.425E-04  1.68043078032634E-01
 8.540E-04  1.72441731974618E-01
 8.656E-04  1.76953913242518E-01
 8.774E-04  1.81582486667617E-01
 8.894E-04  1.86330386725373E-01
 9.016E-04  1.91200619120253E-01
 9.139E-04  1.96196262402151E-01
 9.264E-04  2.01320469614840E-01
 9.390E-04  2.06576469976818E-01
 9.518E-04  2.11967570595059E-01
 9.648E-04  2.17497158212069E-01
 9.780E-04  2.23168700986612E-01
 9.913E-04  2.28985750308606E-01
 1.005E-03  2.34951942648519E-01
 1.019E-03  2.41071001441714E-01
 1.032E-03  2.47346739008117E-01
 1.047E-03  2.53783058507581E-01
 1.061E-03  2.60383955931328E-01
 1.075E-03  2.67153522129825E-01
 1.090E-03  2.74095944877463E-01
 1.105E-03  2.81215510974339E-01
 1.120E-03  2.88516608385499E-01
 1.135E-03  2.96003728417924E-01
 1.151E-03  3.03681467935571E-01
 1.167E-03  3.11554531612738E-01
 1.182E-03  3.19627734225981E-01
 1.199E-03  3.27906002984879E-01
 1.215E-03  3.36394379901803E-01
 1.232E-03  3.45098024200895E-01
 1.248E-03  3.54022214766465E-01
 1.265E-03  3.63172352630878E-01
 1.283E-03  3.72553963502110E-01
 1.300E-03  3.82172700331016E-01
 1.318E-03  3.92034345918381E-01
 1.336E-03  4.02144815561769E-01
 1.354E-03  4.12510159742171E-01
 1.373E-03  4.23136566850385E-01
 1.391E-03  4.34030365953015E-01
 1.410E-03  4.45198029598034E-01
 1.430E-03  4.56646176659670E-01
 1.449E-03  4.68381575222401E-01
 1.469E-03  4.80411145503824E-01
 1.489E-03  4.92741962816071E-01
 1.509E-03  5.05381260565372E-01
 1.530E-03  5.18336433289392E-01
 1.551E-03  5.31615039731785E-01
 1.572E-03  5.45224805953495E-01
 1.593E-03  5.59173628480162E-01
 1.615E-03  5.73469577484919E-01
 1.637E-03  5.88120900005889E-01
 1.660E-03  6.03136023197528E-01
 1.682E-03  6.18523557614918E-01
 1.705E-03  6.34292300530052E-01
 1.729E-03  6.50451239278980E-01
 1.752E-03  6.67009554638744E-01
 1.776E-03  6.83976624232837E-01
 1.800E-03  7.01362025963756E-01
 1.825E-03  7.19175541471340E-01
 1.850E-03  7.37427159615265E-01
 1.875E-03  7.56127079980049E-01
 1.901E-03  7.75285716400806E-01
 1.927E-03  7.94913700507872E-01
 1.953E-03  8.15021885288276E-01
 1.980E-03  8.35621348661907E-01
 2.007E-03  8.56723397070163E-01
 2.034E-03  8.78339569074592E-01
 2.062E-03  9.00481638963026E-01
 2.090E-03  9.23161620360518E-01
 2.118E-03  9.46391769842165E-01
 2.147E-03  9.70184590544867E-01
 2.177E-03  9.94552835774798E-01
 2.206E-03  1.01950951260727E+00
 2.236E-03  1.04506788547539E+00
 2.267E-03  1.07124147974399E+00
 2.298E-03  1.09804408526453E+00
 2.329E-03  1.12548975990736E+00
 2.361E-03  1.15359283306666E+00
 2.393E-03  1.18236790913371E+00
 2.426E-03  1.21182987093375E+00
 2.459E-03  1.24199388312134E+00
 2.493E-03  1.27287539552924E+00
 2.527E-03  1.30449014646520E+00
 2.561E-03  1.33685416595100E+00
 2.596E-03  1.36998377889799E+00
 2.632E-03  1.40389560821265E+00
 2.668E-03  1.43860657782594E+00
 2.704E-03  1.47413391563960E+00
 2.741E-03  1.51049515638232E+00
 2.778E-03  1.54770814436865E+00
 2.816E-03  1.58579103615282E+00
 2.855E-03  1.62476230306964E+00
 2.894E-03  1.66464073365424E+00
 2.933E-03  1.70544543593205E+00
 2.973E-03  1.74719583957018E+00
 3.014E-03  1.78991169788076E+00
 3.055E-03  1.83361308966694E+00
 3.097E-03  1.87832042090138E+00
 3.139E-03  1.92405442622692E+00
 3.182E-03  1.97083617026891E+00
 3.225E-03  2.01868704874784E+00
 3.269E-03  2.06762878938112E+00
 3.314E-03  2.11768345256196E+00
 3.359E-03  2.16887343180302E+00
 3.405E-03  2.22122145393246E+00
 3.452E-03  2.27475057902894E+00
 3.499E-03  2.32948420008217E+00
 3.546E-03  2.38544604236534E+00
 3.595E-03  2.44266016250453E+00
 3.644E-03  2.50115094723068E+00
 3.694E-03  2.56094311179868E+00
 3.744E-03  2.62206169805784E+00
 3.795E-03  2.68453207215756E+00
 3.847E-03  2.74837992187162E+00
 3.900E-03  2.81363125352374E+00
 3.953E-03  2.88031238849724E+00
 4.007E-03  2.94844995931021E+00
 4.061E-03  3.01807090523817E+00
 4.117E-03  3.08920246746471E+00
 4.173E-03  3.16187218374104E+00
 4.230E-03  3.23610788253451E+00
 4.288E-03  3.31193767664515E+00
 4.346E-03  3.38938995626997E+00
 4.406E-03  3.46849338149334E+00
 4.466E-03  3.54927687418169E+00
 4.527E-03  3.63176960926031E+00
 4.589E-03  3.71600100534952E+00
 4.651E-03  3.80200071473710E+00
 4.715E-03  3.88979861266324E+00
 4.779E-03  3.97942478589449E+00
 4.844E-03  4.07090952056184E+00
 4.911E-03  4.16428328923835E+00
 4.978E-03  4.25957673723136E+00
 5.046E-03  4.35682066806371E+00
 5.114E-03  4.45604602811812E+00
 5.184E-03  4.55728389041875E+00
 5.255E-03  4.66056543752363E+00
 5.327E-03  4.76592194350106E+00
 5.400E-03  4.87338475496365E+00
 5.473E-03  4.98298527113266E+00
 5.548E-03  5.09475492290542E+00
 5.624E-03  5.20872515089897E+00
 5.700E-03  5.32492738244235E+00
 5.778E-03  5.44339300749009E+00
 5.857E-03  5.56415335343000E+00
 5.937E-03  5.68723965875765E+00
 6.018E-03  5.81268304559067E+00
 6.100E-03  5.94051449099589E+00
 6.184E-03  6.07076479710291E+00
 6.268E-03  6.20346455997739E+00
 6.354E-03  6.33864413722857E+00
 6.440E-03  6.47633361432543E+00
 6.528E-03  6.61656276959634E+00
 6.617E-03  6.75936103788848E+00
 6.708E-03  6.90475747286306E+00
 6.799E-03  7.05278070790369E+00
 6.892E-03  7.20345891561634E+00
 6.986E-03  7.35681976589962E+00
 7.082E-03  7.51289038256623E+00
 7.178E-03  7.67169729849671E+00
 7.276E-03  7.83326640930856E+00
 7.376E-03  7.99762292552522E+00
 7.476E-03  8.16479132323050E+00
 7.578E-03  8.33479529319646E+00
 7.682E-03  8.50765768847451E+00
 7.787E-03  8.68340047044070E+00
 7.893E-03  8.86204465328951E+00
 8.001E-03  9.04361024697223E+00
 8.110E-03  9.22811619857792E+00
 8.221E-03  9.41558033215899E+00
 8.333E-03  9.60601928700487E+00
 8.447E-03  9.79944845437119E+00
 8.562E-03  9.99588191267457E+00
 8.679E-03  1.01953323611666E+01
 8.798E-03  1.03978110521046E+01
 8.918E-03  1.06033277214399E+01
 9.039E-03  1.08118905180487E+01
 9.163E-03  1.10235059315348E+01
 9.288E-03  1.12381787186375E+01
 9.415E-03  1.14559118282840E+01
 9.543E-03  1.16767063253279E+01
 9.674E-03  1.19005613130234E+01
 9.806E-03  1.21274738542880E+01
 9.940E-03  1.23574388918130E+01
 1.008E-02  1.25904491670873E+01
 1.021E-02  1.28264951384041E+01
 1.035E-02  1.30655648979296E+01
 1.049E-02  1.33076440879166E+01
 1.064E-02  1.35527158161525E+01
 1.078E-02  1.38007605707420E+01
 1.093E-02  1.40517561343266E+01
 1.108E-02  1.43056774978549E+01
 1.123E-02  1.45624967740242E+01
 1.138E-02  1.48221831105192E+01
 1.154E-02  1.50847026031878E+01
 1.170E-02  1.53500182092946E+01
 1.186E-02  1.56180896610096E+01
 1.202E-02  1.58888733792916E+01
 1.218E-02  1.61623223883385E+01
 1.235E-02  1.64383862307860E+01
 1.252E-02  1.67170108838438E+01
 1.269E-02  1.69981386765691E+01
 1.286E-02  1.72817082084882E+01
 1.304E-02  1.75676542697832E+01
 1.321E-02  1.78559077632759E+01
 1.339E-02  1.81463956284462E+01
 1.358E-02  1.84390407677363E+01
 1.376E-02  1.87337619753993E+01
 1.395E-02  1.90304738691637E+01
 1.414E-02  1.93290868249926E+01
 1.433E-02  1.96295069152305E+01
 1.453E-02  1.99316358504354E+01
 1.473E-02  2.02353709252101E+01
 1.493E-02  2.05406049683510E+01
 1.513E-02  2.08472262976460E+01
 1.534E-02  2.11551186796613E+01
 1.555E-02  2.14641612948652E+01
 1.576E-02  2.17742287084473E+01
 1.598E-02  2.20851908472011E+01
 1.619E-02  2.23969129828409E+01
 1.642E-02  2.27092557221387E+01
 1.664E-02  2.30220750042683E+01
 1.687E-02  2.33352221057524E+01
 1.710E-02  2.36485436534153E+01
 1.733E-02  2.39618816457454E+01
 1.757E-02  2.42750734830809E+01
 1.781E-02  2.45879520070311E+01
 1.805E-02  2.49003455495499E+01
 1.830E-02  2.52120779920808E+01
 1.855E-02  2.55229688351905E+01
 1.880E-02  2.58328332791089E+01
 1.906E-02  2.61414823155914E+01
 1.932E-02  2.64487228315144E+01
 1.958E-02  2.67543577246123E+01
 1.985E-02  2.70581860317549E+01
 2.012E-02  2.73600030701599E+01
 2.039E-02  2.76596005919209E+01
 2.067E-02  2.79567669522241E+01
 2.095E-02  2.82512872916103E+01
 2.124E-02  2.85429437326260E+01
 2.153E-02  2.88315155911874E+01
 2.182E-02  2.91167796029636E+01
 2.212E-02  2.93985101650625E+01
 2.242E-02  2.96764795932794E+01
 2.273E-02  2.99504583951412E+01
 2.304E-02  3.02202155589508E+01
 2.335E-02  3.04855188590037E+01
 2.367E-02  3.07461351771166E+01
 2.400E-02  3.10018308405689E+01
 2.432E-02  3.12523719765206E+01
 2.466E-02  3.14975248829257E+01
 2.499E-02  3.17370564159166E+01
 2.533E-02  3.19707343935872E+01
 2.568E-02  3.21983280160502E+01
 2.603E-02  3.24196083015911E+01
 2.639E-02  3.26343485386862E+01
 2.675E-02  3.28423247535892E+01
 2.711E-02  3.30433161931320E+01
 2.748E-02  3.32371058223166E+01
 2.786E-02  3.34234808362118E+01
 2.824E-02  3.36022331855912E+01
 2.862E-02  3.37731601156818E+01
 2.901E-02  3.39360647173120E+01
 2.941E-02  3.40907564896725E+01
 2.981E-02  3.42370519138204E+01
 3.022E-02  3.43747750359758E+01
 3.063E-02  3.45037580595740E+01
 3.105E-02  3.46238419449511E+01
 3.147E-02  3.47348770154517E+01
 3.190E-02  3.48367235686574E+01
 3.234E-02  3.49292524913462E+01
 3.278E-02  3.50123458766998E+01
 3.323E-02  3.50858976421844E+01
 3.368E-02  3.51498141464396E+01
 3.414E-02  3.52040148034182E+01
 3.461E-02  3.52484326919279E+01
 3.508E-02  3.52830151586369E+01
 3.556E-02  3.53077244125178E+01
 3.604E-02  3.53225381086163E+01
 3.654E-02  3.53274499189488E+01
 3.703E-02  3.53224700882518E+01
 3.754E-02  3.53076259722285E+01
 3.805E-02  3.52829625558646E+01
 3.857E-02  3.52485429493196E+01
 3.910E-02  3.52044488588316E+01
 3.963E-02  3.51507810300220E+01
 4.017E-02  3.50876596609312E+01
 4.072E-02  3.50152247820773E+01
 4.128E-02  3.49336366007896E+01
 4.184E-02  3.48430758070454E+01
 4.241E-02  3.47437438380188E+01
 4.299E-02  3.46358630985430E+01
 4.358E-02  3.45196771346883E+01
 4.417E-02  3.43954507576753E+01
 4.478E-02  3.42634701153636E+01
 4.539E-02  3.41240427085990E+01
 4.601E-02  3.39774973497493E+01
 4.664E-02  3.38241840608264E+01
 4.727E-02  3.36644739086693E+01
 4.792E-02  3.34987587747588E+01
 4.857E-02  3.33274510573401E+01
 4.924E-02  3.31509833036593E+01
 4.991E-02  3.29698077702547E+01
 5.059E-02  3.27843959094066E+01
 5.128E-02  3.25952377800182E+01
 5.198E-02  3.24028413813964E+01
 5.269E-02  3.22077319086026E+01
 5.341E-02  3.20104509282752E+01
 5.414E-02  3.18115554740613E+01
 5.488E-02  3.16116170610582E+01
 5.563E-02  3.14112206189379E+01
 5.639E-02  3.12109633437197E+01
 5.716E-02  3.10114534684656E+01
 5.794E-02  3.08133089534916E+01
 5.873E-02  3.06171560970296E+01
 5.953E-02  3.04236280676216E+01
 6.034E-02  3.02333633598969E+01
 6.116E-02  3.00470041757517E+01
 6.200E-02  2.98651947333445E+01
 6.285E-02  2.96885795067114E+01
 6.370E-02  2.95178013992121E+01
 6.457E-02  2.93534998544269E+01
 6.546E-02  2.91963089085413E+01
 6.635E-02  2.90468551886737E+01
 6.725E-02  2.89057558620205E+01
 6.817E-02  2.87736165411154E+01
 6.910E-02  2.86510291509137E+01
 7.005E-02  2.85385697638261E+01
 7.100E-02  2.84367964092335E+01
 7.197E-02  2.83462468644060E+01
 7.296E-02  2.82674364341391E+01
 7.395E-02  2.82008557267870E+01
 7.496E-02  2.81469684347272E+01
 7.598E-02  2.81062091276276E+01
 7.702E-02  2.80789810671990E+01
 7.807E-02  2.80656540524050E+01
 7.914E-02  2.80665623043661E+01
 8.022E-02  2.80820024004259E+01
 8.132E-02  2.81122312670511E+01
 8.243E-02  2.81574642414035E+01
 8.355E-02  2.82178732115549E+01
 8.469E-02  2.82935848454047E+01
 8.585E-02  2.83846789184151E+01
 8.702E-02  2.84911867502836E+01
 8.821E-02  2.86130897606330E+01
 8.941E-02  2.87503181537170E+01
 9.063E-02  2.89027497420017E+01
 9.187E-02  2.90702089182966E+01
 9.312E-02  2.92524657858731E+01
 9.440E-02  2.94492354557126E+01
 9.568E-02  2.96601775196814E+01
 9.699E-02  2.98848957080260E+01
 9.831E-02  3.01229377391231E+01
 9.966E-02  3.03737953689041E+01
 1.010E-01  3.06369046468010E+01
 1.024E-01  3.09116463844335E+01
 1.038E-01  3.11973468425734E+01
 1.052E-01  3.14932786411852E+01
 1.066E-01  3.17986618965497E+01
 1.081E-01  3.21126655886363E+01
 1.096E-01  3.24344091609971E+01
 1.111E-01  3.27629643545188E+01
 1.126E-01  3.30973572753817E+01
 1.141E-01  3.34365706965564E+01
 1.157E-01  3.37795465911015E+01
 1.173E-01  3.41251888944352E+01
 1.189E-01  3.44723664916236E+01
 1.205E-01  3.48199164245830E+01
 1.221E-01  3.51666473129187E+01
 1.238E-01  3.55113429809400E+01
 1.255E-01  3.58527662821941E+01
 1.272E-01  3.61896631116616E+01
 1.289E-01  3.65207665945598E+01
 1.307E-01  3.68448014395078E+01
 1.325E-01  3.71604884426333E+01
 1.343E-01  3.74665491280449E+01
 1.361E-01  3.77617105089652E+01
 1.380E-01  3.80447099527275E+01
 1.399E-01  3.83143001317834E+01
 1.418E-01  3.85692540418660E+01
 1.437E-01  3.88083700674986E+01
 1.457E-01  3.90304770741529E+01
 1.477E-01  3.92344395055373E+01
 1.497E-01  3.94191624637496E+01
 1.517E-01  3.95835967493636E+01
 1.538E-01  3.97267438379450E+01
 1.559E-01  3.98476607690062E+01
 1.580E-01  3.99454649230338E+01
 1.602E-01  4.00193386619423E+01
 1.624E-01  4.00685338081534E+01
 1.646E-01  4.00923759374495E+01
 1.668E-01  4.00902684608348E+01
 1.691E-01  4.00616964708421E+01
 1.714E-01  4.00062303280638E+01
 1.738E-01  3.99235289641598E+01
 1.761E-01  3.98133428782124E+01
 1.785E-01  3.96755168040527E+01
 1.810E-01  3.95099920270873E+01
 1.834E-01  3.93168083301999E+01
 1.860E-01  3.90961055495018E+01
 1.885E-01  3.88481247220443E+01
 1.911E-01  3.85732088090995E+01
 1.937E-01  3.82718029802523E+01
 1.963E-01  3.79444544453261E+01
 1.990E-01  3.75918118230846E+01
 2.017E-01  3.72146240377121E+01
 2.045E-01  3.68137387362603E+01
 2.073E-01  3.63901002225651E+01
 2.101E-01  3.59447469055647E+01
 2.130E-01  3.54788082624919E+01
 2.159E-01  3.49935013200479E+01
 2.188E-01  3.44901266593897E+01
 2.218E-01  3.39700639535603E+01
 2.248E-01  3.34347670488462E+01
 2.279E-01  3.28857586044508E+01
 2.310E-01  3.23246243077940E+01
 2.342E-01  3.17530066856895E+01
 2.374E-01  3.11725985345693E+01
 2.406E-01  3.05851359958199E+01
 2.439E-01  2.99923913051264E+01
 2.472E-01  2.93961652474788E+01
 2.506E-01  2.87982793521476E+01
 2.540E-01  2.82005678644604E+01
 2.575E-01  2.76048695335808E+01
 2.610E-01  2.70130192576838E+01
 2.646E-01  2.64268396299026E+01
 2.682E-01  2.58481324301790E+01
 2.718E-01  2.52786701096400E+01
 2.755E-01  2.47201873153432E+01
 2.793E-01  2.41743725041426E+01
 2.831E-01  2.36428596950140E+01
 2.870E-01  2.31272204094282E+01
 2.909E-01  2.26289558492452E+01
 2.949E-01  2.21494893611249E+01
 2.989E-01  2.16901592355877E+01
 3.030E-01  2.12522118876199E+01
 3.071E-01  2.08367954640928E+01
 3.113E-01  2.04449539212603E+01
 3.156E-01  2.00776216132299E+01
 3.199E-01  1.97356184295693E+01
 3.242E-01  1.94196455171476E+01
 3.287E-01  1.91302816179209E+01
 3.331E-01  1.88679800506999E+01
 3.377E-01  1.86330663609986E+01
 3.423E-01  1.84257366588934E+01
 3.470E-01  1.82460566604545E+01
 3.517E-01  1.80939614437813E+01
 3.565E-01  1.79692559260122E+01
 3.614E-01  1.78716160629230E+01
 3.663E-01  1.78005907679132E+01
 3.713E-01  1.77556045423379E+01
 3.764E-01  1.77359608043054E+01
 3.815E-01  1.77408458982642E+01
 3.867E-01  1.77693337629774E+01
 3.920E-01  1.78203912308589E+01
 3.974E-01  1.78928839271587E+01
 4.028E-01  1.79855827331672E+01
 4.083E-01  1.80971707734926E+01
 4.139E-01  1.82262508835872E+01
 4.195E-01  1.83713535100960E+01
 4.252E-01  1.85309449933055E+01
 4.311E-01  1.87034361780203E+01
 4.369E-01  1.88871912966276E+01
 4.429E-01  1.90805370659547E+01
 4.489E-01  1.92817719378108E+01
 4.551E-01  1.94891754418732E+01
 4.613E-01  1.97010175588313E+01
 4.676E-01  1.99155680614806E+01
 4.740E-01  2.01311057617588E+01
 4.804E-01  2.03459276025567E+01
 4.870E-01  2.05583575345069E+01
 4.936E-01  2.07667551198600E+01
 5.004E-01  2.09695238079700E+01
 5.072E-01  2.11651188298248E+01
 5.141E-01  2.13520546624347E+01
 5.212E-01  2.15289120177000E+01
 5.283E-01  2.16943443145826E+01
 5.355E-01  2.18470835979543E+01
 5.428E-01  2.19859458723386E+01
 5.502E-01  2.21098358238533E+01
 5.577E-01  2.22177509089325E+01
 5.653E-01  2.23087847938083E+01
 5.731E-01  2.23821301341969E+01
 5.809E-01  2.24370806901092E+01
 5.888E-01  2.24730327761215E+01
 5.969E-01  2.24894860527504E+01
 6.050E-01  2.24860436697158E+01
 6.133E-01  2.24624117767932E+01
 6.216E-01  2.24183984226117E+01
 6.301E-01  2.23539118660915E+01
 6.387E-01  2.22689583292070E+01
 6.474E-01  2.21636392233696E+01
 6.563E-01  2.20381478849202E+01
 6.652E-01  2.18927658579914E+01
 6.743E-01  2.17278587653201E+01
 6.835E-01  2.15438718094592E+01
 6.929E-01  2.13413249482493E+01
 7.023E-01  2.11208077893693E+01
 7.119E-01  2.08829742492988E+01
 7.216E-01  2.06285370221060E+01
 7.315E-01  2.03582619031482E+01
 7.415E-01  2.00729620120476E+01
 7.516E-01  1.97734919582244E+01
 7.618E-01  1.94607419908467E+01
 7.723E-01  1.91356321733357E+01
 7.828E-01  1.87991066205695E+01
 7.935E-01  1.84521278346988E+01
 8.043E-01  1.80956711730588E+01
 8.153E-01  1.77307194790635E+01
 8.264E-01  1.73582579042431E+01
 8.377E-01  1.69792689467630E+01
 8.491E-01  1.65947277288746E+01
 8.607E-01  1.62055975328346E+01
 8.725E-01  1.58128256119053E+01
 8.844E-01  1.54173392901596E+01
 8.965E-01  1.50200423619689E+01
 9.087E-01  1.46218117992865E+01
 9.211E-01  1.42234947721639E+01
 9.337E-01  1.38259059853807E+01
 9.464E-01  1.34298253316338E+01
 9.594E-01  1.30359958594454E+01
 9.725E-01  1.26451220518087E+01
 9.857E-01  1.22578684096165E+01
 9.992E-01  1.18748583321058E+01
 1.013E+00  1.14966732849125E+01
 1.027E+00  1.11238522448669E+01
 1.041E+00  1.07568914093638E+01
 1.055E+00  1.03962441570258E+01
 1.069E+00  1.00423212454234E+01
 1.084E+00  9.69549123083451E+00
 1.099E+00  9.35608109439989E+00
 1.114E+00  9.02437705856360E+00
 1.129E+00  8.70062557736579E+00
 1.144E+00  8.38503448397634E+00
 1.160E+00  8.07777427880987E+00
 1.176E+00  7.77897954164031E+00
 1.192E+00  7.48875045132565E+00
 1.208E+00  7.20715439705294E+00
 1.225E+00  6.93422766541006E+00
 1.241E+00  6.66997718807602E+00
 1.258E+00  6.41438233548457E+00
 1.275E+00  6.16739674245016E+00
 1.293E+00  5.92895015243838E+00
 1.310E+00  5.69895026790952E+00
 1.328E+00  5.47728459495156E+00
 1.347E+00  5.26382227124252E+00
 1.365E+00  5.05841586723042E+00
 1.384E+00  4.86090315128655E+00
 1.402E+00  4.67110881046531E+00
 1.422E+00  4.48884611938461E+00
 1.441E+00  4.31391855061809E+00
 1.461E+00  4.14612132085774E+00
 1.481E+00  3.98524286795635E+00
 1.501E+00  3.83106625478859E+00
 1.521E+00  3.68337049667248E+00
 1.542E+00  3.54193180986372E+00
 1.563E+00  3.40652477937170E+00
 1.584E+00  3.27692344504236E+00
 1.606E+00  3.15290230550800E+00
 1.628E+00  3.03423724021406E+00
 1.650E+00  2.92070635029630E+00
 1.673E+00  2.81209071959718E+00
 1.696E+00  2.70817509757641E+00
 1.719E+00  2.60874850628700E+00
 1.742E+00  2.51360477395543E+00
 1.766E+00  2.42254299802207E+00
 1.790E+00  2.33536794076749E+00
 1.815E+00  2.25189036087272E+00
 1.839E+00  2.17192728443825E+00
 1.864E+00  2.09530221912000E+00
 1.890E+00  2.02184531513250E+00
 1.916E+00  1.95139347692244E+00
 1.942E+00  1.88379042933286E+00
 1.968E+00  1.81888674206150E+00
 1.995E+00  1.75653981616993E+00
 2.022E+00  1.69661383632551E+00
 2.050E+00  1.63897969235931E+00
 2.078E+00  1.58351487360294E+00
 2.106E+00  1.53010333932850E+00
 2.135E+00  1.47863536846194E+00
 2.164E+00  1.42900739157377E+00
 2.194E+00  1.38112180797477E+00
 2.224E+00  1.33488679056116E+00
 2.254E+00  1.29021608086580E+00
 2.285E+00  1.24702877658186E+00
 2.316E+00  1.20524911363495E+00
 2.348E+00  1.16480624469123E+00
 2.380E+00  1.12563401580374E+00
 2.412E+00  1.08767074271908E+00
 2.445E+00  1.05085898819299E+00
 2.479E+00  1.01514534149686E+00
 2.513E+00  9.80480201139655E-01
 2.547E+00  9.46817561680867E-01
 2.582E+00  9.14114805371530E-01
 2.617E+00  8.82332499231640E-01
 2.653E+00  8.51434198054171E-01
 2.689E+00  8.21386253718385E-01
 2.725E+00  7.92157631098111E-01
 2.763E+00  7.63719730764083E-01
 2.800E+00  7.36046218603022E-01
 2.839E+00  7.09112862409484E-01
 2.877E+00  6.82897375449301E-01
 2.917E+00  6.57379266945024E-01
 2.956E+00  6.32539699393755E-01
 2.997E+00  6.08361352595400E-01
 3.038E+00  5.84828294244151E-01
 3.079E+00  5.61925856917139E-01
 3.121E+00  5.39640521281188E-01
 3.164E+00  5.17959805330584E-01
 3.207E+00  4.96872159465254E-01
 3.251E+00  4.76366867218995E-01
 3.295E+00  4.56433951450735E-01
 3.340E+00  4.37064085817801E-01
 3.386E+00  4.18248511358035E-01
 3.432E+00  3.99978958016992E-01
 3.479E+00  3.82247570966730E-01
 3.526E+00  3.65046841573556E-01
 3.575E+00  3.48369542882940E-01
 3.623E+00  3.32208669500504E-01
 3.673E+00  3.16557381757969E-01
 3.723E+00  3.01408954062191E-01
 3.774E+00  2.86756727333500E-01
 3.825E+00  2.72594065446406E-01
 3.878E+00  2.58914315591209E-01
 3.930E+00  2.45710772479011E-01
 3.984E+00  2.32976646315058E-01
 4.039E+00  2.20705034466210E-01
 4.094E+00  2.08888896747681E-01
 4.150E+00  1.97521034252015E-01
 4.206E+00  1.86594071639721E-01
 4.264E+00  1.76100442806108E-01
 4.322E+00  1.66032379832820E-01
 4.381E+00  1.56381905125518E-01
 4.441E+00  1.47140826631213E-01
 4.501E+00  1.38300736020169E-01
 4.563E+00  1.29853009708157E-01
 4.625E+00  1.21788812585501E-01
 4.688E+00  1.14099104309798E-01
 4.752E+00  1.06774648009835E-01
 4.817E+00  9.98060212391093E-02
 4.883E+00  9.31836290087234E-02
 4.950E+00  8.68977187214845E-02
 5.017E+00  8.09383968218960E-02
 5.086E+00  7.52956469706021E-02
 5.155E+00  6.99593495468332E-02
 5.225E+00  6.49193022786399E-02
 5.297E+00  6.01652417982993E-02
 5.369E+00  5.56868659193010E-02
 5.442E+00  5.14738564318379E-02
 5.517E+00  4.75159022157745E-02
 5.592E+00  4.38027224736483E-02
 5.668E+00  4.03240898913753E-02
 5.746E+00  3.70698535409455E-02
 5.824E+00  3.40299613474405E-02
 5.904E+00  3.11944819521188E-02
 5.984E+00  2.85536258139973E-02
 6.066E+00  2.60977654041805E-02
 6.149E+00  2.38174543600432E-02
 6.233E+00  2.17034454800860E-02
 6.318E+00  1.97467074547252E-02
 6.404E+00  1.79384402432599E-02
 6.491E+00  1.62700890226253E-02
 6.580E+00  1.47333566491058E-02
 6.670E+00  1.33202145897715E-02
 6.761E+00  1.20229122958446E-02
 6.853E+00  1.08339850053304E-02
 6.947E+00  9.74625997689338E-03
 7.042E+00  8.75286117097444E-03
 7.138E+00  7.84721240740053E-03
 7.235E+00  7.02303904108970E-03
 7.334E+00  6.27436820881130E-03
 7.434E+00  5.59552771021989E-03
 7.536E+00  4.98114359547291E-03
 7.639E+00  4.42613653960971E-03
 7.743E+00  3.92571709047687E-03
 7.849E+00  3.47537988231426E-03
 7.956E+00  3.07089691116947E-03
 8.064E+00  2.70830997110092E-03
 8.174E+00  2.38392235170060E-03
 8.286E+00  2.09428989786383E-03
 8.399E+00  1.83621153202089E-03
 8.514E+00  1.60671933729952E-03
 8.630E+00  1.40306829739486E-03
 8.748E+00  1.22272578537887E-03
 8.867E+00  1.06336088938587E-03
 8.988E+00  9.22833658170065E-04
 9.111E+00  7.99184344052383E-04
 9.235E+00  6.90622714865490E-04
 9.362E+00  5.95517500274724E-04
 9.489E+00  5.12386031402832E-04
 9.619E+00  4.39884126116685E-04
 9.750E+00  3.76796265738400E-04
 9.883E+00  3.22026102407974E-04
 1.002E+01  2.74587329928468E-04
 1.016E+01  2.33594944738059E-04
 1.029E+01  1.98256917737434E-04
 1.043E+01  1.67866292107359E-04
 1.058E+01  1.41793717022892E-04
 1.072E+01  1.19480422340743E-04
 1.087E+01  1.00431634928771E-04
 1.102E+01  8.42104333374297E-05
 1.117E+01  7.04320339895313E-05
 1.132E+01  5.87584989873100E-05
 1.147E+01  4.88938529977954E-05
 1.163E+01  4.05795944664722E-05
 1.179E+01  3.35905846076197E-05
 1.195E+01  2.77312962057040E-05
 1.211E+01  2.28324032104229E-05
 1.228E+01  1.87476913905440E-05
 1.245E+01  1.53512698987334E-05
 1.262E+01  1.25350634601010E-05
 1.279E+01  1.02065649998092E-05
 1.296E+01  8.28682883841493E-06
 1.314E+01  6.70868507691466E-06
 1.332E+01  5.41515643713522E-06
 1.350E+01  4.35805958898461E-06
 1.368E+01  3.49677385775337E-06
 1.387E+01  2.79716113776569E-06
 1.406E+01  2.23062182098667E-06
 1.425E+01  1.77327256074132E-06
 1.445E+01  1.40523271382937E-06
 1.464E+01  1.11000732369118E-06
 1.484E+01  8.73955509787297E-07
 1.505E+01  6.85834103047144E-07
 1.525E+01  5.36407305234956E-07
 1.546E+01  4.18114044354915E-07
 1.567E+01  3.24785543847852E-07
 1.589E+01  2.51407795700937E-07
 1.610E+01  1.93928994328760E-07
 1.632E+01  1.49063381657137E-07
 1.655E+01  1.14167589383847E-07
 1.677E+01  8.71239269323704E-08
 1.700E+01  6.62420255629280E-08
 1.723E+01  5.01775907027364E-08
 1.747E+01  3.78655453000067E-08
 1.771E+01  2.84652293352900E-08
 1.795E+01  2.13156581475020E-08
 1.819E+01  1.58991385247015E-08
 1.844E+01  1.18118002936825E-08
 1.869E+01  8.73982601883025E-09
 1.895E+01  6.44035584622258E-09
 1.921E+01  4.72621178194760E-09
 1.947E+01  3.45372885003824E-09
 1.974E+01  2.51310249311745E-09
 2.000E+01  1.82076488863945E-09
 2.028E+01  1.31338995657429E-09
 2.055E+01  9.43199903986958E-10
 2.084E+01  6.74307140299605E-10
 2.112E+01  4.79876044191526E-10
 2.141E+01  3.39930908929758E-10
 2.170E+01  2.39670790445194E-10
 2.200E+01  1.68180112315270E-10
 2.230E+01  1.17446767248715E-10
 2.260E+01  8.16179766553824E-11
 2.291E+01  5.64390819060083E-11
 2.322E+01  3.88323832083197E-11
 2.354E+01  2.65826552129471E-11
 2.386E+01  1.81035059933600E-11
 2.419E+01  1.22646859253705E-11
 2.452E+01  8.26510832685673E-12
 2.485E+01  5.53997221464236E-12
 2.519E+01  3.69318996838130E-12
 2.554E+01  2.44849036453648E-12
 2.588E+01  1.61422870209279E-12
 2.624E+01  1.05820160629537E-12
 2.660E+01  6.89723095501714E-13
 2.696E+01  4.46940771934610E-13
 2.733E+01  2.87911769858954E-13
 2.770E+01  1.84360557210191E-13
 2.808E+01  1.17338405492499E-13
 2.846E+01  7.42232337677197E-14
 2.885E+01  4.66584737846346E-14
 2.924E+01  2.91457409799833E-14
 2.964E+01  1.80898943039849E-14
 3.005E+01  1.11551455441207E-14
 3.046E+01  6.83367219647978E-15
 3.087E+01  4.15847037671874E-15
 3.130E+01  2.51347166759648E-15
 3.172E+01  1.50881186387795E-15
 3.216E+01  8.99448191670655E-16
 3.259E+01  5.32421859342544E-16
 3.304E+01  3.12919332869594E-16
 3.349E+01  1.82584230585470E-16
 3.395E+01  1.05756109757393E-16
 3.441E+01  6.08016535424144E-17
 3.488E+01  3.46935572160528E-17
 3.536E+01  1.96454047654668E-17
 3.584E+01  1.10384074020507E-17
 3.633E+01  6.15373942334639E-18
 3.683E+01  3.40339503380752E-18
 3.733E+01  1.86714860867470E-18
 3.784E+01  1.01599301123102E-18
 3.835E+01  5.48276024919640E-19
 3.888E+01  2.93396693048137E-19
 3.941E+01  1.55671334571173E-19
 3.995E+01  8.18858621309290E-20
 4.049E+01  4.26977236168983E-20
 4.104E+01  2.20670363311671E-20
 4.161E+01  1.13024879614196E-20
 4.217E+01  5.73642595364478E-21
 4.275E+01  2.88464141282068E-21
 4.333E+01  1.43704528436941E-21
 4.392E+01  7.09122962332986E-22
 4.452E+01  3.46568203777442E-22
 4.513E+01  1.67731537179570E-22
 4.575E+01  8.03788159216060E-23
 4.637E+01  3.81338452048013E-23
 4.701E+01  1.79086239538035E-23
 4.765E+01  8.32408055497082E-24
 4.830E+01  3.82888257801404E-24
 4.896E+01  1.74264382315801E-24
 4.963E+01  7.84663746293741E-25
 5.030E+01  3.49497185421699E-25
 5.099E+01  1.53970127434376E-25
 5.169E+01  6.70857580854690E-26
 5.239E+01  2.89094366374391E-26
 5.311E+01  1.23251295709376E-26
 5.383E+01  5.20343995818516E-27
 5.457E+01  2.18085723327509E-27
 5.531E+01  9.13244370564450E-28
 5.607E+01  0.00000000000000E+00
 5.683E+01  0.00000000000000E+00
 5.761E+01  0.00000000000000E+00
 5.839E+01  0.00000000000000E+00
 5.919E+01  0.00000000000000E+00
 6.000E+01  0.00000000000000E+00
