./ilogA is logfile.
./chgdenBa calculation starts
rmin,rmax=  1.79E-08  2.67E+01
  12752.25273168  -7197.10185700      0.30000000    1
    856.44597883  -7690.69293569      0.30000000    1
    533.04810294  -7936.97466448      0.30000000    1
    324.23753997  -8049.07693494      0.30000000    1
    192.72233847  -8095.16270264      0.30000000    1
    112.27194589  -8112.24838649      0.30000000    1
     64.54882837  -8118.04273320      0.30000000    1
     37.01440113  -8119.91120077      0.30000000    1
     21.42240787  -8120.51741333      0.30000000    1
     12.63365561  -8120.72455825      0.30000000    1
      7.63044534  -8120.80034897      0.30000000    1
      4.72327270  -8120.82991710      0.30000000    1
      2.98930028  -8120.84204915      0.30000000    1
      1.92644985  -8120.84719530      0.30000000    1
      1.25854555  -8120.84941897      0.30000000    1
      0.83019740  -8120.85038917      0.30000000    1
      0.55124923  -8120.85081514      0.30000000    1
      0.36761822  -8120.85100329      0.30000000    1
      0.24584638  -8120.85108698      0.30000000    1
      0.16470664  -8120.85112452      0.30000000    1
      0.11047412  -8120.85114151      0.30000000    1
      0.07415502  -8120.85114927      0.30000000    1
      0.04980230  -8120.85115285      0.30000000    1
      0.03346025  -8120.85115451      0.30000000    1
      0.02248789  -8120.85115530      0.30000000    1
      0.01511790  -8120.85115567      0.30000000    1
      0.01016598  -8120.85115584      0.30000000    1
      0.00683780  -8120.85115593      0.30000000    1
      0.00460030  -8120.85115597      0.30000000    1
      0.00309566  -8120.85115599      0.30000000    1
      0.00208355  -8120.85115600      0.30000000    1
      0.00140259  -8120.85115600      0.30000000    1
      0.00094430  -8120.85115600      0.30000000    1
      0.00063581  -8120.85115601      0.30000000    1
      0.00042811  -8120.85115601      0.30000000    1
      0.00000000  -8120.85115601      1.00000000    2
      0.00000000  -8120.85115601      1.00000000    3
    1   0 0  -1/2   1    2.0000      -1359.884992
    2   0 0  -1/2   1    2.0000       -215.165371
    2   1 1  -1/2   1    2.0000       -202.939047
    2   1 1  -3/2   1    4.0000       -189.051734
    3   0 0  -1/2   1    2.0000        -45.429518
    3   1 1  -1/2   1    2.0000        -40.251617
    3   1 1  -3/2   1    4.0000        -37.566331
    3   2 2  -3/2   1    4.0000        -28.406606
    3   2 2  -5/2   1    6.0000        -27.831178
    4   0 0  -1/2   1    2.0000         -8.903397
    4   1 1  -1/2   1    2.0000         -7.015261
    4   1 1  -3/2   1    4.0000         -6.450550
    4   2 2  -3/2   1    4.0000         -3.351121
    4   2 2  -5/2   1    6.0000         -3.254818
    5   0 0  -1/2   1    2.0000         -1.238014
    5   1 1  -1/2   1    2.0000         -0.744510
    5   1 1  -3/2   1    4.0000         -0.667198
    6   0 0  -1/2   1    2.0000         -0.122790
 total energy =   -8.12085115600772E+03 -2.20979729146589E+05
