line2: Z,NR,R(1),R(NR) /line3,4,...: R(N),RHO*4*PI*R(N)**2
80.00  2000  1.01365245284744E-10  6.00000000000000E+01
 1.014E-10  4.69771800020440E-11
 1.027E-10  4.80230450062205E-11
 1.042E-10  4.90921943730390E-11
 1.056E-10  6.18895942146262E-11
 1.070E-10  6.32674581216532E-11
 1.085E-10  6.46759977707248E-11
 1.100E-10  6.61158960961471E-11
 1.115E-10  6.75878512478769E-11
 1.130E-10  6.90925769142080E-11
 1.145E-10  7.06308026736358E-11
 1.161E-10  7.22032743472940E-11
 1.177E-10  7.38107543607417E-11
 1.193E-10  7.54540221136086E-11
 1.209E-10  7.71338743574943E-11
 1.226E-10  7.88511255822907E-11
 1.242E-10  8.06066084110795E-11
 1.259E-10  8.24011740038456E-11
 1.276E-10  8.42356924701690E-11
 1.294E-10  8.61110532910915E-11
 1.312E-10  8.80281657504086E-11
 1.329E-10  8.99879593755350E-11
 1.348E-10  9.19913843881821E-11
 1.366E-10  9.40394121650917E-11
 1.385E-10  9.61330357090199E-11
 1.404E-10  9.82732701301954E-11
 1.423E-10  1.00461153138502E-10
 1.442E-10  1.02697745546624E-10
 1.462E-10  1.04984131784389E-10
 1.482E-10  1.07321420424570E-10
 1.502E-10  1.09710744720366E-10
 1.523E-10  1.12153263154890E-10
 1.543E-10  1.14650160002863E-10
 1.564E-10  1.17202645904806E-10
 1.586E-10  1.19811958454049E-10
 1.607E-10  1.22479362796770E-10
 1.629E-10  1.25206152245423E-10
 1.652E-10  1.27993648905812E-10
 1.674E-10  1.30843204318105E-10
 1.697E-10  1.33756200112169E-10
 1.720E-10  1.36734048677447E-10
 1.744E-10  1.39778193847764E-10
 1.767E-10  1.42890111601384E-10
 1.792E-10  1.46071310776651E-10
 1.816E-10  1.49323333803570E-10
 1.841E-10  1.52647757451655E-10
 1.866E-10  1.56046193594435E-10
 1.891E-10  1.59520289990998E-10
 1.917E-10  1.63071731084913E-10
 1.943E-10  1.66702238820937E-10
 1.970E-10  1.70413573479929E-10
 1.997E-10  1.74207534532329E-10
 2.024E-10  1.78085961510643E-10
 2.052E-10  1.82050734901367E-10
 2.080E-10  1.86103777056736E-10
 2.108E-10  1.90247053126799E-10
 2.137E-10  1.94482572012257E-10
 2.166E-10  1.98812387338474E-10
 2.196E-10  2.03238598451184E-10
 2.226E-10  2.07763351434399E-10
 2.256E-10  2.12388840150960E-10
 2.287E-10  2.17117307306213E-10
 2.318E-10  2.21951045535432E-10
 2.350E-10  2.26892398515420E-10
 2.382E-10  2.31943762100843E-10
 2.414E-10  2.37107585485891E-10
 2.447E-10  2.42386372391800E-10
 2.481E-10  2.47782682280775E-10
 2.515E-10  2.53299131596987E-10
 2.549E-10  2.58938395035161E-10
 2.584E-10  2.64703206837421E-10
 2.619E-10  2.70596362119054E-10
 2.655E-10  2.76620718223688E-10
 2.691E-10  2.82779196108700E-10
 2.728E-10  2.89074781761521E-10
 2.765E-10  2.95510527647353E-10
 2.803E-10  3.02089554189213E-10
 2.841E-10  3.08815051280891E-10
 2.880E-10  3.15690279833583E-10
 2.919E-10  3.22718573356993E-10
 2.959E-10  3.29903339575586E-10
 2.999E-10  3.37248062080882E-10
 3.040E-10  3.44756302020459E-10
 3.082E-10  3.52431699824640E-10
 3.124E-10  3.60277976971581E-10
 3.166E-10  3.68298937791628E-10
 3.210E-10  3.76498471311922E-10
 3.253E-10  3.84880553141984E-10
 3.298E-10  3.93449247401348E-10
 3.343E-10  4.02208708690059E-10
 3.389E-10  4.11163184103095E-10
 3.435E-10  4.20317015289570E-10
 3.482E-10  4.29674640557856E-10
 3.529E-10  4.39240597027484E-10
 3.577E-10  4.49019522829015E-10
 3.626E-10  4.59016159352950E-10
 3.676E-10  4.69235353548501E-10
 3.726E-10  4.79682060273773E-10
 3.777E-10  4.90361344698112E-10
 3.828E-10  5.01278384758027E-10
 3.881E-10  5.12438473667723E-10
 3.934E-10  5.23847022485590E-10
 3.987E-10  5.35509562737778E-10
 4.042E-10  5.47431749100154E-10
 4.097E-10  5.59619362140147E-10
 4.153E-10  5.72078311119372E-10
 4.210E-10  5.84814636858832E-10
 4.267E-10  5.97834514667870E-10
 4.325E-10  6.11144257338280E-10
 4.384E-10  6.24750318205144E-10
 4.444E-10  6.38659294275812E-10
 4.505E-10  6.52877929428410E-10
 4.566E-10  6.67413117681747E-10
 4.629E-10  6.82271906537935E-10
 4.692E-10  6.97461500399370E-10
 4.756E-10  7.12989264061920E-10
 4.821E-10  7.28862726285713E-10
 4.887E-10  7.45089583445611E-10
 4.953E-10  7.61677703262769E-10
 5.021E-10  7.78635128619431E-10
 5.090E-10  7.95970081458550E-10
 5.159E-10  8.13690966770232E-10
 5.230E-10  8.31806376667055E-10
 5.301E-10  8.50325094549912E-10
 5.373E-10  8.69256099366778E-10
 5.447E-10  8.88608569966252E-10
 5.521E-10  9.08391889547854E-10
 5.596E-10  9.28615650211709E-10
 5.673E-10  9.49289657609294E-10
 5.750E-10  9.70423935697684E-10
 5.829E-10  9.92028731599892E-10
 5.908E-10  1.01411452057321E-09
 5.989E-10  1.03669201108820E-09
 6.071E-10  1.05977215002079E-09
 6.154E-10  1.08336612795994E-09
 6.238E-10  1.10748538463354E-09
 6.323E-10  1.13214161445498E-09
 6.409E-10  1.15734677219333E-09
 6.497E-10  1.18311307876967E-09
 6.585E-10  1.20945302718250E-09
 6.675E-10  1.23637938856512E-09
 6.766E-10  1.26390521837771E-09
 6.859E-10  1.29204386273748E-09
 6.952E-10  1.32080896488955E-09
 7.047E-10  1.35021447182204E-09
 7.144E-10  1.38027464102838E-09
 7.241E-10  1.41100404742007E-09
 7.340E-10  1.44241759039356E-09
 7.440E-10  1.47453050105429E-09
 7.542E-10  1.50735834960162E-09
 7.645E-10  1.54091705287810E-09
 7.749E-10  1.57522288208692E-09
 7.855E-10  1.61029247068116E-09
 7.962E-10  1.64614282242862E-09
 8.071E-10  1.68279131965619E-09
 8.181E-10  1.72025573167784E-09
 8.293E-10  1.75855422341029E-09
 8.406E-10  1.79770536418015E-09
 8.521E-10  1.83772813672767E-09
 8.637E-10  1.87864194641066E-09
 8.755E-10  1.92046663061307E-09
 8.874E-10  1.96322246836353E-09
 8.996E-10  2.00693019016776E-09
 9.118E-10  2.05161098805984E-09
 9.243E-10  2.09728652587736E-09
 9.369E-10  2.14397894976539E-09
 9.497E-10  2.19171089891396E-09
 9.627E-10  2.24050551653512E-09
 9.758E-10  2.29038646108397E-09
 9.891E-10  2.34137791772962E-09
 1.003E-09  2.39350461008162E-09
 1.016E-09  2.44679181217732E-09
 1.030E-09  2.50126536073625E-09
 1.044E-09  2.55695166768723E-09
 1.059E-09  2.61387773297428E-09
 1.073E-09  2.67207115764793E-09
 1.088E-09  2.73156015724773E-09
 1.102E-09  2.79237357548261E-09
 1.118E-09  2.85454089821628E-09
 1.133E-09  2.91809226776342E-09
 1.148E-09  2.98305849750434E-09
 1.164E-09  3.04947108682550E-09
 1.180E-09  3.11736223639188E-09
 1.196E-09  3.18676486375945E-09
 1.212E-09  3.25771261933629E-09
 1.229E-09  3.33023990269751E-09
 1.246E-09  3.40438187926440E-09
 1.263E-09  3.48017449735473E-09
 1.280E-09  3.55765450561236E-09
 1.297E-09  3.63685947082529E-09
 1.315E-09  3.71782779614026E-09
 1.333E-09  3.80059873968247E-09
 1.351E-09  3.88521243359024E-09
 1.370E-09  3.97170990347377E-09
 1.388E-09  4.06013308830630E-09
 1.407E-09  4.15052486075869E-09
 1.426E-09  4.24292904798645E-09
 1.446E-09  4.33739045287981E-09
 1.466E-09  4.43395487578659E-09
 1.486E-09  4.53266913671896E-09
 1.506E-09  4.63358109805432E-09
 1.527E-09  4.73673968774179E-09
 1.547E-09  4.84219492302521E-09
 1.568E-09  4.94999793469479E-09
 1.590E-09  5.06020099187768E-09
 1.612E-09  5.17285752738112E-09
 1.634E-09  5.28802216360014E-09
 1.656E-09  5.40575073900122E-09
 1.679E-09  5.52610033519581E-09
 1.701E-09  5.64912930461744E-09
 1.725E-09  5.77489729881427E-09
 1.748E-09  5.90346529737032E-09
 1.772E-09  6.03489563747314E-09
 1.796E-09  6.16925204413847E-09
 1.821E-09  6.30659966110684E-09
 1.846E-09  6.44700508243009E-09
 1.871E-09  6.59053638475881E-09
 1.896E-09  6.73726316035042E-09
 1.922E-09  6.88725655081175E-09
 1.949E-09  7.04058928159210E-09
 1.975E-09  7.19733569724486E-09
 2.002E-09  7.35757179747319E-09
 2.029E-09  7.52137527398126E-09
 2.057E-09  7.68882554814098E-09
 2.085E-09  7.86000380950117E-09
 2.114E-09  8.03499305515360E-09
 2.143E-09  8.21387812997317E-09
 2.172E-09  8.39674576775700E-09
 2.201E-09  8.58368463327636E-09
 2.232E-09  8.77478536526853E-09
 2.262E-09  8.97014062038153E-09
 2.293E-09  9.16984511809995E-09
 2.324E-09  9.37399568667208E-09
 2.356E-09  9.58269131005430E-09
 2.388E-09  9.79603317590713E-09
 2.421E-09  1.00141247246560E-08
 2.454E-09  1.02370716996443E-08
 2.487E-09  1.04649821984039E-08
 2.521E-09  1.06979667250677E-08
 2.556E-09  1.09361382439482E-08
 2.590E-09  1.11796122343087E-08
 2.626E-09  1.14285067463531E-08
 2.662E-09  1.16829424584658E-08
 2.698E-09  1.19430427357217E-08
 2.735E-09  1.22089336897007E-08
 2.772E-09  1.24807442396340E-08
 2.810E-09  1.27586061749119E-08
 2.848E-09  1.30426542189815E-08
 2.887E-09  1.33330260946700E-08
 2.927E-09  1.36298625909592E-08
 2.967E-09  1.39333076312477E-08
 3.007E-09  1.42435083431345E-08
 3.048E-09  1.45606151297542E-08
 3.090E-09  1.48847817427004E-08
 3.132E-09  1.52161653565735E-08
 3.175E-09  1.55549266451874E-08
 3.218E-09  1.59012298594745E-08
 3.262E-09  1.62552429071228E-08
 3.307E-09  1.66171374339866E-08
 3.352E-09  1.69870889073113E-08
 3.398E-09  1.73652767008093E-08
 3.444E-09  1.77518841816304E-08
 3.491E-09  1.81470987992674E-08
 3.539E-09  1.85511121764437E-08
 3.587E-09  1.89641202020233E-08
 3.636E-09  1.93863231259882E-08
 3.685E-09  1.98179256565286E-08
 3.736E-09  2.02591370592994E-08
 3.787E-09  2.07101712588835E-08
 3.838E-09  2.11712469425142E-08
 3.891E-09  2.16425876661077E-08
 3.944E-09  2.21244219626540E-08
 3.998E-09  2.26169834530232E-08
 4.052E-09  2.31205109592394E-08
 4.108E-09  2.36352486202727E-08
 4.164E-09  2.41614460104130E-08
 4.221E-09  2.46993582602774E-08
 4.278E-09  2.52492461805121E-08
 4.337E-09  2.58113763882451E-08
 4.396E-09  2.63860214363601E-08
 4.456E-09  2.69734599456462E-08
 4.517E-09  2.75739767398865E-08
 4.578E-09  2.81878629839571E-08
 4.641E-09  2.88154163249978E-08
 4.704E-09  2.94569410367345E-08
 4.769E-09  3.01127481670017E-08
 4.834E-09  3.07831556885572E-08
 4.900E-09  3.14684886532569E-08
 4.967E-09  3.21690793496521E-08
 5.034E-09  3.28852674641053E-08
 5.103E-09  3.36174002454860E-08
 5.173E-09  3.43658326735420E-08
 5.243E-09  3.51309276310069E-08
 5.315E-09  3.59130560795469E-08
 5.388E-09  3.67125972396281E-08
 5.461E-09  3.75299387743789E-08
 5.536E-09  3.83654769775490E-08
 5.611E-09  3.92196169656640E-08
 5.688E-09  4.00927728744367E-08
 5.765E-09  4.09853680595654E-08
 5.844E-09  4.18978353020119E-08
 5.924E-09  4.28306170178192E-08
 6.005E-09  4.37841654726323E-08
 6.087E-09  4.47589430009773E-08
 6.170E-09  4.57554222304230E-08
 6.254E-09  4.67740863107473E-08
 6.340E-09  4.78154291481810E-08
 6.426E-09  4.88799556448893E-08
 6.514E-09  4.99681819437751E-08
 6.603E-09  5.10806356787326E-08
 6.693E-09  5.22178562304708E-08
 6.784E-09  5.33803949880368E-08
 6.877E-09  5.45688156161640E-08
 6.971E-09  5.57836943285554E-08
 7.066E-09  5.70256201672735E-08
 7.162E-09  5.82951952883375E-08
 7.260E-09  5.95930352536828E-08
 7.359E-09  6.09197693296148E-08
 7.460E-09  6.22760407919122E-08
 7.562E-09  6.36625072377273E-08
 7.665E-09  6.50798409044154E-08
 7.770E-09  6.65287289954838E-08
 7.876E-09  6.80098740137725E-08
 7.983E-09  6.95239941020723E-08
 8.092E-09  7.10718233913208E-08
 8.203E-09  7.26541123565484E-08
 8.315E-09  7.42716281807451E-08
 8.428E-09  7.59251551268316E-08
 8.543E-09  7.76154949179166E-08
 8.660E-09  7.93434671260096E-08
 8.778E-09  8.11099095694046E-08
 8.898E-09  8.29156787188840E-08
 9.019E-09  8.47616501129910E-08
 9.142E-09  8.66487187825382E-08
 9.267E-09  8.85777996845583E-08
 9.394E-09  9.05498281459358E-08
 9.522E-09  9.25657603168899E-08
 9.652E-09  9.46265736345783E-08
 9.784E-09  9.67332672970076E-08
 9.917E-09  9.88868627474891E-08
 1.005E-08  1.01088404169900E-07
 1.019E-08  1.03338958994954E-07
 1.033E-08  1.05639618417749E-07
 1.047E-08  1.07991497926835E-07
 1.061E-08  1.10395737845064E-07
 1.076E-08  1.12853503882475E-07
 1.090E-08  1.15365987701491E-07
 1.105E-08  1.17934407494708E-07
 1.120E-08  1.20560008575523E-07
 1.136E-08  1.23244063981945E-07
 1.151E-08  1.25987875093821E-07
 1.167E-08  1.28792772263807E-07
 1.183E-08  1.31660115462404E-07
 1.199E-08  1.34591294937338E-07
 1.215E-08  1.37587731887623E-07
 1.232E-08  1.40650879152625E-07
 1.249E-08  1.43782221916487E-07
 1.266E-08  1.46983278428218E-07
 1.283E-08  1.50255600737818E-07
 1.301E-08  1.53600775448782E-07
 1.318E-08  1.57020424487387E-07
 1.336E-08  1.60516205889074E-07
 1.355E-08  1.64089814602329E-07
 1.373E-08  1.67742983310527E-07
 1.392E-08  1.71477483271984E-07
 1.411E-08  1.75295125178759E-07
 1.430E-08  1.79197760034599E-07
 1.450E-08  1.83187280052368E-07
 1.470E-08  1.87265619571488E-07
 1.490E-08  1.91434755995831E-07
 1.510E-08  1.95696710752431E-07
 1.531E-08  2.00053550271608E-07
 1.551E-08  2.04507386988843E-07
 1.573E-08  2.09060380369016E-07
 1.594E-08  2.13714737953424E-07
 1.616E-08  2.18472716430076E-07
 1.638E-08  2.23336622727887E-07
 1.660E-08  2.28308815135168E-07
 1.683E-08  2.33391704443040E-07
 1.706E-08  2.38587755114328E-07
 1.729E-08  2.43899486478435E-07
 1.753E-08  2.49329473952823E-07
 1.777E-08  2.54880350291735E-07
 1.801E-08  2.60554806862659E-07
 1.826E-08  2.66355594951239E-07
 1.851E-08  2.72285527095244E-07
 1.876E-08  2.78347478448205E-07
 1.901E-08  2.84544388173440E-07
 1.927E-08  2.90879260869111E-07
 1.954E-08  2.97355168024961E-07
 1.980E-08  3.03975249511557E-07
 2.007E-08  3.10742715102637E-07
 2.035E-08  3.17660846031372E-07
 2.063E-08  3.24732996581253E-07
 2.091E-08  3.31962595712384E-07
 2.119E-08  3.39353148724042E-07
 2.148E-08  3.46908238954206E-07
 2.178E-08  3.54631529516912E-07
 2.207E-08  3.62526765078292E-07
 2.237E-08  3.70597773672205E-07
 2.268E-08  3.78848468556202E-07
 2.299E-08  3.87282850108888E-07
 2.330E-08  3.95905007769480E-07
 2.362E-08  4.04719122020526E-07
 2.394E-08  4.13729466414849E-07
 2.427E-08  4.22940409647498E-07
 2.460E-08  4.32356417673962E-07
 2.494E-08  4.41982055875394E-07
 2.528E-08  4.51821991272159E-07
 2.562E-08  4.61880994786652E-07
 2.597E-08  4.72163943556348E-07
 2.633E-08  4.82675823298547E-07
 2.669E-08  4.93421730727645E-07
 2.705E-08  5.04406876026228E-07
 2.742E-08  5.15636585371234E-07
 2.779E-08  5.27116303516309E-07
 2.817E-08  5.38851596431624E-07
 2.856E-08  5.50848154002518E-07
 2.895E-08  5.63111792788256E-07
 2.934E-08  5.75648458842052E-07
 2.974E-08  5.88464230594016E-07
 3.015E-08  6.01565321798333E-07
 3.056E-08  6.14958084545783E-07
 3.098E-08  6.28649012343562E-07
 3.140E-08  6.42644743263691E-07
 3.183E-08  6.56952063161345E-07
 3.227E-08  6.71577908964945E-07
 3.271E-08  6.86529372039472E-07
 3.315E-08  7.01813701624609E-07
 3.361E-08  7.17438308349564E-07
 3.406E-08  7.33410767825966E-07
 3.453E-08  7.49738824320813E-07
 3.500E-08  7.66430394511303E-07
 3.548E-08  7.83493571323080E-07
 3.596E-08  8.00936627853986E-07
 3.645E-08  8.18768021385222E-07
 3.695E-08  8.36996397481818E-07
 3.746E-08  8.55630594184268E-07
 3.797E-08  8.74679646293552E-07
 3.849E-08  8.94152789751586E-07
 3.901E-08  9.14059466119211E-07
 3.954E-08  9.34409327153683E-07
 4.008E-08  9.55212239488334E-07
 4.063E-08  9.76478289416237E-07
 4.119E-08  9.98217787780380E-07
 4.175E-08  1.02044127497280E-06
 4.232E-08  1.04315952604494E-06
 4.290E-08  1.06638355593183E-06
 4.348E-08  1.09012462479235E-06
 4.408E-08  1.11439424346875E-06
 4.468E-08  1.13920417906741E-06
 4.529E-08  1.16456646066396E-06
 4.591E-08  1.19049338513545E-06
 4.653E-08  1.21699752312221E-06
 4.717E-08  1.24409172512254E-06
 4.781E-08  1.27178912772319E-06
 4.846E-08  1.30010315996823E-06
 4.913E-08  1.32904754987000E-06
 4.980E-08  1.35863633106492E-06
 5.048E-08  1.38888384961744E-06
 5.117E-08  1.41980477097529E-06
 5.186E-08  1.45141408708008E-06
 5.257E-08  1.48372712363560E-06
 5.329E-08  1.51675954753828E-06
 5.402E-08  1.55052737447306E-06
 5.475E-08  1.58504697667808E-06
 5.550E-08  1.62033509088271E-06
 5.626E-08  1.65640882642175E-06
 5.703E-08  1.69328567353063E-06
 5.781E-08  1.73098351182521E-06
 5.860E-08  1.76952061897026E-06
 5.940E-08  1.80891567954110E-06
 6.021E-08  1.84918779408219E-06
 6.103E-08  1.89035648836771E-06
 6.186E-08  1.93244172286837E-06
 6.271E-08  1.97546390242830E-06
 6.356E-08  2.01944388615815E-06
 6.443E-08  2.06440299754831E-06
 6.531E-08  2.11036303480667E-06
 6.620E-08  2.15734628142694E-06
 6.711E-08  2.20537551699265E-06
 6.802E-08  2.25447402822071E-06
 6.895E-08  2.30466562025163E-06
 6.989E-08  2.35597462819087E-06
 7.085E-08  2.40842592890673E-06
 7.181E-08  2.46204495309138E-06
 7.279E-08  2.51685769759013E-06
 7.379E-08  2.57289073800545E-06
 7.479E-08  2.63017124158104E-06
 7.582E-08  2.68872698037319E-06
 7.685E-08  2.74858634471513E-06
 7.790E-08  2.80977835698129E-06
 7.896E-08  2.87233268565781E-06
 8.004E-08  2.93627965972635E-06
 8.113E-08  3.00165028336797E-06
 8.224E-08  3.06847625099465E-06
 8.336E-08  3.13678996261527E-06
 8.450E-08  3.20662453954330E-06
 8.566E-08  3.27801384045458E-06
 8.683E-08  3.35099247780292E-06
 8.801E-08  3.42559583460009E-06
 8.921E-08  3.50186008157027E-06
 9.043E-08  3.57982219468605E-06
 9.167E-08  3.65951997309459E-06
 9.292E-08  3.74099205744332E-06
 9.419E-08  3.82427794861303E-06
 9.547E-08  3.90941802686843E-06
 9.677E-08  3.99645357143522E-06
 9.810E-08  4.08542678051184E-06
 9.944E-08  4.17638079172775E-06
 1.008E-07  4.26935970305725E-06
 1.022E-07  4.36440859419829E-06
 1.036E-07  4.46157354842665E-06
 1.050E-07  4.56090167493816E-06
 1.064E-07  4.66244113168723E-06
 1.079E-07  4.76624114873375E-06
 1.093E-07  4.87235205210994E-06
 1.108E-07  4.98082528821869E-06
 1.123E-07  5.09171344877518E-06
 1.139E-07  5.20507029630212E-06
 1.154E-07  5.32095079019483E-06
 1.170E-07  5.43941111336566E-06
 1.186E-07  5.56050869948043E-06
 1.202E-07  5.68430226080245E-06
 1.219E-07  5.81085181665650E-06
 1.235E-07  5.94021872252503E-06
 1.252E-07  6.07246569979348E-06
 1.269E-07  6.20765686615714E-06
 1.287E-07  6.34585776670514E-06
 1.304E-07  6.48713540569579E-06
 1.322E-07  6.63155827903946E-06
 1.340E-07  6.77919640750521E-06
 1.358E-07  6.93012137066563E-06
 1.377E-07  7.08440634159810E-06
 1.396E-07  7.24212612235812E-06
 1.415E-07  7.40335718024234E-06
 1.434E-07  7.56817768485806E-06
 1.454E-07  7.73666754601921E-06
 1.473E-07  7.90890845248571E-06
 1.494E-07  8.08498391156361E-06
 1.514E-07  8.26497928958840E-06
 1.535E-07  8.44898185330938E-06
 1.556E-07  8.63708081219390E-06
 1.577E-07  8.82936736167457E-06
 1.598E-07  9.02593472735886E-06
 1.620E-07  9.22687821022166E-06
 1.642E-07  9.43229523280578E-06
 1.665E-07  9.64228538644934E-06
 1.687E-07  9.85695047956477E-06
 1.710E-07  1.00763945869928E-05
 1.734E-07  1.03007241004548E-05
 1.757E-07  1.05300477801282E-05
 1.781E-07  1.07644768073691E-05
 1.806E-07  1.10041248386098E-05
 1.830E-07  1.12491080604564E-05
 1.855E-07  1.14995452460100E-05
 1.881E-07  1.17555578124441E-05
 1.906E-07  1.20172698798638E-05
 1.932E-07  1.22848083314728E-05
 1.959E-07  1.25583028750814E-05
 1.986E-07  1.28378861059848E-05
 2.013E-07  1.31236935712381E-05
 2.040E-07  1.34158638353614E-05
 2.068E-07  1.37145385475131E-05
 2.096E-07  1.40198625101531E-05
 2.125E-07  1.43319837492328E-05
 2.154E-07  1.46510535859550E-05
 2.183E-07  1.49772267101243E-05
 2.213E-07  1.53106612551312E-05
 2.243E-07  1.56515188746075E-05
 2.274E-07  1.59999648207865E-05
 2.305E-07  1.63561680246079E-05
 2.336E-07  1.67203011776048E-05
 2.368E-07  1.70925408156126E-05
 2.401E-07  1.74730674043433E-05
 2.433E-07  1.78620654268636E-05
 2.467E-07  1.82597234730195E-05
 2.500E-07  1.86662343308517E-05
 2.534E-07  1.90817950800447E-05
 2.569E-07  1.95066071874581E-05
 2.604E-07  1.99408766047811E-05
 2.640E-07  2.03848138683630E-05
 2.676E-07  2.08386342012653E-05
 2.712E-07  2.13025576175828E-05
 2.749E-07  2.17768090290896E-05
 2.787E-07  2.22616183542577E-05
 2.825E-07  2.27572206297022E-05
 2.863E-07  2.32638561241023E-05
 2.903E-07  2.37817704546674E-05
 2.942E-07  2.43112147061879E-05
 2.982E-07  2.48524455527352E-05
 3.023E-07  2.54057253820746E-05
 3.064E-07  2.59713224228457E-05
 3.106E-07  2.65495108745719E-05
 3.149E-07  2.71405710405628E-05
 3.192E-07  2.77447894637797E-05
 3.235E-07  2.83624590657159E-05
 3.279E-07  2.89938792883776E-05
 3.324E-07  2.96393562394177E-05
 3.369E-07  3.02992028405016E-05
 3.415E-07  3.09737389789766E-05
 3.462E-07  3.16632916629146E-05
 3.509E-07  3.23681951796076E-05
 3.557E-07  3.30887912575845E-05
 3.606E-07  3.38254292322438E-05
 3.655E-07  3.45784662151651E-05
 3.705E-07  3.53482672671847E-05
 3.756E-07  3.61352055753347E-05
 3.807E-07  3.69396626337117E-05
 3.859E-07  3.77620284283711E-05
 3.911E-07  3.86027016263366E-05
 3.965E-07  3.94620897688173E-05
 4.019E-07  4.03406094687275E-05
 4.074E-07  4.12386866125908E-05
 4.129E-07  4.21567565669486E-05
 4.186E-07  4.30952643893609E-05
 4.243E-07  4.40546650440968E-05
 4.301E-07  4.50354236226259E-05
 4.360E-07  4.60380155690215E-05
 4.419E-07  4.70629269103756E-05
 4.479E-07  4.81106544923407E-05
 4.541E-07  4.91817062199160E-05
 4.603E-07  5.02766013035876E-05
 4.665E-07  5.13958705109510E-05
 4.729E-07  5.25400564239291E-05
 4.794E-07  5.37097137017129E-05
 4.859E-07  5.49054093495564E-05
 4.926E-07  5.61277229935512E-05
 4.993E-07  5.73772471615184E-05
 5.061E-07  5.86545875701383E-05
 5.130E-07  5.99603634184889E-05
 5.200E-07  6.12952076881028E-05
 5.271E-07  6.26597674496923E-05
 5.343E-07  6.40547041767264E-05
 5.416E-07  6.54806940659632E-05
 5.490E-07  6.69384283651086E-05
 5.565E-07  6.84286137077967E-05
 5.641E-07  6.99519724559905E-05
 5.718E-07  7.15092430500125E-05
 5.796E-07  7.31011803663745E-05
 5.875E-07  7.47285560835522E-05
 5.955E-07  7.63921590559106E-05
 6.037E-07  7.80927956959312E-05
 6.119E-07  7.98312903649738E-05
 6.202E-07  8.16084857727035E-05
 6.287E-07  8.34252433854092E-05
 6.373E-07  8.52824438434275E-05
 6.460E-07  8.71809873878238E-05
 6.548E-07  8.91217942965854E-05
 6.638E-07  9.11058053305226E-05
 6.728E-07  9.31339821890624E-05
 6.820E-07  9.52073079762182E-05
 6.913E-07  9.73267876769063E-05
 7.008E-07  9.94934486438503E-05
 7.103E-07  1.01708341095343E-04
 7.200E-07  1.03972538624056E-04
 7.298E-07  1.06287138717189E-04
 7.398E-07  1.08653263288175E-04
 7.499E-07  1.11072059220219E-04
 7.602E-07  1.13544698921937E-04
 7.705E-07  1.16072380895336E-04
 7.811E-07  1.18656330316438E-04
 7.917E-07  1.21297799628837E-04
 8.025E-07  1.23998069150433E-04
 8.135E-07  1.26758447693662E-04
 8.246E-07  1.29580273199558E-04
 8.358E-07  1.32464913385879E-04
 8.473E-07  1.35413766409653E-04
 8.588E-07  1.38428261544502E-04
 8.705E-07  1.41509859872977E-04
 8.824E-07  1.44660054994321E-04
 8.945E-07  1.47880373747982E-04
 9.067E-07  1.51172376953200E-04
 9.191E-07  1.54537660165050E-04
 9.316E-07  1.57977854447296E-04
 9.443E-07  1.61494627162450E-04
 9.572E-07  1.65089682779382E-04
 9.703E-07  1.68764763698904E-04
 9.835E-07  1.72521651097720E-04
 9.970E-07  1.76362165791123E-04
 1.011E-06  1.80288169114900E-04
 1.024E-06  1.84301563826844E-04
 1.038E-06  1.88404295028305E-04
 1.053E-06  1.92598351106257E-04
 1.067E-06  1.96885764696292E-04
 1.081E-06  2.01268613667025E-04
 1.096E-06  2.05749022126426E-04
 1.111E-06  2.10329161450487E-04
 1.126E-06  2.15011251334788E-04
 1.142E-06  2.19797560869445E-04
 1.157E-06  2.24690409637955E-04
 1.173E-06  2.29692168840468E-04
 1.189E-06  2.34805262442042E-04
 1.205E-06  2.40032168346456E-04
 1.222E-06  2.45375419596047E-04
 1.239E-06  2.50837605598308E-04
 1.255E-06  2.56421373379739E-04
 1.273E-06  2.62129428867525E-04
 1.290E-06  2.67964538199734E-04
 1.308E-06  2.73929529064695E-04
 1.325E-06  2.80027292070100E-04
 1.344E-06  2.86260782142535E-04
 1.362E-06  2.92633019958163E-04
 1.380E-06  2.99147093405187E-04
 1.399E-06  3.05806159078839E-04
 1.418E-06  3.12613443809565E-04
 1.438E-06  3.19572246225261E-04
 1.457E-06  3.26685938348151E-04
 1.477E-06  3.33957967227180E-04
 1.497E-06  3.41391856606747E-04
 1.518E-06  3.48991208632445E-04
 1.539E-06  3.56759705594825E-04
 1.560E-06  3.64701111711787E-04
 1.581E-06  3.72819274950651E-04
 1.603E-06  3.81118128890782E-04
 1.624E-06  3.89601694627522E-04
 1.647E-06  3.98274082718454E-04
 1.669E-06  4.07139495172947E-04
 1.692E-06  4.16202227485915E-04
 1.715E-06  4.25466670716762E-04
 1.738E-06  4.34937313614489E-04
 1.762E-06  4.44618744790082E-04
 1.786E-06  4.54515654937164E-04
 1.811E-06  4.64632839101957E-04
 1.835E-06  4.74975199003735E-04
 1.860E-06  4.85547745406741E-04
 1.886E-06  4.96355600544922E-04
 1.911E-06  5.07404000600499E-04
 1.938E-06  5.18698298237531E-04
 1.964E-06  5.30243965191861E-04
 1.991E-06  5.42046594918565E-04
 2.018E-06  5.54111905298236E-04
 2.046E-06  5.66445741403337E-04
 2.073E-06  5.79054078326037E-04
 2.102E-06  5.91943024068911E-04
 2.130E-06  6.05118822499778E-04
 2.160E-06  6.18587856372158E-04
 2.189E-06  6.32356650412945E-04
 2.219E-06  6.46431874478563E-04
 2.249E-06  6.60820346781160E-04
 2.280E-06  6.75529037186618E-04
 2.311E-06  6.90565070585648E-04
 2.343E-06  7.05935730339897E-04
 2.375E-06  7.21648461804438E-04
 2.407E-06  7.37710875928628E-04
 2.440E-06  7.54130752936774E-04
 2.473E-06  7.70916046090643E-04
 2.507E-06  7.88074885535483E-04
 2.541E-06  8.05615582231428E-04
 2.576E-06  8.23546631972210E-04
 2.611E-06  8.41876719492988E-04
 2.647E-06  8.60614722669651E-04
 2.683E-06  8.79769716810970E-04
 2.719E-06  8.99350979046288E-04
 2.757E-06  9.19367992810595E-04
 2.794E-06  9.39830452429085E-04
 2.832E-06  9.60748267803443E-04
 2.871E-06  9.82131569202208E-04
 2.910E-06  1.00399071215755E-03
 2.950E-06  1.02633628247052E-03
 2.990E-06  1.04917910132751E-03
 3.031E-06  1.07253023053022E-03
 3.072E-06  1.09640097784173E-03
 3.114E-06  1.12080290245116E-03
 3.157E-06  1.14574782055954E-03
 3.200E-06  1.17124781108972E-03
 3.244E-06  1.19731522152289E-03
 3.288E-06  1.22396267386454E-03
 3.333E-06  1.25120307074296E-03
 3.378E-06  1.27904960164282E-03
 3.424E-06  1.30751574927716E-03
 3.471E-06  1.33661529610068E-03
 3.519E-06  1.36636233096733E-03
 3.567E-06  1.39677125593596E-03
 3.615E-06  1.42785679322655E-03
 3.665E-06  1.45963399233082E-03
 3.715E-06  1.49211823728046E-03
 3.765E-06  1.52532525407664E-03
 3.817E-06  1.55927111828428E-03
 3.869E-06  1.59397226279456E-03
 3.922E-06  1.62944548575956E-03
 3.975E-06  1.66570795870294E-03
 4.030E-06  1.70277723481018E-03
 4.085E-06  1.74067125740284E-03
 4.140E-06  1.77940836860050E-03
 4.197E-06  1.81900731817487E-03
 4.254E-06  1.85948727259973E-03
 4.312E-06  1.90086782430181E-03
 4.371E-06  1.94316900111665E-03
 4.431E-06  1.98641127595378E-03
 4.491E-06  2.03061557667631E-03
 4.553E-06  2.07580329619894E-03
 4.615E-06  2.12199630281036E-03
 4.678E-06  2.16921695072379E-03
 4.742E-06  2.21748809086139E-03
 4.806E-06  2.26683308187775E-03
 4.872E-06  2.31727580142706E-03
 4.938E-06  2.36884065768018E-03
 5.006E-06  2.42155260109678E-03
 5.074E-06  2.47543713645788E-03
 5.144E-06  2.53052033516512E-03
 5.214E-06  2.58682884781203E-03
 5.285E-06  2.64438991703388E-03
 5.357E-06  2.70323139064169E-03
 5.430E-06  2.76338173504733E-03
 5.504E-06  2.82487004898552E-03
 5.579E-06  2.88772607753941E-03
 5.656E-06  2.95198022647691E-03
 5.733E-06  3.01766357690373E-03
 5.811E-06  3.08480790024123E-03
 5.890E-06  3.15344567353520E-03
 5.971E-06  3.22361009510340E-03
 6.052E-06  3.29533510052927E-03
 6.135E-06  3.36865537900957E-03
 6.219E-06  3.44360639006309E-03
 6.304E-06  3.52022438060925E-03
 6.390E-06  3.59854640242448E-03
 6.477E-06  3.67861032998393E-03
 6.565E-06  3.76045487869809E-03
 6.655E-06  3.84411962355275E-03
 6.746E-06  3.92964501816060E-03
 6.838E-06  4.01707241423368E-03
 6.931E-06  4.10644408148680E-03
 7.026E-06  4.19780322798034E-03
 7.122E-06  4.29119402091243E-03
 7.219E-06  4.38666160787073E-03
 7.318E-06  4.48425213855369E-03
 7.418E-06  4.58401278697136E-03
 7.519E-06  4.68599177413668E-03
 7.622E-06  4.79023839125768E-03
 7.726E-06  4.89680302344200E-03
 7.831E-06  5.00573717392459E-03
 7.938E-06  5.11709348882999E-03
 8.046E-06  5.23092578248219E-03
 8.156E-06  5.34728906327177E-03
 8.268E-06  5.46623956009402E-03
 8.380E-06  5.58783474937203E-03
 8.495E-06  5.71213338267373E-03
 8.611E-06  5.83919551493951E-03
 8.728E-06  5.96908253333225E-03
 8.848E-06  6.10185718672308E-03
 8.968E-06  6.23758361582829E-03
 9.091E-06  6.37632738400893E-03
 9.215E-06  6.51815550875118E-03
 9.341E-06  6.66313649384068E-03
 9.468E-06  6.81134036224386E-03
 9.597E-06  6.96283868971552E-03
 9.729E-06  7.11770463914676E-03
 9.861E-06  7.27601299566935E-03
 9.996E-06  7.43784020253304E-03
 1.013E-05  7.60326439777293E-03
 1.027E-05  7.77236545168499E-03
 1.041E-05  7.94522500512575E-03
 1.055E-05  8.12192650865558E-03
 1.070E-05  8.30255526254323E-03
 1.084E-05  8.48719845765128E-03
 1.099E-05  8.67594521722006E-03
 1.114E-05  8.86888663957104E-03
 1.129E-05  9.06611584175146E-03
 1.145E-05  9.26772800413539E-03
 1.160E-05  9.47382041600724E-03
 1.176E-05  9.68449252214834E-03
 1.192E-05  9.89984597044614E-03
 1.209E-05  1.01199846605489E-02
 1.225E-05  1.03450147935910E-02
 1.242E-05  1.05750449230102E-02
 1.259E-05  1.08101860064808E-02
 1.276E-05  1.10505514589874E-02
 1.293E-05  1.12962572070629E-02
 1.311E-05  1.15474217442191E-02
 1.329E-05  1.18041661875920E-02
 1.347E-05  1.20666143358306E-02
 1.365E-05  1.23348927282567E-02
 1.384E-05  1.26091307053193E-02
 1.403E-05  1.28894604703794E-02
 1.422E-05  1.31760171528448E-02
 1.442E-05  1.34689388726910E-02
 1.461E-05  1.37683668063968E-02
 1.481E-05  1.40744452543207E-02
 1.501E-05  1.43873217095599E-02
 1.522E-05  1.47071469283109E-02
 1.543E-05  1.50340750017726E-02
 1.564E-05  1.53682634296258E-02
 1.585E-05  1.57098731951179E-02
 1.607E-05  1.60590688417908E-02
 1.629E-05  1.64160185518894E-02
 1.651E-05  1.67808942264804E-02
 1.673E-05  1.71538715673273E-02
 1.696E-05  1.75351301605549E-02
 1.719E-05  1.79248535621364E-02
 1.743E-05  1.83232293852547E-02
 1.767E-05  1.87304493895687E-02
 1.791E-05  1.91467095724274E-02
 1.815E-05  1.95722102620798E-02
 1.840E-05  2.00071562129131E-02
 1.865E-05  2.04517567027720E-02
 1.891E-05  2.09062256324013E-02
 1.916E-05  2.13707816270541E-02
 1.943E-05  2.18456481403165E-02
 1.969E-05  2.23310535601944E-02
 1.996E-05  2.28272313175126E-02
 2.023E-05  2.33344199966706E-02
 2.051E-05  2.38528634488151E-02
 2.079E-05  2.43828109074735E-02
 2.107E-05  2.49245171067004E-02
 2.136E-05  2.54782424017982E-02
 2.165E-05  2.60442528926603E-02
 2.195E-05  2.66228205497939E-02
 2.225E-05  2.72142233430857E-02
 2.255E-05  2.78187453733604E-02
 2.286E-05  2.84366770067978E-02
 2.317E-05  2.90683150122655E-02
 2.349E-05  2.97139627016329E-02
 2.381E-05  3.03739300731313E-02
 2.413E-05  3.10485339578154E-02
 2.446E-05  3.17380981692083E-02
 2.480E-05  3.24429536561816E-02
 2.514E-05  3.31634386591474E-02
 2.548E-05  3.38998988696377E-02
 2.583E-05  3.46526875933254E-02
 2.618E-05  3.54221659165854E-02
 2.654E-05  3.62087028766514E-02
 2.690E-05  3.70126756354453E-02
 2.727E-05  3.78344696571697E-02
 2.764E-05  3.86744788897308E-02
 2.802E-05  3.95331059500835E-02
 2.840E-05  4.04107623135677E-02
 2.879E-05  4.13078685073333E-02
 2.918E-05  4.22248543079353E-02
 2.958E-05  4.31621589431833E-02
 2.998E-05  4.41202312983385E-02
 3.039E-05  4.50995301267578E-02
 3.080E-05  4.61005242650556E-02
 3.123E-05  4.71236928529006E-02
 3.165E-05  4.81695255575519E-02
 3.208E-05  4.92385228031894E-02
 3.252E-05  5.03311960051857E-02
 3.297E-05  5.14480678094157E-02
 3.342E-05  5.25896723366819E-02
 3.387E-05  5.37565554323836E-02
 3.433E-05  5.49492749215482E-02
 3.480E-05  5.61684008693137E-02
 3.528E-05  5.74145158469849E-02
 3.576E-05  5.86882152037913E-02
 3.625E-05  5.99901073444482E-02
 3.674E-05  6.13208140126478E-02
 3.724E-05  6.26809705806071E-02
 3.775E-05  6.40712263448021E-02
 3.827E-05  6.54922448279929E-02
 3.879E-05  6.69447040877011E-02
 3.932E-05  6.84292970312547E-02
 3.986E-05  6.99467317375390E-02
 4.040E-05  7.14977317855933E-02
 4.095E-05  7.30830365901952E-02
 4.151E-05  7.47034017445756E-02
 4.208E-05  7.63595993704035E-02
 4.265E-05  7.80524184752046E-02
 4.324E-05  7.97826653173549E-02
 4.383E-05  8.15511637788152E-02
 4.442E-05  8.33587557457372E-02
 4.503E-05  8.52063014971514E-02
 4.565E-05  8.70946801018453E-02
 4.627E-05  8.90247898236381E-02
 4.690E-05  9.09975485352155E-02
 4.754E-05  9.30138941406822E-02
 4.819E-05  9.50747850070252E-02
 4.885E-05  9.71812004046670E-02
 4.951E-05  9.93341409572782E-02
 5.019E-05  1.01534629101057E-01
 5.088E-05  1.03783709553657E-01
 5.157E-05  1.06082449792942E-01
 5.227E-05  1.08431940545800E-01
 5.299E-05  1.10833296287189E-01
 5.371E-05  1.13287655749625E-01
 5.445E-05  1.15796182443333E-01
 5.519E-05  1.18360065187261E-01
 5.594E-05  1.20980518651183E-01
 5.671E-05  1.23658783909100E-01
 5.748E-05  1.26396129004177E-01
 5.826E-05  1.29193849525438E-01
 5.906E-05  1.32053269196439E-01
 5.987E-05  1.34975740476190E-01
 6.068E-05  1.37962645172532E-01
 6.151E-05  1.41015395068218E-01
 6.235E-05  1.44135432559990E-01
 6.320E-05  1.47324231310838E-01
 6.407E-05  1.50583296915740E-01
 6.494E-05  1.53914167581173E-01
 6.583E-05  1.57318414818582E-01
 6.673E-05  1.60797644152171E-01
 6.764E-05  1.64353495841209E-01
 6.856E-05  1.67987645617201E-01
 6.950E-05  1.71701805436172E-01
 7.045E-05  1.75497724246350E-01
 7.141E-05  1.79377188771591E-01
 7.238E-05  1.83342024310777E-01
 7.337E-05  1.87394095553555E-01
 7.437E-05  1.91535307412673E-01
 7.539E-05  1.95767605873300E-01
 7.642E-05  2.00092978859569E-01
 7.746E-05  2.04513457118727E-01
 7.852E-05  2.09031115123226E-01
 7.959E-05  2.13648071991007E-01
 8.068E-05  2.18366492424451E-01
 8.178E-05  2.23188587668257E-01
 8.289E-05  2.28116616486569E-01
 8.403E-05  2.33152886159856E-01
 8.517E-05  2.38299753501718E-01
 8.634E-05  2.43559625896136E-01
 8.751E-05  2.48934962355464E-01
 8.871E-05  2.54428274599589E-01
 8.992E-05  2.60042128156595E-01
 9.115E-05  2.65779143485336E-01
 9.239E-05  2.71641997120412E-01
 9.365E-05  2.77633422839738E-01
 9.493E-05  2.83756212855341E-01
 9.623E-05  2.90013219027694E-01
 9.754E-05  2.96407354103933E-01
 9.887E-05  3.02941592980586E-01
 1.002E-04  3.09618973991017E-01
 1.016E-04  3.16442600218201E-01
 1.030E-04  3.23415640833163E-01
 1.044E-04  3.30541332459551E-01
 1.058E-04  3.37822980564873E-01
 1.073E-04  3.45263960878740E-01
 1.087E-04  3.52867720838688E-01
 1.102E-04  3.60637781063978E-01
 1.117E-04  3.68577736857824E-01
 1.132E-04  3.76691259738684E-01
 1.148E-04  3.84982099000954E-01
 1.163E-04  3.93454083305554E-01
 1.179E-04  4.02111122301051E-01
 1.195E-04  4.10957208275628E-01
 1.212E-04  4.19996417840610E-01
 1.228E-04  4.29232913645880E-01
 1.245E-04  4.38670946127810E-01
 1.262E-04  4.48314855290261E-01
 1.279E-04  4.58169072519017E-01
 1.297E-04  4.68238122430403E-01
 1.314E-04  4.78526624754471E-01
 1.332E-04  4.89039296253336E-01
 1.351E-04  4.99780952675301E-01
 1.369E-04  5.10756510745138E-01
 1.388E-04  5.21970990191263E-01
 1.407E-04  5.33429515810264E-01
 1.426E-04  5.45137319569358E-01
 1.445E-04  5.57099742747455E-01
 1.465E-04  5.69322238115109E-01
 1.485E-04  5.81810372154294E-01
 1.505E-04  5.94569827318422E-01
 1.526E-04  6.07606404333004E-01
 1.547E-04  6.20926024537843E-01
 1.568E-04  6.34534732271220E-01
 1.589E-04  6.48438697296486E-01
 1.611E-04  6.62644217271907E-01
 1.633E-04  6.77157720264332E-01
 1.655E-04  6.91985767306932E-01
 1.678E-04  7.07135055002069E-01
 1.701E-04  7.22612418169553E-01
 1.724E-04  7.38424832540865E-01
 1.748E-04  7.54579417500378E-01
 1.771E-04  7.71083438873516E-01
 1.796E-04  7.87944311762788E-01
 1.820E-04  8.05169603432277E-01
 1.845E-04  8.22767036241158E-01
 1.870E-04  8.40744490626732E-01
 1.896E-04  8.59110008137432E-01
 1.922E-04  8.77871794516705E-01
 1.948E-04  8.97038222838038E-01
 1.974E-04  9.16617836691787E-01
 2.001E-04  9.36619353424261E-01
 2.029E-04  9.57051667429712E-01
 2.056E-04  9.77923853495833E-01
 2.084E-04  9.99245170202908E-01
 2.113E-04  1.02102506337743E+00
 2.142E-04  1.04327316960082E+00
 2.171E-04  1.06599931977325E+00
 2.201E-04  1.08921354273339E+00
 2.231E-04  1.11292606893464E+00
 2.261E-04  1.13714733417766E+00
 2.292E-04  1.16188798340055E+00
 2.323E-04  1.18715887452620E+00
 2.355E-04  1.21297108236764E+00
 2.387E-04  1.23933590259202E+00
 2.420E-04  1.26626485574271E+00
 2.453E-04  1.29376969132067E+00
 2.486E-04  1.32186239192501E+00
 2.520E-04  1.35055517745302E+00
 2.555E-04  1.37986050935997E+00
 2.589E-04  1.40979109497890E+00
 2.625E-04  1.44035989190058E+00
 2.661E-04  1.47158011241343E+00
 2.697E-04  1.50346522800433E+00
 2.734E-04  1.53602897391960E+00
 2.771E-04  1.56928535378656E+00
 2.809E-04  1.60324864429545E+00
 2.847E-04  1.63793339994204E+00
 2.886E-04  1.67335445783044E+00
 2.926E-04  1.70952694253617E+00
 2.965E-04  1.74646627102926E+00
 3.006E-04  1.78418815765722E+00
 3.047E-04  1.82270861918734E+00
 3.089E-04  1.86204397990819E+00
 3.131E-04  1.90221087679019E+00
 3.174E-04  1.94322626470394E+00
 3.217E-04  1.98510742169643E+00
 3.261E-04  2.02787195432472E+00
 3.305E-04  2.07153780304584E+00
 3.350E-04  2.11612324766198E+00
 3.396E-04  2.16164691282120E+00
 3.442E-04  2.20812777357196E+00
 3.489E-04  2.25558516097034E+00
 3.537E-04  2.30403876773923E+00
 3.585E-04  2.35350865397834E+00
 3.634E-04  2.40401525292396E+00
 3.684E-04  2.45557937675604E+00
 3.734E-04  2.50822222245262E+00
 3.785E-04  2.56196537768881E+00
 3.837E-04  2.61683082677926E+00
 3.889E-04  2.67284095666254E+00
 3.942E-04  2.73001856292433E+00
 3.996E-04  2.78838685585896E+00
 4.051E-04  2.84796946656580E+00
 4.106E-04  2.90879045307886E+00
 4.162E-04  2.97087430652727E+00
 4.219E-04  3.03424595732304E+00
 4.277E-04  3.09893078137500E+00
 4.335E-04  3.16495460632422E+00
 4.394E-04  3.23234371779893E+00
 4.454E-04  3.30112486568574E+00
 4.515E-04  3.37132527041310E+00
 4.577E-04  3.44297262924401E+00
 4.639E-04  3.51609512257334E+00
 4.702E-04  3.59072142022726E+00
 4.767E-04  3.66688068775902E+00
 4.832E-04  3.74460259273749E+00
 4.898E-04  3.82391731102413E+00
 4.965E-04  3.90485553303271E+00
 5.032E-04  3.98744846996763E+00
 5.101E-04  4.07172786003462E+00
 5.171E-04  4.15772597461962E+00
 5.241E-04  4.24547562442844E+00
 5.313E-04  4.33501016558231E+00
 5.385E-04  4.42636350566307E+00
 5.459E-04  4.51957010970033E+00
 5.533E-04  4.61466500609511E+00
 5.609E-04  4.71168379247172E+00
 5.686E-04  4.81066264145093E+00
 5.763E-04  4.91163830633706E+00
 5.842E-04  5.01464812670953E+00
 5.922E-04  5.11973003391231E+00
 6.002E-04  5.22692255643116E+00
 6.084E-04  5.33626482514973E+00
 6.167E-04  5.44779657847586E+00
 6.252E-04  5.56155816732737E+00
 6.337E-04  5.67759055996784E+00
 6.423E-04  5.79593534668085E+00
 6.511E-04  5.91663474427340E+00
 6.600E-04  6.03973160039470E+00
 6.690E-04  6.16526939766087E+00
 6.782E-04  6.29329225757217E+00
 6.874E-04  6.42384494420983E+00
 6.968E-04  6.55697286770042E+00
 7.063E-04  6.69272208743282E+00
 7.160E-04  6.83113931501558E+00
 7.257E-04  6.97227191695787E+00
 7.356E-04  7.11616791706056E+00
 7.457E-04  7.26287599850264E+00
 7.559E-04  7.41244550560389E+00
 7.662E-04  7.56492644525124E+00
 7.766E-04  7.72036948796843E+00
 7.872E-04  7.87882596861276E+00
 7.980E-04  8.04034788668156E+00
 8.089E-04  8.20498790620743E+00
 8.199E-04  8.37279935522491E+00
 8.311E-04  8.54383622478784E+00
 8.425E-04  8.71815316751758E+00
 8.540E-04  8.89580549565944E+00
 8.656E-04  9.07684917862691E+00
 8.774E-04  9.26134084001171E+00
 8.894E-04  9.44933775403565E+00
 9.016E-04  9.64089784141953E+00
 9.139E-04  9.83607966464904E+00
 9.264E-04  1.00349424226090E+01
 9.390E-04  1.02375459445593E+01
 9.518E-04  1.04439506834320E+01
 9.648E-04  1.06542177084167E+01
 9.780E-04  1.08684086968093E+01
 9.913E-04  1.10865859250958E+01
 1.005E-03  1.13088122592417E+01
 1.019E-03  1.15351511441587E+01
 1.032E-03  1.17656665923149E+01
 1.047E-03  1.20004231714617E+01
 1.061E-03  1.22394859914426E+01
 1.075E-03  1.24829206900537E+01
 1.090E-03  1.27307934179206E+01
 1.105E-03  1.29831708223586E+01
 1.120E-03  1.32401200301839E+01
 1.135E-03  1.35017086294375E+01
 1.151E-03  1.37680046499870E+01
 1.167E-03  1.40390765429713E+01
 1.182E-03  1.43149931590481E+01
 1.199E-03  1.45958237254104E+01
 1.215E-03  1.48816378215299E+01
 1.232E-03  1.51725053535895E+01
 1.248E-03  1.54684965275670E+01
 1.265E-03  1.57696818209279E+01
 1.283E-03  1.60761319528863E+01
 1.300E-03  1.63879178531949E+01
 1.318E-03  1.67051106294207E+01
 1.336E-03  1.70277815326635E+01
 1.354E-03  1.73560019216781E+01
 1.373E-03  1.76898432253522E+01
 1.391E-03  1.80293769035014E+01
 1.410E-03  1.83746744059353E+01
 1.430E-03  1.87258071297499E+01
 1.449E-03  1.90828463748052E+01
 1.469E-03  1.94458632973408E+01
 1.489E-03  1.98149288616880E+01
 1.509E-03  2.01901137900299E+01
 1.530E-03  2.05714885101700E+01
 1.551E-03  2.09591231012623E+01
 1.572E-03  2.13530872374571E+01
 1.593E-03  2.17534501294249E+01
 1.615E-03  2.21602804637072E+01
 1.637E-03  2.25736463398554E+01
 1.660E-03  2.29936152053163E+01
 1.682E-03  2.34202537880194E+01
 1.705E-03  2.38536280266249E+01
 1.729E-03  2.42938029983951E+01
 1.752E-03  2.47408428446470E+01
 1.776E-03  2.51948106937468E+01
 1.800E-03  2.56557685816146E+01
 1.825E-03  2.61237773696957E+01
 1.850E-03  2.65988966603697E+01
 1.875E-03  2.70811847097653E+01
 1.901E-03  2.75706983379451E+01
 1.927E-03  2.80674928364338E+01
 1.953E-03  2.85716218730672E+01
 1.980E-03  2.90831373941294E+01
 2.007E-03  2.96020895237629E+01
 2.034E-03  3.01285264606288E+01
 2.062E-03  3.06624943718028E+01
 2.090E-03  3.12040372838922E+01
 2.118E-03  3.17531969713634E+01
 2.147E-03  3.23100128420739E+01
 2.177E-03  3.28745218200097E+01
 2.206E-03  3.34467582252253E+01
 2.236E-03  3.40267536509896E+01
 2.267E-03  3.46145368381563E+01
 2.298E-03  3.52101335467655E+01
 2.329E-03  3.58135664249014E+01
 2.361E-03  3.64248548748334E+01
 2.393E-03  3.70440149164624E+01
 2.426E-03  3.76710590481217E+01
 2.459E-03  3.83059961047683E+01
 2.493E-03  3.89488311136164E+01
 2.527E-03  3.95995651472753E+01
 2.561E-03  4.02581951744432E+01
 2.596E-03  4.09247139082493E+01
 2.632E-03  4.15991096523018E+01
 2.668E-03  4.22813661445479E+01
 2.704E-03  4.29714623990406E+01
 2.741E-03  4.36693725457060E+01
 2.778E-03  4.43750656682411E+01
 2.816E-03  4.50885056402664E+01
 2.855E-03  4.58096509598632E+01
 2.894E-03  4.65384545826464E+01
 2.933E-03  4.72748637535345E+01
 2.973E-03  4.80188198373787E+01
 3.014E-03  4.87702581486356E+01
 3.055E-03  4.95291077802889E+01
 3.097E-03  5.02952914322071E+01
 3.139E-03  5.10687252391693E+01
 3.182E-03  5.18493185987952E+01
 3.225E-03  5.26369739996164E+01
 3.269E-03  5.34315868495638E+01
 3.314E-03  5.42330453051329E+01
 3.359E-03  5.50412301015344E+01
 3.405E-03  5.58560143841281E+01
 3.452E-03  5.66772635414624E+01
 3.499E-03  5.75048350402721E+01
 3.546E-03  5.83385782627715E+01
 3.595E-03  5.91783343466299E+01
 3.644E-03  6.00239360280236E+01
 3.694E-03  6.08752074881560E+01
 3.744E-03  6.17319642036849E+01
 3.795E-03  6.25940128015029E+01
 3.847E-03  6.34611509183226E+01
 3.900E-03  6.43331670655534E+01
 3.953E-03  6.52098404999738E+01
 4.007E-03  6.60909411007085E+01
 4.061E-03  6.69762292530520E+01
 4.117E-03  6.78654557396949E+01
 4.173E-03  6.87583616399244E+01
 4.230E-03  6.96546782373955E+01
 4.288E-03  7.05541269370777E+01
 4.346E-03  7.14564191920186E+01
 4.406E-03  7.23612564405595E+01
 4.466E-03  7.32683300546746E+01
 4.527E-03  7.41773213001202E+01
 4.589E-03  7.50879013090830E+01
 4.651E-03  7.59997310660589E+01
 4.715E-03  7.69124614076754E+01
 4.779E-03  7.78257330372175E+01
 4.844E-03  7.87391765546166E+01
 4.911E-03  7.96524125026686E+01
 4.978E-03  8.05650514302683E+01
 5.046E-03  8.14766939734692E+01
 5.114E-03  8.23869309551553E+01
 5.184E-03  8.32953435041523E+01
 5.255E-03  8.42015031946030E+01
 5.327E-03  8.51049722064128E+01
 5.400E-03  8.60053035076236E+01
 5.473E-03  8.69020410595256E+01
 5.548E-03  8.77947200453434E+01
 5.624E-03  8.86828671233305E+01
 5.700E-03  8.95660007050882E+01
 5.778E-03  9.04436312599252E+01
 5.857E-03  9.13152616460643E+01
 5.937E-03  9.21803874694883E+01
 6.018E-03  9.30384974711947E+01
 6.100E-03  9.38890739436229E+01
 6.184E-03  9.47315931769837E+01
 6.268E-03  9.55655259361950E+01
 6.354E-03  9.63903379691062E+01
 6.440E-03  9.72054905466497E+01
 6.528E-03  9.80104410355294E+01
 6.617E-03  9.88046435040050E+01
 6.708E-03  9.95875493612885E+01
 6.799E-03  1.00358608031024E+02
 6.892E-03  1.01117267659254E+02
 6.986E-03  1.01862975857217E+02
 7.082E-03  1.02595180479282E+02
 7.178E-03  1.03313330436192E+02
 7.276E-03  1.04016876543785E+02
 7.376E-03  1.04705272407236E+02
 7.476E-03  1.05377975340774E+02
 7.578E-03  1.06034447322754E+02
 7.682E-03  1.06674155985856E+02
 7.787E-03  1.07296575642074E+02
 7.893E-03  1.07901188342045E+02
 8.001E-03  1.08487484968159E+02
 8.110E-03  1.09054966360762E+02
 8.221E-03  1.09603144476628E+02
 8.333E-03  1.10131543578748E+02
 8.447E-03  1.10639701456333E+02
 8.562E-03  1.11127170673794E+02
 8.679E-03  1.11593519847278E+02
 8.798E-03  1.12038334947214E+02
 8.918E-03  1.12461220625122E+02
 9.039E-03  1.12861801562791E+02
 9.163E-03  1.13239723841734E+02
 9.288E-03  1.13594656330658E+02
 9.415E-03  1.13926292088489E+02
 9.543E-03  1.14234349780314E+02
 9.674E-03  1.14518575103363E+02
 9.806E-03  1.14778742220024E+02
 9.940E-03  1.15014655194595E+02
 1.008E-02  1.15226149430341E+02
 1.021E-02  1.15413093103162E+02
 1.035E-02  1.15575388588002E+02
 1.049E-02  1.15712973873890E+02
 1.064E-02  1.15825823963303E+02
 1.078E-02  1.15913952251328E+02
 1.093E-02  1.15977411879891E+02
 1.108E-02  1.16016297062092E+02
 1.123E-02  1.16030744371507E+02
 1.138E-02  1.16020933991099E+02
 1.154E-02  1.15987090916190E+02
 1.170E-02  1.15929486105741E+02
 1.186E-02  1.15848437576041E+02
 1.202E-02  1.15744311430687E+02
 1.218E-02  1.15617522820615E+02
 1.235E-02  1.15468536827755E+02
 1.252E-02  1.15297869265796E+02
 1.269E-02  1.15106087391359E+02
 1.286E-02  1.14893810518836E+02
 1.304E-02  1.14661710532011E+02
 1.321E-02  1.14410512285559E+02
 1.339E-02  1.14140993889426E+02
 1.358E-02  1.13853986869121E+02
 1.376E-02  1.13550376194900E+02
 1.395E-02  1.13231100172889E+02
 1.414E-02  1.12897150191244E+02
 1.433E-02  1.12549570314522E+02
 1.453E-02  1.12189456719556E+02
 1.473E-02  1.11817956966310E+02
 1.493E-02  1.11436269097330E+02
 1.513E-02  1.11045640559693E+02
 1.534E-02  1.10647366943567E+02
 1.555E-02  1.10242790531835E+02
 1.576E-02  1.09833298655587E+02
 1.598E-02  1.09420321850642E+02
 1.619E-02  1.09005331810751E+02
 1.642E-02  1.08589839133562E+02
 1.664E-02  1.08175390856005E+02
 1.687E-02  1.07763567776299E+02
 1.710E-02  1.07355981560428E+02
 1.733E-02  1.06954271631609E+02
 1.757E-02  1.06560101841986E+02
 1.781E-02  1.06175156926591E+02
 1.805E-02  1.05801138740395E+02
 1.830E-02  1.05439762280184E+02
 1.855E-02  1.05092751493901E+02
 1.880E-02  1.04761834881060E+02
 1.906E-02  1.04448740888875E+02
 1.932E-02  1.04155193109770E+02
 1.958E-02  1.03882905287096E+02
 1.985E-02  1.03633576136955E+02
 2.012E-02  1.03408883995278E+02
 2.039E-02  1.03210481300472E+02
 2.067E-02  1.03039988923207E+02
 2.095E-02  1.02898990356220E+02
 2.124E-02  1.02789025778244E+02
 2.153E-02  1.02711586007555E+02
 2.182E-02  1.02668106361883E+02
 2.212E-02  1.02659960442837E+02
 2.242E-02  1.02688453864261E+02
 2.273E-02  1.02754817945312E+02
 2.304E-02  1.02860203390341E+02
 2.335E-02  1.03005673978952E+02
 2.367E-02  1.03192200290894E+02
 2.400E-02  1.03420653491659E+02
 2.432E-02  1.03691799205831E+02
 2.466E-02  1.04006291506396E+02
 2.499E-02  1.04364667049248E+02
 2.533E-02  1.04767339383146E+02
 2.568E-02  1.05214593466284E+02
 2.603E-02  1.05706580421436E+02
 2.639E-02  1.06243312562377E+02
 2.675E-02  1.06824658724851E+02
 2.711E-02  1.07450339935855E+02
 2.748E-02  1.08119925455330E+02
 2.786E-02  1.08832829224542E+02
 2.824E-02  1.09588306755478E+02
 2.862E-02  1.10385452495439E+02
 2.901E-02  1.11223197700694E+02
 2.941E-02  1.12100308852575E+02
 2.981E-02  1.13015386648667E+02
 3.022E-02  1.13966865600871E+02
 3.063E-02  1.14953014270957E+02
 3.105E-02  1.15971936172918E+02
 3.147E-02  1.17021571369813E+02
 3.190E-02  1.18099698791009E+02
 3.234E-02  1.19203939293649E+02
 3.278E-02  1.20331759489862E+02
 3.323E-02  1.21480476358695E+02
 3.368E-02  1.22647262658907E+02
 3.414E-02  1.23829153155722E+02
 3.461E-02  1.25023051671296E+02
 3.508E-02  1.26225738965109E+02
 3.556E-02  1.27433881446662E+02
 3.604E-02  1.28644040718802E+02
 3.654E-02  1.29852683945718E+02
 3.703E-02  1.31056195035137E+02
 3.754E-02  1.32250886619521E+02
 3.805E-02  1.33433012816158E+02
 3.857E-02  1.34598782740924E+02
 3.910E-02  1.35744374745249E+02
 3.963E-02  1.36865951340399E+02
 4.017E-02  1.37959674767668E+02
 4.072E-02  1.39021723167468E+02
 4.128E-02  1.40048307294598E+02
 4.184E-02  1.41035687721292E+02
 4.241E-02  1.41980192463883E+02
 4.299E-02  1.42878234963277E+02
 4.358E-02  1.43726332343788E+02
 4.417E-02  1.44521123869377E+02
 4.478E-02  1.45259389511011E+02
 4.539E-02  1.45938068533654E+02
 4.601E-02  1.46554278006536E+02
 4.664E-02  1.47105331135668E+02
 4.727E-02  1.47588755313320E+02
 4.792E-02  1.48002309775241E+02
 4.857E-02  1.48344002752961E+02
 4.924E-02  1.48612108005536E+02
 4.991E-02  1.48805180612656E+02
 5.059E-02  1.48922071909222E+02
 5.128E-02  1.48961943440301E+02
 5.198E-02  1.48924279814902E+02
 5.269E-02  1.48808900337252E+02
 5.341E-02  1.48615969295369E+02
 5.414E-02  1.48346004788587E+02
 5.488E-02  1.47999885978533E+02
 5.563E-02  1.47578858651761E+02
 5.639E-02  1.47084538986963E+02
 5.716E-02  1.46518915425349E+02
 5.794E-02  1.45884348549516E+02
 5.873E-02  1.45183568883883E+02
 5.953E-02  1.44419672538558E+02
 6.034E-02  1.43596114628388E+02
 6.116E-02  1.42716700409865E+02
 6.200E-02  1.41785574090508E+02
 6.285E-02  1.40807205278348E+02
 6.370E-02  1.39786373053110E+02
 6.457E-02  1.38728147655604E+02
 6.546E-02  1.37637869807660E+02
 6.635E-02  1.36521127691566E+02
 6.725E-02  1.35383731635370E+02
 6.817E-02  1.34231686568443E+02
 6.910E-02  1.33071162330280E+02
 7.005E-02  1.31908461934576E+02
 7.100E-02  1.30749987909933E+02
 7.197E-02  1.29602206858071E+02
 7.296E-02  1.28471612389954E+02
 7.395E-02  1.27364686619601E+02
 7.496E-02  1.26287860414461E+02
 7.598E-02  1.25247472619744E+02
 7.702E-02  1.24249728492045E+02
 7.807E-02  1.23300657594553E+02
 7.914E-02  1.22406071422078E+02
 8.022E-02  1.21571521038781E+02
 8.132E-02  1.20802255024607E+02
 8.243E-02  1.20103178037943E+02
 8.355E-02  1.19478810311533E+02
 8.469E-02  1.18933248406249E+02
 8.585E-02  1.18470127552474E+02
 8.702E-02  1.18092585911704E+02
 8.821E-02  1.17803231091092E+02
 8.941E-02  1.17604109241129E+02
 9.063E-02  1.17496677061135E+02
 9.187E-02  1.17481777028804E+02
 9.312E-02  1.17559616158446E+02
 9.440E-02  1.17729748577861E+02
 9.568E-02  1.17991062195857E+02
 9.699E-02  1.18341769711268E+02
 9.831E-02  1.18779404190049E+02
 9.966E-02  1.19300819409516E+02
 1.010E-01  1.19902195138353E+02
 1.024E-01  1.20579047487546E+02
 1.038E-01  1.21326244431261E+02
 1.052E-01  1.22138026557937E+02
 1.066E-01  1.23008033070827E+02
 1.081E-01  1.23929333014154E+02
 1.096E-01  1.24894461656245E+02
 1.111E-01  1.25895461914849E+02
 1.126E-01  1.26923930662700E+02
 1.141E-01  1.27971069703718E+02
 1.157E-01  1.29027741162359E+02
 1.173E-01  1.30084526981244E+02
 1.189E-01  1.31131792175507E+02
 1.205E-01  1.32159751447054E+02
 1.221E-01  1.33158538718522E+02
 1.238E-01  1.34118279105644E+02
 1.255E-01  1.35029162808581E+02
 1.272E-01  1.35881520368020E+02
 1.289E-01  1.36665898700907E+02
 1.307E-01  1.37373137304140E+02
 1.325E-01  1.37994443992778E+02
 1.343E-01  1.38521469522690E+02
 1.361E-01  1.38946380436562E+02
 1.380E-01  1.39261929466973E+02
 1.399E-01  1.39461522831218E+02
 1.418E-01  1.39539283759885E+02
 1.437E-01  1.39490111615007E+02
 1.457E-01  1.39309735974082E+02
 1.477E-01  1.38994765083312E+02
 1.497E-01  1.38542728117150E+02
 1.517E-01  1.37952110721412E+02
 1.538E-01  1.37222383363819E+02
 1.559E-01  1.36354022068401E+02
 1.580E-01  1.35348521168714E+02
 1.602E-01  1.34208397778574E+02
 1.624E-01  1.32937187747852E+02
 1.646E-01  1.31539432944081E+02
 1.668E-01  1.30020659777706E+02
 1.691E-01  1.28387348969101E+02
 1.714E-01  1.26646896638292E+02
 1.738E-01  1.24807566882847E+02
 1.761E-01  1.22878436094928E+02
 1.785E-01  1.20869329354028E+02
 1.810E-01  1.18790749316734E+02
 1.834E-01  1.16653798107838E+02
 1.860E-01  1.14470092797484E+02
 1.885E-01  1.12251675125707E+02
 1.911E-01  1.10010916207756E+02
 1.937E-01  1.07760417020033E+02
 1.963E-01  1.05512905526359E+02
 1.990E-01  1.03281131356687E+02
 2.017E-01  1.01077758994446E+02
 2.045E-01  9.89152604636171E+01
 2.073E-01  9.68058085316474E+01
 2.101E-01  9.47611714588775E+01
 2.130E-01  9.27926103285930E+01
 2.159E-01  9.09107799839194E+01
 2.188E-01  8.91256345781718E+01
 2.218E-01  8.74463387139290E+01
 2.248E-01  8.58811851030748E+01
 2.279E-01  8.44375196255995E+01
 2.310E-01  8.31216745994822E+01
 2.342E-01  8.19389109980790E+01
 2.374E-01  8.08933702658679E+01
 2.406E-01  7.99880362890313E+01
 2.439E-01  7.92247079752357E+01
 2.472E-01  7.86039827882155E+01
 2.506E-01  7.81252514686308E+01
 2.540E-01  7.77867040544551E+01
 2.575E-01  7.75853471932130E+01
 2.610E-01  7.75170326161645E+01
 2.646E-01  7.75764965224317E+01
 2.682E-01  7.77574095005819E+01
 2.718E-01  7.80524364977555E+01
 2.755E-01  7.84533062335652E+01
 2.793E-01  7.89508893491326E+01
 2.831E-01  7.95352844822280E+01
 2.870E-01  8.01959113689231E+01
 2.909E-01  8.09216099917924E+01
 2.949E-01  8.17007447257374E+01
 2.989E-01  8.25213123760784E+01
 3.030E-01  8.33710529606181E+01
 3.071E-01  8.42375620587099E+01
 3.113E-01  8.51084035365298E+01
 3.156E-01  8.59712214590888E+01
 3.199E-01  8.68138500161197E+01
 3.242E-01  8.76244203206510E+01
 3.287E-01  8.83914629854046E+01
 3.331E-01  8.91040054424218E+01
 3.377E-01  8.97516630445881E+01
 3.423E-01  9.03247230728208E+01
 3.470E-01  9.08142208682139E+01
 3.517E-01  9.12120074128629E+01
 3.565E-01  9.15108077947118E+01
 3.614E-01  9.17042701087969E+01
 3.663E-01  9.17870044678352E+01
 3.713E-01  9.17546119173625E+01
 3.764E-01  9.16037031726891E+01
 3.815E-01  9.13319072150266E+01
 3.867E-01  9.09378699005243E+01
 3.920E-01  9.04212428470564E+01
 3.974E-01  8.97826629679870E+01
 4.028E-01  8.90237231185336E+01
 4.083E-01  8.81469344076912E+01
 4.139E-01  8.71556808060741E+01
 4.195E-01  8.60541667468230E+01
 4.252E-01  8.48473584724464E+01
 4.311E-01  8.35409199248403E+01
 4.369E-01  8.21411440087151E+01
 4.429E-01  8.06548800803344E+01
 4.489E-01  7.90894585241360E+01
 4.551E-01  7.74526132798639E+01
 4.613E-01  7.57524031728523E+01
 4.676E-01  7.39971328807063E+01
 4.740E-01  7.21952743415702E+01
 4.804E-01  7.03553893732545E+01
 4.870E-01  6.84860542295585E+01
 4.936E-01  6.65957867710499E+01
 5.004E-01  6.46929768732295E+01
 5.072E-01  6.27858206363098E+01
 5.141E-01  6.08822588986296E+01
 5.212E-01  5.89899204908730E+01
 5.283E-01  5.71160706015724E+01
 5.355E-01  5.52675645566354E+01
 5.428E-01  5.34508072475945E+01
 5.502E-01  5.16717183756430E+01
 5.577E-01  4.99357036119482E+01
 5.653E-01  4.82476317098623E+01
 5.731E-01  4.66118175420521E+01
 5.809E-01  4.50320109757925E+01
 5.888E-01  4.35113914432115E+01
 5.969E-01  4.20525680105950E+01
 6.050E-01  4.06575847023707E+01
 6.133E-01  3.93279307914590E+01
 6.216E-01  3.80645557286122E+01
 6.301E-01  3.68678883494303E+01
 6.387E-01  3.57378599691373E+01
 6.474E-01  3.46739309520535E+01
 6.563E-01  3.36751203250986E+01
 6.652E-01  3.27400379925749E+01
 6.743E-01  3.18669191028693E+01
 6.835E-01  3.10536601164107E+01
 6.929E-01  3.02978561280263E+01
 7.023E-01  2.95968390054879E+01
 7.119E-01  2.89477159191878E+01
 7.216E-01  2.83474078551676E+01
 7.315E-01  2.77926877247254E+01
 7.415E-01  2.72802177081097E+01
 7.516E-01  2.68065854969069E+01
 7.618E-01  2.63683391291904E+01
 7.723E-01  2.59620201428440E+01
 7.828E-01  2.55841948052529E+01
 7.935E-01  2.52314832113177E+01
 8.043E-01  2.49005860760685E+01
 8.153E-01  2.45883090826135E+01
 8.264E-01  2.42915846803740E+01
 8.377E-01  2.40074912621481E+01
 8.491E-01  2.37332696811769E+01
 8.607E-01  2.34663371007239E+01
 8.725E-01  2.32042981984291E+01
 8.844E-01  2.29449537755929E+01
 8.965E-01  2.26863068473349E+01
 9.087E-01  2.24265663130543E+01
 9.211E-01  2.21641483276134E+01
 9.337E-01  2.18976755120355E+01
 9.464E-01  2.16259741581516E+01
 9.594E-01  2.13480695944847E+01
 9.725E-01  2.10631798907072E+01
 9.857E-01  2.07707080852629E+01
 9.992E-01  2.04702331252663E+01
 1.013E+00  2.01614997096787E+01
 1.027E+00  1.98444072261362E+01
 1.041E+00  1.95189979688316E+01
 1.055E+00  1.91854448197202E+01
 1.069E+00  1.88440385682306E+01
 1.084E+00  1.84951750358569E+01
 1.099E+00  1.81393421617070E+01
 1.114E+00  1.77771071935578E+01
 1.129E+00  1.74091041164442E+01
 1.144E+00  1.70360214375571E+01
 1.160E+00  1.66585904324742E+01
 1.176E+00  1.62775739437322E+01
 1.192E+00  1.58937558086928E+01
 1.208E+00  1.55079309797533E+01
 1.225E+00  1.51208963863954E+01
 1.241E+00  1.47334425755095E+01
 1.258E+00  1.43463461540289E+01
 1.275E+00  1.39603630462614E+01
 1.293E+00  1.35762225675326E+01
 1.310E+00  1.31946223059116E+01
 1.328E+00  1.28162237949413E+01
 1.347E+00  1.24416489524751E+01
 1.365E+00  1.20714772539355E+01
 1.384E+00  1.17062436025670E+01
 1.402E+00  1.13464368545279E+01
 1.422E+00  1.09924989529317E+01
 1.441E+00  1.06448246221473E+01
 1.461E+00  1.03037615717697E+01
 1.481E+00  9.96961115859672E+00
 1.501E+00  9.64262945463323E+00
 1.521E+00  9.32302866952082E+00
 1.542E+00  9.01097887678315E+00
 1.563E+00  8.70660999480459E+00
 1.584E+00  8.41001397545257E+00
 1.606E+00  8.12124715563242E+00
 1.628E+00  7.84033272975722E+00
 1.650E+00  7.56726330405443E+00
 1.673E+00  7.30200349674971E+00
 1.696E+00  7.04449255140600E+00
 1.719E+00  6.79464693399620E+00
 1.742E+00  6.55236288759972E+00
 1.766E+00  6.31751892189143E+00
 1.790E+00  6.08997821779605E+00
 1.815E+00  5.86959093077770E+00
 1.839E+00  5.65619637919349E+00
 1.864E+00  5.44962510693867E+00
 1.890E+00  5.24970081222950E+00
 1.916E+00  5.05624213679485E+00
 1.942E+00  4.86906431196865E+00
 1.968E+00  4.68798066018725E+00
 1.995E+00  4.51280395219580E+00
 2.022E+00  4.34334762185753E+00
 2.050E+00  4.17942684184290E+00
 2.078E+00  4.02085946465847E+00
 2.106E+00  3.86746683446627E+00
 2.135E+00  3.71907447595337E+00
 2.164E+00  3.57551266715005E+00
 2.194E+00  3.43661690357539E+00
 2.224E+00  3.30222826142400E+00
 2.254E+00  3.17219366771155E+00
 2.285E+00  3.04636608538203E+00
 2.316E+00  2.92460462136025E+00
 2.348E+00  2.80677456542322E+00
 2.380E+00  2.69274736757455E+00
 2.412E+00  2.58240056135149E+00
 2.445E+00  2.47561764018441E+00
 2.479E+00  2.37228789357569E+00
 2.513E+00  2.27230620947821E+00
 2.547E+00  2.17557284884300E+00
 2.582E+00  2.08199319787870E+00
 2.617E+00  1.99147750313037E+00
 2.653E+00  1.90394059404806E+00
 2.689E+00  1.81930159728245E+00
 2.725E+00  1.73748364652049E+00
 2.763E+00  1.65841359126208E+00
 2.800E+00  1.58202170754416E+00
 2.839E+00  1.50824141324147E+00
 2.877E+00  1.43700899021830E+00
 2.917E+00  1.36826331527222E+00
 2.956E+00  1.30194560150083E+00
 2.997E+00  1.23799915143678E+00
 3.038E+00  1.17636912303374E+00
 3.079E+00  1.11700230934701E+00
 3.121E+00  1.05984693253683E+00
 3.164E+00  1.00485245262782E+00
 3.207E+00  9.51969391285207E-01
 3.251E+00  9.01149170714930E-01
 3.295E+00  8.52343967659582E-01
 3.340E+00  8.05506582344258E-01
 3.386E+00  7.60590322123891E-01
 3.432E+00  7.17548899495456E-01
 3.479E+00  6.76336344063025E-01
 3.526E+00  6.36906927979677E-01
 3.575E+00  5.99215104336535E-01
 3.623E+00  5.63215457924392E-01
 3.673E+00  5.28862667756563E-01
 3.723E+00  4.96111480711559E-01
 3.774E+00  4.64916695630310E-01
 3.825E+00  4.35233157183876E-01
 3.878E+00  4.07015758813539E-01
 3.930E+00  3.80219454035016E-01
 3.984E+00  3.54799275392094E-01
 4.039E+00  3.30710360341655E-01
 4.094E+00  3.07907983351796E-01
 4.150E+00  2.86347593497193E-01
 4.206E+00  2.65984856840978E-01
 4.264E+00  2.46775702900128E-01
 4.322E+00  2.28676374501629E-01
 4.381E+00  2.11643480349538E-01
 4.441E+00  1.95634049638499E-01
 4.501E+00  1.80605588067405E-01
 4.563E+00  1.66516134627601E-01
 4.625E+00  1.53324318563503E-01
 4.688E+00  1.40989415929637E-01
 4.752E+00  1.29471405196855E-01
 4.817E+00  1.18731021391911E-01
 4.883E+00  1.08729808288370E-01
 4.950E+00  9.94301682030795E-02
 5.017E+00  9.07954089907281E-02
 5.086E+00  8.27897878692908E-02
 5.155E+00  7.53785517510681E-02
 5.225E+00  6.85279737972418E-02
 5.297E+00  6.22053859580960E-02
 5.369E+00  5.63792073058769E-02
 5.442E+00  5.10189680123159E-02
 5.517E+00  4.60953288676853E-02
 5.592E+00  4.15800962825033E-02
 5.668E+00  3.74462327562069E-02
 5.746E+00  3.36678628388861E-02
 5.824E+00  3.02202746521006E-02
 5.904E+00  2.70799170725282E-02
 5.984E+00  2.42243927173677E-02
 6.066E+00  2.16324469027400E-02
 6.149E+00  1.92839527755295E-02
 6.233E+00  1.71598928449640E-02
 6.318E+00  1.52423371625762E-02
 6.404E+00  1.35144184179056E-02
 6.491E+00  1.19603042323070E-02
 6.580E+00  1.05651669445327E-02
 6.670E+00  9.31515118937103E-03
 6.761E+00  8.19733957464177E-03
 6.853E+00  7.19971676240834E-03
 6.947E+00  6.31113225752888E-03
 7.042E+00  5.52126220085468E-03
 7.138E+00  4.82057045573380E-03
 7.235E+00  4.20026926526515E-03
 7.334E+00  3.65227974426603E-03
 7.434E+00  3.16919245447538E-03
 7.536E+00  2.74422829443343E-03
 7.639E+00  2.37119991708264E-03
 7.743E+00  2.04447386874367E-03
 7.849E+00  1.75893362305209E-03
 7.956E+00  1.50994366299825E-03
 8.064E+00  1.29331474368329E-03
 8.174E+00  1.10527044805677E-03
 8.286E+00  9.42415127981303E-04
 8.399E+00  8.01703303696965E-04
 8.514E+00  6.80410576327205E-04
 8.630E+00  5.76106090643070E-04
 8.748E+00  4.86626569020496E-04
 8.867E+00  4.10051922493938E-04
 8.988E+00  3.44682431108423E-04
 9.111E+00  2.89017473454011E-04
 9.235E+00  2.41735774358600E-04
 9.362E+00  2.01677130220738E-04
 9.489E+00  1.67825563365464E-04
 9.619E+00  1.39293850066089E-04
 9.750E+00  1.15309361439424E-04
 9.883E+00  9.52011522233028E-05
 1.002E+01  7.83882294040224E-05
 1.016E+01  6.43689306891975E-05
 1.029E+01  5.27113418237268E-05
 1.043E+01  4.30446816242348E-05
 1.058E+01  3.50515842596269E-05
 1.072E+01  2.84612096314363E-05
 1.087E+01  2.30431146083335E-05
 1.102E+01  1.86018202486753E-05
 1.117E+01  1.49720129119492E-05
 1.132E+01  1.20143202286485E-05
 1.147E+01  9.61160618906648E-06
 1.163E+01  7.66573305223550E-06
 1.179E+01  6.09474130156181E-06
 1.195E+01  4.83040242590811E-06
 1.211E+01  3.81610283372800E-06
 1.228E+01  3.00502067048212E-06
 1.245E+01  2.35856067017386E-06
 1.262E+01  1.84501540136666E-06
 1.279E+01  1.43842434368382E-06
 1.296E+01  1.11760513550930E-06
 1.314E+01  8.65334055578514E-07
 1.332E+01  6.67655333193235E-07
 1.350E+01  5.13301220791864E-07
 1.368E+01  3.93206908907917E-07
 1.387E+01  3.00106320786049E-07
 1.406E+01  2.28197625641828E-07
 1.425E+01  1.72872245618157E-07
 1.445E+01  1.30466114954925E-07
 1.464E+01  9.80858140367593E-08
 1.484E+01  7.34561344252225E-08
 1.505E+01  5.47949322972218E-08
 1.525E+01  4.07117619626871E-08
 1.546E+01  3.01261039991995E-08
 1.567E+01  2.22016709622238E-08
 1.589E+01  1.62938486871759E-08
 1.610E+01  1.19078233439244E-08
 1.632E+01  8.66536350595954E-09
 1.655E+01  6.27858161773571E-09
 1.677E+01  4.52929865072983E-09
 1.700E+01  3.25288691007462E-09
 1.723E+01  2.32567560307182E-09
 1.747E+01  1.65517789110967E-09
 1.771E+01  1.17254201024434E-09
 1.795E+01  8.26747312581128E-10
 1.819E+01  5.80162807319132E-10
 1.844E+01  4.05164482546562E-10
 1.869E+01  2.81571393213895E-10
 1.895E+01  1.94711795801486E-10
 1.921E+01  1.33971695783996E-10
 1.947E+01  9.17109074045418E-11
 1.974E+01  6.24576647537421E-11
 2.000E+01  4.23132677617181E-11
 2.028E+01  2.85142726104062E-11
 2.055E+01  1.91122291498742E-11
 2.084E+01  1.27406528341422E-11
 2.112E+01  8.44638455237901E-12
 2.141E+01  5.56821434531482E-12
 2.170E+01  3.65000628462088E-12
 2.200E+01  2.37886635946971E-12
 2.230E+01  1.54138445380175E-12
 2.260E+01  9.92845487725322E-13
 2.291E+01  6.35692244870301E-13
 2.322E+01  4.04548904031727E-13
 2.354E+01  2.55869100235155E-13
 2.386E+01  1.60823936833105E-13
 2.419E+01  1.00445944993900E-13
 2.452E+01  6.23340485965306E-14
 2.485E+01  3.84318499235992E-14
 2.519E+01  2.35391933346261E-14
 2.554E+01  1.43214493411730E-14
 2.588E+01  8.65441506668625E-15
 2.624E+01  5.19401892583978E-15
 2.660E+01  3.09559082763314E-15
 2.696E+01  1.83196171203983E-15
 2.733E+01  1.07641587017208E-15
 2.770E+01  6.27902365582605E-16
 2.808E+01  3.63587852871999E-16
 2.846E+01  2.08972017822758E-16
 2.885E+01  1.19202164970025E-16
 2.924E+01  6.74764918823770E-17
 2.964E+01  3.79007401776114E-17
 3.005E+01  2.11214442440086E-17
 3.046E+01  1.16770598479797E-17
 3.087E+01  6.40368546543854E-18
 3.130E+01  3.48309275649888E-18
 3.172E+01  1.87884072995709E-18
 3.216E+01  1.00497538464326E-18
 3.259E+01  5.32980593064012E-19
 3.304E+01  2.80225194764812E-19
 3.349E+01  1.46046577757907E-19
 3.395E+01  7.54417786374586E-20
 3.441E+01  3.86203298708448E-20
 3.488E+01  1.95907039959020E-20
 3.536E+01  9.84600056920851E-21
 3.584E+01  4.90219323726153E-21
 3.633E+01  2.41760868928278E-21
 3.683E+01  1.18083738624364E-21
 3.733E+01  5.71143724395422E-22
 3.784E+01  2.73523024822936E-22
 3.835E+01  1.29681099676978E-22
 3.888E+01  6.08603061097401E-23
 3.941E+01  2.82686949301462E-23
 3.995E+01  1.29936230113523E-23
 4.049E+01  5.90942875156086E-24
 4.104E+01  2.65881721982528E-24
 4.161E+01  1.18329255616262E-24
 4.217E+01  5.20832606856814E-25
 4.275E+01  2.26692807812826E-25
 4.333E+01  9.75538345812616E-26
 4.392E+01  4.15002342000401E-26
 4.452E+01  1.74497012686686E-26
 4.513E+01  7.25082462077116E-27
 4.575E+01  2.97699783760516E-27
 4.637E+01  1.20750836303783E-27
 4.701E+01  4.83782447072907E-28
 4.765E+01  1.91419086781011E-28
 4.830E+01  7.47861910386780E-29
 4.896E+01  2.88458649605725E-29
 4.963E+01  1.09823639727861E-29
 5.030E+01  4.12650103169688E-30
 5.099E+01  1.52991196948244E-30
 5.169E+01  5.59600180320083E-31
 5.239E+01  2.01910228414661E-31
 5.311E+01  7.18607014889239E-32
 5.383E+01  2.52339129336389E-32
 5.457E+01  8.75215984430480E-33
 5.531E+01  3.00935927889577E-33
 5.607E+01  0.00000000000000E+00
 5.683E+01  0.00000000000000E+00
 5.761E+01  0.00000000000000E+00
 5.839E+01  0.00000000000000E+00
 5.919E+01  0.00000000000000E+00
 6.000E+01  0.00000000000000E+00
