./ilogA is logfile.
./chgdenHg calculation starts
rmin,rmax=  1.25E-08  2.24E+01
  27472.60562263 -17049.54800505      0.30000000    1
   1557.13717268 -18440.29077150      0.30000000    1
    961.24658884 -19131.05723231      0.30000000    1
    577.83808998 -19437.16503778      0.30000000    1
    338.02506237 -19554.95108173      0.30000000    1
    193.37793265 -19593.72915708      0.30000000    1
    109.79078512 -19605.18562281      0.30000000    1
     63.34025655 -19608.70637057      0.30000000    1
     37.84239677 -19609.94481707      0.30000000    1
     23.46224820 -19610.40825919      0.30000000    1
     14.97866977 -19610.58007171      0.30000000    1
      9.77533094 -19610.64373486      0.30000000    1
      6.48547719 -19610.66825952      0.30000000    1
      4.35016630 -19610.67824364      0.30000000    1
      2.93479630 -19610.68248500      0.30000000    1
      1.98421967 -19610.68432919      0.30000000    1
      1.34198412 -19610.68513937      0.30000000    1
      0.90737429 -19610.68549683      0.30000000    1
      0.61334341 -19610.68565496      0.30000000    1
      0.41456168 -19610.68572511      0.30000000    1
      0.28025081 -19610.68575633      0.30000000    1
      0.18952422 -19610.68577031      0.30000000    1
      0.12823522 -19610.68577659      0.30000000    1
      0.08681946 -19610.68577943      0.30000000    1
      0.05881910 -19610.68578073      0.30000000    1
      0.03987697 -19610.68578132      0.30000000    1
      0.02705387 -19610.68578159      0.30000000    1
      0.01836684 -19610.68578172      0.30000000    1
      0.01247748 -19610.68578178      0.30000000    1
      0.00848190 -19610.68578181      0.30000000    1
      0.00576925 -19610.68578182      0.30000000    1
      0.00392634 -19610.68578183      0.30000000    1
      0.00267353 -19610.68578183      0.30000000    1
      0.00182135 -19610.68578183      0.30000000    1
      0.00124138 -19610.68578183      0.30000000    1
      0.00084643 -19610.68578183      0.30000000    1
      0.00057736 -19610.68578183      0.30000000    1
      0.00039397 -19610.68578183      0.30000000    1
      0.00000000 -19610.68578183      1.00000000    2
      0.00000000 -19610.68578183      1.00000000    3
    1   0 0  -1/2   1    2.0000      -3029.900288
    2   0 0  -1/2   1    2.0000       -537.186736
    2   1 1  -1/2   1    2.0000       -515.707612
    2   1 1  -3/2   1    4.0000       -445.096375
    3   0 0  -1/2   1    2.0000       -127.530438
    3   1 1  -1/2   1    2.0000       -117.807773
    3   1 1  -3/2   1    4.0000       -102.150247
    3   2 2  -3/2   1    4.0000        -86.000957
    3   2 2  -5/2   1    6.0000        -82.626502
    4   0 0  -1/2   1    2.0000        -28.009753
    4   1 1  -1/2   1    2.0000        -23.832948
    4   1 1  -3/2   1    4.0000        -20.041058
    4   2 2  -3/2   1    4.0000        -13.193866
    4   2 2  -5/2   1    6.0000        -12.483255
    5   0 0  -1/2   1    2.0000         -4.323436
    5   1 1  -1/2   1    2.0000         -2.937372
    5   1 1  -3/2   1    4.0000         -2.265132
    4   3 3  -5/2   1    6.0000         -3.630122
    4   3 3  -7/2   1    8.0000         -3.476033
    5   2 2  -3/2   1    4.0000         -0.413653
    5   2 2  -5/2   1    6.0000         -0.345890
    6   0 0  -1/2   1    2.0000         -0.260888
 total energy =   -1.96106857818328E+04 -5.33634215083766E+05
