line2: Z,NR,R(1),R(NR) /line3,4,...: R(N),RHO*4*PI*R(N)**2
55.00  2000  1.01365245284744E-10  6.00000000000000E+01
 1.014E-10  3.54031625109025E-13
 1.027E-10  3.62935906172323E-13
 1.042E-10  3.72064139606328E-13
 1.056E-10  4.17288108405372E-13
 1.070E-10  4.27783358936467E-13
 1.085E-10  4.38542576455800E-13
 1.100E-10  4.49572400013339E-13
 1.115E-10  4.60879635649279E-13
 1.130E-10  4.72471260578550E-13
 1.145E-10  4.84354427501765E-13
 1.161E-10  4.96536469017599E-13
 1.177E-10  5.09024902147570E-13
 1.193E-10  5.21827432974477E-13
 1.209E-10  5.34951961397504E-13
 1.226E-10  5.48406586006908E-13
 1.242E-10  5.62199609081277E-13
 1.259E-10  5.76339541710583E-13
 1.276E-10  5.90835109047962E-13
 1.294E-10  6.05695255693645E-13
 1.312E-10  6.20929151214295E-13
 1.329E-10  6.36546195801184E-13
 1.348E-10  6.52556026070618E-13
 1.366E-10  6.68968521010269E-13
 1.385E-10  6.85793808075154E-13
 1.404E-10  7.03042269436807E-13
 1.423E-10  7.20724548389618E-13
 1.442E-10  7.38851555918456E-13
 1.462E-10  7.57434477431416E-13
 1.482E-10  7.76484779661631E-13
 1.502E-10  7.96014217743169E-13
 1.523E-10  8.16034842464506E-13
 1.543E-10  8.36559007704530E-13
 1.564E-10  8.57599378055681E-13
 1.586E-10  8.79168936638634E-13
 1.607E-10  9.01280993113721E-13
 1.629E-10  9.23949191893681E-13
 1.652E-10  9.47187520563153E-13
 1.674E-10  9.71010318509735E-13
 1.697E-10  9.95432285772149E-13
 1.720E-10  1.02046849211123E-12
 1.744E-10  1.04613438630861E-12
 1.767E-10  1.07244580569961E-12
 1.792E-10  1.09941898594586E-12
 1.816E-10  1.12707057105343E-12
 1.841E-10  1.15541762364324E-12
 1.866E-10  1.18447763547990E-12
 1.891E-10  1.21426853826479E-12
 1.917E-10  1.24480871470104E-12
 1.943E-10  1.27611700983698E-12
 1.970E-10  1.30821274269423E-12
 1.997E-10  1.34111571818890E-12
 2.024E-10  1.37484623935231E-12
 2.052E-10  1.40942511985909E-12
 2.080E-10  1.44487369687039E-12
 2.108E-10  1.48121384420032E-12
 2.137E-10  1.51846798581323E-12
 2.166E-10  1.55665910966036E-12
 2.196E-10  1.59581078186516E-12
 2.226E-10  1.63594716126463E-12
 2.256E-10  1.67709301431687E-12
 2.287E-10  1.71927373038331E-12
 2.318E-10  1.76251533739545E-12
 2.350E-10  1.80684451791567E-12
 2.382E-10  1.85228862560172E-12
 2.414E-10  1.89887570208567E-12
 2.447E-10  1.94663449427713E-12
 2.481E-10  1.99559447210182E-12
 2.515E-10  2.04578584668612E-12
 2.549E-10  2.09723958899907E-12
 2.584E-10  2.14998744896346E-12
 2.619E-10  2.20406197504693E-12
 2.655E-10  2.25949653434675E-12
 2.691E-10  2.31632533317884E-12
 2.728E-10  2.37458343818506E-12
 2.765E-10  2.43430679797181E-12
 2.803E-10  2.49553226529180E-12
 2.841E-10  2.55829761978465E-12
 2.880E-10  2.62264159128900E-12
 2.919E-10  2.68860388374111E-12
 2.959E-10  2.75622519967436E-12
 2.999E-10  2.82554726533511E-12
 3.040E-10  2.89661285643042E-12
 3.082E-10  2.96946582452262E-12
 3.124E-10  3.04415112408877E-12
 3.166E-10  3.12071484025979E-12
 3.210E-10  3.19920421725783E-12
 3.253E-10  3.27966768754867E-12
 3.298E-10  3.36215490172717E-12
 3.343E-10  3.44671675915485E-12
 3.389E-10  3.53340543936725E-12
 3.435E-10  3.62227443427211E-12
 3.482E-10  3.71337858115700E-12
 3.529E-10  3.80677409652665E-12
 3.577E-10  3.90251861079243E-12
 3.626E-10  4.00067120383276E-12
 3.676E-10  4.10129244144927E-12
 3.726E-10  4.20444441273980E-12
 3.777E-10  4.31019076841018E-12
 3.828E-10  4.41859676005109E-12
 3.881E-10  4.52972928040105E-12
 3.934E-10  4.64365690462404E-12
 3.987E-10  4.76044993262424E-12
 4.042E-10  4.88018043242430E-12
 4.097E-10  5.00292228463652E-12
 4.153E-10  5.12875122805073E-12
 4.210E-10  5.25774490636943E-12
 4.267E-10  5.38998291611906E-12
 4.325E-10  5.52554685576519E-12
 4.384E-10  5.66452037606310E-12
 4.444E-10  5.80698923167585E-12
 4.505E-10  5.95304133408949E-12
 4.566E-10  6.10276680585937E-12
 4.629E-10  6.25625803622134E-12
 4.692E-10  6.41360973810059E-12
 4.756E-10  6.57491900655553E-12
 4.821E-10  6.74028537869077E-12
 4.887E-10  6.90981089507759E-12
 4.953E-10  7.08360016271822E-12
 5.021E-10  7.26176041959442E-12
 5.090E-10  7.44440160084045E-12
 5.159E-10  7.63163640657801E-12
 5.230E-10  7.82358037145977E-12
 5.301E-10  8.02035193596041E-12
 5.373E-10  8.22207251946063E-12
 5.447E-10  8.42886659517160E-12
 5.521E-10  8.64086176694007E-12
 5.596E-10  8.85818884798867E-12
 5.673E-10  9.08098194163428E-12
 5.750E-10  9.30937852403837E-12
 5.829E-10  9.54351952903694E-12
 5.908E-10  9.78354943510502E-12
 5.989E-10  1.00296163545088E-11
 6.071E-10  1.02818721246973E-11
 6.154E-10  1.05404724019985E-11
 6.238E-10  1.08055767576647E-11
 6.323E-10  1.10773487763384E-11
 6.409E-10  1.13559561569948E-11
 6.497E-10  1.16415708164187E-11
 6.585E-10  1.19343689952895E-11
 6.675E-10  1.22345313669319E-11
 6.766E-10  1.25422431488000E-11
 6.859E-10  1.28576942167682E-11
 6.952E-10  1.31810792222946E-11
 7.047E-10  1.35125977125343E-11
 7.144E-10  1.38524542534687E-11
 7.241E-10  1.42008585561357E-11
 7.340E-10  1.45580256060354E-11
 7.440E-10  1.49241757957836E-11
 7.542E-10  1.52995350611118E-11
 7.645E-10  1.56843350202802E-11
 7.749E-10  1.60788131169982E-11
 7.855E-10  1.64832127669435E-11
 7.962E-10  1.68977835079620E-11
 8.071E-10  1.73227811540466E-11
 8.181E-10  1.77584679531908E-11
 8.293E-10  1.82051127492085E-11
 8.406E-10  1.86629911476278E-11
 8.521E-10  1.91323856857556E-11
 8.637E-10  1.96135860070171E-11
 8.755E-10  2.01068890396839E-11
 8.874E-10  2.06125991800970E-11
 8.996E-10  2.11310284804955E-11
 9.118E-10  2.16624968415696E-11
 9.243E-10  2.22073322098584E-11
 9.369E-10  2.27658707801139E-11
 9.497E-10  2.33384572027502E-11
 9.627E-10  2.39254447965119E-11
 9.758E-10  2.45271957664936E-11
 9.891E-10  2.51440814276414E-11
 1.003E-09  2.57764824338743E-11
 1.016E-09  2.64247890129697E-11
 1.030E-09  2.70894012073572E-11
 1.044E-09  2.77707291209673E-11
 1.059E-09  2.84691931722862E-11
 1.073E-09  2.91852243537838E-11
 1.088E-09  2.99192644978591E-11
 1.102E-09  3.06717665494695E-11
 1.118E-09  3.14431948456318E-11
 1.133E-09  3.22340254019420E-11
 1.148E-09  3.30447462063030E-11
 1.164E-09  3.38758575200417E-11
 1.180E-09  3.47278721866009E-11
 1.196E-09  3.56013159479921E-11
 1.212E-09  3.64967277692037E-11
 1.229E-09  3.74146601707808E-11
 1.246E-09  3.83556795697581E-11
 1.263E-09  3.93203666291689E-11
 1.280E-09  4.03093166163528E-11
 1.297E-09  4.13231397702682E-11
 1.315E-09  4.23624616780441E-11
 1.333E-09  4.34279236609979E-11
 1.351E-09  4.45201831703781E-11
 1.370E-09  4.56399141930423E-11
 1.388E-09  4.67878076673426E-11
 1.407E-09  4.79645719094835E-11
 1.426E-09  4.91709330505846E-11
 1.446E-09  5.04076354847503E-11
 1.466E-09  5.16754423284032E-11
 1.486E-09  5.29751358911624E-11
 1.506E-09  5.43075181585879E-11
 1.527E-09  5.56734112870428E-11
 1.547E-09  5.70736581110056E-11
 1.568E-09  5.85091226631581E-11
 1.590E-09  5.99806907075363E-11
 1.612E-09  6.14892702861001E-11
 1.634E-09  6.30357922790464E-11
 1.656E-09  6.46212109792114E-11
 1.679E-09  6.62465046809273E-11
 1.701E-09  6.79126762836903E-11
 1.725E-09  6.96207539109964E-11
 1.748E-09  7.13717915447618E-11
 1.772E-09  7.31668696756893E-11
 1.796E-09  7.50070959699803E-11
 1.821E-09  7.68936059528419E-11
 1.846E-09  7.88275637091706E-11
 1.871E-09  8.08101626018455E-11
 1.896E-09  8.28426260081105E-11
 1.922E-09  8.49262080744772E-11
 1.949E-09  8.70621944905908E-11
 1.975E-09  8.92519032825699E-11
 2.002E-09  9.14966856263159E-11
 2.029E-09  9.37979266812708E-11
 2.057E-09  9.61570464451154E-11
 2.085E-09  9.85755006300122E-11
 2.114E-09  1.01054781560852E-10
 2.143E-09  1.03596419096102E-10
 2.172E-09  1.06201981571830E-10
 2.201E-09  1.08873076769427E-10
 2.232E-09  1.11611352907730E-10
 2.262E-09  1.14418499660059E-10
 2.293E-09  1.17296249196827E-10
 2.324E-09  1.20246377254400E-10
 2.356E-09  1.23270704230832E-10
 2.388E-09  1.26371096309148E-10
 2.421E-09  1.29549466608870E-10
 2.454E-09  1.32807776366551E-10
 2.487E-09  1.36148036145954E-10
 2.521E-09  1.39572307078675E-10
 2.556E-09  1.43082702135976E-10
 2.590E-09  1.46681387432642E-10
 2.626E-09  1.50370583563558E-10
 2.662E-09  1.54152566973969E-10
 2.698E-09  1.58029671364157E-10
 2.735E-09  1.62004289129465E-10
 2.772E-09  1.66078872836568E-10
 2.810E-09  1.70255936736812E-10
 2.848E-09  1.74538058317675E-10
 2.887E-09  1.78927879893200E-10
 2.927E-09  1.83428110234473E-10
 2.967E-09  1.88041526241100E-10
 3.007E-09  1.92770974654651E-10
 3.048E-09  1.97619373815320E-10
 3.090E-09  2.02589715462703E-10
 3.132E-09  2.07685066581833E-10
 3.175E-09  2.12908571295698E-10
 3.218E-09  2.18263452805382E-10
 3.262E-09  2.23753015378912E-10
 3.307E-09  2.29380646390178E-10
 3.352E-09  2.35149818409181E-10
 3.398E-09  2.41064091344772E-10
 3.444E-09  2.47127114641306E-10
 3.491E-09  2.53342629530581E-10
 3.539E-09  2.59714471340371E-10
 3.587E-09  2.66246571861050E-10
 3.636E-09  2.72942961771733E-10
 3.685E-09  2.79807773127407E-10
 3.736E-09  2.86845241908688E-10
 3.787E-09  2.94059710635602E-10
 3.838E-09  3.01455631047200E-10
 3.891E-09  3.09037566848551E-10
 3.944E-09  3.16810196526740E-10
 3.998E-09  3.24778316237820E-10
 4.052E-09  3.32946842766302E-10
 4.108E-09  3.41320816559032E-10
 4.164E-09  3.49905404835512E-10
 4.221E-09  3.58705904776307E-10
 4.278E-09  3.67727746791716E-10
 4.337E-09  3.76976497872663E-10
 4.396E-09  3.86457865025793E-10
 4.456E-09  3.96177698795085E-10
 4.517E-09  4.06141996871894E-10
 4.578E-09  4.16356907795903E-10
 4.641E-09  4.26828734749138E-10
 4.704E-09  4.37563939445339E-10
 4.769E-09  4.48569146117205E-10
 4.834E-09  4.59851145603952E-10
 4.900E-09  4.71416899541614E-10
 4.967E-09  4.83273544658726E-10
 5.034E-09  4.95428397180184E-10
 5.103E-09  5.07888957341687E-10
 5.173E-09  5.20662914017813E-10
 5.243E-09  5.33758149466483E-10
 5.315E-09  5.47182744192778E-10
 5.388E-09  5.60944981935043E-10
 5.461E-09  5.75053354776415E-10
 5.536E-09  5.89516568384936E-10
 5.611E-09  6.04343547385382E-10
 5.688E-09  6.19543440866316E-10
 5.765E-09  6.35125628025530E-10
 5.844E-09  6.51099723957581E-10
 5.924E-09  6.67475585586863E-10
 6.005E-09  6.84263317749717E-10
 6.087E-09  7.01473279429857E-10
 6.170E-09  7.19116090150425E-10
 6.254E-09  7.37202636526648E-10
 6.340E-09  7.55744078983715E-10
 6.426E-09  7.74751858643254E-10
 6.514E-09  7.94237704383118E-10
 6.603E-09  8.14213640074865E-10
 6.693E-09  8.34691992003013E-10
 6.784E-09  8.55685396471107E-10
 6.877E-09  8.77206807599047E-10
 6.971E-09  8.99269505316467E-10
 7.066E-09  9.21887103557182E-10
 7.162E-09  9.45073558659747E-10
 7.260E-09  9.68843177979250E-10
 7.359E-09  9.93210628715805E-10
 7.460E-09  1.01819094696492E-09
 7.562E-09  1.04379954699575E-09
 7.665E-09  1.07005223076245E-09
 7.770E-09  1.09696519765479E-09
 7.876E-09  1.12455505449426E-09
 7.983E-09  1.15283882578115E-09
 8.092E-09  1.18183396419981E-09
 8.203E-09  1.21155836138788E-09
 8.315E-09  1.24203035897618E-09
 8.428E-09  1.27326875990684E-09
 8.543E-09  1.30529284003555E-09
 8.660E-09  1.33812236002578E-09
 8.778E-09  1.37177757754240E-09
 8.898E-09  1.40627925975154E-09
 9.019E-09  1.44164869613519E-09
 9.142E-09  1.47790771162786E-09
 9.267E-09  1.51507868008401E-09
 9.394E-09  1.55318453808359E-09
 9.522E-09  1.59224879908535E-09
 9.652E-09  1.63229556793598E-09
 9.784E-09  1.67334955574396E-09
 9.917E-09  1.71543609512782E-09
 1.005E-08  1.75858115584745E-09
 1.019E-08  1.80281136082928E-09
 1.033E-08  1.84815400259368E-09
 1.047E-08  1.89463706009620E-09
 1.061E-08  1.94228921599184E-09
 1.076E-08  1.99113987433390E-09
 1.090E-08  2.04121917871814E-09
 1.105E-08  2.09255803088253E-09
 1.120E-08  2.14518810977554E-09
 1.136E-08  2.19914189110380E-09
 1.151E-08  2.25445266737140E-09
 1.167E-08  2.31115456842286E-09
 1.183E-08  2.36928258250324E-09
 1.199E-08  2.42887257784802E-09
 1.215E-08  2.48996132481525E-09
 1.232E-08  2.55258651857503E-09
 1.249E-08  2.61678680236971E-09
 1.266E-08  2.68260179135840E-09
 1.283E-08  2.75007209706197E-09
 1.301E-08  2.81923935242229E-09
 1.318E-08  2.89014623749198E-09
 1.336E-08  2.96283650577070E-09
 1.355E-08  3.03735501120260E-09
 1.373E-08  3.11374773585423E-09
 1.392E-08  3.19206181828773E-09
 1.411E-08  3.27234558264767E-09
 1.430E-08  3.35464856847976E-09
 1.450E-08  3.43902156129932E-09
 1.470E-08  3.52551662392871E-09
 1.490E-08  3.61418712862254E-09
 1.510E-08  3.70508779000152E-09
 1.531E-08  3.79827469881396E-09
 1.551E-08  3.89380535654685E-09
 1.573E-08  3.99173871090739E-09
 1.594E-08  4.09213519219633E-09
 1.616E-08  4.19505675059734E-09
 1.638E-08  4.30056689440312E-09
 1.660E-08  4.40873072920294E-09
 1.683E-08  4.51961499805686E-09
 1.706E-08  4.63328812267932E-09
 1.729E-08  4.74982024565905E-09
 1.753E-08  4.86928327374040E-09
 1.777E-08  4.99175092219355E-09
 1.801E-08  5.11729876030096E-09
 1.826E-08  5.24600425798710E-09
 1.851E-08  5.37794683362180E-09
 1.876E-08  5.51320790302505E-09
 1.901E-08  5.65187092970491E-09
 1.927E-08  5.79402147635894E-09
 1.954E-08  5.93974725767044E-09
 1.980E-08  6.08913819443314E-09
 2.007E-08  6.24228646903641E-09
 2.035E-08  6.39928658234714E-09
 2.063E-08  6.56023541202159E-09
 2.091E-08  6.72523227228301E-09
 2.119E-08  6.89437897520399E-09
 2.148E-08  7.06777989352997E-09
 2.178E-08  7.24554202508187E-09
 2.207E-08  7.42777505877962E-09
 2.237E-08  7.61459144232531E-09
 2.268E-08  7.80610645158939E-09
 2.299E-08  8.00243826174165E-09
 2.330E-08  8.20370802017039E-09
 2.362E-08  8.41003992123777E-09
 2.394E-08  8.62156128291302E-09
 2.427E-08  8.83840262533295E-09
 2.460E-08  9.06069775134193E-09
 2.494E-08  9.28858382905236E-09
 2.528E-08  9.52220147648488E-09
 2.562E-08  9.76169484833779E-09
 2.597E-08  1.00072117249353E-08
 2.633E-08  1.02589036034174E-08
 2.669E-08  1.05169257912193E-08
 2.705E-08  1.07814375019049E-08
 2.742E-08  1.10526019534086E-08
 2.779E-08  1.13305864687477E-08
 2.817E-08  1.16155625792710E-08
 2.856E-08  1.19077061305003E-08
 2.895E-08  1.22071973906362E-08
 2.934E-08  1.25142211617916E-08
 2.974E-08  1.28289668940226E-08
 3.015E-08  1.31516288022314E-08
 3.056E-08  1.34824059860027E-08
 3.098E-08  1.38215025524584E-08
 3.140E-08  1.41691277422024E-08
 3.183E-08  1.45254960584307E-08
 3.227E-08  1.48908273992908E-08
 3.271E-08  1.52653471935685E-08
 3.315E-08  1.56492865397870E-08
 3.361E-08  1.60428823488086E-08
 3.406E-08  1.64463774900166E-08
 3.453E-08  1.68600209411760E-08
 3.500E-08  1.72840679420687E-08
 3.548E-08  1.77187801519846E-08
 3.596E-08  1.81644258111770E-08
 3.645E-08  1.86212799063812E-08
 3.695E-08  1.90896243404922E-08
 3.746E-08  1.95697481065121E-08
 3.797E-08  2.00619474658712E-08
 3.849E-08  2.05665261312349E-08
 3.901E-08  2.10837954539081E-08
 3.954E-08  2.16140746159531E-08
 4.008E-08  2.21576908271373E-08
 4.063E-08  2.27149795268387E-08
 4.119E-08  2.32862845910238E-08
 4.175E-08  2.38719585444348E-08
 4.232E-08  2.44723627781156E-08
 4.290E-08  2.50878677724020E-08
 4.348E-08  2.57188533255261E-08
 4.408E-08  2.63657087879650E-08
 4.468E-08  2.70288333026914E-08
 4.529E-08  2.77086360514583E-08
 4.591E-08  2.84055365072815E-08
 4.653E-08  2.91199646932748E-08
 4.717E-08  2.98523614479888E-08
 4.781E-08  3.06031786974283E-08
 4.846E-08  3.13728797339098E-08
 4.913E-08  3.21619395019309E-08
 4.980E-08  3.29708448912302E-08
 5.048E-08  3.38000950372187E-08
 5.117E-08  3.46502016289680E-08
 5.186E-08  3.55216892249384E-08
 5.257E-08  3.64150955766579E-08
 5.329E-08  3.73309719605330E-08
 5.402E-08  3.82698835180086E-08
 5.475E-08  3.92324096042819E-08
 5.550E-08  4.02191441457877E-08
 5.626E-08  4.12306960066784E-08
 5.703E-08  4.22676893645065E-08
 5.781E-08  4.33307640953727E-08
 5.860E-08  4.44205761687550E-08
 5.940E-08  4.55377980522623E-08
 6.021E-08  4.66831191265745E-08
 6.103E-08  4.78572461108161E-08
 6.186E-08  4.90609034986275E-08
 6.271E-08  5.02948340052002E-08
 6.356E-08  5.15597990255672E-08
 6.443E-08  5.28565791044043E-08
 6.531E-08  5.41859744176530E-08
 6.620E-08  5.55488052662652E-08
 6.711E-08  5.69459125823519E-08
 6.802E-08  5.83781584480656E-08
 6.895E-08  5.98464266275385E-08
 6.989E-08  6.13516231121963E-08
 7.085E-08  6.28946766797791E-08
 7.181E-08  6.44765394674379E-08
 7.279E-08  6.60981875592238E-08
 7.379E-08  6.77606215883710E-08
 7.479E-08  6.94648673547205E-08
 7.582E-08  7.12119764576660E-08
 7.685E-08  7.30030269450295E-08
 7.790E-08  7.48391239782507E-08
 7.896E-08  7.67214005142962E-08
 8.004E-08  7.86510180047436E-08
 8.113E-08  8.06291671124224E-08
 8.224E-08  8.26570684460861E-08
 8.336E-08  8.47359733135777E-08
 8.450E-08  8.68671644939095E-08
 8.566E-08  8.90519570287817E-08
 8.683E-08  9.12916990339899E-08
 8.801E-08  9.35877725312721E-08
 8.921E-08  9.59415943010309E-08
 9.043E-08  9.83546167565363E-08
 9.167E-08  1.00828328840106E-07
 9.292E-08  1.03364256941815E-07
 9.419E-08  1.05963965841322E-07
 9.547E-08  1.08629059673374E-07
 9.677E-08  1.11361182917613E-07
 9.810E-08  1.14162021413240E-07
 9.944E-08  1.17033303399220E-07
 1.008E-07  1.19976800580666E-07
 1.022E-07  1.22994329222002E-07
 1.036E-07  1.26087751267646E-07
 1.050E-07  1.29258975490877E-07
 1.064E-07  1.32509958671580E-07
 1.079E-07  1.35842706803631E-07
 1.093E-07  1.39259276332628E-07
 1.108E-07  1.42761775424764E-07
 1.123E-07  1.46352365267607E-07
 1.139E-07  1.50033261403585E-07
 1.154E-07  1.53806735097035E-07
 1.170E-07  1.57675114735605E-07
 1.186E-07  1.61640787266898E-07
 1.202E-07  1.65706199671295E-07
 1.219E-07  1.69873860471742E-07
 1.235E-07  1.74146341281570E-07
 1.252E-07  1.78526278391222E-07
 1.269E-07  1.83016374394867E-07
 1.287E-07  1.87619399857960E-07
 1.304E-07  1.92338195026695E-07
 1.322E-07  1.97175671580505E-07
 1.340E-07  2.02134814428582E-07
 1.358E-07  2.07218683551598E-07
 1.377E-07  2.12430415889768E-07
 1.396E-07  2.17773227278349E-07
 1.415E-07  2.23250414431872E-07
 1.434E-07  2.28865356978215E-07
 1.454E-07  2.34621519543895E-07
 1.473E-07  2.40522453891747E-07
 1.494E-07  2.46571801112378E-07
 1.514E-07  2.52773293870778E-07
 1.535E-07  2.59130758709380E-07
 1.556E-07  2.65648118409042E-07
 1.577E-07  2.72329394409436E-07
 1.598E-07  2.79178709290299E-07
 1.620E-07  2.86200289315055E-07
 1.642E-07  2.93398467038437E-07
 1.665E-07  3.00777683979686E-07
 1.687E-07  3.08342493362996E-07
 1.710E-07  3.16097562926792E-07
 1.734E-07  3.24047677803759E-07
 1.757E-07  3.32197743473288E-07
 1.781E-07  3.40552788788080E-07
 1.806E-07  3.49117969076977E-07
 1.830E-07  3.57898569325787E-07
 1.855E-07  3.66900007438043E-07
 1.881E-07  3.76127837577883E-07
 1.906E-07  3.85587753596882E-07
 1.932E-07  3.95285592547132E-07
 1.959E-07  4.05227338282676E-07
 1.986E-07  4.15419125151445E-07
 2.013E-07  4.25867241780147E-07
 2.040E-07  4.36578134954203E-07
 2.068E-07  4.47558413595417E-07
 2.096E-07  4.58814852839560E-07
 2.125E-07  4.70354398216494E-07
 2.154E-07  4.82184169935517E-07
 2.183E-07  4.94311467278400E-07
 2.213E-07  5.06743773102913E-07
 2.243E-07  5.19488758459651E-07
 2.274E-07  5.32554287324865E-07
 2.305E-07  5.45948421452377E-07
 2.336E-07  5.59679425347608E-07
 2.368E-07  5.73755771366487E-07
 2.401E-07  5.88186144942755E-07
 2.433E-07  6.02979449946639E-07
 2.467E-07  6.18144814178335E-07
 2.500E-07  6.33691594999614E-07
 2.534E-07  6.49629385106995E-07
 2.569E-07  6.65968018450278E-07
 2.604E-07  6.82717576299697E-07
 2.640E-07  6.99888393465777E-07
 2.676E-07  7.17491064675573E-07
 2.712E-07  7.35536451109293E-07
 2.749E-07  7.54035687101243E-07
 2.787E-07  7.73000187009258E-07
 2.825E-07  7.92441652256963E-07
 2.863E-07  8.12372078553149E-07
 2.903E-07  8.32803763292603E-07
 2.942E-07  8.53749313143092E-07
 2.982E-07  8.75221651823107E-07
 3.023E-07  8.97234028075239E-07
 3.064E-07  9.19800023840100E-07
 3.106E-07  9.42933562635701E-07
 3.149E-07  9.66648918147526E-07
 3.192E-07  9.90960723034802E-07
 3.235E-07  1.01588397795803E-06
 3.279E-07  1.04143406083364E-06
 3.324E-07  1.06762673632125E-06
 3.369E-07  1.09447816554962E-06
 3.415E-07  1.12200491608720E-06
 3.462E-07  1.15022397216319E-06
 3.509E-07  1.17915274514601E-06
 3.557E-07  1.20880908428479E-06
 3.606E-07  1.23921128772135E-06
 3.655E-07  1.27037811377901E-06
 3.705E-07  1.30232879253501E-06
 3.756E-07  1.33508303768426E-06
 3.807E-07  1.36866105870143E-06
 3.859E-07  1.40308357330848E-06
 3.911E-07  1.43837182025603E-06
 3.965E-07  1.47454757242632E-06
 4.019E-07  1.51163315026499E-06
 4.074E-07  1.54965143555119E-06
 4.129E-07  1.58862588551380E-06
 4.186E-07  1.62858054730258E-06
 4.243E-07  1.66954007282323E-06
 4.301E-07  1.71152973394526E-06
 4.360E-07  1.75457543809283E-06
 4.419E-07  1.79870374422689E-06
 4.479E-07  1.84394187922982E-06
 4.541E-07  1.89031775470176E-06
 4.603E-07  1.93785998417931E-06
 4.665E-07  1.98659790078741E-06
 4.729E-07  2.03656157533450E-06
 4.794E-07  2.08778183486339E-06
 4.859E-07  2.14029028166842E-06
 4.926E-07  2.19411931279017E-06
 4.993E-07  2.24930214000122E-06
 5.061E-07  2.30587281029406E-06
 5.130E-07  2.36386622688381E-06
 5.200E-07  2.42331817073987E-06
 5.271E-07  2.48426532265817E-06
 5.343E-07  2.54674528588878E-06
 5.416E-07  2.61079660933255E-06
 5.490E-07  2.67645881132058E-06
 5.565E-07  2.74377240399236E-06
 5.641E-07  2.81277891828591E-06
 5.718E-07  2.88352092955702E-06
 5.796E-07  2.95604208384238E-06
 5.875E-07  3.03038712478276E-06
 5.955E-07  3.10660192122399E-06
 6.037E-07  3.18473349551096E-06
 6.119E-07  3.26483005249327E-06
 6.202E-07  3.34694100926093E-06
 6.287E-07  3.43111702562622E-06
 6.373E-07  3.51741003537350E-06
 6.460E-07  3.60587327829400E-06
 6.548E-07  3.69656133302562E-06
 6.638E-07  3.78953015071952E-06
 6.728E-07  3.88483708955178E-06
 6.820E-07  3.98254095010424E-06
 6.913E-07  4.08270201163385E-06
 7.008E-07  4.18538206925368E-06
 7.103E-07  4.29064447205034E-06
 7.200E-07  4.39855416215791E-06
 7.298E-07  4.50917771481477E-06
 7.398E-07  4.62258337942853E-06
 7.499E-07  4.73884112167224E-06
 7.602E-07  4.85802266663923E-06
 7.705E-07  4.98020154308262E-06
 7.811E-07  5.10545312876831E-06
 7.917E-07  5.23385469696671E-06
 8.025E-07  5.36548546411377E-06
 8.135E-07  5.50042663867113E-06
 8.246E-07  5.63876147121289E-06
 8.358E-07  5.78057530577327E-06
 8.473E-07  5.92595563248369E-06
 8.588E-07  6.07499214153498E-06
 8.705E-07  6.22777677849405E-06
 8.824E-07  6.38440380101221E-06
 8.945E-07  6.54496983696071E-06
 9.067E-07  6.70957394402418E-06
 9.191E-07  6.87831767079510E-06
 9.316E-07  7.05130511940337E-06
 9.443E-07  7.22864300972048E-06
 9.572E-07  7.41044074517615E-06
 9.703E-07  7.59681048023208E-06
 9.835E-07  7.78786718954995E-06
 9.970E-07  7.98372873889857E-06
 1.011E-06  8.18451595784452E-06
 1.024E-06  8.39035271426777E-06
 1.038E-06  8.60136599075353E-06
 1.053E-06  8.81768596290196E-06
 1.067E-06  9.03944607960707E-06
 1.081E-06  9.26678314535408E-06
 1.096E-06  9.49983740458474E-06
 1.111E-06  9.73875262818427E-06
 1.126E-06  9.98367620214115E-06
 1.142E-06  1.02347592184365E-05
 1.157E-06  1.04921565682169E-05
 1.173E-06  1.07560270373103E-05
 1.189E-06  1.10265334041426E-05
 1.205E-06  1.13038425401151E-05
 1.222E-06  1.15881255125044E-05
 1.239E-06  1.18795576899495E-05
 1.255E-06  1.21783188505919E-05
 1.273E-06  1.24845932929290E-05
 1.290E-06  1.27985699494589E-05
 1.308E-06  1.31204425031784E-05
 1.325E-06  1.34504095070103E-05
 1.344E-06  1.37886745062323E-05
 1.362E-06  1.41354461639824E-05
 1.380E-06  1.44909383899187E-05
 1.399E-06  1.48553704721134E-05
 1.418E-06  1.52289672122613E-05
 1.438E-06  1.56119590642864E-05
 1.457E-06  1.60045822764323E-05
 1.477E-06  1.64070790369233E-05
 1.497E-06  1.68196976232860E-05
 1.518E-06  1.72426925554217E-05
 1.539E-06  1.76763247525325E-05
 1.560E-06  1.81208616939826E-05
 1.581E-06  1.85765775842061E-05
 1.603E-06  1.90437535217605E-05
 1.624E-06  1.95226776726267E-05
 1.647E-06  2.00136454478616E-05
 1.669E-06  2.05169596857192E-05
 1.692E-06  2.10329308383482E-05
 1.715E-06  2.15618771631755E-05
 1.738E-06  2.21041249191052E-05
 1.762E-06  2.26600085676467E-05
 1.786E-06  2.32298709790916E-05
 1.811E-06  2.38140636438782E-05
 1.835E-06  2.44129468892635E-05
 1.860E-06  2.50268901014361E-05
 1.886E-06  2.56562719532217E-05
 1.911E-06  2.63014806374923E-05
 1.938E-06  2.69629141064591E-05
 1.964E-06  2.76409803169629E-05
 1.991E-06  2.83360974819320E-05
 2.018E-06  2.90486943281655E-05
 2.046E-06  2.97792103605804E-05
 2.073E-06  3.05280961331069E-05
 2.102E-06  3.12958135263881E-05
 2.130E-06  3.20828360324516E-05
 2.160E-06  3.28896490465381E-05
 2.189E-06  3.37167501662646E-05
 2.219E-06  3.45646494982910E-05
 2.249E-06  3.54338699727024E-05
 2.280E-06  3.63249476652850E-05
 2.311E-06  3.72384321278957E-05
 2.343E-06  3.81748867271391E-05
 2.375E-06  3.91348889915394E-05
 2.407E-06  4.01190309674403E-05
 2.440E-06  4.11279195838511E-05
 2.473E-06  4.21621770264467E-05
 2.507E-06  4.32224411209600E-05
 2.541E-06  4.43093657262218E-05
 2.576E-06  4.54236211370553E-05
 2.611E-06  4.65658944972973E-05
 2.647E-06  4.77368902231941E-05
 2.683E-06  4.89373304374225E-05
 2.719E-06  5.01679554140302E-05
 2.757E-06  5.14295240345307E-05
 2.794E-06  5.27228142554631E-05
 2.832E-06  5.40486235877001E-05
 2.871E-06  5.54077695877756E-05
 2.910E-06  5.68010903615665E-05
 2.950E-06  5.82294450806265E-05
 2.990E-06  5.96937145114644E-05
 3.031E-06  6.11948015581328E-05
 3.072E-06  6.27336318184399E-05
 3.114E-06  6.43111541541232E-05
 3.157E-06  6.59283412753387E-05
 3.200E-06  6.75861903398329E-05
 3.244E-06  6.92857235671537E-05
 3.288E-06  7.10279888682881E-05
 3.333E-06  7.28140604911034E-05
 3.378E-06  7.46450396819914E-05
 3.424E-06  7.65220553641409E-05
 3.471E-06  7.84462648328191E-05
 3.519E-06  8.04188544681134E-05
 3.567E-06  8.24410404655790E-05
 3.615E-06  8.45140695852123E-05
 3.665E-06  8.66392199192272E-05
 3.715E-06  8.88178016791241E-05
 3.765E-06  9.10511580024937E-05
 3.817E-06  9.33406657800818E-05
 3.869E-06  9.56877365036136E-05
 3.922E-06  9.80938171349032E-05
 3.975E-06  1.00560390996764E-04
 4.030E-06  1.03088978686295E-04
 4.085E-06  1.05681139011087E-04
 4.140E-06  1.08338469948902E-04
 4.197E-06  1.11062609631477E-04
 4.254E-06  1.13855237352982E-04
 4.312E-06  1.16718074603803E-04
 4.371E-06  1.19652886130265E-04
 4.431E-06  1.22661481020935E-04
 4.491E-06  1.25745713820208E-04
 4.553E-06  1.28907485669816E-04
 4.615E-06  1.32148745478977E-04
 4.678E-06  1.35471491123904E-04
 4.742E-06  1.38877770677440E-04
 4.806E-06  1.42369683669493E-04
 4.872E-06  1.45949382379120E-04
 4.938E-06  1.49619073159035E-04
 5.006E-06  1.53381017793313E-04
 5.074E-06  1.57237534889187E-04
 5.144E-06  1.61191001303734E-04
 5.214E-06  1.65243853606343E-04
 5.285E-06  1.69398589577883E-04
 5.357E-06  1.73657769747478E-04
 5.430E-06  1.78024018967786E-04
 5.504E-06  1.82500028029820E-04
 5.579E-06  1.87088555318281E-04
 5.656E-06  1.91792428508328E-04
 5.733E-06  1.96614546305002E-04
 5.811E-06  2.01557880226181E-04
 5.890E-06  2.06625476430278E-04
 5.971E-06  2.11820457589765E-04
 6.052E-06  2.17146024811659E-04
 6.135E-06  2.22605459606196E-04
 6.219E-06  2.28202125904780E-04
 6.304E-06  2.33939472128585E-04
 6.390E-06  2.39821033309027E-04
 6.477E-06  2.45850433261338E-04
 6.565E-06  2.52031386812613E-04
 6.655E-06  2.58367702085798E-04
 6.746E-06  2.64863282840801E-04
 6.838E-06  2.71522130874323E-04
 6.931E-06  2.78348348479927E-04
 7.026E-06  2.85346140969547E-04
 7.122E-06  2.92519819258384E-04
 7.219E-06  2.99873802514499E-04
 7.318E-06  3.07412620874708E-04
 7.418E-06  3.15140918228671E-04
 7.519E-06  3.23063455072648E-04
 7.622E-06  3.31185111434718E-04
 7.726E-06  3.39510889873377E-04
 7.831E-06  3.48045918551158E-04
 7.938E-06  3.56795454385260E-04
 8.046E-06  3.65764886277117E-04
 8.156E-06  3.74959738422840E-04
 8.268E-06  3.84385673706504E-04
 8.380E-06  3.94048497178520E-04
 8.495E-06  4.03954159621053E-04
 8.611E-06  4.14108761202647E-04
 8.728E-06  4.24518555224474E-04
 8.848E-06  4.35189951960287E-04
 8.968E-06  4.46129522592535E-04
 9.091E-06  4.57344003247018E-04
 9.215E-06  4.68840299128494E-04
 9.341E-06  4.80625488759869E-04
 9.468E-06  4.92706828327399E-04
 9.597E-06  5.05091756134704E-04
 9.729E-06  5.17787897168186E-04
 9.861E-06  5.30803067776709E-04
 9.996E-06  5.44145280468456E-04
 1.013E-05  5.57822748827599E-04
 1.027E-05  5.71843892554137E-04
 1.041E-05  5.86217342629781E-04
 1.055E-05  6.00951946613010E-04
 1.070E-05  6.16056774066597E-04
 1.084E-05  6.31541122120822E-04
 1.099E-05  6.47414521175908E-04
 1.114E-05  6.63686740746948E-04
 1.129E-05  6.80367795455114E-04
 1.145E-05  6.97467951168475E-04
 1.160E-05  7.14997731296414E-04
 1.176E-05  7.32967923241512E-04
 1.192E-05  7.51389585012504E-04
 1.209E-05  7.70274052002656E-04
 1.225E-05  7.89632943937396E-04
 1.242E-05  8.09478171995821E-04
 1.259E-05  8.29821946109847E-04
 1.276E-05  8.50676782445845E-04
 1.293E-05  8.72055511073311E-04
 1.311E-05  8.93971283824940E-04
 1.329E-05  9.16437582353057E-04
 1.347E-05  9.39468226387248E-04
 1.365E-05  9.63077382198310E-04
 1.384E-05  9.87279571273471E-04
 1.403E-05  1.01208967920817E-03
 1.422E-05  1.03752296481984E-03
 1.442E-05  1.06359506948940E-03
 1.461E-05  1.09032202673554E-03
 1.481E-05  1.11772027202818E-03
 1.501E-05  1.14580665284707E-03
 1.522E-05  1.17459843899073E-03
 1.543E-05  1.20411333314315E-03
 1.564E-05  1.23436948170403E-03
 1.585E-05  1.26538548588885E-03
 1.607E-05  1.29718041310610E-03
 1.629E-05  1.32977380861811E-03
 1.651E-05  1.36318570749274E-03
 1.673E-05  1.39743664685282E-03
 1.696E-05  1.43254767843129E-03
 1.719E-05  1.46854038143909E-03
 1.743E-05  1.50543687575362E-03
 1.767E-05  1.54325983543629E-03
 1.791E-05  1.58203250258654E-03
 1.815E-05  1.62177870154092E-03
 1.840E-05  1.66252285342634E-03
 1.865E-05  1.70428999107533E-03
 1.891E-05  1.74710577431302E-03
 1.916E-05  1.79099650562458E-03
 1.943E-05  1.83598914621291E-03
 1.969E-05  1.88211133245602E-03
 1.996E-05  1.92939139277385E-03
 2.023E-05  1.97785836491498E-03
 2.051E-05  2.02754201367363E-03
 2.079E-05  2.07847284904743E-03
 2.107E-05  2.13068214484623E-03
 2.136E-05  2.18420195776448E-03
 2.165E-05  2.23906514692776E-03
 2.195E-05  2.29530539392510E-03
 2.225E-05  2.35295722333928E-03
 2.255E-05  2.41205602378773E-03
 2.286E-05  2.47263806948579E-03
 2.317E-05  2.53474054234647E-03
 2.349E-05  2.59840155462854E-03
 2.381E-05  2.66366017214758E-03
 2.413E-05  2.73055643806358E-03
 2.446E-05  2.79913139725841E-03
 2.480E-05  2.86942712131964E-03
 2.514E-05  2.94148673414397E-03
 2.548E-05  3.01535443817544E-03
 2.583E-05  3.09107554129533E-03
 2.618E-05  3.16869648437931E-03
 2.654E-05  3.24826486953776E-03
 2.690E-05  3.32982948905604E-03
 2.727E-05  3.41344035505297E-03
 2.764E-05  3.49914872987399E-03
 2.802E-05  3.58700715723773E-03
 2.840E-05  3.67706949415458E-03
 2.879E-05  3.76939094363536E-03
 2.918E-05  3.86402808821044E-03
 2.958E-05  3.96103892427917E-03
 2.998E-05  4.06048289730934E-03
 3.039E-05  4.16242093790761E-03
 3.080E-05  4.26691549878310E-03
 3.123E-05  4.37403059262522E-03
 3.165E-05  4.48383183091854E-03
 3.208E-05  4.59638646371687E-03
 3.252E-05  4.71176342040154E-03
 3.297E-05  4.83003335144677E-03
 3.342E-05  4.95126867121677E-03
 3.387E-05  5.07554360182080E-03
 3.433E-05  5.20293421805022E-03
 3.480E-05  5.33351849342666E-03
 3.528E-05  5.46737634738649E-03
 3.576E-05  5.60458969362817E-03
 3.625E-05  5.74524248965506E-03
 3.674E-05  5.88942078753858E-03
 3.724E-05  6.03721278593311E-03
 3.775E-05  6.18870888337465E-03
 3.827E-05  6.34400173289184E-03
 3.879E-05  6.50318629796158E-03
 3.932E-05  6.66635990984566E-03
 3.986E-05  6.83362232633795E-03
 4.040E-05  7.00507579195587E-03
 4.095E-05  7.18082509961604E-03
 4.151E-05  7.36097765382696E-03
 4.208E-05  7.54564353543347E-03
 4.265E-05  7.73493556795489E-03
 4.324E-05  7.92896938555538E-03
 4.383E-05  8.12786350268001E-03
 4.442E-05  8.33173938540460E-03
 4.503E-05  8.54072152453808E-03
 4.565E-05  8.75493751051632E-03
 4.627E-05  8.97451811013545E-03
 4.690E-05  9.19959734516709E-03
 4.754E-05  9.43031257290264E-03
 4.819E-05  9.66680456867000E-03
 4.885E-05  9.90921761037236E-03
 4.951E-05  1.01576995650987E-02
 5.019E-05  1.04124019778537E-02
 5.088E-05  1.06734801624617E-02
 5.157E-05  1.09410932946916E-02
 5.227E-05  1.12154045076610E-02
 5.299E-05  1.14965809895730E-02
 5.371E-05  1.17847940838402E-02
 5.445E-05  1.20802193916558E-02
 5.519E-05  1.23830368770679E-02
 5.594E-05  1.26934309746177E-02
 5.671E-05  1.30115906996074E-02
 5.748E-05  1.33377097610517E-02
 5.826E-05  1.36719866773871E-02
 5.906E-05  1.40146248949971E-02
 5.987E-05  1.43658329096253E-02
 6.068E-05  1.47258243907445E-02
 6.151E-05  1.50948183089499E-02
 6.235E-05  1.54730390664513E-02
 6.320E-05  1.58607166307377E-02
 6.407E-05  1.62580866714893E-02
 6.494E-05  1.66653907008126E-02
 6.583E-05  1.70828762168811E-02
 6.673E-05  1.75107968510581E-02
 6.764E-05  1.79494125185889E-02
 6.856E-05  1.83989895729442E-02
 6.950E-05  1.88598009639020E-02
 7.045E-05  1.93321263994549E-02
 7.141E-05  1.98162525116341E-02
 7.238E-05  2.03124730263453E-02
 7.337E-05  2.08210889373097E-02
 7.437E-05  2.13424086842015E-02
 7.539E-05  2.18767483350888E-02
 7.642E-05  2.24244317732758E-02
 7.746E-05  2.29857908886484E-02
 7.852E-05  2.35611657736321E-02
 7.959E-05  2.41509049238632E-02
 8.068E-05  2.47553654437005E-02
 8.178E-05  2.53749132566649E-02
 8.289E-05  2.60099233209454E-02
 8.403E-05  2.66607798500836E-02
 8.517E-05  2.73278765389452E-02
 8.634E-05  2.80116167951212E-02
 8.751E-05  2.87124139758695E-02
 8.871E-05  2.94306916307335E-02
 8.992E-05  3.01668837499686E-02
 9.115E-05  3.09214350189099E-02
 9.239E-05  3.16948010784185E-02
 9.365E-05  3.24874487915485E-02
 9.493E-05  3.32998565165767E-02
 9.623E-05  3.41325143865469E-02
 9.754E-05  3.49859245954662E-02
 9.887E-05  3.58606016913271E-02
 1.002E-04  3.67570728760889E-02
 1.016E-04  3.76758783127935E-02
 1.030E-04  3.86175714399820E-02
 1.044E-04  3.95827192935594E-02
 1.058E-04  4.05719028362989E-02
 1.073E-04  4.15857172951497E-02
 1.087E-04  4.26247725065316E-02
 1.102E-04  4.36896932697799E-02
 1.117E-04  4.47811197089628E-02
 1.132E-04  4.58997076432215E-02
 1.148E-04  4.70461289658419E-02
 1.163E-04  4.82210720322728E-02
 1.179E-04  4.94252420572569E-02
 1.195E-04  5.06593615213108E-02
 1.212E-04  5.19241705867429E-02
 1.228E-04  5.32204275234431E-02
 1.245E-04  5.45489091446446E-02
 1.262E-04  5.59104112528871E-02
 1.279E-04  5.73057490964183E-02
 1.297E-04  5.87357578362473E-02
 1.314E-04  6.02012930241114E-02
 1.332E-04  6.17032310915727E-02
 1.351E-04  6.32424698505049E-02
 1.369E-04  6.48199290052243E-02
 1.388E-04  6.64365506765109E-02
 1.407E-04  6.80932999377934E-02
 1.426E-04  6.97911653637542E-02
 1.445E-04  7.15311595916329E-02
 1.465E-04  7.33143198954967E-02
 1.485E-04  7.51417087737823E-02
 1.505E-04  7.70144145503663E-02
 1.526E-04  7.89335519894812E-02
 1.547E-04  8.09002629247750E-02
 1.568E-04  8.29157169027959E-02
 1.589E-04  8.49811118412513E-02
 1.611E-04  8.70976747023256E-02
 1.633E-04  8.92666621813855E-02
 1.655E-04  9.14893614114172E-02
 1.678E-04  9.37670906835225E-02
 1.701E-04  9.61012001837907E-02
 1.724E-04  9.84930727469326E-02
 1.748E-04  1.00944124627010E-01
 1.771E-04  1.03455806285609E-01
 1.796E-04  1.06029603197852E-01
 1.820E-04  1.08667036676585E-01
 1.845E-04  1.11369664715156E-01
 1.870E-04  1.14139082849144E-01
 1.896E-04  1.16976925037440E-01
 1.922E-04  1.19884864563078E-01
 1.948E-04  1.22864614954209E-01
 1.974E-04  1.25917930925682E-01
 2.001E-04  1.29046609341573E-01
 2.029E-04  1.32252490199126E-01
 2.056E-04  1.35537457634565E-01
 2.084E-04  1.38903440951200E-01
 2.113E-04  1.42352415670236E-01
 2.142E-04  1.45886404604768E-01
 2.171E-04  1.49507478957474E-01
 2.201E-04  1.53217759442367E-01
 2.231E-04  1.57019417431165E-01
 2.261E-04  1.60914676124768E-01
 2.292E-04  1.64905811750225E-01
 2.323E-04  1.68995154783850E-01
 2.355E-04  1.73185091200814E-01
 2.387E-04  1.77478063751905E-01
 2.420E-04  1.81876573267807E-01
 2.453E-04  1.86383179991533E-01
 2.486E-04  1.91000504939528E-01
 2.520E-04  1.95731231291895E-01
 2.555E-04  2.00578105812439E-01
 2.589E-04  2.05543940298950E-01
 2.625E-04  2.10631613064332E-01
 2.661E-04  2.15844070449176E-01
 2.697E-04  2.21184328366287E-01
 2.734E-04  2.26655473877805E-01
 2.771E-04  2.32260666805460E-01
 2.809E-04  2.38003141374555E-01
 2.847E-04  2.43886207892344E-01
 2.886E-04  2.49913254461282E-01
 2.926E-04  2.56087748727876E-01
 2.965E-04  2.62413239667691E-01
 3.006E-04  2.68893359407145E-01
 3.047E-04  2.75531825082715E-01
 3.089E-04  2.82332440738166E-01
 3.131E-04  2.89299099260523E-01
 3.174E-04  2.96435784355293E-01
 3.217E-04  3.03746572561649E-01
 3.261E-04  3.11235635308290E-01
 3.305E-04  3.18907241010505E-01
 3.350E-04  3.26765757209101E-01
 3.396E-04  3.34815652752038E-01
 3.442E-04  3.43061500019180E-01
 3.489E-04  3.51507977190928E-01
 3.537E-04  3.60159870561474E-01
 3.585E-04  3.69022076897222E-01
 3.634E-04  3.78099605841082E-01
 3.684E-04  3.87397582363290E-01
 3.734E-04  3.96921249259484E-01
 3.785E-04  4.06675969696568E-01
 3.837E-04  4.16667229807133E-01
 3.889E-04  4.26900641333066E-01
 3.942E-04  4.37381944318934E-01
 3.996E-04  4.48117009855912E-01
 4.051E-04  4.59111842876780E-01
 4.106E-04  4.70372585002677E-01
 4.162E-04  4.81905517442299E-01
 4.219E-04  4.93717063944045E-01
 4.277E-04  5.05813793801821E-01
 4.335E-04  5.18202424915095E-01
 4.394E-04  5.30889826903740E-01
 4.454E-04  5.43883024278339E-01
 4.515E-04  5.57189199666443E-01
 4.577E-04  5.70815697095363E-01
 4.639E-04  5.84770025332080E-01
 4.702E-04  5.99059861280708E-01
 4.767E-04  6.13693053438232E-01
 4.832E-04  6.28677625408529E-01
 4.898E-04  6.44021779475750E-01
 4.965E-04  6.59733900237238E-01
 5.032E-04  6.75822558296047E-01
 5.101E-04  6.92296514014116E-01
 5.171E-04  7.09164721326055E-01
 5.241E-04  7.26436331613842E-01
 5.313E-04  7.44120697642988E-01
 5.385E-04  7.62227377560262E-01
 5.459E-04  7.80766138953204E-01
 5.533E-04  7.99746962971770E-01
 5.609E-04  8.19180048512151E-01
 5.686E-04  8.39075816462834E-01
 5.763E-04  8.59444914013056E-01
 5.842E-04  8.80298219023821E-01
 5.922E-04  9.01646844461080E-01
 6.002E-04  9.23502142891228E-01
 6.084E-04  9.45875711038964E-01
 6.167E-04  9.68779394406875E-01
 6.252E-04  9.92225291956798E-01
 6.337E-04  1.01622576085268E+00
 6.423E-04  1.04079342126415E+00
 6.511E-04  1.06594116123096E+00
 6.600E-04  1.09168214158711E+00
 6.690E-04  1.11802980094444E+00
 6.782E-04  1.14499786073500E+00
 6.874E-04  1.17260033031105E+00
 6.968E-04  1.20085151210229E+00
 7.063E-04  1.22976600682896E+00
 7.160E-04  1.25935871876984E+00
 7.257E-04  1.28964486108413E+00
 7.356E-04  1.32063996118575E+00
 7.457E-04  1.35235986616862E+00
 7.559E-04  1.38482074828156E+00
 7.662E-04  1.41803911045111E+00
 7.766E-04  1.45203179185028E+00
 7.872E-04  1.48681597351169E+00
 7.980E-04  1.52240918398282E+00
 8.089E-04  1.55882930502114E+00
 8.199E-04  1.59609457732680E+00
 8.311E-04  1.63422360631056E+00
 8.425E-04  1.67323536789407E+00
 8.540E-04  1.71314921433949E+00
 8.656E-04  1.75398488010601E+00
 8.774E-04  1.79576248772945E+00
 8.894E-04  1.83850255372185E+00
 9.016E-04  1.88222599448733E+00
 9.139E-04  1.92695413225063E+00
 9.264E-04  1.97270870099385E+00
 9.390E-04  2.01951185239768E+00
 9.518E-04  2.06738616178227E+00
 9.648E-04  2.11635463404311E+00
 9.780E-04  2.16644070957717E+00
 9.913E-04  2.21766827019356E+00
 1.005E-03  2.27006164500397E+00
 1.019E-03  2.32364561628641E+00
 1.032E-03  2.37844542531651E+00
 1.047E-03  2.43448677816043E+00
 1.061E-03  2.49179585142185E+00
 1.075E-03  2.55039929793696E+00
 1.090E-03  2.61032425240958E+00
 1.105E-03  2.67159833697936E+00
 1.120E-03  2.73424966671438E+00
 1.135E-03  2.79830685502062E+00
 1.151E-03  2.86379901895907E+00
 1.167E-03  2.93075578446162E+00
 1.182E-03  2.99920729143659E+00
 1.199E-03  3.06918419875353E+00
 1.215E-03  3.14071768909728E+00
 1.232E-03  3.21383947368119E+00
 1.248E-03  3.28858179680743E+00
 1.265E-03  3.36497744026310E+00
 1.283E-03  3.44305972754148E+00
 1.300E-03  3.52286252787383E+00
 1.318E-03  3.60442026006035E+00
 1.336E-03  3.68776789608621E+00
 1.354E-03  3.77294096450901E+00
 1.373E-03  3.85997555360340E+00
 1.391E-03  3.94890831424716E+00
 1.410E-03  4.03977646253403E+00
 1.430E-03  4.13261778209670E+00
 1.449E-03  4.22747062612364E+00
 1.469E-03  4.32437391905268E+00
 1.489E-03  4.42336715792321E+00
 1.509E-03  4.52449041336846E+00
 1.530E-03  4.62778433022976E+00
 1.551E-03  4.73329012777227E+00
 1.572E-03  4.84104959948201E+00
 1.593E-03  4.95110511242454E+00
 1.615E-03  5.06349960614158E+00
 1.637E-03  5.17827659106516E+00
 1.660E-03  5.29548014642622E+00
 1.682E-03  5.41515491763295E+00
 1.705E-03  5.53734611309624E+00
 1.729E-03  5.66209950047576E+00
 1.752E-03  5.78946140232246E+00
 1.776E-03  5.91947869109010E+00
 1.800E-03  6.05219878348930E+00
 1.825E-03  6.18766963415645E+00
 1.850E-03  6.32593972860767E+00
 1.875E-03  6.46705807545111E+00
 1.901E-03  6.61107419782529E+00
 1.927E-03  6.75803812403394E+00
 1.953E-03  6.90800037734549E+00
 1.980E-03  7.06101196492564E+00
 2.007E-03  7.21712436586969E+00
 2.034E-03  7.37638951830108E+00
 2.062E-03  7.53885980550211E+00
 2.090E-03  7.70458804104174E+00
 2.118E-03  7.87362745286476E+00
 2.147E-03  8.04603166630587E+00
 2.177E-03  8.22185468599196E+00
 2.206E-03  8.40115087659521E+00
 2.236E-03  8.58397494239722E+00
 2.267E-03  8.77038190562718E+00
 2.298E-03  8.96042708353378E+00
 2.329E-03  9.15416606414996E+00
 2.361E-03  9.35165468071176E+00
 2.393E-03  9.55294898468836E+00
 2.426E-03  9.75810521738294E+00
 2.459E-03  9.96717978006199E+00
 2.493E-03  1.01802292025707E+01
 2.527E-03  1.03973101103919E+01
 2.561E-03  1.06184791901050E+01
 2.596E-03  1.08437931532034E+01
 2.632E-03  1.10733086982240E+01
 2.668E-03  1.13070824711490E+01
 2.704E-03  1.15451710240329E+01
 2.741E-03  1.17876307718144E+01
 2.778E-03  1.20345179472670E+01
 2.816E-03  1.22858885540469E+01
 2.855E-03  1.25417983177944E+01
 2.894E-03  1.28023026352469E+01
 2.933E-03  1.30674565213204E+01
 2.973E-03  1.33373145541190E+01
 3.014E-03  1.36119308178303E+01
 3.055E-03  1.38913588434675E+01
 3.097E-03  1.41756515474200E+01
 3.139E-03  1.44648611677708E+01
 3.182E-03  1.47590391983477E+01
 3.225E-03  1.50582363204712E+01
 3.269E-03  1.53625023323644E+01
 3.314E-03  1.56718860761920E+01
 3.359E-03  1.59864353626994E+01
 3.405E-03  1.63061968934231E+01
 3.452E-03  1.66312161804423E+01
 3.499E-03  1.69615374636534E+01
 3.546E-03  1.72972036255404E+01
 3.595E-03  1.76382561034242E+01
 3.644E-03  1.79847347991773E+01
 3.694E-03  1.83366779863864E+01
 3.744E-03  1.86941222149582E+01
 3.795E-03  1.90571022131592E+01
 3.847E-03  1.94256507870901E+01
 3.900E-03  1.97997987175972E+01
 3.953E-03  2.01795746546273E+01
 4.007E-03  2.05650050090357E+01
 4.061E-03  2.09561138418686E+01
 4.117E-03  2.13529227511392E+01
 4.173E-03  2.17554507561243E+01
 4.230E-03  2.21637141792182E+01
 4.288E-03  2.25777265253810E+01
 4.346E-03  2.29974983592291E+01
 4.406E-03  2.34230371798234E+01
 4.466E-03  2.38543472932106E+01
 4.527E-03  2.42914296827943E+01
 4.589E-03  2.47342818776038E+01
 4.651E-03  2.51828978185517E+01
 4.715E-03  2.56372677227738E+01
 4.779E-03  2.60973779461484E+01
 4.844E-03  2.65632108441145E+01
 4.911E-03  2.70347446309091E+01
 4.978E-03  2.75119532373540E+01
 5.046E-03  2.79948061673378E+01
 5.114E-03  2.84832683531473E+01
 5.184E-03  2.89773000098165E+01
 5.255E-03  2.94768564886662E+01
 5.327E-03  2.99818881302298E+01
 5.400E-03  3.04923401167671E+01
 5.473E-03  3.10081523245809E+01
 5.548E-03  3.15292591763681E+01
 5.624E-03  3.20555894938484E+01
 5.700E-03  3.25870663509285E+01
 5.778E-03  3.31236069276757E+01
 5.857E-03  3.36651223653872E+01
 5.937E-03  3.42115176230582E+01
 6.018E-03  3.47626913355696E+01
 6.100E-03  3.53185356739268E+01
 6.184E-03  3.58789362079037E+01
 6.268E-03  3.64437717714558E+01
 6.354E-03  3.70129143312903E+01
 6.440E-03  3.75862288589911E+01
 6.528E-03  3.81635732071165E+01
 6.617E-03  3.87447979897096E+01
 6.708E-03  3.93297464676661E+01
 6.799E-03  3.99182544394360E+01
 6.892E-03  4.05101501375443E+01
 6.986E-03  4.11052541314321E+01
 7.082E-03  4.17033792371446E+01
 7.178E-03  4.23043304344003E+01
 7.276E-03  4.29079047916012E+01
 7.376E-03  4.35138913993510E+01
 7.476E-03  4.41220713130723E+01
 7.578E-03  4.47322175053280E+01
 7.682E-03  4.53440948284619E+01
 7.787E-03  4.59574599881957E+01
 7.893E-03  4.65720615288285E+01
 8.001E-03  4.71876398307011E+01
 8.110E-03  4.78039271205959E+01
 8.221E-03  4.84206474957604E+01
 8.333E-03  4.90375169622456E+01
 8.447E-03  4.96542434882672E+01
 8.562E-03  5.02705270732992E+01
 8.679E-03  5.08860598336184E+01
 8.798E-03  5.15005261050244E+01
 8.918E-03  5.21136025634613E+01
 9.039E-03  5.27249583642682E+01
 9.163E-03  5.33342553007874E+01
 9.288E-03  5.39411479830540E+01
 9.415E-03  5.45452840372879E+01
 9.543E-03  5.51463043269022E+01
 9.674E-03  5.57438431957299E+01
 9.806E-03  5.63375287341588E+01
 9.940E-03  5.69269830688534E+01
 1.008E-02  5.75118226767217E+01
 1.021E-02  5.80916587237590E+01
 1.035E-02  5.86660974293839E+01
 1.049E-02  5.92347404568516E+01
 1.064E-02  5.97971853302926E+01
 1.078E-02  6.03530258788955E+01
 1.093E-02  6.09018527087108E+01
 1.108E-02  6.14432537025110E+01
 1.123E-02  6.19768145480869E+01
 1.138E-02  6.25021192953219E+01
 1.154E-02  6.30187509423143E+01
 1.170E-02  6.35262920507667E+01
 1.186E-02  6.40243253907911E+01
 1.202E-02  6.45124346152054E+01
 1.218E-02  6.49902049633273E+01
 1.235E-02  6.54572239941837E+01
 1.252E-02  6.59130823489700E+01
 1.269E-02  6.63573745425023E+01
 1.286E-02  6.67896997833077E+01
 1.304E-02  6.72096628218951E+01
 1.321E-02  6.76168748266425E+01
 1.339E-02  6.80109542866222E+01
 1.358E-02  6.83915279405665E+01
 1.376E-02  6.87582317310545E+01
 1.395E-02  6.91107117828695E+01
 1.414E-02  6.94486254043430E+01
 1.433E-02  6.97716421103622E+01
 1.453E-02  7.00794446655758E+01
 1.473E-02  7.03717301461781E+01
 1.493E-02  7.06482110185060E+01
 1.513E-02  7.09086162325240E+01
 1.534E-02  7.11526923281045E+01
 1.555E-02  7.13802045518586E+01
 1.576E-02  7.15909379820952E+01
 1.598E-02  7.17846986593193E+01
 1.619E-02  7.19613147195111E+01
 1.642E-02  7.21206375272469E+01
 1.664E-02  7.22625428055569E+01
 1.687E-02  7.23869317592296E+01
 1.710E-02  7.24937321881084E+01
 1.733E-02  7.25828995867414E+01
 1.757E-02  7.26544182265817E+01
 1.781E-02  7.27083022167607E+01
 1.805E-02  7.27445965392932E+01
 1.830E-02  7.27633780544107E+01
 1.855E-02  7.27647564715627E+01
 1.880E-02  7.27488752814780E+01
 1.906E-02  7.27159126445308E+01
 1.932E-02  7.26660822305303E+01
 1.958E-02  7.25996340049221E+01
 1.985E-02  7.25168549562778E+01
 2.012E-02  7.24180697598555E+01
 2.039E-02  7.23036413719156E+01
 2.067E-02  7.21739715494157E+01
 2.095E-02  7.20295012896438E+01
 2.124E-02  7.18707111843181E+01
 2.153E-02  7.16981216826559E+01
 2.182E-02  7.15122932579231E+01
 2.212E-02  7.13138264719901E+01
 2.242E-02  7.11033619324744E+01
 2.273E-02  7.08815801371178E+01
 2.304E-02  7.06492012001411E+01
 2.335E-02  7.04069844554470E+01
 2.367E-02  7.01557279316947E+01
 2.400E-02  6.98962676944478E+01
 2.432E-02  6.96294770508182E+01
 2.466E-02  6.93562656122685E+01
 2.499E-02  6.90775782115168E+01
 2.533E-02  6.87943936698037E+01
 2.568E-02  6.85077234111238E+01
 2.603E-02  6.82186099204144E+01
 2.639E-02  6.79281250431099E+01
 2.675E-02  6.76373681239302E+01
 2.711E-02  6.73474639832625E+01
 2.748E-02  6.70595607300316E+01
 2.786E-02  6.67748274105169E+01
 2.824E-02  6.64944514931836E+01
 2.862E-02  6.62196361902360E+01
 2.901E-02  6.59515976172745E+01
 2.941E-02  6.56915617931563E+01
 2.981E-02  6.54407614828984E+01
 3.022E-02  6.52004328872440E+01
 3.063E-02  6.49718121833180E+01
 3.105E-02  6.47561319216358E+01
 3.147E-02  6.45546172855925E+01
 3.190E-02  6.43684822204437E+01
 3.234E-02  6.41989254396992E+01
 3.278E-02  6.40471263177748E+01
 3.323E-02  6.39142406786878E+01
 3.368E-02  6.38013964915319E+01
 3.414E-02  6.37096894844239E+01
 3.461E-02  6.36401786895764E+01
 3.508E-02  6.35938819331050E+01
 3.556E-02  6.35717712841333E+01
 3.604E-02  6.35747684786929E+01
 3.654E-02  6.36037403348412E+01
 3.703E-02  6.36594941763137E+01
 3.754E-02  6.37427732828979E+01
 3.805E-02  6.38542523865500E+01
 3.857E-02  6.39945332330657E+01
 3.910E-02  6.41641402298601E+01
 3.963E-02  6.43635162011012E+01
 4.017E-02  6.45930182720687E+01
 4.072E-02  6.48529139051657E+01
 4.128E-02  6.51433771104962E+01
 4.184E-02  6.54644848543189E+01
 4.241E-02  6.58162136889996E+01
 4.299E-02  6.61984366282940E+01
 4.358E-02  6.66109202919076E+01
 4.417E-02  6.70533223432706E+01
 4.478E-02  6.75251892443529E+01
 4.539E-02  6.80259543510994E+01
 4.601E-02  6.85549363726913E+01
 4.664E-02  6.91113382173356E+01
 4.727E-02  6.96942462466313E+01
 4.792E-02  7.03026299597689E+01
 4.857E-02  7.09353421278728E+01
 4.924E-02  7.15911193976965E+01
 4.991E-02  7.22685833826253E+01
 5.059E-02  7.29662422575210E+01
 5.128E-02  7.36824928723686E+01
 5.198E-02  7.44156233979389E+01
 5.269E-02  7.51638165147837E+01
 5.341E-02  7.59251531548077E+01
 5.414E-02  7.66976168024432E+01
 5.488E-02  7.74790983600657E+01
 5.563E-02  7.82674015797588E+01
 5.639E-02  7.90602490608516E+01
 5.716E-02  7.98552888098298E+01
 5.794E-02  8.06501013562628E+01
 5.873E-02  8.14422074153110E+01
 5.953E-02  8.22290760841756E+01
 6.034E-02  8.30081335565573E+01
 6.116E-02  8.37767723357984E+01
 6.200E-02  8.45323609239133E+01
 6.285E-02  8.52722539601889E+01
 6.370E-02  8.59938027794561E+01
 6.457E-02  8.66943663565420E+01
 6.546E-02  8.73713225997975E+01
 6.635E-02  8.80220799530084E+01
 6.725E-02  8.86440892614336E+01
 6.817E-02  8.92348558542173E+01
 6.910E-02  8.97919517920014E+01
 7.005E-02  9.03130282252541E+01
 7.100E-02  9.07958278056519E+01
 7.197E-02  9.12381970898339E+01
 7.296E-02  9.16380988720197E+01
 7.395E-02  9.19936243793649E+01
 7.496E-02  9.23030052615661E+01
 7.598E-02  9.25646253041237E+01
 7.702E-02  9.27770317928940E+01
 7.807E-02  9.29389464560943E+01
 7.914E-02  9.30492759088371E+01
 8.022E-02  9.31071215245685E+01
 8.132E-02  9.31117886574986E+01
 8.243E-02  9.30627951402829E+01
 8.355E-02  9.29598789818485E+01
 8.469E-02  9.28030051913976E+01
 8.585E-02  9.25923716562777E+01
 8.702E-02  9.23284140036091E+01
 8.821E-02  9.20118093783216E+01
 8.941E-02  9.16434790735872E+01
 9.063E-02  9.12245899535648E+01
 9.187E-02  9.07565546128946E+01
 9.312E-02  9.02410302225100E+01
 9.440E-02  8.96799160170659E+01
 9.568E-02  8.90753493856133E+01
 9.699E-02  8.84297005340788E+01
 9.831E-02  8.77455656956080E+01
 9.966E-02  8.70257588728934E+01
 1.010E-01  8.62733021052035E+01
 1.024E-01  8.54914142619240E+01
 1.038E-01  8.46834983739803E+01
 1.052E-01  8.38531275244866E+01
 1.066E-01  8.30040293303081E+01
 1.081E-01  8.21400690568727E+01
 1.096E-01  8.12652314194586E+01
 1.111E-01  8.03836011352473E+01
 1.126E-01  7.94993423015821E+01
 1.141E-01  7.86166766870383E+01
 1.157E-01  7.77398610329819E+01
 1.173E-01  7.68731634742051E+01
 1.189E-01  7.60208391978424E+01
 1.205E-01  7.51871054700216E+01
 1.221E-01  7.43761161694609E+01
 1.238E-01  7.35919359763902E+01
 1.255E-01  7.28385143736389E+01
 1.272E-01  7.21196596243888E+01
 1.289E-01  7.14390128978279E+01
 1.307E-01  7.08000227196653E+01
 1.325E-01  7.02059199290662E+01
 1.343E-01  6.96596933269572E+01
 1.361E-01  6.91640662027432E+01
 1.380E-01  6.87214739271844E+01
 1.399E-01  6.83340427984416E+01
 1.418E-01  6.80035703260482E+01
 1.437E-01  6.77315071337457E+01
 1.457E-01  6.75189406567100E+01
 1.477E-01  6.73665808016435E+01
 1.497E-01  6.72747477295356E+01
 1.517E-01  6.72433619105635E+01
 1.538E-01  6.72719365886683E+01
 1.559E-01  6.73595727798122E+01
 1.580E-01  6.75049569128464E+01
 1.602E-01  6.77063612053781E+01
 1.624E-01  6.79616468490860E+01
 1.646E-01  6.82682700597013E+01
 1.668E-01  6.86232910264735E+01
 1.691E-01  6.90233857744945E+01
 1.714E-01  6.94648609309314E+01
 1.738E-01  6.99436713631836E+01
 1.761E-01  7.04554406334089E+01
 1.785E-01  7.09954841899746E+01
 1.810E-01  7.15588351923872E+01
 1.834E-01  7.21402728423572E+01
 1.860E-01  7.27343530701153E+01
 1.885E-01  7.33354414021298E+01
 1.911E-01  7.39377478142448E+01
 1.937E-01  7.45353633531888E+01
 1.963E-01  7.51222982896490E+01
 1.990E-01  7.56925215478808E+01
 2.017E-01  7.62400011403666E+01
 2.045E-01  7.67587453215404E+01
 2.073E-01  7.72428441622632E+01
 2.101E-01  7.76865112367324E+01
 2.130E-01  7.80841251059831E+01
 2.159E-01  7.84302702772316E+01
 2.188E-01  7.87197773161025E+01
 2.218E-01  7.89477617893580E+01
 2.248E-01  7.91096617191506E+01
 2.279E-01  7.92012732360620E+01
 2.310E-01  7.92187841272643E+01
 2.342E-01  7.91588049879945E+01
 2.374E-01  7.90183976991103E+01
 2.406E-01  7.87951009706853E+01
 2.439E-01  7.84869527112998E+01
 2.472E-01  7.80925090047205E+01
 2.506E-01  7.76108594999028E+01
 2.540E-01  7.70416390464756E+01
 2.575E-01  7.63850354359005E+01
 2.610E-01  7.56417931381060E+01
 2.646E-01  7.48132129543544E+01
 2.682E-01  7.39011475391667E+01
 2.718E-01  7.29079927770520E+01
 2.755E-01  7.18366750333180E+01
 2.793E-01  7.06906343321040E+01
 2.831E-01  6.94738035487242E+01
 2.870E-01  6.81905837371614E+01
 2.909E-01  6.68458157468439E+01
 2.949E-01  6.54447483154026E+01
 2.989E-01  6.39930028556675E+01
 3.030E-01  6.24965351854534E+01
 3.071E-01  6.09615944774376E+01
 3.113E-01  5.93946797333752E+01
 3.156E-01  5.78024941117655E+01
 3.199E-01  5.61918974606133E+01
 3.242E-01  5.45698574268625E+01
 3.287E-01  5.29433995311643E+01
 3.331E-01  5.13195566106349E+01
 3.377E-01  4.97053180429242E+01
 3.423E-01  4.81075791720469E+01
 3.470E-01  4.65330913598203E+01
 3.517E-01  4.49884130862382E+01
 3.565E-01  4.34798625175535E+01
 3.614E-01  4.20134719521373E+01
 3.663E-01  4.05949445412706E+01
 3.713E-01  3.92296136649073E+01
 3.764E-01  3.79224053211640E+01
 3.815E-01  3.66778038629734E+01
 3.867E-01  3.54998213861502E+01
 3.920E-01  3.43919710403350E+01
 3.974E-01  3.33572444982174E+01
 4.028E-01  3.23980937795047E+01
 4.083E-01  3.15164175847537E+01
 4.139E-01  3.07135522509444E+01
 4.195E-01  2.99902673961046E+01
 4.252E-01  2.93467662749821E+01
 4.311E-01  2.87826908222889E+01
 4.369E-01  2.82971313149985E+01
 4.429E-01  2.78886405410883E+01
 4.489E-01  2.75552523194846E+01
 4.551E-01  2.72945041752211E+01
 4.613E-01  2.71034639353193E+01
 4.676E-01  2.69787599749620E+01
 4.740E-01  2.69166148104135E+01
 4.804E-01  2.69128817050602E+01
 4.870E-01  2.69630839281274E+01
 4.936E-01  2.70624562822488E+01
 5.004E-01  2.72059884963551E+01
 5.072E-01  2.73884700645072E+01
 5.141E-01  2.76045360995554E+01
 5.212E-01  2.78487137630807E+01
 5.283E-01  2.81154688301619E+01
 5.355E-01  2.83992519492896E+01
 5.428E-01  2.86945441643263E+01
 5.502E-01  2.89959012768383E+01
 5.577E-01  2.92979966433822E+01
 5.653E-01  2.95956620232816E+01
 5.731E-01  2.98839261178771E+01
 5.809E-01  3.01580504718689E+01
 5.888E-01  3.04135624407991E+01
 5.969E-01  3.06462849654690E+01
 6.050E-01  3.08523629336152E+01
 6.133E-01  3.10282859508695E+01
 6.216E-01  3.11709073862735E+01
 6.301E-01  3.12774596017337E+01
 6.387E-01  3.13455653191216E+01
 6.474E-01  3.13732451225743E+01
 6.563E-01  3.13589211362959E+01
 6.652E-01  3.13014169591868E+01
 6.743E-01  3.11999539763855E+01
 6.835E-01  3.10541442037895E+01
 6.929E-01  3.08639798544059E+01
 7.023E-01  3.06298198446077E+01
 7.119E-01  3.03523734837599E+01
 7.216E-01  3.00326816120372E+01
 7.315E-01  2.96720954684582E+01
 7.415E-01  2.92722535841709E+01
 7.516E-01  2.88350570048732E+01
 7.618E-01  2.83626431510384E+01
 7.723E-01  2.78573586254977E+01
 7.828E-01  2.73217312751223E+01
 7.935E-01  2.67584418071071E+01
 8.043E-01  2.61702952509698E+01
 8.153E-01  2.55601925451724E+01
 8.264E-01  2.49311025125719E+01
 8.377E-01  2.42860344720724E+01
 8.491E-01  2.36280117152172E+01
 8.607E-01  2.29600460563875E+01
 8.725E-01  2.22851136440791E+01
 8.844E-01  2.16061321987516E+01
 8.965E-01  2.09259398202718E+01
 9.087E-01  2.02472754852904E+01
 9.211E-01  1.95727613322599E+01
 9.337E-01  1.89048868094515E+01
 9.464E-01  1.82459947394688E+01
 9.594E-01  1.75982693325807E+01
 9.725E-01  1.69637261608609E+01
 9.857E-01  1.63442040857740E+01
 9.992E-01  1.57413591136165E+01
 1.013E+00  1.51566601362043E+01
 1.027E+00  1.45913864984914E+01
 1.041E+00  1.40466273204862E+01
 1.055E+00  1.35232824879543E+01
 1.069E+00  1.30220652150239E+01
 1.084E+00  1.25435060719643E+01
 1.099E+00  1.20879583631261E+01
 1.114E+00  1.16556047333210E+01
 1.129E+00  1.12464648757738E+01
 1.144E+00  1.08604042111959E+01
 1.160E+00  1.04971434054665E+01
 1.176E+00  1.01562685928210E+01
 1.192E+00  9.83724217227942E+00
 1.208E+00  9.53941404721257E+00
 1.225E+00  9.26203318134809E+00
 1.241E+00  9.00425934905561E+00
 1.258E+00  8.76517496328956E+00
 1.275E+00  8.54379687098296E+00
 1.293E+00  8.33908801283195E+00
 1.310E+00  8.14996885214859E+00
 1.328E+00  7.97532848564482E+00
 1.347E+00  7.81403535750936E+00
 1.365E+00  7.66494750682092E+00
 1.384E+00  7.52692228709084E+00
 1.402E+00  7.39882550543967E+00
 1.422E+00  7.27953993749754E+00
 1.441E+00  7.16797318249938E+00
 1.461E+00  7.06306483116222E+00
 1.481E+00  6.96379292673155E+00
 1.501E+00  6.86917970702694E+00
 1.521E+00  6.77829662237271E+00
 1.542E+00  6.69026863094137E+00
 1.563E+00  6.60427777924666E+00
 1.584E+00  6.51956608128171E+00
 1.606E+00  6.43543771509291E+00
 1.628E+00  6.35126056039889E+00
 1.650E+00  6.26646710519688E+00
 1.673E+00  6.18055475313672E+00
 1.696E+00  6.09308556678051E+00
 1.719E+00  6.00368548469864E+00
 1.742E+00  5.91204305268125E+00
 1.766E+00  5.81790771117036E+00
 1.790E+00  5.72108768234919E+00
 1.815E+00  5.62144750117289E+00
 1.839E+00  5.51890523500450E+00
 1.864E+00  5.41342943645153E+00
 1.890E+00  5.30503587350722E+00
 1.916E+00  5.19378408021298E+00
 1.942E+00  5.07977376980880E+00
 1.968E+00  4.96314115075958E+00
 1.995E+00  4.84405518417576E+00
 2.022E+00  4.72271381902536E+00
 2.050E+00  4.59934023920060E+00
 2.078E+00  4.47417915399800E+00
 2.106E+00  4.34749316093380E+00
 2.135E+00  4.21955920708838E+00
 2.164E+00  4.09066517238916E+00
 2.194E+00  3.96110659543825E+00
 2.224E+00  3.83118355970093E+00
 2.254E+00  3.70119775512382E+00
 2.285E+00  3.57144972757429E+00
 2.316E+00  3.44223632590890E+00
 2.348E+00  3.31384835400765E+00
 2.380E+00  3.18656843277069E+00
 2.412E+00  3.06066907487645E+00
 2.445E+00  2.93641097305649E+00
 2.479E+00  2.81404150075916E+00
 2.513E+00  2.69379342235523E+00
 2.547E+00  2.57588380848706E+00
 2.582E+00  2.46051315077680E+00
 2.617E+00  2.34786466888658E+00
 2.653E+00  2.23810380186133E+00
 2.689E+00  2.13137787477560E+00
 2.725E+00  2.02781593094485E+00
 2.763E+00  1.92752871934058E+00
 2.800E+00  1.83060882636002E+00
 2.839E+00  1.73713094073625E+00
 2.877E+00  1.64715224012621E+00
 2.917E+00  1.56071288777199E+00
 2.956E+00  1.47783662758887E+00
 2.997E+00  1.39853146608213E+00
 3.038E+00  1.32279042962703E+00
 3.079E+00  1.25059238585517E+00
 3.121E+00  1.18190291816808E+00
 3.164E+00  1.11667524274011E+00
 3.207E+00  1.05485115776983E+00
 3.251E+00  9.96362015188013E-01
 3.295E+00  9.41129705524000E-01
 3.340E+00  8.89067647166076E-01
 3.386E+00  8.40081771820903E-01
 3.432E+00  7.94071498575743E-01
 3.479E+00  7.50930689591411E-01
 3.526E+00  7.10548581097889E-01
 3.575E+00  6.72810684023466E-01
 3.623E+00  6.37599649256828E-01
 3.673E+00  6.04796093214276E-01
 3.723E+00  5.74279380055533E-01
 3.774E+00  5.45928357555682E-01
 3.825E+00  5.19622044291468E-01
 3.878E+00  4.95240266431612E-01
 3.930E+00  4.72664243026730E-01
 3.984E+00  4.51777119268922E-01
 4.039E+00  4.32464447728580E-01
 4.094E+00  4.14614618071072E-01
 4.150E+00  3.98119236204357E-01
 4.206E+00  3.82873454206453E-01
 4.264E+00  3.68776252726455E-01
 4.322E+00  3.55730677842948E-01
 4.381E+00  3.43644034598907E-01
 4.441E+00  3.32428039613579E-01
 4.501E+00  3.21998935301443E-01
 4.563E+00  3.12277568309652E-01
 4.625E+00  3.03189434822285E-01
 4.688E+00  2.94664695377562E-01
 4.752E+00  2.86638161807942E-01
 4.817E+00  2.79049258848652E-01
 4.883E+00  2.71841962873193E-01
 4.950E+00  2.64964720110215E-01
 5.017E+00  2.58370346579947E-01
 5.086E+00  2.52015911864610E-01
 5.155E+00  2.45862608700019E-01
 5.225E+00  2.39875610248105E-01
 5.297E+00  2.34023916785188E-01
 5.369E+00  2.28280193420485E-01
 5.442E+00  2.22620600345163E-01
 5.517E+00  2.17024617005080E-01
 5.592E+00  2.11474861490960E-01
 5.668E+00  2.05956906348083E-01
 5.746E+00  2.00459091923694E-01
 5.824E+00  1.94972338293758E-01
 5.904E+00  1.89489956741000E-01
 5.984E+00  1.84007461692602E-01
 6.066E+00  1.78522383967826E-01
 6.149E+00  1.73034086132492E-01
 6.233E+00  1.67543580707656E-01
 6.318E+00  1.62053351933565E-01
 6.404E+00  1.56567181745968E-01
 6.491E+00  1.51089980579679E-01
 6.580E+00  1.45627623573148E-01
 6.670E+00  1.40186792707179E-01
 6.761E+00  1.34774825370354E-01
 6.853E+00  1.29399569802685E-01
 6.947E+00  1.24069247827223E-01
 7.042E+00  1.18792325236492E-01
 7.138E+00  1.13577390156464E-01
 7.235E+00  1.08433039665222E-01
 7.334E+00  1.03367774896459E-01
 7.434E+00  9.83899048094622E-02
 7.536E+00  9.35074587574156E-02
 7.639E+00  8.87281079348392E-02
 7.743E+00  8.40590957329876E-02
 7.849E+00  7.95071769794135E-02
 7.956E+00  7.50785659849592E-02
 8.064E+00  7.07788932686384E-02
 8.174E+00  6.66131707786292E-02
 8.286E+00  6.25857653764559E-02
 8.399E+00  5.87003803018850E-02
 8.514E+00  5.49600442886986E-02
 8.630E+00  5.13671079568014E-02
 8.748E+00  4.79232470647107E-02
 8.867E+00  4.46294721688260E-02
 8.988E+00  4.14861442025253E-02
 9.111E+00  3.84929954594968E-02
 9.235E+00  3.56491554422217E-02
 9.362E+00  3.29531810184780E-02
 9.489E+00  3.04030903164153E-02
 9.619E+00  2.79963997823020E-02
 9.750E+00  2.57301638245704E-02
 9.883E+00  2.36010164732435E-02
 1.002E+01  2.16052144951473E-02
 1.016E+01  1.97386814222140E-02
 1.029E+01  1.79970519724399E-02
 1.043E+01  1.63757163702414E-02
 1.058E+01  1.48698641045979E-02
 1.072E+01  1.34745266989397E-02
 1.087E+01  1.21846191056293E-02
 1.102E+01  1.09949793794517E-02
 1.117E+01  9.90040632809590E-03
 1.132E+01  8.89569488247467E-03
 1.147E+01  7.97566897519477E-03
 1.163E+01  7.13521176087785E-03
 1.179E+01  6.36929305665143E-03
 1.195E+01  5.67299392438463E-03
 1.211E+01  5.04152835755338E-03
 1.228E+01  4.47026207446371E-03
 1.245E+01  3.95472845550745E-03
 1.262E+01  3.49064169479368E-03
 1.279E+01  3.07390726561322E-03
 1.296E+01  2.70062982453732E-03
 1.314E+01  2.36711870040672E-03
 1.332E+01  2.06989113198299E-03
 1.350E+01  1.80567343164805E-03
 1.368E+01  1.57140026233620E-03
 1.387E+01  1.36421222104399E-03
 1.406E+01  1.18145192499650E-03
 1.425E+01  1.02065879612152E-03
 1.445E+01  8.79562736194844E-04
 1.464E+01  7.56076879201736E-04
 1.484E+01  6.48289599456340E-04
 1.505E+01  5.54455944189528E-04
 1.525E+01  4.72988648013455E-04
 1.546E+01  4.02448874242828E-04
 1.567E+01  3.41536814837805E-04
 1.589E+01  2.89082267044276E-04
 1.610E+01  2.44035290933079E-04
 1.632E+01  2.05457038242491E-04
 1.655E+01  1.72510829437143E-04
 1.677E+01  1.44453542909317E-04
 1.700E+01  1.20627367929086E-04
 1.723E+01  1.00451961427602E-04
 1.747E+01  8.34170380736091E-05
 1.771E+01  6.90754134448976E-05
 1.795E+01  5.70365114445594E-05
 1.819E+01  4.69603394825132E-05
 1.844E+01  3.85519283290736E-05
 1.869E+01  3.15562279229650E-05
 1.895E+01  2.57534457400721E-05
 1.921E+01  2.09548105462983E-05
 1.947E+01  1.69987414035924E-05
 1.974E+01  1.37473996011188E-05
 2.000E+01  1.10835996677928E-05
 2.028E+01  8.90805470978689E-06
 2.055E+01  7.13693092945230E-06
 2.084E+01  5.69968624395808E-06
 2.112E+01  4.53716835969321E-06
 2.141E+01  3.59994840307381E-06
 2.170E+01  2.84686719621740E-06
 2.200E+01  2.24377243879575E-06
 2.230E+01  1.76242636303130E-06
 2.260E+01  1.37956482150012E-06
 2.291E+01  1.07609020724498E-06
 2.322E+01  8.36382059747762E-07
 2.354E+01  6.47718868111876E-07
 2.386E+01  4.99833550577297E-07
 2.419E+01  3.84332925572367E-07
 2.452E+01  2.94451121824709E-07
 2.485E+01  2.24761554635183E-07
 2.519E+01  1.70928093086041E-07
 2.554E+01  1.29499037163021E-07
 2.588E+01  9.77372281326963E-08
 2.624E+01  7.34805242182243E-08
 2.660E+01  5.50276833981152E-08
 2.696E+01  4.10454119659127E-08
 2.733E+01  3.04929682561327E-08
 2.770E+01  2.25612627484322E-08
 2.808E+01  1.66238757272429E-08
 2.846E+01  1.21978287980389E-08
 2.885E+01  8.91230360774864E-09
 2.924E+01  6.48380652229020E-09
 2.964E+01  4.69653782452953E-09
 3.005E+01  3.38694382229961E-09
 3.046E+01  2.43161525095612E-09
 3.087E+01  1.73785020252171E-09
 3.130E+01  1.23632873327804E-09
 3.172E+01  8.75453061354818E-10
 3.216E+01  6.16995201919643E-10
 3.259E+01  4.32765931172204E-10
 3.304E+01  3.02077677000380E-10
 3.349E+01  2.09821515324780E-10
 3.395E+01  1.45016806814628E-10
 3.441E+01  9.97227596348855E-11
 3.488E+01  6.82257233391063E-11
 3.536E+01  4.64354623493131E-11
 3.584E+01  3.14389902977742E-11
 3.633E+01  2.11725705086405E-11
 3.683E+01  1.41818642107484E-11
 3.733E+01  9.44747836424985E-12
 3.784E+01  6.25877013621271E-12
 3.835E+01  4.12306158254466E-12
 3.888E+01  2.70069238899980E-12
 3.941E+01  1.75881917661361E-12
 3.995E+01  1.13873813371070E-12
 4.049E+01  7.32906370498426E-13
 4.104E+01  4.68878131298906E-13
 4.161E+01  2.98141701462197E-13
 4.217E+01  1.88408587694230E-13
 4.275E+01  1.18319787924549E-13
 4.333E+01  7.38339087802824E-14
 4.392E+01  4.57782106313382E-14
 4.452E+01  2.81986696696567E-14
 4.513E+01  1.72554981198194E-14
 4.575E+01  1.04886058393070E-14
 4.637E+01  6.33231130511964E-15
 4.701E+01  3.79686484704711E-15
 4.765E+01  2.26085791439719E-15
 4.830E+01  1.33683767305888E-15
 4.896E+01  7.84915584647264E-16
 4.963E+01  4.57620213862272E-16
 5.030E+01  2.64945409498216E-16
 5.099E+01  1.52358116523681E-16
 5.169E+01  8.70618348880459E-17
 5.239E+01  4.94802642700034E-17
 5.311E+01  2.80170405269688E-17
 5.383E+01  1.58559022639511E-17
 5.457E+01  9.02195827497873E-18
 5.531E+01  5.21639988211653E-18
 5.607E+01  0.00000000000000E+00
 5.683E+01  0.00000000000000E+00
 5.761E+01  0.00000000000000E+00
 5.839E+01  0.00000000000000E+00
 5.919E+01  0.00000000000000E+00
 6.000E+01  0.00000000000000E+00
