line2: Z,NR,R(1),R(NR) /line3,4,...: R(N),RHO*4*PI*R(N)**2
81.00  2000  1.01365245284744E-10  6.00000000000000E+01
 1.014E-10  5.89167966403911E-11
 1.027E-10  6.02198246519300E-11
 1.042E-10  6.15516709673875E-11
 1.056E-10  7.80805555297617E-11
 1.070E-10  7.98074170859071E-11
 1.085E-10  8.15724706260272E-11
 1.100E-10  8.33765608091899E-11
 1.115E-10  8.52205509908964E-11
 1.130E-10  8.71053236144149E-11
 1.145E-10  8.90317806411079E-11
 1.161E-10  9.10008439802810E-11
 1.177E-10  9.30134559305762E-11
 1.193E-10  9.50705796309009E-11
 1.209E-10  9.71731995213359E-11
 1.226E-10  9.93223218142355E-11
 1.242E-10  1.01518974975759E-10
 1.259E-10  1.03764210218047E-10
 1.276E-10  1.06059102002281E-10
 1.294E-10  1.08404748552855E-10
 1.312E-10  1.10802272382951E-10
 1.329E-10  1.13252820831710E-10
 1.348E-10  1.15757566613294E-10
 1.366E-10  1.18317708378086E-10
 1.385E-10  1.20934471286311E-10
 1.404E-10  1.23609107594347E-10
 1.423E-10  1.26342897253980E-10
 1.442E-10  1.29137148524930E-10
 1.462E-10  1.31993198600923E-10
 1.482E-10  1.34912414249617E-10
 1.502E-10  1.37896192466655E-10
 1.523E-10  1.40945961144202E-10
 1.543E-10  1.44063179754283E-10
 1.564E-10  1.47249340047183E-10
 1.586E-10  1.50505966765367E-10
 1.607E-10  1.53834618373107E-10
 1.629E-10  1.57236887802322E-10
 1.652E-10  1.60714403214866E-10
 1.674E-10  1.64268828781661E-10
 1.697E-10  1.67901865479145E-10
 1.720E-10  1.71615251903224E-10
 1.744E-10  1.75410765101309E-10
 1.767E-10  1.79290221422713E-10
 1.792E-10  1.83255477387877E-10
 1.816E-10  1.87308430576805E-10
 1.841E-10  1.91451020537153E-10
 1.866E-10  1.95685229712405E-10
 1.891E-10  2.00013084390567E-10
 1.917E-10  2.04436655673872E-10
 1.943E-10  2.08958060469885E-10
 1.970E-10  2.13579462504565E-10
 1.997E-10  2.18303073357725E-10
 2.024E-10  2.23131153521361E-10
 2.052E-10  2.28066013481452E-10
 2.080E-10  2.33110014823622E-10
 2.108E-10  2.38265571363268E-10
 2.137E-10  2.43535150300743E-10
 2.166E-10  2.48921273401998E-10
 2.196E-10  2.54426518205374E-10
 2.226E-10  2.60053519255120E-10
 2.256E-10  2.65804969362120E-10
 2.287E-10  2.71683620892586E-10
 2.318E-10  2.77692287085173E-10
 2.350E-10  2.83833843397265E-10
 2.382E-10  2.90111228881029E-10
 2.414E-10  2.96527447589927E-10
 2.447E-10  3.03085570016265E-10
 2.481E-10  3.09788734560638E-10
 2.515E-10  3.16640149033783E-10
 2.549E-10  3.23643092191662E-10
 2.584E-10  3.30800915304556E-10
 2.619E-10  3.38117043760804E-10
 2.655E-10  3.45594978706040E-10
 2.691E-10  3.53238298718640E-10
 2.728E-10  3.61050661522290E-10
 2.765E-10  3.69035805736380E-10
 2.803E-10  3.77197552665135E-10
 2.841E-10  3.85539808126308E-10
 2.880E-10  3.94066564320290E-10
 2.919E-10  4.02781901740592E-10
 2.959E-10  4.11689991126601E-10
 2.999E-10  4.20795095459490E-10
 3.040E-10  4.30101572002230E-10
 3.082E-10  4.39613874384786E-10
 3.124E-10  4.49336554735440E-10
 3.166E-10  4.59274265859214E-10
 3.210E-10  4.69431763464410E-10
 3.253E-10  4.79813908438533E-10
 3.298E-10  4.90425669174469E-10
 3.343E-10  5.01272123948079E-10
 3.389E-10  5.12358463348448E-10
 3.435E-10  5.23689992761836E-10
 3.482E-10  5.35272134910609E-10
 3.529E-10  5.47110432448231E-10
 3.577E-10  5.59210550611748E-10
 3.626E-10  5.71578279932915E-10
 3.676E-10  5.84219539009199E-10
 3.726E-10  5.97140377336239E-10
 3.777E-10  6.10346978202749E-10
 3.828E-10  6.23845661649519E-10
 3.881E-10  6.37642887493987E-10
 3.934E-10  6.51745258421555E-10
 3.987E-10  6.66159523145246E-10
 4.042E-10  6.80892579635356E-10
 4.097E-10  6.95951478420551E-10
 4.153E-10  7.11343425961787E-10
 4.210E-10  7.27075788101090E-10
 4.267E-10  7.43156093586445E-10
 4.325E-10  7.59592037674614E-10
 4.384E-10  7.76391485813819E-10
 4.444E-10  7.93562477407779E-10
 4.505E-10  8.11113229662848E-10
 4.566E-10  8.29052141520472E-10
 4.629E-10  8.47387797676500E-10
 4.692E-10  8.66128972689418E-10
 4.756E-10  8.85284635179402E-10
 4.821E-10  9.04863952120202E-10
 4.887E-10  9.24876293226156E-10
 4.953E-10  9.45331235435973E-10
 5.021E-10  9.66238567495820E-10
 5.090E-10  9.87608294643708E-10
 5.159E-10  1.00945064339762E-09
 5.230E-10  1.03177606644929E-09
 5.301E-10  1.05459524766643E-09
 5.373E-10  1.07791910720553E-09
 5.447E-10  1.10175880673760E-09
 5.521E-10  1.12612575478979E-09
 5.596E-10  1.15103161220482E-09
 5.673E-10  1.17648829772126E-09
 5.750E-10  1.20250799367738E-09
 5.829E-10  1.22910315184100E-09
 5.908E-10  1.25628649936822E-09
 5.989E-10  1.28407104489406E-09
 6.071E-10  1.31247008475785E-09
 6.154E-10  1.34149720936607E-09
 6.238E-10  1.37116630969613E-09
 6.323E-10  1.40149158394392E-09
 6.409E-10  1.43248754431844E-09
 6.497E-10  1.46416902398638E-09
 6.585E-10  1.49655118417088E-09
 6.675E-10  1.52964952140683E-09
 6.766E-10  1.56347987495662E-09
 6.859E-10  1.59805843439027E-09
 6.952E-10  1.63340174733280E-09
 7.047E-10  1.66952672738318E-09
 7.144E-10  1.70645066220840E-09
 7.241E-10  1.74419122181645E-09
 7.340E-10  1.78276646701232E-09
 7.440E-10  1.82219485804110E-09
 7.542E-10  1.86249526342202E-09
 7.645E-10  1.90368696897810E-09
 7.749E-10  1.94578968706543E-09
 7.855E-10  1.98882356600642E-09
 7.962E-10  2.03280919973200E-09
 8.071E-10  2.07776763763676E-09
 8.181E-10  2.12372039465206E-09
 8.293E-10  2.17068946154226E-09
 8.406E-10  2.21869731542809E-09
 8.521E-10  2.26776693054363E-09
 8.637E-10  2.31792178923025E-09
 8.755E-10  2.36918589317399E-09
 8.874E-10  2.42158377489209E-09
 8.996E-10  2.47514050947270E-09
 9.118E-10  2.52988172657474E-09
 9.243E-10  2.58583362269289E-09
 9.369E-10  2.64302297369396E-09
 9.497E-10  2.70147714763075E-09
 9.627E-10  2.76122411783864E-09
 9.758E-10  2.82229247632276E-09
 9.891E-10  2.88471144744036E-09
 1.003E-09  2.94851090188624E-09
 1.016E-09  3.01372137098757E-09
 1.030E-09  3.08037406131447E-09
 1.044E-09  3.14850086961427E-09
 1.059E-09  3.21813439807521E-09
 1.073E-09  3.28930796992871E-09
 1.088E-09  3.36205564539612E-09
 1.102E-09  3.43641223798826E-09
 1.118E-09  3.51241333116548E-09
 1.133E-09  3.59009529536611E-09
 1.148E-09  3.66949530541165E-09
 1.164E-09  3.75065135829667E-09
 1.180E-09  3.83360229137269E-09
 1.196E-09  3.91838780093339E-09
 1.212E-09  4.00504846121141E-09
 1.229E-09  4.09362574379566E-09
 1.246E-09  4.18416203747690E-09
 1.263E-09  4.27670066853319E-09
 1.280E-09  4.37128592146430E-09
 1.297E-09  4.46796306018319E-09
 1.315E-09  4.56677834967764E-09
 1.333E-09  4.66777907815021E-09
 1.351E-09  4.77101357964825E-09
 1.370E-09  4.87653125719412E-09
 1.388E-09  4.98438260642706E-09
 1.407E-09  5.09461923976766E-09
 1.426E-09  5.20729391111738E-09
 1.446E-09  5.32246054110439E-09
 1.466E-09  5.44017424288628E-09
 1.486E-09  5.56049134852502E-09
 1.506E-09  5.68346943594505E-09
 1.527E-09  5.80916735648682E-09
 1.547E-09  5.93764526307038E-09
 1.568E-09  6.06896463898190E-09
 1.590E-09  6.20318832729532E-09
 1.612E-09  6.34038056094764E-09
 1.634E-09  6.48060699347665E-09
 1.656E-09  6.62393473043927E-09
 1.679E-09  6.77043236152605E-09
 1.701E-09  6.92016999338388E-09
 1.725E-09  7.07321928316550E-09
 1.748E-09  7.22965347282185E-09
 1.772E-09  7.38954742415189E-09
 1.796E-09  7.55297765462718E-09
 1.821E-09  7.72002237400963E-09
 1.846E-09  7.89076152177949E-09
 1.871E-09  8.06527680538968E-09
 1.896E-09  8.24365173936692E-09
 1.922E-09  8.42597168527832E-09
 1.949E-09  8.61232389258096E-09
 1.975E-09  8.80279754037506E-09
 2.002E-09  8.99748378008025E-09
 2.029E-09  9.19647577905689E-09
 2.057E-09  9.39986876519113E-09
 2.085E-09  9.60776007246622E-09
 2.114E-09  9.82024918754206E-09
 2.143E-09  1.00374377973640E-08
 2.172E-09  1.02594298378253E-08
 2.201E-09  1.04863315435065E-08
 2.232E-09  1.07182514985130E-08
 2.262E-09  1.09553006884385E-08
 2.293E-09  1.11975925534783E-08
 2.324E-09  1.14452430427134E-08
 2.356E-09  1.16983706696008E-08
 2.388E-09  1.19570965686874E-08
 2.421E-09  1.22215445535775E-08
 2.454E-09  1.24918411761851E-08
 2.487E-09  1.27681157872963E-08
 2.521E-09  1.30505005984692E-08
 2.556E-09  1.33391307453028E-08
 2.590E-09  1.36341443521074E-08
 2.626E-09  1.39356825980045E-08
 2.662E-09  1.42438897844871E-08
 2.698E-09  1.45589134044750E-08
 2.735E-09  1.48809042128988E-08
 2.772E-09  1.52100162988427E-08
 2.810E-09  1.55464071592847E-08
 2.848E-09  1.58902377744663E-08
 2.887E-09  1.62416726849291E-08
 2.927E-09  1.66008800702567E-08
 2.967E-09  1.69680318295575E-08
 3.007E-09  1.73433036637247E-08
 3.048E-09  1.77268751595205E-08
 3.090E-09  1.81189298755160E-08
 3.132E-09  1.85196554299338E-08
 3.175E-09  1.89292435904328E-08
 3.218E-09  1.93478903658783E-08
 3.262E-09  1.97757961001412E-08
 3.307E-09  2.02131655679749E-08
 3.352E-09  2.06602080730072E-08
 3.398E-09  2.11171375479050E-08
 3.444E-09  2.15841726567523E-08
 3.491E-09  2.20615368996880E-08
 3.539E-09  2.25494587198659E-08
 3.587E-09  2.30481716127735E-08
 3.636E-09  2.35579142379730E-08
 3.685E-09  2.40789305333126E-08
 3.736E-09  2.46114698316594E-08
 3.787E-09  2.51557869802203E-08
 3.838E-09  2.57121424624999E-08
 3.891E-09  2.62808025229515E-08
 3.944E-09  2.68620392943894E-08
 3.998E-09  2.74561309282215E-08
 4.052E-09  2.80633617275538E-08
 4.108E-09  2.86840222832463E-08
 4.164E-09  2.93184096129746E-08
 4.221E-09  2.99668273033656E-08
 4.278E-09  3.06295856552834E-08
 4.337E-09  3.13070018323179E-08
 4.396E-09  3.19994000125674E-08
 4.456E-09  3.27071115437733E-08
 4.517E-09  3.34304751018851E-08
 4.578E-09  3.41698368531318E-08
 4.641E-09  3.49255506196842E-08
 4.704E-09  3.56979780489757E-08
 4.769E-09  3.64874887867611E-08
 4.834E-09  3.72944606540215E-08
 4.900E-09  3.81192798277610E-08
 4.967E-09  3.89623410258137E-08
 5.034E-09  3.98240476957407E-08
 5.103E-09  4.07048122078945E-08
 5.173E-09  4.16050560527581E-08
 5.243E-09  4.25252100426513E-08
 5.315E-09  4.34657145178940E-08
 5.388E-09  4.44270195575314E-08
 5.461E-09  4.54095851947192E-08
 5.536E-09  4.64138816368703E-08
 5.611E-09  4.74403894906737E-08
 5.688E-09  4.84895999920888E-08
 5.765E-09  4.95620152414230E-08
 5.844E-09  5.06581484436117E-08
 5.924E-09  5.17785241538161E-08
 6.005E-09  5.29236785284434E-08
 6.087E-09  5.40941595817246E-08
 6.170E-09  5.52905274479684E-08
 6.254E-09  5.65133546496089E-08
 6.340E-09  5.77632263711886E-08
 6.426E-09  5.90407407394002E-08
 6.514E-09  6.03465091093103E-08
 6.603E-09  6.16811563569260E-08
 6.693E-09  6.30453211782333E-08
 6.784E-09  6.44396563948427E-08
 6.877E-09  6.58648292663884E-08
 6.971E-09  6.73215218098518E-08
 7.066E-09  6.88104311259356E-08
 7.162E-09  7.03322697326608E-08
 7.260E-09  7.18877659063433E-08
 7.359E-09  7.34776640301026E-08
 7.460E-09  7.51027249500937E-08
 7.562E-09  7.67637263396023E-08
 7.665E-09  7.84614630712002E-08
 7.770E-09  8.01967475971295E-08
 7.876E-09  8.19704103380976E-08
 7.983E-09  8.37833000806791E-08
 8.092E-09  8.56362843834915E-08
 8.203E-09  8.75302499923735E-08
 8.315E-09  8.94661032647302E-08
 8.428E-09  9.14447706032631E-08
 8.543E-09  9.34671988993080E-08
 8.660E-09  9.55343559859546E-08
 8.778E-09  9.76472311012122E-08
 8.898E-09  9.98068353614046E-08
 9.019E-09  1.02014202245028E-07
 9.142E-09  1.04270388087328E-07
 9.267E-09  1.06576472585802E-07
 9.394E-09  1.08933559316887E-07
 9.522E-09  1.11342776264069E-07
 9.652E-09  1.13805276357681E-07
 9.784E-09  1.16322238026632E-07
 9.917E-09  1.18894865762339E-07
 1.005E-08  1.21524390695131E-07
 1.019E-08  1.24212071183401E-07
 1.033E-08  1.26959193415804E-07
 1.047E-08  1.29767072026729E-07
 1.061E-08  1.32637050725438E-07
 1.076E-08  1.35570502939088E-07
 1.090E-08  1.38568832469965E-07
 1.105E-08  1.41633474167281E-07
 1.120E-08  1.44765894613815E-07
 1.136E-08  1.47967592827743E-07
 1.151E-08  1.51240100979965E-07
 1.167E-08  1.54584985127355E-07
 1.183E-08  1.58003845962162E-07
 1.199E-08  1.61498319578013E-07
 1.215E-08  1.65070078252879E-07
 1.232E-08  1.68720831249332E-07
 1.249E-08  1.72452325632484E-07
 1.266E-08  1.76266347106058E-07
 1.283E-08  1.80164720866919E-07
 1.301E-08  1.84149312478508E-07
 1.318E-08  1.88222028763617E-07
 1.336E-08  1.92384818716859E-07
 1.355E-08  1.96639674437385E-07
 1.373E-08  2.00988632082161E-07
 1.392E-08  2.05433772840368E-07
 1.411E-08  2.09977223929361E-07
 1.430E-08  2.14621159612614E-07
 1.450E-08  2.19367802240225E-07
 1.470E-08  2.24219423312379E-07
 1.490E-08  2.29178344566385E-07
 1.510E-08  2.34246939087722E-07
 1.531E-08  2.39427632445658E-07
 1.551E-08  2.44722903853999E-07
 1.573E-08  2.50135287357501E-07
 1.594E-08  2.55667373044524E-07
 1.616E-08  2.61321808286471E-07
 1.638E-08  2.67101299004712E-07
 1.660E-08  2.73008610965484E-07
 1.683E-08  2.79046571103377E-07
 1.706E-08  2.85218068874201E-07
 1.729E-08  2.91526057637697E-07
 1.753E-08  2.97973556070810E-07
 1.777E-08  3.04563649612318E-07
 1.801E-08  3.11299491939297E-07
 1.826E-08  3.18184306476302E-07
 1.851E-08  3.25221387937925E-07
 1.876E-08  3.32414103905432E-07
 1.901E-08  3.39765896438303E-07
 1.927E-08  3.47280283721410E-07
 1.954E-08  3.54960861748606E-07
 1.980E-08  3.62811306043559E-07
 2.007E-08  3.70835373418626E-07
 2.035E-08  3.79036903772674E-07
 2.063E-08  3.87419821928603E-07
 2.091E-08  3.95988139511542E-07
 2.119E-08  4.04745956868598E-07
 2.148E-08  4.13697465031001E-07
 2.178E-08  4.22846947719698E-07
 2.207E-08  4.32198783395297E-07
 2.237E-08  4.41757447353315E-07
 2.268E-08  4.51527513865812E-07
 2.299E-08  4.61513658370351E-07
 2.330E-08  4.71720659707353E-07
 2.362E-08  4.82153402407009E-07
 2.394E-08  4.92816879026684E-07
 2.427E-08  5.03716192540086E-07
 2.460E-08  5.14856558779213E-07
 2.494E-08  5.26243308930294E-07
 2.528E-08  5.37881892085066E-07
 2.562E-08  5.49777877848297E-07
 2.597E-08  5.61936959003022E-07
 2.633E-08  5.74364954234905E-07
 2.669E-08  5.87067810916537E-07
 2.705E-08  6.00051607953562E-07
 2.742E-08  6.13322558693693E-07
 2.779E-08  6.26887013899899E-07
 2.817E-08  6.40751464789645E-07
 2.856E-08  6.54922546141063E-07
 2.895E-08  6.69407039467979E-07
 2.934E-08  6.84211876265144E-07
 2.974E-08  6.99344141325128E-07
 3.015E-08  7.14811076128759E-07
 3.056E-08  7.30620082310303E-07
 3.098E-08  7.46778725199491E-07
 3.140E-08  7.63294737441821E-07
 3.183E-08  7.80176022698834E-07
 3.227E-08  7.97430659430336E-07
 3.271E-08  8.15066904760201E-07
 3.315E-08  8.33093198427724E-07
 3.361E-08  8.51518166826249E-07
 3.406E-08  8.70350627131312E-07
 3.453E-08  8.89599591519869E-07
 3.500E-08  9.09274271482921E-07
 3.548E-08  9.29384082233582E-07
 3.596E-08  9.49938647212521E-07
 3.645E-08  9.70947802693136E-07
 3.695E-08  9.92421602488466E-07
 3.746E-08  1.01437032276232E-06
 3.797E-08  1.03680446694679E-06
 3.849E-08  1.05973477076834E-06
 3.901E-08  1.08317220738533E-06
 3.954E-08  1.10712799263894E-06
 4.008E-08  1.13161359042036E-06
 4.063E-08  1.15664071815654E-06
 4.119E-08  1.18222135241737E-06
 4.175E-08  1.20836773464687E-06
 4.232E-08  1.23509237702097E-06
 4.290E-08  1.26240806843508E-06
 4.348E-08  1.29032788062392E-06
 4.408E-08  1.31886517441666E-06
 4.468E-08  1.34803360613058E-06
 4.529E-08  1.37784713410582E-06
 4.591E-08  1.40832002538503E-06
 4.653E-08  1.43946686254054E-06
 4.717E-08  1.47130255065226E-06
 4.781E-08  1.50384232444041E-06
 4.846E-08  1.53710175555576E-06
 4.913E-08  1.57109676003089E-06
 4.980E-08  1.60584360589661E-06
 5.048E-08  1.64135892096652E-06
 5.117E-08  1.67765970079376E-06
 5.186E-08  1.71476331680413E-06
 5.257E-08  1.75268752460830E-06
 5.329E-08  1.79145047249867E-06
 5.402E-08  1.83107071013352E-06
 5.475E-08  1.87156719741369E-06
 5.550E-08  1.91295931355507E-06
 5.626E-08  1.95526686636211E-06
 5.703E-08  1.99851010170637E-06
 5.781E-08  2.04270971321452E-06
 5.860E-08  2.08788685217063E-06
 5.940E-08  2.13406313763767E-06
 6.021E-08  2.18126066680259E-06
 6.103E-08  2.22950202555023E-06
 6.186E-08  2.27881029927122E-06
 6.271E-08  2.32920908390845E-06
 6.356E-08  2.38072249724880E-06
 6.443E-08  2.43337519046341E-06
 6.531E-08  2.48719235990385E-06
 6.620E-08  2.54219975915928E-06
 6.711E-08  2.59842371137931E-06
 6.802E-08  2.65589112187079E-06
 6.895E-08  2.71462949097220E-06
 6.989E-08  2.77466692721276E-06
 7.085E-08  2.83603216076314E-06
 7.181E-08  2.89875455718303E-06
 7.279E-08  2.96286413147283E-06
 7.379E-08  3.02839156243660E-06
 7.479E-08  3.09536820736224E-06
 7.582E-08  3.16382611702596E-06
 7.685E-08  3.23379805102940E-06
 7.790E-08  3.30531749347525E-06
 7.896E-08  3.37841866898965E-06
 8.004E-08  3.45313655909922E-06
 8.113E-08  3.52950691897016E-06
 8.224E-08  3.60756629451718E-06
 8.336E-08  3.68735203989109E-06
 8.450E-08  3.76890233535324E-06
 8.566E-08  3.85225620554479E-06
 8.683E-08  3.93745353816041E-06
 8.801E-08  4.02453510303483E-06
 8.921E-08  4.11354257165145E-06
 9.043E-08  4.20451853708217E-06
 9.167E-08  4.29750653436847E-06
 9.292E-08  4.39255106135318E-06
 9.419E-08  4.48969759997285E-06
 9.547E-08  4.58899263802061E-06
 9.677E-08  4.69048369139082E-06
 9.810E-08  4.79421932681626E-06
 9.944E-08  4.90024918510575E-06
 1.008E-07  5.00862400489840E-06
 1.022E-07  5.11939564694226E-06
 1.036E-07  5.23261711890845E-06
 1.050E-07  5.34834260075594E-06
 1.064E-07  5.46662747065631E-06
 1.079E-07  5.58752833149226E-06
 1.093E-07  5.71110303794134E-06
 1.108E-07  5.83741072415939E-06
 1.123E-07  5.96651183207589E-06
 1.139E-07  6.09846814031474E-06
 1.154E-07  6.23334279375497E-06
 1.170E-07  6.37120033374513E-06
 1.186E-07  6.51210672898550E-06
 1.202E-07  6.65612940709355E-06
 1.219E-07  6.80333728686724E-06
 1.235E-07  6.95380081126180E-06
 1.252E-07  7.10759198109645E-06
 1.269E-07  7.26478438950399E-06
 1.287E-07  7.42545325714605E-06
 1.304E-07  7.58967546820410E-06
 1.322E-07  7.75752960716652E-06
 1.340E-07  7.92909599643169E-06
 1.358E-07  8.10445673473899E-06
 1.377E-07  8.28369573645252E-06
 1.396E-07  8.46689877171197E-06
 1.415E-07  8.65415350747204E-06
 1.434E-07  8.84554954944851E-06
 1.454E-07  9.04117848499347E-06
 1.473E-07  9.24113392691679E-06
 1.494E-07  9.44551155827767E-06
 1.514E-07  9.65440917816694E-06
 1.535E-07  9.86792674850024E-06
 1.556E-07  1.00861664418478E-05
 1.577E-07  1.03092326903208E-05
 1.598E-07  1.05372322355381E-05
 1.620E-07  1.07702741796999E-05
 1.642E-07  1.10084700377890E-05
 1.665E-07  1.12519337909260E-05
 1.687E-07  1.15007819409069E-05
 1.710E-07  1.17551335659441E-05
 1.734E-07  1.20151103776398E-05
 1.757E-07  1.22808367792217E-05
 1.781E-07  1.25524399250651E-05
 1.806E-07  1.28300497815290E-05
 1.830E-07  1.31137991891414E-05
 1.855E-07  1.34038239261567E-05
 1.881E-07  1.37002627735196E-05
 1.906E-07  1.40032575812659E-05
 1.932E-07  1.43129533363886E-05
 1.959E-07  1.46294982322102E-05
 1.986E-07  1.49530437392831E-05
 2.013E-07  1.52837446778620E-05
 2.040E-07  1.56217592919760E-05
 2.068E-07  1.59672493251394E-05
 2.096E-07  1.63203800977386E-05
 2.125E-07  1.66813205861259E-05
 2.154E-07  1.70502435034657E-05
 2.183E-07  1.74273253823675E-05
 2.213E-07  1.78127466593461E-05
 2.243E-07  1.82066917611475E-05
 2.274E-07  1.86093491929842E-05
 2.305E-07  1.90209116287247E-05
 2.336E-07  1.94415760030753E-05
 2.368E-07  1.98715436057938E-05
 2.401E-07  2.03110201779970E-05
 2.433E-07  2.07602160105939E-05
 2.467E-07  2.12193460448881E-05
 2.500E-07  2.16886299754159E-05
 2.534E-07  2.21682923550489E-05
 2.569E-07  2.26585627024265E-05
 2.604E-07  2.31596756117626E-05
 2.640E-07  2.36718708650746E-05
 2.676E-07  2.41953935469029E-05
 2.712E-07  2.47304941615600E-05
 2.749E-07  2.52774287529737E-05
 2.787E-07  2.58364590271825E-05
 2.825E-07  2.64078524775332E-05
 2.863E-07  2.69918825126549E-05
 2.903E-07  2.75888285872580E-05
 2.942E-07  2.81989763358210E-05
 2.982E-07  2.88226177092411E-05
 3.023E-07  2.94600511145005E-05
 3.064E-07  3.01115815574225E-05
 3.106E-07  3.07775207885845E-05
 3.149E-07  3.14581874524537E-05
 3.192E-07  3.21539072398253E-05
 3.235E-07  3.28650130436249E-05
 3.279E-07  3.35918451181605E-05
 3.324E-07  3.43347512418923E-05
 3.369E-07  3.50940868838018E-05
 3.415E-07  3.58702153734401E-05
 3.462E-07  3.66635080747345E-05
 3.509E-07  3.74743445636379E-05
 3.557E-07  3.83031128097031E-05
 3.606E-07  3.91502093616789E-05
 3.655E-07  4.00160395372021E-05
 3.705E-07  4.09010176166822E-05
 3.756E-07  4.18055670414757E-05
 3.807E-07  4.27301206164483E-05
 3.859E-07  4.36751207170014E-05
 3.911E-07  4.46410195006784E-05
 3.965E-07  4.56282791234646E-05
 4.019E-07  4.66373719608478E-05
 4.074E-07  4.76687808337722E-05
 4.129E-07  4.87229992395995E-05
 4.186E-07  4.98005315881592E-05
 4.243E-07  5.09018934430245E-05
 4.301E-07  5.20276117681245E-05
 4.360E-07  5.31782251798000E-05
 4.419E-07  5.43542842044398E-05
 4.479E-07  5.55563515418083E-05
 4.541E-07  5.67850023341899E-05
 4.603E-07  5.80408244414929E-05
 4.665E-07  5.93244187224269E-05
 4.729E-07  6.06363993218899E-05
 4.794E-07  6.19773939647312E-05
 4.859E-07  6.33480442559842E-05
 4.926E-07  6.47490059877358E-05
 4.993E-07  6.61809494527992E-05
 5.061E-07  6.76445597653063E-05
 5.130E-07  6.91405371883820E-05
 5.200E-07  7.06695974690750E-05
 5.271E-07  7.22324721806779E-05
 5.343E-07  7.38299090726212E-05
 5.416E-07  7.54626724281080E-05
 5.490E-07  7.71315434296375E-05
 5.565E-07  7.88373205326188E-05
 5.641E-07  8.05808198472375E-05
 5.718E-07  8.23628755287681E-05
 5.796E-07  8.41843401765120E-05
 5.875E-07  8.60460852415446E-05
 5.955E-07  8.79490014434822E-05
 6.037E-07  8.98939991964704E-05
 6.119E-07  9.18820090445571E-05
 6.202E-07  9.39139821067162E-05
 6.287E-07  9.59908905316983E-05
 6.373E-07  9.81137279629358E-05
 6.460E-07  1.00283510013712E-04
 6.548E-07  1.02501274752846E-04
 6.638E-07  1.04768083201106E-04
 6.728E-07  1.07085019838586E-04
 6.820E-07  1.09453193123309E-04
 6.913E-07  1.11873736021286E-04
 7.008E-07  1.14347806548283E-04
 7.103E-07  1.16876588323558E-04
 7.200E-07  1.19461291135861E-04
 7.298E-07  1.22103151521909E-04
 7.398E-07  1.24803433357663E-04
 7.499E-07  1.27563428462664E-04
 7.602E-07  1.30384457217731E-04
 7.705E-07  1.33267869196303E-04
 7.811E-07  1.36215043809734E-04
 7.917E-07  1.39227390966843E-04
 8.025E-07  1.42306351748046E-04
 8.135E-07  1.45453399094380E-04
 8.246E-07  1.48670038511747E-04
 8.358E-07  1.51957808790735E-04
 8.473E-07  1.55318282742323E-04
 8.588E-07  1.58753067949857E-04
 8.705E-07  1.62263807537637E-04
 8.824E-07  1.65852180956472E-04
 8.945E-07  1.69519904786641E-04
 9.067E-07  1.73268733558511E-04
 9.191E-07  1.77100460591378E-04
 9.316E-07  1.81016918850775E-04
 9.443E-07  1.85019981824738E-04
 9.572E-07  1.89111564419461E-04
 9.703E-07  1.93293623874691E-04
 9.835E-07  1.97568160699384E-04
 9.970E-07  2.01937219628012E-04
 1.011E-06  2.06402890598017E-04
 1.024E-06  2.10967309748823E-04
 1.038E-06  2.15632660442952E-04
 1.053E-06  2.20401174309688E-04
 1.067E-06  2.25275132311798E-04
 1.081E-06  2.30256865835766E-04
 1.096E-06  2.35348757806231E-04
 1.111E-06  2.40553243824929E-04
 1.126E-06  2.45872813334813E-04
 1.142E-06  2.51310010809932E-04
 1.157E-06  2.56867436971575E-04
 1.173E-06  2.62547750031263E-04
 1.189E-06  2.68353666961158E-04
 1.205E-06  2.74287964792660E-04
 1.222E-06  2.80353481943535E-04
 1.239E-06  2.86553119574433E-04
 1.255E-06  2.92889842975393E-04
 1.273E-06  2.99366682982891E-04
 1.290E-06  3.05986737428241E-04
 1.308E-06  3.12753172617966E-04
 1.325E-06  3.19669224846857E-04
 1.344E-06  3.26738201944474E-04
 1.362E-06  3.33963484855761E-04
 1.380E-06  3.41348529256595E-04
 1.399E-06  3.48896867204963E-04
 1.418E-06  3.56612108828674E-04
 1.438E-06  3.64497944050335E-04
 1.457E-06  3.72558144350282E-04
 1.477E-06  3.80796564568634E-04
 1.497E-06  3.89217144746996E-04
 1.518E-06  3.97823912010854E-04
 1.539E-06  4.06620982493621E-04
 1.560E-06  4.15612563303027E-04
 1.581E-06  4.24802954530994E-04
 1.603E-06  4.34196551307907E-04
 1.624E-06  4.43797845902216E-04
 1.647E-06  4.53611429866341E-04
 1.669E-06  4.63641996230006E-04
 1.692E-06  4.73894341742030E-04
 1.715E-06  4.84373369161490E-04
 1.738E-06  4.95084089599557E-04
 1.762E-06  5.06031624913012E-04
 1.786E-06  5.17221210150497E-04
 1.811E-06  5.28658196052928E-04
 1.835E-06  5.40348051609002E-04
 1.860E-06  5.52296366667052E-04
 1.886E-06  5.64508854604692E-04
 1.911E-06  5.76991355057212E-04
 1.938E-06  5.89749836706341E-04
 1.964E-06  6.02790400130518E-04
 1.991E-06  6.16119280717961E-04
 2.018E-06  6.29742851644109E-04
 2.046E-06  6.43667626914835E-04
 2.073E-06  6.57900264476656E-04
 2.102E-06  6.72447569395607E-04
 2.130E-06  6.87316497106445E-04
 2.160E-06  7.02514156733251E-04
 2.189E-06  7.18047814483495E-04
 2.219E-06  7.33924897117000E-04
 2.249E-06  7.50152995491230E-04
 2.280E-06  7.66739868185033E-04
 2.311E-06  7.83693445202172E-04
 2.343E-06  8.01021831756653E-04
 2.375E-06  8.18733312141457E-04
 2.407E-06  8.36836353682717E-04
 2.440E-06  8.55339610781045E-04
 2.473E-06  8.74251929041880E-04
 2.507E-06  8.93582349497273E-04
 2.541E-06  9.13340112920454E-04
 2.576E-06  9.33534664235682E-04
 2.611E-06  9.54175657025328E-04
 2.647E-06  9.75272958136390E-04
 2.683E-06  9.96836652388600E-04
 2.719E-06  1.01887704738618E-03
 2.757E-06  1.04140467843593E-03
 2.794E-06  1.06443031357364E-03
 2.832E-06  1.08796495870128E-03
 2.871E-06  1.11201986283755E-03
 2.910E-06  1.13660652348407E-03
 2.950E-06  1.16173669211001E-03
 2.990E-06  1.18742237975749E-03
 3.031E-06  1.21367586277068E-03
 3.072E-06  1.24050968865101E-03
 3.114E-06  1.26793668204152E-03
 3.157E-06  1.29596995084313E-03
 3.200E-06  1.32462289246577E-03
 3.244E-06  1.35390920021715E-03
 3.288E-06  1.38384286983221E-03
 3.333E-06  1.41443820614680E-03
 3.378E-06  1.44570982991809E-03
 3.424E-06  1.47767268479539E-03
 3.471E-06  1.51034204444467E-03
 3.519E-06  1.54373351982971E-03
 3.567E-06  1.57786306665409E-03
 3.615E-06  1.61274699296666E-03
 3.665E-06  1.64840196693483E-03
 3.715E-06  1.68484502478923E-03
 3.765E-06  1.72209357894293E-03
 3.817E-06  1.76016542628975E-03
 3.869E-06  1.79907875668509E-03
 3.922E-06  1.83885216161412E-03
 3.975E-06  1.87950464305008E-03
 4.030E-06  1.92105562250786E-03
 4.085E-06  1.96352495029754E-03
 4.140E-06  2.00693291498061E-03
 4.197E-06  2.05130025303505E-03
 4.254E-06  2.09664815873327E-03
 4.312E-06  2.14299829423701E-03
 4.371E-06  2.19037279991460E-03
 4.431E-06  2.23879430488547E-03
 4.491E-06  2.28828593779677E-03
 4.553E-06  2.33887133783657E-03
 4.615E-06  2.39057466599010E-03
 4.678E-06  2.44342061654337E-03
 4.742E-06  2.49743442883982E-03
 4.806E-06  2.55264189929551E-03
 4.872E-06  2.60906939367913E-03
 4.938E-06  2.66674385966180E-03
 5.006E-06  2.72569283964236E-03
 5.074E-06  2.78594448385588E-03
 5.144E-06  2.84752756376959E-03
 5.214E-06  2.91047148577365E-03
 5.285E-06  2.97480630517310E-03
 5.357E-06  3.04056274048706E-03
 5.430E-06  3.10777218806248E-03
 5.504E-06  3.17646673700955E-03
 5.579E-06  3.24667918446496E-03
 5.656E-06  3.31844305119039E-03
 5.733E-06  3.39179259751445E-03
 5.811E-06  3.46676283962448E-03
 5.890E-06  3.54338956621675E-03
 5.971E-06  3.62170935551201E-03
 6.052E-06  3.70175959264522E-03
 6.135E-06  3.78357848743731E-03
 6.219E-06  3.86720509255672E-03
 6.304E-06  3.95267932208086E-03
 6.390E-06  4.04004197046426E-03
 6.477E-06  4.12933473192372E-03
 6.565E-06  4.22060022024884E-03
 6.655E-06  4.31388198904788E-03
 6.746E-06  4.40922455243785E-03
 6.838E-06  4.50667340618856E-03
 6.931E-06  4.60627504933103E-03
 7.026E-06  4.70807700623967E-03
 7.122E-06  4.81212784920002E-03
 7.219E-06  4.91847722147068E-03
 7.318E-06  5.02717586085114E-03
 7.418E-06  5.13827562376742E-03
 7.519E-06  5.25182950988537E-03
 7.622E-06  5.36789168726384E-03
 7.726E-06  5.48651751805970E-03
 7.831E-06  5.60776358479619E-03
 7.938E-06  5.73168771720757E-03
 8.046E-06  5.85834901967108E-03
 8.156E-06  5.98780789924169E-03
 8.268E-06  6.12012609430083E-03
 8.380E-06  6.25536670383190E-03
 8.495E-06  6.39359421733815E-03
 8.611E-06  6.53487454541602E-03
 8.728E-06  6.67927505099764E-03
 8.848E-06  6.82686458127760E-03
 8.968E-06  6.97771350033943E-03
 9.091E-06  7.13189372249610E-03
 9.215E-06  7.28947874636041E-03
 9.341E-06  7.45054368966058E-03
 9.468E-06  7.61516532481919E-03
 9.597E-06  7.78342211530949E-03
 9.729E-06  7.95539425280725E-03
 9.861E-06  8.13116369515630E-03
 9.996E-06  8.31081420516336E-03
 1.013E-05  8.49443139024219E-03
 1.027E-05  8.68210274292373E-03
 1.041E-05  8.87391768225252E-03
 1.055E-05  9.06996759608866E-03
 1.070E-05  9.27034588433163E-03
 1.084E-05  9.47514800309266E-03
 1.099E-05  9.68447150982924E-03
 1.114E-05  9.89841610946600E-03
 1.129E-05  1.01170837015231E-02
 1.145E-05  1.03405784282751E-02
 1.160E-05  1.05690067239602E-02
 1.176E-05  1.08024773650623E-02
 1.192E-05  1.10411015216936E-02
 1.209E-05  1.12849928100951E-02
 1.225E-05  1.15342673462848E-02
 1.242E-05  1.17890438008764E-02
 1.259E-05  1.20494434550925E-02
 1.276E-05  1.23155902579968E-02
 1.293E-05  1.25876108849795E-02
 1.311E-05  1.28656347975132E-02
 1.329E-05  1.31497943042125E-02
 1.347E-05  1.34402246232242E-02
 1.365E-05  1.37370639459734E-02
 1.384E-05  1.40404535023034E-02
 1.403E-05  1.43505376270307E-02
 1.422E-05  1.46674638279473E-02
 1.442E-05  1.49913828553057E-02
 1.461E-05  1.53224487728158E-02
 1.481E-05  1.56608190301829E-02
 1.501E-05  1.60066545372279E-02
 1.522E-05  1.63601197396178E-02
 1.543E-05  1.67213826962388E-02
 1.564E-05  1.70906151582555E-02
 1.585E-05  1.74679926498874E-02
 1.607E-05  1.78536945509355E-02
 1.629E-05  1.82479041811094E-02
 1.651E-05  1.86508088861766E-02
 1.673E-05  1.90626001259871E-02
 1.696E-05  1.94834735644083E-02
 1.719E-05  1.99136291612059E-02
 1.743E-05  2.03532712659242E-02
 1.767E-05  2.08026087137993E-02
 1.791E-05  2.12618549237474E-02
 1.815E-05  2.17312279984832E-02
 1.840E-05  2.22109508268060E-02
 1.865E-05  2.27012511880938E-02
 1.891E-05  2.32023618590713E-02
 1.916E-05  2.37145207228803E-02
 1.943E-05  2.42379708805137E-02
 1.969E-05  2.47729607646597E-02
 1.996E-05  2.53197442560078E-02
 2.023E-05  2.58785808020698E-02
 2.051E-05  2.64497355385646E-02
 2.079E-05  2.70334794134349E-02
 2.107E-05  2.76300893135318E-02
 2.136E-05  2.82398481940406E-02
 2.165E-05  2.88630452106997E-02
 2.195E-05  2.94999758548683E-02
 2.225E-05  3.01509420915137E-02
 2.255E-05  3.08162525001651E-02
 2.286E-05  3.14962224189141E-02
 2.317E-05  3.21911740915148E-02
 2.349E-05  3.29014368176464E-02
 2.381E-05  3.36273471064169E-02
 2.413E-05  3.43692488331694E-02
 2.446E-05  3.51274933996616E-02
 2.480E-05  3.59024398976896E-02
 2.514E-05  3.66944552762224E-02
 2.548E-05  3.75039145121380E-02
 2.583E-05  3.83312007846226E-02
 2.618E-05  3.91767056533117E-02
 2.654E-05  4.00408292402528E-02
 2.690E-05  4.09239804157757E-02
 2.727E-05  4.18265769883500E-02
 2.764E-05  4.27490458984995E-02
 2.802E-05  4.36918234168851E-02
 2.840E-05  4.46553553466228E-02
 2.879E-05  4.56400972299241E-02
 2.918E-05  4.66465145591753E-02
 2.958E-05  4.76750829925100E-02
 2.998E-05  4.87262885740052E-02
 3.039E-05  4.98006279585685E-02
 3.080E-05  5.08986086416331E-02
 3.123E-05  5.20207491937546E-02
 3.165E-05  5.31675795002099E-02
 3.208E-05  5.43396410057067E-02
 3.252E-05  5.55374869642970E-02
 3.297E-05  5.67616826946274E-02
 3.342E-05  5.80128058406110E-02
 3.387E-05  5.92914466376514E-02
 3.433E-05  6.05982081845163E-02
 3.480E-05  6.19337067209986E-02
 3.528E-05  6.32985719114716E-02
 3.576E-05  6.46934471344502E-02
 3.625E-05  6.61189897783192E-02
 3.674E-05  6.75758715433032E-02
 3.724E-05  6.90647787498427E-02
 3.775E-05  7.05864126535127E-02
 3.827E-05  7.21414897665829E-02
 3.879E-05  7.37307421863910E-02
 3.932E-05  7.53549179306524E-02
 3.986E-05  7.70147812798432E-02
 4.040E-05  7.87111131268142E-02
 4.095E-05  8.04447113337873E-02
 4.151E-05  8.22163910968497E-02
 4.208E-05  8.40269853181440E-02
 4.265E-05  8.58773449858933E-02
 4.324E-05  8.77683395623999E-02
 4.383E-05  8.97008573802077E-02
 4.442E-05  9.16758060465790E-02
 4.503E-05  9.36941128564676E-02
 4.565E-05  9.57567252141314E-02
 4.627E-05  9.78646110635954E-02
 4.690E-05  1.00018759328112E-01
 4.754E-05  1.02220180358815E-01
 4.819E-05  1.04469906392764E-01
 4.885E-05  1.06768992020516E-01
 4.951E-05  1.09118514663495E-01
 5.019E-05  1.11519575061293E-01
 5.088E-05  1.13973297769098E-01
 5.157E-05  1.16480831665510E-01
 5.227E-05  1.19043350470899E-01
 5.299E-05  1.21662053276505E-01
 5.371E-05  1.24338165084547E-01
 5.445E-05  1.27072937359535E-01
 5.519E-05  1.29867648590961E-01
 5.594E-05  1.32723604867665E-01
 5.671E-05  1.35642140464058E-01
 5.748E-05  1.38624618438452E-01
 5.826E-05  1.41672431243738E-01
 5.906E-05  1.44787001350646E-01
 5.987E-05  1.47969781883809E-01
 6.068E-05  1.51222257270950E-01
 6.151E-05  1.54545943905363E-01
 6.235E-05  1.57942390822004E-01
 6.320E-05  1.61413180387443E-01
 6.407E-05  1.64959929003913E-01
 6.494E-05  1.68584287827772E-01
 6.583E-05  1.72287943502635E-01
 6.673E-05  1.76072618907471E-01
 6.764E-05  1.79940073919887E-01
 6.856E-05  1.83892106195007E-01
 6.950E-05  1.87930551960151E-01
 7.045E-05  1.92057286825613E-01
 7.141E-05  1.96274226611906E-01
 7.238E-05  2.00583328193730E-01
 7.337E-05  2.04986590361020E-01
 7.437E-05  2.09486054697341E-01
 7.539E-05  2.14083806475997E-01
 7.642E-05  2.18781975574192E-01
 7.746E-05  2.23582737405530E-01
 7.852E-05  2.28488313871266E-01
 7.959E-05  2.33500974330573E-01
 8.068E-05  2.38623036590262E-01
 8.178E-05  2.43856867914223E-01
 8.289E-05  2.49204886053031E-01
 8.403E-05  2.54669560294047E-01
 8.517E-05  2.60253412532370E-01
 8.634E-05  2.65959018363061E-01
 8.751E-05  2.71789008195000E-01
 8.871E-05  2.77746068386749E-01
 8.992E-05  2.83832942404848E-01
 9.115E-05  2.90052432004949E-01
 9.239E-05  2.96407398436155E-01
 9.365E-05  3.02900763669007E-01
 9.493E-05  3.09535511647553E-01
 9.623E-05  3.16314689565856E-01
 9.754E-05  3.23241409169448E-01
 9.887E-05  3.30318848082139E-01
 1.002E-04  3.37550251158569E-01
 1.016E-04  3.44938931863046E-01
 1.030E-04  3.52488273675031E-01
 1.044E-04  3.60201731521802E-01
 1.058E-04  3.68082833238691E-01
 1.073E-04  3.76135181057400E-01
 1.087E-04  3.84362453122884E-01
 1.102E-04  3.92768405039255E-01
 1.117E-04  4.01356871445213E-01
 1.132E-04  4.10131767619411E-01
 1.148E-04  4.19097091116383E-01
 1.163E-04  4.28256923433527E-01
 1.179E-04  4.37615431709410E-01
 1.195E-04  4.47176870454247E-01
 1.212E-04  4.56945583312888E-01
 1.228E-04  4.66926004860749E-01
 1.245E-04  4.77122662433489E-01
 1.262E-04  4.87540177990623E-01
 1.279E-04  4.98183270013850E-01
 1.297E-04  5.09056755440624E-01
 1.314E-04  5.20165551633321E-01
 1.332E-04  5.31514678384720E-01
 1.351E-04  5.43109259960358E-01
 1.369E-04  5.54954527178176E-01
 1.388E-04  5.67055819526148E-01
 1.407E-04  5.79418587318359E-01
 1.426E-04  5.92048393890153E-01
 1.445E-04  6.04950917832930E-01
 1.465E-04  6.18131955269131E-01
 1.485E-04  6.31597422167870E-01
 1.505E-04  6.45353356702095E-01
 1.526E-04  6.59405921647529E-01
 1.547E-04  6.73761406824048E-01
 1.568E-04  6.88426231580341E-01
 1.589E-04  7.03406947321971E-01
 1.611E-04  7.18710240083738E-01
 1.633E-04  7.34342933146950E-01
 1.655E-04  7.50311989701907E-01
 1.678E-04  7.66624515556430E-01
 1.701E-04  7.83287761890918E-01
 1.724E-04  8.00309128060416E-01
 1.748E-04  8.17696164444504E-01
 1.771E-04  8.35456575345306E-01
 1.796E-04  8.53598221934299E-01
 1.820E-04  8.72129125248664E-01
 1.845E-04  8.91057469237259E-01
 1.870E-04  9.10391603857275E-01
 1.896E-04  9.30140048221960E-01
 1.922E-04  9.50311493799603E-01
 1.948E-04  9.70914807664891E-01
 1.974E-04  9.91959035802745E-01
 2.001E-04  1.01345340646528E+00
 2.029E-04  1.03540733358232E+00
 2.056E-04  1.05783042022610E+00
 2.084E-04  1.08073246213066E+00
 2.113E-04  1.10412345126592E+00
 2.142E-04  1.12801357946764E+00
 2.171E-04  1.15241324212319E+00
 2.201E-04  1.17733304191361E+00
 2.231E-04  1.20278379261261E+00
 2.261E-04  1.22877652294250E+00
 2.292E-04  1.25532248048779E+00
 2.323E-04  1.28243313566674E+00
 2.355E-04  1.31012018576094E+00
 2.387E-04  1.33839555900341E+00
 2.420E-04  1.36727141872553E+00
 2.453E-04  1.39676016756307E+00
 2.486E-04  1.42687445172132E+00
 2.520E-04  1.45762716529970E+00
 2.555E-04  1.48903145467608E+00
 2.589E-04  1.52110072295063E+00
 2.625E-04  1.55384863444968E+00
 2.661E-04  1.58728911928944E+00
 2.697E-04  1.62143637799948E+00
 2.734E-04  1.65630488620625E+00
 2.771E-04  1.69190939937634E+00
 2.809E-04  1.72826495761952E+00
 2.847E-04  1.76538689055112E+00
 2.886E-04  1.80329082221420E+00
 2.926E-04  1.84199267606023E+00
 2.965E-04  1.88150867998903E+00
 3.006E-04  1.92185537144692E+00
 3.047E-04  1.96304960258275E+00
 3.089E-04  2.00510854546178E+00
 3.131E-04  2.04804969733622E+00
 3.174E-04  2.09189088597194E+00
 3.217E-04  2.13665027503128E+00
 3.261E-04  2.18234636951048E+00
 3.305E-04  2.22899802123096E+00
 3.350E-04  2.27662443438380E+00
 3.396E-04  2.32524517112674E+00
 3.442E-04  2.37488015723142E+00
 3.489E-04  2.42554968778090E+00
 3.537E-04  2.47727443291568E+00
 3.585E-04  2.53007544362680E+00
 3.634E-04  2.58397415759451E+00
 3.684E-04  2.63899240507085E+00
 3.734E-04  2.69515241480547E+00
 3.785E-04  2.75247682001064E+00
 3.837E-04  2.81098866436612E+00
 3.889E-04  2.87071140805970E+00
 3.942E-04  2.93166893386244E+00
 3.996E-04  2.99388555323636E+00
 4.051E-04  3.05738601247070E+00
 4.106E-04  3.12219549884598E+00
 4.162E-04  3.18833964682207E+00
 4.219E-04  3.25584454424721E+00
 4.277E-04  3.32473673858543E+00
 4.335E-04  3.39504324315933E+00
 4.394E-04  3.46679154340351E+00
 4.454E-04  3.54000960312675E+00
 4.515E-04  3.61472587077789E+00
 4.577E-04  3.69096928571216E+00
 4.639E-04  3.76876928445323E+00
 4.702E-04  3.84815580694727E+00
 4.767E-04  3.92915930280380E+00
 4.832E-04  4.01181073751864E+00
 4.898E-04  4.09614159867448E+00
 4.965E-04  4.18218390211333E+00
 5.032E-04  4.26997019807507E+00
 5.101E-04  4.35953357729681E+00
 5.171E-04  4.45090767706733E+00
 5.241E-04  4.54412668722944E+00
 5.313E-04  4.63922535612451E+00
 5.385E-04  4.73623899647166E+00
 5.459E-04  4.83520349117507E+00
 5.533E-04  4.93615529905232E+00
 5.609E-04  5.03913146047492E+00
 5.686E-04  5.14416960291317E+00
 5.763E-04  5.25130794637827E+00
 5.842E-04  5.36058530875205E+00
 5.922E-04  5.47204111099491E+00
 6.002E-04  5.58571538222312E+00
 6.084E-04  5.70164876464607E+00
 6.167E-04  5.81988251835213E+00
 6.252E-04  5.94045852593429E+00
 6.337E-04  6.06341929694365E+00
 6.423E-04  6.18880797215855E+00
 6.511E-04  6.31666832766035E+00
 6.600E-04  6.44704477870092E+00
 6.690E-04  6.57998238335070E+00
 6.782E-04  6.71552684591428E+00
 6.874E-04  6.85372452009928E+00
 6.968E-04  6.99462241192620E+00
 7.063E-04  7.13826818236262E+00
 7.160E-04  7.28471014966824E+00
 7.257E-04  7.43399729143646E+00
 7.356E-04  7.58617924631345E+00
 7.457E-04  7.74130631538138E+00
 7.559E-04  7.89942946318714E+00
 7.662E-04  8.06060031840025E+00
 7.766E-04  8.22487117408089E+00
 7.872E-04  8.39229498753934E+00
 7.980E-04  8.56292537977000E+00
 8.089E-04  8.73681663443664E+00
 8.199E-04  8.91402369639138E+00
 8.311E-04  9.09460216970590E+00
 8.425E-04  9.27860831519262E+00
 8.540E-04  9.46609904739371E+00
 8.656E-04  9.65713193101684E+00
 8.774E-04  9.85176517679245E+00
 8.894E-04  1.00500576367283E+01
 9.016E-04  1.02520687987392E+01
 9.139E-04  1.04578587806246E+01
 9.264E-04  1.06674883233668E+01
 9.390E-04  1.08810187837261E+01
 9.518E-04  1.10985121261042E+01
 9.648E-04  1.13200309136478E+01
 9.780E-04  1.15456382985632E+01
 9.913E-04  1.17753980116130E+01
 1.005E-03  1.20093743507668E+01
 1.019E-03  1.22476321689705E+01
 1.032E-03  1.24902368610085E+01
 1.047E-03  1.27372543494218E+01
 1.061E-03  1.29887510694522E+01
 1.075E-03  1.32447939529791E+01
 1.090E-03  1.35054504114117E+01
 1.105E-03  1.37707883175057E+01
 1.120E-03  1.40408759860666E+01
 1.135E-03  1.43157821535062E+01
 1.151E-03  1.45955759562095E+01
 1.167E-03  1.48803269076828E+01
 1.182E-03  1.51701048744389E+01
 1.199E-03  1.54649800505828E+01
 1.215E-03  1.57650229310588E+01
 1.232E-03  1.60703042835200E+01
 1.248E-03  1.63808951187776E+01
 1.265E-03  1.66968666597912E+01
 1.283E-03  1.70182903091590E+01
 1.300E-03  1.73452376150642E+01
 1.318E-03  1.76777802356373E+01
 1.336E-03  1.80159899016897E+01
 1.354E-03  1.83599383777785E+01
 1.373E-03  1.87096974215575E+01
 1.391E-03  1.90653387413701E+01
 1.410E-03  1.94269339520412E+01
 1.430E-03  1.97945545288252E+01
 1.449E-03  2.01682717594654E+01
 1.469E-03  2.05481566943192E+01
 1.489E-03  2.09342800945076E+01
 1.509E-03  2.13267123780426E+01
 1.530E-03  2.17255235638899E+01
 1.551E-03  2.21307832139273E+01
 1.572E-03  2.25425603727429E+01
 1.593E-03  2.29609235052466E+01
 1.615E-03  2.33859404320418E+01
 1.637E-03  2.38176782625172E+01
 1.660E-03  2.42562033256206E+01
 1.682E-03  2.47015810982707E+01
 1.705E-03  2.51538761313711E+01
 1.729E-03  2.56131519733841E+01
 1.752E-03  2.60794710914300E+01
 1.776E-03  2.65528947898762E+01
 1.800E-03  2.70334831263795E+01
 1.825E-03  2.75212948253483E+01
 1.850E-03  2.80163871887969E+01
 1.875E-03  2.85188160045597E+01
 1.901E-03  2.90286354518380E+01
 1.927E-03  2.95458980040564E+01
 1.953E-03  3.00706543290034E+01
 1.980E-03  3.06029531862396E+01
 2.007E-03  3.11428413217519E+01
 2.034E-03  3.16903633598427E+01
 2.062E-03  3.22455616922454E+01
 2.090E-03  3.28084763644497E+01
 2.118E-03  3.33791449592435E+01
 2.147E-03  3.39576024774643E+01
 2.177E-03  3.45438812159678E+01
 2.206E-03  3.51380106428203E+01
 2.236E-03  3.57400172697294E+01
 2.267E-03  3.63499245217337E+01
 2.298E-03  3.69677526041651E+01
 2.329E-03  3.75935183669288E+01
 2.361E-03  3.82272351661245E+01
 2.393E-03  3.88689127230486E+01
 2.426E-03  3.95185569806348E+01
 2.459E-03  4.01761699573790E+01
 2.493E-03  4.08417495988139E+01
 2.527E-03  4.15152896266004E+01
 2.561E-03  4.21967793853130E+01
 2.596E-03  4.28862036870113E+01
 2.632E-03  4.35835426536750E+01
 2.668E-03  4.42887715576205E+01
 2.704E-03  4.50018606600082E+01
 2.741E-03  4.57227750475507E+01
 2.778E-03  4.64514744675700E+01
 2.816E-03  4.71879131615354E+01
 2.855E-03  4.79320396972381E+01
 2.894E-03  4.86837967997653E+01
 2.933E-03  4.94431211814527E+01
 2.973E-03  5.02099433709999E+01
 3.014E-03  5.09841875419558E+01
 3.055E-03  5.17657713407820E+01
 3.097E-03  5.25546057147161E+01
 3.139E-03  5.33505947396925E+01
 3.182E-03  5.41536354485604E+01
 3.225E-03  5.49636176598711E+01
 3.269E-03  5.57804238075249E+01
 3.314E-03  5.66039287715699E+01
 3.359E-03  5.74339997104776E+01
 3.405E-03  5.82704958952128E+01
 3.452E-03  5.91132685454589E+01
 3.499E-03  5.99621606683588E+01
 3.546E-03  6.08170069001463E+01
 3.595E-03  6.16776333510797E+01
 3.644E-03  6.25438574540806E+01
 3.694E-03  6.34154878175228E+01
 3.744E-03  6.42923240826211E+01
 3.795E-03  6.51741567858846E+01
 3.847E-03  6.60607672271330E+01
 3.900E-03  6.69519273435785E+01
 3.953E-03  6.78473995904973E+01
 4.007E-03  6.87469368290429E+01
 4.061E-03  6.96502822217616E+01
 4.117E-03  7.05571691363892E+01
 4.173E-03  7.14673210585330E+01
 4.230E-03  7.23804515138612E+01
 4.288E-03  7.32962640004279E+01
 4.346E-03  7.42144519318028E+01
 4.406E-03  7.51346985916664E+01
 4.466E-03  7.60566771005604E+01
 4.527E-03  7.69800503955136E+01
 4.589E-03  7.79044712232450E+01
 4.651E-03  7.88295821476971E+01
 4.715E-03  7.97550155726488E+01
 4.779E-03  8.06803937801636E+01
 4.844E-03  8.16053289856647E+01
 4.911E-03  8.25294234104188E+01
 4.978E-03  8.34522693722264E+01
 5.046E-03  8.43734493951364E+01
 5.114E-03  8.52925363389975E+01
 5.184E-03  8.62090935496627E+01
 5.255E-03  8.71226750306846E+01
 5.327E-03  8.80328256373268E+01
 5.400E-03  8.89390812937211E+01
 5.473E-03  8.98409692339990E+01
 5.548E-03  9.07380082682268E+01
 5.624E-03  9.16297090739528E+01
 5.700E-03  9.25155745141967E+01
 5.778E-03  9.33950999826581E+01
 5.857E-03  9.42677737769395E+01
 5.937E-03  9.51330775005540E+01
 6.018E-03  9.59904864944588E+01
 6.100E-03  9.68394702988310E+01
 6.184E-03  9.76794931457968E+01
 6.268E-03  9.85100144837644E+01
 6.354E-03  9.93304895339886E+01
 6.440E-03  1.00140369879966E+02
 6.528E-03  1.00939104090191E+02
 6.617E-03  1.01726138374788E+02
 6.708E-03  1.02500917276438E+02
 6.799E-03  1.03262884396010E+02
 6.892E-03  1.04011483153211E+02
 6.986E-03  1.04746157582504E+02
 7.082E-03  1.05466353164486E+02
 7.178E-03  1.06171517692821E+02
 7.276E-03  1.06861102176763E+02
 7.376E-03  1.07534561779170E+02
 7.476E-03  1.08191356789879E+02
 7.578E-03  1.08830953634145E+02
 7.682E-03  1.09452825915785E+02
 7.787E-03  1.10056455494525E+02
 7.893E-03  1.10641333596954E+02
 8.001E-03  1.11206961960341E+02
 8.110E-03  1.11752854008441E+02
 8.221E-03  1.12278536058301E+02
 8.333E-03  1.12783548556891E+02
 8.447E-03  1.13267447346271E+02
 8.562E-03  1.13729804955828E+02
 8.679E-03  1.14170211919964E+02
 8.798E-03  1.14588278119424E+02
 8.918E-03  1.14983634144323E+02
 9.039E-03  1.15355932676689E+02
 9.163E-03  1.15704849890224E+02
 9.288E-03  1.16030086864722E+02
 9.415E-03  1.16331371012453E+02
 9.543E-03  1.16608457513573E+02
 9.674E-03  1.16861130757446E+02
 9.806E-03  1.17089205786546E+02
 9.940E-03  1.17292529739405E+02
 1.008E-02  1.17470983288848E+02
 1.021E-02  1.17624482071563E+02
 1.035E-02  1.17752978104819E+02
 1.049E-02  1.17856461185949E+02
 1.064E-02  1.17934960269995E+02
 1.078E-02  1.17988544820688E+02
 1.093E-02  1.18017326129762E+02
 1.108E-02  1.18021458599344E+02
 1.123E-02  1.18001140982015E+02
 1.138E-02  1.17956617572903E+02
 1.154E-02  1.17888179347997E+02
 1.170E-02  1.17796165042689E+02
 1.186E-02  1.17680962164388E+02
 1.202E-02  1.17543007932863E+02
 1.218E-02  1.17382790141868E+02
 1.235E-02  1.17200847935432E+02
 1.252E-02  1.16997772492080E+02
 1.269E-02  1.16774207610201E+02
 1.286E-02  1.16530850187599E+02
 1.304E-02  1.16268450588320E+02
 1.321E-02  1.15987812889692E+02
 1.339E-02  1.15689795002591E+02
 1.358E-02  1.15375308657897E+02
 1.376E-02  1.15045319252163E+02
 1.395E-02  1.14700845545585E+02
 1.414E-02  1.14342959205446E+02
 1.433E-02  1.13972784188360E+02
 1.453E-02  1.13591495954760E+02
 1.473E-02  1.13200320509338E+02
 1.493E-02  1.12800533261315E+02
 1.513E-02  1.12393457698743E+02
 1.534E-02  1.11980463871350E+02
 1.555E-02  1.11562966676771E+02
 1.576E-02  1.11142423945457E+02
 1.598E-02  1.10720334319974E+02
 1.619E-02  1.10298234924901E+02
 1.642E-02  1.09877698824107E+02
 1.664E-02  1.09460332262732E+02
 1.687E-02  1.09047771691897E+02
 1.710E-02  1.08641680574809E+02
 1.733E-02  1.08243745973693E+02
 1.757E-02  1.07855674917773E+02
 1.781E-02  1.07479190553353E+02
 1.805E-02  1.07116028077955E+02
 1.830E-02  1.06767930461390E+02
 1.855E-02  1.06436643957650E+02
 1.880E-02  1.06123913412507E+02
 1.906E-02  1.05831477372812E+02
 1.932E-02  1.05561063004595E+02
 1.958E-02  1.05314380828206E+02
 1.985E-02  1.05093119279982E+02
 2.012E-02  1.04898939111084E+02
 2.039E-02  1.04733467635483E+02
 2.067E-02  1.04598292840297E+02
 2.095E-02  1.04494957373032E+02
 2.124E-02  1.04424952421573E+02
 2.153E-02  1.04389711504143E+02
 2.182E-02  1.04390604187743E+02
 2.212E-02  1.04428929754979E+02
 2.242E-02  1.04505910840470E+02
 2.273E-02  1.04622687059387E+02
 2.304E-02  1.04780308651950E+02
 2.335E-02  1.04979730168977E+02
 2.367E-02  1.05221804224841E+02
 2.400E-02  1.05507275345315E+02
 2.432E-02  1.05836773938985E+02
 2.466E-02  1.06210810421902E+02
 2.499E-02  1.06629769526190E+02
 2.533E-02  1.07093904824182E+02
 2.568E-02  1.07603333500489E+02
 2.603E-02  1.08158031405092E+02
 2.639E-02  1.08757828421131E+02
 2.675E-02  1.09402404181521E+02
 2.711E-02  1.10091284168831E+02
 2.748E-02  1.10823836233031E+02
 2.786E-02  1.11599267561720E+02
 2.824E-02  1.12416622137262E+02
 2.862E-02  1.13274778714934E+02
 2.901E-02  1.14172449355614E+02
 2.941E-02  1.15108178545835E+02
 2.981E-02  1.16080342937026E+02
 3.022E-02  1.17087151734635E+02
 3.063E-02  1.18126647766398E+02
 3.105E-02  1.19196709257382E+02
 3.147E-02  1.20295052337565E+02
 3.190E-02  1.21419234305588E+02
 3.234E-02  1.22566657669918E+02
 3.278E-02  1.23734574986061E+02
 3.323E-02  1.24920094505555E+02
 3.368E-02  1.26120186649347E+02
 3.414E-02  1.27331691314731E+02
 3.461E-02  1.28551326021421E+02
 3.508E-02  1.29775694898379E+02
 3.556E-02  1.31001298508921E+02
 3.604E-02  1.32224544507224E+02
 3.654E-02  1.33441759114763E+02
 3.703E-02  1.34649199400405E+02
 3.754E-02  1.35843066342871E+02
 3.805E-02  1.37019518649079E+02
 3.857E-02  1.38174687296567E+02
 3.910E-02  1.39304690762657E+02
 3.963E-02  1.40405650897456E+02
 4.017E-02  1.41473709392066E+02
 4.072E-02  1.42505044787636E+02
 4.128E-02  1.43495889965085E+02
 4.184E-02  1.44442550049556E+02
 4.241E-02  1.45341420657891E+02
 4.299E-02  1.46189006411780E+02
 4.358E-02  1.46981939633640E+02
 4.417E-02  1.47716999136950E+02
 4.478E-02  1.48391129017504E+02
 4.539E-02  1.49001457347191E+02
 4.601E-02  1.49545314667207E+02
 4.664E-02  1.50020252173365E+02
 4.727E-02  1.50424059482261E+02
 4.792E-02  1.50754781863640E+02
 4.857E-02  1.51010736821373E+02
 4.924E-02  1.51190529903090E+02
 4.991E-02  1.51293069616780E+02
 5.059E-02  1.51317581331570E+02
 5.128E-02  1.51263620039533E+02
 5.198E-02  1.51131081855791E+02
 5.269E-02  1.50920214135380E+02
 5.341E-02  1.50631624087460E+02
 5.414E-02  1.50266285770412E+02
 5.488E-02  1.49825545355359E+02
 5.563E-02  1.49311124550519E+02
 5.639E-02  1.48725122084798E+02
 5.716E-02  1.48070013155969E+02
 5.794E-02  1.47348646756870E+02
 5.873E-02  1.46564240802121E+02
 5.953E-02  1.45720374988102E+02
 6.034E-02  1.44820981330153E+02
 6.116E-02  1.43870332333290E+02
 6.200E-02  1.42873026766083E+02
 6.285E-02  1.41833973021680E+02
 6.370E-02  1.40758370065280E+02
 6.457E-02  1.39651685983517E+02
 6.546E-02  1.38519634168297E+02
 6.635E-02  1.37368147185338E+02
 6.725E-02  1.36203348396138E+02
 6.817E-02  1.35031521421018E+02
 6.910E-02  1.33859077550309E+02
 7.005E-02  1.32692521230420E+02
 7.100E-02  1.31538413771352E+02
 7.197E-02  1.30403335442074E+02
 7.296E-02  1.29293846139802E+02
 7.395E-02  1.28216444838545E+02
 7.496E-02  1.27177528041046E+02
 7.598E-02  1.26183347476294E+02
 7.702E-02  1.25239967301891E+02
 7.807E-02  1.24353221086554E+02
 7.914E-02  1.23528668862680E+02
 8.022E-02  1.22771554552004E+02
 8.132E-02  1.22086764078759E+02
 8.243E-02  1.21478784494125E+02
 8.355E-02  1.20951664443054E+02
 8.469E-02  1.20508976309444E+02
 8.585E-02  1.20153780378084E+02
 8.702E-02  1.19888591351486E+02
 8.821E-02  1.19715347556660E+02
 8.941E-02  1.19635383170792E+02
 9.063E-02  1.19649403785679E+02
 9.187E-02  1.19757465618452E+02
 9.312E-02  1.19958958660613E+02
 9.440E-02  1.20252594038616E+02
 9.568E-02  1.20636395837135E+02
 9.699E-02  1.21107697610912E+02
 9.831E-02  1.21663143782519E+02
 9.966E-02  1.22298696091848E+02
 1.010E-01  1.23009645228562E+02
 1.024E-01  1.23790627741450E+02
 1.038E-01  1.24635648278711E+02
 1.052E-01  1.25538107171005E+02
 1.066E-01  1.26490833324829E+02
 1.081E-01  1.27486122347849E+02
 1.096E-01  1.28515779780536E+02
 1.111E-01  1.29571169260175E+02
 1.126E-01  1.30643265394650E+02
 1.141E-01  1.31722711074550E+02
 1.157E-01  1.32799878903820E+02
 1.173E-01  1.33864936381748E+02
 1.189E-01  1.34907914423091E+02
 1.205E-01  1.35918778759161E+02
 1.221E-01  1.36887503721158E+02
 1.238E-01  1.37804147868602E+02
 1.255E-01  1.38658930890720E+02
 1.272E-01  1.39442311177784E+02
 1.289E-01  1.40145063432969E+02
 1.307E-01  1.40758355673852E+02
 1.325E-01  1.41273824956613E+02
 1.343E-01  1.41683651145613E+02
 1.361E-01  1.41980628046780E+02
 1.380E-01  1.42158231225218E+02
 1.399E-01  1.42210681836079E+02
 1.418E-01  1.42133005812993E+02
 1.437E-01  1.41921087780450E+02
 1.457E-01  1.41571719085401E+02
 1.477E-01  1.41082639379051E+02
 1.497E-01  1.40452571222159E+02
 1.517E-01  1.39681247235951E+02
 1.538E-01  1.38769429375876E+02
 1.559E-01  1.37718919966327E+02
 1.580E-01  1.36532564200944E+02
 1.602E-01  1.35214243884565E+02
 1.624E-01  1.33768862268884E+02
 1.646E-01  1.32202319913692E+02
 1.668E-01  1.30521481588642E+02
 1.691E-01  1.28734134315975E+02
 1.714E-01  1.26848936741869E+02
 1.738E-01  1.24875360112052E+02
 1.761E-01  1.22823621215348E+02
 1.785E-01  1.20704607745755E+02
 1.810E-01  1.18529796618710E+02
 1.834E-01  1.16311165859250E+02
 1.860E-01  1.14061100757937E+02
 1.885E-01  1.11792295063543E+02
 1.911E-01  1.09517648048719E+02
 1.937E-01  1.07250158345129E+02
 1.963E-01  1.05002815496892E+02
 1.990E-01  1.02788490224792E+02
 2.017E-01  1.00619824427686E+02
 2.045E-01  9.85091219712281E+01
 2.073E-01  9.64682413266946E+01
 2.101E-01  9.45084911239232E+01
 2.130E-01  9.26405296717268E+01
 2.159E-01  9.08742694764244E+01
 2.188E-01  8.92187877542740E+01
 2.218E-01  8.76822438867044E+01
 2.248E-01  8.62718047086262E+01
 2.279E-01  8.49935784502027E+01
 2.310E-01  8.38525580719323E+01
 2.342E-01  8.28525746425245E+01
 2.374E-01  8.19962613097853E+01
 2.406E-01  8.12850283076609E+01
 2.439E-01  8.07190493288919E+01
 2.472E-01  8.02972594737105E+01
 2.506E-01  8.00173648620253E+01
 2.540E-01  7.98758638710086E+01
 2.575E-01  7.98680798333887E+01
 2.610E-01  7.99882049056060E+01
 2.646E-01  8.02293546907088E+01
 2.682E-01  8.05836330802088E+01
 2.718E-01  8.10422066633685E+01
 2.755E-01  8.15953879432700E+01
 2.793E-01  8.22327264979340E+01
 2.831E-01  8.29431071331800E+01
 2.870E-01  8.37148539932155E+01
 2.909E-01  8.45358395263818E+01
 2.949E-01  8.53935971481886E+01
 2.989E-01  8.62754364026981E+01
 3.030E-01  8.71685593972360E+01
 3.071E-01  8.80601772748371E+01
 3.113E-01  8.89376254940669E+01
 3.156E-01  8.97884767069184E+01
 3.199E-01  9.06006500621110E+01
 3.242E-01  9.13625158127969E+01
 3.287E-01  9.20629941736090E+01
 3.331E-01  9.26916474511358E+01
 3.377E-01  9.32387645629881E+01
 3.423E-01  9.36954371621730E+01
 3.470E-01  9.40536266938539E+01
 3.517E-01  9.43062218289674E+01
 3.565E-01  9.44470858417286E+01
 3.614E-01  9.44710936238382E+01
 3.663E-01  9.43741581552890E+01
 3.713E-01  9.41532463781265E+01
 3.764E-01  9.38063845435259E+01
 3.815E-01  9.33326532223476E+01
 3.867E-01  9.27321722833368E+01
 3.920E-01  9.20060762498783E+01
 3.974E-01  9.11564805444597E+01
 4.028E-01  9.01864392186487E+01
 4.083E-01  8.90998948446106E+01
 4.139E-01  8.79016213113237E+01
 4.195E-01  8.65971603242537E+01
 4.252E-01  8.51927524510993E+01
 4.311E-01  8.36952635882701E+01
 4.369E-01  8.21121077431551E+01
 4.429E-01  8.04511670362857E+01
 4.489E-01  7.87207098256408E+01
 4.551E-01  7.69293078431579E+01
 4.613E-01  7.50857532116799E+01
 4.676E-01  7.31989761798406E+01
 4.740E-01  7.12779643735908E+01
 4.804E-01  6.93316843170599E+01
 4.870E-01  6.73690059231231E+01
 4.936E-01  6.53986305963021E+01
 5.004E-01  6.34290235283664E+01
 5.072E-01  6.14683507011151E+01
 5.141E-01  5.95244210421666E+01
 5.212E-01  5.76046341090097E+01
 5.283E-01  5.57159336048829E+01
 5.355E-01  5.38647669580264E+01
 5.428E-01  5.20570511242310E+01
 5.502E-01  5.02981447020993E+01
 5.577E-01  4.85928263816984E+01
 5.653E-01  4.69452796809582E+01
 5.731E-01  4.53590838608409E+01
 5.809E-01  4.38372108505275E+01
 5.888E-01  4.23820279581531E+01
 5.969E-01  4.09953060914242E+01
 6.050E-01  3.96782331661888E+01
 6.133E-01  3.84314323400570E+01
 6.216E-01  3.72549846727714E+01
 6.301E-01  3.61484557854372E+01
 6.387E-01  3.51109260670809E+01
 6.474E-01  3.41410239593914E+01
 6.563E-01  3.32369618389011E+01
 6.652E-01  3.23965740101856E+01
 6.743E-01  3.16173563237462E+01
 6.835E-01  3.08965069378250E+01
 6.929E-01  3.02309677541930E+01
 7.023E-01  2.96174660735560E+01
 7.119E-01  2.90525560362396E+01
 7.216E-01  2.85326594377675E+01
 7.315E-01  2.80541055363604E+01
 7.415E-01  2.76131694997578E+01
 7.516E-01  2.72061091715911E+01
 7.618E-01  2.68291998723139E+01
 7.723E-01  2.64787669859315E+01
 7.828E-01  2.61512161209769E+01
 7.935E-01  2.58430606719005E+01
 8.043E-01  2.55509466448175E+01
 8.153E-01  2.52716746489642E+01
 8.264E-01  2.50022189918515E+01
 8.377E-01  2.47397438515778E+01
 8.491E-01  2.44816165337131E+01
 8.607E-01  2.42254178522766E+01
 8.725E-01  2.39689497042671E+01
 8.844E-01  2.37102399347409E+01
 8.965E-01  2.34475446142949E+01
 9.087E-01  2.31793478728475E+01
 9.211E-01  2.29043594526439E+01
 9.337E-01  2.26215101593622E+01
 9.464E-01  2.23299454029962E+01
 9.594E-01  2.20290170298406E+01
 9.725E-01  2.17182736534392E+01
 9.857E-01  2.13974496958652E+01
 9.992E-01  2.10664533513059E+01
 1.013E+00  2.07253536817932E+01
 1.027E+00  2.03743670502462E+01
 1.041E+00  2.00138430890109E+01
 1.055E+00  1.96442503930334E+01
 1.069E+00  1.92661621159621E+01
 1.084E+00  1.88802416351181E+01
 1.099E+00  1.84872284376844E+01
 1.114E+00  1.80879243659300E+01
 1.129E+00  1.76831803440798E+01
 1.144E+00  1.72738836938430E+01
 1.160E+00  1.68609461298620E+01
 1.176E+00  1.64452925106950E+01
 1.192E+00  1.60278504055999E+01
 1.208E+00  1.56095405225478E+01
 1.225E+00  1.51912680287264E+01
 1.241E+00  1.47739147814441E+01
 1.258E+00  1.43583324749288E+01
 1.275E+00  1.39453366971297E+01
 1.293E+00  1.35357018803379E+01
 1.310E+00  1.31301571202960E+01
 1.328E+00  1.27293828304830E+01
 1.347E+00  1.23340081914474E+01
 1.365E+00  1.19446093493985E+01
 1.384E+00  1.15617083137300E+01
 1.402E+00  1.11857724996837E+01
 1.422E+00  1.08172148599198E+01
 1.441E+00  1.04563945472704E+01
 1.461E+00  1.01036180503390E+01
 1.481E+00  9.75914074379640E+00
 1.501E+00  9.42316879612767E+00
 1.521E+00  9.09586137911548E+00
 1.542E+00  8.77733312542461E+00
 1.563E+00  8.46765678319054E+00
 1.584E+00  8.16686601943203E+00
 1.606E+00  7.87495832732342E+00
 1.628E+00  7.59189799580353E+00
 1.650E+00  7.31761910359343E+00
 1.673E+00  7.05202850338127E+00
 1.696E+00  6.79500876564942E+00
 1.719E+00  6.54642105531552E+00
 1.742E+00  6.30610791798666E+00
 1.766E+00  6.07389595614614E+00
 1.790E+00  5.84959837896899E+00
 1.815E+00  5.63301741266820E+00
 1.839E+00  5.42394656128510E+00
 1.864E+00  5.22217271063707E+00
 1.890E+00  5.02747807071109E+00
 1.916E+00  4.83964195413461E+00
 1.942E+00  4.65844239046185E+00
 1.968E+00  4.48365757788413E+00
 1.995E+00  4.31506717560979E+00
 2.022E+00  4.15245344156934E+00
 2.050E+00  3.99560222129290E+00
 2.078E+00  3.84430379478984E+00
 2.106E+00  3.69835358904761E+00
 2.135E+00  3.55755276437088E+00
 2.164E+00  3.42170868321758E+00
 2.194E+00  3.29063527046998E+00
 2.224E+00  3.16415327422229E+00
 2.254E+00  3.04209043618495E+00
 2.285E+00  2.92428158071681E+00
 2.316E+00  2.81056863131238E+00
 2.348E+00  2.70080056310741E+00
 2.380E+00  2.59483329963491E+00
 2.412E+00  2.49252956167852E+00
 2.445E+00  2.39375867564123E+00
 2.479E+00  2.29839634838717E+00
 2.513E+00  2.20632441503106E+00
 2.547E+00  2.11743056565297E+00
 2.582E+00  2.03160805641347E+00
 2.617E+00  1.94875541004277E+00
 2.653E+00  1.86877611018211E+00
 2.689E+00  1.79157829357243E+00
 2.725E+00  1.71707444362267E+00
 2.763E+00  1.64518108843393E+00
 2.800E+00  1.57581850594014E+00
 2.839E+00  1.50891043841978E+00
 2.877E+00  1.44438381825990E+00
 2.917E+00  1.38216850650475E+00
 2.956E+00  1.32219704540041E+00
 2.997E+00  1.26440442585214E+00
 3.038E+00  1.20872787044392E+00
 3.079E+00  1.15510663242803E+00
 3.121E+00  1.10348181087667E+00
 3.164E+00  1.05379618199545E+00
 3.207E+00  1.00599404642991E+00
 3.251E+00  9.60021092249152E-01
 3.295E+00  9.15824273163930E-01
 3.340E+00  8.73351701428849E-01
 3.386E+00  8.32552554788325E-01
 3.432E+00  7.93376996751996E-01
 3.479E+00  7.55776109426283E-01
 3.526E+00  7.19701838083330E-01
 3.575E+00  6.85106946615331E-01
 3.623E+00  6.51944983000226E-01
 3.673E+00  6.20170253892630E-01
 3.723E+00  5.89737807450830E-01
 3.774E+00  5.60603423515580E-01
 3.825E+00  5.32723610268519E-01
 3.878E+00  5.06055606516449E-01
 3.930E+00  4.80557388771689E-01
 3.984E+00  4.56187682327663E-01
 4.039E+00  4.32905975562010E-01
 4.094E+00  4.10672536736454E-01
 4.150E+00  3.89448432602697E-01
 4.206E+00  3.69195548166340E-01
 4.264E+00  3.49876607005790E-01
 4.322E+00  3.31455191589850E-01
 4.381E+00  3.13895763085721E-01
 4.441E+00  2.97163680198244E-01
 4.501E+00  2.81225216630760E-01
 4.563E+00  2.66047576807854E-01
 4.625E+00  2.51598909549849E-01
 4.688E+00  2.37848319438163E-01
 4.752E+00  2.24765875658911E-01
 4.817E+00  2.12322618159379E-01
 4.883E+00  2.00490560997665E-01
 4.950E+00  1.89242692809769E-01
 5.017E+00  1.78552974360319E-01
 5.086E+00  1.68396333182702E-01
 5.155E+00  1.58748655351477E-01
 5.225E+00  1.49586774464238E-01
 5.297E+00  1.40888457941462E-01
 5.369E+00  1.32632390781150E-01
 5.442E+00  1.24798156930109E-01
 5.517E+00  1.17366218455393E-01
 5.592E+00  1.10317892717750E-01
 5.668E+00  1.03635327763782E-01
 5.746E+00  9.73014761649691E-02
 5.824E+00  9.13000675397800E-02
 5.904E+00  8.56155799998254E-02
 5.984E+00  8.02332107625552E-02
 6.066E+00  7.51388461714632E-02
 6.149E+00  7.03190313603158E-02
 6.233E+00  6.57609397907715E-02
 6.318E+00  6.14523428831142E-02
 6.404E+00  5.73815799479246E-02
 6.491E+00  5.35375286126299E-02
 6.580E+00  4.99095759212730E-02
 6.670E+00  4.64875902688136E-02
 6.761E+00  4.32618943131082E-02
 6.853E+00  4.02232389887215E-02
 6.947E+00  3.73627787271756E-02
 7.042E+00  3.46720479684614E-02
 7.138E+00  3.21429390288759E-02
 7.235E+00  2.97676813707994E-02
 7.334E+00  2.75388223011365E-02
 7.434E+00  2.54492091070441E-02
 7.536E+00  2.34919726204782E-02
 7.639E+00  2.16605121871932E-02
 7.743E+00  1.99484820012844E-02
 7.849E+00  1.83497787533129E-02
 7.956E+00  1.68585305285873E-02
 8.064E+00  1.54690868823863E-02
 8.174E+00  1.41760100108192E-02
 8.286E+00  1.29740669296657E-02
 8.399E+00  1.18582225688894E-02
 8.514E+00  1.08236336875460E-02
 8.630E+00  9.86564351244209E-03
 8.748E+00  8.97977700405533E-03
 8.867E+00  8.16173665479706E-03
 8.988E+00  7.40739872755627E-03
 9.111E+00  6.71280984647671E-03
 9.235E+00  6.07418385693601E-03
 9.362E+00  5.48789887756154E-03
 9.489E+00  4.95049447367563E-03
 9.619E+00  4.45866888865081E-03
 9.750E+00  4.00927627711581E-03
 9.883E+00  3.59932389163319E-03
 1.002E+01  3.22596918222521E-03
 1.016E+01  2.88651677581759E-03
 1.029E+01  2.57841531017991E-03
 1.043E+01  2.29925410415238E-03
 1.058E+01  2.04675965276751E-03
 1.072E+01  1.81879194221789E-03
 1.087E+01  1.61334058542203E-03
 1.102E+01  1.42852078414883E-03
 1.117E+01  1.26256912823938E-03
 1.132E+01  1.11383924639357E-03
 1.147E+01  9.80797326260141E-04
 1.163E+01  8.62017524186724E-04
 1.179E+01  7.56177286969175E-04
 1.195E+01  6.62052609312584E-04
 1.211E+01  5.78513251516454E-04
 1.228E+01  5.04517942165439E-04
 1.245E+01  4.39109590394133E-04
 1.262E+01  3.81410531650582E-04
 1.279E+01  3.30617829865325E-04
 1.296E+01  2.85998657596197E-04
 1.314E+01  2.46885774121005E-04
 1.332E+01  2.12673119645603E-04
 1.350E+01  1.82811541837573E-04
 1.368E+01  1.56804668836035E-04
 1.387E+01  1.34204940773337E-04
 1.406E+01  1.14609809716706E-04
 1.425E+01  9.76581158365216E-05
 1.445E+01  8.30266455656292E-05
 1.464E+01  7.04268755601304E-05
 1.484E+01  5.96019044297967E-05
 1.505E+01  5.03235724949309E-05
 1.525E+01  4.23897682603906E-05
 1.546E+01  3.56219188865655E-05
 1.567E+01  2.98626606875829E-05
 1.589E+01  2.49736846012190E-05
 1.610E+01  2.08337506520767E-05
 1.632E+01  1.73368646659232E-05
 1.655E+01  1.43906098826165E-05
 1.677E+01  1.19146256498149E-05
 1.700E+01  9.83922504999966E-06
 1.723E+01  8.10414310861000E-06
 1.747E+01  6.65740713967225E-06
 1.771E+01  5.45432079517976E-06
 1.795E+01  4.45655348341054E-06
 1.819E+01  3.63132699717178E-06
 1.844E+01  2.95069143379535E-06
 1.869E+01  2.39088278316125E-06
 1.895E+01  1.93175489732629E-06
 1.921E+01  1.55627892542984E-06
 1.947E+01  1.25010369125912E-06
 1.974E+01  1.00117089980855E-06
 2.000E+01  7.99379475922595E-07
 2.028E+01  6.36293756832859E-07
 2.055E+01  5.04895592272357E-07
 2.084E+01  3.99398067036108E-07
 2.112E+01  3.14961352938515E-07
 2.141E+01  2.47592341298513E-07
 2.170E+01  1.94011370377391E-07
 2.200E+01  1.51533378659914E-07
 2.230E+01  1.17967231165225E-07
 2.260E+01  9.15307306116569E-08
 2.291E+01  7.07791164937611E-08
 2.322E+01  5.45451204686674E-08
 2.354E+01  4.18888866345457E-08
 2.386E+01  3.20562816371888E-08
 2.419E+01  2.44443134603993E-08
 2.452E+01  1.85725507210961E-08
 2.485E+01  1.40595878227533E-08
 2.519E+01  1.06037369553895E-08
 2.554E+01  7.96724718754315E-09
 2.588E+01  5.96345526122621E-09
 2.624E+01  4.44636360790303E-09
 2.660E+01  3.30221991925752E-09
 2.696E+01  2.44274062176818E-09
 2.733E+01  1.79967902652499E-09
 2.770E+01  1.32048887518268E-09
 2.808E+01  9.64876509606141E-10
 2.846E+01  7.02070896900095E-10
 2.885E+01  5.08671095094282E-10
 2.924E+01  3.66956214250522E-10
 2.964E+01  2.63564198041030E-10
 3.005E+01  1.88463429799892E-10
 3.046E+01  1.34155790735020E-10
 3.087E+01  9.50618361289395E-11
 3.130E+01  6.70486169827323E-11
 3.172E+01  4.70687136511265E-11
 3.216E+01  3.28855690609579E-11
 3.259E+01  2.28654724232899E-11
 3.304E+01  1.58207711775657E-11
 3.349E+01  1.08922661400358E-11
 3.395E+01  7.46142941637644E-12
 3.441E+01  5.08520759632620E-12
 3.488E+01  3.44784279718792E-12
 3.536E+01  2.32545094675089E-12
 3.584E+01  1.56011383439388E-12
 3.633E+01  1.04102885402216E-12
 3.683E+01  6.90866580359151E-13
 3.733E+01  4.55950473513742E-13
 3.784E+01  2.99226404309132E-13
 3.835E+01  1.95257243917920E-13
 3.888E+01  1.26679162618428E-13
 3.941E+01  8.17070128801832E-14
 3.995E+01  5.23883202788167E-14
 4.049E+01  3.33883539892197E-14
 4.104E+01  2.11497322615895E-14
 4.161E+01  1.33145818311040E-14
 4.217E+01  8.32963508481547E-15
 4.275E+01  5.17800829072266E-15
 4.333E+01  3.19815803236322E-15
 4.392E+01  1.96245269246788E-15
 4.452E+01  1.19624990416525E-15
 4.513E+01  7.24317880437133E-16
 4.575E+01  4.35594304757076E-16
 4.637E+01  2.60161115790939E-16
 4.701E+01  1.54302290534767E-16
 4.765E+01  9.08734566354863E-17
 4.830E+01  5.31380777818899E-17
 4.896E+01  3.08501111346749E-17
 4.963E+01  1.77821221085866E-17
 5.030E+01  1.01767607668732E-17
 5.099E+01  5.78378114111634E-18
 5.169E+01  3.26563367520860E-18
 5.239E+01  1.83332048362147E-18
 5.311E+01  1.02501383889459E-18
 5.383E+01  5.72508064228938E-19
 5.457E+01  3.21290279089104E-19
 5.531E+01  1.83087867224275E-19
 5.607E+01  0.00000000000000E+00
 5.683E+01  0.00000000000000E+00
 5.761E+01  0.00000000000000E+00
 5.839E+01  0.00000000000000E+00
 5.919E+01  0.00000000000000E+00
 6.000E+01  0.00000000000000E+00
