./ilogA is logfile.
./chgdenTl calculation starts
rmin,rmax=  1.23E-08  2.22E+01
  28246.29161410 -17617.50840410      0.30000000    1
   1587.24121804 -19038.28081743      0.30000000    1
    980.49834299 -19743.47790507      0.30000000    1
    590.11355954 -20056.29471938      0.30000000    1
    345.85434183 -20177.20913228      0.30000000    1
    198.36816290 -20217.44932408      0.30000000    1
    112.92582529 -20229.52033420      0.30000000    1
     65.22694245 -20233.24216985      0.30000000    1
     38.91627324 -20234.53276268      0.30000000    1
     24.06263055 -20235.01358760      0.30000000    1
     15.32692404 -20235.19690191      0.30000000    1
      9.98523652 -20235.26903322      0.30000000    1
      6.60994861 -20235.29886355      0.30000000    1
      4.41868005 -20235.31174976      0.30000000    1
      2.96805489 -20235.31744257      0.30000000    1
      1.99693478 -20235.31996809      0.30000000    1
      1.34372692 -20235.32108281      0.30000000    1
      0.90387734 -20235.32157136      0.30000000    1
      0.60782267 -20235.32178445      0.30000000    1
      0.40870551 -20235.32187731      0.30000000    1
      0.27486443 -20235.32191791      0.30000000    1
      0.18492417 -20235.32193578      0.30000000    1
      0.12448181 -20235.32194372      0.30000000    1
      0.08385001 -20235.32194730      0.30000000    1
      0.05652163 -20235.32194892      0.30000000    1
      0.03812897 -20235.32194967      0.30000000    1
      0.02574105 -20235.32195002      0.30000000    1
      0.01739092 -20235.32195018      0.30000000    1
      0.01175796 -20235.32195026      0.30000000    1
      0.00795493 -20235.32195030      0.30000000    1
      0.00538539 -20235.32195032      0.30000000    1
      0.00364798 -20235.32195033      0.30000000    1
      0.00247240 -20235.32195033      0.30000000    1
      0.00167646 -20235.32195034      0.30000000    1
      0.00113727 -20235.32195033      0.30000000    1
      0.00077176 -20235.32195034      0.30000000    1
      0.00052392 -20235.32195034      0.30000000    1
      0.00035576 -20235.32195034      0.30000000    1
      0.00000000 -20235.32195033      1.00000000    2
      0.00000000 -20235.32195034      1.00000000    3
    1   0 0  -1/2   1    2.0000      -3118.843547
    2   0 0  -1/2   1    2.0000       -555.478484
    2   1 1  -1/2   1    2.0000       -533.514891
    2   1 1  -3/2   1    4.0000       -458.641549
    3   0 0  -1/2   1    2.0000       -132.644608
    3   1 1  -1/2   1    2.0000       -122.692636
    3   1 1  -3/2   1    4.0000       -106.028501
    3   2 2  -3/2   1    4.0000        -89.557018
    3   2 2  -5/2   1    6.0000        -85.977377
    4   0 0  -1/2   1    2.0000        -29.572734
    4   1 1  -1/2   1    2.0000        -25.276688
    4   1 1  -3/2   1    4.0000        -21.213801
    4   2 2  -3/2   1    4.0000        -14.182237
    4   2 2  -5/2   1    6.0000        -13.420258
    5   0 0  -1/2   1    2.0000         -4.786760
    5   1 1  -1/2   1    2.0000         -3.336839
    5   1 1  -3/2   1    4.0000         -2.593222
    4   3 3  -5/2   1    6.0000         -4.299953
    4   3 3  -7/2   1    8.0000         -4.130969
    5   2 2  -3/2   1    4.0000         -0.623913
    5   2 2  -5/2   1    6.0000         -0.542872
    6   0 0  -1/2   1    2.0000         -0.358490
    6   1 1  -1/2   1    0.3333         -0.124085
    6   1 1  -3/2   1    0.6667         -0.084676
 total energy =   -2.02353219503362E+04 -5.50631439719378E+05
