./ilogA is logfile.
./chgdenTc calculation starts
rmin,rmax=  2.33E-08  3.05E+01
   7376.84421701  -3738.06321638      0.30000000    1
    581.46395927  -4026.87433753      0.30000000    1
    359.11695912  -4171.67066652      0.30000000    1
    215.68073777  -4237.03322575      0.30000000    1
    125.81237256  -4263.23887549      0.30000000    1
     71.50027626  -4272.56680625      0.30000000    1
     39.93179581  -4275.56188403      0.30000000    1
     22.21362157  -4276.45538813      0.30000000    1
     12.51207306  -4276.71637910      0.30000000    1
      7.25578745  -4276.79789852      0.30000000    1
      4.38566210  -4276.82738642      0.30000000    1
      2.77022440  -4276.83961355      0.30000000    1
      1.81396330  -4276.84501576      0.30000000    1
      1.21535325  -4276.84742893      0.30000000    1
      0.82374698  -4276.84850029      0.30000000    1
      0.56079215  -4276.84897278      0.30000000    1
      0.38207384  -4276.84918057      0.30000000    1
      0.26010176  -4276.84927205      0.30000000    1
      0.17682848  -4276.84931250      0.30000000    1
      0.12004552  -4276.84933049      0.30000000    1
      0.08139314  -4276.84933856      0.30000000    1
      0.05512827  -4276.84934222      0.30000000    1
      0.03730850  -4276.84934388      0.30000000    1
      0.02523379  -4276.84934465      0.30000000    1
      0.01706002  -4276.84934500      0.30000000    1
      0.01153098  -4276.84934517      0.30000000    1
      0.00779281  -4276.84934525      0.30000000    1
      0.00526627  -4276.84934529      0.30000000    1
      0.00355896  -4276.84934530      0.30000000    1
      0.00240532  -4276.84934531      0.30000000    1
      0.00162578  -4276.84934532      0.30000000    1
      0.00109901  -4276.84934532      0.30000000    1
      0.00074299  -4276.84934532      0.30000000    1
      0.00050236  -4276.84934532      0.30000000    1
      0.00033968  -4276.84934532      0.30000000    1
      0.00000000  -4276.84934532      1.00000000    2
      0.00000000  -4276.84934532      1.00000000    3
    1   0 0  -1/2   1    2.0000       -762.248071
    2   0 0  -1/2   1    2.0000       -108.767902
    2   1 1  -1/2   1    2.0000       -100.448465
    2   1 1  -3/2   1    4.0000        -96.138762
    3   0 0  -1/2   1    2.0000        -18.834357
    3   1 1  -1/2   1    2.0000        -15.614703
    3   1 1  -3/2   1    4.0000        -14.893025
    3   2 2  -3/2   1    4.0000         -9.150375
    3   2 2  -5/2   1    6.0000         -9.011010
    4   0 0  -1/2   1    2.0000         -2.578470
    4   1 1  -1/2   1    2.0000         -1.635015
    4   1 1  -3/2   1    4.0000         -1.526814
    4   2 2  -3/2   1    2.4000         -0.177719
    4   2 2  -5/2   1    3.6000         -0.168117
    5   0 0  -1/2   1    1.0000         -0.161970
 total energy =   -4.27684934532166E+03 -1.16379058275286E+05
