./ilogA is logfile.
./chgdenHf calculation starts
rmin,rmax=  1.39E-08  2.36E+01
  21784.59088104 -13047.55416035      0.30000000    1
   1313.33758348 -14139.64928983      0.30000000    1
    809.13382200 -14685.34312241      0.30000000    1
    484.38692804 -14927.22386460      0.30000000    1
    281.31638246 -15019.12484031      0.30000000    1
    159.16480409 -15048.18972789      0.30000000    1
     89.15985173 -15056.18423206      0.30000000    1
     51.06097628 -15058.62776262      0.30000000    1
     30.85597950 -15059.62520516      0.30000000    1
     19.64971470 -15060.07528842      0.30000000    1
     12.83821120 -15060.27201000      0.30000000    1
      8.44583448 -15060.35365733      0.30000000    1
      5.56146472 -15060.38575970      0.30000000    1
      3.66258023 -15060.39775187      0.30000000    1
      2.41441003 -15060.40208663      0.30000000    1
      1.59508168 -15060.40365549      0.30000000    1
      1.05686395 -15060.40424373      0.30000000    1
      0.70238760 -15060.40447605      0.30000000    1
      0.46814218 -15060.40457243      0.30000000    1
      0.31283324 -15060.40461395      0.30000000    1
      0.20954669 -15060.40463230      0.30000000    1
      0.14066672 -15060.40464056      0.30000000    1
      0.09461540 -15060.40464433      0.30000000    1
      0.06375498 -15060.40464607      0.30000000    1
      0.04303028 -15060.40464688      0.30000000    1
      0.02908516 -15060.40464726      0.30000000    1
      0.01968521 -15060.40464744      0.30000000    1
      0.01333886 -15060.40464752      0.30000000    1
      0.00904796 -15060.40464756      0.30000000    1
      0.00614305 -15060.40464758      0.30000000    1
      0.00417418 -15060.40464759      0.30000000    1
      0.00283838 -15060.40464759      0.30000000    1
      0.00193126 -15060.40464759      0.30000000    1
      0.00131478 -15060.40464759      0.30000000    1
      0.00089551 -15060.40464759      0.30000000    1
      0.00061020 -15060.40464759      0.30000000    1
      0.00041594 -15060.40464759      0.30000000    1
      0.00000000 -15060.40464759      1.00000000    2
      0.00000000 -15060.40464760      1.00000000    3
    1   0 0  -1/2   1    2.0000      -2379.706072
    2   0 0  -1/2   1    2.0000       -407.231106
    2   1 1  -1/2   1    2.0000       -389.282801
    2   1 1  -3/2   1    4.0000       -346.023422
    3   0 0  -1/2   1    2.0000        -92.811947
    3   1 1  -1/2   1    2.0000        -84.792166
    3   1 1  -3/2   1    4.0000        -75.513512
    3   2 2  -3/2   1    4.0000        -61.853398
    3   2 2  -5/2   1    6.0000        -59.818339
    4   0 0  -1/2   1    2.0000        -18.665175
    4   1 1  -1/2   1    2.0000        -15.370256
    4   1 1  -3/2   1    4.0000        -13.237819
    4   2 2  -3/2   1    4.0000         -7.797869
    4   2 2  -5/2   1    6.0000         -7.405423
    5   0 0  -1/2   1    2.0000         -2.451237
    5   1 1  -1/2   1    2.0000         -1.513937
    5   1 1  -3/2   1    4.0000         -1.228519
    4   3 3  -5/2   1    6.0000         -0.667583
    4   3 3  -7/2   1    8.0000         -0.603342
    5   2 2  -3/2   1    0.8000         -0.116708
    5   2 2  -5/2   1    1.2000         -0.099968
    6   0 0  -1/2   1    2.0000         -0.192568
 total energy =   -1.50604046475955E+04 -4.09814695027580E+05
