./ilogA is logfile.
./chgdenCu calculation starts
rmin,rmax=  3.45E-08  3.71E+01
   3308.01666021  -1416.27694720      0.30000000    1
    326.43394683  -1543.62194416      0.30000000    1
    199.25078459  -1608.22642410      0.30000000    1
    117.03268239  -1636.68471489      0.30000000    1
     65.74380718  -1646.96539849      0.30000000    1
     35.38285067  -1649.84221269      0.30000000    1
     18.70187415  -1650.51639157      0.30000000    1
     10.29720877  -1650.72467546      0.30000000    1
      6.21113479  -1650.82191454      0.30000000    1
      4.02124526  -1650.87003279      0.30000000    1
      2.66955465  -1650.89271884      0.30000000    1
      1.78712276  -1650.90288937      0.30000000    1
      1.20287667  -1650.90727034      0.30000000    1
      0.81150789  -1650.90910635      0.30000000    1
      0.54746209  -1650.90986430      0.30000000    1
      0.36877703  -1650.91017585      0.30000000    1
      0.24785818  -1650.91030441      0.30000000    1
      0.16617692  -1650.91035797      0.30000000    1
      0.11114600  -1650.91038058      0.30000000    1
      0.07417630  -1650.91039027      0.30000000    1
      0.04940872  -1650.91039448      0.30000000    1
      0.03285734  -1650.91039633      0.30000000    1
      0.02182073  -1650.91039716      0.30000000    1
      0.01447504  -1650.91039754      0.30000000    1
      0.00959353  -1650.91039771      0.30000000    1
      0.00635369  -1650.91039779      0.30000000    1
      0.00420564  -1650.91039783      0.30000000    1
      0.00278263  -1650.91039785      0.30000000    1
      0.00184053  -1650.91039786      0.30000000    1
      0.00121714  -1650.91039786      0.30000000    1
      0.00080477  -1650.91039786      0.30000000    1
      0.00053207  -1650.91039786      0.30000000    1
      0.00035176  -1650.91039786      0.30000000    1
      0.00000000  -1650.91039786      1.00000000    2
      0.00000000  -1650.91039786      1.00000000    3
    1   0 0  -1/2   1    2.0000       -323.589533
    2   0 0  -1/2   1    2.0000        -38.870307
    2   1 1  -1/2   1    2.0000        -34.125117
    2   1 1  -3/2   1    4.0000        -33.376881
    3   0 0  -1/2   1    2.0000         -4.182773
    3   1 1  -1/2   1    2.0000         -2.706480
    3   1 1  -3/2   1    4.0000         -2.611524
    3   2 2  -3/2   1    4.0000         -0.202238
    3   2 2  -5/2   1    6.0000         -0.192271
    4   0 0  -1/2   1    1.0000         -0.178037
 total energy =   -1.65091039786266E+03 -4.49235832003999E+04
