./ilogA is logfile.
./chgdenNe calculation starts
rmin,rmax=  1.00E-07  6.32E+01
    389.40799364   -111.80601406      0.30000000    1
     63.39506774   -120.81932817      0.30000000    1
     38.77943674   -125.35755520      0.30000000    1
     22.81104335   -127.33666316      0.30000000    1
     12.82687331   -128.05412907      0.30000000    1
      6.91895667   -128.26484917      0.30000000    1
      3.65902514   -128.31685098      0.30000000    1
      1.97504538   -128.32956514      0.30000000    1
      1.13050082   -128.33347584      0.30000000    1
      0.69421071   -128.33504798      0.30000000    1
      0.45099354   -128.33576477      0.30000000    1
      0.30350925   -128.33610226      0.30000000    1
      0.20821008   -128.33626167      0.30000000    1
      0.14422561   -128.33633678      0.30000000    1
      0.10037818   -128.33637208      0.30000000    1
      0.07001787   -128.33638865      0.30000000    1
      0.04888798   -128.33639641      0.30000000    1
      0.03414536   -128.33640006      0.30000000    1
      0.02384742   -128.33640177      0.30000000    1
      0.01665113   -128.33640257      0.30000000    1
      0.01162223   -128.33640295      0.30000000    1
      0.00810870   -128.33640312      0.30000000    1
      0.00565478   -128.33640321      0.30000000    1
      0.00394165   -128.33640325      0.30000000    1
      0.00274623   -128.33640327      0.30000000    1
      0.00191248   -128.33640328      0.30000000    1
      0.00133126   -128.33640328      0.30000000    1
      0.00092628   -128.33640328      0.30000000    1
      0.00064422   -128.33640328      0.30000000    1
      0.00044788   -128.33640328      0.30000000    1
      0.00000000   -128.33640328      1.00000000    2
      0.00000000   -128.33640328      1.00000000    3
    1   0 0  -1/2   1    2.0000        -30.314391
    2   0 0  -1/2   1    2.0000         -1.326073
    2   1 1  -1/2   1    2.0000         -0.500038
    2   1 1  -3/2   1    4.0000         -0.496229
 total energy =   -1.28336403284400E+02 -3.49221320433313E+03
