./ilogA is logfile.
./chgdenB calculation starts
rmin,rmax=  2.00E-07  8.94E+01
     97.25460140    -22.47191612      0.30000000    1
     17.64081591    -23.44455327      0.30000000    1
     11.17574992    -23.94079234      0.30000000    1
      6.96272631    -24.17717126      0.30000000    1
      4.25764474    -24.28140686      0.30000000    1
      2.55410027    -24.32365511      0.30000000    1
      1.50584975    -24.33937446      0.30000000    1
      0.87646890    -24.34478522      0.30000000    1
      0.50689433    -24.34653696      0.30000000    1
      0.29339797    -24.34708264      0.30000000    1
      0.17109556    -24.34725057      0.30000000    1
      0.10105053    -24.34730314      0.30000000    1
      0.06065889    -24.34732039      0.30000000    1
      0.03707819    -24.34732648      0.30000000    1
      0.02308812    -24.34732883      0.30000000    1
      0.01463459    -24.34732981      0.30000000    1
      0.00942806    -24.34733026      0.30000000    1
      0.00616090    -24.34733046      0.30000000    1
      0.00407481    -24.34733056      0.30000000    1
      0.00272206    -24.34733061      0.30000000    1
      0.00183311    -24.34733063      0.30000000    1
      0.00124239    -24.34733065      0.30000000    1
      0.00084628    -24.34733065      0.30000000    1
      0.00057872    -24.34733066      0.30000000    1
      0.00039695    -24.34733066      0.30000000    1
      0.00000000    -24.34733066      1.00000000    2
      0.00000000    -24.34733066      1.00000000    3
    1   0 0  -1/2   1    2.0000         -6.562950
    2   0 0  -1/2   1    2.0000         -0.344761
    2   1 1  -1/2   1    0.3333         -0.136643
    2   1 1  -3/2   1    0.6667         -0.136521
 total energy =   -2.43473306583371E+01 -6.62524953476275E+02
