line2: Z,NR,R(1),R(NR) /line3,4,...: R(N),RHO*4*PI*R(N)**2
41.00  2000  1.01365245284744E-10  6.00000000000000E+01
 1.014E-10  3.52974479263418E-14
 1.027E-10  3.62227932238104E-14
 1.042E-10  3.71723970433502E-14
 1.056E-10  4.00272788414328E-14
 1.070E-10  4.10766196979796E-14
 1.085E-10  4.21534696999655E-14
 1.100E-10  4.32585500171378E-14
 1.115E-10  4.43926007254528E-14
 1.130E-10  4.55563813023127E-14
 1.145E-10  4.67506711353404E-14
 1.161E-10  4.79762700443009E-14
 1.177E-10  4.92339988167493E-14
 1.193E-10  5.05246997577138E-14
 1.209E-10  5.18492372537877E-14
 1.226E-10  5.32084983520203E-14
 1.242E-10  5.46033933539654E-14
 1.259E-10  5.60348564253165E-14
 1.276E-10  5.75038462215239E-14
 1.294E-10  5.90113465298034E-14
 1.312E-10  6.05583669279864E-14
 1.329E-10  6.21459434606384E-14
 1.348E-10  6.37751393328978E-14
 1.366E-10  6.54470456225077E-14
 1.385E-10  6.71627820105144E-14
 1.404E-10  6.89234975311242E-14
 1.423E-10  7.07303713412145E-14
 1.442E-10  7.25846135100190E-14
 1.462E-10  7.44874658295116E-14
 1.482E-10  7.64402026460336E-14
 1.502E-10  7.84441317137481E-14
 1.523E-10  8.05005950704310E-14
 1.543E-10  8.26109699362335E-14
 1.564E-10  8.47766696360236E-14
 1.586E-10  8.69991445458874E-14
 1.607E-10  8.92798830644542E-14
 1.629E-10  9.16204126096763E-14
 1.652E-10  9.40223006417521E-14
 1.674E-10  9.64871557128534E-14
 1.697E-10  9.90166285443811E-14
 1.720E-10  1.01612413132463E-13
 1.744E-10  1.04276247882424E-13
 1.767E-10  1.07009916772993E-13
 1.792E-10  1.09815250551052E-13
 1.816E-10  1.12694127957691E-13
 1.841E-10  1.15648476986402E-13
 1.866E-10  1.18680276174272E-13
 1.891E-10  1.21791555926997E-13
 1.917E-10  1.24984399878669E-13
 1.943E-10  1.28260946287190E-13
 1.970E-10  1.31623389466262E-13
 1.997E-10  1.35073981254931E-13
 2.024E-10  1.38615032525648E-13
 2.052E-10  1.42248914731878E-13
 2.080E-10  1.45978061496255E-13
 2.108E-10  1.49804970240390E-13
 2.137E-10  1.53732203857414E-13
 2.166E-10  1.57762392428346E-13
 2.196E-10  1.61898234983471E-13
 2.226E-10  1.66142501309879E-13
 2.256E-10  1.70498033806401E-13
 2.287E-10  1.74967749387209E-13
 2.318E-10  1.79554641435228E-13
 2.350E-10  1.84261781806844E-13
 2.382E-10  1.89092322889129E-13
 2.414E-10  1.94049499711011E-13
 2.447E-10  1.99136632109781E-13
 2.481E-10  2.04357126954393E-13
 2.515E-10  2.09714480427061E-13
 2.549E-10  2.15212280364653E-13
 2.584E-10  2.20854208661501E-13
 2.619E-10  2.26644043735148E-13
 2.655E-10  2.32585663056787E-13
 2.691E-10  2.38683045747998E-13
 2.728E-10  2.44940275245596E-13
 2.765E-10  2.51361542036320E-13
 2.803E-10  2.57951146463197E-13
 2.841E-10  2.64713501605519E-13
 2.880E-10  2.71653136234271E-13
 2.919E-10  2.78774697845087E-13
 2.959E-10  2.86082955770684E-13
 2.999E-10  2.93582804374902E-13
 3.040E-10  3.01279266330461E-13
 3.082E-10  3.09177495982679E-13
 3.124E-10  3.17282782801342E-13
 3.166E-10  3.25600554923084E-13
 3.210E-10  3.34136382786619E-13
 3.253E-10  3.42895982863289E-13
 3.298E-10  3.51885221485413E-13
 3.343E-10  3.61110118774964E-13
 3.389E-10  3.70576852675290E-13
 3.435E-10  3.80291763088477E-13
 3.482E-10  3.90261356121222E-13
 3.529E-10  4.00492308441990E-13
 3.577E-10  4.10991471752374E-13
 3.626E-10  4.21765877375743E-13
 3.676E-10  4.32822740966101E-13
 3.726E-10  4.44169467340475E-13
 3.777E-10  4.55813655437900E-13
 3.828E-10  4.67763103408481E-13
 3.881E-10  4.80025813835848E-13
 3.934E-10  4.92609999096490E-13
 3.987E-10  5.05524086859613E-13
 4.042E-10  5.18776725731145E-13
 4.097E-10  5.32376791045825E-13
 4.153E-10  5.46333390810943E-13
 4.210E-10  5.60655871806040E-13
 4.267E-10  5.75353825842553E-13
 4.325E-10  5.90437096187329E-13
 4.384E-10  6.05915784154763E-13
 4.444E-10  6.21800255871775E-13
 4.505E-10  6.38101149219870E-13
 4.566E-10  6.54829380959458E-13
 4.629E-10  6.71996154040851E-13
 4.692E-10  6.89612965106832E-13
 4.756E-10  7.07691612192134E-13
 4.821E-10  7.26244202624479E-13
 4.887E-10  7.45283161132936E-13
 4.953E-10  7.64821238168869E-13
 5.021E-10  7.84871518444878E-13
 5.090E-10  8.05447429697649E-13
 5.159E-10  8.26562751680632E-13
 5.230E-10  8.48231625392394E-13
 5.301E-10  8.70468562546773E-13
 5.373E-10  8.93288455291525E-13
 5.447E-10  9.16706586181612E-13
 5.521E-10  9.40738638413890E-13
 5.596E-10  9.65400706330431E-13
 5.673E-10  9.90709306196666E-13
 5.750E-10  1.01668138726251E-12
 5.829E-10  1.04333434311348E-12
 5.908E-10  1.07068602331894E-12
 5.989E-10  1.09875474538617E-12
 6.071E-10  1.12755930702764E-12
 6.154E-10  1.15711899874999E-12
 6.238E-10  1.18745361677278E-12
 6.323E-10  1.21858347628613E-12
 6.409E-10  1.25052942505587E-12
 6.497E-10  1.28331285738549E-12
 6.585E-10  1.31695572844371E-12
 6.675E-10  1.35148056896813E-12
 6.766E-10  1.38691050035413E-12
 6.859E-10  1.42326925013909E-12
 6.952E-10  1.46058116789326E-12
 7.047E-10  1.49887124152618E-12
 7.144E-10  1.53816511402159E-12
 7.241E-10  1.57848910061052E-12
 7.340E-10  1.61987020639446E-12
 7.440E-10  1.66233614443112E-12
 7.542E-10  1.70591535429364E-12
 7.645E-10  1.75063702111680E-12
 7.749E-10  1.79653109514241E-12
 7.855E-10  1.84362831177695E-12
 7.962E-10  1.89196021217534E-12
 8.071E-10  1.94155916436415E-12
 8.181E-10  1.99245838491828E-12
 8.293E-10  2.04469196120645E-12
 8.406E-10  2.09829487421970E-12
 8.521E-10  2.15330302199800E-12
 8.637E-10  2.20975324367142E-12
 8.755E-10  2.26768334413141E-12
 8.874E-10  2.32713211934891E-12
 8.996E-10  2.38813938235599E-12
 9.118E-10  2.45074598990882E-12
 9.243E-10  2.51499386984944E-12
 9.369E-10  2.58092604918529E-12
 9.497E-10  2.64858668290425E-12
 9.627E-10  2.71802108354548E-12
 9.758E-10  2.78927575154540E-12
 9.891E-10  2.86239840637875E-12
 1.003E-09  2.93743801851710E-12
 1.016E-09  3.01444484222429E-12
 1.030E-09  3.09347044921157E-12
 1.044E-09  3.17456776317574E-12
 1.059E-09  3.25779109524204E-12
 1.073E-09  3.34319618033647E-12
 1.088E-09  3.43084021451218E-12
 1.102E-09  3.52078189325296E-12
 1.118E-09  3.61308145078225E-12
 1.133E-09  3.70780070040228E-12
 1.148E-09  3.80500307589023E-12
 1.164E-09  3.90475367398054E-12
 1.180E-09  4.00711929795999E-12
 1.196E-09  4.11216850240631E-12
 1.212E-09  4.21997163909909E-12
 1.229E-09  4.33060090413479E-12
 1.246E-09  4.44413038627636E-12
 1.263E-09  4.56063611657146E-12
 1.280E-09  4.68019611926994E-12
 1.297E-09  4.80289046407688E-12
 1.315E-09  4.92880131977655E-12
 1.333E-09  5.05801300925941E-12
 1.351E-09  5.19061206599464E-12
 1.370E-09  5.32668729198181E-12
 1.388E-09  5.46632981722121E-12
 1.407E-09  5.60963316074430E-12
 1.426E-09  5.75669329324355E-12
 1.446E-09  5.90760870134437E-12
 1.466E-09  6.06248045356176E-12
 1.486E-09  6.22141226798594E-12
 1.506E-09  6.38451058174353E-12
 1.527E-09  6.55188462227846E-12
 1.547E-09  6.72364648050092E-12
 1.568E-09  6.89991118585587E-12
 1.590E-09  7.08079678335869E-12
 1.612E-09  7.26642441265049E-12
 1.634E-09  7.45691838912428E-12
 1.656E-09  7.65240628718062E-12
 1.679E-09  7.85301902566467E-12
 1.701E-09  8.05889095554135E-12
 1.725E-09  8.27015994987276E-12
 1.748E-09  8.48696749615045E-12
 1.772E-09  8.70945879105057E-12
 1.796E-09  8.93778283767327E-12
 1.821E-09  9.17209254532876E-12
 1.846E-09  9.41254483194229E-12
 1.871E-09  9.65930072914306E-12
 1.896E-09  9.91252549010543E-12
 1.922E-09  1.01723887002218E-11
 1.949E-09  1.04390643906733E-11
 1.975E-09  1.07127311549789E-11
 2.002E-09  1.09935722686003E-11
 2.029E-09  1.12817758116818E-11
 2.057E-09  1.15775347950074E-11
 2.085E-09  1.18810472892627E-11
 2.114E-09  1.21925165576817E-11
 2.143E-09  1.25121511921719E-11
 2.172E-09  1.28401652530115E-11
 2.201E-09  1.31767784122041E-11
 2.232E-09  1.35222161005944E-11
 2.262E-09  1.38767096588396E-11
 2.293E-09  1.42404964923389E-11
 2.324E-09  1.46138202302248E-11
 2.356E-09  1.49969308885219E-11
 2.388E-09  1.53900850375833E-11
 2.421E-09  1.57935459739163E-11
 2.454E-09  1.62075838965132E-11
 2.487E-09  1.66324760878034E-11
 2.521E-09  1.70685070993518E-11
 2.556E-09  1.75159689424229E-11
 2.590E-09  1.79751612835405E-11
 2.626E-09  1.84463916451755E-11
 2.662E-09  1.89299756116965E-11
 2.698E-09  1.94262370407147E-11
 2.735E-09  1.99355082799737E-11
 2.772E-09  2.04581303899243E-11
 2.810E-09  2.09944533721316E-11
 2.848E-09  2.15448364036735E-11
 2.887E-09  2.21096480776813E-11
 2.927E-09  2.26892666501877E-11
 2.967E-09  2.32840802934479E-11
 3.007E-09  2.38944873558961E-11
 3.048E-09  2.45208966289239E-11
 3.090E-09  2.51637276206455E-11
 3.132E-09  2.58234108368462E-11
 3.175E-09  2.65003880692924E-11
 3.218E-09  2.71951126915977E-11
 3.262E-09  2.79080499628536E-11
 3.307E-09  2.86396773392097E-11
 3.352E-09  2.93904847936306E-11
 3.398E-09  3.01609751440328E-11
 3.444E-09  3.09516643900165E-11
 3.491E-09  3.17630820584393E-11
 3.539E-09  3.25957715580387E-11
 3.587E-09  3.34502905433515E-11
 3.636E-09  3.43272112881822E-11
 3.685E-09  3.52271210688530E-11
 3.736E-09  3.61506225575015E-11
 3.787E-09  3.70983342256930E-11
 3.838E-09  3.80708907586169E-11
 3.891E-09  3.90689434801321E-11
 3.944E-09  4.00931607889620E-11
 3.998E-09  4.11442286063199E-11
 4.052E-09  4.22228508352745E-11
 4.108E-09  4.33297498321592E-11
 4.164E-09  4.44656668903229E-11
 4.221E-09  4.56313627365917E-11
 4.278E-09  4.68276180407209E-11
 4.337E-09  4.80552339382074E-11
 4.396E-09  4.93150325668217E-11
 4.456E-09  5.06078576171895E-11
 4.517E-09  5.19345748978112E-11
 4.578E-09  5.32960729149005E-11
 4.641E-09  5.46932634674171E-11
 4.704E-09  5.61270822577004E-11
 4.769E-09  5.75984895181072E-11
 4.834E-09  5.91084706540916E-11
 4.900E-09  6.06580369041221E-11
 4.967E-09  6.22482260169089E-11
 5.034E-09  6.38801029464044E-11
 5.103E-09  6.55547605649839E-11
 5.173E-09  6.72733203953546E-11
 5.243E-09  6.90369333616379E-11
 5.315E-09  7.08467805601522E-11
 5.388E-09  7.27040740503880E-11
 5.461E-09  7.46100576667235E-11
 5.536E-09  7.65660078514394E-11
 5.611E-09  7.85732345095329E-11
 5.688E-09  8.06330818859767E-11
 5.765E-09  8.27469294659689E-11
 5.844E-09  8.49161928987564E-11
 5.924E-09  8.71423249457114E-11
 6.005E-09  8.94268164532469E-11
 6.087E-09  9.17711973512365E-11
 6.170E-09  9.41770376776177E-11
 6.254E-09  9.66459486298339E-11
 6.340E-09  9.91795836438757E-11
 6.426E-09  1.01779639501577E-10
 6.514E-09  1.04447857466947E-10
 6.603E-09  1.07186024452324E-10
 6.693E-09  1.09995974215037E-10
 6.784E-09  1.12879588585500E-10
 6.877E-09  1.15838798727479E-10
 6.971E-09  1.18875586431374E-10
 7.066E-09  1.21991985441450E-10
 7.162E-09  1.25190082817825E-10
 7.260E-09  1.28472020334185E-10
 7.359E-09  1.31839995912127E-10
 7.460E-09  1.35296265093103E-10
 7.562E-09  1.38843142548975E-10
 7.665E-09  1.42483003632148E-10
 7.770E-09  1.46218285966354E-10
 7.876E-09  1.50051491079106E-10
 7.983E-09  1.53985186077000E-10
 8.092E-09  1.58022005364894E-10
 8.203E-09  1.62164652410197E-10
 8.315E-09  1.66415901553357E-10
 8.428E-09  1.70778599865832E-10
 8.543E-09  1.75255669056827E-10
 8.660E-09  1.79850107429909E-10
 8.778E-09  1.84564991890998E-10
 8.898E-09  1.89403480008999E-10
 9.019E-09  1.94368812130378E-10
 9.142E-09  1.99464313549257E-10
 9.267E-09  2.04693396734367E-10
 9.394E-09  2.10059563614378E-10
 9.522E-09  2.15566407923135E-10
 9.652E-09  2.21217617606385E-10
 9.784E-09  2.27016977291627E-10
 9.917E-09  2.32968370822631E-10
 1.005E-08  2.39075783860483E-10
 1.019E-08  2.45343306552791E-10
 1.033E-08  2.51775136272843E-10
 1.047E-08  2.58375580430575E-10
 1.061E-08  2.65149059357290E-10
 1.076E-08  2.72100109265911E-10
 1.090E-08  2.79233385288919E-10
 1.105E-08  2.86553664595902E-10
 1.120E-08  2.94065849592779E-10
 1.136E-08  3.01774971204975E-10
 1.151E-08  3.09686192246663E-10
 1.167E-08  3.17804810878263E-10
 1.183E-08  3.26136264154607E-10
 1.199E-08  3.34686131666193E-10
 1.215E-08  3.43460139275787E-10
 1.232E-08  3.52464162953067E-10
 1.249E-08  3.61704232709729E-10
 1.266E-08  3.71186536637811E-10
 1.283E-08  3.80917425053870E-10
 1.301E-08  3.90903414751754E-10
 1.318E-08  4.01151193366900E-10
 1.336E-08  4.11667623855082E-10
 1.355E-08  4.22459749088532E-10
 1.373E-08  4.33534796572460E-10
 1.392E-08  4.44900183285408E-10
 1.411E-08  4.56563520646428E-10
 1.430E-08  4.68532619612315E-10
 1.450E-08  4.80815495908693E-10
 1.470E-08  4.93420375398138E-10
 1.490E-08  5.06355699589022E-10
 1.510E-08  5.19630131288817E-10
 1.531E-08  5.33252560405449E-10
 1.551E-08  5.47232109901031E-10
 1.573E-08  5.61578141901469E-10
 1.594E-08  5.76300263966150E-10
 1.616E-08  5.91408335522230E-10
 1.638E-08  6.06912474467467E-10
 1.660E-08  6.22823063946143E-10
 1.683E-08  6.39150759302681E-10
 1.706E-08  6.55906495217473E-10
 1.729E-08  6.73101493029838E-10
 1.753E-08  6.90747268252992E-10
 1.777E-08  7.08855638285896E-10
 1.801E-08  7.27438730327416E-10
 1.826E-08  7.46508989497848E-10
 1.851E-08  7.66079187173377E-10
 1.876E-08  7.86162429539237E-10
 1.901E-08  8.06772166366545E-10
 1.927E-08  8.27922200019902E-10
 1.954E-08  8.49626694700816E-10
 1.980E-08  8.71900185933120E-10
 2.007E-08  8.94757590297841E-10
 2.035E-08  9.18214215422481E-10
 2.063E-08  9.42285770232507E-10
 2.091E-08  9.66988375471832E-10
 2.119E-08  9.92338574498614E-10
 2.148E-08  1.01835334436442E-09
 2.178E-08  1.04505010718364E-09
 2.207E-08  1.07244674180115E-09
 2.237E-08  1.10056159576568E-09
 2.268E-08  1.12941349761701E-09
 2.299E-08  1.15902176949565E-09
 2.330E-08  1.18940624008258E-09
 2.362E-08  1.22058725787852E-09
 2.394E-08  1.25258570483144E-09
 2.427E-08  1.28542301032096E-09
 2.460E-08  1.31912116550956E-09
 2.494E-08  1.35370273807012E-09
 2.528E-08  1.38919088729924E-09
 2.562E-08  1.42560937962705E-09
 2.597E-08  1.46298260453360E-09
 2.633E-08  1.50133559088219E-09
 2.669E-08  1.54069402368137E-09
 2.705E-08  1.58108426128597E-09
 2.742E-08  1.62253335304909E-09
 2.779E-08  1.66506905743713E-09
 2.817E-08  1.70871986061954E-09
 2.856E-08  1.75351499554571E-09
 2.895E-08  1.79948446152231E-09
 2.934E-08  1.84665904430378E-09
 2.974E-08  1.89507033670912E-09
 3.015E-08  1.94475075977976E-09
 3.056E-08  1.99573358449175E-09
 3.098E-08  2.04805295403695E-09
 3.140E-08  2.10174390668889E-09
 3.183E-08  2.15684239926769E-09
 3.227E-08  2.21338533121974E-09
 3.271E-08  2.27141056932964E-09
 3.315E-08  2.33095697307933E-09
 3.361E-08  2.39206442067152E-09
 3.406E-08  2.45477383573648E-09
 3.453E-08  2.51912721473848E-09
 3.500E-08  2.58516765510005E-09
 3.548E-08  2.65293938406434E-09
 3.596E-08  2.72248778831402E-09
 3.645E-08  2.79385944436626E-09
 3.695E-08  2.86710214976487E-09
 3.746E-08  2.94226495508981E-09
 3.797E-08  3.01939819680650E-09
 3.849E-08  3.09855353097538E-09
 3.901E-08  3.17978396784584E-09
 3.954E-08  3.26314390735699E-09
 4.008E-08  3.34868917556828E-09
 4.063E-08  3.43647706204676E-09
 4.119E-08  3.52656635823298E-09
 4.175E-08  3.61901739681306E-09
 4.232E-08  3.71389209212364E-09
 4.290E-08  3.81125398161460E-09
 4.348E-08  3.91116826840016E-09
 4.408E-08  4.01370186492544E-09
 4.468E-08  4.11892343777590E-09
 4.529E-08  4.22690345366354E-09
 4.591E-08  4.33771422661811E-09
 4.653E-08  4.45142996641484E-09
 4.717E-08  4.56812682827225E-09
 4.781E-08  4.68788296385236E-09
 4.846E-08  4.81077857359844E-09
 4.913E-08  4.93689596044469E-09
 4.980E-08  5.06631958493336E-09
 5.048E-08  5.19913612177750E-09
 5.117E-08  5.33543451790589E-09
 5.186E-08  5.47530605203029E-09
 5.257E-08  5.61884439577396E-09
 5.329E-08  5.76614567640162E-09
 5.402E-08  5.91730854119634E-09
 5.475E-08  6.07243422352209E-09
 5.550E-08  6.23162661061771E-09
 5.626E-08  6.39499231317045E-09
 5.703E-08  6.56264073671128E-09
 5.781E-08  6.73468415488257E-09
 5.860E-08  6.91123778462690E-09
 5.940E-08  7.09241986334543E-09
 6.021E-08  7.27835172808183E-09
 6.103E-08  7.46915789677858E-09
 6.186E-08  7.66496615166595E-09
 6.271E-08  7.86590762483659E-09
 6.356E-08  8.07211688606181E-09
 6.443E-08  8.28373203291239E-09
 6.531E-08  8.50089478324039E-09
 6.620E-08  8.72375057008515E-09
 6.711E-08  8.95244863906830E-09
 6.802E-08  9.18714214834218E-09
 6.895E-08  9.42798827115684E-09
 6.989E-08  9.67514830111655E-09
 7.085E-08  9.92878776019660E-09
 7.181E-08  1.01890765095910E-08
 7.279E-08  1.04561888634643E-08
 7.379E-08  1.07303037056897E-08
 7.479E-08  1.10116046096435E-08
 7.582E-08  1.13002799611404E-08
 7.685E-08  1.15965230845946E-08
 7.790E-08  1.19005323724846E-08
 7.896E-08  1.22125114182130E-08
 8.004E-08  1.25326691524515E-08
 8.113E-08  1.28612199830568E-08
 8.224E-08  1.31983839386550E-08
 8.336E-08  1.35443868159938E-08
 8.450E-08  1.38994603311513E-08
 8.566E-08  1.42638422747150E-08
 8.683E-08  1.46377766710239E-08
 8.801E-08  1.50215139415871E-08
 8.921E-08  1.54153110727867E-08
 9.043E-08  1.58194317879776E-08
 9.167E-08  1.62341467240962E-08
 9.292E-08  1.66597336129020E-08
 9.419E-08  1.70964774669680E-08
 9.547E-08  1.75446707705482E-08
 9.677E-08  1.80046136754481E-08
 9.810E-08  1.84766142020308E-08
 9.944E-08  1.89609884454907E-08
 1.008E-07  1.94580607875338E-08
 1.022E-07  1.99681641136134E-08
 1.036E-07  2.04916400358531E-08
 1.050E-07  2.10288391218155E-08
 1.064E-07  2.15801211292713E-08
 1.079E-07  2.21458552471215E-08
 1.093E-07  2.27264203426321E-08
 1.108E-07  2.33222052151516E-08
 1.123E-07  2.39336088564831E-08
 1.139E-07  2.45610407180784E-08
 1.154E-07  2.52049209852356E-08
 1.170E-07  2.58656808584873E-08
 1.186E-07  2.65437628423648E-08
 1.202E-07  2.72396210417306E-08
 1.219E-07  2.79537214658820E-08
 1.235E-07  2.86865423406221E-08
 1.252E-07  2.94385744285154E-08
 1.269E-07  3.02103213575403E-08
 1.287E-07  3.10022999583479E-08
 1.304E-07  3.18150406103741E-08
 1.322E-07  3.26490875970192E-08
 1.340E-07  3.35049994701329E-08
 1.358E-07  3.43833494240642E-08
 1.377E-07  3.52847256795118E-08
 1.396E-07  3.62097318774319E-08
 1.415E-07  3.71589874832822E-08
 1.434E-07  3.81331282018599E-08
 1.454E-07  3.91328064030059E-08
 1.473E-07  4.01586915584762E-08
 1.494E-07  4.12114706902710E-08
 1.514E-07  4.22918488307035E-08
 1.535E-07  4.34005494945357E-08
 1.556E-07  4.45383151634920E-08
 1.577E-07  4.57059077834740E-08
 1.598E-07  4.69041092748068E-08
 1.620E-07  4.81337220558606E-08
 1.642E-07  4.93955695803986E-08
 1.665E-07  5.06904968890199E-08
 1.687E-07  5.20193711750424E-08
 1.710E-07  5.33830823652325E-08
 1.734E-07  5.47825437157529E-08
 1.757E-07  5.62186924237322E-08
 1.781E-07  5.76924902548696E-08
 1.806E-07  5.92049241874835E-08
 1.830E-07  6.07570070734608E-08
 1.855E-07  6.23497783165091E-08
 1.881E-07  6.39843045682010E-08
 1.906E-07  6.56616804422693E-08
 1.932E-07  6.73830292476230E-08
 1.959E-07  6.91495037405652E-08
 1.986E-07  7.09622868967459E-08
 2.013E-07  7.28225927033543E-08
 2.040E-07  7.47316669720535E-08
 2.068E-07  7.66907881732477E-08
 2.096E-07  7.87012682922186E-08
 2.125E-07  8.07644537076825E-08
 2.154E-07  8.28817260933988E-08
 2.183E-07  8.50545033434158E-08
 2.213E-07  8.72842405215447E-08
 2.243E-07  8.95724308357478E-08
 2.274E-07  9.19206066380644E-08
 2.305E-07  9.43303404507330E-08
 2.336E-07  9.68032460192355E-08
 2.368E-07  9.93409793929209E-08
 2.401E-07  1.01945240033977E-07
 2.433E-07  1.04617771955462E-07
 2.467E-07  1.07360364889159E-07
 2.500E-07  1.10174855484071E-07
 2.534E-07  1.13063128536302E-07
 2.569E-07  1.16027118251191E-07
 2.604E-07  1.19068809538539E-07
 2.640E-07  1.22190239341774E-07
 2.676E-07  1.25393498001950E-07
 2.712E-07  1.28680730657544E-07
 2.749E-07  1.32054138680893E-07
 2.787E-07  1.35515981152310E-07
 2.825E-07  1.39068576372850E-07
 2.863E-07  1.42714303416705E-07
 2.903E-07  1.46455603724306E-07
 2.942E-07  1.50294982737202E-07
 2.982E-07  1.54235011575770E-07
 3.023E-07  1.58278328760888E-07
 3.064E-07  1.62427641980785E-07
 3.106E-07  1.66685729904178E-07
 3.149E-07  1.71055444040927E-07
 3.192E-07  1.75539710651472E-07
 3.235E-07  1.80141532706335E-07
 3.279E-07  1.84863991896977E-07
 3.324E-07  1.89710250699343E-07
 3.369E-07  1.94683554491537E-07
 3.415E-07  1.99787233726977E-07
 3.462E-07  2.05024706164525E-07
 3.509E-07  2.10399479157081E-07
 3.557E-07  2.15915152000134E-07
 3.606E-07  2.21575418341930E-07
 3.655E-07  2.27384068656771E-07
 3.705E-07  2.33344992783159E-07
 3.756E-07  2.39462182528462E-07
 3.807E-07  2.45739734341886E-07
 3.859E-07  2.52181852057449E-07
 3.911E-07  2.58792849708931E-07
 3.965E-07  2.65577154418571E-07
 4.019E-07  2.72539309361437E-07
 4.074E-07  2.79683976807587E-07
 4.129E-07  2.87015941243937E-07
 4.186E-07  2.94540112577910E-07
 4.243E-07  3.02261529425119E-07
 4.301E-07  3.10185362483225E-07
 4.360E-07  3.18316917994164E-07
 4.419E-07  3.26661641297208E-07
 4.479E-07  3.35225120475124E-07
 4.541E-07  3.44013090095849E-07
 4.603E-07  3.53031435052354E-07
 4.665E-07  3.62286194503075E-07
 4.729E-07  3.71783565915633E-07
 4.794E-07  3.81529909216573E-07
 4.859E-07  3.91531751049824E-07
 4.926E-07  4.01795789146886E-07
 4.993E-07  4.12328896811410E-07
 5.061E-07  4.23138127521452E-07
 5.130E-07  4.34230719652354E-07
 5.200E-07  4.45614101323256E-07
 5.271E-07  4.57295895370860E-07
 5.343E-07  4.69283924453412E-07
 5.416E-07  4.81586216288505E-07
 5.490E-07  4.94211009028214E-07
 5.565E-07  5.07166756775003E-07
 5.641E-07  5.20462135242348E-07
 5.718E-07  5.34106047563613E-07
 5.796E-07  5.48107630253249E-07
 5.875E-07  5.62476259324187E-07
 5.955E-07  5.77221556565618E-07
 6.037E-07  5.92353395985308E-07
 6.119E-07  6.07881910420700E-07
 6.202E-07  6.23817498323400E-07
 6.287E-07  6.40170830721371E-07
 6.373E-07  6.56952858363721E-07
 6.460E-07  6.74174819052689E-07
 6.548E-07  6.91848245167759E-07
 6.638E-07  7.09984971387094E-07
 6.728E-07  7.28597142611165E-07
 6.820E-07  7.47697222094372E-07
 6.913E-07  7.67297999789393E-07
 7.008E-07  7.87412600910478E-07
 7.103E-07  8.08054494721215E-07
 7.200E-07  8.29237503552425E-07
 7.298E-07  8.50975812056560E-07
 7.398E-07  8.73283976704575E-07
 7.499E-07  8.96176935531792E-07
 7.602E-07  9.19670018139035E-07
 7.705E-07  9.43778955956118E-07
 7.811E-07  9.68519892773940E-07
 7.917E-07  9.93909395553114E-07
 8.025E-07  1.01996446551553E-06
 8.135E-07  1.04670254952651E-06
 8.246E-07  1.07414155177579E-06
 8.358E-07  1.10229984576400E-06
 8.473E-07  1.13119628660366E-06
 8.588E-07  1.16085022364260E-06
 8.705E-07  1.19128151341795E-06
 8.824E-07  1.22251053294994E-06
 8.945E-07  1.25455819338365E-06
 9.067E-07  1.28744595398879E-06
 9.191E-07  1.32119583652620E-06
 9.316E-07  1.35583043999046E-06
 9.443E-07  1.39137295573951E-06
 9.572E-07  1.42784718302040E-06
 9.703E-07  1.46527754490189E-06
 9.835E-07  1.50368910462473E-06
 9.970E-07  1.54310758238041E-06
 1.011E-06  1.58355937252960E-06
 1.024E-06  1.62507156127177E-06
 1.038E-06  1.66767194477783E-06
 1.053E-06  1.71138904779821E-06
 1.067E-06  1.75625214275852E-06
 1.081E-06  1.80229126935518E-06
 1.096E-06  1.84953725466489E-06
 1.111E-06  1.89802173378158E-06
 1.126E-06  1.94777717099337E-06
 1.142E-06  1.99883688151465E-06
 1.157E-06  2.05123505378811E-06
 1.173E-06  2.10500677237068E-06
 1.189E-06  2.16018804141934E-06
 1.205E-06  2.21681580879272E-06
 1.222E-06  2.27492799078378E-06
 1.239E-06  2.33456349750068E-06
 1.255E-06  2.39576225891302E-06
 1.273E-06  2.45856525158058E-06
 1.290E-06  2.52301452608202E-06
 1.308E-06  2.58915323516272E-06
 1.325E-06  2.65702566262019E-06
 1.344E-06  2.72667725294606E-06
 1.362E-06  2.79815464174537E-06
 1.380E-06  2.87150568695223E-06
 1.399E-06  2.94677950086392E-06
 1.418E-06  3.02402648301454E-06
 1.438E-06  3.10329835390886E-06
 1.457E-06  3.18464818964184E-06
 1.477E-06  3.26813045742435E-06
 1.497E-06  3.35380105203896E-06
 1.518E-06  3.44171733325264E-06
 1.539E-06  3.53193816420844E-06
 1.560E-06  3.62452395082307E-06
 1.581E-06  3.71953668221822E-06
 1.603E-06  3.81703997220943E-06
 1.624E-06  3.91709910188287E-06
 1.647E-06  4.01978106328782E-06
 1.669E-06  4.12515460427327E-06
 1.692E-06  4.23329027450024E-06
 1.715E-06  4.34426047265832E-06
 1.738E-06  4.45813949492061E-06
 1.762E-06  4.57500358466722E-06
 1.786E-06  4.69493098351206E-06
 1.811E-06  4.81800198366607E-06
 1.835E-06  4.94429898167265E-06
 1.860E-06  5.07390653355073E-06
 1.886E-06  5.20691141138285E-06
 1.911E-06  5.34340266138515E-06
 1.938E-06  5.48347166349886E-06
 1.964E-06  5.62721219254365E-06
 1.991E-06  5.77472048097193E-06
 2.018E-06  5.92609528326810E-06
 2.046E-06  6.08143794203464E-06
 2.073E-06  6.24085245580915E-06
 2.102E-06  6.40444554865782E-06
 2.130E-06  6.57232674159299E-06
 2.160E-06  6.74460842586056E-06
 2.189E-06  6.92140593814752E-06
 2.219E-06  7.10283763775999E-06
 2.249E-06  7.28902498582226E-06
 2.280E-06  7.48009262655093E-06
 2.311E-06  7.67616847065892E-06
 2.343E-06  7.87738378094110E-06
 2.375E-06  8.08387326010549E-06
 2.407E-06  8.29577514090362E-06
 2.440E-06  8.51323127862024E-06
 2.473E-06  8.73638724598872E-06
 2.507E-06  8.96539243058920E-06
 2.541E-06  9.20040013480064E-06
 2.576E-06  9.44156767836992E-06
 2.611E-06  9.68905650366607E-06
 2.647E-06  9.94303228369252E-06
 2.683E-06  1.02036650329311E-05
 2.719E-06  1.04711292210828E-05
 2.757E-06  1.07456038897916E-05
 2.794E-06  1.10272727724277E-05
 2.832E-06  1.13163244170024E-05
 2.871E-06  1.16129523123043E-05
 2.910E-06  1.19173550173415E-05
 2.950E-06  1.22297362941709E-05
 2.990E-06  1.25503052442050E-05
 3.031E-06  1.28792764480924E-05
 3.072E-06  1.32168701092582E-05
 3.114E-06  1.35633122012048E-05
 3.157E-06  1.39188346186696E-05
 3.200E-06  1.42836753327401E-05
 3.244E-06  1.46580785500337E-05
 3.288E-06  1.50422948760439E-05
 3.333E-06  1.54365814827628E-05
 3.378E-06  1.58412022806938E-05
 3.424E-06  1.62564280953699E-05
 3.471E-06  1.66825368484913E-05
 3.519E-06  1.71198137438090E-05
 3.567E-06  1.75685514578722E-05
 3.615E-06  1.80290503357717E-05
 3.665E-06  1.85016185920104E-05
 3.715E-06  1.89865725166274E-05
 3.765E-06  1.94842366867247E-05
 3.817E-06  1.99949441835293E-05
 3.869E-06  2.05190368151373E-05
 3.922E-06  2.10568653450923E-05
 3.975E-06  2.16087897269437E-05
 4.030E-06  2.21751793449496E-05
 4.085E-06  2.27564132610805E-05
 4.140E-06  2.33528804684857E-05
 4.197E-06  2.39649801515979E-05
 4.254E-06  2.45931219530472E-05
 4.312E-06  2.52377262475614E-05
 4.371E-06  2.58992244230325E-05
 4.431E-06  2.65780591689446E-05
 4.491E-06  2.72746847723514E-05
 4.553E-06  2.79895674215982E-05
 4.615E-06  2.87231855179946E-05
 4.678E-06  2.94760299956452E-05
 4.742E-06  3.02486046496521E-05
 4.806E-06  3.10414264729008E-05
 4.872E-06  3.18550260016750E-05
 4.938E-06  3.26899476702987E-05
 5.006E-06  3.35467501750702E-05
 5.074E-06  3.44260068477198E-05
 5.144E-06  3.53283060386364E-05
 5.214E-06  3.62542515101252E-05
 5.285E-06  3.72044628399553E-05
 5.357E-06  3.81795758354719E-05
 5.430E-06  3.91802429585321E-05
 5.504E-06  4.02071337615725E-05
 5.579E-06  4.12609353350827E-05
 5.656E-06  4.23423527667844E-05
 5.733E-06  4.34521096128218E-05
 5.811E-06  4.45909483812893E-05
 5.890E-06  4.57596310284028E-05
 5.971E-06  4.69589394676474E-05
 6.052E-06  4.81896760922595E-05
 6.135E-06  4.94526643113608E-05
 6.219E-06  5.07487491001263E-05
 6.304E-06  5.20787975643467E-05
 6.390E-06  5.34436995197459E-05
 6.477E-06  5.48443680864662E-05
 6.565E-06  5.62817402990930E-05
 6.655E-06  5.77567777326441E-05
 6.746E-06  5.92704671449198E-05
 6.838E-06  6.08238211356688E-05
 6.931E-06  6.24178788229731E-05
 7.026E-06  6.40537065373369E-05
 7.122E-06  6.57323985339280E-05
 7.219E-06  6.74550777234373E-05
 7.318E-06  6.92228964220446E-05
 7.418E-06  7.10370371210059E-05
 7.519E-06  7.28987132763755E-05
 7.622E-06  7.48091701193370E-05
 7.726E-06  7.67696854877590E-05
 7.831E-06  7.87815706794771E-05
 7.938E-06  8.08461713278869E-05
 8.046E-06  8.29648683004233E-05
 8.156E-06  8.51390786205293E-05
 8.268E-06  8.73702564137321E-05
 8.380E-06  8.96598938784429E-05
 8.495E-06  9.20095222821287E-05
 8.611E-06  9.44207129835347E-05
 8.728E-06  9.68950784816178E-05
 8.848E-06  9.94342734918852E-05
 8.968E-06  1.02039996050878E-04
 9.091E-06  1.04713988649514E-04
 9.215E-06  1.07458039396038E-04
 9.341E-06  1.10273983209378E-04
 9.468E-06  1.13163703043667E-04
 9.597E-06  1.16129131144775E-04
 9.729E-06  1.19172250339661E-04
 9.861E-06  1.22295095359413E-04
 9.996E-06  1.25499754196858E-04
 1.013E-05  1.28788369499639E-04
 1.027E-05  1.32163139999682E-04
 1.041E-05  1.35626321979964E-04
 1.055E-05  1.39180230779679E-04
 1.070E-05  1.42827242338656E-04
 1.084E-05  1.46569794782095E-04
 1.099E-05  1.50410390046746E-04
 1.114E-05  1.54351595549532E-04
 1.129E-05  1.58396045899734E-04
 1.145E-05  1.62546444655902E-04
 1.160E-05  1.66805566128623E-04
 1.176E-05  1.71176257230369E-04
 1.192E-05  1.75661439373654E-04
 1.209E-05  1.80264110418725E-04
 1.225E-05  1.84987346672081E-04
 1.242E-05  1.89834304937209E-04
 1.259E-05  1.94808224618815E-04
 1.276E-05  1.99912429881962E-04
 1.293E-05  2.05150331867610E-04
 1.311E-05  2.10525430965910E-04
 1.329E-05  2.16041319148868E-04
 1.347E-05  2.21701682363875E-04
 1.365E-05  2.27510302989658E-04
 1.384E-05  2.33471062356334E-04
 1.403E-05  2.39587943331199E-04
 1.422E-05  2.45865032971983E-04
 1.442E-05  2.52306525249307E-04
 1.461E-05  2.58916723840139E-04
 1.481E-05  2.65700044994118E-04
 1.501E-05  2.72661020474649E-04
 1.522E-05  2.79804300576684E-04
 1.543E-05  2.87134657223176E-04
 1.564E-05  2.94656987142287E-04
 1.585E-05  3.02376315127427E-04
 1.607E-05  3.10297797382298E-04
 1.629E-05  3.18426724953121E-04
 1.651E-05  3.26768527250323E-04
 1.673E-05  3.35328775662031E-04
 1.696E-05  3.44113187261741E-04
 1.719E-05  3.53127628612586E-04
 1.743E-05  3.62378119670738E-04
 1.767E-05  3.71870837790568E-04
 1.791E-05  3.81612121834081E-04
 1.815E-05  3.91608476387427E-04
 1.840E-05  4.01866576087317E-04
 1.865E-05  4.12393270059985E-04
 1.891E-05  4.23195586475905E-04
 1.916E-05  4.34280737223069E-04
 1.943E-05  4.45656122701904E-04
 1.969E-05  4.57329336745072E-04
 1.996E-05  4.69308171665445E-04
 2.023E-05  4.81600623435309E-04
 2.051E-05  4.94214897000521E-04
 2.079E-05  5.07159411732983E-04
 2.107E-05  5.20442807024853E-04
 2.136E-05  5.34073948028578E-04
 2.165E-05  5.48061931546013E-04
 2.195E-05  5.62416092070988E-04
 2.225E-05  5.77146007988955E-04
 2.255E-05  5.92261507937787E-04
 2.286E-05  6.07772677334273E-04
 2.317E-05  6.23689865070116E-04
 2.349E-05  6.40023690382121E-04
 2.381E-05  6.56785049901021E-04
 2.413E-05  6.73985124883539E-04
 2.446E-05  6.91635388632327E-04
 2.480E-05  7.09747614109013E-04
 2.514E-05  7.28333881744789E-04
 2.548E-05  7.47406587454216E-04
 2.583E-05  7.66978450857043E-04
 2.618E-05  7.87062523713666E-04
 2.654E-05  8.07672198579859E-04
 2.690E-05  8.28821217685809E-04
 2.727E-05  8.50523682046446E-04
 2.764E-05  8.72794060807739E-04
 2.802E-05  8.95647200835687E-04
 2.840E-05  9.19098336554527E-04
 2.879E-05  9.43163100040082E-04
 2.918E-05  9.67857531374915E-04
 2.958E-05  9.93198089272418E-04
 2.998E-05  1.01920166197644E-03
 3.039E-05  1.04588557844347E-03
 3.080E-05  1.07326761981511E-03
 3.123E-05  1.10136603118788E-03
 3.165E-05  1.13019953368816E-03
 3.208E-05  1.15978733686029E-03
 3.252E-05  1.19014915137567E-03
 3.297E-05  1.22130520207128E-03
 3.342E-05  1.25327624132600E-03
 3.387E-05  1.28608356278338E-03
 3.433E-05  1.31974901543028E-03
 3.480E-05  1.35429501803963E-03
 3.528E-05  1.38974457398727E-03
 3.576E-05  1.42612128645279E-03
 3.625E-05  1.46344937401339E-03
 3.674E-05  1.50175368664150E-03
 3.724E-05  1.54105972211651E-03
 3.775E-05  1.58139364286079E-03
 3.827E-05  1.62278229321143E-03
 3.879E-05  1.66525321713860E-03
 3.932E-05  1.70883467642200E-03
 3.986E-05  1.75355566929743E-03
 4.040E-05  1.79944594958488E-03
 4.095E-05  1.84653604631141E-03
 4.151E-05  1.89485728384087E-03
 4.208E-05  1.94444180252338E-03
 4.265E-05  1.99532257987829E-03
 4.324E-05  2.04753345232429E-03
 4.383E-05  2.10110913747016E-03
 4.442E-05  2.15608525698079E-03
 4.503E-05  2.21249836003398E-03
 4.565E-05  2.27038594738128E-03
 4.627E-05  2.32978649603037E-03
 4.690E-05  2.39073948456353E-03
 4.754E-05  2.45328541910836E-03
 4.819E-05  2.51746585997917E-03
 4.885E-05  2.58332344900392E-03
 4.951E-05  2.65090193755506E-03
 5.019E-05  2.72024621530285E-03
 5.088E-05  2.79140233970901E-03
 5.157E-05  2.86441756627965E-03
 5.227E-05  2.93934037959635E-03
 5.299E-05  3.01622052514628E-03
 5.371E-05  3.09510904197095E-03
 5.445E-05  3.17605829615446E-03
 5.519E-05  3.25912201517272E-03
 5.594E-05  3.34435532312574E-03
 5.671E-05  3.43181477687526E-03
 5.748E-05  3.52155840311000E-03
 5.826E-05  3.61364573636405E-03
 5.906E-05  3.70813785801044E-03
 5.987E-05  3.80509743625552E-03
 6.068E-05  3.90458876716016E-03
 6.151E-05  4.00667781671233E-03
 6.235E-05  4.11143226397961E-03
 6.320E-05  4.21892154536714E-03
 6.407E-05  4.32921690000941E-03
 6.494E-05  4.44239141632652E-03
 6.583E-05  4.55852007977100E-03
 6.673E-05  4.67767982179803E-03
 6.764E-05  4.79994957008882E-03
 6.856E-05  4.92541030005892E-03
 6.950E-05  5.05414508768370E-03
 7.045E-05  5.18623916367468E-03
 7.141E-05  5.32177996904062E-03
 7.238E-05  5.46085721206786E-03
 7.337E-05  5.60356292675618E-03
 7.437E-05  5.74999153274588E-03
 7.539E-05  5.90023989677519E-03
 7.642E-05  6.05440739570537E-03
 7.746E-05  6.21259598115189E-03
 7.852E-05  6.37491024576492E-03
 7.959E-05  6.54145749119677E-03
 8.068E-05  6.71234779780232E-03
 8.178E-05  6.88769409611298E-03
 8.289E-05  7.06761224012940E-03
 8.403E-05  7.25222108248019E-03
 8.517E-05  7.44164255148932E-03
 8.634E-05  7.63600173020570E-03
 8.751E-05  7.83542693743635E-03
 8.871E-05  8.04004981084150E-03
 8.992E-05  8.25000539213639E-03
 9.115E-05  8.46543221445505E-03
 9.239E-05  8.68647239193045E-03
 9.365E-05  8.91327171154480E-03
 9.493E-05  9.14597972730684E-03
 9.623E-05  9.38474985681276E-03
 9.754E-05  9.62973948025446E-03
 9.887E-05  9.88111004192858E-03
 1.002E-04  1.01390271543143E-02
 1.016E-04  1.04036607047817E-02
 1.030E-04  1.06751849649937E-02
 1.044E-04  1.09537787030707E-02
 1.058E-04  1.12396252985857E-02
 1.073E-04  1.15329128604587E-02
 1.087E-04  1.18338343478229E-02
 1.102E-04  1.21425876939332E-02
 1.117E-04  1.24593759331974E-02
 1.132E-04  1.27844073314026E-02
 1.148E-04  1.31178955192125E-02
 1.163E-04  1.34600596290236E-02
 1.179E-04  1.38111244352576E-02
 1.195E-04  1.41713204981731E-02
 1.212E-04  1.45408843112859E-02
 1.228E-04  1.49200584524839E-02
 1.245E-04  1.53090917389292E-02
 1.262E-04  1.57082393858345E-02
 1.279E-04  1.61177631692149E-02
 1.297E-04  1.65379315927077E-02
 1.314E-04  1.69690200585575E-02
 1.332E-04  1.74113110428721E-02
 1.351E-04  1.78650942752515E-02
 1.369E-04  1.83306669228923E-02
 1.388E-04  1.88083337792781E-02
 1.407E-04  1.92984074575706E-02
 1.426E-04  1.98012085888057E-02
 1.445E-04  2.03170660250211E-02
 1.465E-04  2.08463170474239E-02
 1.485E-04  2.13893075797249E-02
 1.505E-04  2.19463924067623E-02
 1.526E-04  2.25179353985466E-02
 1.547E-04  2.31043097398442E-02
 1.568E-04  2.37058981654390E-02
 1.589E-04  2.43230932012177E-02
 1.611E-04  2.49562974111962E-02
 1.633E-04  2.56059236506441E-02
 1.655E-04  2.62723953254489E-02
 1.678E-04  2.69561466578636E-02
 1.701E-04  2.76576229587942E-02
 1.724E-04  2.83772809067790E-02
 1.748E-04  2.91155888338142E-02
 1.771E-04  2.98730270181940E-02
 1.796E-04  3.06500879845297E-02
 1.820E-04  3.14472768111010E-02
 1.845E-04  3.22651114447394E-02
 1.870E-04  3.31041230233937E-02
 1.896E-04  3.39648562065694E-02
 1.922E-04  3.48478695138248E-02
 1.948E-04  3.57537356715050E-02
 1.974E-04  3.66830419679184E-02
 2.001E-04  3.76363906171337E-02
 2.029E-04  3.86143991316094E-02
 2.056E-04  3.96177007038567E-02
 2.084E-04  4.06469445973374E-02
 2.113E-04  4.17027965468191E-02
 2.142E-04  4.27859391684001E-02
 2.171E-04  4.38970723794194E-02
 2.201E-04  4.50369138284896E-02
 2.231E-04  4.62061993358667E-02
 2.261E-04  4.74056833444110E-02
 2.292E-04  4.86361393813613E-02
 2.323E-04  4.98983605311770E-02
 2.355E-04  5.11931599197032E-02
 2.387E-04  5.25213712098857E-02
 2.420E-04  5.38838491093319E-02
 2.453E-04  5.52814698899623E-02
 2.486E-04  5.67151319200196E-02
 2.520E-04  5.81857562087189E-02
 2.555E-04  5.96942869638157E-02
 2.589E-04  6.12416921623812E-02
 2.625E-04  6.28289641350677E-02
 2.661E-04  6.44571201641689E-02
 2.697E-04  6.61272030957774E-02
 2.734E-04  6.78402819663369E-02
 2.771E-04  6.95974526439195E-02
 2.809E-04  7.13998384845298E-02
 2.847E-04  7.32485910037725E-02
 2.886E-04  7.51448905642196E-02
 2.926E-04  7.70899470787939E-02
 2.965E-04  7.90850007305279E-02
 3.006E-04  8.11313227090505E-02
 3.047E-04  8.32302159641418E-02
 3.089E-04  8.53830159767321E-02
 3.131E-04  8.75910915476970E-02
 3.174E-04  8.98558456048404E-02
 3.217E-04  9.21787160284359E-02
 3.261E-04  9.45611764957045E-02
 3.305E-04  9.70047373446382E-02
 3.350E-04  9.95109464575632E-02
 3.396E-04  1.02081390164841E-01
 3.442E-04  1.04717694169112E-01
 3.489E-04  1.07421524490537E-01
 3.537E-04  1.10194588433418E-01
 3.585E-04  1.13038635574642E-01
 3.634E-04  1.15955458774412E-01
 3.684E-04  1.18946895209667E-01
 3.734E-04  1.22014827430658E-01
 3.785E-04  1.25161184441166E-01
 3.837E-04  1.28387942802774E-01
 3.889E-04  1.31697127763686E-01
 3.942E-04  1.35090814412584E-01
 3.996E-04  1.38571128857982E-01
 4.051E-04  1.42140249433568E-01
 4.106E-04  1.45800407930019E-01
 4.162E-04  1.49553890853846E-01
 4.219E-04  1.53403040713668E-01
 4.277E-04  1.57350257334515E-01
 4.335E-04  1.61397999200671E-01
 4.394E-04  1.65548784827506E-01
 4.454E-04  1.69805194162924E-01
 4.515E-04  1.74169870018875E-01
 4.577E-04  1.78645519533502E-01
 4.639E-04  1.83234915664495E-01
 4.702E-04  1.87940898714156E-01
 4.767E-04  1.92766377886720E-01
 4.832E-04  1.97714332878541E-01
 4.898E-04  2.02787815501646E-01
 4.965E-04  2.07989951341254E-01
 5.032E-04  2.13323941447794E-01
 5.101E-04  2.18793064064035E-01
 5.171E-04  2.24400676387877E-01
 5.241E-04  2.30150216371346E-01
 5.313E-04  2.36045204556427E-01
 5.385E-04  2.42089245948271E-01
 5.459E-04  2.48286031926372E-01
 5.533E-04  2.54639342194276E-01
 5.609E-04  2.61153046768427E-01
 5.686E-04  2.67831108006714E-01
 5.763E-04  2.74677582677280E-01
 5.842E-04  2.81696624068188E-01
 5.922E-04  2.88892484138538E-01
 6.002E-04  2.96269515711559E-01
 6.084E-04  3.03832174710268E-01
 6.167E-04  3.11585022436272E-01
 6.252E-04  3.19532727892263E-01
 6.337E-04  3.27680070148718E-01
 6.423E-04  3.36031940755406E-01
 6.511E-04  3.44593346198252E-01
 6.600E-04  3.53369410402003E-01
 6.690E-04  3.62365377279276E-01
 6.782E-04  3.71586613326535E-01
 6.874E-04  3.81038610267412E-01
 6.968E-04  3.90726987743904E-01
 7.063E-04  4.00657496055926E-01
 7.160E-04  4.10836018949639E-01
 7.257E-04  4.21268576455046E-01
 7.356E-04  4.31961327773256E-01
 7.457E-04  4.42920574213765E-01
 7.559E-04  4.54152762182252E-01
 7.662E-04  4.65664486219175E-01
 7.766E-04  4.77462492089501E-01
 7.872E-04  4.89553679923910E-01
 7.980E-04  5.01945107411743E-01
 8.089E-04  5.14643993046010E-01
 8.199E-04  5.27657719420564E-01
 8.311E-04  5.40993836579752E-01
 8.425E-04  5.54660065420661E-01
 8.540E-04  5.68664301148045E-01
 8.656E-04  5.83014616782060E-01
 8.774E-04  5.97719266718836E-01
 8.894E-04  6.12786690343948E-01
 9.016E-04  6.28225515698533E-01
 9.139E-04  6.44044563198195E-01
 9.264E-04  6.60252849404527E-01
 9.390E-04  6.76859590848788E-01
 9.518E-04  6.93874207907786E-01
 9.648E-04  7.11306328731524E-01
 9.780E-04  7.29165793222111E-01
 9.913E-04  7.47462657063742E-01
 1.005E-03  7.66207195802962E-01
 1.019E-03  7.85409908978784E-01
 1.032E-03  8.05081524301999E-01
 1.047E-03  8.25233001882766E-01
 1.061E-03  8.45875538505783E-01
 1.075E-03  8.67020571952120E-01
 1.090E-03  8.88679785366663E-01
 1.105E-03  9.10865111669964E-01
 1.120E-03  9.33588738013444E-01
 1.135E-03  9.56863110276515E-01
 1.151E-03  9.80700937604171E-01
 1.167E-03  1.00511519698368E+00
 1.182E-03  1.03011913785841E+00
 1.199E-03  1.05572628677722E+00
 1.215E-03  1.08195045207754E+00
 1.232E-03  1.10880572859973E+00
 1.248E-03  1.13630650243096E+00
 1.265E-03  1.16446745567593E+00
 1.283E-03  1.19330357125209E+00
 1.300E-03  1.22283013770661E+00
 1.318E-03  1.25306275405232E+00
 1.336E-03  1.28401733461957E+00
 1.354E-03  1.31571011392090E+00
 1.373E-03  1.34815765152500E+00
 1.391E-03  1.38137683693667E+00
 1.410E-03  1.41538489447864E+00
 1.430E-03  1.45019938817160E+00
 1.449E-03  1.48583822660809E+00
 1.469E-03  1.52231966781590E+00
 1.489E-03  1.55966232410636E+00
 1.509E-03  1.59788516690242E+00
 1.530E-03  1.63700753154182E+00
 1.551E-03  1.67704912204956E+00
 1.572E-03  1.71803001587419E+00
 1.593E-03  1.75997066858211E+00
 1.615E-03  1.80289191850341E+00
 1.637E-03  1.84681499132293E+00
 1.660E-03  1.89176150460992E+00
 1.682E-03  1.93775347227876E+00
 1.705E-03  1.98481330897366E+00
 1.729E-03  2.03296383436956E+00
 1.752E-03  2.08222827738093E+00
 1.776E-03  2.13263028027038E+00
 1.800E-03  2.18419390264791E+00
 1.825E-03  2.23694362535183E+00
 1.850E-03  2.29090435420209E+00
 1.875E-03  2.34610142361519E+00
 1.901E-03  2.40256060007160E+00
 1.927E-03  2.46030808542384E+00
 1.953E-03  2.51937052003472E+00
 1.980E-03  2.57977498573389E+00
 2.007E-03  2.64154900858061E+00
 2.034E-03  2.70472056142063E+00
 2.062E-03  2.76931806622358E+00
 2.090E-03  2.83537039618819E+00
 2.118E-03  2.90290687760085E+00
 2.147E-03  2.97195729143338E+00
 2.177E-03  3.04255187466517E+00
 2.206E-03  3.11472132131392E+00
 2.236E-03  3.18849678315968E+00
 2.267E-03  3.26390987014486E+00
 2.298E-03  3.34099265043394E+00
 2.329E-03  3.41977765011502E+00
 2.361E-03  3.50029785252503E+00
 2.393E-03  3.58258669717980E+00
 2.426E-03  3.66667807829022E+00
 2.459E-03  3.75260634284395E+00
 2.493E-03  3.84040628823270E+00
 2.527E-03  3.93011315940398E+00
 2.561E-03  4.02176264551540E+00
 2.596E-03  4.11539087606960E+00
 2.632E-03  4.21103441650654E+00
 2.668E-03  4.30873026323017E+00
 2.704E-03  4.40851583804497E+00
 2.741E-03  4.51042898197756E+00
 2.778E-03  4.61450794845841E+00
 2.816E-03  4.72079139583761E+00
 2.855E-03  4.82931837920748E+00
 2.894E-03  4.94012834150560E+00
 2.933E-03  5.05326110387020E+00
 2.973E-03  5.16875685521893E+00
 3.014E-03  5.28665614102276E+00
 3.055E-03  5.40699985124496E+00
 3.097E-03  5.52982920741457E+00
 3.139E-03  5.65518574880462E+00
 3.182E-03  5.78311131768240E+00
 3.225E-03  5.91364804360098E+00
 3.269E-03  6.04683832669902E+00
 3.314E-03  6.18272481997567E+00
 3.359E-03  6.32135041050815E+00
 3.405E-03  6.46275819957706E+00
 3.452E-03  6.60699148166524E+00
 3.499E-03  6.75409372229655E+00
 3.546E-03  6.90410853467809E+00
 3.595E-03  7.05707965511100E+00
 3.644E-03  7.21305091713470E+00
 3.694E-03  7.37206622436771E+00
 3.744E-03  7.53416952200948E+00
 3.795E-03  7.69940476696686E+00
 3.847E-03  7.86781589656829E+00
 3.900E-03  8.03944679583026E+00
 3.953E-03  8.21434126323899E+00
 4.007E-03  8.39254297501053E+00
 4.061E-03  8.57409544779429E+00
 4.117E-03  8.75904199978340E+00
 4.173E-03  8.94742571019569E+00
 4.230E-03  9.13928937709169E+00
 4.288E-03  9.33467547349333E+00
 4.346E-03  9.53362610176979E+00
 4.406E-03  9.73618294625749E+00
 4.466E-03  9.94238722408127E+00
 4.527E-03  1.01522796341443E+01
 4.589E-03  1.03659003042575E+01
 4.651E-03  1.05832887363772E+01
 4.715E-03  1.08044837499249E+01
 4.779E-03  1.10295234231599E+01
 4.844E-03  1.12584450325813E+01
 4.911E-03  1.14912849903354E+01
 4.978E-03  1.17280787796062E+01
 5.046E-03  1.19688608879704E+01
 5.114E-03  1.22136647386991E+01
 5.184E-03  1.24625226199902E+01
 5.255E-03  1.27154656121217E+01
 5.327E-03  1.29725235125135E+01
 5.400E-03  1.32337247586923E+01
 5.473E-03  1.34990963491574E+01
 5.548E-03  1.37686637621445E+01
 5.624E-03  1.40424508722950E+01
 5.700E-03  1.43204798652343E+01
 5.778E-03  1.46027711500742E+01
 5.857E-03  1.48893432698541E+01
 5.937E-03  1.51802128099406E+01
 6.018E-03  1.54753943044135E+01
 6.100E-03  1.57749001404672E+01
 6.184E-03  1.60787404608646E+01
 6.268E-03  1.63869230644843E+01
 6.354E-03  1.66994533050111E+01
 6.440E-03  1.70163339878226E+01
 6.528E-03  1.73375652651330E+01
 6.617E-03  1.76631445294630E+01
 6.708E-03  1.79930663055094E+01
 6.799E-03  1.83273221404992E+01
 6.892E-03  1.86659004931170E+01
 6.986E-03  1.90087866211054E+01
 7.082E-03  1.93559624676460E+01
 7.178E-03  1.97074065466373E+01
 7.276E-03  2.00630938269949E+01
 7.376E-03  2.04229956161089E+01
 7.476E-03  2.07870794426040E+01
 7.578E-03  2.11553089385575E+01
 7.682E-03  2.15276437213412E+01
 7.787E-03  2.19040392752626E+01
 7.893E-03  2.22844468331950E+01
 8.001E-03  2.26688132583950E+01
 8.110E-03  2.30570809267183E+01
 8.221E-03  2.34491876094576E+01
 8.333E-03  2.38450663570382E+01
 8.447E-03  2.42446453838188E+01
 8.562E-03  2.46478479542594E+01
 8.679E-03  2.50545922707311E+01
 8.798E-03  2.54647913632537E+01
 8.918E-03  2.58783529814633E+01
 9.039E-03  2.62951794891254E+01
 9.163E-03  2.67151677615207E+01
 9.288E-03  2.71382090860469E+01
 9.415E-03  2.75641890663934E+01
 9.543E-03  2.79929875306595E+01
 9.674E-03  2.84244784437997E+01
 9.806E-03  2.88585298247971E+01
 9.940E-03  2.92950036689761E+01
 1.008E-02  2.97337558758808E+01
 1.021E-02  3.01746361831612E+01
 1.035E-02  3.06174881069182E+01
 1.049E-02  3.10621488889778E+01
 1.064E-02  3.15084494515706E+01
 1.078E-02  3.19562143599108E+01
 1.093E-02  3.24052617931794E+01
 1.108E-02  3.28554035244247E+01
 1.123E-02  3.33064449099075E+01
 1.138E-02  3.37581848884279E+01
 1.154E-02  3.42104159911784E+01
 1.170E-02  3.46629243626772E+01
 1.186E-02  3.51154897933427E+01
 1.202E-02  3.55678857642780E+01
 1.218E-02  3.60198795048370E+01
 1.235E-02  3.64712320635497E+01
 1.252E-02  3.69216983929863E+01
 1.269E-02  3.73710274491405E+01
 1.286E-02  3.78189623059116E+01
 1.304E-02  3.82652402852641E+01
 1.321E-02  3.87095931036393E+01
 1.339E-02  3.91517470351861E+01
 1.358E-02  3.95914230923713E+01
 1.376E-02  4.00283372245213E+01
 1.395E-02  4.04622005348303E+01
 1.414E-02  4.08927195163605E+01
 1.433E-02  4.13195963075380E+01
 1.453E-02  4.17425289676309E+01
 1.473E-02  4.21612117726723E+01
 1.493E-02  4.25753355322641E+01
 1.513E-02  4.29845879276715E+01
 1.534E-02  4.33886538715809E+01
 1.555E-02  4.37872158898665E+01
 1.576E-02  4.41799545256623E+01
 1.598E-02  4.45665487660030E+01
 1.619E-02  4.49466764912461E+01
 1.642E-02  4.53200149474382E+01
 1.664E-02  4.56862412417385E+01
 1.687E-02  4.60450328609500E+01
 1.710E-02  4.63960682131522E+01
 1.733E-02  4.67390271923603E+01
 1.757E-02  4.70735917660699E+01
 1.781E-02  4.73994465854668E+01
 1.805E-02  4.77162796180111E+01
 1.830E-02  4.80237828020170E+01
 1.855E-02  4.83216527227643E+01
 1.880E-02  4.86095913095917E+01
 1.906E-02  4.88873065533206E+01
 1.932E-02  4.91545132432664E+01
 1.958E-02  4.94109337229846E+01
 1.985E-02  4.96562986638014E+01
 2.012E-02  4.98903478550593E+01
 2.039E-02  5.01128310099016E+01
 2.067E-02  5.03235085852988E+01
 2.095E-02  5.05221526149006E+01
 2.124E-02  5.07085475531749E+01
 2.153E-02  5.08824911291688E+01
 2.182E-02  5.10437952080979E+01
 2.212E-02  5.11922866588413E+01
 2.242E-02  5.13278082252872E+01
 2.273E-02  5.14502193993408E+01
 2.304E-02  5.15593972932743E+01
 2.335E-02  5.16552375089633E+01
 2.367E-02  5.17376550014191E+01
 2.400E-02  5.18065849338982E+01
 2.432E-02  5.18619835217331E+01
 2.466E-02  5.19038288619039E+01
 2.499E-02  5.19321217452421E+01
 2.533E-02  5.19468864480335E+01
 2.568E-02  5.19481714996709E+01
 2.603E-02  5.19360504228923E+01
 2.639E-02  5.19106224430329E+01
 2.675E-02  5.18720131626164E+01
 2.711E-02  5.18203751975212E+01
 2.748E-02  5.17558887708682E+01
 2.786E-02  5.16787622607031E+01
 2.824E-02  5.15892326974832E+01
 2.862E-02  5.14875662073198E+01
 2.901E-02  5.13740583968918E+01
 2.941E-02  5.12490346759150E+01
 2.981E-02  5.11128505130393E+01
 3.022E-02  5.09658916210478E+01
 3.063E-02  5.08085740672523E+01
 3.105E-02  5.06413443050134E+01
 3.147E-02  5.04646791223714E+01
 3.190E-02  5.02790855038460E+01
 3.234E-02  5.00851004015583E+01
 3.278E-02  4.98832904119469E+01
 3.323E-02  4.96742513544856E+01
 3.368E-02  4.94586077489744E+01
 3.414E-02  4.92370121881577E+01
 3.461E-02  4.90101446026375E+01
 3.508E-02  4.87787114152814E+01
 3.556E-02  4.85434445825865E+01
 3.604E-02  4.83051005207480E+01
 3.654E-02  4.80644589144924E+01
 3.703E-02  4.78223214070777E+01
 3.754E-02  4.75795101702249E+01
 3.805E-02  4.73368663531413E+01
 3.857E-02  4.70952484102150E+01
 3.910E-02  4.68555303074023E+01
 3.963E-02  4.66185996078020E+01
 4.017E-02  4.63853554374074E+01
 4.072E-02  4.61567063325428E+01
 4.128E-02  4.59335679710370E+01
 4.184E-02  4.57168607897459E+01
 4.241E-02  4.55075074916267E+01
 4.299E-02  4.53064304461623E+01
 4.358E-02  4.51145489875605E+01
 4.417E-02  4.49327766157828E+01
 4.478E-02  4.47620181061092E+01
 4.539E-02  4.46031665336004E+01
 4.601E-02  4.44571002194859E+01
 4.664E-02  4.43246796071788E+01
 4.727E-02  4.42067440762876E+01
 4.792E-02  4.41041087036711E+01
 4.857E-02  4.40175609812475E+01
 4.924E-02  4.39478575009289E+01
 4.991E-02  4.38957206177003E+01
 5.059E-02  4.38618351024960E+01
 5.128E-02  4.38468447971367E+01
 5.198E-02  4.38513492841839E+01
 5.269E-02  4.38759005851266E+01
 5.341E-02  4.39209999008472E+01
 5.414E-02  4.39870944088083E+01
 5.488E-02  4.40745741318509E+01
 5.563E-02  4.41837688939061E+01
 5.639E-02  4.43149453782774E+01
 5.716E-02  4.44683043044533E+01
 5.794E-02  4.46439777396561E+01
 5.873E-02  4.48420265615112E+01
 5.953E-02  4.50624380883350E+01
 6.034E-02  4.53051238935793E+01
 6.116E-02  4.55699178209363E+01
 6.200E-02  4.58565742164901E+01
 6.285E-02  4.61647663941022E+01
 6.370E-02  4.64940853499315E+01
 6.457E-02  4.68440387416108E+01
 6.546E-02  4.72140501471279E+01
 6.635E-02  4.76034586178972E+01
 6.725E-02  4.80115185398332E+01
 6.817E-02  4.84373998154784E+01
 6.910E-02  4.88801883793625E+01
 7.005E-02  4.93388870578054E+01
 7.100E-02  4.98124167832969E+01
 7.197E-02  5.02996181724154E+01
 7.296E-02  5.07992534749647E+01
 7.395E-02  5.13100089006337E+01
 7.496E-02  5.18304973280072E+01
 7.598E-02  5.23592613991802E+01
 7.702E-02  5.28947770015712E+01
 7.807E-02  5.34354571367710E+01
 7.914E-02  5.39796561744357E+01
 8.022E-02  5.45256744873141E+01
 8.132E-02  5.50717634615224E+01
 8.243E-02  5.56161308741258E+01
 8.355E-02  5.61569466279873E+01
 8.469E-02  5.66923488316889E+01
 8.585E-02  5.72204502101411E+01
 8.702E-02  5.77393448292755E+01
 8.821E-02  5.82471151159785E+01
 8.941E-02  5.87418391521762E+01
 9.063E-02  5.92215982197423E+01
 9.187E-02  5.96844845706754E+01
 9.312E-02  6.01286093947967E+01
 9.440E-02  6.05521109550730E+01
 9.568E-02  6.09531628585711E+01
 9.699E-02  6.13299824290357E+01
 9.831E-02  6.16808391451433E+01
 9.966E-02  6.20040631066562E+01
 1.010E-01  6.22980534889859E+01
 1.024E-01  6.25612869450933E+01
 1.038E-01  6.27923259122229E+01
 1.052E-01  6.29898267796994E+01
 1.066E-01  6.31525478729287E+01
 1.081E-01  6.32793572078574E+01
 1.096E-01  6.33692399694627E+01
 1.111E-01  6.34213056673963E+01
 1.126E-01  6.34347949216937E+01
 1.141E-01  6.34090858315079E+01
 1.157E-01  6.33436998801393E+01
 1.173E-01  6.32383073302323E+01
 1.189E-01  6.30927320638965E+01
 1.205E-01  6.29069558237088E+01
 1.221E-01  6.26811218120548E+01
 1.238E-01  6.24155376081012E+01
 1.255E-01  6.21106773638450E+01
 1.272E-01  6.17671832431728E+01
 1.289E-01  6.13858660706881E+01
 1.307E-01  6.09677051602198E+01
 1.325E-01  6.05138472964184E+01
 1.343E-01  6.00256048466626E+01
 1.361E-01  5.95044529846420E+01
 1.380E-01  5.89520260114326E+01
 1.399E-01  5.83701127646318E+01
 1.418E-01  5.77606511111547E+01
 1.437E-01  5.71257215245865E+01
 1.457E-01  5.64675397535240E+01
 1.477E-01  5.57884485930859E+01
 1.497E-01  5.50909087777072E+01
 1.517E-01  5.43774890194138E+01
 1.538E-01  5.36508552219693E+01
 1.559E-01  5.29137589075555E+01
 1.580E-01  5.21690248989439E+01
 1.602E-01  5.14195383063931E+01
 1.624E-01  5.06682308747186E+01
 1.646E-01  4.99180667520682E+01
 1.668E-01  4.91720277478504E+01
 1.691E-01  4.84330981529435E+01
 1.714E-01  4.77042492007043E+01
 1.738E-01  4.69884232523382E+01
 1.761E-01  4.62885177948271E+01
 1.785E-01  4.56073693437864E+01
 1.810E-01  4.49477373472709E+01
 1.834E-01  4.43122881896316E+01
 1.860E-01  4.37035793969735E+01
 1.885E-01  4.31240441475515E+01
 1.911E-01  4.25759761915045E+01
 1.937E-01  4.20615152846471E+01
 1.963E-01  4.15826332405706E+01
 1.990E-01  4.11411207040322E+01
 2.017E-01  4.07385747465130E+01
 2.045E-01  4.03763873818910E+01
 2.073E-01  4.00557350964021E+01
 2.101E-01  3.97775694824532E+01
 2.130E-01  3.95426090604205E+01
 2.159E-01  3.93513323663288E+01
 2.188E-01  3.92039723762950E+01
 2.218E-01  3.91005123308574E+01
 2.248E-01  3.90406830138509E+01
 2.279E-01  3.90239615313682E+01
 2.310E-01  3.90495716266205E+01
 2.342E-01  3.91164855562487E+01
 2.374E-01  3.92234275428920E+01
 2.406E-01  3.93688788076822E+01
 2.439E-01  3.95510841748669E+01
 2.472E-01  3.97680602290741E+01
 2.506E-01  4.00176049938962E+01
 2.540E-01  4.02973090886001E+01
 2.575E-01  4.06045683079665E+01
 2.610E-01  4.09365975586288E+01
 2.646E-01  4.12904460739451E+01
 2.682E-01  4.16630138184974E+01
 2.718E-01  4.20510689828960E+01
 2.755E-01  4.24512664597888E+01
 2.793E-01  4.28601671829357E+01
 2.831E-01  4.32742582030361E+01
 2.870E-01  4.36899733667727E+01
 2.909E-01  4.41037144593617E+01
 2.949E-01  4.45118726658652E+01
 2.989E-01  4.49108502026823E+01
 3.030E-01  4.52970819680655E+01
 3.071E-01  4.56670570592421E+01
 3.113E-01  4.60173400037891E+01
 3.156E-01  4.63445915543240E+01
 3.199E-01  4.66455888983338E+01
 3.242E-01  4.69172451390421E+01
 3.287E-01  4.71566279085812E+01
 3.331E-01  4.73609769813314E+01
 3.377E-01  4.75277207630504E+01
 3.423E-01  4.76544915402599E+01
 3.470E-01  4.77391393841845E+01
 3.517E-01  4.77797446142500E+01
 3.565E-01  4.77746287376283E+01
 3.614E-01  4.77223637934338E+01
 3.663E-01  4.76217800428169E+01
 3.713E-01  4.74719719592205E+01
 3.764E-01  4.72723024863372E+01
 3.815E-01  4.70224055446941E+01
 3.867E-01  4.67221867811728E+01
 3.920E-01  4.63718225690104E+01
 3.974E-01  4.59717572788094E+01
 4.028E-01  4.55226988536976E+01
 4.083E-01  4.50256127339150E+01
 4.139E-01  4.44817141876723E+01
 4.195E-01  4.38924591160423E+01
 4.252E-01  4.32595334098335E+01
 4.311E-01  4.25848409457954E+01
 4.369E-01  4.18704903180693E+01
 4.429E-01  4.11187804084807E+01
 4.489E-01  4.03321849060442E+01
 4.551E-01  3.95133358919015E+01
 4.613E-01  3.86650066108212E+01
 4.676E-01  3.77900935543581E+01
 4.740E-01  3.68915979838021E+01
 4.804E-01  3.59726070231530E+01
 4.870E-01  3.50362744535568E+01
 4.936E-01  3.40858013409388E+01
 5.004E-01  3.31244166280144E+01
 5.072E-01  3.21553578204434E+01
 5.141E-01  3.11818518946749E+01
 5.212E-01  3.02070965520105E+01
 5.283E-01  2.92342419396306E+01
 5.355E-01  2.82663729548121E+01
 5.428E-01  2.73064922433338E+01
 5.502E-01  2.63575039971534E+01
 5.577E-01  2.54221986498738E+01
 5.653E-01  2.45032385613248E+01
 5.731E-01  2.36031447748058E+01
 5.809E-01  2.27242849221938E+01
 5.888E-01  2.18688623432693E+01
 5.969E-01  2.10389064762846E+01
 6.050E-01  2.02362645670528E+01
 6.133E-01  1.94625947337294E+01
 6.216E-01  1.87193604140518E+01
 6.301E-01  1.80078262111803E+01
 6.387E-01  1.73290551435252E+01
 6.474E-01  1.66839072931357E+01
 6.563E-01  1.60730398364895E+01
 6.652E-01  1.54969084309344E+01
 6.743E-01  1.49557699197408E+01
 6.835E-01  1.44496863088183E+01
 6.929E-01  1.39785299587660E+01
 7.023E-01  1.35419899271629E+01
 7.119E-01  1.31395793879830E+01
 7.216E-01  1.27706440478223E+01
 7.315E-01  1.24343714723360E+01
 7.415E-01  1.21298012309668E+01
 7.516E-01  1.18558357637319E+01
 7.618E-01  1.16112518705512E+01
 7.723E-01  1.13947127213272E+01
 7.828E-01  1.12047802837094E+01
 7.935E-01  1.10399280651397E+01
 8.043E-01  1.08985540663290E+01
 8.153E-01  1.07789938446837E+01
 8.264E-01  1.06795335883212E+01
 8.377E-01  1.05984231041131E+01
 8.491E-01  1.05338886266074E+01
 8.607E-01  1.04841453586597E+01
 8.725E-01  1.04474096590889E+01
 8.844E-01  1.04219107976413E+01
 8.965E-01  1.04059022029478E+01
 9.087E-01  1.03976721349878E+01
 9.211E-01  1.03955537197777E+01
 9.337E-01  1.03979342905772E+01
 9.464E-01  1.04032639868012E+01
 9.594E-01  1.04100635690142E+01
 9.725E-01  1.04169314158067E+01
 9.857E-01  1.04225496759688E+01
 9.992E-01  1.04256895571055E+01
 1.013E+00  1.04252157396227E+01
 1.027E+00  1.04200899127705E+01
 1.041E+00  1.04093734370767E+01
 1.055E+00  1.03922291449630E+01
 1.069E+00  1.03679222985221E+01
 1.084E+00  1.03358207302638E+01
 1.099E+00  1.02953941990404E+01
 1.114E+00  1.02462129992656E+01
 1.129E+00  1.01879458668792E+01
 1.144E+00  1.01203572302414E+01
 1.160E+00  1.00433038582080E+01
 1.176E+00  9.95673096102428E+00
 1.192E+00  9.86066780235003E+00
 1.208E+00  9.75522288268645E+00
 1.225E+00  9.64057875572209E+00
 1.241E+00  9.51698653965694E+00
 1.258E+00  9.38476018542883E+00
 1.275E+00  9.24427056298463E+00
 1.293E+00  9.09593942535014E+00
 1.310E+00  8.94023330830471E+00
 1.328E+00  8.77765742101140E+00
 1.347E+00  8.60874958004793E+00
 1.365E+00  8.43407423598834E+00
 1.384E+00  8.25421663806071E+00
 1.402E+00  8.06977717851717E+00
 1.422E+00  7.88136595425805E+00
 1.441E+00  7.68959757901653E+00
 1.461E+00  7.49508627508883E+00
 1.481E+00  7.29844126924594E+00
 1.501E+00  7.10026251313559E+00
 1.521E+00  6.90113674422785E+00
 1.542E+00  6.70163389921465E+00
 1.563E+00  6.50230388778351E+00
 1.584E+00  6.30367373088063E+00
 1.606E+00  6.10624506398740E+00
 1.628E+00  5.91049200258063E+00
 1.650E+00  5.71685936384958E+00
 1.673E+00  5.52576123591573E+00
 1.696E+00  5.33757988325489E+00
 1.719E+00  5.15266497476137E+00
 1.742E+00  4.97133311892230E+00
 1.766E+00  4.79386768888668E+00
 1.790E+00  4.62051891881326E+00
 1.815E+00  4.45150425175797E+00
 1.839E+00  4.28700891850521E+00
 1.864E+00  4.12718672614808E+00
 1.890E+00  3.97216103486620E+00
 1.916E+00  3.82202590122340E+00
 1.942E+00  3.67684736639414E+00
 1.968E+00  3.53666486801231E+00
 1.995E+00  3.40149275480086E+00
 2.022E+00  3.27132188376792E+00
 2.050E+00  3.14612128052796E+00
 2.078E+00  3.02583984420523E+00
 2.106E+00  2.91040807938484E+00
 2.135E+00  2.79973983867573E+00
 2.164E+00  2.69373406062167E+00
 2.194E+00  2.59227648892508E+00
 2.224E+00  2.49524136021630E+00
 2.254E+00  2.40249304889314E+00
 2.285E+00  2.31388765885622E+00
 2.316E+00  2.22927455326109E+00
 2.348E+00  2.14849781468582E+00
 2.380E+00  2.07139762935903E+00
 2.412E+00  1.99781159029985E+00
 2.445E+00  1.92757591537629E+00
 2.479E+00  1.86052657738481E+00
 2.513E+00  1.79650034428490E+00
 2.547E+00  1.73533572868136E+00
 2.582E+00  1.67687384653117E+00
 2.617E+00  1.62095918585622E+00
 2.653E+00  1.56744028696869E+00
 2.689E+00  1.51617033635873E+00
 2.725E+00  1.46700767695813E+00
 2.763E+00  1.41981623797713E+00
 2.800E+00  1.37446588791952E+00
 2.839E+00  1.33083271471457E+00
 2.877E+00  1.28879923716823E+00
 2.917E+00  1.24825455213396E+00
 2.956E+00  1.20909442194024E+00
 2.997E+00  1.17122130669214E+00
 3.038E+00  1.13454434609320E+00
 3.079E+00  1.09897929541678E+00
 3.121E+00  1.06444842019751E+00
 3.164E+00  1.03088035411881E+00
 3.207E+00  9.98209924447150E-01
 3.251E+00  9.66377949210921E-01
 3.295E+00  9.35331010148049E-01
 3.340E+00  9.05021205254082E-01
 3.386E+00  8.75405884556693E-01
 3.432E+00  8.46447372526336E-01
 3.479E+00  8.18112680309684E-01
 3.526E+00  7.90373210745568E-01
 3.575E+00  7.63204458894930E-01
 3.623E+00  7.36585710589424E-01
 3.673E+00  7.10499741279666E-01
 3.723E+00  6.84932517245717E-01
 3.774E+00  6.59872901020582E-01
 3.825E+00  6.35312362673720E-01
 3.878E+00  6.11244698406709E-01
 3.930E+00  5.87665757728191E-01
 3.984E+00  5.64573180300514E-01
 4.039E+00  5.41966143386551E-01
 4.094E+00  5.19845120672176E-01
 4.150E+00  4.98211653097843E-01
 4.206E+00  4.77068132201527E-01
 4.264E+00  4.56417596354790E-01
 4.322E+00  4.36263540163421E-01
 4.381E+00  4.16609737203758E-01
 4.441E+00  3.97460076174677E-01
 4.501E+00  3.78818410462992E-01
 4.563E+00  3.60688421045876E-01
 4.625E+00  3.43073492587374E-01
 4.688E+00  3.25976602526454E-01
 4.752E+00  3.09400222900716E-01
 4.817E+00  2.93346234602225E-01
 4.883E+00  2.77815853719449E-01
 4.950E+00  2.62809569581295E-01
 5.017E+00  2.48327094085422E-01
 5.086E+00  2.34367321862779E-01
 5.155E+00  2.20928300803400E-01
 5.225E+00  2.08007212444474E-01
 5.297E+00  1.95600361700475E-01
 5.369E+00  1.83703175396302E-01
 5.442E+00  1.72310209047986E-01
 5.517E+00  1.61415161321400E-01
 5.592E+00  1.51010895587524E-01
 5.668E+00  1.41089467983197E-01
 5.746E+00  1.31642161379094E-01
 5.824E+00  1.22659524651693E-01
 5.904E+00  1.14131416653754E-01
 5.984E+00  1.06047054278020E-01
 6.066E+00  9.83950640119364E-02
 6.149E+00  9.11635363870116E-02
 6.233E+00  8.43400827353163E-02
 6.318E+00  7.79118936774446E-02
 6.404E+00  7.18657987812166E-02
 6.491E+00  6.61883268484185E-02
 6.580E+00  6.08657663079565E-02
 6.670E+00  5.58842252178695E-02
 6.761E+00  5.12296904055738E-02
 6.853E+00  4.68880853053450E-02
 6.947E+00  4.28453260841676E-02
 7.042E+00  3.90873756814244E-02
 7.138E+00  3.56002954241833E-02
 7.235E+00  3.23702939177151E-02
 7.334E+00  2.93837729499900E-02
 7.434E+00  2.66273701888416E-02
 7.536E+00  2.40879984908686E-02
 7.639E+00  2.17528816815187E-02
 7.743E+00  1.96095867057720E-02
 7.849E+00  1.76460520879679E-02
 7.956E+00  1.58506126772131E-02
 8.064E+00  1.42120206910806E-02
 8.174E+00  1.27194631045952E-02
 8.286E+00  1.13625754634992E-02
 8.399E+00  1.01314522301876E-02
 8.514E+00  9.01665379729213E-03
 8.630E+00  8.00921032745813E-03
 8.748E+00  7.10062259827344E-03
 8.867E+00  6.28286004847497E-03
 8.988E+00  5.54835623543855E-03
 9.111E+00  4.89000192456242E-03
 9.235E+00  4.30113603854023E-03
 9.362E+00  3.77553469878999E-03
 9.489E+00  3.30739859260346E-03
 9.619E+00  2.89133889808902E-03
 9.750E+00  2.52236199490607E-03
 9.883E+00  2.19585318237424E-03
 1.002E+01  1.90755961804087E-03
 1.016E+01  1.65357267947863E-03
 1.029E+01  1.43030994024184E-03
 1.043E+01  1.23449693782042E-03
 1.058E+01  1.06314889737517E-03
 1.072E+01  9.13552560293369E-04
 1.087E+01  7.83248251430879E-04
 1.102E+01  6.70012303557487E-04
 1.117E+01  5.71839942220480E-04
 1.132E+01  4.86928719200850E-04
 1.147E+01  4.13662568138947E-04
 1.163E+01  3.50596541914032E-04
 1.179E+01  2.96442278109988E-04
 1.195E+01  2.50054226498159E-04
 1.211E+01  2.10416661003292E-04
 1.228E+01  1.76631488151525E-04
 1.245E+01  1.47906854569390E-04
 1.262E+01  1.23546547727387E-04
 1.279E+01  1.02940176800167E-04
 1.296E+01  8.55541142293724E-05
 1.314E+01  7.09231732916326E-05
 1.332E+01  5.86429926477113E-05
 1.350E+01  4.83630954235463E-05
 1.368E+01  3.97805877863323E-05
 1.387E+01  3.26344601590406E-05
 1.406E+01  2.67004530917454E-05
 1.425E+01  2.17864493022748E-05
 1.445E+01  1.77283534363142E-05
 1.464E+01  1.43864216035266E-05
 1.484E+01  1.16420036492565E-05
 1.505E+01  9.39466235206964E-06
 1.525E+01  7.55963523101308E-06
 1.546E+01  6.06560634328052E-06
 1.567E+01  4.85275729831184E-06
 1.589E+01  3.87106865920416E-06
 1.610E+01  3.07884490322883E-06
 1.632E+01  2.44143813249262E-06
 1.655E+01  1.93014773103630E-06
 1.677E+01  1.52127512889801E-06
 1.700E+01  1.19531473478237E-06
 1.723E+01  9.36263919499260E-07
 1.747E+01  7.31036658955187E-07
 1.771E+01  5.68967068619371E-07
 1.795E+01  4.41390575311905E-07
 1.819E+01  3.41294357124130E-07
 1.844E+01  2.63038287191385E-07
 1.869E+01  2.02060104041623E-07
 1.895E+01  1.54702840038204E-07
 1.921E+01  1.18047358132903E-07
 1.947E+01  8.97714996946228E-08
 1.974E+01  6.80344137002701E-08
 2.000E+01  5.13819145020501E-08
 2.028E+01  3.86693318516915E-08
 2.055E+01  2.89988547397786E-08
 2.084E+01  2.16688374325881E-08
 2.112E+01  1.61329393021083E-08
 2.141E+01  1.19673166405674E-08
 2.170E+01  8.84438115657226E-09
 2.200E+01  6.51189230026649E-09
 2.230E+01  4.77636448912380E-09
 2.260E+01  3.48995072884171E-09
 2.291E+01  2.54011557582581E-09
 2.322E+01  1.84153692346641E-09
 2.354E+01  1.32978131641795E-09
 2.386E+01  9.56384584416620E-10
 2.419E+01  6.85041326344988E-10
 2.452E+01  4.88665592908177E-10
 2.485E+01  3.47133112260060E-10
 2.519E+01  2.45554382964643E-10
 2.554E+01  1.72959466195331E-10
 2.588E+01  1.21300655291531E-10
 2.624E+01  8.46994930937708E-11
 2.660E+01  5.88807756129680E-11
 2.696E+01  4.07490006319408E-11
 2.733E+01  2.80728358583865E-11
 2.770E+01  1.92511247099853E-11
 2.808E+01  1.31401547593848E-11
 2.846E+01  8.92674003247169E-12
 2.885E+01  6.03540231105594E-12
 2.924E+01  4.06081111535203E-12
 2.964E+01  2.71884384086810E-12
 3.005E+01  1.81130551555605E-12
 3.046E+01  1.20061993360892E-12
 3.087E+01  7.91763657070839E-13
 3.130E+01  5.19434600233282E-13
 3.172E+01  3.38984583588015E-13
 3.216E+01  2.20044528230042E-13
 3.259E+01  1.42065907595199E-13
 3.304E+01  9.12187831734709E-14
 3.349E+01  5.82451193817150E-14
 3.395E+01  3.69811771864770E-14
 3.441E+01  2.33459863354430E-14
 3.488E+01  1.46527018746886E-14
 3.536E+01  9.14239936851686E-15
 3.584E+01  5.67024679054553E-15
 3.633E+01  3.49546254888810E-15
 3.683E+01  2.14155484611491E-15
 3.733E+01  1.30387470559059E-15
 3.784E+01  7.88831431578494E-16
 3.835E+01  4.74168985054361E-16
 3.888E+01  2.83165867451429E-16
 3.941E+01  1.67982890786217E-16
 3.995E+01  9.89834288106450E-17
 4.049E+01  5.79281264626819E-17
 4.104E+01  3.36667827838280E-17
 4.161E+01  1.94291522572664E-17
 4.217E+01  1.11326998951679E-17
 4.275E+01  6.33279238174899E-18
 4.333E+01  3.57594766198122E-18
 4.392E+01  2.00419815447154E-18
 4.452E+01  1.11479654281607E-18
 4.513E+01  6.15328894714423E-19
 4.575E+01  3.36997387184404E-19
 4.637E+01  1.83106468014092E-19
 4.701E+01  9.86936002813110E-20
 4.765E+01  5.27634195312785E-20
 4.830E+01  2.79760942116093E-20
 4.896E+01  1.47097659744660E-20
 4.963E+01  7.66918838553476E-21
 5.030E+01  3.96452628138262E-21
 5.099E+01  2.03203602179372E-21
 5.169E+01  1.03282010780558E-21
 5.239E+01  5.20762680105802E-22
 5.311E+01  2.60724312175952E-22
 5.383E+01  1.29880809992358E-22
 5.457E+01  6.46612455509440E-23
 5.531E+01  3.24698981324117E-23
 5.607E+01  0.00000000000000E+00
 5.683E+01  0.00000000000000E+00
 5.761E+01  0.00000000000000E+00
 5.839E+01  0.00000000000000E+00
 5.919E+01  0.00000000000000E+00
 6.000E+01  0.00000000000000E+00
