./ilogA is logfile.
./chgdenBr calculation starts
rmin,rmax=  2.86E-08  3.38E+01
   4844.22174919  -2266.37482694      0.30000000    1
    427.81957757  -2446.11103289      0.30000000    1
    263.46024574  -2536.45548157      0.30000000    1
    157.33055616  -2576.97824347      0.30000000    1
     90.89101224  -2592.79581359      0.30000000    1
     50.98609442  -2598.15369593      0.30000000    1
     28.17839678  -2599.82971385      0.30000000    1
     15.71388897  -2600.37721908      0.30000000    1
      9.02658875  -2600.57442457      0.30000000    1
      5.37813499  -2600.64793038      0.30000000    1
      3.31256429  -2600.67449954      0.30000000    1
      2.09706579  -2600.68368889      0.30000000    1
      1.35715923  -2600.68679473      0.30000000    1
      0.89324035  -2600.68785542      0.30000000    1
      0.59493924  -2600.68823295      0.30000000    1
      0.39931918  -2600.68837568      0.30000000    1
      0.26925929  -2600.68843318      0.30000000    1
      0.18203453  -2600.68845766      0.30000000    1
      0.12324258  -2600.68846852      0.30000000    1
      0.08350713  -2600.68847347      0.30000000    1
      0.05661324  -2600.68847578      0.30000000    1
      0.03839717  -2600.68847686      0.30000000    1
      0.02605324  -2600.68847738      0.30000000    1
      0.01768551  -2600.68847762      0.30000000    1
      0.01201114  -2600.68847774      0.30000000    1
      0.00816164  -2600.68847780      0.30000000    1
      0.00554897  -2600.68847782      0.30000000    1
      0.00377484  -2600.68847784      0.30000000    1
      0.00256946  -2600.68847784      0.30000000    1
      0.00175003  -2600.68847785      0.30000000    1
      0.00119264  -2600.68847785      0.30000000    1
      0.00081327  -2600.68847785      0.30000000    1
      0.00055490  -2600.68847785      0.30000000    1
      0.00037883  -2600.68847785      0.30000000    1
      0.00000000  -2600.68847785      1.00000000    2
      0.00000000  -2600.68847785      1.00000000    3
    1   0 0  -1/2   1    2.0000       -486.764816
    2   0 0  -1/2   1    2.0000        -63.404617
    2   1 1  -1/2   1    2.0000        -57.203335
    2   1 1  -3/2   1    4.0000        -55.470407
    3   0 0  -1/2   1    2.0000         -8.691848
    3   1 1  -1/2   1    2.0000         -6.524625
    3   1 1  -3/2   1    4.0000         -6.274330
    3   2 2  -3/2   1    4.0000         -2.487191
    3   2 2  -5/2   1    6.0000         -2.447301
    4   0 0  -1/2   1    2.0000         -0.745007
    4   1 1  -1/2   1    1.6667         -0.306774
    4   1 1  -3/2   1    3.3333         -0.288097
 total energy =   -2.60068847784874E+03 -7.07683744461332E+04
