line2: Z,NR,R(1),R(NR) /line3,4,...: R(N),RHO*4*PI*R(N)**2
61.00  2000  1.01365245284744E-10  6.00000000000000E+01
 1.014E-10  1.02235302216662E-12
 1.027E-10  1.04748489387151E-12
 1.042E-10  1.07323456683395E-12
 1.056E-10  1.23079666849218E-12
 1.070E-10  1.26105258136967E-12
 1.085E-10  1.29205225664844E-12
 1.100E-10  1.32381397774594E-12
 1.115E-10  1.35635647757913E-12
 1.130E-10  1.38969894954361E-12
 1.145E-10  1.42386105885982E-12
 1.161E-10  1.45886295416521E-12
 1.177E-10  1.49472527939880E-12
 1.193E-10  1.53146918597685E-12
 1.209E-10  1.56911634526772E-12
 1.226E-10  1.60768896137360E-12
 1.242E-10  1.64720978422642E-12
 1.259E-10  1.68770212300561E-12
 1.276E-10  1.72918985988567E-12
 1.294E-10  1.77169746412179E-12
 1.312E-10  1.81525000648168E-12
 1.329E-10  1.85987317403226E-12
 1.348E-10  1.90559328528968E-12
 1.366E-10  1.95243730574197E-12
 1.385E-10  2.00043286375280E-12
 1.404E-10  2.04960826685696E-12
 1.423E-10  2.09999251845599E-12
 1.442E-10  2.15161533492377E-12
 1.462E-10  2.20450716313348E-12
 1.482E-10  2.25869919841500E-12
 1.502E-10  2.31422340295367E-12
 1.523E-10  2.37111252464141E-12
 1.543E-10  2.42940011639122E-12
 1.564E-10  2.48912055592665E-12
 1.586E-10  2.55030906605751E-12
 1.607E-10  2.61300173545399E-12
 1.629E-10  2.67723553993190E-12
 1.652E-10  2.74304836426053E-12
 1.674E-10  2.81047902450688E-12
 1.697E-10  2.87956729092940E-12
 1.720E-10  2.95035391143417E-12
 1.744E-10  3.02288063560766E-12
 1.767E-10  3.09719023934066E-12
 1.792E-10  3.17332655005724E-12
 1.816E-10  3.25133447256361E-12
 1.841E-10  3.33126001553335E-12
 1.866E-10  3.41315031864257E-12
 1.891E-10  3.49705368037262E-12
 1.917E-10  3.58301958649674E-12
 1.943E-10  3.67109873926637E-12
 1.970E-10  3.76134308731467E-12
 1.997E-10  3.85380585629587E-12
 2.024E-10  3.94854158027772E-12
 2.052E-10  4.04560613390493E-12
 2.080E-10  4.14505676535398E-12
 2.108E-10  4.24695213009788E-12
 2.137E-10  4.35135232550088E-12
 2.166E-10  4.45831892626305E-12
 2.196E-10  4.56791502073740E-12
 2.226E-10  4.68020524813896E-12
 2.256E-10  4.79525583666810E-12
 2.287E-10  4.91313464257258E-12
 2.318E-10  5.03391119016793E-12
 2.350E-10  5.15765671284223E-12
 2.382E-10  5.28444419507064E-12
 2.414E-10  5.41434841546012E-12
 2.447E-10  5.54744599085367E-12
 2.481E-10  5.68381542151856E-12
 2.515E-10  5.82353713744547E-12
 2.549E-10  5.96669354578583E-12
 2.584E-10  6.11336907945476E-12
 2.619E-10  6.26365024692947E-12
 2.655E-10  6.41762568327152E-12
 2.691E-10  6.57538620240299E-12
 2.728E-10  6.73702485066823E-12
 2.765E-10  6.90263696171251E-12
 2.803E-10  7.07232021270836E-12
 2.841E-10  7.24617468196633E-12
 2.880E-10  7.42430290795956E-12
 2.919E-10  7.60680994980064E-12
 2.959E-10  7.79380344920614E-12
 2.999E-10  7.98539369398132E-12
 3.040E-10  8.18169368306775E-12
 3.082E-10  8.38281919319055E-12
 3.124E-10  8.58888884714247E-12
 3.166E-10  8.80002418374600E-12
 3.210E-10  9.01634972953745E-12
 3.253E-10  9.23799307221160E-12
 3.298E-10  9.46508493587254E-12
 3.343E-10  9.69775925813383E-12
 3.389E-10  9.93615326911347E-12
 3.435E-10  1.01804075723736E-11
 3.482E-10  1.04306662278457E-11
 3.529E-10  1.06870768367967E-11
 3.577E-10  1.09497906288850E-11
 3.626E-10  1.12189625513526E-11
 3.676E-10  1.14947513604135E-11
 3.726E-10  1.17773197148881E-11
 3.777E-10  1.20668342721366E-11
 3.828E-10  1.23634657863543E-11
 3.881E-10  1.26673892092803E-11
 3.934E-10  1.29787837933835E-11
 3.987E-10  1.32978331975852E-11
 4.042E-10  1.36247255955797E-11
 4.097E-10  1.39596537868195E-11
 4.153E-10  1.43028153102251E-11
 4.210E-10  1.46544125606928E-11
 4.267E-10  1.50146529084686E-11
 4.325E-10  1.53837488214520E-11
 4.384E-10  1.57619179905074E-11
 4.444E-10  1.61493834578602E-11
 4.505E-10  1.65463737486430E-11
 4.566E-10  1.69531230056810E-11
 4.629E-10  1.73698711275863E-11
 4.692E-10  1.77968639102486E-11
 4.756E-10  1.82343531918069E-11
 4.821E-10  1.86825970011795E-11
 4.887E-10  1.91418597102489E-11
 4.953E-10  1.96124121897877E-11
 5.021E-10  2.00945319692169E-11
 5.090E-10  2.05885034002900E-11
 5.159E-10  2.10946178248014E-11
 5.230E-10  2.16131737464227E-11
 5.301E-10  2.21444770067540E-11
 5.373E-10  2.26888409657087E-11
 5.447E-10  2.32465866863326E-11
 5.521E-10  2.38180431241651E-11
 5.596E-10  2.44035473212541E-11
 5.673E-10  2.50034446049433E-11
 5.750E-10  2.56180887915433E-11
 5.829E-10  2.62478423950097E-11
 5.908E-10  2.68930768407544E-11
 5.989E-10  2.75541726847101E-11
 6.071E-10  2.82315198377774E-11
 6.154E-10  2.89255177957939E-11
 6.238E-10  2.96365758751547E-11
 6.323E-10  3.03651134542248E-11
 6.409E-10  3.11115602206882E-11
 6.497E-10  3.18763564249730E-11
 6.585E-10  3.26599531399076E-11
 6.675E-10  3.34628125267651E-11
 6.766E-10  3.42854081078399E-11
 6.859E-10  3.51282250457301E-11
 6.952E-10  3.59917604294846E-11
 7.047E-10  3.68765235677824E-11
 7.144E-10  3.77830362893195E-11
 7.241E-10  3.87118332505820E-11
 7.340E-10  3.96634622511841E-11
 7.440E-10  4.06384845569556E-11
 7.542E-10  4.16374752309729E-11
 7.645E-10  4.26610234727328E-11
 7.749E-10  4.37097329656547E-11
 7.855E-10  4.47842222331297E-11
 7.962E-10  4.58851250033261E-11
 8.071E-10  4.70130905829520E-11
 8.181E-10  4.81687842402227E-11
 8.293E-10  4.93528875972247E-11
 8.406E-10  5.05660990319353E-11
 8.521E-10  5.18091340901213E-11
 8.637E-10  5.30827259073620E-11
 8.755E-10  5.43876256414597E-11
 8.874E-10  5.57246029154510E-11
 8.996E-10  5.70944462715363E-11
 9.118E-10  5.84979636361653E-11
 9.243E-10  5.99359827965276E-11
 9.369E-10  6.14093518887937E-11
 9.497E-10  6.29189398983383E-11
 9.627E-10  6.44656371722558E-11
 9.758E-10  6.60503559444904E-11
 9.891E-10  6.76740308738622E-11
 1.003E-09  6.93376195953248E-11
 1.016E-09  7.10421032847736E-11
 1.030E-09  7.27884872377405E-11
 1.044E-09  7.45778014623020E-11
 1.059E-09  7.64111012865856E-11
 1.073E-09  7.82894679811897E-11
 1.088E-09  8.02140093969069E-11
 1.102E-09  8.21858606181347E-11
 1.118E-09  8.42061846323444E-11
 1.133E-09  8.62761730160018E-11
 1.148E-09  8.83970466373413E-11
 1.164E-09  9.05700563764420E-11
 1.180E-09  9.27964838629910E-11
 1.196E-09  9.50776422321686E-11
 1.212E-09  9.74148768991316E-11
 1.229E-09  9.98095663525428E-11
 1.246E-09  1.02263122967588E-10
 1.263E-09  1.04776993838986E-10
 1.280E-09  1.07352661634474E-10
 1.297E-09  1.09991645469283E-10
 1.315E-09  1.12695501802110E-10
 1.333E-09  1.15465825353083E-10
 1.351E-09  1.18304250044348E-10
 1.370E-09  1.21212449963741E-10
 1.388E-09  1.24192140352122E-10
 1.407E-09  1.27245078615071E-10
 1.426E-09  1.30373065359354E-10
 1.446E-09  1.33577945454915E-10
 1.466E-09  1.36861609122991E-10
 1.486E-09  1.40225993050930E-10
 1.506E-09  1.43673081534458E-10
 1.527E-09  1.47204907647992E-10
 1.547E-09  1.50823554443742E-10
 1.568E-09  1.54531156180281E-10
 1.590E-09  1.58329899581311E-10
 1.612E-09  1.62222025125406E-10
 1.634E-09  1.66209828367396E-10
 1.656E-09  1.70295661292296E-10
 1.679E-09  1.74481933702506E-10
 1.701E-09  1.78771114639060E-10
 1.725E-09  1.83165733837887E-10
 1.748E-09  1.87668383221821E-10
 1.772E-09  1.92281718429291E-10
 1.796E-09  1.97008460380634E-10
 1.821E-09  2.01851396882832E-10
 1.846E-09  2.06813384273784E-10
 1.871E-09  2.11897349106958E-10
 1.896E-09  2.17106289877408E-10
 1.922E-09  2.22443278790315E-10
 1.949E-09  2.27911463572954E-10
 1.975E-09  2.33514069331182E-10
 2.002E-09  2.39254400451601E-10
 2.029E-09  2.45135842550465E-10
 2.057E-09  2.51161864470477E-10
 2.085E-09  2.57336020326735E-10
 2.114E-09  2.63661951602893E-10
 2.143E-09  2.70143389298885E-10
 2.172E-09  2.76784156131468E-10
 2.201E-09  2.83588168788834E-10
 2.232E-09  2.90559440240635E-10
 2.262E-09  2.97702082104812E-10
 2.293E-09  3.05020307072614E-10
 2.324E-09  3.12518431393221E-10
 2.356E-09  3.20200877419415E-10
 2.388E-09  3.28072176215875E-10
 2.421E-09  3.36136970231590E-10
 2.454E-09  3.44400016037909E-10
 2.487E-09  3.52866187133985E-10
 2.521E-09  3.61540476821083E-10
 2.556E-09  3.70428001147631E-10
 2.590E-09  3.79534001926624E-10
 2.626E-09  3.88863849827229E-10
 2.662E-09  3.98423047542355E-10
 2.698E-09  4.08217233034117E-10
 2.735E-09  4.18252182859065E-10
 2.772E-09  4.28533815575172E-10
 2.810E-09  4.39068195232539E-10
 2.848E-09  4.49861534949972E-10
 2.887E-09  4.60920200579432E-10
 2.927E-09  4.72250714460490E-10
 2.967E-09  4.83859759267333E-10
 3.007E-09  4.95754181950020E-10
 3.048E-09  5.07940997772820E-10
 3.090E-09  5.20427394451750E-10
 3.132E-09  5.33220736393906E-10
 3.175E-09  5.46328569040888E-10
 3.218E-09  5.59758623319027E-10
 3.262E-09  5.73518820199127E-10
 3.307E-09  5.87617275368120E-10
 3.352E-09  6.02062304015728E-10
 3.398E-09  6.16862425738604E-10
 3.444E-09  6.32026369565200E-10
 3.491E-09  6.47563079104113E-10
 3.539E-09  6.63481717818934E-10
 3.587E-09  6.79791674432785E-10
 3.636E-09  6.96502568465763E-10
 3.685E-09  7.13624255908459E-10
 3.736E-09  7.31166835034936E-10
 3.787E-09  7.49140652358670E-10
 3.838E-09  7.67556308734797E-10
 3.891E-09  7.86424665612498E-10
 3.944E-09  8.05756851440946E-10
 3.998E-09  8.25564268232794E-10
 4.052E-09  8.45858598289074E-10
 4.108E-09  8.66651811089286E-10
 4.164E-09  8.87956170350910E-10
 4.221E-09  9.09784241262505E-10
 4.278E-09  9.32148897894573E-10
 4.337E-09  9.55063330792494E-10
 4.396E-09  9.78541054756409E-10
 4.456E-09  1.00259591681201E-09
 4.517E-09  1.02724210437742E-09
 4.578E-09  1.05249415363093E-09
 4.641E-09  1.07836695808424E-09
 4.704E-09  1.10487577736671E-09
 4.769E-09  1.13203624622515E-09
 4.834E-09  1.15986438374526E-09
 4.900E-09  1.18837660279952E-09
 4.967E-09  1.21758971972738E-09
 5.034E-09  1.24752096425349E-09
 5.103E-09  1.27818798964951E-09
 5.173E-09  1.30960888314609E-09
 5.243E-09  1.34180217660044E-09
 5.315E-09  1.37478685742630E-09
 5.388E-09  1.40858237979260E-09
 5.461E-09  1.44320867609762E-09
 5.536E-09  1.47868616872455E-09
 5.611E-09  1.51503578208667E-09
 5.688E-09  1.55227895496854E-09
 5.765E-09  1.59043765317029E-09
 5.844E-09  1.62953438246292E-09
 5.924E-09  1.66959220186197E-09
 6.005E-09  1.71063473722776E-09
 6.087E-09  1.75268619519953E-09
 6.170E-09  1.79577137747239E-09
 6.254E-09  1.83991569542539E-09
 6.340E-09  1.88514518510873E-09
 6.426E-09  1.93148652259947E-09
 6.514E-09  1.97896703973522E-09
 6.603E-09  2.02761474023425E-09
 6.693E-09  2.07745831621151E-09
 6.784E-09  2.12852716510137E-09
 6.877E-09  2.18085140699600E-09
 6.971E-09  2.23446190240958E-09
 7.066E-09  2.28939027048009E-09
 7.162E-09  2.34566890761773E-09
 7.260E-09  2.40333100661210E-09
 7.359E-09  2.46241057620903E-09
 7.460E-09  2.52294246116894E-09
 7.562E-09  2.58496236281767E-09
 7.665E-09  2.64850686010287E-09
 7.770E-09  2.71361343116826E-09
 7.876E-09  2.78032047545752E-09
 7.983E-09  2.84866733636237E-09
 8.092E-09  2.91869432442663E-09
 8.203E-09  2.99044274112137E-09
 8.315E-09  3.06395490320398E-09
 8.428E-09  3.13927416767621E-09
 8.543E-09  3.21644495735606E-09
 8.660E-09  3.29551278707762E-09
 8.778E-09  3.37652429053544E-09
 8.898E-09  3.45952724778884E-09
 9.019E-09  3.54457061344214E-09
 9.142E-09  3.63170454551760E-09
 9.267E-09  3.72098043503796E-09
 9.394E-09  3.81245093633694E-09
 9.522E-09  3.90616999811410E-09
 9.652E-09  4.00219289525300E-09
 9.784E-09  4.10057626142233E-09
 9.917E-09  4.20137812247752E-09
 1.005E-08  4.30465793068423E-09
 1.019E-08  4.41047659978260E-09
 1.033E-08  4.51889654091334E-09
 1.047E-08  4.62998169942790E-09
 1.061E-08  4.74379759260242E-09
 1.076E-08  4.86041134827929E-09
 1.090E-08  4.97989174445830E-09
 1.105E-08  5.10230924986193E-09
 1.120E-08  5.22773606549661E-09
 1.136E-08  5.35624616723616E-09
 1.151E-08  5.48791534945234E-09
 1.167E-08  5.62282126971756E-09
 1.183E-08  5.76104349460658E-09
 1.199E-08  5.90266354662411E-09
 1.215E-08  6.04776495228583E-09
 1.232E-08  6.19643329138166E-09
 1.249E-08  6.34875624745004E-09
 1.266E-08  6.50482365949255E-09
 1.283E-08  6.66472757496021E-09
 1.301E-08  6.82856230404227E-09
 1.318E-08  6.99642447528909E-09
 1.336E-08  7.16841309260253E-09
 1.355E-08  7.34462959362851E-09
 1.373E-08  7.52517790958242E-09
 1.392E-08  7.71016452654748E-09
 1.411E-08  7.89969854827966E-09
 1.430E-08  8.09389176055495E-09
 1.450E-08  8.29285869709945E-09
 1.470E-08  8.49671670714093E-09
 1.490E-08  8.70558602461973E-09
 1.510E-08  8.91958983910094E-09
 1.531E-08  9.13885436843147E-09
 1.551E-08  9.36350893318064E-09
 1.573E-08  9.59368603291309E-09
 1.594E-08  9.82952142433478E-09
 1.616E-08  1.00711542013608E-08
 1.638E-08  1.03187268771527E-08
 1.660E-08  1.05723854681694E-08
 1.683E-08  1.08322795802869E-08
 1.706E-08  1.10985624970335E-08
 1.729E-08  1.13713912699961E-08
 1.753E-08  1.16509268114459E-08
 1.777E-08  1.19373339892426E-08
 1.801E-08  1.22307817240725E-08
 1.826E-08  1.25314430890759E-08
 1.851E-08  1.28394954119217E-08
 1.876E-08  1.31551203793954E-08
 1.901E-08  1.34785041445553E-08
 1.927E-08  1.38098374365208E-08
 1.954E-08  1.41493156729656E-08
 1.980E-08  1.44971390753711E-08
 2.007E-08  1.48535127871134E-08
 2.035E-08  1.52186469944562E-08
 2.063E-08  1.55927570505144E-08
 2.091E-08  1.59760636022676E-08
 2.119E-08  1.63687927206944E-08
 2.148E-08  1.67711760341050E-08
 2.178E-08  1.71834508647555E-08
 2.207E-08  1.76058603688140E-08
 2.237E-08  1.80386536797727E-08
 2.268E-08  1.84820860553836E-08
 2.299E-08  1.89364190282043E-08
 2.330E-08  1.94019205598492E-08
 2.362E-08  1.98788651990262E-08
 2.394E-08  2.03675342434632E-08
 2.427E-08  2.08682159058141E-08
 2.460E-08  2.13812054836430E-08
 2.494E-08  2.19068055335829E-08
 2.528E-08  2.24453260497822E-08
 2.562E-08  2.29970846467364E-08
 2.597E-08  2.35624067466084E-08
 2.633E-08  2.41416257711581E-08
 2.669E-08  2.47350833383938E-08
 2.705E-08  2.53431294640473E-08
 2.742E-08  2.59661227680114E-08
 2.779E-08  2.66044306858495E-08
 2.817E-08  2.72584296854998E-08
 2.856E-08  2.79285054893116E-08
 2.895E-08  2.86150533015392E-08
 2.934E-08  2.93184780414268E-08
 2.974E-08  3.00391945820209E-08
 3.015E-08  3.07776279948583E-08
 3.056E-08  3.15342138006652E-08
 3.098E-08  3.23093982262214E-08
 3.140E-08  3.31036384675345E-08
 3.183E-08  3.39174029594864E-08
 3.227E-08  3.47511716521137E-08
 3.271E-08  3.56054362936666E-08
 3.315E-08  3.64807007206363E-08
 3.361E-08  3.73774811549124E-08
 3.406E-08  3.82963065082348E-08
 3.453E-08  3.92377186941399E-08
 3.500E-08  4.02022729475729E-08
 3.548E-08  4.11905381523506E-08
 3.596E-08  4.22030971766838E-08
 3.645E-08  4.32405472169378E-08
 3.695E-08  4.43035001498483E-08
 3.746E-08  4.53925828933956E-08
 3.797E-08  4.65084377765472E-08
 3.849E-08  4.76517229180946E-08
 3.901E-08  4.88231126147942E-08
 3.954E-08  5.00232977390564E-08
 4.008E-08  5.12529861464083E-08
 4.063E-08  5.25129030929705E-08
 4.119E-08  5.38037916631999E-08
 4.175E-08  5.51264132081476E-08
 4.232E-08  5.64815477944839E-08
 4.290E-08  5.78699946645642E-08
 4.348E-08  5.92925727078116E-08
 4.408E-08  6.07501209436715E-08
 4.468E-08  6.22434990164545E-08
 4.529E-08  6.37735877023325E-08
 4.591E-08  6.53412894287973E-08
 4.653E-08  6.69475288068987E-08
 4.717E-08  6.85932531765550E-08
 4.781E-08  7.02794331652708E-08
 4.846E-08  7.20070632605954E-08
 4.913E-08  7.37771623966443E-08
 4.980E-08  7.55907745550393E-08
 5.048E-08  7.74489693806356E-08
 5.117E-08  7.93528428123606E-08
 5.186E-08  8.13035177295695E-08
 5.257E-08  8.33021446143040E-08
 5.329E-08  8.53499022298105E-08
 5.402E-08  8.74479983157476E-08
 5.475E-08  8.95976703004726E-08
 5.550E-08  9.18001860308512E-08
 5.626E-08  9.40568445200028E-08
 5.703E-08  9.63689767134129E-08
 5.781E-08  9.87379462739051E-08
 5.860E-08  1.01165150385876E-07
 5.940E-08  1.03652020579328E-07
 6.021E-08  1.06200023574140E-07
 6.103E-08  1.08810662145102E-07
 6.186E-08  1.11485476008204E-07
 6.271E-08  1.14226042728715E-07
 6.356E-08  1.17033978651598E-07
 6.443E-08  1.19910939854767E-07
 6.531E-08  1.22858623125803E-07
 6.620E-08  1.25878766962664E-07
 6.711E-08  1.28973152598996E-07
 6.802E-08  1.32143605054661E-07
 6.895E-08  1.35391994212059E-07
 6.989E-08  1.38720235918937E-07
 7.085E-08  1.42130293118310E-07
 7.181E-08  1.45624177006111E-07
 7.279E-08  1.49203948217351E-07
 7.379E-08  1.52871718041401E-07
 7.479E-08  1.56629649667178E-07
 7.582E-08  1.60479959458903E-07
 7.685E-08  1.64424918263231E-07
 7.790E-08  1.68466852748554E-07
 7.896E-08  1.72608146777153E-07
 8.004E-08  1.76851242811129E-07
 8.113E-08  1.81198643352886E-07
 8.224E-08  1.85652912421012E-07
 8.336E-08  1.90216677062431E-07
 8.450E-08  1.94892628901761E-07
 8.566E-08  1.99683525728730E-07
 8.683E-08  2.04592193124590E-07
 8.801E-08  2.09621526128567E-07
 8.921E-08  2.14774490945232E-07
 9.043E-08  2.20054126693860E-07
 9.167E-08  2.25463547200764E-07
 9.292E-08  2.31005942835709E-07
 9.419E-08  2.36684582393494E-07
 9.547E-08  2.42502815021715E-07
 9.677E-08  2.48464072195968E-07
 9.810E-08  2.54571869743590E-07
 9.944E-08  2.60829809917132E-07
 1.008E-07  2.67241583518844E-07
 1.022E-07  2.73810972077318E-07
 1.036E-07  2.80541850077676E-07
 1.050E-07  2.87438187246591E-07
 1.064E-07  2.94504050893401E-07
 1.079E-07  3.01743608308877E-07
 1.093E-07  3.09161129222868E-07
 1.108E-07  3.16760988322377E-07
 1.123E-07  3.24547667831597E-07
 1.139E-07  3.32525760155264E-07
 1.154E-07  3.40699970587045E-07
 1.170E-07  3.49075120084484E-07
 1.186E-07  3.57656148112191E-07
 1.202E-07  3.66448115554854E-07
 1.219E-07  3.75456207701890E-07
 1.235E-07  3.84685737305538E-07
 1.252E-07  3.94142147713934E-07
 1.269E-07  4.03831016081347E-07
 1.287E-07  4.13758056657341E-07
 1.304E-07  4.23929124156671E-07
 1.322E-07  4.34350217212078E-07
 1.340E-07  4.45027481911967E-07
 1.358E-07  4.55967215425051E-07
 1.377E-07  4.67175869713961E-07
 1.396E-07  4.78660055340359E-07
 1.415E-07  4.90426545363441E-07
 1.434E-07  5.02482279334183E-07
 1.454E-07  5.14834367388008E-07
 1.473E-07  5.27490094437853E-07
 1.494E-07  5.40456924470339E-07
 1.514E-07  5.53742504947613E-07
 1.535E-07  5.67354671317349E-07
 1.556E-07  5.81301451633517E-07
 1.577E-07  5.95591071290916E-07
 1.598E-07  6.10231957875907E-07
 1.620E-07  6.25232746136441E-07
 1.642E-07  6.40602283074322E-07
 1.665E-07  6.56349633162506E-07
 1.687E-07  6.72484083690714E-07
 1.710E-07  6.89015150242470E-07
 1.734E-07  7.05952582306708E-07
 1.757E-07  7.23306369027271E-07
 1.781E-07  7.41086745093859E-07
 1.806E-07  7.59304196777679E-07
 1.830E-07  7.77969468115455E-07
 1.855E-07  7.97093567245457E-07
 1.881E-07  8.16687772899301E-07
 1.906E-07  8.36763641053261E-07
 1.932E-07  8.57333011743087E-07
 1.959E-07  8.78408016046238E-07
 1.986E-07  9.00001083235960E-07
 2.013E-07  9.22124948111101E-07
 2.040E-07  9.44792658505811E-07
 2.068E-07  9.68017582984244E-07
 2.096E-07  9.91813418724301E-07
 2.125E-07  1.01619419959488E-06
 2.154E-07  1.04117430443189E-06
 2.183E-07  1.06676846551771E-06
 2.213E-07  1.09299177726893E-06
 2.243E-07  1.11985970513767E-06
 2.274E-07  1.14738809473174E-06
 2.305E-07  1.17559318115898E-06
 2.336E-07  1.20449159860104E-06
 2.368E-07  1.23410039012277E-06
 2.401E-07  1.26443701772273E-06
 2.433E-07  1.29551937263027E-06
 2.467E-07  1.32736578585626E-06
 2.500E-07  1.35999503900287E-06
 2.534E-07  1.39342637533902E-06
 2.569E-07  1.42767951114812E-06
 2.604E-07  1.46277464735476E-06
 2.640E-07  1.49873248143694E-06
 2.676E-07  1.53557421963146E-06
 2.712E-07  1.57332158943902E-06
 2.749E-07  1.61199685243661E-06
 2.787E-07  1.65162281740517E-06
 2.825E-07  1.69222285377948E-06
 2.863E-07  1.73382090542880E-06
 2.903E-07  1.77644150477644E-06
 2.942E-07  1.82010978726593E-06
 2.982E-07  1.86485150618310E-06
 3.023E-07  1.91069304784215E-06
 3.064E-07  1.95766144714530E-06
 3.106E-07  2.00578440352465E-06
 3.149E-07  2.05509029727556E-06
 3.192E-07  2.10560820629226E-06
 3.235E-07  2.15736792321421E-06
 3.279E-07  2.21039997299367E-06
 3.324E-07  2.26473563089557E-06
 3.369E-07  2.32040694093951E-06
 3.415E-07  2.37744673479510E-06
 3.462E-07  2.43588865114159E-06
 3.509E-07  2.49576715550317E-06
 3.557E-07  2.55711756057227E-06
 3.606E-07  2.61997604703183E-06
 3.655E-07  2.68437968488942E-06
 3.705E-07  2.75036645533594E-06
 3.756E-07  2.81797527314146E-06
 3.807E-07  2.88724600960090E-06
 3.859E-07  2.95821951604468E-06
 3.911E-07  3.03093764792649E-06
 3.965E-07  3.10544328950279E-06
 4.019E-07  3.18178037911975E-06
 4.074E-07  3.25999393512087E-06
 4.129E-07  3.34013008239147E-06
 4.186E-07  3.42223607955590E-06
 4.243E-07  3.50636034684278E-06
 4.301E-07  3.59255249463521E-06
 4.360E-07  3.68086335272235E-06
 4.419E-07  3.77134500027046E-06
 4.479E-07  3.86405079652999E-06
 4.541E-07  3.95903541229745E-06
 4.603E-07  4.05635486215051E-06
 4.665E-07  4.15606653747517E-06
 4.729E-07  4.25822924030507E-06
 4.794E-07  4.36290321799171E-06
 4.859E-07  4.47015019872693E-06
 4.926E-07  4.58003342793890E-06
 4.993E-07  4.69261770558114E-06
 5.061E-07  4.80796942434009E-06
 5.130E-07  4.92615660877963E-06
 5.200E-07  5.04724895544823E-06
 5.271E-07  5.17131787397212E-06
 5.343E-07  5.29843652915764E-06
 5.416E-07  5.42867988412912E-06
 5.490E-07  5.56212474452558E-06
 5.565E-07  5.69884980378495E-06
 5.641E-07  5.83893568953934E-06
 5.718E-07  5.98246501115237E-06
 5.796E-07  6.12952240842366E-06
 5.875E-07  6.28019460148949E-06
 5.955E-07  6.43457044195134E-06
 6.037E-07  6.59274096525947E-06
 6.119E-07  6.75479944438424E-06
 6.202E-07  6.92084144480662E-06
 6.287E-07  7.09096488085878E-06
 6.373E-07  7.26527007345071E-06
 6.460E-07  7.44385980921481E-06
 6.548E-07  7.62683940110243E-06
 6.638E-07  7.81431675047142E-06
 6.728E-07  8.00640241069904E-06
 6.820E-07  8.20320965235667E-06
 6.913E-07  8.40485452998622E-06
 7.008E-07  8.61145595051905E-06
 7.103E-07  8.82313574337422E-06
 7.200E-07  9.04001873227964E-06
 7.298E-07  9.26223280885901E-06
 7.398E-07  9.48990900802559E-06
 7.499E-07  9.72318158522869E-06
 7.602E-07  9.96218809559827E-06
 7.705E-07  1.02070694750353E-05
 7.811E-07  1.04579701232932E-05
 7.917E-07  1.07150379891001E-05
 8.025E-07  1.09784246573756E-05
 8.135E-07  1.12482854385862E-05
 8.246E-07  1.15247794602996E-05
 8.358E-07  1.18080697609867E-05
 8.473E-07  1.20983233861300E-05
 8.588E-07  1.23957114866910E-05
 8.705E-07  1.27004094199982E-05
 8.824E-07  1.30125968531144E-05
 8.945E-07  1.33324578687425E-05
 9.067E-07  1.36601810737333E-05
 9.191E-07  1.39959597102607E-05
 9.316E-07  1.43399917697267E-05
 9.443E-07  1.46924801094639E-05
 9.572E-07  1.50536325723091E-05
 9.703E-07  1.54236621091112E-05
 9.835E-07  1.58027869042479E-05
 9.970E-07  1.61912305042313E-05
 1.011E-06  1.65892219494662E-05
 1.024E-06  1.69969959092492E-05
 1.038E-06  1.74147928200872E-05
 1.053E-06  1.78428590274059E-05
 1.067E-06  1.82814469307451E-05
 1.081E-06  1.87308151325224E-05
 1.096E-06  1.91912285904474E-05
 1.111E-06  1.96629587736797E-05
 1.126E-06  2.01462838228277E-05
 1.142E-06  2.06414887138737E-05
 1.157E-06  2.11488654261280E-05
 1.173E-06  2.16687131143076E-05
 1.189E-06  2.22013382848408E-05
 1.205E-06  2.27470549765046E-05
 1.222E-06  2.33061849455003E-05
 1.239E-06  2.38790578550745E-05
 1.255E-06  2.44660114697928E-05
 1.273E-06  2.50673918545913E-05
 1.290E-06  2.56835535787195E-05
 1.308E-06  2.63148599246854E-05
 1.325E-06  2.69616831023371E-05
 1.344E-06  2.76244044682019E-05
 1.362E-06  2.83034147502131E-05
 1.380E-06  2.89991142779577E-05
 1.399E-06  2.97119132185755E-05
 1.418E-06  3.04422318184562E-05
 1.438E-06  3.11905006508709E-05
 1.457E-06  3.19571608696856E-05
 1.477E-06  3.27426644693076E-05
 1.497E-06  3.35474745510105E-05
 1.518E-06  3.43720655958080E-05
 1.539E-06  3.52169237440263E-05
 1.560E-06  3.60825470817399E-05
 1.581E-06  3.69694459342435E-05
 1.603E-06  3.78781431667320E-05
 1.624E-06  3.88091744923636E-05
 1.647E-06  3.97630887878910E-05
 1.669E-06  4.07404484170398E-05
 1.692E-06  4.17418295618271E-05
 1.715E-06  4.27678225620218E-05
 1.738E-06  4.38190322629354E-05
 1.762E-06  4.48960783717584E-05
 1.786E-06  4.59995958226441E-05
 1.811E-06  4.71302351507511E-05
 1.835E-06  4.82886628754808E-05
 1.860E-06  4.94755618931224E-05
 1.886E-06  5.06916318791321E-05
 1.911E-06  5.19375897002961E-05
 1.938E-06  5.32141698370129E-05
 1.964E-06  5.45221248159456E-05
 1.991E-06  5.58622256532876E-05
 2.018E-06  5.72352623089223E-05
 2.046E-06  5.86420441517328E-05
 2.073E-06  6.00834004363257E-05
 2.102E-06  6.15601807914650E-05
 2.130E-06  6.30732557205043E-05
 2.160E-06  6.46235171140931E-05
 2.189E-06  6.62118787754672E-05
 2.219E-06  6.78392769586564E-05
 2.249E-06  6.95066709198832E-05
 2.280E-06  7.12150434824955E-05
 2.311E-06  7.29654016157872E-05
 2.343E-06  7.47587770280118E-05
 2.375E-06  7.65962267739543E-05
 2.407E-06  7.84788338774217E-05
 2.440E-06  8.04077079690053E-05
 2.473E-06  8.23839859395140E-05
 2.507E-06  8.44088326094169E-05
 2.541E-06  8.64834414147448E-05
 2.576E-06  8.86090351098165E-05
 2.611E-06  9.07868664872005E-05
 2.647E-06  9.30182191153671E-05
 2.683E-06  9.53044080944349E-05
 2.719E-06  9.76467808304590E-05
 2.757E-06  1.00046717828718E-04
 2.794E-06  1.02505633506502E-04
 2.832E-06  1.05024977025793E-04
 2.871E-06  1.07606233146419E-04
 2.910E-06  1.10250923100129E-04
 2.950E-06  1.12960605486122E-04
 2.990E-06  1.15736877188545E-04
 3.031E-06  1.18581374316494E-04
 3.072E-06  1.21495773167105E-04
 3.114E-06  1.24481791212254E-04
 3.157E-06  1.27541188109472E-04
 3.200E-06  1.30675766737661E-04
 3.244E-06  1.33887374258220E-04
 3.288E-06  1.37177903202211E-04
 3.333E-06  1.40549292584174E-04
 3.378E-06  1.44003529043298E-04
 3.424E-06  1.47542648012568E-04
 3.471E-06  1.51168734916577E-04
 3.519E-06  1.54883926398752E-04
 3.567E-06  1.58690411578660E-04
 3.615E-06  1.62590433340161E-04
 3.665E-06  1.66586289651146E-04
 3.715E-06  1.70680334915677E-04
 3.765E-06  1.74874981359232E-04
 3.817E-06  1.79172700447969E-04
 3.869E-06  1.83576024342793E-04
 3.922E-06  1.88087547389060E-04
 3.975E-06  1.92709927642842E-04
 4.030E-06  1.97445888434581E-04
 4.085E-06  2.02298219971118E-04
 4.140E-06  2.07269780976988E-04
 4.197E-06  2.12363500375963E-04
 4.254E-06  2.17582379013831E-04
 4.312E-06  2.22929491423406E-04
 4.371E-06  2.28407987632798E-04
 4.431E-06  2.34021095018041E-04
 4.491E-06  2.39772120201119E-04
 4.553E-06  2.45664450994523E-04
 4.615E-06  2.51701558393496E-04
 4.678E-06  2.57886998617066E-04
 4.742E-06  2.64224415199150E-04
 4.806E-06  2.70717541130898E-04
 4.872E-06  2.77370201055549E-04
 4.938E-06  2.84186313517054E-04
 5.006E-06  2.91169893263840E-04
 5.074E-06  2.98325053609007E-04
 5.144E-06  3.05656008848388E-04
 5.214E-06  3.13167076737838E-04
 5.285E-06  3.20862681031199E-04
 5.357E-06  3.28747354080530E-04
 5.430E-06  3.36825739499977E-04
 5.504E-06  3.45102594894901E-04
 5.579E-06  3.53582794657939E-04
 5.656E-06  3.62271332833488E-04
 5.733E-06  3.71173326052360E-04
 5.811E-06  3.80294016538398E-04
 5.890E-06  3.89638775188628E-04
 5.971E-06  3.99213104728946E-04
 6.052E-06  4.09022642947053E-04
 6.135E-06  4.19073166004544E-04
 6.219E-06  4.29370591830149E-04
 6.304E-06  4.39920983596017E-04
 6.390E-06  4.50730553279172E-04
 6.477E-06  4.61805665310187E-04
 6.565E-06  4.73152840311085E-04
 6.655E-06  4.84778758924834E-04
 6.746E-06  4.96690265738644E-04
 6.838E-06  5.08894373303168E-04
 6.931E-06  5.21398266250195E-04
 7.026E-06  5.34209305511088E-04
 7.122E-06  5.47335032638461E-04
 7.219E-06  5.60783174233667E-04
 7.318E-06  5.74561646482570E-04
 7.418E-06  5.88678559802406E-04
 7.519E-06  6.03142223602259E-04
 7.622E-06  6.17961151160049E-04
 7.726E-06  6.33144064618814E-04
 7.831E-06  6.48699900105366E-04
 7.938E-06  6.64637812973918E-04
 8.046E-06  6.80967183178179E-04
 8.156E-06  6.97697620774772E-04
 8.268E-06  7.14838971561249E-04
 8.380E-06  7.32401322852047E-04
 8.495E-06  7.50395009395597E-04
 8.611E-06  7.68830619436226E-04
 8.728E-06  7.87719000924192E-04
 8.848E-06  8.07071267877607E-04
 8.968E-06  8.26898806899902E-04
 9.091E-06  8.47213283856538E-04
 9.215E-06  8.68026650714993E-04
 9.341E-06  8.89351152551905E-04
 9.468E-06  9.11199334731436E-04
 9.597E-06  9.33584050259245E-04
 9.729E-06  9.56518467315817E-04
 9.861E-06  9.80016076974114E-04
 9.996E-06  1.00409070110586E-03
 1.013E-05  1.02875650048063E-03
 1.027E-05  1.05402798306320E-03
 1.041E-05  1.07992001251314E-03
 1.055E-05  1.10644781689244E-03
 1.070E-05  1.13362699758537E-03
 1.084E-05  1.16147353843648E-03
 1.099E-05  1.19000381511157E-03
 1.114E-05  1.21923460468704E-03
 1.129E-05  1.24918309547380E-03
 1.145E-05  1.27986689708054E-03
 1.160E-05  1.31130405072277E-03
 1.176E-05  1.34351303978351E-03
 1.192E-05  1.37651280063157E-03
 1.209E-05  1.41032273370405E-03
 1.225E-05  1.44496271485876E-03
 1.242E-05  1.48045310700416E-03
 1.259E-05  1.51681477201256E-03
 1.276E-05  1.55406908292394E-03
 1.293E-05  1.59223793644766E-03
 1.311E-05  1.63134376576871E-03
 1.329E-05  1.67140955366629E-03
 1.347E-05  1.71245884595232E-03
 1.365E-05  1.75451576523742E-03
 1.384E-05  1.79760502503238E-03
 1.403E-05  1.84175194419358E-03
 1.422E-05  1.88698246172002E-03
 1.442E-05  1.93332315191094E-03
 1.461E-05  1.98080123989318E-03
 1.481E-05  2.02944461752597E-03
 1.501E-05  2.07928185969390E-03
 1.522E-05  2.13034224099617E-03
 1.543E-05  2.18265575284206E-03
 1.564E-05  2.23625312096350E-03
 1.585E-05  2.29116582335285E-03
 1.607E-05  2.34742610863781E-03
 1.629E-05  2.40506701490369E-03
 1.651E-05  2.46412238897334E-03
 1.673E-05  2.52462690615627E-03
 1.696E-05  2.58661609047818E-03
 1.719E-05  2.65012633540245E-03
 1.743E-05  2.71519492505593E-03
 1.767E-05  2.78186005597024E-03
 1.791E-05  2.85016085935195E-03
 1.815E-05  2.92013742389439E-03
 1.840E-05  2.99183081914333E-03
 1.865E-05  3.06528311943069E-03
 1.891E-05  3.14053742838993E-03
 1.916E-05  3.21763790406678E-03
 1.943E-05  3.29662978463995E-03
 1.969E-05  3.37755941476611E-03
 1.996E-05  3.46047427256511E-03
 2.023E-05  3.54542299726015E-03
 2.051E-05  3.63245541748833E-03
 2.079E-05  3.72162258029882E-03
 2.107E-05  3.81297678085425E-03
 2.136E-05  3.90657159285314E-03
 2.165E-05  4.00246189968937E-03
 2.195E-05  4.10070392636768E-03
 2.225E-05  4.20135527219381E-03
 2.255E-05  4.30447494425506E-03
 2.286E-05  4.41012339171445E-03
 2.317E-05  4.51836254093479E-03
 2.349E-05  4.62925583145309E-03
 2.381E-05  4.74286825282763E-03
 2.413E-05  4.85926638237669E-03
 2.446E-05  4.97851842383080E-03
 2.480E-05  5.10069424692065E-03
 2.514E-05  5.22586542792367E-03
 2.548E-05  5.35410529119111E-03
 2.583E-05  5.48548895167917E-03
 2.618E-05  5.62009335850999E-03
 2.654E-05  5.75799733958525E-03
 2.690E-05  5.89928164727763E-03
 2.727E-05  6.04402900522796E-03
 2.764E-05  6.19232415627162E-03
 2.802E-05  6.34425391152360E-03
 2.840E-05  6.49990720064890E-03
 2.879E-05  6.65937512334659E-03
 2.918E-05  6.82275100207604E-03
 2.958E-05  6.99013043605643E-03
 2.998E-05  7.16161135656900E-03
 3.039E-05  7.33729408359238E-03
 3.080E-05  7.51728138380385E-03
 3.123E-05  7.70167852998000E-03
 3.165E-05  7.89059336182763E-03
 3.208E-05  8.08413634828009E-03
 3.252E-05  8.28242065129574E-03
 3.297E-05  8.48556219119048E-03
 3.342E-05  8.69367971354489E-03
 3.387E-05  8.90689485772141E-03
 3.433E-05  9.12533222702828E-03
 3.480E-05  9.34911946057230E-03
 3.528E-05  9.57838730683987E-03
 3.576E-05  9.81326969904478E-03
 3.625E-05  1.00539038322885E-02
 3.674E-05  1.03004302425721E-02
 3.724E-05  1.05529928877069E-02
 3.775E-05  1.08117392301671E-02
 3.827E-05  1.10768203219297E-02
 3.879E-05  1.13483908913515E-02
 3.932E-05  1.16266094321277E-02
 3.986E-05  1.19116382943834E-02
 4.040E-05  1.22036437779491E-02
 4.095E-05  1.25027962278704E-02
 4.151E-05  1.28092701322033E-02
 4.208E-05  1.31232442221518E-02
 4.265E-05  1.34449015746011E-02
 4.324E-05  1.37744297171046E-02
 4.383E-05  1.41120207353805E-02
 4.442E-05  1.44578713833759E-02
 4.503E-05  1.48121831959632E-02
 4.565E-05  1.51751626043257E-02
 4.627E-05  1.55470210541001E-02
 4.690E-05  1.59279751263351E-02
 4.754E-05  1.63182466613377E-02
 4.819E-05  1.67180628854707E-02
 4.885E-05  1.71276565409724E-02
 4.951E-05  1.75472660188691E-02
 5.019E-05  1.79771354950505E-02
 5.088E-05  1.84175150695862E-02
 5.157E-05  1.88686609093560E-02
 5.227E-05  1.93308353940673E-02
 5.299E-05  1.98043072657479E-02
 5.371E-05  2.02893517817894E-02
 5.445E-05  2.07862508716186E-02
 5.519E-05  2.12952932970947E-02
 5.594E-05  2.18167748167051E-02
 5.671E-05  2.23509983536580E-02
 5.748E-05  2.28982741679517E-02
 5.826E-05  2.34589200325264E-02
 5.906E-05  2.40332614135812E-02
 5.987E-05  2.46216316551535E-02
 6.068E-05  2.52243721680724E-02
 6.151E-05  2.58418326233642E-02
 6.235E-05  2.64743711502346E-02
 6.320E-05  2.71223545387252E-02
 6.407E-05  2.77861584471384E-02
 6.494E-05  2.84661676143643E-02
 6.583E-05  2.91627760772088E-02
 6.673E-05  2.98763873928311E-02
 6.764E-05  3.06074148664240E-02
 6.856E-05  3.13562817842434E-02
 6.950E-05  3.21234216521160E-02
 7.045E-05  3.29092784395494E-02
 7.141E-05  3.37143068295689E-02
 7.238E-05  3.45389724744171E-02
 7.337E-05  3.53837522572450E-02
 7.437E-05  3.62491345599322E-02
 7.539E-05  3.71356195371789E-02
 7.642E-05  3.80437193970035E-02
 7.746E-05  3.89739586877972E-02
 7.852E-05  3.99268745920904E-02
 7.959E-05  4.09030172271607E-02
 8.068E-05  4.19029499526632E-02
 8.178E-05  4.29272496854241E-02
 8.289E-05  4.39765072215625E-02
 8.403E-05  4.50513275661098E-02
 8.517E-05  4.61523302702866E-02
 8.634E-05  4.72801497766183E-02
 8.751E-05  4.84354357720583E-02
 8.871E-05  4.96188535492919E-02
 8.992E-05  5.08310843764262E-02
 9.115E-05  5.20728258752221E-02
 9.239E-05  5.33447924080780E-02
 9.365E-05  5.46477154739647E-02
 9.493E-05  5.59823441134823E-02
 9.623E-05  5.73494453232710E-02
 9.754E-05  5.87498044799686E-02
 9.887E-05  6.01842257739281E-02
 1.002E-04  6.16535326528971E-02
 1.016E-04  6.31585682759084E-02
 1.030E-04  6.47001959775734E-02
 1.044E-04  6.62792997430202E-02
 1.058E-04  6.78967846937229E-02
 1.073E-04  6.95535775844208E-02
 1.087E-04  7.12506273114219E-02
 1.102E-04  7.29889054324862E-02
 1.117E-04  7.47694066985752E-02
 1.132E-04  7.65931495977110E-02
 1.148E-04  7.84611769112097E-02
 1.163E-04  8.03745562825465E-02
 1.179E-04  8.23343807991325E-02
 1.195E-04  8.43417695872986E-02
 1.212E-04  8.63978684207234E-02
 1.228E-04  8.85038503426316E-02
 1.245E-04  9.06609163020455E-02
 1.262E-04  9.28702958043849E-02
 1.279E-04  9.51332475767137E-02
 1.297E-04  9.74510602479567E-02
 1.314E-04  9.98250530444004E-02
 1.332E-04  1.02256576500782E-01
 1.351E-04  1.04747013187322E-01
 1.369E-04  1.07297778453007E-01
 1.388E-04  1.09910321185478E-01
 1.407E-04  1.12586124587868E-01
 1.426E-04  1.15326706972924E-01
 1.445E-04  1.18133622574815E-01
 1.465E-04  1.21008462378926E-01
 1.485E-04  1.23952854970062E-01
 1.505E-04  1.26968467399419E-01
 1.526E-04  1.30057006070709E-01
 1.547E-04  1.33220217645812E-01
 1.568E-04  1.36459889970384E-01
 1.589E-04  1.39777853019791E-01
 1.611E-04  1.43175979865813E-01
 1.633E-04  1.46656187664489E-01
 1.655E-04  1.50220438665593E-01
 1.678E-04  1.53870741244100E-01
 1.701E-04  1.57609150954113E-01
 1.724E-04  1.61437771605722E-01
 1.748E-04  1.65358756365187E-01
 1.771E-04  1.69374308878954E-01
 1.796E-04  1.73486684421955E-01
 1.820E-04  1.77698191070626E-01
 1.845E-04  1.82011190901197E-01
 1.870E-04  1.86428101213691E-01
 1.896E-04  1.90951395782089E-01
 1.922E-04  1.95583606131281E-01
 1.948E-04  2.00327322841187E-01
 1.974E-04  2.05185196878611E-01
 2.001E-04  2.10159940957368E-01
 2.029E-04  2.15254330927217E-01
 2.056E-04  2.20471207192041E-01
 2.084E-04  2.25813476157968E-01
 2.113E-04  2.31284111711894E-01
 2.142E-04  2.36886156730894E-01
 2.171E-04  2.42622724623288E-01
 2.201E-04  2.48497000901721E-01
 2.231E-04  2.54512244788940E-01
 2.261E-04  2.60671790856875E-01
 2.292E-04  2.66979050699494E-01
 2.323E-04  2.73437514640172E-01
 2.355E-04  2.80050753474086E-01
 2.387E-04  2.86822420246259E-01
 2.420E-04  2.93756252065856E-01
 2.453E-04  3.00856071957426E-01
 2.486E-04  3.08125790749611E-01
 2.520E-04  3.15569409001976E-01
 2.555E-04  3.23191018970673E-01
 2.589E-04  3.30994806613511E-01
 2.625E-04  3.38985053635059E-01
 2.661E-04  3.47166139572449E-01
 2.697E-04  3.55542543922607E-01
 2.734E-04  3.64118848311434E-01
 2.771E-04  3.72899738705706E-01
 2.809E-04  3.81890007668300E-01
 2.847E-04  3.91094556657404E-01
 2.886E-04  4.00518398370449E-01
 2.926E-04  4.10166659133341E-01
 2.965E-04  4.20044581335735E-01
 3.006E-04  4.30157525912940E-01
 3.047E-04  4.40510974875213E-01
 3.089E-04  4.51110533885129E-01
 3.131E-04  4.61961934883550E-01
 3.174E-04  4.73071038765016E-01
 3.217E-04  4.84443838103170E-01
 3.261E-04  4.96086459926819E-01
 3.305E-04  5.08005168547433E-01
 3.350E-04  5.20206368438644E-01
 3.396E-04  5.32696607168344E-01
 3.442E-04  5.45482578384157E-01
 3.489E-04  5.58571124852855E-01
 3.537E-04  5.71969241554312E-01
 3.585E-04  5.85684078830758E-01
 3.634E-04  5.99722945591757E-01
 3.684E-04  6.14093312575664E-01
 3.734E-04  6.28802815668132E-01
 3.785E-04  6.43859259278080E-01
 3.837E-04  6.59270619772003E-01
 3.889E-04  6.75045048966921E-01
 3.942E-04  6.91190877682508E-01
 3.996E-04  7.07716619353140E-01
 4.051E-04  7.24630973700037E-01
 4.106E-04  7.41942830464298E-01
 4.162E-04  7.59661273201083E-01
 4.219E-04  7.77795583135332E-01
 4.277E-04  7.96355243079698E-01
 4.335E-04  8.15349941414693E-01
 4.394E-04  8.34789576131805E-01
 4.454E-04  8.54684258939510E-01
 4.515E-04  8.75044319432728E-01
 4.577E-04  8.95880309325988E-01
 4.639E-04  9.17203006750259E-01
 4.702E-04  9.39023420613963E-01
 4.767E-04  9.61352795027893E-01
 4.832E-04  9.84202613794548E-01
 4.898E-04  1.00758460496185E+00
 4.965E-04  1.03151074544076E+00
 5.032E-04  1.05599326568733E+00
 5.101E-04  1.08104465444899E+00
 5.171E-04  1.10667766357445E+00
 5.241E-04  1.13290531288741E+00
 5.313E-04  1.15974089512376E+00
 5.385E-04  1.18719798093174E+00
 5.459E-04  1.21529042393466E+00
 5.533E-04  1.24403236585573E+00
 5.609E-04  1.27343824170453E+00
 5.686E-04  1.30352278502407E+00
 5.763E-04  1.33430103319823E+00
 5.842E-04  1.36578833281831E+00
 5.922E-04  1.39800034510781E+00
 6.002E-04  1.43095305140476E+00
 6.084E-04  1.46466275869999E+00
 6.167E-04  1.49914610523053E+00
 6.252E-04  1.53442006612640E+00
 6.337E-04  1.57050195910967E+00
 6.423E-04  1.60740945024397E+00
 6.511E-04  1.64516055973287E+00
 6.600E-04  1.68377366776528E+00
 6.690E-04  1.72326752040588E+00
 6.782E-04  1.76366123552820E+00
 6.874E-04  1.80497430878870E+00
 6.968E-04  1.84722661963889E+00
 7.063E-04  1.89043843737281E+00
 7.160E-04  1.93463042720781E+00
 7.257E-04  1.97982365639511E+00
 7.356E-04  2.02603960035711E+00
 7.457E-04  2.07330014884822E+00
 7.559E-04  2.12162761213599E+00
 7.662E-04  2.17104472719854E+00
 7.766E-04  2.22157466393440E+00
 7.872E-04  2.27324103138074E+00
 7.980E-04  2.32606788393576E+00
 8.089E-04  2.38007972758048E+00
 8.199E-04  2.43530152609523E+00
 8.311E-04  2.49175870726582E+00
 8.425E-04  2.54947716907402E+00
 8.540E-04  2.60848328586658E+00
 8.656E-04  2.66880391449738E+00
 8.774E-04  2.73046640043625E+00
 8.894E-04  2.79349858383805E+00
 9.016E-04  2.85792880556530E+00
 9.139E-04  2.92378591315742E+00
 9.264E-04  2.99109926673908E+00
 9.390E-04  3.05989874486001E+00
 9.518E-04  3.13021475025817E+00
 9.648E-04  3.20207821553786E+00
 9.780E-04  3.27552060875408E+00
 9.913E-04  3.35057393889403E+00
 1.005E-03  3.42727076124616E+00
 1.019E-03  3.50564418264642E+00
 1.032E-03  3.58572786659230E+00
 1.047E-03  3.66755603821327E+00
 1.061E-03  3.75116348908606E+00
 1.075E-03  3.83658558188409E+00
 1.090E-03  3.92385825484821E+00
 1.105E-03  4.01301802606637E+00
 1.120E-03  4.10410199754935E+00
 1.135E-03  4.19714785908910E+00
 1.151E-03  4.29219389188493E+00
 1.167E-03  4.38927897192369E+00
 1.182E-03  4.48844257309883E+00
 1.199E-03  4.58972477005241E+00
 1.215E-03  4.69316624072376E+00
 1.232E-03  4.79880826858850E+00
 1.248E-03  4.90669274457057E+00
 1.265E-03  5.01686216860849E+00
 1.283E-03  5.12935965085863E+00
 1.300E-03  5.24422891251523E+00
 1.318E-03  5.36151428622831E+00
 1.336E-03  5.48126071609824E+00
 1.354E-03  5.60351375722644E+00
 1.373E-03  5.72831957480092E+00
 1.391E-03  5.85572494269280E+00
 1.410E-03  5.98577724154259E+00
 1.430E-03  6.11852445631167E+00
 1.449E-03  6.25401517327391E+00
 1.469E-03  6.39229857642319E+00
 1.489E-03  6.53342444327153E+00
 1.509E-03  6.67744314000921E+00
 1.530E-03  6.82440561600142E+00
 1.551E-03  6.97436339759344E+00
 1.572E-03  7.12736858119412E+00
 1.593E-03  7.28347382560928E+00
 1.615E-03  7.44273234359477E+00
 1.637E-03  7.60519789259839E+00
 1.660E-03  7.77092476465767E+00
 1.682E-03  7.93996777542278E+00
 1.705E-03  8.11238225226997E+00
 1.729E-03  8.28822402147217E+00
 1.752E-03  8.46754939439231E+00
 1.776E-03  8.65041515266400E+00
 1.800E-03  8.83687853232203E+00
 1.825E-03  9.02699720684721E+00
 1.850E-03  9.22082926908855E+00
 1.875E-03  9.41843321202235E+00
 1.901E-03  9.61986790831138E+00
 1.927E-03  9.82519258862381E+00
 1.953E-03  1.00344668186712E+01
 1.980E-03  1.02477504749250E+01
 2.007E-03  1.04651037189717E+01
 2.034E-03  1.06865869704614E+01
 2.062E-03  1.09122608786109E+01
 2.090E-03  1.11421862922161E+01
 2.118E-03  1.13764242281306E+01
 2.147E-03  1.16150358381672E+01
 2.177E-03  1.18580823743782E+01
 2.206E-03  1.21056251526698E+01
 2.236E-03  1.23577255147051E+01
 2.267E-03  1.26144447880514E+01
 2.298E-03  1.28758442445276E+01
 2.329E-03  1.31419850567047E+01
 2.361E-03  1.34129282525153E+01
 2.393E-03  1.36887346679266E+01
 2.426E-03  1.39694648976326E+01
 2.459E-03  1.42551792437193E+01
 2.493E-03  1.45459376622608E+01
 2.527E-03  1.48417997077989E+01
 2.561E-03  1.51428244756661E+01
 2.596E-03  1.54490705421077E+01
 2.632E-03  1.57605959021615E+01
 2.668E-03  1.60774579052506E+01
 2.704E-03  1.63997131884549E+01
 2.741E-03  1.67274176074189E+01
 2.778E-03  1.70606261648561E+01
 2.816E-03  1.73993929366169E+01
 2.855E-03  1.77437709952857E+01
 2.894E-03  1.80938123312697E+01
 2.933E-03  1.84495677713528E+01
 2.973E-03  1.88110868946844E+01
 3.014E-03  1.91784179461741E+01
 3.055E-03  1.95516077472723E+01
 3.097E-03  1.99307016041100E+01
 3.139E-03  2.03157432129850E+01
 3.182E-03  2.07067745631740E+01
 3.225E-03  2.11038358370618E+01
 3.269E-03  2.15069653075774E+01
 3.314E-03  2.19161992329327E+01
 3.359E-03  2.23315717486663E+01
 3.405E-03  2.27531147569897E+01
 3.452E-03  2.31808578134520E+01
 3.499E-03  2.36148280109321E+01
 3.546E-03  2.40550498609793E+01
 3.595E-03  2.45015451725255E+01
 3.644E-03  2.49543329280006E+01
 3.694E-03  2.54134291568882E+01
 3.744E-03  2.58788468067617E+01
 3.795E-03  2.63505956118552E+01
 3.847E-03  2.68286819592242E+01
 3.900E-03  2.73131087525610E+01
 3.953E-03  2.78038752737389E+01
 4.007E-03  2.83009770421653E+01
 4.061E-03  2.88044056720364E+01
 4.117E-03  2.93141487275895E+01
 4.173E-03  2.98301895764647E+01
 4.230E-03  3.03525072412924E+01
 4.288E-03  3.08810762496377E+01
 4.346E-03  3.14158664824417E+01
 4.406E-03  3.19568430211097E+01
 4.466E-03  3.25039659934079E+01
 4.527E-03  3.30571904183476E+01
 4.589E-03  3.36164660502415E+01
 4.651E-03  3.41817372221310E+01
 4.715E-03  3.47529426887992E+01
 4.779E-03  3.53300154695985E+01
 4.844E-03  3.59128826913312E+01
 4.911E-03  3.65014654314392E+01
 4.978E-03  3.70956785617752E+01
 5.046E-03  3.76954305932399E+01
 5.114E-03  3.83006235215857E+01
 5.184E-03  3.89111526747068E+01
 5.255E-03  3.95269065617476E+01
 5.327E-03  4.01477667243796E+01
 5.400E-03  4.07736075906166E+01
 5.473E-03  4.14042963315501E+01
 5.548E-03  4.20396927214072E+01
 5.624E-03  4.26796490013537E+01
 5.700E-03  4.33240097474769E+01
 5.778E-03  4.39726117434025E+01
 5.857E-03  4.46252838580263E+01
 5.937E-03  4.52818469288438E+01
 6.018E-03  4.59421136513932E+01
 6.100E-03  4.66058884753418E+01
 6.184E-03  4.72729675077550E+01
 6.268E-03  4.79431384241207E+01
 6.354E-03  4.86161803877073E+01
 6.440E-03  4.92918639778534E+01
 6.528E-03  4.99699511278109E+01
 6.617E-03  5.06501950727726E+01
 6.708E-03  5.13323403087340E+01
 6.799E-03  5.20161225628562E+01
 6.892E-03  5.27012687760106E+01
 6.986E-03  5.33874970982020E+01
 7.082E-03  5.40745168975756E+01
 7.178E-03  5.47620287837321E+01
 7.276E-03  5.54497246460847E+01
 7.376E-03  5.61372877079954E+01
 7.476E-03  5.68243925974505E+01
 7.578E-03  5.75107054350299E+01
 7.682E-03  5.81958839399365E+01
 7.787E-03  5.88795775548576E+01
 7.893E-03  5.95614275904294E+01
 8.001E-03  6.02410673900821E+01
 8.110E-03  6.09181225160316E+01
 8.221E-03  6.15922109571888E+01
 8.333E-03  6.22629433597534E+01
 8.447E-03  6.29299232812379E+01
 8.562E-03  6.35927474686709E+01
 8.679E-03  6.42510061617041E+01
 8.798E-03  6.49042834213340E+01
 8.918E-03  6.55521574849343E+01
 9.039E-03  6.61942011482571E+01
 9.163E-03  6.68299821750494E+01
 9.288E-03  6.74590637348883E+01
 9.415E-03  6.80810048698130E+01
 9.543E-03  6.86953609902834E+01
 9.674E-03  6.93016844009604E+01
 9.806E-03  6.98995248567468E+01
 9.940E-03  7.04884301494830E+01
 1.008E-02  7.10679467256342E+01
 1.021E-02  7.16376203352357E+01
 1.035E-02  7.21969967123058E+01
 1.049E-02  7.27456222868628E+01
 1.064E-02  7.32830449285966E+01
 1.078E-02  7.38088147221746E+01
 1.093E-02  7.43224847740668E+01
 1.108E-02  7.48236120506820E+01
 1.123E-02  7.53117582475109E+01
 1.138E-02  7.57864906888606E+01
 1.154E-02  7.62473832576663E+01
 1.170E-02  7.66940173547317E+01
 1.186E-02  7.71259828866482E+01
 1.202E-02  7.75428792814974E+01
 1.218E-02  7.79443165313159E+01
 1.235E-02  7.83299162601671E+01
 1.252E-02  7.86993128165064E+01
 1.269E-02  7.90521543883896E+01
 1.286E-02  7.93881041399123E+01
 1.304E-02  7.97068413671074E+01
 1.321E-02  8.00080626713684E+01
 1.339E-02  8.02914831482911E+01
 1.358E-02  8.05568375896536E+01
 1.376E-02  8.08038816960826E+01
 1.395E-02  8.10323932977663E+01
 1.414E-02  8.12421735803972E+01
 1.433E-02  8.14330483133361E+01
 1.453E-02  8.16048690768068E+01
 1.473E-02  8.17575144847393E+01
 1.493E-02  8.18908913996906E+01
 1.513E-02  8.20049361360839E+01
 1.534E-02  8.20996156478155E+01
 1.555E-02  8.21749286960995E+01
 1.576E-02  8.22309069932289E+01
 1.598E-02  8.22676163177587E+01
 1.619E-02  8.22851575964343E+01
 1.642E-02  8.22836679480255E+01
 1.664E-02  8.22633216840601E+01
 1.687E-02  8.22243312612949E+01
 1.710E-02  8.21669481806196E+01
 1.733E-02  8.20914638269530E+01
 1.757E-02  8.19982102445622E+01
 1.781E-02  8.18875608421331E+01
 1.805E-02  8.17599310218187E+01
 1.830E-02  8.16157787264123E+01
 1.855E-02  8.14556048987317E+01
 1.880E-02  8.12799538472549E+01
 1.906E-02  8.10894135120234E+01
 1.932E-02  8.08846156248316E+01
 1.958E-02  8.06662357577358E+01
 1.985E-02  8.04349932539693E+01
 2.012E-02  8.01916510354190E+01
 2.039E-02  7.99370152809214E+01
 2.067E-02  7.96719349697677E+01
 2.095E-02  7.93973012849664E+01
 2.124E-02  7.91140468710085E+01
 2.153E-02  7.88231449411045E+01
 2.182E-02  7.85256082291292E+01
 2.212E-02  7.82224877818049E+01
 2.242E-02  7.79148715869916E+01
 2.273E-02  7.76038830343260E+01
 2.304E-02  7.72906792048633E+01
 2.335E-02  7.69764489868317E+01
 2.367E-02  7.66624110150986E+01
 2.400E-02  7.63498114324850E+01
 2.432E-02  7.60399214716382E+01
 2.466E-02  7.57340348567878E+01
 2.499E-02  7.54334650253703E+01
 2.533E-02  7.51395421702025E+01
 2.568E-02  7.48536101036211E+01
 2.603E-02  7.45770229457854E+01
 2.639E-02  7.43111416401506E+01
 2.675E-02  7.40573302999719E+01
 2.711E-02  7.38169523905852E+01
 2.748E-02  7.35913667531285E+01
 2.786E-02  7.33819234763150E+01
 2.824E-02  7.31899596238482E+01
 2.862E-02  7.30167948260683E+01
 2.901E-02  7.28637267454448E+01
 2.941E-02  7.27320264265667E+01
 2.981E-02  7.26229335423442E+01
 3.022E-02  7.25376515491913E+01
 3.063E-02  7.24773427650367E+01
 3.105E-02  7.24431233850767E+01
 3.147E-02  7.24360584512487E+01
 3.190E-02  7.24571567924592E+01
 3.234E-02  7.25073659536377E+01
 3.278E-02  7.25875671327021E+01
 3.323E-02  7.26985701455067E+01
 3.368E-02  7.28411084397916E+01
 3.414E-02  7.30158341800599E+01
 3.461E-02  7.32233134261613E+01
 3.508E-02  7.34640214291593E+01
 3.556E-02  7.37383380687881E+01
 3.604E-02  7.40465434574627E+01
 3.654E-02  7.43888137363801E+01
 3.703E-02  7.47652170897342E+01
 3.754E-02  7.51757100034549E+01
 3.805E-02  7.56201337951603E+01
 3.857E-02  7.60982114421789E+01
 3.910E-02  7.66095447345424E+01
 3.963E-02  7.71536117797645E+01
 4.017E-02  7.77297648859954E+01
 4.072E-02  7.83372288497756E+01
 4.128E-02  7.89750996740929E+01
 4.184E-02  7.96423437417643E+01
 4.241E-02  8.03377974683261E+01
 4.299E-02  8.10601674575984E+01
 4.358E-02  8.18080311819052E+01
 4.417E-02  8.25798382075621E+01
 4.478E-02  8.33739119846949E+01
 4.539E-02  8.41884522187161E+01
 4.601E-02  8.50215378388666E+01
 4.664E-02  8.58711305771177E+01
 4.727E-02  8.67350791684315E+01
 4.792E-02  8.76111241808982E+01
 4.857E-02  8.84969034815950E+01
 4.924E-02  8.93899583411749E+01
 4.991E-02  9.02877401771618E+01
 5.059E-02  9.11876179327518E+01
 5.128E-02  9.20868860845609E+01
 5.198E-02  9.29827732692700E+01
 5.269E-02  9.38724515154714E+01
 5.341E-02  9.47530460632621E+01
 5.414E-02  9.56216457502444E+01
 5.488E-02  9.64753139386205E+01
 5.563E-02  9.73110999540116E+01
 5.639E-02  9.81260510025085E+01
 5.716E-02  9.89172245283074E+01
 5.794E-02  9.96817009700980E+01
 5.873E-02  1.00416596870203E+02
 5.953E-02  1.01119078286316E+02
 6.034E-02  1.01786374451603E+02
 6.116E-02  1.02415791624917E+02
 6.200E-02  1.03004727068998E+02
 6.285E-02  1.03550683090763E+02
 6.370E-02  1.04051281074245E+02
 6.457E-02  1.04504275433347E+02
 6.546E-02  1.04907567408483E+02
 6.635E-02  1.05259218628324E+02
 6.725E-02  1.05557464355320E+02
 6.817E-02  1.05800726331523E+02
 6.910E-02  1.05987625139395E+02
 7.005E-02  1.06116991990932E+02
 7.100E-02  1.06187879857487E+02
 7.197E-02  1.06199573852250E+02
 7.296E-02  1.06151600777421E+02
 7.395E-02  1.06043737748738E+02
 7.496E-02  1.05876019811260E+02
 7.598E-02  1.05648746462132E+02
 7.702E-02  1.05362486998532E+02
 7.807E-02  1.05018084612144E+02
 7.914E-02  1.04616659155324E+02
 8.022E-02  1.04159608508645E+02
 8.132E-02  1.03648608484752E+02
 8.243E-02  1.03085611209410E+02
 8.355E-02  1.02472841927307E+02
 8.469E-02  1.01812794187587E+02
 8.585E-02  1.01108223372202E+02
 8.702E-02  1.00362138538969E+02
 8.821E-02  9.95777925607340E+01
 8.941E-02  9.87586705521582E+01
 9.063E-02  9.79084765863920E+01
 9.187E-02  9.70311187152240E+01
 9.312E-02  9.61306923180977E+01
 9.440E-02  9.52114618176749E+01
 9.568E-02  9.42778408122801E+01
 9.699E-02  9.33343706885217E+01
 9.831E-02  9.23856977905699E+01
 9.966E-02  9.14365492358837E+01
 1.010E-01  9.04917074805131E+01
 1.024E-01  8.95559837503605E+01
 1.038E-01  8.86341904678445E+01
 1.052E-01  8.77311128161534E+01
 1.066E-01  8.68514795955820E+01
 1.081E-01  8.59999335381839E+01
 1.096E-01  8.51810012580090E+01
 1.111E-01  8.43990630244080E+01
 1.126E-01  8.36583225551319E+01
 1.141E-01  8.29627770341084E+01
 1.157E-01  8.23161875657127E+01
 1.173E-01  8.17220502829387E+01
 1.189E-01  8.11835683310041E+01
 1.205E-01  8.07036249504789E+01
 1.221E-01  8.02847578849042E+01
 1.238E-01  7.99291353369879E+01
 1.255E-01  7.96385336947225E+01
 1.272E-01  7.94143172441332E+01
 1.289E-01  7.92574200787427E+01
 1.307E-01  7.91683304072225E+01
 1.325E-01  7.91470774500569E+01
 1.343E-01  7.91932211033624E+01
 1.361E-01  7.93058445333210E+01
 1.380E-01  7.94835498480081E+01
 1.399E-01  7.97244569748010E+01
 1.418E-01  8.00262058511115E+01
 1.437E-01  8.03859620139925E+01
 1.457E-01  8.08004256503554E+01
 1.477E-01  8.12658441442398E+01
 1.497E-01  8.17780281309712E+01
 1.517E-01  8.23323710403187E+01
 1.538E-01  8.29238720821339E+01
 1.559E-01  8.35471625986441E+01
 1.580E-01  8.41965356778496E+01
 1.602E-01  8.48659788925906E+01
 1.624E-01  8.55492100000979E+01
 1.646E-01  8.62397154075131E+01
 1.668E-01  8.69307911802556E+01
 1.691E-01  8.76155863425369E+01
 1.714E-01  8.82871481930851E+01
 1.738E-01  8.89384693345323E+01
 1.761E-01  8.95625360922549E+01
 1.785E-01  9.01523779780003E+01
 1.810E-01  9.07011178356670E+01
 1.834E-01  9.12020222913746E+01
 1.860E-01  9.16485521176888E+01
 1.885E-01  9.20344121127591E+01
 1.911E-01  9.23536000893552E+01
 1.937E-01  9.26004545664884E+01
 1.963E-01  9.27697007575973E+01
 1.990E-01  9.28564944542149E+01
 2.017E-01  9.28564634126848E+01
 2.045E-01  9.27657458638260E+01
 2.073E-01  9.25810257814541E+01
 2.101E-01  9.22995645652618E+01
 2.130E-01  9.19192288166505E+01
 2.159E-01  9.14385139125378E+01
 2.188E-01  9.08565631117845E+01
 2.218E-01  9.01731819614748E+01
 2.248E-01  8.93888478056224E+01
 2.279E-01  8.85047142366995E+01
 2.310E-01  8.75226103704194E+01
 2.342E-01  8.64450348661340E+01
 2.374E-01  8.52751446587124E+01
 2.406E-01  8.40167384125029E+01
 2.439E-01  8.26742347535863E+01
 2.472E-01  8.12526453826177E+01
 2.506E-01  7.97575432167562E+01
 2.540E-01  7.81950257550754E+01
 2.575E-01  7.65716739070322E+01
 2.610E-01  7.48945065676258E+01
 2.646E-01  7.31709312653750E+01
 2.682E-01  7.14086912497458E+01
 2.718E-01  6.96158094227492E+01
 2.755E-01  6.78005295546586E+01
 2.793E-01  6.59712552557458E+01
 2.831E-01  6.41364872041829E+01
 2.870E-01  6.23047591543973E+01
 2.909E-01  6.04845732698090E+01
 2.949E-01  5.86843353386661E+01
 2.989E-01  5.69122904412857E+01
 3.030E-01  5.51764596411209E+01
 3.071E-01  5.34845782704657E+01
 3.113E-01  5.18440363740924E+01
 3.156E-01  5.02618218605811E+01
 3.199E-01  4.87444668915021E+01
 3.242E-01  4.72979980130012E+01
 3.287E-01  4.59278905028547E+01
 3.331E-01  4.46390273689327E+01
 3.377E-01  4.34356633925890E+01
 3.423E-01  4.23213945632022E+01
 3.470E-01  4.12991331984655E+01
 3.517E-01  4.03710889896735E+01
 3.565E-01  3.95387561528587E+01
 3.614E-01  3.88029068059350E+01
 3.663E-01  3.81635906297577E+01
 3.713E-01  3.76201408079966E+01
 3.764E-01  3.71711861776851E+01
 3.815E-01  3.68146694599907E+01
 3.867E-01  3.65478713798200E+01
 3.920E-01  3.63674404239667E+01
 3.974E-01  3.62694279312027E+01
 4.028E-01  3.62493281545387E+01
 4.083E-01  3.63021228863453E+01
 4.139E-01  3.64223301916029E+01
 4.195E-01  3.66040567537075E+01
 4.252E-01  3.68410533014584E+01
 4.311E-01  3.71267725555476E+01
 4.369E-01  3.74544291084973E+01
 4.429E-01  3.78170606339579E+01
 4.489E-01  3.82075898099576E+01
 4.551E-01  3.86188863363832E+01
 4.613E-01  3.90438284298799E+01
 4.676E-01  3.94753631896062E+01
 4.740E-01  3.99065652448488E+01
 4.804E-01  4.03306931202614E+01
 4.870E-01  4.07412427861577E+01
 4.936E-01  4.11319978994644E+01
 5.004E-01  4.14970762850781E+01
 5.072E-01  4.18309722568217E+01
 5.141E-01  4.21285944312027E+01
 5.212E-01  4.23852987448879E+01
 5.283E-01  4.25969164473243E+01
 5.355E-01  4.27597769022938E+01
 5.428E-01  4.28707250954234E+01
 5.502E-01  4.29271338077976E+01
 5.577E-01  4.29269104779024E+01
 5.653E-01  4.28684988342450E+01
 5.731E-01  4.27508754383120E+01
 5.809E-01  4.25735413312752E+01
 5.888E-01  4.23365090273543E+01
 5.969E-01  4.20402851414238E+01
 6.050E-01  4.16858489778513E+01
 6.133E-01  4.12746274413030E+01
 6.216E-01  4.08084666581335E+01
 6.301E-01  4.02896007188452E+01
 6.387E-01  3.97206179679422E+01
 6.474E-01  3.91044252774026E+01
 6.563E-01  3.84442107441090E+01
 6.652E-01  3.77434052501738E+01
 6.743E-01  3.70056433184945E+01
 6.835E-01  3.62347236844552E+01
 6.929E-01  3.54345699888857E+01
 7.023E-01  3.46091919776580E+01
 7.119E-01  3.37626475701340E+01
 7.216E-01  3.28990061325707E+01
 7.315E-01  3.20223132640430E+01
 7.415E-01  3.11365573719543E+01
 7.516E-01  3.02456382822560E+01
 7.618E-01  2.93533380965379E+01
 7.723E-01  2.84632944746446E+01
 7.828E-01  2.75789764877946E+01
 7.935E-01  2.67036631537456E+01
 8.043E-01  2.58404247326787E+01
 8.153E-01  2.49921068305061E+01
 8.264E-01  2.41613173255131E+01
 8.377E-01  2.33504161048888E+01
 8.491E-01  2.25615075700041E+01
 8.607E-01  2.17964358434514E+01
 8.725E-01  2.10567825870490E+01
 8.844E-01  2.03438673183620E+01
 8.965E-01  1.96587500939254E+01
 9.087E-01  1.90022364103618E+01
 9.211E-01  1.83748841600256E+01
 9.337E-01  1.77770124657210E+01
 9.464E-01  1.72087122094375E+01
 9.594E-01  1.66698580629144E+01
 9.725E-01  1.61601218231373E+01
 9.857E-01  1.56789868535198E+01
 9.992E-01  1.52257634314346E+01
 1.013E+00  1.47996048048117E+01
 1.027E+00  1.43995237645747E+01
 1.041E+00  1.40244095455720E+01
 1.055E+00  1.36730448762101E+01
 1.069E+00  1.33441230059997E+01
 1.084E+00  1.30362645505056E+01
 1.099E+00  1.27480340045172E+01
 1.114E+00  1.24779557864502E+01
 1.129E+00  1.22245296898305E+01
 1.144E+00  1.19862456310249E+01
 1.160E+00  1.17615975959765E+01
 1.176E+00  1.15490967024219E+01
 1.192E+00  1.13472833077488E+01
 1.208E+00  1.11547381061668E+01
 1.225E+00  1.09700921720845E+01
 1.241E+00  1.07920359194029E+01
 1.258E+00  1.06193269587519E+01
 1.275E+00  1.04507968464321E+01
 1.293E+00  1.02853567298966E+01
 1.310E+00  1.01220019049589E+01
 1.328E+00  9.95981530949043E+00
 1.347E+00  9.79796998711680E+00
 1.365E+00  9.63573056231384E+00
 1.384E+00  9.47245377530369E+00
 1.402E+00  9.30758813124139E+00
 1.422E+00  9.14067272335369E+00
 1.441E+00  8.97133529394289E+00
 1.461E+00  8.79928960050684E+00
 1.481E+00  8.62433215666977E+00
 1.501E+00  8.44633841919443E+00
 1.521E+00  8.26525849308817E+00
 1.542E+00  8.08111242676874E+00
 1.563E+00  7.89398516846894E+00
 1.584E+00  7.70402125359027E+00
 1.606E+00  7.51141929062663E+00
 1.628E+00  7.31642631063491E+00
 1.650E+00  7.11933204210056E+00
 1.673E+00  6.92046316950140E+00
 1.696E+00  6.72017762998462E+00
 1.719E+00  6.51885899840895E+00
 1.742E+00  6.31691100663531E+00
 1.766E+00  6.11475223843908E+00
 1.790E+00  5.91281103682885E+00
 1.815E+00  5.71152065594516E+00
 1.839E+00  5.51131468513266E+00
 1.864E+00  5.31262276827618E+00
 1.890E+00  5.11586663710722E+00
 1.916E+00  4.92145647295880E+00
 1.942E+00  4.72978760740322E+00
 1.968E+00  4.54123756837438E+00
 1.995E+00  4.35616347477406E+00
 2.022E+00  4.17489977920461E+00
 2.050E+00  3.99775635536999E+00
 2.078E+00  3.82501692384961E+00
 2.106E+00  3.65693780737826E+00
 2.135E+00  3.49374700446119E+00
 2.164E+00  3.33564356811385E+00
 2.194E+00  3.18279727473613E+00
 2.224E+00  3.03534856660630E+00
 2.254E+00  2.89340875020218E+00
 2.285E+00  2.75706043151839E+00
 2.316E+00  2.62635816874026E+00
 2.348E+00  2.50132932204746E+00
 2.380E+00  2.38197507994392E+00
 2.412E+00  2.26827164133539E+00
 2.445E+00  2.16017153259152E+00
 2.479E+00  2.05760503902543E+00
 2.513E+00  1.96048173058962E+00
 2.547E+00  1.86869206211157E+00
 2.582E+00  1.78210902906394E+00
 2.617E+00  1.70058986067078E+00
 2.653E+00  1.62397773308013E+00
 2.689E+00  1.55210348636995E+00
 2.725E+00  1.48478733028545E+00
 2.763E+00  1.42184052481481E+00
 2.800E+00  1.36306702298123E+00
 2.839E+00  1.30826506454475E+00
 2.877E+00  1.25722871064991E+00
 2.917E+00  1.20974931080605E+00
 2.956E+00  1.16561689492968E+00
 2.997E+00  1.12462148449253E+00
 3.038E+00  1.08655431809085E+00
 3.079E+00  1.05120898796374E+00
 3.121E+00  1.01838248512830E+00
 3.164E+00  9.87876151856246E-01
 3.207E+00  9.59496541180557E-01
 3.251E+00  9.33056183987508E-01
 3.295E+00  9.08374265014139E-01
 3.340E+00  8.85277209735164E-01
 3.386E+00  8.63599184687530E-01
 3.432E+00  8.43182514250202E-01
 3.479E+00  8.23878017277313E-01
 3.526E+00  8.05545267281956E-01
 3.575E+00  7.88052780094015E-01
 3.623E+00  7.71278133077349E-01
 3.673E+00  7.55108020097985E-01
 3.723E+00  7.39438246494344E-01
 3.774E+00  7.24173668320724E-01
 3.825E+00  7.09228080123425E-01
 3.878E+00  6.94524055471217E-01
 3.930E+00  6.79992744403784E-01
 3.984E+00  6.65573631887450E-01
 4.039E+00  6.51214261280814E-01
 4.094E+00  6.36869926716271E-01
 4.150E+00  6.22503338199199E-01
 4.206E+00  6.08084263116107E-01
 4.264E+00  5.93589147727483E-01
 4.322E+00  5.79000722101064E-01
 4.381E+00  5.64307591817242E-01
 4.441E+00  5.49503819650507E-01
 4.501E+00  5.34588500299440E-01
 4.563E+00  5.19565331102711E-01
 4.625E+00  5.04442181540022E-01
 4.688E+00  4.89230664174869E-01
 4.752E+00  4.73945709550515E-01
 4.817E+00  4.58605147401833E-01
 4.883E+00  4.43229296393754E-01
 4.950E+00  4.27840564442285E-01
 5.017E+00  4.12463061516631E-01
 5.086E+00  3.97122226661227E-01
 5.155E+00  3.81844470814818E-01
 5.225E+00  3.66656836840518E-01
 5.297E+00  3.51586678016473E-01
 5.369E+00  3.36661356071819E-01
 5.442E+00  3.21907959687538E-01
 5.517E+00  3.07353044217197E-01
 5.592E+00  2.93022393218765E-01
 5.668E+00  2.78940802226618E-01
 5.746E+00  2.65131885032765E-01
 5.824E+00  2.51617902589145E-01
 5.904E+00  2.38419614489095E-01
 5.984E+00  2.25556152836557E-01
 6.066E+00  2.13044918166939E-01
 6.149E+00  2.00901496944662E-01
 6.233E+00  1.89139600029901E-01
 6.318E+00  1.77771021381892E-01
 6.404E+00  1.66805616149051E-01
 6.491E+00  1.56251297187933E-01
 6.580E+00  1.46114048954496E-01
 6.670E+00  1.36397957623009E-01
 6.761E+00  1.27105256210864E-01
 6.853E+00  1.18236383422330E-01
 6.947E+00  1.09790054871239E-01
 7.042E+00  1.01763345302386E-01
 7.138E+00  9.41517804042258E-02
 7.235E+00  8.69494367915487E-02
 7.334E+00  8.01490487362446E-02
 7.434E+00  7.37421202368602E-02
 7.536E+00  6.77190410432479E-02
 7.639E+00  6.20692052906609E-02
 7.743E+00  5.67811314476331E-02
 7.849E+00  5.18425823430712E-02
 7.956E+00  4.72406841093023E-02
 8.064E+00  4.29620429582663E-02
 8.174E+00  3.89928587964469E-02
 8.286E+00  3.53190347791875E-02
 8.399E+00  3.19262820053604E-02
 8.514E+00  2.88002186575120E-02
 8.630E+00  2.59264629991154E-02
 8.748E+00  2.32907197479534E-02
 8.867E+00  2.08788594514686E-02
 8.988E+00  1.86769905947565E-02
 9.111E+00  1.66715242734146E-02
 9.235E+00  1.48492313604555E-02
 9.362E+00  1.31972921878549E-02
 9.489E+00  1.17033388480593E-02
 9.619E+00  1.03554902981075E-02
 9.750E+00  9.14238051827569E-03
 9.883E+00  8.05318003784787E-03
 1.002E+01  7.07761119243322E-03
 1.016E+01  6.20595752005596E-03
 1.029E+01  5.42906773704230E-03
 1.043E+01  4.73835475970334E-03
 1.058E+01  4.12579025427019E-03
 1.072E+01  3.58389520591291E-03
 1.087E+01  3.10572699852021E-03
 1.102E+01  2.68486349086786E-03
 1.117E+01  2.31538456256508E-03
 1.132E+01  1.99185158550168E-03
 1.147E+01  1.70928525421266E-03
 1.163E+01  1.46314218243539E-03
 1.179E+01  1.24929064395612E-03
 1.195E+01  1.06398580440443E-03
 1.211E+01  9.03844757701945E-04
 1.228E+01  7.65821647097481E-04
 1.245E+01  6.47183116769381E-04
 1.262E+01  5.45484306419264E-04
 1.279E+01  4.58545568627570E-04
 1.296E+01  3.84430057422057E-04
 1.314E+01  3.21422306885520E-04
 1.332E+01  2.68007890984061E-04
 1.350E+01  2.22854230347445E-04
 1.368E+01  1.84792588625277E-04
 1.387E+01  1.52801280363296E-04
 1.406E+01  1.25990094121522E-04
 1.425E+01  1.03585918768989E-04
 1.445E+01  8.49195474741036E-05
 1.464E+01  6.94136227643561E-05
 1.484E+01  5.65716770243985E-05
 1.505E+01  4.59682157840421E-05
 1.525E+01  3.72397859491181E-05
 1.546E+01  3.00769675685172E-05
 1.567E+01  2.42172256256346E-05
 1.589E+01  1.94385575068154E-05
 1.610E+01  1.55538720518479E-05
 1.632E+01  1.24060372574096E-05
 1.655E+01  9.86353561884545E-06
 1.677E+01  7.81666860535570E-06
 1.700E+01  6.17425472839766E-06
 1.723E+01  4.86076895667637E-06
 1.747E+01  3.81387474173933E-06
 1.771E+01  2.98230354870208E-06
 1.795E+01  2.32404045390232E-06
 1.819E+01  1.80477800579635E-06
 1.844E+01  1.39660409037874E-06
 1.869E+01  1.07689295282962E-06
 1.895E+01  8.27371768605190E-07
 1.921E+01  6.33338204897254E-07
 1.947E+01  4.83007251289858E-07
 1.974E+01  3.66971271326987E-07
 2.000E+01  2.77769511443168E-07
 2.028E+01  2.09457329428688E-07
 2.055E+01  1.57342251739976E-07
 2.084E+01  1.17737320050094E-07
 2.112E+01  8.77570362993629E-08
 2.141E+01  6.51521381784938E-08
 2.170E+01  4.81763755973346E-08
 2.200E+01  3.54795434728956E-08
 2.230E+01  2.60219619144503E-08
 2.260E+01  1.90063974522684E-08
 2.291E+01  1.38241035863972E-08
 2.322E+01  1.00122398073359E-08
 2.354E+01  7.22041844624913E-09
 2.386E+01  5.18454019567754E-09
 2.419E+01  3.70642270840021E-09
 2.452E+01  2.63801201942849E-09
 2.485E+01  1.86920225570641E-09
 2.519E+01  1.31848279415671E-09
 2.554E+01  9.25790346636280E-10
 2.588E+01  6.47072161965361E-10
 2.624E+01  4.50170617266334E-10
 2.660E+01  3.11723184324077E-10
 2.696E+01  2.14838724343974E-10
 2.733E+01  1.47364345548682E-10
 2.770E+01  1.00599218486678E-10
 2.808E+01  6.83449216681410E-11
 2.846E+01  4.62078547927813E-11
 2.885E+01  3.10894635226245E-11
 2.924E+01  2.08156572518026E-11
 2.964E+01  1.38688345084972E-11
 3.005E+01  9.19513757425277E-12
 3.046E+01  6.06656202388115E-12
 3.087E+01  3.98284441901451E-12
 3.130E+01  2.60203479959469E-12
 3.172E+01  1.69163829637916E-12
 3.216E+01  1.09442287725324E-12
 3.259E+01  7.04624654089001E-13
 3.304E+01  4.51482177362460E-13
 3.349E+01  2.87906850434790E-13
 3.395E+01  1.82731736516651E-13
 3.441E+01  1.15438855684145E-13
 3.488E+01  7.25930317423065E-14
 3.536E+01  4.54438165726006E-14
 3.584E+01  2.83221739541305E-14
 3.633E+01  1.75746952760397E-14
 3.683E+01  1.08592028059730E-14
 3.733E+01  6.68186669046287E-15
 3.784E+01  4.09476209414906E-15
 3.835E+01  2.49937457687293E-15
 3.888E+01  1.51965518774342E-15
 3.941E+01  9.20462845295004E-16
 3.995E+01  5.55453095188416E-16
 4.049E+01  3.33960832311395E-16
 4.104E+01  2.00065026517493E-16
 4.161E+01  1.19422727724069E-16
 4.217E+01  7.10308091673546E-17
 4.275E+01  4.20963602681394E-17
 4.333E+01  2.48578754065507E-17
 4.392E+01  1.46244006899264E-17
 4.452E+01  8.57134438177788E-18
 4.513E+01  5.00412741482775E-18
 4.575E+01  2.90976777218010E-18
 4.637E+01  1.68489260795259E-18
 4.701E+01  9.71396156739198E-19
 4.765E+01  5.57509649488525E-19
 4.830E+01  3.18464076200312E-19
 4.896E+01  1.81027493777423E-19
 4.963E+01  1.02386056911945E-19
 5.030E+01  5.76118780470388E-20
 5.099E+01  3.22532203759497E-20
 5.169E+01  1.79695638907532E-20
 5.239E+01  9.97018959975481E-21
 5.311E+01  5.51711835891646E-21
 5.383E+01  3.05381764739045E-21
 5.457E+01  1.70037490877497E-21
 5.531E+01  9.62408891530204E-22
 5.607E+01  0.00000000000000E+00
 5.683E+01  0.00000000000000E+00
 5.761E+01  0.00000000000000E+00
 5.839E+01  0.00000000000000E+00
 5.919E+01  0.00000000000000E+00
 6.000E+01  0.00000000000000E+00
