line2: Z,NR,R(1),R(NR) /line3,4,...: R(N),RHO*4*PI*R(N)**2
 7.00  2000  1.01365245284744E-10  6.00000000000000E+01
 1.014E-10  2.77629566391426E-17
 1.027E-10  2.85251863020720E-17
 1.042E-10  2.93083429169246E-17
 1.056E-10  3.01523523973269E-17
 1.070E-10  3.09801827217789E-17
 1.085E-10  3.18307410588517E-17
 1.100E-10  3.27046514042416E-17
 1.115E-10  3.36025548853923E-17
 1.130E-10  3.45251102318460E-17
 1.145E-10  3.54729942585122E-17
 1.161E-10  3.64469023621972E-17
 1.177E-10  3.74475490317673E-17
 1.193E-10  3.84756683723230E-17
 1.209E-10  3.95320146437559E-17
 1.226E-10  4.06173628141029E-17
 1.242E-10  4.17325091280838E-17
 1.259E-10  4.28782716912491E-17
 1.276E-10  4.40554910701716E-17
 1.294E-10  4.52650309091061E-17
 1.312E-10  4.65077785635889E-17
 1.329E-10  4.77846457514328E-17
 1.348E-10  4.90965692215810E-17
 1.366E-10  5.04445114413463E-17
 1.385E-10  5.18294613024996E-17
 1.404E-10  5.32524348467498E-17
 1.423E-10  5.47144760111489E-17
 1.442E-10  5.62166573939573E-17
 1.462E-10  5.77600810415247E-17
 1.482E-10  5.93458792567940E-17
 1.502E-10  6.09752154299948E-17
 1.523E-10  6.26492848921313E-17
 1.543E-10  6.43693157919263E-17
 1.564E-10  6.61365699968232E-17
 1.586E-10  6.79523440187256E-17
 1.607E-10  6.98179699651690E-17
 1.629E-10  7.17348165165936E-17
 1.652E-10  7.37042899304329E-17
 1.674E-10  7.57278350728133E-17
 1.697E-10  7.78069364785424E-17
 1.720E-10  7.99431194401954E-17
 1.744E-10  8.21379511271380E-17
 1.767E-10  8.43930417352346E-17
 1.792E-10  8.67100456681445E-17
 1.816E-10  8.90906627510422E-17
 1.841E-10  9.15366394776607E-17
 1.866E-10  9.40497702915771E-17
 1.891E-10  9.66318989026565E-17
 1.917E-10  9.92849196396730E-17
 1.943E-10  1.02010778840039E-16
 1.970E-10  1.04811476277692E-16
 1.997E-10  1.07689066630206E-16
 2.024E-10  1.10645660986149E-16
 2.052E-10  1.13683428393851E-16
 2.080E-10  1.16804597452683E-16
 2.108E-10  1.20011457948028E-16
 2.137E-10  1.23306362531138E-16
 2.166E-10  1.26691728445104E-16
 2.196E-10  1.30170039298218E-16
 2.226E-10  1.33743846886046E-16
 2.256E-10  1.37415773063486E-16
 2.287E-10  1.41188511668229E-16
 2.318E-10  1.45064830497068E-16
 2.350E-10  1.49047573336432E-16
 2.382E-10  1.53139662048649E-16
 2.414E-10  1.57344098715542E-16
 2.447E-10  1.61663967840853E-16
 2.481E-10  1.66102438613103E-16
 2.515E-10  1.70662767230629E-16
 2.549E-10  1.75348299290408E-16
 2.584E-10  1.80162472242512E-16
 2.619E-10  1.85108817911915E-16
 2.655E-10  1.90190965089560E-16
 2.691E-10  1.95412642194531E-16
 2.728E-10  2.00777680009350E-16
 2.765E-10  2.06290014490373E-16
 2.803E-10  2.11953689655266E-16
 2.841E-10  2.17772860549898E-16
 2.880E-10  2.23751796296587E-16
 2.919E-10  2.29894883225998E-16
 2.959E-10  2.36206628095172E-16
 2.999E-10  2.42691661393802E-16
 3.040E-10  2.49354740741256E-16
 3.082E-10  2.56200754376965E-16
 3.124E-10  2.63234724746565E-16
 3.166E-10  2.70461812186503E-16
 3.210E-10  2.77887318709862E-16
 3.253E-10  2.85516691896019E-16
 3.298E-10  2.93355528887195E-16
 3.343E-10  3.01409580494707E-16
 3.389E-10  3.09684755417892E-16
 3.435E-10  3.18188682341101E-16
 3.482E-10  3.26924526107109E-16
 3.529E-10  3.35900211735649E-16
 3.577E-10  3.45122324065051E-16
 3.626E-10  3.54597628719844E-16
 3.676E-10  3.64333077074195E-16
 3.726E-10  3.74335811351688E-16
 3.777E-10  3.84613169865059E-16
 3.828E-10  3.95172692399775E-16
 3.881E-10  4.06022125745522E-16
 3.934E-10  4.17169429379439E-16
 3.987E-10  4.28622781305450E-16
 4.042E-10  4.40390584053857E-16
 4.097E-10  4.52481470845768E-16
 4.153E-10  4.64904311926663E-16
 4.210E-10  4.77668221073847E-16
 4.267E-10  4.90782562282603E-16
 4.325E-10  5.04256956635982E-16
 4.384E-10  5.18101289363023E-16
 4.444E-10  5.32325717090900E-16
 4.505E-10  5.46940675296140E-16
 4.566E-10  5.61956885960430E-16
 4.629E-10  5.77385365436552E-16
 4.692E-10  5.93237432530315E-16
 4.756E-10  6.09524716804446E-16
 4.821E-10  6.26259167110297E-16
 4.887E-10  6.43453060353961E-16
 4.953E-10  6.61119010502943E-16
 5.021E-10  6.79269977840172E-16
 5.090E-10  6.97919278472101E-16
 5.159E-10  7.17080594097730E-16
 5.230E-10  7.36767982045960E-16
 5.301E-10  7.56995885588524E-16
 5.373E-10  7.77779144535932E-16
 5.447E-10  7.99133006124472E-16
 5.521E-10  8.21073136202002E-16
 5.596E-10  8.43615630720969E-16
 5.673E-10  8.66777027546852E-16
 5.750E-10  8.90574318590753E-16
 5.829E-10  9.15024962275385E-16
 5.908E-10  9.40146896342935E-16
 5.989E-10  9.65958551014778E-16
 6.071E-10  9.92478862512542E-16
 6.154E-10  1.01972728695018E-15
 6.238E-10  1.04772381460775E-15
 6.323E-10  1.07648898459661E-15
 6.409E-10  1.10604389992769E-15
 6.497E-10  1.13641024299352E-15
 6.585E-10  1.16761029147476E-15
 6.675E-10  1.19966693468393E-15
 6.766E-10  1.23260369035778E-15
 6.859E-10  1.26644472191043E-15
 6.952E-10  1.30121485616061E-15
 7.047E-10  1.33693960154532E-15
 7.144E-10  1.37364516683346E-15
 7.241E-10  1.41135848035352E-15
 7.340E-10  1.45010720974900E-15
 7.440E-10  1.48991978227625E-15
 7.542E-10  1.53082540565958E-15
 7.645E-10  1.57285408951887E-15
 7.749E-10  1.61603666738564E-15
 7.855E-10  1.66040481932343E-15
 7.962E-10  1.70599109516921E-15
 8.071E-10  1.75282893841319E-15
 8.181E-10  1.80095271073348E-15
 8.293E-10  1.85039771720547E-15
 8.406E-10  1.90120023220237E-15
 8.521E-10  1.95339752600718E-15
 8.637E-10  2.00702789215544E-15
 8.755E-10  2.06213067552858E-15
 8.874E-10  2.11874630121841E-15
 8.996E-10  2.17691630418401E-15
 9.118E-10  2.23668335972364E-15
 9.243E-10  2.29809131478218E-15
 9.369E-10  2.36118522011860E-15
 9.497E-10  2.42601136335685E-15
 9.627E-10  2.49261730294349E-15
 9.758E-10  2.56105190303837E-15
 9.891E-10  2.63136536936282E-15
 1.003E-09  2.70360928603198E-15
 1.016E-09  2.77783665339846E-15
 1.030E-09  2.85410192693528E-15
 1.044E-09  2.93246105718571E-15
 1.059E-09  3.01297153081057E-15
 1.073E-09  3.09569241276204E-15
 1.088E-09  3.18068438961590E-15
 1.102E-09  3.26800981409257E-15
 1.118E-09  3.35773275080087E-15
 1.133E-09  3.44991902323860E-15
 1.148E-09  3.54463626208203E-15
 1.164E-09  3.64195395480177E-15
 1.180E-09  3.74194349664112E-15
 1.196E-09  3.84467824299400E-15
 1.212E-09  3.95023356322041E-15
 1.229E-09  4.05868689593979E-15
 1.246E-09  4.17011780584237E-15
 1.263E-09  4.28460804205997E-15
 1.280E-09  4.40224159814056E-15
 1.297E-09  4.52310477366745E-15
 1.315E-09  4.64728623757173E-15
 1.333E-09  4.77487709318293E-15
 1.351E-09  4.90597094506422E-15
 1.370E-09  5.04066396768493E-15
 1.388E-09  5.17905497597595E-15
 1.407E-09  5.32124549782364E-15
 1.426E-09  5.46733984855400E-15
 1.446E-09  5.61744520746183E-15
 1.466E-09  5.77167169644007E-15
 1.486E-09  5.93013246076910E-15
 1.506E-09  6.09294375212358E-15
 1.527E-09  6.26022501385789E-15
 1.547E-09  6.43209896863399E-15
 1.568E-09  6.60869170845384E-15
 1.590E-09  6.79013278716462E-15
 1.612E-09  6.97655531550386E-15
 1.634E-09  7.16809605875291E-15
 1.656E-09  7.36489553707220E-15
 1.679E-09  7.56709812859168E-15
 1.701E-09  7.77485217533078E-15
 1.725E-09  7.98831009202599E-15
 1.748E-09  8.20762847794789E-15
 1.772E-09  8.43296823178723E-15
 1.796E-09  8.66449466969393E-15
 1.821E-09  8.90237764655938E-15
 1.846E-09  9.14679168062655E-15
 1.871E-09  9.39791608152166E-15
 1.896E-09  9.65593508180214E-15
 1.922E-09  9.92103797211442E-15
 1.949E-09  1.01934192400640E-14
 1.975E-09  1.04732787128968E-14
 2.002E-09  1.07608217040986E-14
 2.029E-09  1.10562591640207E-14
 2.057E-09  1.13598078346369E-14
 2.085E-09  1.16716904085545E-14
 2.114E-09  1.19921356923876E-14
 2.143E-09  1.23213787746159E-14
 2.172E-09  1.26596611980542E-14
 2.201E-09  1.30072311370541E-14
 2.232E-09  1.33643435795734E-14
 2.262E-09  1.37312605142425E-14
 2.293E-09  1.41082511225684E-14
 2.324E-09  1.44955919764119E-14
 2.356E-09  1.48935672408916E-14
 2.388E-09  1.53024688828555E-14
 2.421E-09  1.57225968850773E-14
 2.454E-09  1.61542594663301E-14
 2.487E-09  1.65977733075096E-14
 2.521E-09  1.70534637839584E-14
 2.556E-09  1.75216652041690E-14
 2.590E-09  1.80027210550485E-14
 2.626E-09  1.84969842539054E-14
 2.662E-09  1.90048174073643E-14
 2.698E-09  1.95265930773843E-14
 2.735E-09  2.00626940545796E-14
 2.772E-09  2.06135136390500E-14
 2.810E-09  2.11794559289148E-14
 2.848E-09  2.17609361167726E-14
 2.887E-09  2.23583807943007E-14
 2.927E-09  2.29722282652147E-14
 2.967E-09  2.36029288668197E-14
 3.007E-09  2.42509453003931E-14
 3.048E-09  2.49167529706402E-14
 3.090E-09  2.56008403344577E-14
 3.132E-09  2.63037092592857E-14
 3.175E-09  2.70258753912942E-14
 3.218E-09  2.77678685336728E-14
 3.262E-09  2.85302330353122E-14
 3.307E-09  2.93135281901568E-14
 3.352E-09  3.01183286475189E-14
 3.398E-09  3.09452248336549E-14
 3.444E-09  3.17948233849288E-14
 3.491E-09  3.26677475928508E-14
 3.539E-09  3.35646378613455E-14
 3.587E-09  3.44861521765767E-14
 3.636E-09  3.54329665896580E-14
 3.685E-09  3.64057757126303E-14
 3.736E-09  3.74052932280472E-14
 3.787E-09  3.84322524125559E-14
 3.838E-09  3.94874066748535E-14
 3.891E-09  4.05715301084052E-14
 3.944E-09  4.16854180593469E-14
 3.998E-09  4.28298877099755E-14
 4.052E-09  4.40057786782599E-14
 4.108E-09  4.52139536337998E-14
 4.164E-09  4.64552989307223E-14
 4.221E-09  4.77307252579311E-14
 4.278E-09  4.90411683072091E-14
 4.337E-09  5.03875894596815E-14
 4.396E-09  5.17709764911098E-14
 4.456E-09  5.31923442965526E-14
 4.517E-09  5.46527356349246E-14
 4.578E-09  5.61532218939988E-14
 4.641E-09  5.76949038764061E-14
 4.704E-09  5.92789126072127E-14
 4.769E-09  6.09064101636885E-14
 4.834E-09  6.25785905278357E-14
 4.900E-09  6.42966804623193E-14
 4.967E-09  6.60619404104769E-14
 5.034E-09  6.78756654210051E-14
 5.103E-09  6.97391860980476E-14
 5.173E-09  7.16538695773743E-14
 5.243E-09  7.36211205293527E-14
 5.315E-09  7.56423821894436E-14
 5.388E-09  7.77191374170127E-14
 5.461E-09  7.98529097832139E-14
 5.536E-09  8.20452646887007E-14
 5.611E-09  8.42978105120748E-14
 5.688E-09  8.66121997898289E-14
 5.765E-09  8.89901304286990E-14
 5.844E-09  9.14333469513056E-14
 5.924E-09  9.39436417759855E-14
 6.005E-09  9.65228565317684E-14
 6.087E-09  9.91728834094472E-14
 6.170E-09  1.01895666549736E-13
 6.254E-09  1.04693203469581E-13
 6.340E-09  1.07567546527577E-13
 6.426E-09  1.10520804429629E-13
 6.514E-09  1.13555143775997E-13
 6.603E-09  1.16672790650759E-13
 6.693E-09  1.19876032254925E-13
 6.784E-09  1.23167218584419E-13
 6.877E-09  1.26548764154095E-13
 6.971E-09  1.30023149769100E-13
 7.066E-09  1.33592924344867E-13
 7.162E-09  1.37260706777079E-13
 7.260E-09  1.41029187862970E-13
 7.359E-09  1.44901132275372E-13
 7.460E-09  1.48879380590982E-13
 7.562E-09  1.52966851374260E-13
 7.665E-09  1.57166543318597E-13
 7.770E-09  1.61481537446263E-13
 7.876E-09  1.65914999368712E-13
 7.983E-09  1.70470181608979E-13
 8.092E-09  1.75150425987834E-13
 8.203E-09  1.79959166075442E-13
 8.315E-09  1.84899929710326E-13
 8.428E-09  1.89976341587514E-13
 8.543E-09  1.95192125917703E-13
 8.660E-09  2.00551109159470E-13
 8.778E-09  2.06057222826476E-13
 8.898E-09  2.11714506371725E-13
 9.019E-09  2.17527110151066E-13
 9.142E-09  2.23499298467981E-13
 9.267E-09  2.29635452702028E-13
 9.394E-09  2.35940074523150E-13
 9.522E-09  2.42417789194238E-13
 9.652E-09  2.49073348964367E-13
 9.784E-09  2.55911636555158E-13
 9.917E-09  2.62937668742951E-13
 1.005E-08  2.70156600039222E-13
 1.019E-08  2.77573726472080E-13
 1.033E-08  2.85194489471627E-13
 1.047E-08  2.93024479861930E-13
 1.061E-08  3.01069441962631E-13
 1.076E-08  3.09335277803153E-13
 1.090E-08  3.17828051452595E-13
 1.105E-08  3.26553993468538E-13
 1.120E-08  3.35519505467947E-13
 1.136E-08  3.44731164823600E-13
 1.151E-08  3.54195729489473E-13
 1.167E-08  3.63920142958518E-13
 1.183E-08  3.73911539356671E-13
 1.199E-08  3.84177248676639E-13
 1.215E-08  3.94724802155435E-13
 1.232E-08  4.05561937799499E-13
 1.249E-08  4.16696606061508E-13
 1.266E-08  4.28136975673088E-13
 1.283E-08  4.39891439637657E-13
 1.301E-08  4.51968621387788E-13
 1.318E-08  4.64377381111582E-13
 1.336E-08  4.77126822252789E-13
 1.355E-08  4.90226298189403E-13
 1.373E-08  5.03685419095515E-13
 1.392E-08  5.17514058991630E-13
 1.411E-08  5.31722362988684E-13
 1.430E-08  5.46320754730565E-13
 1.450E-08  5.61319944041427E-13
 1.470E-08  5.76730934782660E-13
 1.490E-08  5.92565032925562E-13
 1.510E-08  6.08833854845929E-13
 1.531E-08  6.25549335845977E-13
 1.551E-08  6.42723738910591E-13
 1.573E-08  6.60369663703792E-13
 1.594E-08  6.78500055812063E-13
 1.616E-08  6.97128216241897E-13
 1.638E-08  7.16267811177636E-13
 1.660E-08  7.35932882007357E-13
 1.683E-08  7.56137855624250E-13
 1.706E-08  7.76897555010378E-13
 1.729E-08  7.98227210111439E-13
 1.753E-08  8.20142469009871E-13
 1.777E-08  8.42659409404687E-13
 1.801E-08  8.65794550406598E-13
 1.826E-08  8.89564864656994E-13
 1.851E-08  9.13987790779512E-13
 1.876E-08  9.39081246173413E-13
 1.901E-08  9.64863640158612E-13
 1.927E-08  9.91353887481054E-13
 1.954E-08  1.01857142218921E-12
 1.980E-08  1.04653621189155E-12
 2.007E-08  1.07526877240527E-12
 2.035E-08  1.10479018280735E-12
 2.063E-08  1.13512210089884E-12
 2.091E-08  1.16628677909357E-12
 2.119E-08  1.19830708074320E-12
 2.148E-08  1.23120649691064E-12
 2.178E-08  1.26500916360357E-12
 2.207E-08  1.29973987948136E-12
 2.237E-08  1.33542412404819E-12
 2.268E-08  1.37208807634552E-12
 2.299E-08  1.40975863415789E-12
 2.330E-08  1.44846343374581E-12
 2.362E-08  1.48823087012058E-12
 2.394E-08  1.52909011787588E-12
 2.427E-08  1.57107115259076E-12
 2.460E-08  1.61420477282095E-12
 2.494E-08  1.65852262269353E-12
 2.528E-08  1.70405721512186E-12
 2.562E-08  1.75084195565809E-12
 2.597E-08  1.79891116700046E-12
 2.633E-08  1.84830011417352E-12
 2.669E-08  1.89904503039952E-12
 2.705E-08  1.95118314367998E-12
 2.742E-08  2.00475270410777E-12
 2.779E-08  2.05979301192799E-12
 2.817E-08  2.11634444636999E-12
 2.856E-08  2.17444849527101E-12
 2.895E-08  2.23414778551217E-12
 2.934E-08  2.29548611429162E-12
 2.974E-08  2.35850848125515E-12
 3.015E-08  2.42326112150894E-12
 3.056E-08  2.48979153953930E-12
 3.098E-08  2.55814854406347E-12
 3.140E-08  2.62838228383698E-12
 3.183E-08  2.70054428444412E-12
 3.227E-08  2.77468748609878E-12
 3.271E-08  2.85086628248298E-12
 3.315E-08  2.92913656065147E-12
 3.361E-08  3.00955574203222E-12
 3.406E-08  3.09218282455276E-12
 3.453E-08  3.17707842592207E-12
 3.500E-08  3.26430482810214E-12
 3.548E-08  3.35392602299973E-12
 3.596E-08  3.44600775941236E-12
 3.645E-08  3.54061759126405E-12
 3.695E-08  3.63782492716439E-12
 3.746E-08  3.73770108132883E-12
 3.797E-08  3.84031932589705E-12
 3.849E-08  3.94575494468749E-12
 3.901E-08  4.05408528842779E-12
 3.954E-08  4.16538983150080E-12
 4.008E-08  4.27975023025053E-12
 4.063E-08  4.39725038288694E-12
 4.119E-08  4.51797649103561E-12
 4.175E-08  4.64201712297886E-12
 4.232E-08  4.76946327863108E-12
 4.290E-08  4.90040845629949E-12
 4.348E-08  5.03494872127669E-12
 4.408E-08  5.17318277631738E-12
 4.468E-08  5.31521203404922E-12
 4.529E-08  5.46114069137205E-12
 4.591E-08  5.61107580590020E-12
 4.653E-08  5.76512737450240E-12
 4.717E-08  5.92340841399910E-12
 4.781E-08  6.08603504407451E-12
 4.846E-08  6.25312657246561E-12
 4.913E-08  6.42480558248978E-12
 4.980E-08  6.60119802297478E-12
 5.048E-08  6.78243330065931E-12
 5.117E-08  6.96864437512911E-12
 5.186E-08  7.15996785635907E-12
 5.257E-08  7.35654410493596E-12
 5.329E-08  7.55851733503003E-12
 5.402E-08  7.76603572019303E-12
 5.475E-08  7.97925150206572E-12
 5.550E-08  8.19832110206467E-12
 5.626E-08  8.42340523613673E-12
 5.703E-08  8.65466903266729E-12
 5.781E-08  8.89228215362086E-12
 5.860E-08  9.13641891901054E-12
 5.940E-08  9.38725843478470E-12
 6.021E-08  9.64498472422397E-12
 6.103E-08  9.90978686294435E-12
 6.186E-08  1.01818591176106E-11
 6.271E-08  1.04614010884550E-11
 6.356E-08  1.07486178557087E-11
 6.443E-08  1.10437201300557E-11
 6.531E-08  1.13469244072152E-11
 6.620E-08  1.16584531267690E-11
 6.711E-08  1.19785348353497E-11
 6.802E-08  1.23074043543085E-11
 6.895E-08  1.26453029519872E-11
 6.989E-08  1.29924785207192E-11
 7.085E-08  1.33491857586897E-11
 7.181E-08  1.37156863567886E-11
 7.279E-08  1.40922491905966E-11
 7.379E-08  1.44791505176387E-11
 7.479E-08  1.48766741800523E-11
 7.582E-08  1.52851118128253E-11
 7.685E-08  1.57047630577429E-11
 7.790E-08  1.61359357832174E-11
 7.896E-08  1.65789463101483E-11
 8.004E-08  1.70341196439799E-11
 8.113E-08  1.75017897131390E-11
 8.224E-08  1.79822996140115E-11
 8.336E-08  1.84760018626475E-11
 8.450E-08  1.89832586533764E-11
 8.566E-08  1.95044421245233E-11
 8.683E-08  2.00399346314203E-11
 8.801E-08  2.05901290269107E-11
 8.921E-08  2.11554289495569E-11
 9.043E-08  2.17362491197609E-11
 9.167E-08  2.23330156440171E-11
 9.292E-08  2.29461663275094E-11
 9.419E-08  2.35761509953022E-11
 9.547E-08  2.42234318223412E-11
 9.677E-08  2.48884836725179E-11
 9.810E-08  2.55717944470441E-11
 9.944E-08  2.62738654423849E-11
 1.008E-07  2.69952117180289E-11
 1.022E-07  2.77363624743442E-11
 1.036E-07  2.84978614408153E-11
 1.050E-07  2.92802672749404E-11
 1.064E-07  3.00841539720712E-11
 1.079E-07  3.09101112865163E-11
 1.093E-07  3.17587451641996E-11
 1.108E-07  3.26306781871951E-11
 1.123E-07  3.35265500304720E-11
 1.139E-07  3.44470179311735E-11
 1.154E-07  3.53927571707874E-11
 1.170E-07  3.63644615705475E-11
 1.186E-07  3.73628440004376E-11
 1.202E-07  3.83886369021739E-11
 1.219E-07  3.94425928265442E-11
 1.235E-07  4.05254849854917E-11
 1.252E-07  4.16381078193676E-11
 1.269E-07  4.27812775797521E-11
 1.287E-07  4.39558329282795E-11
 1.304E-07  4.51626355518991E-11
 1.322E-07  4.64025707950280E-11
 1.340E-07  4.76765483090655E-11
 1.358E-07  4.89855027197358E-11
 1.377E-07  5.03303943127536E-11
 1.396E-07  5.17122097383084E-11
 1.415E-07  5.31319627349009E-11
 1.434E-07  5.45906948730440E-11
 1.454E-07  5.60894763193854E-11
 1.473E-07  5.76294066218080E-11
 1.494E-07  5.92116155160840E-11
 1.514E-07  6.08372637546820E-11
 1.535E-07  6.25075439583126E-11
 1.556E-07  6.42236814908733E-11
 1.577E-07  6.59869353584031E-11
 1.598E-07  6.77985991327082E-11
 1.620E-07  6.96600019003773E-11
 1.642E-07  7.15725092378206E-11
 1.665E-07  7.35375242130791E-11
 1.687E-07  7.55564884151686E-11
 1.710E-07  7.76308830116512E-11
 1.734E-07  7.97622298352496E-11
 1.757E-07  8.19520925003133E-11
 1.781E-07  8.42020775499116E-11
 1.806E-07  8.65138356344316E-11
 1.830E-07  8.88890627225415E-11
 1.855E-07  9.13295013453840E-11
 1.881E-07  9.38369418749294E-11
 1.906E-07  9.64132238374613E-11
 1.932E-07  9.90602372630665E-11
 1.959E-07  1.01779924072203E-10
 1.986E-07  1.04574279500365E-10
 2.013E-07  1.07445353561796E-10
 2.040E-07  1.10395252553453E-10
 2.068E-07  1.13426140600217E-10
 2.096E-07  1.16540241242546E-10
 2.125E-07  1.19739839067723E-10
 2.154E-07  1.23027281385846E-10
 2.183E-07  1.26404979951903E-10
 2.213E-07  1.29875412735079E-10
 2.243E-07  1.33441125736634E-10
 2.274E-07  1.37104734857699E-10
 2.305E-07  1.40868927818371E-10
 2.336E-07  1.44736466129492E-10
 2.368E-07  1.48710187118508E-10
 2.401E-07  1.52793006011034E-10
 2.433E-07  1.56987918069509E-10
 2.467E-07  1.61298000790558E-10
 2.500E-07  1.65726416162754E-10
 2.534E-07  1.70276412986273E-10
 2.569E-07  1.74951329256289E-10
 2.604E-07  1.79754594611807E-10
 2.640E-07  1.84689732851702E-10
 2.676E-07  1.89760364519862E-10
 2.712E-07  1.94970209561250E-10
 2.749E-07  2.00323090050970E-10
 2.787E-07  2.05822932998190E-10
 2.825E-07  2.11473773227081E-10
 2.863E-07  2.17279756336836E-10
 2.903E-07  2.23245141742939E-10
 2.942E-07  2.29374305801998E-10
 2.982E-07  2.35671745022269E-10
 3.023E-07  2.42142079362392E-10
 3.064E-07  2.48790055620688E-10
 3.106E-07  2.55620550917486E-10
 3.149E-07  2.62638576273061E-10
 3.192E-07  2.69849280283803E-10
 3.235E-07  2.77257952899328E-10
 3.279E-07  2.84870029303247E-10
 3.324E-07  2.92691093900544E-10
 3.369E-07  3.00726884414361E-10
 3.415E-07  3.08983296095291E-10
 3.462E-07  3.17466386046243E-10
 3.509E-07  3.26182377666001E-10
 3.557E-07  3.35137665214852E-10
 3.606E-07  3.44338818505468E-10
 3.655E-07  3.53792587722631E-10
 3.705E-07  3.63505908375313E-10
 3.756E-07  3.73485906384576E-10
 3.807E-07  3.83739903311377E-10
 3.859E-07  3.94275421727690E-10
 3.911E-07  4.05100190735149E-10
 3.965E-07  4.16222151635331E-10
 4.019E-07  4.27649463755479E-10
 4.074E-07  4.39390510434374E-10
 4.129E-07  4.51453905172461E-10
 4.186E-07  4.63848497950783E-10
 4.243E-07  4.76583381723470E-10
 4.301E-07  4.89667899088484E-10
 4.360E-07  5.03111649141358E-10
 4.419E-07  5.16924494517313E-10
 4.479E-07  5.31116568626558E-10
 4.541E-07  5.45698283088286E-10
 4.603E-07  5.60680335368777E-10
 4.665E-07  5.76073716629067E-10
 4.729E-07  5.91889719788368E-10
 4.794E-07  6.08139947808513E-10
 4.859E-07  6.24836322206126E-10
 4.926E-07  6.41991091798265E-10
 4.993E-07  6.59616841688295E-10
 5.061E-07  6.77726502498552E-10
 5.130E-07  6.96333359856180E-10
 5.200E-07  7.15451064139705E-10
 5.271E-07  7.35093640493081E-10
 5.343E-07  7.55275499114569E-10
 5.416E-07  7.76011445828255E-10
 5.490E-07  7.97316692945652E-10
 5.565E-07  8.19206870425555E-10
 5.641E-07  8.41698037340419E-10
 5.718E-07  8.64806693657197E-10
 5.796E-07  8.88549792341987E-10
 5.875E-07  9.12944751796776E-10
 5.955E-07  9.38009468637619E-10
 6.037E-07  9.63762330823784E-10
 6.119E-07  9.90222231147232E-10
 6.202E-07  1.01740858109241E-09
 6.287E-07  1.04534132507659E-09
 6.373E-07  1.07404095508126E-09
 6.460E-07  1.10352852568502E-09
 6.548E-07  1.13382566950934E-09
 6.638E-07  1.16495461308837E-09
 6.728E-07  1.19693819317420E-09
 6.820E-07  1.22979987349007E-09
 6.913E-07  1.26356376194348E-09
 7.008E-07  1.29825462831159E-09
 7.103E-07  1.33389792241243E-09
 7.200E-07  1.37051979277498E-09
 7.298E-07  1.40814710582163E-09
 7.398E-07  1.44680746557741E-09
 7.499E-07  1.48652923392030E-09
 7.602E-07  1.52734155138740E-09
 7.705E-07  1.56927435855246E-09
 7.811E-07  1.61235841799018E-09
 7.917E-07  1.65662533684353E-09
 8.025E-07  1.70210759001073E-09
 8.135E-07  1.74883854396863E-09
 8.246E-07  1.79685248125031E-09
 8.358E-07  1.84618462559460E-09
 8.473E-07  1.89687116778587E-09
 8.588E-07  1.94894929220368E-09
 8.705E-07  2.00245720410079E-09
 8.824E-07  2.05743415763021E-09
 8.945E-07  2.11392048464223E-09
 9.067E-07  2.17195762427116E-09
 9.191E-07  2.23158815333472E-09
 9.316E-07  2.29285581756822E-09
 9.443E-07  2.35580556371614E-09
 9.572E-07  2.42048357250442E-09
 9.703E-07  2.48693729251803E-09
 9.835E-07  2.55521547500914E-09
 9.970E-07  2.62536820966038E-09
 1.011E-06  2.69744696132975E-09
 1.024E-06  2.77150460780507E-09
 1.038E-06  2.84759547859398E-09
 1.053E-06  2.92577539477949E-09
 1.067E-06  3.00610170996991E-09
 1.081E-06  3.08863335237216E-09
 1.096E-06  3.17343086802051E-09
 1.111E-06  3.26055646519265E-09
 1.126E-06  3.35007406004429E-09
 1.142E-06  3.44204932349708E-09
 1.157E-06  3.53654972941357E-09
 1.173E-06  3.63364460409489E-09
 1.189E-06  3.73340517713704E-09
 1.205E-06  3.83590463368345E-09
 1.222E-06  3.94121816811247E-09
 1.239E-06  4.04942303919772E-09
 1.255E-06  4.16059862678398E-09
 1.273E-06  4.27482649001863E-09
 1.290E-06  4.39219042718044E-09
 1.308E-06  4.51277653715334E-09
 1.325E-06  4.63667328258516E-09
 1.344E-06  4.76397155478200E-09
 1.362E-06  4.89476474038491E-09
 1.380E-06  5.02914878987331E-09
 1.399E-06  5.16722228795370E-09
 1.418E-06  5.30908652587779E-09
 1.438E-06  5.45484557574602E-09
 1.457E-06  5.60460636685328E-09
 1.477E-06  5.75847876412751E-09
 1.497E-06  5.91657564872368E-09
 1.518E-06  6.07901300082937E-09
 1.539E-06  6.24590998474409E-09
 1.560E-06  6.41738903629453E-09
 1.581E-06  6.59357595264772E-09
 1.603E-06  6.77459998459288E-09
 1.624E-06  6.96059393135389E-09
 1.647E-06  7.15169423800629E-09
 1.669E-06  7.34804109556693E-09
 1.692E-06  7.54977854383358E-09
 1.715E-06  7.75705457704696E-09
 1.738E-06  7.97002125245068E-09
 1.762E-06  8.18883480183687E-09
 1.786E-06  8.41365574614900E-09
 1.811E-06  8.64464901323275E-09
 1.835E-06  8.88198405882071E-09
 1.860E-06  9.12583499083527E-09
 1.886E-06  9.37638069710758E-09
 1.911E-06  9.63380497659965E-09
 1.938E-06  9.89829667422999E-09
 1.964E-06  1.01700498194009E-08
 1.991E-06  1.04492637683275E-08
 2.018E-06  1.07361433502760E-08
 2.046E-06  1.10308990178131E-08
 2.073E-06  1.13337470011840E-08
 2.102E-06  1.16449094669256E-08
 2.130E-06  1.19646146808350E-08
 2.160E-06  1.22930971754109E-08
 2.189E-06  1.26305979218934E-08
 2.219E-06  1.29773645070247E-08
 2.249E-06  1.33336513146633E-08
 2.280E-06  1.36997197123832E-08
 2.311E-06  1.40758382431949E-08
 2.343E-06  1.44622828225331E-08
 2.375E-06  1.48593369406458E-08
 2.407E-06  1.52672918705449E-08
 2.440E-06  1.56864468816632E-08
 2.473E-06  1.61171094593756E-08
 2.507E-06  1.65595955305472E-08
 2.541E-06  1.70142296952745E-08
 2.576E-06  1.74813454649862E-08
 2.611E-06  1.79612855070801E-08
 2.647E-06  1.84544018962781E-08
 2.683E-06  1.89610563728778E-08
 2.719E-06  1.94816206080952E-08
 2.757E-06  2.00164764766907E-08
 2.794E-06  2.05660163370803E-08
 2.832E-06  2.11306433191358E-08
 2.871E-06  2.17107716198825E-08
 2.910E-06  2.23068268073160E-08
 2.950E-06  2.29192461325623E-08
 2.990E-06  2.35484788506011E-08
 3.031E-06  2.41949865497963E-08
 3.072E-06  2.48592434904716E-08
 3.114E-06  2.55417369527829E-08
 3.157E-06  2.62429675941330E-08
 3.200E-06  2.69634498164031E-08
 3.244E-06  2.77037121432678E-08
 3.288E-06  2.84642976078587E-08
 3.333E-06  2.92457641510745E-08
 3.378E-06  3.00486850308275E-08
 3.424E-06  3.08736492425198E-08
 3.471E-06  3.17212619510562E-08
 3.519E-06  3.25921449347323E-08
 3.567E-06  3.34869370412920E-08
 3.615E-06  3.44062946565056E-08
 3.665E-06  3.53508921856191E-08
 3.715E-06  3.63214225480107E-08
 3.765E-06  3.73185976854298E-08
 3.817E-06  3.83431490841802E-08
 3.869E-06  3.93958283116482E-08
 3.922E-06  4.04774075675508E-08
 3.975E-06  4.15886802503086E-08
 4.030E-06  4.27304615389822E-08
 4.085E-06  4.39035889911699E-08
 4.140E-06  4.51089231573199E-08
 4.197E-06  4.63473482119005E-08
 4.254E-06  4.76197726019037E-08
 4.312E-06  4.89271297131477E-08
 4.371E-06  5.02703785548588E-08
 4.431E-06  5.16505044630584E-08
 4.491E-06  5.30685198232464E-08
 4.553E-06  5.45254648129235E-08
 4.615E-06  5.60224081645003E-08
 4.678E-06  5.75604479491371E-08
 4.742E-06  5.91407123821054E-08
 4.806E-06  6.07643606502525E-08
 4.872E-06  6.24325837621855E-08
 4.938E-06  6.41466054217760E-08
 5.006E-06  6.59076829256544E-08
 5.074E-06  6.77171080853280E-08
 5.144E-06  6.95762081746219E-08
 5.214E-06  7.14863469031203E-08
 5.285E-06  7.34489254163057E-08
 5.357E-06  7.54653833231742E-08
 5.430E-06  7.75371997520649E-08
 5.504E-06  7.96658944354334E-08
 5.579E-06  8.18530288244143E-08
 5.656E-06  8.41002072339961E-08
 5.733E-06  8.64090780195966E-08
 5.811E-06  8.87813347859508E-08
 5.890E-06  9.12187176291666E-08
 5.971E-06  9.37230144128824E-08
 6.052E-06  9.62960620794408E-08
 6.135E-06  9.89397479970442E-08
 6.219E-06  1.01656011343914E-07
 6.304E-06  1.04446844530400E-07
 6.390E-06  1.07314294660133E-07
 6.477E-06  1.10260465031316E-07
 6.565E-06  1.13287516679155E-07
 6.655E-06  1.16397669960670E-07
 6.746E-06  1.19593206182995E-07
 6.838E-06  1.22876469276348E-07
 6.931E-06  1.26249867512924E-07
 7.026E-06  1.29715875272983E-07
 7.122E-06  1.33277034859381E-07
 7.219E-06  1.36935958361911E-07
 7.318E-06  1.40695329572809E-07
 7.418E-06  1.44557905954826E-07
 7.519E-06  1.48526520663322E-07
 7.622E-06  1.52604084623849E-07
 7.726E-06  1.56793588666743E-07
 7.831E-06  1.61098105720317E-07
 7.938E-06  1.65520793064223E-07
 8.046E-06  1.70064894644648E-07
 8.156E-06  1.74733743453088E-07
 8.268E-06  1.79530763970366E-07
 8.380E-06  1.84459474677718E-07
 8.495E-06  1.89523490636808E-07
 8.611E-06  1.94726526140548E-07
 8.728E-06  2.00072397436658E-07
 8.848E-06  2.05565025525944E-07
 8.968E-06  2.11208439037399E-07
 9.091E-06  2.17006777182190E-07
 9.215E-06  2.22964292788721E-07
 9.341E-06  2.29085355420958E-07
 9.468E-06  2.35374454582306E-07
 9.597E-06  2.41836203007494E-07
 9.729E-06  2.48475340044688E-07
 9.861E-06  2.55296735130480E-07
 9.996E-06  2.62305391360211E-07
 1.013E-05  2.69506449156242E-07
 1.027E-05  2.76905190036944E-07
 1.041E-05  2.84507040489049E-07
 1.055E-05  2.92317575946276E-07
 1.070E-05  3.00342524877153E-07
 1.084E-05  3.08587772984960E-07
 1.099E-05  3.17059367522980E-07
 1.114E-05  3.25763521728094E-07
 1.129E-05  3.34706619376032E-07
 1.145E-05  3.43895219461709E-07
 1.160E-05  3.53336061007838E-07
 1.176E-05  3.63036068005552E-07
 1.192E-05  3.73002354490650E-07
 1.209E-05  3.83242229759007E-07
 1.225E-05  3.93763203725124E-07
 1.242E-05  4.04572992427778E-07
 1.259E-05  4.15679523686611E-07
 1.276E-05  4.27090942913973E-07
 1.293E-05  4.38815619086241E-07
 1.311E-05  4.50862150878924E-07
 1.329E-05  4.63239372970135E-07
 1.347E-05  4.75956362516984E-07
 1.365E-05  4.89022445809613E-07
 1.384E-05  5.02447205107867E-07
 1.403E-05  5.16240485665482E-07
 1.422E-05  5.30412402946947E-07
 1.442E-05  5.44973350042412E-07
 1.461E-05  5.59934005286020E-07
 1.481E-05  5.75305340083191E-07
 1.501E-05  5.91098626952654E-07
 1.522E-05  6.07325447789080E-07
 1.543E-05  6.23997702352482E-07
 1.564E-05  6.41127616990422E-07
 1.585E-05  6.58727753599337E-07
 1.607E-05  6.76811018832044E-07
 1.629E-05  6.95390673557573E-07
 1.651E-05  7.14480342580422E-07
 1.673E-05  7.34094024626742E-07
 1.696E-05  7.54246102604138E-07
 1.719E-05  7.74951354142984E-07
 1.743E-05  7.96224962427072E-07
 1.767E-05  8.18082527321062E-07
 1.791E-05  8.40540076803280E-07
 1.815E-05  8.63614078712250E-07
 1.840E-05  8.87321452815069E-07
 1.865E-05  9.11679583207112E-07
 1.891E-05  9.36706331051803E-07
 1.916E-05  9.62420047669653E-07
 1.943E-05  9.88839587986260E-07
 1.969E-05  1.01598432434943E-06
 1.996E-05  1.04387416072506E-06
 2.023E-05  1.07252954728228E-06
 2.051E-05  1.10197149537875E-06
 2.079E-05  1.13222159295689E-06
 2.107E-05  1.16330202036234E-06
 2.136E-05  1.19523556659621E-06
 2.165E-05  1.22804564601312E-06
 2.195E-05  1.26175631547700E-06
 2.225E-05  1.29639229198751E-06
 2.255E-05  1.33197897078976E-06
 2.286E-05  1.36854244398066E-06
 2.317E-05  1.40610951962538E-06
 2.349E-05  1.44470774139831E-06
 2.381E-05  1.48436540876223E-06
 2.413E-05  1.52511159770095E-06
 2.446E-05  1.56697618202056E-06
 2.480E-05  1.60998985523463E-06
 2.514E-05  1.65418415304932E-06
 2.548E-05  1.69959147646543E-06
 2.583E-05  1.74624511551349E-06
 2.618E-05  1.79417927363960E-06
 2.654E-05  1.84342909276037E-06
 2.690E-05  1.89403067900373E-06
 2.727E-05  1.94602112915682E-06
 2.764E-05  1.99943855783794E-06
 2.802E-05  2.05432212541347E-06
 2.840E-05  2.11071206668104E-06
 2.879E-05  2.16864972033764E-06
 2.918E-05  2.22817755925664E-06
 2.958E-05  2.28933922159448E-06
 2.998E-05  2.35217954274962E-06
 3.039E-05  2.41674458819832E-06
 3.080E-05  2.48308168722980E-06
 3.123E-05  2.55123946760643E-06
 3.165E-05  2.62126789117367E-06
 3.208E-05  2.69321829044671E-06
 3.252E-05  2.76714340619912E-06
 3.297E-05  2.84309742608174E-06
 3.342E-05  2.92113602430087E-06
 3.387E-05  3.00131640238305E-06
 3.433E-05  3.08369733105739E-06
 3.480E-05  3.16833919328541E-06
 3.528E-05  3.25530402847073E-06
 3.576E-05  3.34465557787943E-06
 3.625E-05  3.43645933130561E-06
 3.674E-05  3.53078257501575E-06
 3.724E-05  3.62769444100644E-06
 3.775E-05  3.72726595761231E-06
 3.827E-05  3.82957010150018E-06
 3.879E-05  3.93468185108789E-06
 3.932E-05  4.04267824142699E-06
 3.986E-05  4.15363842058943E-06
 4.040E-05  4.26764370759772E-06
 4.095E-05  4.38477765194367E-06
 4.151E-05  4.50512609473727E-06
 4.208E-05  4.62877723153003E-06
 4.265E-05  4.75582167686026E-06
 4.324E-05  4.88635253056575E-06
 4.383E-05  5.02046544591320E-06
 4.442E-05  5.15825869959407E-06
 4.503E-05  5.29983326363728E-06
 4.565E-05  5.44529287929141E-06
 4.627E-05  5.59474413293106E-06
 4.690E-05  5.74829653404150E-06
 4.754E-05  5.90606259533965E-06
 4.819E-05  6.06815791508891E-06
 4.885E-05  6.23470126166799E-06
 4.951E-05  6.40581466045627E-06
 5.019E-05  6.58162348309789E-06
 5.088E-05  6.76225653920997E-06
 5.157E-05  6.94784617060194E-06
 5.227E-05  7.13852834807513E-06
 5.299E-05  7.33444277087225E-06
 5.371E-05  7.53573296884940E-06
 5.445E-05  7.74254640744607E-06
 5.519E-05  7.95503459552779E-06
 5.594E-05  8.17335319618128E-06
 5.671E-05  8.39766214054327E-06
 5.748E-05  8.62812574474363E-06
 5.826E-05  8.86491283005140E-06
 5.906E-05  9.10819684630746E-06
 5.987E-05  9.35815599873602E-06
 6.068E-05  9.61497337822756E-06
 6.151E-05  9.87883709518624E-06
 6.235E-05  1.01499404170403E-05
 6.320E-05  1.04284819095154E-05
 6.407E-05  1.07146655817743E-05
 6.494E-05  1.10087010355274E-05
 6.583E-05  1.13108036182219E-05
 6.673E-05  1.16211945804253E-05
 6.764E-05  1.19401012375104E-05
 6.856E-05  1.22677571357670E-05
 6.950E-05  1.26044022230560E-05
 7.045E-05  1.29502830241329E-05
 7.141E-05  1.33056528207638E-05
 7.238E-05  1.36707718367717E-05
 7.337E-05  1.40459074281426E-05
 7.437E-05  1.44313342783285E-05
 7.539E-05  1.48273345988943E-05
 7.642E-05  1.52341983356497E-05
 7.746E-05  1.56522233804188E-05
 7.852E-05  1.60817157885993E-05
 7.959E-05  1.65229900026698E-05
 8.068E-05  1.69763690818075E-05
 8.178E-05  1.74421849377856E-05
 8.289E-05  1.79207785773155E-05
 8.403E-05  1.84125003510159E-05
 8.517E-05  1.89177102091868E-05
 8.634E-05  1.94367779645719E-05
 8.751E-05  1.99700835623065E-05
 8.871E-05  2.05180173572382E-05
 8.992E-05  2.10809803988277E-05
 9.115E-05  2.16593847238347E-05
 9.239E-05  2.22536536569998E-05
 9.365E-05  2.28642221199422E-05
 9.493E-05  2.34915369484944E-05
 9.623E-05  2.41360572187106E-05
 9.754E-05  2.47982545817709E-05
 9.887E-05  2.54786136080418E-05
 1.002E-04  2.61776321405305E-05
 1.016E-04  2.68958216579896E-05
 1.030E-04  2.76337076479397E-05
 1.044E-04  2.83918299898761E-05
 1.058E-04  2.91707433489410E-05
 1.073E-04  2.99710175803406E-05
 1.087E-04  3.07932381448023E-05
 1.102E-04  3.16380065353759E-05
 1.117E-04  3.25059407158808E-05
 1.132E-04  3.33976755713204E-05
 1.148E-04  3.43138633705909E-05
 1.163E-04  3.52551742418144E-05
 1.179E-04  3.62222966606408E-05
 1.195E-04  3.72159379518747E-05
 1.212E-04  3.82368248047878E-05
 1.228E-04  3.92857038024846E-05
 1.245E-04  4.03633419657122E-05
 1.262E-04  4.14705273114974E-05
 1.279E-04  4.26080694270222E-05
 1.297E-04  4.37768000591473E-05
 1.314E-04  4.49775737200074E-05
 1.332E-04  4.62112683091233E-05
 1.351E-04  4.74787857524652E-05
 1.369E-04  4.87810526589418E-05
 1.388E-04  5.01190209947846E-05
 1.407E-04  5.14936687763032E-05
 1.426E-04  5.29060007815234E-05
 1.445E-04  5.43570492812217E-05
 1.465E-04  5.58478747898617E-05
 1.485E-04  5.73795668370013E-05
 1.505E-04  5.89532447597073E-05
 1.526E-04  6.05700585165468E-05
 1.547E-04  6.22311895237550E-05
 1.568E-04  6.39378515141691E-05
 1.589E-04  6.56912914195427E-05
 1.611E-04  6.74927902768834E-05
 1.633E-04  6.93436641594683E-05
 1.655E-04  7.12452651331849E-05
 1.678E-04  7.31989822389111E-05
 1.701E-04  7.52062425016207E-05
 1.724E-04  7.72685119669391E-05
 1.748E-04  7.93872967659081E-05
 1.771E-04  8.15641442087011E-05
 1.796E-04  8.38006439080988E-05
 1.820E-04  8.60984289334986E-05
 1.845E-04  8.84591769963119E-05
 1.870E-04  9.08846116675891E-05
 1.896E-04  9.33765036287327E-05
 1.922E-04  9.59366719562177E-05
 1.948E-04  9.85669854412065E-05
 1.974E-04  1.01269363945034E-04
 2.001E-04  1.04045779791510E-04
 2.029E-04  1.06898259197043E-04
 2.056E-04  1.09828883739605E-04
 2.084E-04  1.12839791867581E-04
 2.113E-04  1.15933180449595E-04
 2.142E-04  1.19111306366400E-04
 2.171E-04  1.22376488145979E-04
 2.201E-04  1.25731107643020E-04
 2.231E-04  1.29177611763961E-04
 2.261E-04  1.32718514238832E-04
 2.292E-04  1.36356397441163E-04
 2.323E-04  1.40093914257251E-04
 2.355E-04  1.43933790006088E-04
 2.387E-04  1.47878824411382E-04
 2.420E-04  1.51931893627003E-04
 2.453E-04  1.56095952317325E-04
 2.486E-04  1.60374035793945E-04
 2.520E-04  1.64769262210274E-04
 2.555E-04  1.69284834815611E-04
 2.589E-04  1.73924044270215E-04
 2.625E-04  1.78690271023069E-04
 2.661E-04  1.83586987754049E-04
 2.697E-04  1.88617761882146E-04
 2.734E-04  1.93786258141591E-04
 2.771E-04  1.99096241227660E-04
 2.809E-04  2.04551578514063E-04
 2.847E-04  2.10156242843808E-04
 2.886E-04  2.15914315395529E-04
 2.926E-04  2.21829988627305E-04
 2.965E-04  2.27907569300019E-04
 3.006E-04  2.34151481582444E-04
 3.047E-04  2.40566270240170E-04
 3.089E-04  2.47156603910700E-04
 3.131E-04  2.53927278466960E-04
 3.174E-04  2.60883220471594E-04
 3.217E-04  2.68029490724534E-04
 3.261E-04  2.75371287906254E-04
 3.305E-04  2.82913952319323E-04
 3.350E-04  2.90662969730874E-04
 3.396E-04  2.98623975318658E-04
 3.442E-04  3.06802757723507E-04
 3.489E-04  3.15205263210965E-04
 3.537E-04  3.23837599945073E-04
 3.585E-04  3.32706042377265E-04
 3.634E-04  3.41817035753440E-04
 3.684E-04  3.51177200742395E-04
 3.734E-04  3.60793338188786E-04
 3.785E-04  3.70672433994000E-04
 3.837E-04  3.80821664128310E-04
 3.889E-04  3.91248399777820E-04
 3.942E-04  4.01960212629745E-04
 3.996E-04  4.12964880299748E-04
 4.051E-04  4.24270391905122E-04
 4.106E-04  4.35884953787599E-04
 4.162E-04  4.47816995389899E-04
 4.219E-04  4.60075175289911E-04
 4.277E-04  4.72668387396891E-04
 4.335E-04  4.85605767313832E-04
 4.394E-04  4.98896698870425E-04
 4.454E-04  5.12550820831211E-04
 4.515E-04  5.26578033783399E-04
 4.577E-04  5.40988507209309E-04
 4.639E-04  5.55792686748166E-04
 4.702E-04  5.71001301652260E-04
 4.767E-04  5.86625372442691E-04
 4.832E-04  6.02676218769896E-04
 4.898E-04  6.19165467484347E-04
 4.965E-04  6.36105060923033E-04
 5.032E-04  6.53507265417350E-04
 5.101E-04  6.71384680028202E-04
 5.171E-04  6.89750245514401E-04
 5.241E-04  7.08617253540379E-04
 5.313E-04  7.27999356129602E-04
 5.385E-04  7.47910575370029E-04
 5.459E-04  7.68365313378326E-04
 5.533E-04  7.89378362529624E-04
 5.609E-04  8.10964915959658E-04
 5.686E-04  8.33140578346582E-04
 5.763E-04  8.55921376979687E-04
 5.842E-04  8.79323773122499E-04
 5.922E-04  9.03364673678072E-04
 6.002E-04  9.28061443164244E-04
 6.084E-04  9.53431916006993E-04
 6.167E-04  9.79494409160231E-04
 6.252E-04  1.00626773506043E-03
 6.337E-04  1.03377121492495E-03
 6.423E-04  1.06202469240292E-03
 6.511E-04  1.09104854758778E-03
 6.600E-04  1.12086371140103E-03
 6.690E-04  1.15149168035670E-03
 6.782E-04  1.18295453171651E-03
 6.874E-04  1.21527493904569E-03
 6.968E-04  1.24847618818002E-03
 7.063E-04  1.28258219361460E-03
 7.160E-04  1.31761751532534E-03
 7.257E-04  1.35360737603422E-03
 7.356E-04  1.39057767892988E-03
 7.457E-04  1.42855502585523E-03
 7.559E-04  1.46756673597416E-03
 7.662E-04  1.50764086492954E-03
 7.766E-04  1.54880622450529E-03
 7.872E-04  1.59109240280538E-03
 7.980E-04  1.63452978496302E-03
 8.089E-04  1.67914957439365E-03
 8.199E-04  1.72498381460562E-03
 8.311E-04  1.77206541158288E-03
 8.425E-04  1.82042815675420E-03
 8.540E-04  1.87010675056389E-03
 8.656E-04  1.92113682665949E-03
 8.774E-04  1.97355497671202E-03
 8.894E-04  2.02739877588472E-03
 9.016E-04  2.08270680896714E-03
 9.139E-04  2.13951869719108E-03
 9.264E-04  2.19787512574582E-03
 9.390E-04  2.25781787201046E-03
 9.518E-04  2.31938983452108E-03
 9.648E-04  2.38263506269179E-03
 9.780E-04  2.44759878730837E-03
 9.913E-04  2.51432745181377E-03
 1.005E-03  2.58286874440595E-03
 1.019E-03  2.65327163096793E-03
 1.032E-03  2.72558638885100E-03
 1.047E-03  2.79986464153275E-03
 1.061E-03  2.87615939417139E-03
 1.075E-03  2.95452507007903E-03
 1.090E-03  3.03501754813675E-03
 1.105E-03  3.11769420117469E-03
 1.120E-03  3.20261393534144E-03
 1.135E-03  3.28983723048722E-03
 1.151E-03  3.37942618158565E-03
 1.167E-03  3.47144454122024E-03
 1.182E-03  3.56595776316158E-03
 1.199E-03  3.66303304706224E-03
 1.215E-03  3.76273938429678E-03
 1.232E-03  3.86514760497505E-03
 1.248E-03  3.97033042615766E-03
 1.265E-03  4.07836250130284E-03
 1.283E-03  4.18932047097490E-03
 1.300E-03  4.30328301484484E-03
 1.318E-03  4.42033090501492E-03
 1.336E-03  4.54054706069908E-03
 1.354E-03  4.66401660429205E-03
 1.373E-03  4.79082691886085E-03
 1.391E-03  4.92106770709293E-03
 1.410E-03  5.05483105173626E-03
 1.430E-03  5.19221147756671E-03
 1.449E-03  5.33330601491997E-03
 1.469E-03  5.47821426482505E-03
 1.489E-03  5.62703846577754E-03
 1.509E-03  5.77988356219217E-03
 1.530E-03  5.93685727457379E-03
 1.551E-03  6.09807017144834E-03
 1.572E-03  6.26363574309477E-03
 1.593E-03  6.43367047712068E-03
 1.615E-03  6.60829393592502E-03
 1.637E-03  6.78762883609204E-03
 1.660E-03  6.97180112976184E-03
 1.682E-03  7.16094008802338E-03
 1.705E-03  7.35517838637713E-03
 1.729E-03  7.55465219231555E-03
 1.752E-03  7.75950125507015E-03
 1.776E-03  7.96986899757501E-03
 1.800E-03  8.18590261069817E-03
 1.825E-03  8.40775314979247E-03
 1.850E-03  8.63557563361867E-03
 1.875E-03  8.86952914569566E-03
 1.901E-03  9.10977693813195E-03
 1.927E-03  9.35648653799498E-03
 1.953E-03  9.60982985627561E-03
 1.980E-03  9.86998329950573E-03
 2.007E-03  1.01371278840884E-02
 2.034E-03  1.04114493534017E-02
 2.062E-03  1.06931382977363E-02
 2.090E-03  1.09823902771311E-02
 2.118E-03  1.12794059471708E-02
 2.147E-03  1.15843911878076E-02
 2.177E-03  1.18975572352778E-02
 2.206E-03  1.22191208171762E-02
 2.236E-03  1.25493042907594E-02
 2.267E-03  1.28883357845468E-02
 2.298E-03  1.32364493432896E-02
 2.329E-03  1.35938850763806E-02
 2.361E-03  1.39608893097776E-02
 2.393E-03  1.43377147415145E-02
 2.426E-03  1.47246206008760E-02
 2.459E-03  1.51218728113117E-02
 2.493E-03  1.55297441571690E-02
 2.527E-03  1.59485144543226E-02
 2.561E-03  1.63784707247807E-02
 2.596E-03  1.68199073753504E-02
 2.632E-03  1.72731263804438E-02
 2.668E-03  1.77384374691095E-02
 2.704E-03  1.82161583163728E-02
 2.741E-03  1.87066147389721E-02
 2.778E-03  1.92101408955785E-02
 2.816E-03  1.97270794915854E-02
 2.855E-03  2.02577819885591E-02
 2.894E-03  2.08026088184401E-02
 2.933E-03  2.13619296025859E-02
 2.973E-03  2.19361233757491E-02
 3.014E-03  2.25255788150827E-02
 3.055E-03  2.31306944742689E-02
 3.097E-03  2.37518790228646E-02
 3.139E-03  2.43895514909617E-02
 3.182E-03  2.50441415192585E-02
 3.225E-03  2.57160896146397E-02
 3.269E-03  2.64058474113654E-02
 3.314E-03  2.71138779379665E-02
 3.359E-03  2.78406558899484E-02
 3.405E-03  2.85866679084022E-02
 3.452E-03  2.93524128646266E-02
 3.499E-03  3.01384021508610E-02
 3.546E-03  3.09451599772322E-02
 3.595E-03  3.17732236750179E-02
 3.644E-03  3.26231440063304E-02
 3.694E-03  3.34954854803219E-02
 3.744E-03  3.43908266760167E-02
 3.795E-03  3.53097605718726E-02
 3.847E-03  3.62528948821748E-02
 3.900E-03  3.72208524003657E-02
 3.953E-03  3.82142713494136E-02
 4.007E-03  3.92338057393218E-02
 4.061E-03  4.02801257318811E-02
 4.117E-03  4.13539180127664E-02
 4.173E-03  4.24558861710782E-02
 4.230E-03  4.35867510864279E-02
 4.288E-03  4.47472513236663E-02
 4.346E-03  4.59381435353520E-02
 4.406E-03  4.71602028720557E-02
 4.466E-03  4.84142234005941E-02
 4.527E-03  4.97010185302870E-02
 4.589E-03  5.10214214473272E-02
 4.651E-03  5.23762855573522E-02
 4.715E-03  5.37664849363029E-02
 4.779E-03  5.51929147896537E-02
 4.844E-03  5.66564919200932E-02
 4.911E-03  5.81581552037348E-02
 4.978E-03  5.96988660749295E-02
 5.046E-03  6.12796090197520E-02
 5.114E-03  6.29013920782277E-02
 5.184E-03  6.45652473553613E-02
 5.255E-03  6.62722315410259E-02
 5.327E-03  6.80234264387660E-02
 5.400E-03  6.98199395035609E-02
 5.473E-03  7.16629043885931E-02
 5.548E-03  7.35534815010554E-02
 5.624E-03  7.54928585670302E-02
 5.700E-03  7.74822512054611E-02
 5.778E-03  7.95229035112370E-02
 5.857E-03  8.16160886473940E-02
 5.937E-03  8.37631094464407E-02
 6.018E-03  8.59652990207941E-02
 6.100E-03  8.82240213823148E-02
 6.184E-03  9.05406720709136E-02
 6.268E-03  9.29166787921931E-02
 6.354E-03  9.53535020640810E-02
 6.440E-03  9.78526358723956E-02
 6.528E-03  1.00415608335276E-01
 6.617E-03  1.03043982376397E-01
 6.708E-03  1.05739356406870E-01
 6.799E-03  1.08503365015732E-01
 6.892E-03  1.11337679668892E-01
 6.986E-03  1.14244009416404E-01
 7.082E-03  1.17224101607913E-01
 7.178E-03  1.20279742616103E-01
 7.276E-03  1.23412758567969E-01
 7.376E-03  1.26625016083702E-01
 7.476E-03  1.29918423022970E-01
 7.578E-03  1.33294929238346E-01
 7.682E-03  1.36756527335639E-01
 7.787E-03  1.40305253440813E-01
 7.893E-03  1.43943187973223E-01
 8.001E-03  1.47672456424816E-01
 8.110E-03  1.51495230144948E-01
 8.221E-03  1.55413727130443E-01
 8.333E-03  1.59430212820485E-01
 8.447E-03  1.63547000895914E-01
 8.562E-03  1.67766454082454E-01
 8.679E-03  1.72090984957398E-01
 8.798E-03  1.76523056759215E-01
 8.918E-03  1.81065184199530E-01
 9.039E-03  1.85719934276887E-01
 9.163E-03  1.90489927091682E-01
 9.288E-03  1.95377836661589E-01
 9.415E-03  2.00386391736800E-01
 9.543E-03  2.05518376614343E-01
 9.674E-03  2.10776631950693E-01
 9.806E-03  2.16164055571866E-01
 9.940E-03  2.21683603280147E-01
 1.008E-02  2.27338289656529E-01
 1.021E-02  2.33131188857926E-01
 1.035E-02  2.39065435408162E-01
 1.049E-02  2.45144224981687E-01
 1.064E-02  2.51370815178917E-01
 1.078E-02  2.57748526292066E-01
 1.093E-02  2.64280742060241E-01
 1.108E-02  2.70970910412559E-01
 1.123E-02  2.77822544197966E-01
 1.138E-02  2.84839221900367E-01
 1.154E-02  2.92024588337646E-01
 1.170E-02  2.99382355343070E-01
 1.186E-02  3.06916302427502E-01
 1.202E-02  3.14630277420800E-01
 1.218E-02  3.22528197090703E-01
 1.235E-02  3.30614047737419E-01
 1.252E-02  3.38891885762091E-01
 1.269E-02  3.47365838207204E-01
 1.286E-02  3.56040103266956E-01
 1.304E-02  3.64918950765508E-01
 1.321E-02  3.74006722600974E-01
 1.339E-02  3.83307833152912E-01
 1.358E-02  3.92826769651000E-01
 1.376E-02  4.02568092502495E-01
 1.395E-02  4.12536435575996E-01
 1.414E-02  4.22736506438919E-01
 1.433E-02  4.33173086546034E-01
 1.453E-02  4.43851031376281E-01
 1.473E-02  4.54775270515043E-01
 1.493E-02  4.65950807678890E-01
 1.513E-02  4.77382720679779E-01
 1.534E-02  4.89076161325542E-01
 1.555E-02  5.01036355253433E-01
 1.576E-02  5.13268601693369E-01
 1.598E-02  5.25778273157441E-01
 1.619E-02  5.38570815052106E-01
 1.642E-02  5.51651745209436E-01
 1.664E-02  5.65026653333641E-01
 1.687E-02  5.78701200358982E-01
 1.710E-02  5.92681117715135E-01
 1.733E-02  6.06972206495871E-01
 1.757E-02  6.21580336526891E-01
 1.781E-02  6.36511445328495E-01
 1.805E-02  6.51771536968680E-01
 1.830E-02  6.67366680802139E-01
 1.855E-02  6.83303010090537E-01
 1.880E-02  6.99586720499328E-01
 1.906E-02  7.16224068466264E-01
 1.932E-02  7.33221369436656E-01
 1.958E-02  7.50584995960322E-01
 1.985E-02  7.68321375645088E-01
 2.012E-02  7.86436988961564E-01
 2.039E-02  8.04938366893861E-01
 2.067E-02  8.23832088430787E-01
 2.095E-02  8.43124777891998E-01
 2.124E-02  8.62823102083461E-01
 2.153E-02  8.82933767276532E-01
 2.182E-02  9.03463516004834E-01
 2.212E-02  9.24419123673099E-01
 2.242E-02  9.45807394972003E-01
 2.273E-02  9.67635160093017E-01
 2.304E-02  9.89909270737193E-01
 2.335E-02  1.01263659591179E+00
 2.367E-02  1.03582401750860E+00
 2.400E-02  1.05947842565769E+00
 2.432E-02  1.08360671385051E+00
 2.466E-02  1.10821577382596E+00
 2.499E-02  1.13331249021331E+00
 2.533E-02  1.15890373492558E+00
 2.568E-02  1.18499636129737E+00
 2.603E-02  1.21159719796072E+00
 2.639E-02  1.23871304245296E+00
 2.675E-02  1.26635065455047E+00
 2.711E-02  1.29451674932222E+00
 2.748E-02  1.32321798989722E+00
 2.786E-02  1.35246097993995E+00
 2.824E-02  1.38225225582815E+00
 2.862E-02  1.41259827852725E+00
 2.901E-02  1.44350542515605E+00
 2.941E-02  1.47497998023846E+00
 2.981E-02  1.50702812663602E+00
 3.022E-02  1.53965593615665E+00
 3.063E-02  1.57286935983471E+00
 3.105E-02  1.60667421787826E+00
 3.147E-02  1.64107618927942E+00
 3.190E-02  1.67608080108396E+00
 3.234E-02  1.71169341731699E+00
 3.278E-02  1.74791922756150E+00
 3.323E-02  1.78476323518736E+00
 3.368E-02  1.82223024522842E+00
 3.414E-02  1.86032485190624E+00
 3.461E-02  1.89905142579907E+00
 3.508E-02  1.93841410065552E+00
 3.556E-02  1.97841675985290E+00
 3.604E-02  2.01906302250063E+00
 3.654E-02  2.06035622919006E+00
 3.703E-02  2.10229942739246E+00
 3.754E-02  2.14489535650781E+00
 3.805E-02  2.18814643256784E+00
 3.857E-02  2.23205473259741E+00
 3.910E-02  2.27662197863930E+00
 3.963E-02  2.32184952144837E+00
 4.017E-02  2.36773832386200E+00
 4.072E-02  2.41428894385460E+00
 4.128E-02  2.46150151728513E+00
 4.184E-02  2.50937574034773E+00
 4.241E-02  2.55791085173640E+00
 4.299E-02  2.60710561453618E+00
 4.358E-02  2.65695829785428E+00
 4.417E-02  2.70746665820601E+00
 4.478E-02  2.75862792067156E+00
 4.539E-02  2.81043875984124E+00
 4.601E-02  2.86289528056800E+00
 4.664E-02  2.91599299854767E+00
 4.727E-02  2.96972682074874E+00
 4.792E-02  3.02409102571529E+00
 4.857E-02  3.07907924376799E+00
 4.924E-02  3.13468443712991E+00
 4.991E-02  3.19089888000568E+00
 5.059E-02  3.24771413864394E+00
 5.128E-02  3.30512105141522E+00
 5.198E-02  3.36310970893880E+00
 5.269E-02  3.42166943429421E+00
 5.341E-02  3.48078876335495E+00
 5.414E-02  3.54045542528353E+00
 5.488E-02  3.60065632322944E+00
 5.563E-02  3.66137751527307E+00
 5.639E-02  3.72260419566107E+00
 5.716E-02  3.78432067638010E+00
 5.794E-02  3.84651036911855E+00
 5.873E-02  3.90915576766717E+00
 5.953E-02  3.97223843081210E+00
 6.034E-02  4.03573896577541E+00
 6.116E-02  4.09963701226051E+00
 6.200E-02  4.16391122716161E+00
 6.285E-02  4.22853926999835E+00
 6.370E-02  4.29349778913878E+00
 6.457E-02  4.35876240887559E+00
 6.546E-02  4.42430771742231E+00
 6.635E-02  4.49010725589818E+00
 6.725E-02  4.55613350837173E+00
 6.817E-02  4.62235789303513E+00
 6.910E-02  4.68875075458255E+00
 7.005E-02  4.75528135786744E+00
 7.100E-02  4.82191788291498E+00
 7.197E-02  4.88862742136686E+00
 7.296E-02  4.95537597443718E+00
 7.395E-02  5.02212845245858E+00
 7.496E-02  5.08884867609904E+00
 7.598E-02  5.15549937933005E+00
 7.702E-02  5.22204221422745E+00
 7.807E-02  5.28843775768648E+00
 7.914E-02  5.35464552013266E+00
 8.022E-02  5.42062395630979E+00
 8.132E-02  5.48633047822618E+00
 8.243E-02  5.55172147033934E+00
 8.355E-02  5.61675230705866E+00
 8.469E-02  5.68137737264428E+00
 8.585E-02  5.74555008357888E+00
 8.702E-02  5.80922291348739E+00
 8.821E-02  5.87234742067758E+00
 8.941E-02  5.93487427837185E+00
 9.063E-02  5.99675330769803E+00
 9.187E-02  6.05793351350375E+00
 9.312E-02  6.11836312305537E+00
 9.440E-02  6.17798962767873E+00
 9.568E-02  6.23675982739473E+00
 9.699E-02  6.29461987859782E+00
 9.831E-02  6.35151534482086E+00
 9.966E-02  6.40739125062381E+00
 1.010E-01  6.46219213863815E+00
 1.024E-01  6.51586212979244E+00
 1.038E-01  6.56834498673755E+00
 1.052E-01  6.61958418048307E+00
 1.066E-01  6.66952296024837E+00
 1.081E-01  6.71810442652411E+00
 1.096E-01  6.76527160733083E+00
 1.111E-01  6.81096753765278E+00
 1.126E-01  6.85513534201530E+00
 1.141E-01  6.89771832016431E+00
 1.157E-01  6.93866003579593E+00
 1.173E-01  6.97790440827401E+00
 1.189E-01  7.01539580726129E+00
 1.205E-01  7.05107915017944E+00
 1.221E-01  7.08490000240040E+00
 1.238E-01  7.11680468005959E+00
 1.255E-01  7.14674035536903E+00
 1.272E-01  7.17465516429531E+00
 1.289E-01  7.20049831645416E+00
 1.307E-01  7.22422020706018E+00
 1.325E-01  7.24577253075651E+00
 1.343E-01  7.26510839713532E+00
 1.361E-01  7.28218244774658E+00
 1.380E-01  7.29695097437771E+00
 1.399E-01  7.30937203837383E+00
 1.418E-01  7.31940559075307E+00
 1.437E-01  7.32701359285861E+00
 1.457E-01  7.33216013727444E+00
 1.477E-01  7.33481156871867E+00
 1.497E-01  7.33493660461481E+00
 1.517E-01  7.33250645502801E+00
 1.538E-01  7.32749494164118E+00
 1.559E-01  7.31987861543307E+00
 1.580E-01  7.30963687270915E+00
 1.602E-01  7.29675206912470E+00
 1.624E-01  7.28120963132940E+00
 1.646E-01  7.26299816585278E+00
 1.668E-01  7.24210956484121E+00
 1.691E-01  7.21853910824931E+00
 1.714E-01  7.19228556208147E+00
 1.738E-01  7.16335127227374E+00
 1.761E-01  7.13174225380134E+00
 1.785E-01  7.09746827459398E+00
 1.810E-01  7.06054293383896E+00
 1.834E-01  7.02098373425146E+00
 1.860E-01  6.97881214789225E+00
 1.885E-01  6.93405367511554E+00
 1.911E-01  6.88673789623386E+00
 1.937E-01  6.83689851549256E+00
 1.963E-01  6.78457339695418E+00
 1.990E-01  6.72980459190245E+00
 2.017E-01  6.67263835738704E+00
 2.045E-01  6.61312516554349E+00
 2.073E-01  6.55131970333808E+00
 2.101E-01  6.48728086240499E+00
 2.130E-01  6.42107171866225E+00
 2.159E-01  6.35275950141494E+00
 2.188E-01  6.28241555167740E+00
 2.218E-01  6.21011526947252E+00
 2.248E-01  6.13593804989345E+00
 2.279E-01  6.05996720774380E+00
 2.310E-01  5.98228989060399E+00
 2.342E-01  5.90299698020556E+00
 2.374E-01  5.82218298203162E+00
 2.406E-01  5.73994590309916E+00
 2.439E-01  5.65638711791905E+00
 2.472E-01  5.57161122267065E+00
 2.506E-01  5.48572587767149E+00
 2.540E-01  5.39884163826653E+00
 2.575E-01  5.31107177430755E+00
 2.610E-01  5.22253207844032E+00
 2.646E-01  5.13334066346501E+00
 2.682E-01  5.04361774908386E+00
 2.718E-01  4.95348543840014E+00
 2.755E-01  4.86306748458112E+00
 2.793E-01  4.77248904814845E+00
 2.831E-01  4.68187644540834E+00
 2.870E-01  4.59135688858358E+00
 2.909E-01  4.50105821825751E+00
 2.949E-01  4.41110862878817E+00
 2.989E-01  4.32163638739637E+00
 3.030E-01  4.23276954767670E+00
 3.071E-01  4.14463565832274E+00
 3.113E-01  4.05736146789844E+00
 3.156E-01  3.97107262652539E+00
 3.199E-01  3.88589338539066E+00
 3.242E-01  3.80194629501179E+00
 3.287E-01  3.71935190322352E+00
 3.331E-01  3.63822845387534E+00
 3.377E-01  3.55869158724916E+00
 3.423E-01  3.48085404322198E+00
 3.470E-01  3.40482536821002E+00
 3.517E-01  3.33071162693643E+00
 3.565E-01  3.25861512006608E+00
 3.614E-01  3.18863410874695E+00
 3.663E-01  3.12086254708749E+00
 3.713E-01  3.05538982358487E+00
 3.764E-01  2.99230051249797E+00
 3.815E-01  2.93167413613315E+00
 3.867E-01  2.87358493897911E+00
 3.920E-01  2.81810167459041E+00
 3.974E-01  2.76528740607713E+00
 4.028E-01  2.71519932101153E+00
 4.083E-01  2.66788856151072E+00
 4.139E-01  2.62340007019923E+00
 4.195E-01  2.58177245269554E+00
 4.252E-01  2.54303785720413E+00
 4.311E-01  2.50722187172881E+00
 4.369E-01  2.47434343935544E+00
 4.429E-01  2.44441479198220E+00
 4.489E-01  2.41744140280504E+00
 4.551E-01  2.39342195779393E+00
 4.613E-01  2.37234834632444E+00
 4.676E-01  2.35420567105720E+00
 4.740E-01  2.33897227708767E+00
 4.804E-01  2.32661980031915E+00
 4.870E-01  2.31711323494398E+00
 4.936E-01  2.31041101985194E+00
 5.004E-01  2.30646514372081E+00
 5.072E-01  2.30522126848190E+00
 5.141E-01  2.30661887079399E+00
 5.212E-01  2.31059140110145E+00
 5.283E-01  2.31706645979718E+00
 5.355E-01  2.32596598995834E+00
 5.428E-01  2.33720648607191E+00
 5.502E-01  2.35069921811871E+00
 5.577E-01  2.36635047033833E+00
 5.653E-01  2.38406179395274E+00
 5.731E-01  2.40373027308464E+00
 5.809E-01  2.42524880306620E+00
 5.888E-01  2.44850638029620E+00
 5.969E-01  2.47338840276763E+00
 6.050E-01  2.49977698035474E+00
 6.133E-01  2.52755125391751E+00
 6.216E-01  2.55658772225296E+00
 6.301E-01  2.58676057589753E+00
 6.387E-01  2.61794203676149E+00
 6.474E-01  2.65000270255703E+00
 6.563E-01  2.68281189496470E+00
 6.652E-01  2.71623801046990E+00
 6.743E-01  2.75014887279101E+00
 6.835E-01  2.78441208581449E+00
 6.929E-01  2.81889538594962E+00
 7.023E-01  2.85346699281633E+00
 7.119E-01  2.88799595718445E+00
 7.216E-01  2.92235250509110E+00
 7.315E-01  2.95640837707497E+00
 7.415E-01  2.99003716148251E+00
 7.516E-01  3.02311462082047E+00
 7.618E-01  3.05551901015245E+00
 7.723E-01  3.08713138656434E+00
 7.828E-01  3.11783590875337E+00
 7.935E-01  3.14752012582957E+00
 8.043E-01  3.17607525445521E+00
 8.153E-01  3.20339644348796E+00
 8.264E-01  3.22938302533638E+00
 8.377E-01  3.25393875328247E+00
 8.491E-01  3.27697202407439E+00
 8.607E-01  3.29839608514370E+00
 8.725E-01  3.31812922585472E+00
 8.844E-01  3.33609495224947E+00
 8.965E-01  3.35222214480894E+00
 9.087E-01  3.36644519881131E+00
 9.211E-01  3.37870414692834E+00
 9.337E-01  3.38894476376400E+00
 9.464E-01  3.39711865210300E+00
 9.594E-01  3.40318331070151E+00
 9.725E-01  3.40710218351823E+00
 9.857E-01  3.40884469034972E+00
 9.992E-01  3.40838623890071E+00
 1.013E+00  3.40570821838651E+00
 1.027E+00  3.40079797483105E+00
 1.041E+00  3.39364876829035E+00
 1.055E+00  3.38425971229637E+00
 1.069E+00  3.37263569588054E+00
 1.084E+00  3.35878728859995E+00
 1.099E+00  3.34273062905011E+00
 1.114E+00  3.32448729740879E+00
 1.129E+00  3.30408417261284E+00
 1.144E+00  3.28155327482522E+00
 1.160E+00  3.25693159390261E+00
 1.176E+00  3.23026090462309E+00
 1.192E+00  3.20158756948055E+00
 1.208E+00  3.17096232989490E+00
 1.225E+00  3.13844008672670E+00
 1.241E+00  3.10407967102000E+00
 1.258E+00  3.06794360592804E+00
 1.275E+00  3.03009786080322E+00
 1.293E+00  2.99061159845448E+00
 1.310E+00  2.94955691659283E+00
 1.328E+00  2.90700858449784E+00
 1.347E+00  2.86304377594548E+00
 1.365E+00  2.81774179944046E+00
 1.384E+00  2.77118382679314E+00
 1.402E+00  2.72345262107437E+00
 1.422E+00  2.67463226496861E+00
 1.441E+00  2.62480789052886E+00
 1.461E+00  2.57406541131498E+00
 1.481E+00  2.52249125787048E+00
 1.501E+00  2.47017211746226E+00
 1.521E+00  2.41719467897293E+00
 1.542E+00  2.36364538379644E+00
 1.563E+00  2.30961018354578E+00
 1.584E+00  2.25517430533569E+00
 1.606E+00  2.20042202535491E+00
 1.628E+00  2.14543645139140E+00
 1.650E+00  2.09029931492046E+00
 1.673E+00  2.03509077331022E+00
 1.696E+00  1.97988922264260E+00
 1.719E+00  1.92477112158890E+00
 1.742E+00  1.86981082672121E+00
 1.766E+00  1.81508043958076E+00
 1.790E+00  1.76064966576520E+00
 1.815E+00  1.70658568623742E+00
 1.839E+00  1.65295304100004E+00
 1.864E+00  1.59981352522150E+00
 1.890E+00  1.54722609784354E+00
 1.916E+00  1.49524680264427E+00
 1.942E+00  1.44392870167778E+00
 1.968E+00  1.39332182095981E+00
 1.995E+00  1.34347310821933E+00
 2.022E+00  1.29442640248940E+00
 2.050E+00  1.24622241526572E+00
 2.078E+00  1.19889872292014E+00
 2.106E+00  1.15248977001684E+00
 2.135E+00  1.10702688314352E+00
 2.164E+00  1.06253829483660E+00
 2.194E+00  1.01904917714961E+00
 2.224E+00  9.76581684387398E-01
 2.254E+00  9.35155004504918E-01
 2.285E+00  8.94785418649264E-01
 2.316E+00  8.55486368306109E-01
 2.348E+00  8.17268529497799E-01
 2.380E+00  7.80139893469355E-01
 2.412E+00  7.44105853290698E-01
 2.445E+00  7.09169295798576E-01
 2.479E+00  6.75330698299708E-01
 2.513E+00  6.42588229457556E-01
 2.547E+00  6.10937853788795E-01
 2.582E+00  5.80373439201868E-01
 2.617E+00  5.50886867018856E-01
 2.653E+00  5.22468143933128E-01
 2.689E+00  4.95105515368809E-01
 2.725E+00  4.68785579723731E-01
 2.763E+00  4.43493402995244E-01
 2.800E+00  4.19212633307741E-01
 2.839E+00  3.95925614881941E-01
 2.877E+00  3.73613501008671E-01
 2.917E+00  3.52256365613937E-01
 2.956E+00  3.31833313027255E-01
 2.997E+00  3.12322585591438E-01
 3.038E+00  2.93701668779023E-01
 3.079E+00  2.75947393508179E-01
 3.121E+00  2.59036035379003E-01
 3.164E+00  2.42943410579485E-01
 3.207E+00  2.27644968238869E-01
 3.251E+00  2.13115879034488E-01
 3.295E+00  1.99331119886282E-01
 3.340E+00  1.86265554600879E-01
 3.386E+00  1.73894010354242E-01
 3.432E+00  1.62191349928295E-01
 3.479E+00  1.51132539642431E-01
 3.526E+00  1.40692712945369E-01
 3.575E+00  1.30847229656239E-01
 3.623E+00  1.21571730865972E-01
 3.673E+00  1.12842189530980E-01
 3.723E+00  1.04634956810619E-01
 3.774E+00  9.69268042179717E-02
 3.825E+00  8.96949616700776E-02
 3.878E+00  8.29171515387370E-02
 3.930E+00  7.65716188164974E-02
 3.984E+00  7.06371575243487E-02
 4.039E+00  6.50931334980066E-02
 4.094E+00  5.99195036985062E-02
 4.150E+00  5.50968322001630E-02
 4.206E+00  5.06063030148513E-02
 4.264E+00  4.64297299160589E-02
 4.322E+00  4.25495634293466E-02
 4.381E+00  3.89488951577800E-02
 4.441E+00  3.56114596116595E-02
 4.501E+00  3.25216337115572E-02
 4.563E+00  2.96644341323659E-02
 4.625E+00  2.70255126538605E-02
 4.688E+00  2.45911496802743E-02
 4.752E+00  2.23482460876814E-02
 4.817E+00  2.02843135536643E-02
 4.883E+00  1.83874635189025E-02
 4.950E+00  1.66463949250487E-02
 5.017E+00  1.50503808676401E-02
 5.086E+00  1.35892542968997E-02
 5.155E+00  1.22533928931950E-02
 5.225E+00  1.10337032376962E-02
 5.297E+00  9.92160439248391E-03
 5.369E+00  8.90901099803549E-03
 5.442E+00  7.98831598973214E-03
 5.517E+00  7.15237302879871E-03
 5.592E+00  6.39447873696013E-03
 5.668E+00  5.70835481809091E-03
 5.746E+00  5.08813014427376E-03
 5.824E+00  4.52832287798119E-03
 5.904E+00  4.02382269656433E-03
 5.984E+00  3.56987317988296E-03
 6.066E+00  3.16205441674242E-03
 6.149E+00  2.79626588081920E-03
 6.233E+00  2.46870962195604E-03
 6.318E+00  2.17587381408693E-03
 6.404E+00  1.91451669660897E-03
 6.491E+00  1.68165094174815E-03
 6.580E+00  1.47452847636520E-03
 6.670E+00  1.29062578271195E-03
 6.761E+00  1.12762969887594E-03
 6.853E+00  9.83423736037529E-04
 6.947E+00  8.56074926208962E-04
 7.042E+00  7.43821210827500E-04
 7.138E+00  6.45059377435946E-04
 7.235E+00  5.58333548704203E-04
 7.334E+00  4.82324225227199E-04
 7.434E+00  4.15837880880312E-04
 7.536E+00  3.57797107026037E-04
 7.639E+00  3.07231299548632E-04
 7.743E+00  2.63267880549768E-04
 7.849E+00  2.25124044570999E-04
 7.956E+00  1.92099017420557E-04
 8.064E+00  1.63566814074378E-04
 8.174E+00  1.38969480695486E-04
 8.286E+00  1.17810804571959E-04
 8.399E+00  9.96504747104733E-05
 8.514E+00  8.40986749376490E-05
 8.630E+00  7.08110906515513E-05
 8.748E+00  5.94843098259205E-05
 8.867E+00  4.98515984939449E-05
 8.988E+00  4.16790307194342E-05
 9.111E+00  3.47619529927082E-05
 9.235E+00  2.89217630570708E-05
 9.362E+00  2.40029833691143E-05
 9.489E+00  1.98706097114253E-05
 9.619E+00  1.64077158980247E-05
 9.750E+00  1.35132960292049E-05
 9.883E+00  1.11003263512626E-05
 1.002E+01  9.09402944584277E-06
 1.016E+01  7.43032420122480E-06
 1.029E+01  6.05444579219755E-06
 1.043E+01  4.91972070487158E-06
 1.058E+01  3.98648267715417E-06
 1.072E+01  3.22111627455729E-06
 1.087E+01  2.59521567518176E-06
 1.102E+01  2.08484708858598E-06
 1.117E+01  1.66990407313469E-06
 1.132E+01  1.33354583854693E-06
 1.147E+01  1.06170941885403E-06
 1.163E+01  8.42687370860388E-07
 1.179E+01  6.66763390381379E-07
 1.195E+01  5.25898939766871E-07
 1.211E+01  4.13464643069462E-07
 1.228E+01  3.24010827977890E-07
 1.245E+01  2.53072175582578E-07
 1.262E+01  1.97002709589205E-07
 1.279E+01  1.52840334573079E-07
 1.296E+01  1.18174416659792E-07
 1.314E+01  9.10559639898146E-08
 1.332E+01  6.99152989212797E-08
 1.350E+01  5.34926481225554E-08
 1.368E+01  4.07805338077378E-08
 1.387E+01  3.09761344627947E-08
 1.406E+01  2.34420354770436E-08
 1.425E+01  1.76740131563738E-08
 1.445E+01  1.32746919514558E-08
 1.464E+01  9.93208679218248E-09
 1.484E+01  7.40219248466712E-09
 1.505E+01  5.49491240173211E-09
 1.525E+01  4.06273126495605E-09
 1.546E+01  2.99163362852640E-09
 1.567E+01  2.19385254725886E-09
 1.589E+01  1.60210351672665E-09
 1.610E+01  1.16501864392821E-09
 1.632E+01  8.43546533442391E-10
 1.655E+01  6.08125811296594E-10
 1.677E+01  4.36475680691570E-10
 1.700E+01  3.11876410209214E-10
 1.723E+01  2.21837079949028E-10
 1.747E+01  1.57068030254750E-10
 1.771E+01  1.10691948435443E-10
 1.795E+01  7.76409782479606E-11
 1.819E+01  5.41981507456928E-11
 1.844E+01  3.76502465770293E-11
 1.869E+01  2.60262775789713E-11
 1.895E+01  1.79014313707708E-11
 1.921E+01  1.22508187490918E-11
 1.947E+01  8.34091905913302E-12
 1.974E+01  5.64941527932599E-12
 2.000E+01  3.80629847390063E-12
 2.028E+01  2.55082373834912E-12
 2.055E+01  1.70021725077686E-12
 2.084E+01  1.12704796870417E-12
 2.112E+01  7.42953460103545E-13
 2.141E+01  4.86999831069279E-13
 2.170E+01  3.17402479334363E-13
 2.200E+01  2.05670486015434E-13
 2.230E+01  1.32488802610775E-13
 2.260E+01  8.48392520771585E-14
 2.291E+01  5.39994552269861E-14
 2.322E+01  3.41602285665632E-14
 2.354E+01  2.14760526174539E-14
 2.386E+01  1.34169380582150E-14
 2.419E+01  8.32875508949519E-15
 2.452E+01  5.13684469972949E-15
 2.485E+01  3.14748649807469E-15
 2.519E+01  1.91576975793767E-15
 2.554E+01  1.15823082393821E-15
 2.588E+01  6.95471155073161E-16
 2.624E+01  4.14719644279664E-16
 2.660E+01  2.45572823176286E-16
 2.696E+01  1.44382439738381E-16
 2.733E+01  8.42780394036765E-17
 2.770E+01  4.88357054872105E-17
 2.808E+01  2.80892366368560E-17
 2.846E+01  1.60353217090604E-17
 2.885E+01  9.08460245491418E-18
 2.924E+01  5.10715826033808E-18
 2.964E+01  2.84873371362761E-18
 3.005E+01  1.57643812815012E-18
 3.046E+01  8.65380870386660E-19
 3.087E+01  4.71188890707149E-19
 3.130E+01  2.54443662761655E-19
 3.172E+01  1.36253563914415E-19
 3.216E+01  7.23458892141230E-20
 3.259E+01  3.80836919728037E-20
 3.304E+01  1.98734001051274E-20
 3.349E+01  1.02792471385165E-20
 3.395E+01  5.26931039160405E-21
 3.441E+01  2.67667857572212E-21
 3.488E+01  1.34720761035923E-21
 3.536E+01  6.71759556709866E-22
 3.584E+01  3.31801702725875E-22
 3.633E+01  1.62320154767158E-22
 3.683E+01  7.86390480241049E-23
 3.733E+01  3.77240323710361E-23
 3.784E+01  1.79165069244804E-23
 3.835E+01  8.42334237788274E-24
 3.888E+01  3.91968474199632E-24
 3.941E+01  1.80504878927928E-24
 3.995E+01  8.22512586613845E-25
 4.049E+01  3.70805205600752E-25
 4.104E+01  1.65361758235573E-25
 4.161E+01  7.29366453352851E-26
 4.217E+01  3.18135770476102E-26
 4.275E+01  1.37204675926377E-26
 4.333E+01  5.84989107081980E-27
 4.392E+01  2.46536342711785E-27
 4.452E+01  1.02683185407214E-27
 4.513E+01  4.22603309806191E-28
 4.575E+01  1.71834608002216E-28
 4.637E+01  6.90177171675106E-29
 4.701E+01  2.73785095585485E-29
 4.765E+01  1.07246795934281E-29
 4.830E+01  4.14771807588709E-30
 4.896E+01  1.58346556929065E-30
 4.963E+01  5.96630967799260E-31
 5.030E+01  2.21831664375535E-31
 5.099E+01  8.13739225215389E-32
 5.169E+01  2.94454331381970E-32
 5.239E+01  1.05089945179676E-32
 5.311E+01  3.69907586917271E-33
 5.383E+01  1.28442820745318E-33
 5.457E+01  4.40414504139684E-34
 5.531E+01  1.49650970733503E-34
 5.607E+01  0.00000000000000E+00
 5.683E+01  0.00000000000000E+00
 5.761E+01  0.00000000000000E+00
 5.839E+01  0.00000000000000E+00
 5.919E+01  0.00000000000000E+00
 6.000E+01  0.00000000000000E+00
