line2: Z,NR,R(1),R(NR) /line3,4,...: R(N),RHO*4*PI*R(N)**2
10.00  2000  1.01365245284744E-10  6.00000000000000E+01
 1.014E-10  8.83486680194081E-17
 1.027E-10  9.07709238292525E-17
 1.042E-10  9.32595906369804E-17
 1.056E-10  9.60749400964803E-17
 1.070E-10  9.87090271407229E-17
 1.085E-10  1.01415332960692E-16
 1.100E-10  1.04195837578899E-16
 1.115E-10  1.07052575304101E-16
 1.130E-10  1.09987636219712E-16
 1.145E-10  1.13003167712979E-16
 1.161E-10  1.16101376046069E-16
 1.177E-10  1.19284527970252E-16
 1.193E-10  1.22554952384329E-16
 1.209E-10  1.25915042038516E-16
 1.226E-10  1.29367255285097E-16
 1.242E-10  1.32914117876989E-16
 1.259E-10  1.36558224815686E-16
 1.276E-10  1.40302242249865E-16
 1.294E-10  1.44148909426000E-16
 1.312E-10  1.48101040692502E-16
 1.329E-10  1.52161527558787E-16
 1.348E-10  1.56333340810782E-16
 1.366E-10  1.60619532684482E-16
 1.385E-10  1.65023239099045E-16
 1.404E-10  1.69547681951124E-16
 1.423E-10  1.74196171472152E-16
 1.442E-10  1.78972108650174E-16
 1.462E-10  1.83878987718134E-16
 1.482E-10  1.88920398710384E-16
 1.502E-10  1.94100030089267E-16
 1.523E-10  1.99421671443694E-16
 1.543E-10  2.04889216261767E-16
 1.564E-10  2.10506664779375E-16
 1.586E-10  2.16278126906878E-16
 1.607E-10  2.22207825236065E-16
 1.629E-10  2.28300098129541E-16
 1.652E-10  2.34559402894823E-16
 1.674E-10  2.40990319045451E-16
 1.697E-10  2.47597551651485E-16
 1.720E-10  2.54385934781937E-16
 1.744E-10  2.61360435041506E-16
 1.767E-10  2.68526155204286E-16
 1.792E-10  2.75888337947177E-16
 1.816E-10  2.83452369685559E-16
 1.841E-10  2.91223784514194E-16
 1.866E-10  2.99208268256140E-16
 1.891E-10  3.07411662622691E-16
 1.917E-10  3.15839969487356E-16
 1.943E-10  3.24499355277029E-16
 1.970E-10  3.33396155483584E-16
 1.997E-10  3.42536879299091E-16
 2.024E-10  3.51928214378137E-16
 2.052E-10  3.61577031730782E-16
 2.080E-10  3.71490390749623E-16
 2.108E-10  3.81675544374631E-16
 2.137E-10  3.92139944399641E-16
 2.166E-10  4.02891246924380E-16
 2.196E-10  4.13937317955875E-16
 2.226E-10  4.25286239163524E-16
 2.256E-10  4.36946313791867E-16
 2.287E-10  4.48926072735523E-16
 2.318E-10  4.61234280780709E-16
 2.350E-10  4.73879943017823E-16
 2.382E-10  4.86872311429824E-16
 2.414E-10  5.00220891661378E-16
 2.447E-10  5.13935449973442E-16
 2.481E-10  5.28026020388550E-16
 2.515E-10  5.42502912032084E-16
 2.549E-10  5.57376716674769E-16
 2.584E-10  5.72658316482002E-16
 2.619E-10  5.88358891975467E-16
 2.655E-10  6.04489930213287E-16
 2.691E-10  6.21063233194340E-16
 2.728E-10  6.38090926492918E-16
 2.765E-10  6.55585468130230E-16
 2.803E-10  6.73559657689104E-16
 2.841E-10  6.92026645678588E-16
 2.880E-10  7.10999943155334E-16
 2.919E-10  7.30493431608636E-16
 2.959E-10  7.50521373116624E-16
 2.999E-10  7.71098420780904E-16
 3.040E-10  7.92239629447273E-16
 3.082E-10  8.13960466720235E-16
 3.124E-10  8.36276824279650E-16
 3.166E-10  8.59205029507741E-16
 3.210E-10  8.82761857434513E-16
 3.253E-10  9.06964543011084E-16
 3.298E-10  9.31830793719304E-16
 3.343E-10  9.57378802527130E-16
 3.389E-10  9.83627261199155E-16
 3.435E-10  1.01059537397218E-15
 3.482E-10  1.03830287160567E-15
 3.529E-10  1.06677002581735E-15
 3.577E-10  1.09601766411475E-15
 3.626E-10  1.12606718503319E-15
 3.676E-10  1.15694057379189E-15
 3.726E-10  1.18866041837876E-15
 3.777E-10  1.22124992607657E-15
 3.828E-10  1.25473294044254E-15
 3.881E-10  1.28913395875261E-15
 3.934E-10  1.32447814992456E-15
 3.987E-10  1.36079137293265E-15
 4.042E-10  1.39810019572666E-15
 4.097E-10  1.43643191467003E-15
 4.153E-10  1.47581457451059E-15
 4.210E-10  1.51627698889915E-15
 4.267E-10  1.55784876147054E-15
 4.325E-10  1.60056030750258E-15
 4.384E-10  1.64444287616887E-15
 4.444E-10  1.68952857340164E-15
 4.505E-10  1.73585038538171E-15
 4.566E-10  1.78344220267209E-15
 4.629E-10  1.83233884501355E-15
 4.692E-10  1.88257608679964E-15
 4.756E-10  1.93419068325084E-15
 4.821E-10  1.98722039730558E-15
 4.887E-10  2.04170402724873E-15
 4.953E-10  2.09768143509811E-15
 5.021E-10  2.15519357576855E-15
 5.090E-10  2.21428252703606E-15
 5.159E-10  2.27499152032296E-15
 5.230E-10  2.33736497232787E-15
 5.301E-10  2.40144851752203E-15
 5.373E-10  2.46728904153710E-15
 5.447E-10  2.53493471546864E-15
 5.521E-10  2.60443503111905E-15
 5.596E-10  2.67584083720752E-15
 5.673E-10  2.74920437657294E-15
 5.750E-10  2.82457932439662E-15
 5.829E-10  2.90202082747214E-15
 5.908E-10  2.98158554455278E-15
 5.989E-10  3.06333168780554E-15
 6.071E-10  3.14731906540034E-15
 6.154E-10  3.23360912526786E-15
 6.238E-10  3.32226500005711E-15
 6.323E-10  3.41335155332502E-15
 6.409E-10  3.50693542699307E-15
 6.497E-10  3.60308509010444E-15
 6.585E-10  3.70187088891828E-15
 6.675E-10  3.80336509837737E-15
 6.766E-10  3.90764197498719E-15
 6.859E-10  4.01477781114361E-15
 6.952E-10  4.12485099095163E-15
 7.047E-10  4.23794204757378E-15
 7.144E-10  4.35413372215009E-15
 7.241E-10  4.47351102433524E-15
 7.340E-10  4.59616129449356E-15
 7.440E-10  4.72217426760078E-15
 7.542E-10  4.85164213889663E-15
 7.645E-10  4.98465963133770E-15
 7.749E-10  5.12132406490093E-15
 7.855E-10  5.26173542778473E-15
 7.962E-10  5.40599644956470E-15
 8.071E-10  5.55421267635359E-15
 8.181E-10  5.70649254802233E-15
 8.293E-10  5.86294747753791E-15
 8.406E-10  6.02369193247706E-15
 8.521E-10  6.18884351877483E-15
 8.637E-10  6.35852306676800E-15
 8.755E-10  6.53285471960007E-15
 8.874E-10  6.71196602404670E-15
 8.996E-10  6.89598802383377E-15
 9.118E-10  7.08505535551456E-15
 9.243E-10  7.27930634697227E-15
 9.369E-10  7.47888311862595E-15
 9.497E-10  7.68393168741157E-15
 9.627E-10  7.89460207361146E-15
 9.758E-10  8.11104841061443E-15
 9.891E-10  8.33342905768509E-15
 1.003E-09  8.56190671582444E-15
 1.016E-09  8.79664854680753E-15
 1.030E-09  9.03782629548443E-15
 1.044E-09  9.28561641543390E-15
 1.059E-09  9.54020019806386E-15
 1.073E-09  9.80176390524859E-15
 1.088E-09  1.00704989056048E-14
 1.102E-09  1.03466018145038E-14
 1.118E-09  1.06302746379210E-14
 1.133E-09  1.09217249202297E-14
 1.148E-09  1.12211658960484E-14
 1.164E-09  1.15288166462501E-14
 1.180E-09  1.18449022582484E-14
 1.196E-09  1.21696539906800E-14
 1.212E-09  1.25033094425986E-14
 1.229E-09  1.28461127273137E-14
 1.246E-09  1.31983146509904E-14
 1.263E-09  1.35601728961451E-14
 1.280E-09  1.39319522101781E-14
 1.297E-09  1.43139245990704E-14
 1.315E-09  1.47063695263909E-14
 1.333E-09  1.51095741177611E-14
 1.351E-09  1.55238333709299E-14
 1.370E-09  1.59494503715968E-14
 1.388E-09  1.63867365151644E-14
 1.407E-09  1.68360117345648E-14
 1.426E-09  1.72976047343298E-14
 1.446E-09  1.77718532310869E-14
 1.466E-09  1.82591042006404E-14
 1.486E-09  1.87597141318312E-14
 1.506E-09  1.92740492873552E-14
 1.527E-09  1.98024859717349E-14
 1.547E-09  2.03454108066339E-14
 1.568E-09  2.09032210137234E-14
 1.590E-09  2.14763247053037E-14
 1.612E-09  2.20651411828886E-14
 1.634E-09  2.26701012439850E-14
 1.656E-09  2.32916474972748E-14
 1.679E-09  2.39302346864434E-14
 1.701E-09  2.45863300228859E-14
 1.725E-09  2.52604135275341E-14
 1.748E-09  2.59529783820531E-14
 1.772E-09  2.66645312896706E-14
 1.796E-09  2.73955928459016E-14
 1.821E-09  2.81466979194270E-14
 1.846E-09  2.89183960434237E-14
 1.871E-09  2.97112518176211E-14
 1.896E-09  3.05258453213827E-14
 1.922E-09  3.13627725381067E-14
 1.949E-09  3.22226457912719E-14
 1.975E-09  3.31060941924321E-14
 2.002E-09  3.40137641014897E-14
 2.029E-09  3.49463195996027E-14
 2.057E-09  3.59044429750427E-14
 2.085E-09  3.68888352223787E-14
 2.114E-09  3.79002165553508E-14
 2.143E-09  3.89393269338005E-14
 2.172E-09  4.00069266050517E-14
 2.201E-09  4.11037966601279E-14
 2.232E-09  4.22307396052304E-14
 2.262E-09  4.33885799488719E-14
 2.293E-09  4.45781648051171E-14
 2.324E-09  4.58003645133619E-14
 2.356E-09  4.70560732750950E-14
 2.388E-09  4.83462098081336E-14
 2.421E-09  4.96717180187791E-14
 2.454E-09  5.10335676924156E-14
 2.487E-09  5.24327552030366E-14
 2.521E-09  5.38703042422207E-14
 2.556E-09  5.53472665681021E-14
 2.590E-09  5.68647227748691E-14
 2.626E-09  5.84237830833642E-14
 2.662E-09  6.00255881533554E-14
 2.698E-09  6.16713099180827E-14
 2.735E-09  6.33621524416825E-14
 2.772E-09  6.50993528001152E-14
 2.810E-09  6.68841819862612E-14
 2.848E-09  6.87179458398115E-14
 2.887E-09  7.06019860026654E-14
 2.927E-09  7.25376809005226E-14
 2.967E-09  7.45264467513812E-14
 3.007E-09  7.65697386016922E-14
 3.048E-09  7.86690513909127E-14
 3.090E-09  8.08259210452591E-14
 3.132E-09  8.30419256014467E-14
 3.175E-09  8.53186863612173E-14
 3.218E-09  8.76578690775395E-14
 3.262E-09  9.00611851733473E-14
 3.307E-09  9.25303929936502E-14
 3.352E-09  9.50672990920037E-14
 3.398E-09  9.76737595522569E-14
 3.444E-09  1.00351681346494E-13
 3.491E-09  1.03103023730263E-13
 3.539E-09  1.05929799676032E-13
 3.587E-09  1.08834077345922E-13
 3.636E-09  1.11817981604870E-13
 3.685E-09  1.14883695575230E-13
 3.736E-09  1.18033462234026E-13
 3.787E-09  1.21269586053988E-13
 3.838E-09  1.24594434689554E-13
 3.891E-09  1.28010440709181E-13
 3.944E-09  1.31520103375048E-13
 3.998E-09  1.35125990471573E-13
 4.052E-09  1.38830740184167E-13
 4.108E-09  1.42637063029350E-13
 4.164E-09  1.46547743837857E-13
 4.221E-09  1.50565643792167E-13
 4.278E-09  1.54693702519781E-13
 4.337E-09  1.58934940243963E-13
 4.396E-09  1.63292459993441E-13
 4.456E-09  1.67769449872692E-13
 4.517E-09  1.72369185394450E-13
 4.578E-09  1.77095031876172E-13
 4.641E-09  1.81950446902225E-13
 4.704E-09  1.86938982853593E-13
 4.769E-09  1.92064289506856E-13
 4.834E-09  1.97330116704536E-13
 4.900E-09  2.02740317098585E-13
 4.967E-09  2.08298848969101E-13
 5.034E-09  2.14009779120362E-13
 5.103E-09  2.19877285856200E-13
 5.173E-09  2.25905662037025E-13
 5.243E-09  2.32099318220588E-13
 5.315E-09  2.38462785888891E-13
 5.388E-09  2.45000720763572E-13
 5.461E-09  2.51717906212210E-13
 5.536E-09  2.58619256747949E-13
 5.611E-09  2.65709821625127E-13
 5.688E-09  2.72994788533522E-13
 5.765E-09  2.80479487393759E-13
 5.844E-09  2.88169394256910E-13
 5.924E-09  2.96070135310926E-13
 6.005E-09  3.04187490996949E-13
 6.087E-09  3.12527400238464E-13
 6.170E-09  3.21095964786421E-13
 6.254E-09  3.29899453683480E-13
 6.340E-09  3.38944307850599E-13
 6.426E-09  3.48237144799470E-13
 6.514E-09  3.57784763474124E-13
 6.603E-09  3.67594149225188E-13
 6.693E-09  3.77672478920626E-13
 6.784E-09  3.88027126196637E-13
 6.877E-09  3.98665666852308E-13
 6.971E-09  4.09595884392467E-13
 7.066E-09  4.20825775722266E-13
 7.162E-09  4.32363556997913E-13
 7.260E-09  4.44217669638037E-13
 7.359E-09  4.56396786499598E-13
 7.460E-09  4.68909818223237E-13
 7.562E-09  4.81765919752610E-13
 7.665E-09  4.94974497032456E-13
 7.770E-09  5.08545213890265E-13
 7.876E-09  5.22487999106642E-13
 7.983E-09  5.36813053679550E-13
 8.092E-09  5.51530858287706E-13
 8.203E-09  5.66652180958499E-13
 8.315E-09  5.82188084946376E-13
 8.428E-09  5.98149936826947E-13
 8.543E-09  6.14549414813133E-13
 8.660E-09  6.31398517299444E-13
 8.778E-09  6.48709571640338E-13
 8.898E-09  6.66495243169270E-13
 9.019E-09  6.84768544465094E-13
 9.142E-09  7.03542844872493E-13
 9.267E-09  7.22831880283389E-13
 9.394E-09  7.42649763186655E-13
 9.522E-09  7.63010992993160E-13
 9.652E-09  7.83930466644091E-13
 9.784E-09  8.05423489509963E-13
 9.917E-09  8.27505786588526E-13
 1.005E-08  8.50193514009843E-13
 1.019E-08  8.73503270856445E-13
 1.033E-08  8.97452111307760E-13
 1.047E-08  9.22057557117631E-13
 1.061E-08  9.47337610433722E-13
 1.076E-08  9.73310766968501E-13
 1.090E-08  9.99996029531236E-13
 1.105E-08  1.02741292193113E-12
 1.120E-08  1.05558150326154E-12
 1.136E-08  1.08452238257585E-12
 1.151E-08  1.11425673396579E-12
 1.167E-08  1.14480631205297E-12
 1.183E-08  1.17619346790528E-12
 1.199E-08  1.20844116538978E-12
 1.215E-08  1.24157299797370E-12
 1.232E-08  1.27561320598619E-12
 1.249E-08  1.31058669435325E-12
 1.266E-08  1.34651905081910E-12
 1.283E-08  1.38343656466709E-12
 1.301E-08  1.42136624595344E-12
 1.318E-08  1.46033584526900E-12
 1.336E-08  1.50037387404229E-12
 1.355E-08  1.54150962539944E-12
 1.373E-08  1.58377319559607E-12
 1.392E-08  1.62719550603645E-12
 1.411E-08  1.67180832589681E-12
 1.430E-08  1.71764429536857E-12
 1.450E-08  1.76473694953895E-12
 1.470E-08  1.81312074292648E-12
 1.490E-08  1.86283107468872E-12
 1.510E-08  1.91390431452174E-12
 1.531E-08  1.96637782926924E-12
 1.551E-08  2.02029001026109E-12
 1.573E-08  2.07568030140200E-12
 1.594E-08  2.13258922802999E-12
 1.616E-08  2.19105842656551E-12
 1.638E-08  2.25113067497442E-12
 1.660E-08  2.31284992406576E-12
 1.683E-08  2.37626132964717E-12
 1.706E-08  2.44141128556274E-12
 1.729E-08  2.50834745763601E-12
 1.753E-08  2.57711881854385E-12
 1.777E-08  2.64777568364632E-12
 1.801E-08  2.72036974779910E-12
 1.826E-08  2.79495412317537E-12
 1.851E-08  2.87158337812369E-12
 1.876E-08  2.95031357709252E-12
 1.901E-08  3.03120232164872E-12
 1.927E-08  3.11430879262026E-12
 1.954E-08  3.19969379339499E-12
 1.980E-08  3.28741979440686E-12
 2.007E-08  3.37755097884052E-12
 2.035E-08  3.47015328959000E-12
 2.063E-08  3.56529447750486E-12
 2.091E-08  3.66304415095864E-12
 2.119E-08  3.76347382677666E-12
 2.148E-08  3.86665698255975E-12
 2.178E-08  3.97266911044310E-12
 2.207E-08  4.08158777232875E-12
 2.237E-08  4.19349265663178E-12
 2.268E-08  4.30846563658347E-12
 2.299E-08  4.42659083013208E-12
 2.330E-08  4.54795466148637E-12
 2.362E-08  4.67264592434574E-12
 2.394E-08  4.80075584686512E-12
 2.427E-08  4.93237815840011E-12
 2.460E-08  5.06760915808234E-12
 2.494E-08  5.20654778527519E-12
 2.528E-08  5.34929569196004E-12
 2.562E-08  5.49595731710918E-12
 2.597E-08  5.64663996309641E-12
 2.633E-08  5.80145387420208E-12
 2.669E-08  5.96051231727151E-12
 2.705E-08  6.12393166458577E-12
 2.742E-08  6.29183147900148E-12
 2.779E-08  6.46433460142818E-12
 2.817E-08  6.64156724070154E-12
 2.856E-08  6.82365906592169E-12
 2.895E-08  7.01074330132497E-12
 2.934E-08  7.20295682375264E-12
 2.974E-08  7.40044026279456E-12
 3.015E-08  7.60333810368037E-12
 3.056E-08  7.81179879298662E-12
 3.098E-08  8.02597484724610E-12
 3.140E-08  8.24602296453472E-12
 3.183E-08  8.47210413911393E-12
 3.227E-08  8.70438377922223E-12
 3.271E-08  8.94303182809095E-12
 3.315E-08  9.18822288828094E-12
 3.361E-08  9.44013634942612E-12
 3.406E-08  9.69895651948125E-12
 3.453E-08  9.96487275956853E-12
 3.500E-08  1.02380796225171E-11
 3.548E-08  1.05187769952064E-11
 3.596E-08  1.08071702448089E-11
 3.645E-08  1.11034703690419E-11
 3.695E-08  1.14078941505417E-11
 3.746E-08  1.17206643154674E-11
 3.797E-08  1.20420096964546E-11
 3.849E-08  1.23721654000361E-11
 3.901E-08  1.27113729786523E-11
 3.954E-08  1.30598806073804E-11
 4.008E-08  1.34179432655046E-11
 4.063E-08  1.37858229230689E-11
 4.119E-08  1.41637887325397E-11
 4.175E-08  1.45521172257280E-11
 4.232E-08  1.49510925161095E-11
 4.290E-08  1.53610065066868E-11
 4.348E-08  1.57821591035573E-11
 4.408E-08  1.62148584353345E-11
 4.468E-08  1.66594210785813E-11
 4.529E-08  1.71161722894285E-11
 4.591E-08  1.75854462415423E-11
 4.653E-08  1.80675862706160E-11
 4.717E-08  1.85629451255633E-11
 4.781E-08  1.90718852266013E-11
 4.846E-08  1.95947789304077E-11
 4.913E-08  2.01320088025476E-11
 4.980E-08  2.06839678973715E-11
 5.048E-08  2.12510600455827E-11
 5.117E-08  2.18337001496962E-11
 5.186E-08  2.24323144875887E-11
 5.257E-08  2.30473410243794E-11
 5.329E-08  2.36792297328608E-11
 5.402E-08  2.43284429227034E-11
 5.475E-08  2.49954555787036E-11
 5.550E-08  2.56807557082968E-11
 5.626E-08  2.63848446985902E-11
 5.703E-08  2.71082376831995E-11
 5.781E-08  2.78514639191336E-11
 5.860E-08  2.86150671740139E-11
 5.940E-08  2.93996061239132E-11
 6.021E-08  3.02056547620963E-11
 6.103E-08  3.10338028189724E-11
 6.186E-08  3.18846561935559E-11
 6.271E-08  3.27588373967643E-11
 6.356E-08  3.36569860068648E-11
 6.443E-08  3.45797591374056E-11
 6.531E-08  3.55278319179785E-11
 6.620E-08  3.65018979881675E-11
 6.711E-08  3.75026700050337E-11
 6.802E-08  3.85308801645129E-11
 6.895E-08  3.95872807371167E-11
 6.989E-08  4.06726446183103E-11
 7.085E-08  4.17877658939862E-11
 7.181E-08  4.29334604214457E-11
 7.279E-08  4.41105664262932E-11
 7.379E-08  4.53199451157116E-11
 7.479E-08  4.65624813085489E-11
 7.582E-08  4.78390840826732E-11
 7.685E-08  4.91506874400807E-11
 7.790E-08  5.04982509902346E-11
 7.896E-08  5.18827606521486E-11
 8.004E-08  5.33052293757073E-11
 8.113E-08  5.47666978827720E-11
 8.224E-08  5.62682354286025E-11
 8.336E-08  5.78109405841515E-11
 8.450E-08  5.93959420398106E-11
 8.566E-08  6.10243994311933E-11
 8.683E-08  6.26975041875560E-11
 8.801E-08  6.44164804034775E-11
 8.921E-08  6.61825857344461E-11
 9.043E-08  6.79971123169878E-11
 9.167E-08  6.98613877140347E-11
 9.292E-08  7.17767758862046E-11
 9.419E-08  7.37446781897101E-11
 9.547E-08  7.57665344016320E-11
 9.677E-08  7.78438237732970E-11
 9.810E-08  7.99780661125390E-11
 9.944E-08  8.21708228956304E-11
 1.008E-07  8.44236984097002E-11
 1.022E-07  8.67383409264772E-11
 1.036E-07  8.91164439082051E-11
 1.050E-07  9.15597472466215E-11
 1.064E-07  9.40700385359187E-11
 1.079E-07  9.66491543805909E-11
 1.093E-07  9.92989817391368E-11
 1.108E-07  1.02021459304612E-10
 1.123E-07  1.04818578923037E-10
 1.139E-07  1.07692387050668E-10
 1.154E-07  1.10644986251238E-10
 1.170E-07  1.13678536734265E-10
 1.186E-07  1.16795257935505E-10
 1.202E-07  1.19997430140743E-10
 1.219E-07  1.23287396154112E-10
 1.235E-07  1.26667563012158E-10
 1.252E-07  1.30140403744874E-10
 1.269E-07  1.33708459185047E-10
 1.287E-07  1.37374339827187E-10
 1.304E-07  1.41140727737413E-10
 1.322E-07  1.45010378515758E-10
 1.340E-07  1.48986123312217E-10
 1.358E-07  1.53070870898069E-10
 1.377E-07  1.57267609794017E-10
 1.396E-07  1.61579410456682E-10
 1.415E-07  1.66009427525008E-10
 1.434E-07  1.70560902128258E-10
 1.454E-07  1.75237164257319E-10
 1.473E-07  1.80041635201026E-10
 1.494E-07  1.84977830049213E-10
 1.514E-07  1.90049360264461E-10
 1.535E-07  1.95259936324335E-10
 1.556E-07  2.00613370436043E-10
 1.577E-07  2.06113579325549E-10
 1.598E-07  2.11764587103139E-10
 1.620E-07  2.17570528207531E-10
 1.642E-07  2.23535650430765E-10
 1.665E-07  2.29664318025960E-10
 1.687E-07  2.35961014900285E-10
 1.710E-07  2.42430347895545E-10
 1.734E-07  2.49077050158573E-10
 1.757E-07  2.55905984604169E-10
 1.781E-07  2.62922147472910E-10
 1.806E-07  2.70130671986450E-10
 1.830E-07  2.77536832103187E-10
 1.855E-07  2.85146046376734E-10
 1.881E-07  2.92963881920263E-10
 1.906E-07  3.00996058479572E-10
 1.932E-07  3.09248452617734E-10
 1.959E-07  3.17727102014509E-10
 1.986E-07  3.26438209883640E-10
 2.013E-07  3.35388149511286E-10
 2.040E-07  3.44583468918819E-10
 2.068E-07  3.54030895653481E-10
 2.096E-07  3.63737341710421E-10
 2.125E-07  3.73709908589663E-10
 2.154E-07  3.83955892491669E-10
 2.183E-07  3.94482789655386E-10
 2.213E-07  4.05298301842645E-10
 2.243E-07  4.16410341972958E-10
 2.274E-07  4.27827039912735E-10
 2.305E-07  4.39556748423223E-10
 2.336E-07  4.51608049271609E-10
 2.368E-07  4.63989759509520E-10
 2.401E-07  4.76710937923800E-10
 2.433E-07  4.89780891664056E-10
 2.467E-07  5.03209183051987E-10
 2.500E-07  5.17005636577263E-10
 2.534E-07  5.31180346085378E-10
 2.569E-07  5.45743682162459E-10
 2.604E-07  5.60706299722506E-10
 2.640E-07  5.76079145802836E-10
 2.676E-07  5.91873467572990E-10
 2.712E-07  6.08100820563426E-10
 2.749E-07  6.24773077119719E-10
 2.787E-07  6.41902435088524E-10
 2.825E-07  6.59501426741793E-10
 2.863E-07  6.77582927945524E-10
 2.903E-07  6.96160167579940E-10
 2.942E-07  7.15246737218013E-10
 2.982E-07  7.34856601069132E-10
 3.023E-07  7.55004106195671E-10
 3.064E-07  7.75703993009393E-10
 3.106E-07  7.96971406055765E-10
 3.149E-07  8.18821905094077E-10
 3.192E-07  8.41271476480905E-10
 3.235E-07  8.64336544866118E-10
 3.279E-07  8.88033985209440E-10
 3.324E-07  9.12381135126135E-10
 3.369E-07  9.37395807571699E-10
 3.415E-07  9.63096303873873E-10
 3.462E-07  9.89501427122144E-10
 3.509E-07  1.01663049592441E-09
 3.557E-07  1.04450335854055E-09
 3.606E-07  1.07314040740370E-09
 3.655E-07  1.10256259403961E-09
 3.705E-07  1.13279144439496E-09
 3.756E-07  1.16384907458593E-09
 3.807E-07  1.19575820707879E-09
 3.859E-07  1.22854218731357E-09
 3.911E-07  1.26222500078400E-09
 3.965E-07  1.29683129058546E-09
 4.019E-07  1.33238637544408E-09
 4.074E-07  1.36891626824021E-09
 4.129E-07  1.40644769503951E-09
 4.186E-07  1.44500811464608E-09
 4.243E-07  1.48462573869146E-09
 4.301E-07  1.52532955227452E-09
 4.360E-07  1.56714933516703E-09
 4.419E-07  1.61011568360090E-09
 4.479E-07  1.65426003265244E-09
 4.541E-07  1.69961467924048E-09
 4.603E-07  1.74621280575498E-09
 4.665E-07  1.79408850433341E-09
 4.729E-07  1.84327680180276E-09
 4.794E-07  1.89381368530525E-09
 4.859E-07  1.94573612862670E-09
 4.926E-07  1.99908211924665E-09
 4.993E-07  2.05389068613004E-09
 5.061E-07  2.11020192828111E-09
 5.130E-07  2.16805704407979E-09
 5.200E-07  2.22749836142247E-09
 5.271E-07  2.28856936868917E-09
 5.343E-07  2.35131474655962E-09
 5.416E-07  2.41578040070195E-09
 5.490E-07  2.48201349535686E-09
 5.565E-07  2.55006248784318E-09
 5.641E-07  2.61997716400928E-09
 5.718E-07  2.69180867465612E-09
 5.796E-07  2.76560957295913E-09
 5.875E-07  2.84143385291621E-09
 5.955E-07  2.91933698884941E-09
 6.037E-07  2.99937597598959E-09
 6.119E-07  3.08160937217430E-09
 6.202E-07  3.16609734068808E-09
 6.287E-07  3.25290169427791E-09
 6.373E-07  3.34208594037488E-09
 6.460E-07  3.43371532755599E-09
 6.548E-07  3.52785689327968E-09
 6.638E-07  3.62457951292950E-09
 6.728E-07  3.72395395020324E-09
 6.820E-07  3.82605290888338E-09
 6.913E-07  3.93095108602583E-09
 7.008E-07  4.03872522660789E-09
 7.103E-07  4.14945417967482E-09
 7.200E-07  4.26321895602370E-09
 7.298E-07  4.38010278747092E-09
 7.398E-07  4.50019118774354E-09
 7.499E-07  4.62357201503990E-09
 7.602E-07  4.75033553630568E-09
 7.705E-07  4.88057449327190E-09
 7.811E-07  5.01438417030365E-09
 7.917E-07  5.15186246410858E-09
 8.025E-07  5.29310995535692E-09
 8.135E-07  5.43822998226397E-09
 8.246E-07  5.58732871619155E-09
 8.358E-07  5.74051523932046E-09
 8.473E-07  5.89790162445378E-09
 8.588E-07  6.05960301700616E-09
 8.705E-07  6.22573771924275E-09
 8.824E-07  6.39642727682684E-09
 8.945E-07  6.57179656773944E-09
 9.067E-07  6.75197389363892E-09
 9.191E-07  6.93709107372138E-09
 9.316E-07  7.12728354115793E-09
 9.443E-07  7.32269044217450E-09
 9.572E-07  7.52345473784705E-09
 9.703E-07  7.72972330868875E-09
 9.835E-07  7.94164706210446E-09
 9.970E-07  8.15938104278913E-09
 1.011E-06  8.38308454615515E-09
 1.024E-06  8.61292123486866E-09
 1.038E-06  8.84905925857949E-09
 1.053E-06  9.09167137693440E-09
 1.067E-06  9.34093508596330E-09
 1.081E-06  9.59703274792999E-09
 1.096E-06  9.86015172474008E-09
 1.111E-06  1.01304845150120E-08
 1.126E-06  1.04082288948999E-08
 1.142E-06  1.06935880627801E-08
 1.157E-06  1.09867707879050E-08
 1.173E-06  1.12879915631277E-08
 1.189E-06  1.15974707618207E-08
 1.205E-06  1.19154347990895E-08
 1.222E-06  1.22421162974095E-08
 1.239E-06  1.25777542568036E-08
 1.255E-06  1.29225942296832E-08
 1.273E-06  1.32768885004854E-08
 1.290E-06  1.36408962702319E-08
 1.308E-06  1.40148838461483E-08
 1.325E-06  1.43991248364826E-08
 1.344E-06  1.47939003506652E-08
 1.362E-06  1.51994992049521E-08
 1.380E-06  1.56162181337105E-08
 1.399E-06  1.60443620064942E-08
 1.418E-06  1.64842440510697E-08
 1.438E-06  1.69361860825579E-08
 1.457E-06  1.74005187388544E-08
 1.477E-06  1.78775817225089E-08
 1.497E-06  1.83677240492292E-08
 1.518E-06  1.88713043032019E-08
 1.539E-06  1.93886908994126E-08
 1.560E-06  1.99202623531536E-08
 1.581E-06  2.04664075569250E-08
 1.603E-06  2.10275260649204E-08
 1.624E-06  2.16040283853175E-08
 1.647E-06  2.21963362805793E-08
 1.669E-06  2.28048830759850E-08
 1.692E-06  2.34301139766213E-08
 1.715E-06  2.40724863930650E-08
 1.738E-06  2.47324702759902E-08
 1.762E-06  2.54105484599515E-08
 1.786E-06  2.61072170165891E-08
 1.811E-06  2.68229856175170E-08
 1.835E-06  2.75583779071590E-08
 1.860E-06  2.83139318858064E-08
 1.886E-06  2.90902003031765E-08
 1.911E-06  2.98877510627570E-08
 1.938E-06  3.07071676372391E-08
 1.964E-06  3.15490494953371E-08
 1.991E-06  3.24140125403042E-08
 2.018E-06  3.33026895604724E-08
 2.046E-06  3.42157306921525E-08
 2.073E-06  3.51538038952038E-08
 2.102E-06  3.61175954416569E-08
 2.130E-06  3.71078104177245E-08
 2.160E-06  3.81251732395717E-08
 2.189E-06  3.91704281832305E-08
 2.219E-06  4.02443399290362E-08
 2.249E-06  4.13476941209906E-08
 2.280E-06  4.24812979414536E-08
 2.311E-06  4.36459807015979E-08
 2.343E-06  4.48425944480420E-08
 2.375E-06  4.60720145861110E-08
 2.407E-06  4.73351405201892E-08
 2.440E-06  4.86328963116187E-08
 2.473E-06  4.99662313546406E-08
 2.507E-06  5.13361210708582E-08
 2.541E-06  5.27435676227327E-08
 2.576E-06  5.41896006466562E-08
 2.611E-06  5.56752780060949E-08
 2.647E-06  5.72016865653888E-08
 2.683E-06  5.87699429847767E-08
 2.719E-06  6.03811945371782E-08
 2.757E-06  6.20366199473980E-08
 2.794E-06  6.37374302543315E-08
 2.832E-06  6.54848696967765E-08
 2.871E-06  6.72802166235498E-08
 2.910E-06  6.91247844285534E-08
 2.950E-06  7.10199225114615E-08
 2.990E-06  7.29670172647395E-08
 3.031E-06  7.49674930877218E-08
 3.072E-06  7.70228134284904E-08
 3.114E-06  7.91344818543119E-08
 3.157E-06  8.13040431513989E-08
 3.200E-06  8.35330844548434E-08
 3.244E-06  8.58232364094991E-08
 3.288E-06  8.81761743626941E-08
 3.333E-06  9.05936195896401E-08
 3.378E-06  9.30773405524243E-08
 3.424E-06  9.56291541935048E-08
 3.471E-06  9.82509272646682E-08
 3.519E-06  1.00944577692416E-07
 3.567E-06  1.03712075980775E-07
 3.615E-06  1.06555446652545E-07
 3.665E-06  1.09476769730067E-07
 3.715E-06  1.12478182256583E-07
 3.765E-06  1.15561879859261E-07
 3.817E-06  1.18730118355095E-07
 3.869E-06  1.21985215400826E-07
 3.922E-06  1.25329552188048E-07
 3.975E-06  1.28765575184805E-07
 4.030E-06  1.32295797924932E-07
 4.085E-06  1.35922802846389E-07
 4.140E-06  1.39649243180056E-07
 4.197E-06  1.43477844890226E-07
 4.254E-06  1.47411408668306E-07
 4.312E-06  1.51452811981220E-07
 4.371E-06  1.55605011175863E-07
 4.431E-06  1.59871043641250E-07
 4.491E-06  1.64254030030022E-07
 4.553E-06  1.68757176540719E-07
 4.615E-06  1.73383777262641E-07
 4.678E-06  1.78137216585023E-07
 4.742E-06  1.83020971672190E-07
 4.806E-06  1.88038615006544E-07
 4.872E-06  1.93193817001279E-07
 4.938E-06  1.98490348684700E-07
 5.006E-06  2.03932084458069E-07
 5.074E-06  2.09523004929084E-07
 5.144E-06  2.15267199822997E-07
 5.214E-06  2.21168870973499E-07
 5.285E-06  2.27232335395597E-07
 5.357E-06  2.33462028442669E-07
 5.430E-06  2.39862507050120E-07
 5.504E-06  2.46438453067839E-07
 5.579E-06  2.53194676684033E-07
 5.656E-06  2.60136119942894E-07
 5.733E-06  2.67267860358643E-07
 5.811E-06  2.74595114628675E-07
 5.890E-06  2.82123242448376E-07
 5.971E-06  2.89857750430560E-07
 6.052E-06  2.97804296132267E-07
 6.135E-06  3.05968692191957E-07
 6.219E-06  3.14356910580054E-07
 6.304E-06  3.22975086965933E-07
 6.390E-06  3.31829525204681E-07
 6.477E-06  3.40926701946740E-07
 6.565E-06  3.50273271373860E-07
 6.655E-06  3.59876070064891E-07
 6.746E-06  3.69742121994826E-07
 6.838E-06  3.79878643670985E-07
 6.931E-06  3.90293049409740E-07
 7.026E-06  4.00992956757995E-07
 7.122E-06  4.11986192063218E-07
 7.219E-06  4.23280796195969E-07
 7.318E-06  4.34885030429412E-07
 7.418E-06  4.46807382479832E-07
 7.519E-06  4.59056572712671E-07
 7.622E-06  4.71641560518650E-07
 7.726E-06  4.84571550864659E-07
 7.831E-06  4.97856001024001E-07
 7.938E-06  5.11504627491190E-07
 8.046E-06  5.25527413086149E-07
 8.156E-06  5.39934614253080E-07
 8.268E-06  5.54736768559349E-07
 8.380E-06  5.69944702399740E-07
 8.495E-06  5.85569538911975E-07
 8.611E-06  6.01622706108988E-07
 8.728E-06  6.18115945233996E-07
 8.848E-06  6.35061319344596E-07
 8.968E-06  6.52471222131993E-07
 9.091E-06  6.70358386981876E-07
 9.215E-06  6.88735896283458E-07
 9.341E-06  7.07617190993744E-07
 9.468E-06  7.27016080463738E-07
 9.597E-06  7.46946752533750E-07
 9.729E-06  7.67423783905555E-07
 9.861E-06  7.88462150798419E-07
 9.996E-06  8.10077239897241E-07
 1.013E-05  8.32284859600699E-07
 1.027E-05  8.55101251577331E-07
 1.041E-05  8.78543102638319E-07
 1.055E-05  9.02627556935633E-07
 1.070E-05  9.27372228494181E-07
 1.084E-05  9.52795214087348E-07
 1.099E-05  9.78915106465209E-07
 1.114E-05  1.00575100794518E-06
 1.129E-05  1.03332254437510E-06
 1.145E-05  1.06164987947839E-06
 1.160E-05  1.09075372959270E-06
 1.176E-05  1.12065537881181E-06
 1.192E-05  1.15137669454267E-06
 1.209E-05  1.18294014348854E-06
 1.225E-05  1.21536880806953E-06
 1.242E-05  1.24868640329365E-06
 1.259E-05  1.28291729408928E-06
 1.276E-05  1.31808651311263E-06
 1.293E-05  1.35421977904339E-06
 1.311E-05  1.39134351538079E-06
 1.329E-05  1.42948486975475E-06
 1.347E-05  1.46867173376644E-06
 1.365E-05  1.50893276337151E-06
 1.384E-05  1.55029739982190E-06
 1.403E-05  1.59279589118122E-06
 1.422E-05  1.63645931442969E-06
 1.442E-05  1.68131959817392E-06
 1.461E-05  1.72740954597883E-06
 1.481E-05  1.77476286033896E-06
 1.501E-05  1.82341416730570E-06
 1.522E-05  1.87339904178927E-06
 1.543E-05  1.92475403355359E-06
 1.564E-05  1.97751669392290E-06
 1.585E-05  2.03172560321983E-06
 1.607E-05  2.08742039895474E-06
 1.629E-05  2.14464180478731E-06
 1.651E-05  2.20343166028069E-06
 1.673E-05  2.26383295147079E-06
 1.696E-05  2.32588984227238E-06
 1.719E-05  2.38964770674531E-06
 1.743E-05  2.45515316224443E-06
 1.767E-05  2.52245410347648E-06
 1.791E-05  2.59159973749003E-06
 1.815E-05  2.66264061962395E-06
 1.840E-05  2.73562869043880E-06
 1.865E-05  2.81061731365986E-06
 1.891E-05  2.88766131516029E-06
 1.916E-05  2.96681702300958E-06
 1.943E-05  3.04814230861938E-06
 1.969E-05  3.13169662901601E-06
 1.996E-05  3.21754107026980E-06
 2.023E-05  3.30573839211352E-06
 2.051E-05  3.39635307378159E-06
 2.079E-05  3.48945136110577E-06
 2.107E-05  3.58510131489824E-06
 2.136E-05  3.68337286065982E-06
 2.165E-05  3.78433783964934E-06
 2.195E-05  3.88807006134951E-06
 2.225E-05  3.99464535737092E-06
 2.255E-05  4.10414163682957E-06
 2.286E-05  4.21663894324054E-06
 2.317E-05  4.33221951296975E-06
 2.349E-05  4.45096783528436E-06
 2.381E-05  4.57297071404731E-06
 2.413E-05  4.69831733110001E-06
 2.446E-05  4.82709931137970E-06
 2.480E-05  4.95941078981872E-06
 2.514E-05  5.09534848007491E-06
 2.548E-05  5.23501174514236E-06
 2.583E-05  5.37850266989463E-06
 2.618E-05  5.52592613561275E-06
 2.654E-05  5.67738989655284E-06
 2.690E-05  5.83300465860864E-06
 2.727E-05  5.99288416012604E-06
 2.764E-05  6.15714525492947E-06
 2.802E-05  6.32590799761925E-06
 2.840E-05  6.49929573120244E-06
 2.879E-05  6.67743517712182E-06
 2.918E-05  6.86045652774728E-06
 2.958E-05  7.04849354139768E-06
 2.998E-05  7.24168363996137E-06
 3.039E-05  7.44016800918887E-06
 3.080E-05  7.64409170172733E-06
 3.123E-05  7.85360374297349E-06
 3.165E-05  8.06885723982259E-06
 3.208E-05  8.29000949239138E-06
 3.252E-05  8.51722210879695E-06
 3.297E-05  8.75066112307437E-06
 3.342E-05  8.99049711631993E-06
 3.387E-05  9.23690534114576E-06
 3.433E-05  9.49006584954063E-06
 3.480E-05  9.75016362422431E-06
 3.528E-05  1.00173887135956E-05
 3.576E-05  1.02919363703700E-05
 3.625E-05  1.05740071940074E-05
 3.674E-05  1.08638072770352E-05
 3.724E-05  1.11615483553709E-05
 3.775E-05  1.14674479627553E-05
 3.827E-05  1.17817295894074E-05
 3.879E-05  1.21046228450158E-05
 3.932E-05  1.24363636261876E-05
 3.986E-05  1.27771942884730E-05
 4.040E-05  1.31273638230916E-05
 4.095E-05  1.34871280384917E-05
 4.151E-05  1.38567497468695E-05
 4.208E-05  1.42364989557864E-05
 4.265E-05  1.46266530650252E-05
 4.324E-05  1.50274970688232E-05
 4.383E-05  1.54393237636340E-05
 4.442E-05  1.58624339615645E-05
 4.503E-05  1.62971367096477E-05
 4.565E-05  1.67437495151022E-05
 4.627E-05  1.72025985767488E-05
 4.690E-05  1.76740190227508E-05
 4.754E-05  1.81583551548472E-05
 4.819E-05  1.86559606992572E-05
 4.885E-05  1.91671990644411E-05
 4.951E-05  1.96924436059028E-05
 5.019E-05  2.02320778982206E-05
 5.088E-05  2.07864960145114E-05
 5.157E-05  2.13561028135288E-05
 5.227E-05  2.19413142345984E-05
 5.299E-05  2.25425576006075E-05
 5.371E-05  2.31602719292721E-05
 5.445E-05  2.37949082529000E-05
 5.519E-05  2.44469299468849E-05
 5.594E-05  2.51168130671733E-05
 5.671E-05  2.58050466969363E-05
 5.748E-05  2.65121333027127E-05
 5.826E-05  2.72385891002718E-05
 5.906E-05  2.79849444304619E-05
 5.987E-05  2.87517441453179E-05
 6.068E-05  2.95395480047061E-05
 6.151E-05  3.03489310837963E-05
 6.235E-05  3.11804841916491E-05
 6.320E-05  3.20348143012301E-05
 6.407E-05  3.29125449911549E-05
 6.494E-05  3.38143168994847E-05
 6.583E-05  3.47407881899092E-05
 6.673E-05  3.56926350306399E-05
 6.764E-05  3.66705520863667E-05
 6.856E-05  3.76752530236417E-05
 6.950E-05  3.87074710300371E-05
 7.045E-05  3.97679593474685E-05
 7.141E-05  4.08574918200610E-05
 7.238E-05  4.19768634569483E-05
 7.337E-05  4.31268910104326E-05
 7.437E-05  4.43084135698894E-05
 7.539E-05  4.55222931718731E-05
 7.642E-05  4.67694154268615E-05
 7.746E-05  4.80506901630666E-05
 7.852E-05  4.93670520878073E-05
 7.959E-05  5.07194614669022E-05
 8.068E-05  5.21089048225765E-05
 8.178E-05  5.35363956503850E-05
 8.289E-05  5.50029751556716E-05
 8.403E-05  5.65097130100953E-05
 8.517E-05  5.80577081287620E-05
 8.634E-05  5.96480894685230E-05
 8.751E-05  6.12820168480222E-05
 8.871E-05  6.29606817900763E-05
 8.992E-05  6.46853083869926E-05
 9.115E-05  6.64571541894513E-05
 9.239E-05  6.82775111195894E-05
 9.365E-05  7.01477064089438E-05
 9.493E-05  7.20691035619223E-05
 9.623E-05  7.40431033455047E-05
 9.754E-05  7.60711448058848E-05
 9.887E-05  7.81547063127681E-05
 1.002E-04  8.02953066320899E-05
 1.016E-04  8.24945060279257E-05
 1.030E-04  8.47539073943718E-05
 1.044E-04  8.70751574182266E-05
 1.058E-04  8.94599477732867E-05
 1.073E-04  9.19100163471184E-05
 1.087E-04  9.44271485012116E-05
 1.102E-04  9.70131783653710E-05
 1.117E-04  9.96699901673229E-05
 1.132E-04  1.02399519598448E-04
 1.148E-04  1.05203755216639E-04
 1.163E-04  1.08084739887304E-04
 1.179E-04  1.11044572263498E-04
 1.195E-04  1.14085408306292E-04
 1.212E-04  1.17209462846446E-04
 1.228E-04  1.20419011188493E-04
 1.245E-04  1.23716390758398E-04
 1.262E-04  1.27104002795969E-04
 1.279E-04  1.30584314093218E-04
 1.297E-04  1.34159858779902E-04
 1.314E-04  1.37833240157566E-04
 1.332E-04  1.41607132583358E-04
 1.351E-04  1.45484283404940E-04
 1.369E-04  1.49467514947944E-04
 1.388E-04  1.53559726557334E-04
 1.407E-04  1.57763896694129E-04
 1.426E-04  1.62083085089014E-04
 1.445E-04  1.66520434954351E-04
 1.465E-04  1.71079175256178E-04
 1.485E-04  1.75762623047794E-04
 1.505E-04  1.80574185866588E-04
 1.526E-04  1.85517364195844E-04
 1.547E-04  1.90595753993271E-04
 1.568E-04  1.95813049288009E-04
 1.589E-04  2.01173044847990E-04
 1.611E-04  2.06679638919590E-04
 1.633E-04  2.12336836041392E-04
 1.655E-04  2.18148749934218E-04
 1.678E-04  2.24119606469319E-04
 1.701E-04  2.30253746716956E-04
 1.724E-04  2.36555630077474E-04
 1.748E-04  2.43029837497057E-04
 1.771E-04  2.49681074770506E-04
 1.796E-04  2.56514175933346E-04
 1.820E-04  2.63534106745626E-04
 1.845E-04  2.70745968269940E-04
 1.870E-04  2.78155000546157E-04
 1.896E-04  2.85766586365461E-04
 1.922E-04  2.93586255146360E-04
 1.948E-04  3.01619686915394E-04
 1.974E-04  3.09872716395393E-04
 2.001E-04  3.18351337204092E-04
 2.029E-04  3.27061706166111E-04
 2.056E-04  3.36010147741346E-04
 2.084E-04  3.45203158572834E-04
 2.113E-04  3.54647412157315E-04
 2.142E-04  3.64349763641816E-04
 2.171E-04  3.74317254749545E-04
 2.201E-04  3.84557118838616E-04
 2.231E-04  3.95076786097150E-04
 2.261E-04  4.05883888878307E-04
 2.292E-04  4.16986267179153E-04
 2.323E-04  4.28391974267036E-04
 2.355E-04  4.40109282457495E-04
 2.387E-04  4.52146689047742E-04
 2.420E-04  4.64512922409785E-04
 2.453E-04  4.77216948247593E-04
 2.486E-04  4.90267976022539E-04
 2.520E-04  5.03675465551616E-04
 2.555E-04  5.17449133783150E-04
 2.589E-04  5.31598961754569E-04
 2.625E-04  5.46135201737134E-04
 2.661E-04  5.61068384572692E-04
 2.697E-04  5.76409327207392E-04
 2.734E-04  5.92169140427681E-04
 2.771E-04  6.08359236804011E-04
 2.809E-04  6.24991338847597E-04
 2.847E-04  6.42077487386083E-04
 2.886E-04  6.59630050163791E-04
 2.926E-04  6.77661730672413E-04
 2.965E-04  6.96185577218564E-04
 3.006E-04  7.15214992234134E-04
 3.047E-04  7.34763741835996E-04
 3.089E-04  7.54845965641737E-04
 3.131E-04  7.75476186848076E-04
 3.174E-04  7.96669322578914E-04
 3.217E-04  8.18440694510149E-04
 3.261E-04  8.40806039778620E-04
 3.305E-04  8.63781522182634E-04
 3.350E-04  8.87383743681660E-04
 3.396E-04  9.11629756203233E-04
 3.442E-04  9.36537073765084E-04
 3.489E-04  9.62123684920778E-04
 3.537E-04  9.88408065537359E-04
 3.585E-04  1.01540919191377E-03
 3.634E-04  1.04314655424901E-03
 3.684E-04  1.07164017046912E-03
 3.734E-04  1.10091060042246E-03
 3.785E-04  1.13097896045301E-03
 3.837E-04  1.16186693836144E-03
 3.889E-04  1.19359680876431E-03
 3.942E-04  1.22619144886150E-03
 3.996E-04  1.25967435462293E-03
 4.051E-04  1.29406965740522E-03
 4.106E-04  1.32940214100963E-03
 4.162E-04  1.36569725919289E-03
 4.219E-04  1.40298115364249E-03
 4.277E-04  1.44128067242870E-03
 4.335E-04  1.48062338894580E-03
 4.394E-04  1.52103762135494E-03
 4.454E-04  1.56255245254212E-03
 4.515E-04  1.60519775060420E-03
 4.577E-04  1.64900418987693E-03
 4.639E-04  1.69400327251908E-03
 4.702E-04  1.74022735066677E-03
 4.767E-04  1.78770964917321E-03
 4.832E-04  1.83648428894854E-03
 4.898E-04  1.88658631091561E-03
 4.965E-04  1.93805170059747E-03
 5.032E-04  1.99091741335285E-03
 5.101E-04  2.04522140027628E-03
 5.171E-04  2.10100263478023E-03
 5.241E-04  2.15830113987645E-03
 5.313E-04  2.21715801617467E-03
 5.385E-04  2.27761547061713E-03
 5.459E-04  2.33971684596773E-03
 5.533E-04  2.40350665107511E-03
 5.609E-04  2.46903059192941E-03
 5.686E-04  2.53633560353338E-03
 5.763E-04  2.60546988260811E-03
 5.842E-04  2.67648292115487E-03
 5.922E-04  2.74942554089528E-03
 6.002E-04  2.82434992861155E-03
 6.084E-04  2.90130967240994E-03
 6.167E-04  2.98035979893116E-03
 6.252E-04  3.06155681153123E-03
 6.337E-04  3.14495872945772E-03
 6.423E-04  3.23062512804656E-03
 6.511E-04  3.31861717996522E-03
 6.600E-04  3.40899769752833E-03
 6.690E-04  3.50183117611333E-03
 6.782E-04  3.59718383870360E-03
 6.874E-04  3.69512368158723E-03
 6.968E-04  3.79572052124077E-03
 7.063E-04  3.89904604242749E-03
 7.160E-04  4.00517384754083E-03
 7.257E-04  4.11417950722375E-03
 7.356E-04  4.22614061229625E-03
 7.457E-04  4.34113682702346E-03
 7.559E-04  4.45924994375779E-03
 7.662E-04  4.58056393898930E-03
 7.766E-04  4.70516503083930E-03
 7.872E-04  4.83314173803259E-03
 7.980E-04  4.96458494038563E-03
 8.089E-04  5.09958794084753E-03
 8.199E-04  5.23824652913219E-03
 8.311E-04  5.38065904698125E-03
 8.425E-04  5.52692645509725E-03
 8.540E-04  5.67715240178873E-03
 8.656E-04  5.83144329336858E-03
 8.774E-04  5.98990836634893E-03
 8.894E-04  6.15265976147616E-03
 9.016E-04  6.31981259965103E-03
 9.139E-04  6.49148505977979E-03
 9.264E-04  6.66779845860300E-03
 9.390E-04  6.84887733255008E-03
 9.518E-04  7.03484952166824E-03
 9.648E-04  7.22584625567667E-03
 9.780E-04  7.42200224219610E-03
 9.913E-04  7.62345575720628E-03
 1.005E-03  7.83034873778572E-03
 1.019E-03  8.04282687718679E-03
 1.032E-03  8.26103972230284E-03
 1.047E-03  8.48514077358403E-03
 1.061E-03  8.71528758746032E-03
 1.075E-03  8.95164188133025E-03
 1.090E-03  9.19436964117694E-03
 1.105E-03  9.44364123187298E-03
 1.120E-03  9.69963151023700E-03
 1.135E-03  9.96251994090739E-03
 1.151E-03  1.02324907150982E-02
 1.167E-03  1.05097328723046E-02
 1.182E-03  1.07944404250268E-02
 1.199E-03  1.10868124865826E-02
 1.215E-03  1.13870534020791E-02
 1.232E-03  1.16953728826175E-02
 1.248E-03  1.20119861428045E-02
 1.265E-03  1.23371140416462E-02
 1.283E-03  1.26709832269028E-02
 1.300E-03  1.30138262829809E-02
 1.318E-03  1.33658818824457E-02
 1.336E-03  1.37273949412339E-02
 1.354E-03  1.40986167776504E-02
 1.373E-03  1.44798052752352E-02
 1.391E-03  1.48712250495856E-02
 1.410E-03  1.52731476192224E-02
 1.430E-03  1.56858515805904E-02
 1.449E-03  1.61096227872842E-02
 1.469E-03  1.65447545335921E-02
 1.489E-03  1.69915477424541E-02
 1.509E-03  1.74503111579287E-02
 1.530E-03  1.79213615422682E-02
 1.551E-03  1.84050238777015E-02
 1.572E-03  1.89016315730261E-02
 1.593E-03  1.94115266751130E-02
 1.615E-03  1.99350600854288E-02
 1.637E-03  2.04725917816817E-02
 1.660E-03  2.10244910447011E-02
 1.682E-03  2.15911366906592E-02
 1.705E-03  2.21729173087477E-02
 1.729E-03  2.27702315044230E-02
 1.752E-03  2.33834881483348E-02
 1.776E-03  2.40131066310558E-02
 1.800E-03  2.46595171237310E-02
 1.825E-03  2.53231608447669E-02
 1.850E-03  2.60044903326838E-02
 1.875E-03  2.67039697252538E-02
 1.901E-03  2.74220750450502E-02
 1.927E-03  2.81592944915373E-02
 1.953E-03  2.89161287398268E-02
 1.980E-03  2.96930912462336E-02
 2.007E-03  3.04907085607614E-02
 2.034E-03  3.13095206466522E-02
 2.062E-03  3.21500812071357E-02
 2.090E-03  3.30129580195138E-02
 2.118E-03  3.38987332767184E-02
 2.147E-03  3.48080039364838E-02
 2.177E-03  3.57413820782709E-02
 2.206E-03  3.66994952680894E-02
 2.236E-03  3.76829869313574E-02
 2.267E-03  3.86925167339457E-02
 2.298E-03  3.97287609715513E-02
 2.329E-03  4.07924129675455E-02
 2.361E-03  4.18841834794471E-02
 2.393E-03  4.30048011141655E-02
 2.426E-03  4.41550127521650E-02
 2.459E-03  4.53355839807010E-02
 2.493E-03  4.65472995362757E-02
 2.527E-03  4.77909637564662E-02
 2.561E-03  4.90674010412762E-02
 2.596E-03  5.03774563241619E-02
 2.632E-03  5.17219955528845E-02
 2.668E-03  5.31019061803400E-02
 2.704E-03  5.45180976655176E-02
 2.741E-03  5.59715019847397E-02
 2.778E-03  5.74630741533303E-02
 2.816E-03  5.89937927578651E-02
 2.855E-03  6.05646604991501E-02
 2.894E-03  6.21767047460764E-02
 2.933E-03  6.38309781004991E-02
 2.973E-03  6.55285589732849E-02
 3.014E-03  6.72705521716706E-02
 3.055E-03  6.90580894980743E-02
 3.097E-03  7.08923303604998E-02
 3.139E-03  7.27744623946686E-02
 3.182E-03  7.47057020980145E-02
 3.225E-03  7.66872954756721E-02
 3.269E-03  7.87205186985849E-02
 3.314E-03  8.08066787738583E-02
 3.359E-03  8.29471142274764E-02
 3.405E-03  8.51431957994978E-02
 3.452E-03  8.73963271518404E-02
 3.499E-03  8.97079455887635E-02
 3.546E-03  9.20795227901407E-02
 3.595E-03  9.45125655576247E-02
 3.644E-03  9.70086165737864E-02
 3.694E-03  9.95692551743107E-02
 3.744E-03  1.02196098133320E-01
 3.795E-03  1.04890800461897E-01
 3.847E-03  1.07655056219849E-01
 3.900E-03  1.10490599340784E-01
 3.953E-03  1.13399204470511E-01
 4.007E-03  1.16382687818818E-01
 4.061E-03  1.19442908024620E-01
 4.117E-03  1.22581767034509E-01
 4.173E-03  1.25801210994671E-01
 4.230E-03  1.29103231156183E-01
 4.288E-03  1.32489864793629E-01
 4.346E-03  1.35963196137000E-01
 4.406E-03  1.39525357316828E-01
 4.466E-03  1.43178529322453E-01
 4.527E-03  1.46924942973346E-01
 4.589E-03  1.50766879903369E-01
 4.651E-03  1.54706673557842E-01
 4.715E-03  1.58746710203274E-01
 4.779E-03  1.62889429949574E-01
 4.844E-03  1.67137327784563E-01
 4.911E-03  1.71492954620567E-01
 4.978E-03  1.75958918352854E-01
 5.046E-03  1.80537884929652E-01
 5.114E-03  1.85232579433464E-01
 5.184E-03  1.90045787173351E-01
 5.255E-03  1.94980354787863E-01
 5.327E-03  2.00039191358222E-01
 5.400E-03  2.05225269531360E-01
 5.473E-03  2.10541626652386E-01
 5.548E-03  2.15991365905997E-01
 5.624E-03  2.21577657466332E-01
 5.700E-03  2.27303739654739E-01
 5.778E-03  2.33172920104854E-01
 5.857E-03  2.39188576934397E-01
 5.937E-03  2.45354159922991E-01
 6.018E-03  2.51673191695347E-01
 6.100E-03  2.58149268909012E-01
 6.184E-03  2.64786063445933E-01
 6.268E-03  2.71587323606962E-01
 6.354E-03  2.78556875308417E-01
 6.440E-03  2.85698623279767E-01
 6.528E-03  2.93016552261414E-01
 6.617E-03  3.00514728201545E-01
 6.708E-03  3.08197299450916E-01
 6.799E-03  3.16068497954412E-01
 6.892E-03  3.24132640438134E-01
 6.986E-03  3.32394129590718E-01
 7.082E-03  3.40857455237519E-01
 7.178E-03  3.49527195506219E-01
 7.276E-03  3.58408017982355E-01
 7.376E-03  3.67504680853178E-01
 7.476E-03  3.76822034038199E-01
 7.578E-03  3.86365020304669E-01
 7.682E-03  3.96138676366183E-01
 7.787E-03  4.06148133962510E-01
 7.893E-03  4.16398620918651E-01
 8.001E-03  4.26895462181066E-01
 8.110E-03  4.37644080828874E-01
 8.221E-03  4.48649999057796E-01
 8.333E-03  4.59918839134459E-01
 8.447E-03  4.71456324318615E-01
 8.562E-03  4.83268279750704E-01
 8.679E-03  4.95360633302108E-01
 8.798E-03  5.07739416385311E-01
 8.918E-03  5.20410764721096E-01
 9.039E-03  5.33380919059756E-01
 9.163E-03  5.46656225853241E-01
 9.288E-03  5.60243137874975E-01
 9.415E-03  5.74148214784014E-01
 9.543E-03  5.88378123630061E-01
 9.674E-03  6.02939639295725E-01
 9.806E-03  6.17839644872293E-01
 9.940E-03  6.33085131965167E-01
 1.008E-02  6.48683200924932E-01
 1.021E-02  6.64641060999949E-01
 1.035E-02  6.80966030406167E-01
 1.049E-02  6.97665536309761E-01
 1.064E-02  7.14747114718006E-01
 1.078E-02  7.32218410273695E-01
 1.093E-02  7.50087175948233E-01
 1.108E-02  7.68361272628394E-01
 1.123E-02  7.87048668591587E-01
 1.138E-02  8.06157438864308E-01
 1.154E-02  8.25695764458315E-01
 1.170E-02  8.45671931478876E-01
 1.186E-02  8.66094330099336E-01
 1.202E-02  8.86971453396027E-01
 1.218E-02  9.08311896037443E-01
 1.235E-02  9.30124352821388E-01
 1.252E-02  9.52417617053704E-01
 1.269E-02  9.75200578761961E-01
 1.286E-02  9.98482222737401E-01
 1.304E-02  1.02227162639820E+00
 1.321E-02  1.04657795746704E+00
 1.339E-02  1.07141047145565E+00
 1.358E-02  1.09677850894921E+00
 1.376E-02  1.12269149268270E+00
 1.395E-02  1.14915892440196E+00
 1.414E-02  1.17619038150133E+00
 1.433E-02  1.20379551342997E+00
 1.453E-02  1.23198403785900E+00
 1.473E-02  1.26076573660081E+00
 1.493E-02  1.29015045127265E+00
 1.513E-02  1.32014807869565E+00
 1.534E-02  1.35076856602091E+00
 1.555E-02  1.38202190557384E+00
 1.576E-02  1.41391812940808E+00
 1.598E-02  1.44646730355998E+00
 1.619E-02  1.47967952199479E+00
 1.642E-02  1.51356490023547E+00
 1.664E-02  1.54813356866502E+00
 1.687E-02  1.58339566549332E+00
 1.710E-02  1.61936132937913E+00
 1.733E-02  1.65604069169825E+00
 1.757E-02  1.69344386844851E+00
 1.781E-02  1.73158095178259E+00
 1.805E-02  1.77046200115933E+00
 1.830E-02  1.81009703410471E+00
 1.855E-02  1.85049601657322E+00
 1.880E-02  1.89166885290096E+00
 1.906E-02  1.93362537534143E+00
 1.932E-02  1.97637533317565E+00
 1.958E-02  2.01992838138777E+00
 1.985E-02  2.06429406889819E+00
 2.012E-02  2.10948182634593E+00
 2.039E-02  2.15550095341241E+00
 2.067E-02  2.20236060567930E+00
 2.095E-02  2.25006978101292E+00
 2.124E-02  2.29863730546852E+00
 2.153E-02  2.34807181870789E+00
 2.182E-02  2.39838175892416E+00
 2.212E-02  2.44957534726827E+00
 2.242E-02  2.50166057177191E+00
 2.273E-02  2.55464517076249E+00
 2.304E-02  2.60853661576597E+00
 2.335E-02  2.66334209389442E+00
 2.367E-02  2.71906848971550E+00
 2.400E-02  2.77572236660205E+00
 2.432E-02  2.83330994756055E+00
 2.466E-02  2.89183709553823E+00
 2.499E-02  2.95130929320940E+00
 2.533E-02  3.01173162224254E+00
 2.568E-02  3.07310874205074E+00
 2.603E-02  3.13544486802904E+00
 2.639E-02  3.19874374928352E+00
 2.675E-02  3.26300864585805E+00
 2.711E-02  3.32824230546584E+00
 2.748E-02  3.39444693973450E+00
 2.786E-02  3.46162419997433E+00
 2.824E-02  3.52977515248137E+00
 2.862E-02  3.59890025338810E+00
 2.901E-02  3.66899932307628E+00
 2.941E-02  3.74007152016820E+00
 2.981E-02  3.81211531511415E+00
 3.022E-02  3.88512846339610E+00
 3.063E-02  3.95910797836903E+00
 3.105E-02  4.03405010376369E+00
 3.147E-02  4.10995028587644E+00
 3.190E-02  4.18680314547389E+00
 3.234E-02  4.26460244944245E+00
 3.278E-02  4.34334108221501E+00
 3.323E-02  4.42301101700927E+00
 3.368E-02  4.50360328691480E+00
 3.414E-02  4.58510795586834E+00
 3.461E-02  4.66751408955931E+00
 3.508E-02  4.75080972631013E+00
 3.556E-02  4.83498184797886E+00
 3.604E-02  4.92001635093403E+00
 3.654E-02  5.00589801715454E+00
 3.703E-02  5.09261048551050E+00
 3.754E-02  5.18013622328336E+00
 3.805E-02  5.26845649798713E+00
 3.857E-02  5.35755134955497E+00
 3.910E-02  5.44739956295889E+00
 3.963E-02  5.53797864133303E+00
 4.017E-02  5.62926477967425E+00
 4.072E-02  5.72123283919664E+00
 4.128E-02  5.81385632241998E+00
 4.184E-02  5.90710734907477E+00
 4.241E-02  6.00095663291005E+00
 4.299E-02  6.09537345949287E+00
 4.358E-02  6.19032566509155E+00
 4.417E-02  6.28577961673771E+00
 4.478E-02  6.38170019356490E+00
 4.539E-02  6.47805076952488E+00
 4.601E-02  6.57479319758480E+00
 4.664E-02  6.67188779551181E+00
 4.727E-02  6.76929333335372E+00
 4.792E-02  6.86696702272708E+00
 4.857E-02  6.96486450802621E+00
 4.924E-02  7.06293985966900E+00
 4.991E-02  7.16114556949707E+00
 5.059E-02  7.25943254844983E+00
 5.128E-02  7.35775012663367E+00
 5.198E-02  7.45604605590849E+00
 5.269E-02  7.55426651511524E+00
 5.341E-02  7.65235611806886E+00
 5.414E-02  7.75025792444144E+00
 5.488E-02  7.84791345366089E+00
 5.563E-02  7.94526270194999E+00
 5.639E-02  8.04224416263062E+00
 5.716E-02  8.13879484981677E+00
 5.794E-02  8.23485032561894E+00
 5.873E-02  8.33034473098081E+00
 5.953E-02  8.42521082026698E+00
 6.034E-02  8.51937999971787E+00
 6.116E-02  8.61278236988507E+00
 6.200E-02  8.70534677215673E+00
 6.285E-02  8.79700083947822E+00
 6.370E-02  8.88767105136922E+00
 6.457E-02  8.97728279333243E+00
 6.546E-02  9.06576042074380E+00
 6.635E-02  9.15302732730761E+00
 6.725E-02  9.23900601815213E+00
 6.817E-02  9.32361818763470E+00
 6.910E-02  9.40678480191584E+00
 7.005E-02  9.48842618635325E+00
 7.100E-02  9.56846211775684E+00
 7.197E-02  9.64681192153495E+00
 7.296E-02  9.72339457375126E+00
 7.395E-02  9.79812880809932E+00
 7.496E-02  9.87093322778936E+00
 7.598E-02  9.94172642232843E+00
 7.702E-02  1.00104270891605E+01
 7.807E-02  1.00769541601186E+01
 7.914E-02  1.01412269326254E+01
 8.022E-02  1.02031652055620E+01
 8.132E-02  1.02626894197074E+01
 8.243E-02  1.03197208026350E+01
 8.355E-02  1.03741815179312E+01
 8.469E-02  1.04259948185850E+01
 8.585E-02  1.04750852043767E+01
 8.702E-02  1.05213785830723E+01
 8.821E-02  1.05648024352121E+01
 8.941E-02  1.06052859822593E+01
 9.063E-02  1.06427603578513E+01
 9.187E-02  1.06771587818781E+01
 9.312E-02  1.07084167370862E+01
 9.440E-02  1.07364721478860E+01
 9.568E-02  1.07612655610162E+01
 9.699E-02  1.07827403276991E+01
 9.831E-02  1.08008427868922E+01
 9.966E-02  1.08155224492252E+01
 1.010E-01  1.08267321811833E+01
 1.024E-01  1.08344283890795E+01
 1.038E-01  1.08385712023329E+01
 1.052E-01  1.08391246555510E+01
 1.066E-01  1.08360568688931E+01
 1.081E-01  1.08293402261688E+01
 1.096E-01  1.08189515501100E+01
 1.111E-01  1.08048722742329E+01
 1.126E-01  1.07870886106921E+01
 1.141E-01  1.07655917135098E+01
 1.157E-01  1.07403778365514E+01
 1.173E-01  1.07114484856022E+01
 1.189E-01  1.06788105638916E+01
 1.205E-01  1.06424765103993E+01
 1.221E-01  1.06024644302696E+01
 1.238E-01  1.05587982166578E+01
 1.255E-01  1.05115076633226E+01
 1.272E-01  1.04606285672857E+01
 1.289E-01  1.04062028208728E+01
 1.307E-01  1.03482784924598E+01
 1.325E-01  1.02869098952534E+01
 1.343E-01  1.02221576434431E+01
 1.361E-01  1.01540886950771E+01
 1.380E-01  1.00827763810289E+01
 1.399E-01  1.00083004194403E+01
 1.418E-01  9.93074691505009E+00
 1.437E-01  9.85020834284273E+00
 1.457E-01  9.76678351548108E+00
 1.477E-01  9.68057753401962E+00
 1.497E-01  9.59170172143173E+00
 1.517E-01  9.50027353852436E+00
 1.538E-01  9.40641648185691E+00
 1.559E-01  9.31025996332863E+00
 1.580E-01  9.21193917114974E+00
 1.602E-01  9.11159491196534E+00
 1.624E-01  9.00937343395936E+00
 1.646E-01  8.90542623082640E+00
 1.668E-01  8.79990982656376E+00
 1.691E-01  8.69298554110307E+00
 1.714E-01  8.58481923687089E+00
 1.738E-01  8.47558104644020E+00
 1.761E-01  8.36544508151034E+00
 1.785E-01  8.25458912352924E+00
 1.810E-01  8.14319429635161E+00
 1.834E-01  8.03144472140684E+00
 1.860E-01  7.91952715593238E+00
 1.885E-01  7.80763061491061E+00
 1.911E-01  7.69594597743065E+00
 1.937E-01  7.58466557827893E+00
 1.963E-01  7.47398278564543E+00
 1.990E-01  7.36409156591389E+00
 2.017E-01  7.25518603658445E+00
 2.045E-01  7.14746000845597E+00
 2.073E-01  7.04110651827081E+00
 2.101E-01  6.93631735309864E+00
 2.130E-01  6.83328256780508E+00
 2.159E-01  6.73218999701736E+00
 2.188E-01  6.63322476306032E+00
 2.218E-01  6.53656878139296E+00
 2.248E-01  6.44240026512696E+00
 2.279E-01  6.35089323025372E+00
 2.310E-01  6.26221700324611E+00
 2.342E-01  6.17653573273304E+00
 2.374E-01  6.09400790697070E+00
 2.406E-01  6.01478587885237E+00
 2.439E-01  5.93901540020886E+00
 2.472E-01  5.86683516715423E+00
 2.506E-01  5.79837637822621E+00
 2.540E-01  5.73376230705633E+00
 2.575E-01  5.67310789128348E+00
 2.610E-01  5.61651933939401E+00
 2.646E-01  5.56409375713304E+00
 2.682E-01  5.51591879508547E+00
 2.718E-01  5.47207231897046E+00
 2.755E-01  5.43262210413131E+00
 2.793E-01  5.39762555563302E+00
 2.831E-01  5.36712945530346E+00
 2.870E-01  5.34116973697034E+00
 2.909E-01  5.31977129105716E+00
 2.949E-01  5.30294779960473E+00
 2.989E-01  5.29070160268464E+00
 3.030E-01  5.28302359706397E+00
 3.071E-01  5.27989316786996E+00
 3.113E-01  5.28127815388826E+00
 3.156E-01  5.28713484700923E+00
 3.199E-01  5.29740802621470E+00
 3.242E-01  5.31203102637277E+00
 3.287E-01  5.33092584198049E+00
 3.331E-01  5.35400326586534E+00
 3.377E-01  5.38116306272562E+00
 3.423E-01  5.41229417725813E+00
 3.470E-01  5.44727497648954E+00
 3.517E-01  5.48597352579588E+00
 3.565E-01  5.52824789796298E+00
 3.614E-01  5.57394651451040E+00
 3.663E-01  5.62290851837274E+00
 3.713E-01  5.67496417690567E+00
 3.764E-01  5.72993531406052E+00
 3.815E-01  5.78763577045064E+00
 3.867E-01  5.84787188991702E+00
 3.920E-01  5.91044303108838E+00
 3.974E-01  5.97514210232483E+00
 4.028E-01  6.04175611833328E+00
 4.083E-01  6.11006677664833E+00
 4.139E-01  6.17985105208489E+00
 4.195E-01  6.25088180718865E+00
 4.252E-01  6.32292841663804E+00
 4.311E-01  6.39575740348765E+00
 4.369E-01  6.46913308508758E+00
 4.429E-01  6.54281822646723E+00
 4.489E-01  6.61657469893507E+00
 4.551E-01  6.69016414161905E+00
 4.613E-01  6.76334862365449E+00
 4.676E-01  6.83589130471948E+00
 4.740E-01  6.90755709161984E+00
 4.804E-01  6.97811328863870E+00
 4.870E-01  7.04733023938822E+00
 4.936E-01  7.11498195793319E+00
 5.004E-01  7.18084674699887E+00
 5.072E-01  7.24470780112653E+00
 5.141E-01  7.30635379270127E+00
 5.212E-01  7.36557943884647E+00
 5.283E-01  7.42218604725716E+00
 5.355E-01  7.47598203913137E+00
 5.428E-01  7.52678344745226E+00
 5.502E-01  7.57441438897543E+00
 5.577E-01  7.61870750838336E+00
 5.653E-01  7.65950439318383E+00
 5.731E-01  7.69665595804798E+00
 5.809E-01  7.73002279740958E+00
 5.888E-01  7.75947550527555E+00
 5.969E-01  7.78489496133148E+00
 6.050E-01  7.80617258256194E+00
 6.133E-01  7.82321053974477E+00
 6.216E-01  7.83592193831933E+00
 6.301E-01  7.84423096327101E+00
 6.387E-01  7.84807298781785E+00
 6.474E-01  7.84739464582790E+00
 6.563E-01  7.84215386803885E+00
 6.652E-01  7.83231988229315E+00
 6.743E-01  7.81787317814138E+00
 6.835E-01  7.79880543630429E+00
 6.929E-01  7.77511942361824E+00
 7.023E-01  7.74682885421961E+00
 7.119E-01  7.71395821785067E+00
 7.216E-01  7.67654257629125E+00
 7.315E-01  7.63462732903751E+00
 7.415E-01  7.58826794945983E+00
 7.516E-01  7.53752969277713E+00
 7.618E-01  7.48248727728232E+00
 7.723E-01  7.42322454034497E+00
 7.828E-01  7.35983407080012E+00
 7.935E-01  7.29241681940765E+00
 8.043E-01  7.22108168913354E+00
 8.153E-01  7.14594510706256E+00
 8.264E-01  7.06713057980151E+00
 8.377E-01  6.98476823427240E+00
 8.491E-01  6.89899434582630E+00
 8.607E-01  6.80995085562994E+00
 8.725E-01  6.71778487929010E+00
 8.844E-01  6.62264820868327E+00
 8.965E-01  6.52469680895207E+00
 9.087E-01  6.42409031261423E+00
 9.211E-01  6.32099151270508E+00
 9.337E-01  6.21556585684154E+00
 9.464E-01  6.10798094405320E+00
 9.594E-01  5.99840602617602E+00
 9.725E-01  5.88701151554640E+00
 9.857E-01  5.77396850066799E+00
 9.992E-01  5.65944827145124E+00
 1.013E+00  5.54362185554764E+00
 1.027E+00  5.42665956721599E+00
 1.041E+00  5.30873057006871E+00
 1.055E+00  5.19000245495250E+00
 1.069E+00  5.07064083411940E+00
 1.084E+00  4.95080895274367E+00
 1.099E+00  4.83066731873589E+00
 1.114E+00  4.71037335170051E+00
 1.129E+00  4.59008105177604E+00
 1.144E+00  4.46994068898998E+00
 1.160E+00  4.35009851365326E+00
 1.176E+00  4.23069648821260E+00
 1.192E+00  4.11187204087380E+00
 1.208E+00  3.99375784120594E+00
 1.225E+00  3.87648159783540E+00
 1.241E+00  3.76016587824087E+00
 1.258E+00  3.64492795056586E+00
 1.275E+00  3.53087964727456E+00
 1.293E+00  3.41812725039041E+00
 1.310E+00  3.30677139797486E+00
 1.328E+00  3.19690701142640E+00
 1.347E+00  3.08862324310808E+00
 1.365E+00  2.98200344374495E+00
 1.384E+00  2.87712514897102E+00
 1.402E+00  2.77406008435003E+00
 1.422E+00  2.67287418814343E+00
 1.441E+00  2.57362765105455E+00
 1.461E+00  2.47637497213874E+00
 1.481E+00  2.38116503003564E+00
 1.501E+00  2.28804116865148E+00
 1.521E+00  2.19704129639684E+00
 1.542E+00  2.10819799806726E+00
 1.563E+00  2.02153865844213E+00
 1.584E+00  1.93708559666898E+00
 1.606E+00  1.85485621049786E+00
 1.628E+00  1.77486312943162E+00
 1.650E+00  1.69711437586357E+00
 1.673E+00  1.62161353328389E+00
 1.696E+00  1.54835992064904E+00
 1.719E+00  1.47734877202575E+00
 1.742E+00  1.40857142064087E+00
 1.766E+00  1.34201548649135E+00
 1.790E+00  1.27766506669435E+00
 1.815E+00  1.21550092778561E+00
 1.839E+00  1.15550069920411E+00
 1.864E+00  1.09763906723362E+00
 1.890E+00  1.04188796870500E+00
 1.916E+00  9.88216783798882E-01
 1.942E+00  9.36592527323978E-01
 1.968E+00  8.86980037884197E-01
 1.995E+00  8.39342164385236E-01
 2.022E+00  7.93639949369976E-01
 2.050E+00  7.49832808710651E-01
 2.078E+00  7.07878707224557E-01
 2.106E+00  6.67734329818730E-01
 2.135E+00  6.29355247807359E-01
 2.164E+00  5.92696080083623E-01
 2.194E+00  5.57710648864850E-01
 2.224E+00  5.24352129766376E-01
 2.254E+00  4.92573195995003E-01
 2.285E+00  4.62326156487458E-01
 2.316E+00  4.33563087852511E-01
 2.348E+00  4.06235960007482E-01
 2.380E+00  3.80296755430505E-01
 2.412E+00  3.55697581979110E-01
 2.445E+00  3.32390779253376E-01
 2.479E+00  3.10329018508019E-01
 2.513E+00  2.89465396142264E-01
 2.547E+00  2.69753520819159E-01
 2.582E+00  2.51147594287203E-01
 2.617E+00  2.33602485996593E-01
 2.653E+00  2.17073801620243E-01
 2.689E+00  2.01517945605866E-01
 2.725E+00  1.86892177899931E-01
 2.763E+00  1.73154664997227E-01
 2.800E+00  1.60264525481158E-01
 2.839E+00  1.48181870229724E-01
 2.877E+00  1.36867837470620E-01
 2.917E+00  1.26284622875906E-01
 2.956E+00  1.16395504892498E-01
 2.997E+00  1.07164865509241E-01
 3.038E+00  9.85582066647354E-02
 3.079E+00  9.05421625024204E-02
 3.121E+00  8.30845076807740E-02
 3.164E+00  7.61541619469620E-02
 3.207E+00  6.97211911819088E-02
 3.251E+00  6.37568051236930E-02
 3.295E+00  5.82333519744319E-02
 3.340E+00  5.31243100935062E-02
 3.386E+00  4.84042769771480E-02
 3.432E+00  4.40489557211420E-02
 3.479E+00  4.00351391597255E-02
 3.526E+00  3.63406918697758E-02
 3.575E+00  3.29445302250841E-02
 3.623E+00  2.98266006809837E-02
 3.673E+00  2.69678564648518E-02
 3.723E+00  2.43502328430779E-02
 3.774E+00  2.19566211300077E-02
 3.825E+00  1.97708415991443E-02
 3.878E+00  1.77776154515456E-02
 3.930E+00  1.59625359908969E-02
 3.984E+00  1.43120391491711E-02
 4.039E+00  1.28133735011337E-02
 4.094E+00  1.14545699001827E-02
 4.150E+00  1.02244108621713E-02
 4.206E+00  9.11239981790899E-03
 4.264E+00  8.10873034901133E-03
 4.322E+00  7.20425551564129E-03
 4.381E+00  6.39045737848467E-03
 4.441E+00  5.65941681101765E-03
 4.501E+00  5.00378369177218E-03
 4.563E+00  4.41674755989155E-03
 4.625E+00  3.89200881080712E-03
 4.688E+00  3.42375050237379E-03
 4.752E+00  3.00661083529290E-03
 4.817E+00  2.63565636514870E-03
 4.883E+00  2.30635599690963E-03
 4.950E+00  2.01455580632398E-03
 5.017E+00  1.75645472629693E-03
 5.086E+00  1.52858113010036E-03
 5.155E+00  1.32777033716622E-03
 5.225E+00  1.15114306127791E-03
 5.297E+00  9.96084815229886E-04
 5.369E+00  8.60226280502102E-04
 5.442E+00  7.41424645218674E-04
 5.517E+00  6.37745908655128E-04
 5.592E+00  5.47448145847552E-04
 5.668E+00  4.68965721460855E-04
 5.746E+00  4.00894438009049E-04
 5.824E+00  3.41977599802264E-04
 5.904E+00  2.91092970633783E-04
 5.984E+00  2.47240600222988E-04
 6.066E+00  2.09531491800304E-04
 6.149E+00  1.77177080957913E-04
 6.233E+00  1.49479493991728E-04
 6.318E+00  1.25822552418750E-04
 6.404E+00  1.05663489159317E-04
 6.491E+00  8.85253410126316E-05
 6.580E+00  7.39899815103652E-05
 6.670E+00  6.16917579889180E-05
 6.761E+00  5.13116967555647E-05
 6.853E+00  4.25722405154424E-05
 6.947E+00  3.52324827518244E-05
 7.042E+00  2.90838644872988E-05
 7.138E+00  2.39462997737463E-05
 7.235E+00  1.96646973396522E-05
 7.334E+00  1.61058470397718E-05
 7.434E+00  1.31556410805067E-05
 7.536E+00  1.07166014113750E-05
 7.639E+00  8.70568615654253E-06
 7.743E+00  7.05234948972099E-06
 7.849E+00  5.69683091144129E-06
 7.956E+00  4.58865145201947E-06
 8.064E+00  3.68529588035824E-06
 8.174E+00  2.95106153375685E-06
 8.286E+00  2.35605588459384E-06
 8.399E+00  1.87532641534622E-06
 8.514E+00  1.48810777490250E-06
 8.630E+00  1.17717252918704E-06
 8.748E+00  9.28273092016977E-07
 8.867E+00  7.29663623638079E-07
 8.988E+00  5.71691811700230E-07
 9.111E+00  4.46451500968126E-07
 9.235E+00  3.47488113382758E-07
 9.362E+00  2.69549699755999E-07
 9.489E+00  2.08377289816847E-07
 9.619E+00  1.60528960679681E-07
 9.750E+00  1.23232727948438E-07
 9.883E+00  9.42641794879872E-08
 1.002E+01  7.18459787276062E-08
 1.016E+01  5.45598176761841E-08
 1.029E+01  4.12796755430104E-08
 1.043E+01  3.11150499916540E-08
 1.058E+01  2.33643244888186E-08
 1.072E+01  1.74767943351428E-08
 1.087E+01  1.30218637715003E-08
 1.102E+01  9.66415819377915E-09
 1.117E+01  7.14349563539430E-09
 1.132E+01  5.25883371950007E-09
 1.147E+01  3.85545549494703E-09
 1.163E+01  2.81478294261620E-09
 1.179E+01  2.04631320755992E-09
 1.195E+01  1.48126226087112E-09
 1.211E+01  1.06757596192994E-09
 1.228E+01  7.66031380510029E-10
 1.245E+01  5.47203530927199E-10
 1.262E+01  3.89115940838743E-10
 1.279E+01  2.75429106690962E-10
 1.296E+01  1.94050080651633E-10
 1.314E+01  1.36070233908335E-10
 1.332E+01  9.49575473124797E-11
 1.350E+01  6.59453617917070E-11
 1.368E+01  4.55720321090608E-11
 1.387E+01  3.13359216378382E-11
 1.406E+01  2.14381177121147E-11
 1.425E+01  1.45915250560232E-11
 1.445E+01  9.87993108748812E-12
 1.464E+01  6.65449745906557E-12
 1.484E+01  4.45813511923141E-12
 1.505E+01  2.97054320562259E-12
 1.525E+01  1.96847921742041E-12
 1.546E+01  1.29719509812526E-12
 1.567E+01  8.50013866797104E-13
 1.589E+01  5.53808042920751E-13
 1.610E+01  3.58732622768191E-13
 1.632E+01  2.31007572909030E-13
 1.655E+01  1.47873442896391E-13
 1.677E+01  9.40864731443802E-14
 1.700E+01  5.94978347292711E-14
 1.723E+01  3.73917282420383E-14
 1.747E+01  2.33514182861201E-14
 1.771E+01  1.44902797952848E-14
 1.795E+01  8.93363055260541E-15
 1.819E+01  5.47177614017559E-15
 1.844E+01  3.32919054155388E-15
 1.869E+01  2.01195994432211E-15
 1.895E+01  1.20761963435325E-15
 1.921E+01  7.19830792764692E-16
 1.947E+01  4.26067889392009E-16
 1.974E+01  2.50399503750856E-16
 2.000E+01  1.46100591670044E-16
 2.028E+01  8.46235688173008E-17
 2.055E+01  4.86528139911804E-17
 2.084E+01  2.77624428358608E-17
 2.112E+01  1.57215621003512E-17
 2.141E+01  8.83439123150629E-18
 2.170E+01  4.92554698756664E-18
 2.200E+01  2.72447341911600E-18
 2.230E+01  1.49490530757677E-18
 2.260E+01  8.13579277262259E-19
 2.291E+01  4.39129477298196E-19
 2.322E+01  2.35040440884687E-19
 2.354E+01  1.24738347163536E-19
 2.386E+01  6.56317806511908E-20
 2.419E+01  3.42321305709551E-20
 2.452E+01  1.76973094636139E-20
 2.485E+01  9.06737247059086E-21
 2.519E+01  4.60365921263841E-21
 2.554E+01  2.31589174932470E-21
 2.588E+01  1.15417551980823E-21
 2.624E+01  5.69781528994394E-22
 2.660E+01  2.78593775608931E-22
 2.696E+01  1.34897483563053E-22
 2.733E+01  6.46766868832166E-23
 2.770E+01  3.07004293152557E-23
 2.808E+01  1.44256166991390E-23
 2.846E+01  6.70896772286708E-24
 2.885E+01  3.08777517401415E-24
 2.924E+01  1.40620982092374E-24
 2.964E+01  6.33580126911496E-25
 3.005E+01  2.82381498771848E-25
 3.046E+01  1.24477151324945E-25
 3.087E+01  5.42620635673323E-26
 3.130E+01  2.33878280082754E-26
 3.172E+01  9.96559301350950E-27
 3.216E+01  4.19727960056413E-27
 3.259E+01  1.74708906799357E-27
 3.304E+01  7.18579015846423E-28
 3.349E+01  2.91994949685103E-28
 3.395E+01  1.17204823760052E-28
 3.441E+01  4.64635076886772E-29
 3.488E+01  1.81886674492023E-29
 3.536E+01  7.02970597456909E-30
 3.584E+01  2.68191371792776E-30
 3.633E+01  1.00982643550371E-30
 3.683E+01  3.75201729227828E-31
 3.733E+01  1.37537106120599E-31
 3.784E+01  4.97315036816731E-32
 3.835E+01  1.77344838165187E-32
 3.888E+01  6.23588703978129E-33
 3.941E+01  2.16165800657857E-33
 3.995E+01  7.38584125081452E-34
 4.049E+01  2.48685917846711E-34
 4.104E+01  8.24999100390830E-35
 4.161E+01  2.69599089399124E-35
 4.217E+01  8.67673660470432E-36
 4.275E+01  2.74964478661338E-36
 4.333E+01  8.57801566845908E-37
 4.392E+01  2.63386636674528E-37
 4.452E+01  7.95797541757616E-38
 4.513E+01  2.36546965614871E-38
 4.575E+01  6.91577311709686E-39
 4.637E+01  1.98826348357414E-39
 4.701E+01  5.61974841505962E-40
 4.765E+01  1.56123414301655E-40
 4.830E+01  4.26210853079843E-41
 4.896E+01  1.14309384643442E-41
 4.963E+01  3.01116353174476E-42
 5.030E+01  7.78887157468586E-43
 5.099E+01  1.97785155871292E-43
 5.169E+01  4.92925917257431E-44
 5.239E+01  1.20538987053695E-44
 5.311E+01  2.89149463881250E-45
 5.383E+01  6.80253790569325E-46
 5.457E+01  1.56943899766507E-46
 5.531E+01  3.55320486340198E-47
 5.607E+01  0.00000000000000E+00
 5.683E+01  0.00000000000000E+00
 5.761E+01  0.00000000000000E+00
 5.839E+01  0.00000000000000E+00
 5.919E+01  0.00000000000000E+00
 6.000E+01  0.00000000000000E+00
