line2: Z,NR,R(1),R(NR) /line3,4,...: R(N),RHO*4*PI*R(N)**2
 9.00  2000  1.01365245284744E-10  6.00000000000000E+01
 1.014E-10  6.25834697948329E-17
 1.027E-10  6.43002053667276E-17
 1.042E-10  6.60640329428203E-17
 1.056E-10  6.80230274897743E-17
 1.070E-10  6.98889762997624E-17
 1.085E-10  7.18061102023268E-17
 1.100E-10  7.37758332626366E-17
 1.115E-10  7.57995880609410E-17
 1.130E-10  7.78788567491031E-17
 1.145E-10  8.00151621360980E-17
 1.161E-10  8.22100688032765E-17
 1.177E-10  8.44651842502248E-17
 1.193E-10  8.67821600720740E-17
 1.209E-10  8.91626931690816E-17
 1.226E-10  9.16085269894000E-17
 1.242E-10  9.41214528059474E-17
 1.259E-10  9.67048924997445E-17
 1.276E-10  9.93576174035164E-17
 1.294E-10  1.02083109560626E-16
 1.312E-10  1.04883365059371E-16
 1.329E-10  1.07760434743033E-16
 1.348E-10  1.10716425711840E-16
 1.366E-10  1.13753502866158E-16
 1.385E-10  1.16873890492043E-16
 1.404E-10  1.20079873890234E-16
 1.423E-10  1.23373801049858E-16
 1.442E-10  1.26758084368059E-16
 1.462E-10  1.30235202416752E-16
 1.482E-10  1.33807701757905E-16
 1.502E-10  1.37478198808577E-16
 1.523E-10  1.41249381757096E-16
 1.543E-10  1.45124012531851E-16
 1.564E-10  1.49104928824068E-16
 1.586E-10  1.53195046166050E-16
 1.607E-10  1.57397360066467E-16
 1.629E-10  1.61714948204190E-16
 1.652E-10  1.66150972682304E-16
 1.674E-10  1.70708682343980E-16
 1.697E-10  1.75391415151827E-16
 1.720E-10  1.80202600632573E-16
 1.744E-10  1.85145762388745E-16
 1.767E-10  1.90224520679275E-16
 1.792E-10  1.95442595070927E-16
 1.816E-10  2.00803807162371E-16
 1.841E-10  2.06312083383081E-16
 1.866E-10  2.11971457868959E-16
 1.891E-10  2.17786075416796E-16
 1.917E-10  2.23760194519884E-16
 1.943E-10  2.29898190486817E-16
 1.970E-10  2.36204558645855E-16
 1.997E-10  2.42683917637218E-16
 2.024E-10  2.49341012795665E-16
 2.052E-10  2.56180719625868E-16
 2.080E-10  2.63208047373135E-16
 2.108E-10  2.70428142692025E-16
 2.137E-10  2.77846293415696E-16
 2.166E-10  2.85467932428568E-16
 2.196E-10  2.93298641645217E-16
 2.226E-10  3.01344156098504E-16
 2.256E-10  3.09610368139722E-16
 2.287E-10  3.18103331754028E-16
 2.318E-10  3.26829266994298E-16
 2.350E-10  3.35794564536499E-16
 2.382E-10  3.45005790360065E-16
 2.414E-10  3.54469690556722E-16
 2.447E-10  3.64193196271134E-16
 2.481E-10  3.74183428777126E-16
 2.515E-10  3.84447704693130E-16
 2.549E-10  3.94993541340729E-16
 2.584E-10  4.05828662250174E-16
 2.619E-10  4.16961002816897E-16
 2.655E-10  4.28398716113230E-16
 2.691E-10  4.40150178859515E-16
 2.728E-10  4.52223997559071E-16
 2.765E-10  4.64629014801326E-16
 2.803E-10  4.77374315737968E-16
 2.841E-10  4.90469234736746E-16
 2.880E-10  5.03923362217639E-16
 2.919E-10  5.17746551676753E-16
 2.959E-10  5.31948926902777E-16
 2.999E-10  5.46540889391407E-16
 3.040E-10  5.61533125963152E-16
 3.082E-10  5.76936616590091E-16
 3.124E-10  5.92762642437489E-16
 3.166E-10  6.09022794125692E-16
 3.210E-10  6.25728980218890E-16
 3.253E-10  6.42893435946788E-16
 3.298E-10  6.60528732165221E-16
 3.343E-10  6.78647784562886E-16
 3.389E-10  6.97263863120518E-16
 3.435E-10  7.16390601829430E-16
 3.482E-10  7.36042008676759E-16
 3.529E-10  7.56232475904659E-16
 3.577E-10  7.76976790550797E-16
 3.626E-10  7.98290145278027E-16
 3.676E-10  8.20188149501215E-16
 3.726E-10  8.42686840819184E-16
 3.777E-10  8.65802696760263E-16
 3.828E-10  8.89552646850038E-16
 3.881E-10  9.13954085010216E-16
 3.934E-10  9.39024882297504E-16
 3.987E-10  9.64783399991979E-16
 4.042E-10  9.91248503044427E-16
 4.097E-10  1.01843957389260E-15
 4.153E-10  1.04637652665657E-15
 4.210E-10  1.07507982172325E-15
 4.267E-10  1.10457048073120E-15
 4.325E-10  1.13487010196637E-15
 4.384E-10  1.16600087618016E-15
 4.444E-10  1.19798560284147E-15
 4.505E-10  1.23084770683450E-15
 4.566E-10  1.26461125561450E-15
 4.629E-10  1.29930097683443E-15
 4.692E-10  1.33494227645478E-15
 4.756E-10  1.37156125735027E-15
 4.821E-10  1.40918473842719E-15
 4.887E-10  1.44784027426479E-15
 4.953E-10  1.48755617529564E-15
 5.021E-10  1.52836152853962E-15
 5.090E-10  1.57028621890653E-15
 5.159E-10  1.61336095108319E-15
 5.230E-10  1.65761727202077E-15
 5.301E-10  1.70308759403902E-15
 5.373E-10  1.74980521856446E-15
 5.447E-10  1.79780436051951E-15
 5.521E-10  1.84712017338066E-15
 5.596E-10  1.89778877492406E-15
 5.673E-10  1.94984727367766E-15
 5.750E-10  2.00333379609816E-15
 5.829E-10  2.05828751449418E-15
 5.908E-10  2.11474867571552E-15
 5.989E-10  2.17275863062833E-15
 6.071E-10  2.23235986440003E-15
 6.154E-10  2.29359602761446E-15
 6.238E-10  2.35651196824031E-15
 6.323E-10  2.42115376447709E-15
 6.409E-10  2.48756875850145E-15
 6.497E-10  2.55580559113962E-15
 6.585E-10  2.62591423749094E-15
 6.675E-10  2.69794604352825E-15
 6.766E-10  2.77195376370280E-15
 6.859E-10  2.84799159958020E-15
 6.952E-10  2.92611523953623E-15
 7.047E-10  3.00638189954234E-15
 7.144E-10  3.08885036506886E-15
 7.241E-10  3.17358103413803E-15
 7.340E-10  3.26063596155847E-15
 7.440E-10  3.35007890437252E-15
 7.542E-10  3.44197536855046E-15
 7.645E-10  3.53639265696554E-15
 7.749E-10  3.63339991868543E-15
 7.855E-10  3.73306819961482E-15
 7.962E-10  3.83547049452826E-15
 8.071E-10  3.94068180052966E-15
 8.181E-10  4.04877917197838E-15
 8.293E-10  4.15984177692262E-15
 8.406E-10  4.27395095507958E-15
 8.521E-10  4.39119027740716E-15
 8.637E-10  4.51164560730946E-15
 8.755E-10  4.63540516352101E-15
 8.874E-10  4.76255958471640E-15
 8.996E-10  4.89320199589153E-15
 9.118E-10  5.02742807656681E-15
 9.243E-10  5.16533613086064E-15
 9.369E-10  5.30702715948373E-15
 9.497E-10  5.45260493371178E-15
 9.627E-10  5.60217607138417E-15
 9.758E-10  5.75585011498792E-15
 9.891E-10  5.91373961188508E-15
 1.003E-09  6.07596019673956E-15
 1.016E-09  6.24263067620472E-15
 1.030E-09  6.41387311593529E-15
 1.044E-09  6.58981292998521E-15
 1.059E-09  6.77057897265830E-15
 1.073E-09  6.95630363287818E-15
 1.088E-09  7.14712293114636E-15
 1.102E-09  7.34317661916047E-15
 1.118E-09  7.54460828216640E-15
 1.133E-09  7.75156544411613E-15
 1.148E-09  7.96419967571002E-15
 1.164E-09  8.18266670540512E-15
 1.180E-09  8.40712653346658E-15
 1.196E-09  8.63774354914821E-15
 1.212E-09  8.87468665108705E-15
 1.229E-09  9.11812937100147E-15
 1.246E-09  9.36825000078162E-15
 1.263E-09  9.62523172306562E-15
 1.280E-09  9.88926274540025E-15
 1.297E-09  1.01605364380776E-14
 1.315E-09  1.04392514757558E-14
 1.333E-09  1.07256119829648E-14
 1.351E-09  1.10198276836014E-14
 1.370E-09  1.13221140545267E-14
 1.388E-09  1.16326924833761E-14
 1.407E-09  1.19517904306988E-14
 1.426E-09  1.22796415965443E-14
 1.446E-09  1.26164860916206E-14
 1.466E-09  1.29625706131431E-14
 1.486E-09  1.33181486255118E-14
 1.506E-09  1.36834805459423E-14
 1.527E-09  1.40588339351898E-14
 1.547E-09  1.44444836935050E-14
 1.568E-09  1.48407122619614E-14
 1.590E-09  1.52478098293140E-14
 1.612E-09  1.56660745445233E-14
 1.634E-09  1.60958127351124E-14
 1.656E-09  1.65373391315172E-14
 1.679E-09  1.69909770975851E-14
 1.701E-09  1.74570588674003E-14
 1.725E-09  1.79359257886040E-14
 1.748E-09  1.84279285723909E-14
 1.772E-09  1.89334275503609E-14
 1.796E-09  1.94527929384165E-14
 1.821E-09  1.99864051079031E-14
 1.846E-09  2.05346548641844E-14
 1.871E-09  2.10979437328561E-14
 1.896E-09  2.16766842538151E-14
 1.922E-09  2.22713002833963E-14
 1.949E-09  2.28822273047947E-14
 1.975E-09  2.35099127470016E-14
 2.002E-09  2.41548163124915E-14
 2.029E-09  2.48174103139019E-14
 2.057E-09  2.54981800199371E-14
 2.085E-09  2.61976240107732E-14
 2.114E-09  2.69162545432063E-14
 2.143E-09  2.76545979258134E-14
 2.172E-09  2.84131949044161E-14
 2.201E-09  2.91926010581039E-14
 2.232E-09  2.99933872061297E-14
 2.262E-09  3.08161398259667E-14
 2.293E-09  3.16614614828285E-14
 2.324E-09  3.25299712709747E-14
 2.356E-09  3.34223052671198E-14
 2.388E-09  3.43391169962871E-14
 2.421E-09  3.52810779104289E-14
 2.454E-09  3.62488778801835E-14
 2.487E-09  3.72432257001253E-14
 2.521E-09  3.82648496078644E-14
 2.556E-09  3.93144978173931E-14
 2.590E-09  4.03929390670605E-14
 2.626E-09  4.15009631825826E-14
 2.662E-09  4.26393816554826E-14
 2.698E-09  4.38090282374201E-14
 2.735E-09  4.50107595508055E-14
 2.772E-09  4.62454557161697E-14
 2.810E-09  4.75140209967503E-14
 2.848E-09  4.88173844607456E-14
 2.887E-09  5.01565006617466E-14
 2.927E-09  5.15323503378311E-14
 2.967E-09  5.29459411298328E-14
 3.007E-09  5.43983083193126E-14
 3.048E-09  5.58905155867789E-14
 3.090E-09  5.74236557906956E-14
 3.132E-09  5.89988517678772E-14
 3.175E-09  6.06172571558204E-14
 3.218E-09  6.22800572376032E-14
 3.262E-09  6.39884698099596E-14
 3.307E-09  6.57437460751658E-14
 3.352E-09  6.75471715573979E-14
 3.398E-09  6.94000670442117E-14
 3.444E-09  7.13037895538559E-14
 3.491E-09  7.32597333291270E-14
 3.539E-09  7.52693308584818E-14
 3.587E-09  7.73340539251571E-14
 3.636E-09  7.94554146850636E-14
 3.685E-09  8.16349667742688E-14
 3.736E-09  8.38743064468276E-14
 3.787E-09  8.61750737438458E-14
 3.838E-09  8.85389536946249E-14
 3.891E-09  9.09676775507182E-14
 3.944E-09  9.34630240538630E-14
 3.998E-09  9.60268207387015E-14
 4.052E-09  9.86609452712178E-14
 4.108E-09  1.01367326823898E-13
 4.164E-09  1.04147947488607E-13
 4.221E-09  1.07004843728236E-13
 4.278E-09  1.09940107868156E-13
 4.337E-09  1.12955889628581E-13
 4.396E-09  1.16054397698997E-13
 4.456E-09  1.19237901355724E-13
 4.517E-09  1.22508732123903E-13
 4.578E-09  1.25869285485055E-13
 4.641E-09  1.29322022631453E-13
 4.704E-09  1.32869472268663E-13
 4.769E-09  1.36514232467506E-13
 4.834E-09  1.40258972566819E-13
 4.900E-09  1.44106435128422E-13
 4.967E-09  1.48059437945709E-13
 5.034E-09  1.52120876107320E-13
 5.103E-09  1.56293724117459E-13
 5.173E-09  1.60581038074347E-13
 5.243E-09  1.64985957908422E-13
 5.315E-09  1.69511709681962E-13
 5.388E-09  1.74161607951780E-13
 5.461E-09  1.78939058196738E-13
 5.536E-09  1.83847559311831E-13
 5.611E-09  1.88890706170669E-13
 5.688E-09  1.94072192258337E-13
 5.765E-09  1.99395812376374E-13
 5.844E-09  2.04865465422020E-13
 5.924E-09  2.10485157243671E-13
 6.005E-09  2.16259003574650E-13
 6.087E-09  2.22191233047511E-13
 6.170E-09  2.28286190290979E-13
 6.254E-09  2.34548339111835E-13
 6.340E-09  2.40982265764128E-13
 6.426E-09  2.47592682308043E-13
 6.514E-09  2.54384430060883E-13
 6.603E-09  2.61362483142746E-13
 6.693E-09  2.68531952119474E-13
 6.784E-09  2.75898087745510E-13
 6.877E-09  2.83466284809386E-13
 6.971E-09  2.91242086084783E-13
 7.066E-09  2.99231186389930E-13
 7.162E-09  3.07439436758351E-13
 7.260E-09  3.15872848724008E-13
 7.359E-09  3.24537598724019E-13
 7.460E-09  3.33440032622162E-13
 7.562E-09  3.42586670356402E-13
 7.665E-09  3.51984210713960E-13
 7.770E-09  3.61639536237349E-13
 7.876E-09  3.71559718264986E-13
 7.983E-09  3.81752022110074E-13
 8.092E-09  3.92223912381552E-13
 8.203E-09  4.02983058450996E-13
 8.315E-09  4.14037340069504E-13
 8.428E-09  4.25394853138616E-13
 8.543E-09  4.37063915639576E-13
 8.660E-09  4.49053073725267E-13
 8.778E-09  4.61371107979142E-13
 8.898E-09  4.74027039845947E-13
 9.019E-09  4.87030138238851E-13
 9.142E-09  5.00389926327742E-13
 9.267E-09  5.14116188513801E-13
 9.394E-09  5.28218977595351E-13
 9.522E-09  5.42708622130280E-13
 9.652E-09  5.57595734000503E-13
 9.784E-09  5.72891216183765E-13
 9.917E-09  5.88606270738774E-13
 1.005E-08  6.04752407009323E-13
 1.019E-08  6.21341450053473E-13
 1.033E-08  6.38385549303969E-13
 1.047E-08  6.55897187466126E-13
 1.061E-08  6.73889189659923E-13
 1.076E-08  6.92374732812824E-13
 1.090E-08  7.11367355310323E-13
 1.105E-08  7.30880966910939E-13
 1.120E-08  7.50929858933547E-13
 1.136E-08  7.71528714724007E-13
 1.151E-08  7.92692620408874E-13
 1.167E-08  8.14437075944162E-13
 1.183E-08  8.36778006467003E-13
 1.199E-08  8.59731773958986E-13
 1.215E-08  8.83315189229332E-13
 1.232E-08  9.07545524226626E-13
 1.249E-08  9.32440524688348E-13
 1.266E-08  9.58018423137546E-13
 1.283E-08  9.84297952235887E-13
 1.301E-08  1.01129835850300E-12
 1.318E-08  1.03903941641211E-12
 1.336E-08  1.06754144287253E-12
 1.355E-08  1.09682531210920E-12
 1.373E-08  1.12691247095047E-12
 1.392E-08  1.15782495453526E-12
 1.411E-08  1.18958540245116E-12
 1.430E-08  1.22221707531498E-12
 1.450E-08  1.25574387180841E-12
 1.470E-08  1.29019034618083E-12
 1.490E-08  1.32558172623212E-12
 1.510E-08  1.36194393178912E-12
 1.531E-08  1.39930359368858E-12
 1.551E-08  1.43768807328100E-12
 1.573E-08  1.47712548246930E-12
 1.594E-08  1.51764470429755E-12
 1.616E-08  1.55927541410396E-12
 1.638E-08  1.60204810125464E-12
 1.660E-08  1.64599409147317E-12
 1.683E-08  1.69114556978276E-12
 1.706E-08  1.73753560407793E-12
 1.729E-08  1.78519816934256E-12
 1.753E-08  1.83416817253244E-12
 1.777E-08  1.88448147814021E-12
 1.801E-08  1.93617493446169E-12
 1.826E-08  1.98928640058270E-12
 1.851E-08  2.04385477410613E-12
 1.876E-08  2.09992001963968E-12
 1.901E-08  2.15752319806497E-12
 1.927E-08  2.21670649660950E-12
 1.954E-08  2.27751325974354E-12
 1.980E-08  2.33998802092464E-12
 2.007E-08  2.40417653521298E-12
 2.035E-08  2.47012581278129E-12
 2.063E-08  2.53788415334360E-12
 2.091E-08  2.60750118152912E-12
 2.119E-08  2.67902788322616E-12
 2.148E-08  2.75251664292280E-12
 2.178E-08  2.82802128207223E-12
 2.207E-08  2.90559709850995E-12
 2.237E-08  2.98530090695310E-12
 2.268E-08  3.06719108060969E-12
 2.299E-08  3.15132759392983E-12
 2.330E-08  3.23777206653013E-12
 2.362E-08  3.32658780832152E-12
 2.394E-08  3.41783986587658E-12
 2.427E-08  3.51159507006794E-12
 2.460E-08  3.60792208501319E-12
 2.494E-08  3.70689145836332E-12
 2.528E-08  3.80857567297024E-12
 2.562E-08  3.91304919997084E-12
 2.597E-08  4.02038855332811E-12
 2.633E-08  4.13067234586837E-12
 2.669E-08  4.24398134685541E-12
 2.705E-08  4.36039854114338E-12
 2.742E-08  4.48000918995344E-12
 2.779E-08  4.60290089331680E-12
 2.817E-08  4.72916365423074E-12
 2.856E-08  4.85888994457486E-12
 2.895E-08  4.99217477283494E-12
 2.934E-08  5.12911575368549E-12
 2.974E-08  5.26981317947906E-12
 3.015E-08  5.41437009369927E-12
 3.056E-08  5.56289236642732E-12
 3.098E-08  5.71548877187687E-12
 3.140E-08  5.87227106805963E-12
 3.183E-08  6.03335407863335E-12
 3.227E-08  6.19885577699578E-12
 3.271E-08  6.36889737268579E-12
 3.315E-08  6.54360340015365E-12
 3.361E-08  6.72310180996817E-12
 3.406E-08  6.90752406252337E-12
 3.453E-08  7.09700522431687E-12
 3.500E-08  7.29168406687023E-12
 3.548E-08  7.49170316836139E-12
 3.596E-08  7.69720901804449E-12
 3.645E-08  7.90835212353582E-12
 3.695E-08  8.12528712104270E-12
 3.746E-08  8.34817288861331E-12
 3.797E-08  8.57717266249579E-12
 3.849E-08  8.81245415668914E-12
 3.901E-08  9.05418968577220E-12
 3.954E-08  9.30255629110217E-12
 4.008E-08  9.55773587047605E-12
 4.063E-08  9.81991531134759E-12
 4.119E-08  1.00892866276987E-11
 4.175E-08  1.03660471006664E-11
 4.232E-08  1.06503994230267E-11
 4.290E-08  1.09425518476397E-11
 4.348E-08  1.12427183399710E-11
 4.408E-08  1.15511187347946E-11
 4.468E-08  1.18679788971926E-11
 4.529E-08  1.21935308879755E-11
 4.591E-08  1.25280131336342E-11
 4.653E-08  1.28716706009610E-11
 4.717E-08  1.32247549764560E-11
 4.781E-08  1.35875248506543E-11
 4.846E-08  1.39602459075129E-11
 4.913E-08  1.43431911189905E-11
 4.980E-08  1.47366409449659E-11
 5.048E-08  1.51408835386372E-11
 5.117E-08  1.55562149575608E-11
 5.186E-08  1.59829393804742E-11
 5.257E-08  1.64213693300697E-11
 5.329E-08  1.68718259018788E-11
 5.402E-08  1.73346389994313E-11
 5.475E-08  1.78101475758721E-11
 5.550E-08  1.82986998821999E-11
 5.626E-08  1.88006537223150E-11
 5.703E-08  1.93163767150703E-11
 5.781E-08  1.98462465635028E-11
 5.860E-08  2.03906513314521E-11
 5.940E-08  2.09499897277725E-11
 6.021E-08  2.15246713983327E-11
 6.103E-08  2.21151172260337E-11
 6.186E-08  2.27217596390507E-11
 6.271E-08  2.33450429275274E-11
 6.356E-08  2.39854235689708E-11
 6.443E-08  2.46433705625610E-11
 6.531E-08  2.53193657726282E-11
 6.620E-08  2.60139042815631E-11
 6.711E-08  2.67274947524023E-11
 6.802E-08  2.74606598013551E-11
 6.895E-08  2.82139363805587E-11
 6.989E-08  2.89878761713249E-11
 7.085E-08  2.97830459881777E-11
 7.181E-08  3.06000281939718E-11
 7.279E-08  3.14394211264028E-11
 7.379E-08  3.23018395362097E-11
 7.479E-08  3.31879150374032E-11
 7.582E-08  3.40982965698467E-11
 7.685E-08  3.50336508745152E-11
 7.790E-08  3.59946629818047E-11
 7.896E-08  3.69820367132265E-11
 8.004E-08  3.79964951968683E-11
 8.113E-08  3.90387813969898E-11
 8.224E-08  4.01096586581581E-11
 8.336E-08  4.12099112642949E-11
 8.450E-08  4.23403450130584E-11
 8.566E-08  4.35017878060001E-11
 8.683E-08  4.46950902548891E-11
 8.801E-08  4.59211263046777E-11
 8.921E-08  4.71807938735563E-11
 9.043E-08  4.84750155105616E-11
 9.167E-08  4.98047390712295E-11
 9.292E-08  5.11709384117758E-11
 9.419E-08  5.25746141023154E-11
 9.547E-08  5.40167941596629E-11
 9.677E-08  5.54985348002209E-11
 9.810E-08  5.70209212135159E-11
 9.944E-08  5.85850683569665E-11
 1.008E-07  6.01921217724426E-11
 1.022E-07  6.18432584252358E-11
 1.036E-07  6.35396875660283E-11
 1.050E-07  6.52826516165107E-11
 1.064E-07  6.70734270793099E-11
 1.079E-07  6.89133254728495E-11
 1.093E-07  7.08036942918685E-11
 1.108E-07  7.27459179942976E-11
 1.123E-07  7.47414190151887E-11
 1.139E-07  7.67916588084715E-11
 1.154E-07  7.88981389172688E-11
 1.170E-07  8.10624020735927E-11
 1.186E-07  8.32860333281971E-11
 1.202E-07  8.55706612114098E-11
 1.219E-07  8.79179589258387E-11
 1.235E-07  9.03296455717611E-11
 1.252E-07  9.28074874061444E-11
 1.269E-07  9.53532991362152E-11
 1.287E-07  9.79689452484795E-11
 1.304E-07  1.00656341374216E-10
 1.322E-07  1.03417455692437E-10
 1.340E-07  1.06254310371326E-10
 1.358E-07  1.09168983049198E-10
 1.377E-07  1.12163608356118E-10
 1.396E-07  1.15240379477223E-10
 1.415E-07  1.18401549758949E-10
 1.434E-07  1.21649434359313E-10
 1.454E-07  1.24986411943470E-10
 1.473E-07  1.28414926425776E-10
 1.494E-07  1.31937488759610E-10
 1.514E-07  1.35556678776348E-10
 1.535E-07  1.39275147074745E-10
 1.556E-07  1.43095616962139E-10
 1.577E-07  1.47020886448923E-10
 1.598E-07  1.51053830297726E-10
 1.620E-07  1.55197402128792E-10
 1.642E-07  1.59454636583108E-10
 1.665E-07  1.63828651544905E-10
 1.687E-07  1.68322650425064E-10
 1.710E-07  1.72939924507219E-10
 1.734E-07  1.77683855358181E-10
 1.757E-07  1.82557917304470E-10
 1.781E-07  1.87565679976825E-10
 1.806E-07  1.92710810924473E-10
 1.830E-07  1.97997078301105E-10
 1.855E-07  2.03428353624595E-10
 1.881E-07  2.09008614612327E-10
 1.906E-07  2.14741948094345E-10
 1.932E-07  2.20632553006455E-10
 1.959E-07  2.26684743465336E-10
 1.986E-07  2.32902951928069E-10
 2.013E-07  2.39291732438351E-10
 2.040E-07  2.45855763961683E-10
 2.068E-07  2.52599853812083E-10
 2.096E-07  2.59528941172841E-10
 2.125E-07  2.66648100713766E-10
 2.154E-07  2.73962546307719E-10
 2.183E-07  2.81477634849064E-10
 2.213E-07  2.89198870176865E-10
 2.243E-07  2.97131907105750E-10
 2.274E-07  3.05282555567251E-10
 2.305E-07  3.13656784864787E-10
 2.336E-07  3.22260728045399E-10
 2.368E-07  3.31100686391397E-10
 2.401E-07  3.40183134035108E-10
 2.433E-07  3.49514722700403E-10
 2.467E-07  3.59102286574116E-10
 2.500E-07  3.68952847311158E-10
 2.534E-07  3.79073619176954E-10
 2.569E-07  3.89472014330819E-10
 2.604E-07  4.00155648254503E-10
 2.640E-07  4.11132345329346E-10
 2.676E-07  4.22410144566627E-10
 2.712E-07  4.33997305495041E-10
 2.749E-07  4.45902314209606E-10
 2.787E-07  4.58133889586651E-10
 2.825E-07  4.70700989669103E-10
 2.863E-07  4.83612818227056E-10
 2.903E-07  4.96878831498303E-10
 2.942E-07  5.10508745113622E-10
 2.982E-07  5.24512541212148E-10
 3.023E-07  5.38900475751965E-10
 3.064E-07  5.53683086021154E-10
 3.106E-07  5.68871198354829E-10
 3.149E-07  5.84475936063891E-10
 3.192E-07  6.00508727581437E-10
 3.235E-07  6.16981314832370E-10
 3.279E-07  6.33905761832698E-10
 3.324E-07  6.51294463524800E-10
 3.369E-07  6.69160154854928E-10
 3.415E-07  6.87515920099753E-10
 3.462E-07  7.06375202448781E-10
 3.509E-07  7.25751813849534E-10
 3.557E-07  7.45659945122880E-10
 3.606E-07  7.66114176355815E-10
 3.655E-07  7.87129487579208E-10
 3.705E-07  8.08721269738599E-10
 3.756E-07  8.30905335965859E-10
 3.807E-07  8.53697933160065E-10
 3.859E-07  8.77115753885943E-10
 3.911E-07  9.01175948598800E-10
 3.965E-07  9.25896138204882E-10
 4.019E-07  9.51294426965937E-10
 4.074E-07  9.77389415758052E-10
 4.129E-07  1.00420021569420E-09
 4.186E-07  1.03174646212013E-09
 4.243E-07  1.06004832899470E-09
 4.301E-07  1.08912654366400E-09
 4.360E-07  1.11900240204131E-09
 4.419E-07  1.14969778420339E-09
 4.479E-07  1.18123517041397E-09
 4.541E-07  1.21363765758760E-09
 4.603E-07  1.24692897620469E-09
 4.665E-07  1.28113350769046E-09
 4.729E-07  1.31627630227071E-09
 4.794E-07  1.35238309731745E-09
 4.859E-07  1.38948033619781E-09
 4.926E-07  1.42759518763962E-09
 4.993E-07  1.46675556562839E-09
 5.061E-07  1.50699014985051E-09
 5.130E-07  1.54832840669651E-09
 5.200E-07  1.59080061084068E-09
 5.271E-07  1.63443786741286E-09
 5.343E-07  1.67927213477814E-09
 5.416E-07  1.72533624794155E-09
 5.490E-07  1.77266394259464E-09
 5.565E-07  1.82128987982186E-09
 5.641E-07  1.87124967148427E-09
 5.718E-07  1.92257990629995E-09
 5.796E-07  1.97531817663947E-09
 5.875E-07  2.02950310605641E-09
 5.955E-07  2.08517437757356E-09
 6.037E-07  2.14237276274414E-09
 6.119E-07  2.20114015151045E-09
 6.202E-07  2.26151958288234E-09
 6.287E-07  2.32355527645607E-09
 6.373E-07  2.38729266479826E-09
 6.460E-07  2.45277842671823E-09
 6.548E-07  2.52006052145280E-09
 6.638E-07  2.58918822378862E-09
 6.728E-07  2.66021216014831E-09
 6.820E-07  2.73318434566629E-09
 6.913E-07  2.80815822228147E-09
 7.008E-07  2.88518869787462E-09
 7.103E-07  2.96433218647992E-09
 7.200E-07  3.04564664959899E-09
 7.298E-07  3.12919163864839E-09
 7.398E-07  3.21502833857093E-09
 7.499E-07  3.30321961264397E-09
 7.602E-07  3.39383004851689E-09
 7.705E-07  3.48692600550983E-09
 7.811E-07  3.58257566321184E-09
 7.917E-07  3.68084907141115E-09
 8.025E-07  3.78181820139435E-09
 8.135E-07  3.88555699865390E-09
 8.246E-07  3.99214143704074E-09
 8.358E-07  4.10164957440209E-09
 8.473E-07  4.21416160974586E-09
 8.588E-07  4.32975994197330E-09
 8.705E-07  4.44852923022132E-09
 8.824E-07  4.57055645586142E-09
 8.945E-07  4.69593098619880E-09
 9.067E-07  4.82474463991786E-09
 9.191E-07  4.95709175432458E-09
 9.316E-07  5.09306925443108E-09
 9.443E-07  5.23277672393768E-09
 9.572E-07  5.37631647815945E-09
 9.703E-07  5.52379363895430E-09
 9.835E-07  5.67531621170738E-09
 9.970E-07  5.83099516442473E-09
 1.011E-06  5.99094450899797E-09
 1.024E-06  6.15528138469817E-09
 1.038E-06  6.32412614395923E-09
 1.053E-06  6.49760244051341E-09
 1.067E-06  6.67583731994695E-09
 1.081E-06  6.85896131273710E-09
 1.096E-06  7.04710852984206E-09
 1.111E-06  7.24041676091259E-09
 1.126E-06  7.43902757519756E-09
 1.142E-06  7.64308642521797E-09
 1.157E-06  7.85274275328337E-09
 1.173E-06  8.06815010093026E-09
 1.189E-06  8.28946622136311E-09
 1.205E-06  8.51685319497921E-09
 1.222E-06  8.75047754806135E-09
 1.239E-06  8.99051037472599E-09
 1.255E-06  9.23712746221942E-09
 1.273E-06  9.49050941964591E-09
 1.290E-06  9.75084181022976E-09
 1.308E-06  1.00183152872057E-08
 1.325E-06  1.02931257334335E-08
 1.344E-06  1.05754744048454E-08
 1.362E-06  1.08655680778252E-08
 1.380E-06  1.11636192006318E-08
 1.399E-06  1.14698460489764E-08
 1.418E-06  1.17844728858639E-08
 1.438E-06  1.21077301258228E-08
 1.457E-06  1.24398545036349E-08
 1.477E-06  1.27810892476976E-08
 1.497E-06  1.31316842581387E-08
 1.518E-06  1.34918962898165E-08
 1.539E-06  1.38619891403401E-08
 1.560E-06  1.42422338432468E-08
 1.581E-06  1.46329088664780E-08
 1.603E-06  1.50343003162969E-08
 1.624E-06  1.54467021468034E-08
 1.647E-06  1.58704163751925E-08
 1.669E-06  1.63057533029164E-08
 1.692E-06  1.67530317429153E-08
 1.715E-06  1.72125792530794E-08
 1.738E-06  1.76847323761114E-08
 1.762E-06  1.81698368859738E-08
 1.786E-06  1.86682480410915E-08
 1.811E-06  1.91803308444987E-08
 1.835E-06  1.97064603111257E-08
 1.860E-06  2.02470217424111E-08
 1.886E-06  2.08024110084476E-08
 1.911E-06  2.13730348378711E-08
 1.938E-06  2.19593111156951E-08
 1.964E-06  2.25616691893123E-08
 1.991E-06  2.31805501828986E-08
 2.018E-06  2.38164073204313E-08
 2.046E-06  2.44697062575701E-08
 2.073E-06  2.51409254226386E-08
 2.102E-06  2.58305563669636E-08
 2.130E-06  2.65391041248206E-08
 2.160E-06  2.72670875832420E-08
 2.189E-06  2.80150398619856E-08
 2.219E-06  2.87835087039135E-08
 2.249E-06  2.95730568760758E-08
 2.280E-06  3.03842625818046E-08
 2.311E-06  3.12177198840997E-08
 2.343E-06  3.20740391406356E-08
 2.375E-06  3.29538474506931E-08
 2.407E-06  3.38577891143513E-08
 2.440E-06  3.47865261042768E-08
 2.473E-06  3.57407385504408E-08
 2.507E-06  3.67211252381447E-08
 2.541E-06  3.77284041197002E-08
 2.576E-06  3.87633128401365E-08
 2.611E-06  3.98266092773308E-08
 2.647E-06  4.09190720969589E-08
 2.683E-06  4.20415013226521E-08
 2.719E-06  4.31947189217989E-08
 2.757E-06  4.43795694074186E-08
 2.794E-06  4.55969204565338E-08
 2.832E-06  4.68476635454991E-08
 2.871E-06  4.81327146027640E-08
 2.910E-06  4.94530146795368E-08
 2.950E-06  5.08095306388350E-08
 2.990E-06  5.22032558634381E-08
 3.031E-06  5.36352109832552E-08
 3.072E-06  5.51064446226468E-08
 3.114E-06  5.66180341682282E-08
 3.157E-06  5.81710865577446E-08
 3.200E-06  5.97667390905785E-08
 3.244E-06  6.14061602604756E-08
 3.288E-06  6.30905506111210E-08
 3.333E-06  6.48211436151691E-08
 3.378E-06  6.65992065773877E-08
 3.424E-06  6.84260415625728E-08
 3.471E-06  7.03029863488985E-08
 3.519E-06  7.22314154074306E-08
 3.567E-06  7.42127409084867E-08
 3.615E-06  7.62484137555995E-08
 3.665E-06  7.83399246478458E-08
 3.715E-06  8.04888051712969E-08
 3.765E-06  8.26966289204038E-08
 3.817E-06  8.49650126501438E-08
 3.869E-06  8.72956174597492E-08
 3.922E-06  8.96901500089094E-08
 3.975E-06  9.21503637673275E-08
 4.030E-06  9.46780602985341E-08
 4.085E-06  9.72750905789164E-08
 4.140E-06  9.99433563529153E-08
 4.197E-06  1.02684811525391E-07
 4.254E-06  1.05501463592167E-07
 4.312E-06  1.08395375109811E-07
 4.371E-06  1.11368665205709E-07
 4.431E-06  1.14423511129562E-07
 4.491E-06  1.17562149847428E-07
 4.553E-06  1.20786879679477E-07
 4.615E-06  1.24100061982654E-07
 4.678E-06  1.27504122879471E-07
 4.742E-06  1.31001555034244E-07
 4.806E-06  1.34594919478014E-07
 4.872E-06  1.38286847483497E-07
 4.938E-06  1.42080042491472E-07
 5.006E-06  1.45977282090009E-07
 5.074E-06  1.49981420047919E-07
 5.144E-06  1.54095388404010E-07
 5.214E-06  1.58322199613627E-07
 5.285E-06  1.62664948754035E-07
 5.357E-06  1.67126815790291E-07
 5.430E-06  1.71711067903236E-07
 5.504E-06  1.76421061881349E-07
 5.579E-06  1.81260246578158E-07
 5.656E-06  1.86232165437053E-07
 5.733E-06  1.91340459085321E-07
 5.811E-06  1.96588867999316E-07
 5.890E-06  2.01981235242717E-07
 5.971E-06  2.07521509279843E-07
 6.052E-06  2.13213746866151E-07
 6.135E-06  2.19062116017954E-07
 6.219E-06  2.25070899063563E-07
 6.304E-06  2.31244495778130E-07
 6.390E-06  2.37587426604427E-07
 6.477E-06  2.44104335961923E-07
 6.565E-06  2.50799995646600E-07
 6.655E-06  2.57679308324001E-07
 6.746E-06  2.64747311118035E-07
 6.838E-06  2.72009179298207E-07
 6.931E-06  2.79470230067907E-07
 7.026E-06  2.87135926456595E-07
 7.122E-06  2.95011881318706E-07
 7.219E-06  3.03103861442198E-07
 7.318E-06  3.11417791769716E-07
 7.418E-06  3.19959759735486E-07
 7.519E-06  3.28736019721217E-07
 7.622E-06  3.37752997634009E-07
 7.726E-06  3.47017295609913E-07
 7.831E-06  3.56535696846374E-07
 7.938E-06  3.66315170567152E-07
 8.046E-06  3.76362877123459E-07
 8.156E-06  3.86686173234807E-07
 8.268E-06  3.97292617373686E-07
 8.380E-06  4.08189975297732E-07
 8.495E-06  4.19386225733654E-07
 8.611E-06  4.30889566216974E-07
 8.728E-06  4.42708419091822E-07
 8.848E-06  4.54851437675255E-07
 8.968E-06  4.67327512590562E-07
 9.091E-06  4.80145778274186E-07
 9.215E-06  4.93315619661004E-07
 9.341E-06  5.06846679052939E-07
 9.468E-06  5.20748863175778E-07
 9.597E-06  5.35032350429580E-07
 9.729E-06  5.49707598337682E-07
 9.861E-06  5.64785351199964E-07
 9.996E-06  5.80276647956008E-07
 1.013E-05  5.96192830263648E-07
 1.027E-05  6.12545550799083E-07
 1.041E-05  6.29346781784493E-07
 1.055E-05  6.46608823749326E-07
 1.070E-05  6.64344314531837E-07
 1.084E-05  6.82566238527485E-07
 1.099E-05  7.01287936190468E-07
 1.114E-05  7.20523113796055E-07
 1.129E-05  7.40285853470454E-07
 1.145E-05  7.60590623495410E-07
 1.160E-05  7.81452288895420E-07
 1.176E-05  8.02886122315085E-07
 1.192E-05  8.24907815194652E-07
 1.209E-05  8.47533489251760E-07
 1.225E-05  8.70779708277899E-07
 1.242E-05  8.94663490258432E-07
 1.259E-05  9.19202319824395E-07
 1.276E-05  9.44414161045867E-07
 1.293E-05  9.70317470575943E-07
 1.311E-05  9.96931211154823E-07
 1.329E-05  1.02427486548410E-06
 1.347E-05  1.05236845048124E-06
 1.365E-05  1.08123253192479E-06
 1.384E-05  1.11088823950086E-06
 1.403E-05  1.14135728226207E-06
 1.422E-05  1.17266196450997E-06
 1.442E-05  1.20482520211300E-06
 1.461E-05  1.23787053927133E-06
 1.481E-05  1.27182216574113E-06
 1.501E-05  1.30670493453126E-06
 1.522E-05  1.34254438008451E-06
 1.543E-05  1.37936673695697E-06
 1.564E-05  1.41719895900971E-06
 1.585E-05  1.45606873912593E-06
 1.607E-05  1.49600452946858E-06
 1.629E-05  1.53703556229310E-06
 1.651E-05  1.57919187133021E-06
 1.673E-05  1.62250431375508E-06
 1.696E-05  1.66700459275794E-06
 1.719E-05  1.71272528073310E-06
 1.743E-05  1.75969984310399E-06
 1.767E-05  1.80796266280031E-06
 1.791E-05  1.85754906540593E-06
 1.815E-05  1.90849534499605E-06
 1.840E-05  1.96083879068205E-06
 1.865E-05  2.01461771388352E-06
 1.891E-05  2.06987147634759E-06
 1.916E-05  2.12664051893588E-06
 1.943E-05  2.18496639119979E-06
 1.969E-05  2.24489178176641E-06
 1.996E-05  2.30646054955659E-06
 2.023E-05  2.36971775585842E-06
 2.051E-05  2.43470969727891E-06
 2.079E-05  2.50148393959862E-06
 2.107E-05  2.57008935255375E-06
 2.136E-05  2.64057614557066E-06
 2.165E-05  2.71299590447934E-06
 2.195E-05  2.78740162923255E-06
 2.225E-05  2.86384777265821E-06
 2.255E-05  2.94239028027291E-06
 2.286E-05  3.02308663118592E-06
 2.317E-05  3.10599588012363E-06
 2.349E-05  3.19117870060531E-06
 2.381E-05  3.27869742930056E-06
 2.413E-05  3.36861611160183E-06
 2.446E-05  3.46100054844559E-06
 2.480E-05  3.55591834441525E-06
 2.514E-05  3.65343895716080E-06
 2.548E-05  3.75363374817287E-06
 2.583E-05  3.85657603494688E-06
 2.618E-05  3.96234114457457E-06
 2.654E-05  4.07100646880456E-06
 2.690E-05  4.18265152060957E-06
 2.727E-05  4.29735799230260E-06
 2.764E-05  4.41520981524496E-06
 2.802E-05  4.53629322118796E-06
 2.840E-05  4.66069680529507E-06
 2.879E-05  4.78851159088931E-06
 2.918E-05  4.91983109597310E-06
 2.958E-05  5.05475140156868E-06
 2.998E-05  5.19337122193088E-06
 3.039E-05  5.33579197668073E-06
 3.080E-05  5.48211786491346E-06
 3.123E-05  5.63245594133634E-06
 3.165E-05  5.78691619449021E-06
 3.208E-05  5.94561162711094E-06
 3.252E-05  6.10865833869176E-06
 3.297E-05  6.27617561030625E-06
 3.342E-05  6.44828599175002E-06
 3.387E-05  6.62511539106984E-06
 3.433E-05  6.80679316654175E-06
 3.480E-05  6.99345222116750E-06
 3.528E-05  7.18522909975603E-06
 3.576E-05  7.38226408866102E-06
 3.625E-05  7.58470131824971E-06
 3.674E-05  7.79268886817433E-06
 3.724E-05  8.00637887552367E-06
 3.775E-05  8.22592764593445E-06
 3.827E-05  8.45149576774344E-06
 3.879E-05  8.68324822926144E-06
 3.932E-05  8.92135453925538E-06
 3.986E-05  9.16598885072984E-06
 4.040E-05  9.41733008809069E-06
 4.095E-05  9.67556207778946E-06
 4.151E-05  9.94087368254148E-06
 4.208E-05  1.02134589392148E-05
 4.265E-05  1.04935172004923E-05
 4.324E-05  1.07812532804049E-05
 4.383E-05  1.10768776038492E-05
 4.442E-05  1.13806063601930E-05
 4.503E-05  1.16926616610794E-05
 4.565E-05  1.20132717025498E-05
 4.627E-05  1.23426709315988E-05
 4.690E-05  1.26811002172822E-05
 4.754E-05  1.30288070265068E-05
 4.819E-05  1.33860456046236E-05
 4.885E-05  1.37530771609610E-05
 4.951E-05  1.41301700594292E-05
 5.019E-05  1.45176000143341E-05
 5.088E-05  1.49156502915490E-05
 5.157E-05  1.53246119151803E-05
 5.227E-05  1.57447838798849E-05
 5.299E-05  1.61764733689912E-05
 5.371E-05  1.66199959785806E-05
 5.445E-05  1.70756759476956E-05
 5.519E-05  1.75438463948360E-05
 5.594E-05  1.80248495609211E-05
 5.671E-05  1.85190370588885E-05
 5.748E-05  1.90267701301182E-05
 5.826E-05  1.95484199078566E-05
 5.906E-05  2.00843676878408E-05
 5.987E-05  2.06350052063220E-05
 6.068E-05  2.12007349256719E-05
 6.151E-05  2.17819703278040E-05
 6.235E-05  2.23791362156051E-05
 6.320E-05  2.29926690225931E-05
 6.407E-05  2.36230171310489E-05
 6.494E-05  2.42706411988190E-05
 6.583E-05  2.49360144950557E-05
 6.673E-05  2.56196232451234E-05
 6.764E-05  2.63219669849146E-05
 6.856E-05  2.70435589248538E-05
 6.950E-05  2.77849263238278E-05
 7.045E-05  2.85466108733336E-05
 7.141E-05  2.93291690921100E-05
 7.238E-05  3.01331727315362E-05
 7.337E-05  3.09592091921079E-05
 7.437E-05  3.18078819512717E-05
 7.539E-05  3.26798110029377E-05
 7.642E-05  3.35756333089882E-05
 7.746E-05  3.44960032631074E-05
 7.852E-05  3.54415931672657E-05
 7.959E-05  3.64130937212039E-05
 8.068E-05  3.74112145252762E-05
 8.178E-05  3.84366845970047E-05
 8.289E-05  3.94902529017322E-05
 8.403E-05  4.05726888977389E-05
 8.517E-05  4.16847830962357E-05
 8.634E-05  4.28273476366305E-05
 8.751E-05  4.40012168774691E-05
 8.871E-05  4.52072480035038E-05
 8.992E-05  4.64463216493076E-05
 9.115E-05  4.77193425398900E-05
 9.239E-05  4.90272401487791E-05
 9.365E-05  5.03709693740361E-05
 9.493E-05  5.17515112327016E-05
 9.623E-05  5.31698735741652E-05
 9.754E-05  5.46270918129757E-05
 9.887E-05  5.61242296816193E-05
 1.002E-04  5.76623800038035E-05
 1.016E-04  5.92426654888209E-05
 1.030E-04  6.08662395475379E-05
 1.044E-04  6.25342871306158E-05
 1.058E-04  6.42480255895643E-05
 1.073E-04  6.60087055612374E-05
 1.087E-04  6.78176118764229E-05
 1.102E-04  6.96760644931583E-05
 1.117E-04  7.15854194554712E-05
 1.132E-04  7.35470698782081E-05
 1.148E-04  7.55624469586716E-05
 1.163E-04  7.76330210157893E-05
 1.179E-04  7.97603025575681E-05
 1.195E-04  8.19458433775875E-05
 1.212E-04  8.41912376813232E-05
 1.228E-04  8.64981232431237E-05
 1.245E-04  8.88681825946427E-05
 1.262E-04  9.13031442456058E-05
 1.279E-04  9.38047839377689E-05
 1.297E-04  9.63749259329755E-05
 1.314E-04  9.90154443362345E-05
 1.332E-04  1.01728264454761E-04
 1.351E-04  1.04515364193970E-04
 1.369E-04  1.07378775491396E-04
 1.388E-04  1.10320585789581E-04
 1.407E-04  1.13342939548990E-04
 1.426E-04  1.16448039802024E-04
 1.445E-04  1.19638149749240E-04
 1.465E-04  1.22915594398940E-04
 1.485E-04  1.26282762251265E-04
 1.505E-04  1.29742107028020E-04
 1.526E-04  1.33296149449487E-04
 1.547E-04  1.36947479059437E-04
 1.568E-04  1.40698756099684E-04
 1.589E-04  1.44552713435518E-04
 1.611E-04  1.48512158533366E-04
 1.633E-04  1.52579975492115E-04
 1.655E-04  1.56759127129534E-04
 1.678E-04  1.61052657125270E-04
 1.701E-04  1.65463692221956E-04
 1.724E-04  1.69995444486008E-04
 1.748E-04  1.74651213629693E-04
 1.771E-04  1.79434389396125E-04
 1.796E-04  1.84348454008907E-04
 1.820E-04  1.89396984688130E-04
 1.845E-04  1.94583656234540E-04
 1.870E-04  1.99912243683673E-04
 1.896E-04  2.05386625031885E-04
 1.922E-04  2.11010784036194E-04
 1.948E-04  2.16788813089870E-04
 1.974E-04  2.22724916175890E-04
 2.001E-04  2.28823411900313E-04
 2.029E-04  2.35088736607703E-04
 2.056E-04  2.41525447580824E-04
 2.084E-04  2.48138226326878E-04
 2.113E-04  2.54931881952594E-04
 2.142E-04  2.61911354630552E-04
 2.171E-04  2.69081719159198E-04
 2.201E-04  2.76448188619051E-04
 2.231E-04  2.84016118127702E-04
 2.261E-04  2.91791008696234E-04
 2.292E-04  2.99778511189763E-04
 2.323E-04  3.07984430394935E-04
 2.355E-04  3.16414729197207E-04
 2.387E-04  3.25075532870867E-04
 2.420E-04  3.33973133484795E-04
 2.453E-04  3.43113994427050E-04
 2.486E-04  3.52504755051524E-04
 2.520E-04  3.62152235449838E-04
 2.555E-04  3.72063441351865E-04
 2.589E-04  3.82245569158346E-04
 2.625E-04  3.92706011109072E-04
 2.661E-04  4.03452360590279E-04
 2.697E-04  4.14492417584952E-04
 2.734E-04  4.25834194269869E-04
 2.771E-04  4.37485920763297E-04
 2.809E-04  4.49456051027331E-04
 2.847E-04  4.61753268928958E-04
 2.886E-04  4.74386494464243E-04
 2.926E-04  4.87364890149696E-04
 2.965E-04  5.00697867585530E-04
 3.006E-04  5.14395094195279E-04
 3.047E-04  5.28466500146336E-04
 3.089E-04  5.42922285456489E-04
 3.131E-04  5.57772927291111E-04
 3.174E-04  5.73029187456290E-04
 3.217E-04  5.88702120092951E-04
 3.261E-04  6.04803079577297E-04
 3.305E-04  6.21343728633170E-04
 3.350E-04  6.38336046661827E-04
 3.396E-04  6.55792338294876E-04
 3.442E-04  6.73725242176347E-04
 3.489E-04  6.92147739979964E-04
 3.537E-04  7.11073165667695E-04
 3.585E-04  7.30515214996151E-04
 3.634E-04  7.50487955277260E-04
 3.684E-04  7.71005835399868E-04
 3.734E-04  7.92083696119310E-04
 3.785E-04  8.13736780621930E-04
 3.837E-04  8.35980745371723E-04
 3.889E-04  8.58831671246626E-04
 3.942E-04  8.82306074972095E-04
 3.996E-04  9.06420920859624E-04
 4.051E-04  9.31193632858387E-04
 4.106E-04  9.56642106928255E-04
 4.162E-04  9.82784723742397E-04
 4.219E-04  1.00964036172826E-03
 4.277E-04  1.03722841045589E-03
 4.335E-04  1.06556878438247E-03
 4.394E-04  1.09468193696261E-03
 4.454E-04  1.12458887513373E-03
 4.515E-04  1.15531117418663E-03
 4.577E-04  1.18687099303101E-03
 4.639E-04  1.21929108986641E-03
 4.702E-04  1.25259483826924E-03
 4.767E-04  1.28680624370646E-03
 4.832E-04  1.32194996048720E-03
 4.898E-04  1.35805130916392E-03
 4.965E-04  1.39513629439422E-03
 5.032E-04  1.43323162327595E-03
 5.101E-04  1.47236472416738E-03
 5.171E-04  1.51256376600530E-03
 5.241E-04  1.55385767813393E-03
 5.313E-04  1.59627617065763E-03
 5.385E-04  1.63984975533137E-03
 5.459E-04  1.68460976700249E-03
 5.533E-04  1.73058838561806E-03
 5.609E-04  1.77781865881274E-03
 5.686E-04  1.82633452509174E-03
 5.763E-04  1.87617083762432E-03
 5.842E-04  1.92736338866360E-03
 5.922E-04  1.97994893460880E-03
 6.002E-04  2.03396522172631E-03
 6.084E-04  2.08945101254646E-03
 6.167E-04  2.14644611295358E-03
 6.252E-04  2.20499139998682E-03
 6.337E-04  2.26512885036991E-03
 6.423E-04  2.32690156978883E-03
 6.511E-04  2.39035382293592E-03
 6.600E-04  2.45553106434060E-03
 6.690E-04  2.52247997000619E-03
 6.782E-04  2.59124846987367E-03
 6.874E-04  2.66188578113336E-03
 6.968E-04  2.73444244240581E-03
 7.063E-04  2.80897034881424E-03
 7.160E-04  2.88552278797086E-03
 7.257E-04  2.96415447690046E-03
 7.356E-04  3.04492159992454E-03
 7.457E-04  3.12788184753056E-03
 7.559E-04  3.21309445625121E-03
 7.662E-04  3.30062024957845E-03
 7.766E-04  3.39052167993915E-03
 7.872E-04  3.48286287175861E-03
 7.980E-04  3.57770966563891E-03
 8.089E-04  3.67512966368068E-03
 8.199E-04  3.77519227597613E-03
 8.311E-04  3.87796876830296E-03
 8.425E-04  3.98353231104934E-03
 8.540E-04  4.09195802939984E-03
 8.656E-04  4.20332305481410E-03
 8.774E-04  4.31770657783050E-03
 8.894E-04  4.43518990222705E-03
 9.016E-04  4.55585650057361E-03
 9.139E-04  4.67979207120943E-03
 9.264E-04  4.80708459668108E-03
 9.390E-04  4.93782440367711E-03
 9.518E-04  5.07210422449570E-03
 9.648E-04  5.21001926008315E-03
 9.780E-04  5.35166724468164E-03
 9.913E-04  5.49714851212511E-03
 1.005E-03  5.64656606382428E-03
 1.019E-03  5.80002563848115E-03
 1.032E-03  5.95763578357509E-03
 1.047E-03  6.11950792866393E-03
 1.061E-03  6.28575646054310E-03
 1.075E-03  6.45649880030859E-03
 1.090E-03  6.63185548236884E-03
 1.105E-03  6.81195023545273E-03
 1.120E-03  6.99691006566151E-03
 1.135E-03  7.18686534161312E-03
 1.151E-03  7.38194988172981E-03
 1.167E-03  7.58230104371930E-03
 1.182E-03  7.78805981630118E-03
 1.199E-03  7.99937091323331E-03
 1.215E-03  8.21638286969108E-03
 1.232E-03  8.43924814105524E-03
 1.248E-03  8.66812320416621E-03
 1.265E-03  8.90316866110089E-03
 1.283E-03  9.14454934553216E-03
 1.300E-03  9.39243443173110E-03
 1.318E-03  9.64699754627321E-03
 1.336E-03  9.90841688251153E-03
 1.354E-03  1.01768753178805E-02
 1.373E-03  1.04525605340962E-02
 1.391E-03  1.07356651403188E-02
 1.410E-03  1.10263867993461E-02
 1.430E-03  1.13249283569069E-02
 1.449E-03  1.16314979741242E-02
 1.469E-03  1.19463092632215E-02
 1.489E-03  1.22695814265446E-02
 1.509E-03  1.26015393989738E-02
 1.530E-03  1.29424139938028E-02
 1.551E-03  1.32924420521615E-02
 1.572E-03  1.36518665960631E-02
 1.593E-03  1.40209369851533E-02
 1.615E-03  1.43999090772464E-02
 1.637E-03  1.47890453927305E-02
 1.660E-03  1.51886152829259E-02
 1.682E-03  1.55988951024848E-02
 1.705E-03  1.60201683859185E-02
 1.729E-03  1.64527260283437E-02
 1.752E-03  1.68968664705362E-02
 1.776E-03  1.73528958883866E-02
 1.800E-03  1.78211283868521E-02
 1.825E-03  1.83018861984977E-02
 1.850E-03  1.87954998867269E-02
 1.875E-03  1.93023085537982E-02
 1.901E-03  1.98226600537301E-02
 1.927E-03  2.03569112101931E-02
 1.953E-03  2.09054280394954E-02
 1.980E-03  2.14685859787652E-02
 2.007E-03  2.20467701194363E-02
 2.034E-03  2.26403754461457E-02
 2.062E-03  2.32498070811515E-02
 2.090E-03  2.38754805343837E-02
 2.118E-03  2.45178219592381E-02
 2.147E-03  2.51772684142297E-02
 2.177E-03  2.58542681306198E-02
 2.206E-03  2.65492807861325E-02
 2.236E-03  2.72627777848813E-02
 2.267E-03  2.79952425436240E-02
 2.298E-03  2.87471707844665E-02
 2.329E-03  2.95190708341384E-02
 2.361E-03  3.03114639299650E-02
 2.393E-03  3.11248845326580E-02
 2.426E-03  3.19598806460535E-02
 2.459E-03  3.28170141439227E-02
 2.493E-03  3.36968611039848E-02
 2.527E-03  3.46000121492499E-02
 2.561E-03  3.55270727968248E-02
 2.596E-03  3.64786638143093E-02
 2.632E-03  3.74554215839182E-02
 2.668E-03  3.84579984744604E-02
 2.704E-03  3.94870632213082E-02
 2.741E-03  4.05433013144923E-02
 2.778E-03  4.16274153950557E-02
 2.816E-03  4.27401256598021E-02
 2.855E-03  4.38821702745741E-02
 2.894E-03  4.50543057961970E-02
 2.933E-03  4.62573076032228E-02
 2.973E-03  4.74919703356116E-02
 3.014E-03  4.87591083434827E-02
 3.055E-03  5.00595561450749E-02
 3.097E-03  5.13941688940461E-02
 3.139E-03  5.27638228562482E-02
 3.182E-03  5.41694158961114E-02
 3.225E-03  5.56118679727667E-02
 3.269E-03  5.70921216460411E-02
 3.314E-03  5.86111425924527E-02
 3.359E-03  6.01699201313345E-02
 3.405E-03  6.17694677612135E-02
 3.452E-03  6.34108237065681E-02
 3.499E-03  6.50950514750869E-02
 3.546E-03  6.68232404255477E-02
 3.595E-03  6.85965063464334E-02
 3.644E-03  7.04159920453985E-02
 3.694E-03  7.22828679496965E-02
 3.744E-03  7.41983327176738E-02
 3.795E-03  7.61636138614358E-02
 3.847E-03  7.81799683807777E-02
 3.900E-03  8.02486834084811E-02
 3.953E-03  8.23710768670586E-02
 4.007E-03  8.45484981370324E-02
 4.061E-03  8.67823287368264E-02
 4.117E-03  8.90739830143372E-02
 4.173E-03  9.14249088502551E-02
 4.230E-03  9.38365883731879E-02
 4.288E-03  9.63105386866402E-02
 4.346E-03  9.88483126078871E-02
 4.406E-03  1.01451499418779E-01
 4.466E-03  1.04121725628496E-01
 4.527E-03  1.06860655748279E-01
 4.589E-03  1.09669993078117E-01
 4.651E-03  1.12551480505416E-01
 4.715E-03  1.15506901315602E-01
 4.779E-03  1.18538080014647E-01
 4.844E-03  1.21646883163462E-01
 4.911E-03  1.24835220224114E-01
 4.978E-03  1.28105044417778E-01
 5.046E-03  1.31458353594353E-01
 5.114E-03  1.34897191113634E-01
 5.184E-03  1.38423646737919E-01
 5.255E-03  1.42039857535918E-01
 5.327E-03  1.45748008797815E-01
 5.400E-03  1.49550334961289E-01
 5.473E-03  1.53449120548329E-01
 5.548E-03  1.57446701112600E-01
 5.624E-03  1.61545464197142E-01
 5.700E-03  1.65747850302135E-01
 5.778E-03  1.70056353862435E-01
 5.857E-03  1.74473524234590E-01
 5.937E-03  1.79001966692978E-01
 6.018E-03  1.83644343434725E-01
 6.100E-03  1.88403374592977E-01
 6.184E-03  1.93281839258143E-01
 6.268E-03  1.98282576506613E-01
 6.354E-03  2.03408486436490E-01
 6.440E-03  2.08662531209799E-01
 6.528E-03  2.14047736100624E-01
 6.617E-03  2.19567190548560E-01
 6.708E-03  2.25224049216874E-01
 6.799E-03  2.31021533054667E-01
 6.892E-03  2.36962930362347E-01
 6.986E-03  2.43051597859640E-01
 7.082E-03  2.49290961755334E-01
 7.178E-03  2.55684518817909E-01
 7.276E-03  2.62235837446151E-01
 7.376E-03  2.68948558738797E-01
 7.476E-03  2.75826397562208E-01
 7.578E-03  2.82873143615018E-01
 7.682E-03  2.90092662488637E-01
 7.787E-03  2.97488896722446E-01
 7.893E-03  3.05065866852444E-01
 8.001E-03  3.12827672452065E-01
 8.110E-03  3.20778493163796E-01
 8.221E-03  3.28922589720178E-01
 8.333E-03  3.37264304952703E-01
 8.447E-03  3.45808064787030E-01
 8.562E-03  3.54558379222903E-01
 8.679E-03  3.63519843297048E-01
 8.798E-03  3.72697138027261E-01
 8.918E-03  3.82095031335827E-01
 9.039E-03  3.91718378950318E-01
 9.163E-03  4.01572125279726E-01
 9.288E-03  4.11661304263825E-01
 9.415E-03  4.21991040193540E-01
 9.543E-03  4.32566548500031E-01
 9.674E-03  4.43393136510078E-01
 9.806E-03  4.54476204165297E-01
 9.940E-03  4.65821244702580E-01
 1.008E-02  4.77433845293065E-01
 1.021E-02  4.89319687636843E-01
 1.035E-02  5.01484548510496E-01
 1.049E-02  5.13934300264454E-01
 1.064E-02  5.26674911267040E-01
 1.078E-02  5.39712446291972E-01
 1.093E-02  5.53053066845958E-01
 1.108E-02  5.66703031432923E-01
 1.123E-02  5.80668695751260E-01
 1.138E-02  5.94956512820394E-01
 1.154E-02  6.09573033032815E-01
 1.170E-02  6.24524904127613E-01
 1.186E-02  6.39818871081410E-01
 1.202E-02  6.55461775912462E-01
 1.218E-02  6.71460557393564E-01
 1.235E-02  6.87822250669262E-01
 1.252E-02  7.04553986772732E-01
 1.269E-02  7.21662992037567E-01
 1.286E-02  7.39156587399531E-01
 1.304E-02  7.57042187583261E-01
 1.321E-02  7.75327300168702E-01
 1.339E-02  7.94019524531932E-01
 1.358E-02  8.13126550654933E-01
 1.376E-02  8.32656157798644E-01
 1.395E-02  8.52616213033552E-01
 1.414E-02  8.73014669621925E-01
 1.433E-02  8.93859565245607E-01
 1.453E-02  9.15159020073209E-01
 1.473E-02  9.36921234660349E-01
 1.493E-02  9.59154487676475E-01
 1.513E-02  9.81867133451663E-01
 1.534E-02  1.00506759933663E+00
 1.555E-02  1.02876438286913E+00
 1.576E-02  1.05296604873964E+00
 1.598E-02  1.07768122554928E+00
 1.619E-02  1.10291860235274E+00
 1.642E-02  1.12868692497866E+00
 1.664E-02  1.15499499212023E+00
 1.687E-02  1.18185165118822E+00
 1.710E-02  1.20926579391881E+00
 1.733E-02  1.23724635172843E+00
 1.757E-02  1.26580229080780E+00
 1.781E-02  1.29494260694704E+00
 1.805E-02  1.32467632008400E+00
 1.830E-02  1.35501246856767E+00
 1.855E-02  1.38596010312845E+00
 1.880E-02  1.41752828054723E+00
 1.906E-02  1.44972605701500E+00
 1.932E-02  1.48256248117483E+00
 1.958E-02  1.51604658683787E+00
 1.985E-02  1.55018738536545E+00
 2.012E-02  1.58499385770874E+00
 2.039E-02  1.62047494609818E+00
 2.067E-02  1.65663954537443E+00
 2.095E-02  1.69349649395296E+00
 2.124E-02  1.73105456441436E+00
 2.153E-02  1.76932245371269E+00
 2.182E-02  1.80830877299424E+00
 2.212E-02  1.84802203701931E+00
 2.242E-02  1.88847065317981E+00
 2.273E-02  1.92966291010566E+00
 2.304E-02  1.97160696585327E+00
 2.335E-02  2.01431083566967E+00
 2.367E-02  2.05778237932613E+00
 2.400E-02  2.10202928801547E+00
 2.432E-02  2.14705907080772E+00
 2.466E-02  2.19287904065902E+00
 2.499E-02  2.23949629996933E+00
 2.533E-02  2.28691772568482E+00
 2.568E-02  2.33514995394142E+00
 2.603E-02  2.38419936424667E+00
 2.639E-02  2.43407206319737E+00
 2.675E-02  2.48477386773152E+00
 2.711E-02  2.53631028791342E+00
 2.748E-02  2.58868650925179E+00
 2.786E-02  2.64190737455154E+00
 2.824E-02  2.69597736530044E+00
 2.862E-02  2.75090058259319E+00
 2.901E-02  2.80668072759609E+00
 2.941E-02  2.86332108155665E+00
 2.981E-02  2.92082448536347E+00
 3.022E-02  2.97919331866289E+00
 3.063E-02  3.03842947854016E+00
 3.105E-02  3.09853435777390E+00
 3.147E-02  3.15950882267425E+00
 3.190E-02  3.22135319051616E+00
 3.234E-02  3.28406720658098E+00
 3.278E-02  3.34765002082080E+00
 3.323E-02  3.41210016416156E+00
 3.368E-02  3.47741552446283E+00
 3.414E-02  3.54359332215343E+00
 3.461E-02  3.61063008556429E+00
 3.508E-02  3.67852162598127E+00
 3.556E-02  3.74726301244302E+00
 3.604E-02  3.81684854631059E+00
 3.654E-02  3.88727173563766E+00
 3.703E-02  3.95852526937232E+00
 3.754E-02  4.03060099142340E+00
 3.805E-02  4.10348987462670E+00
 3.857E-02  4.17718199464864E+00
 3.910E-02  4.25166650386710E+00
 3.963E-02  4.32693160527182E+00
 4.017E-02  4.40296452642895E+00
 4.072E-02  4.47975149355682E+00
 4.128E-02  4.55727770576287E+00
 4.184E-02  4.63552730949360E+00
 4.241E-02  4.71448337325279E+00
 4.299E-02  4.79412786264523E+00
 4.358E-02  4.87444161580614E+00
 4.417E-02  4.95540431927941E+00
 4.478E-02  5.03699448440982E+00
 4.539E-02  5.11918942431797E+00
 4.601E-02  5.20196523152861E+00
 4.664E-02  5.28529675632636E+00
 4.727E-02  5.36915758591515E+00
 4.792E-02  5.45352002446064E+00
 4.857E-02  5.53835507409735E+00
 4.924E-02  5.62363241698499E+00
 4.991E-02  5.70932039850099E+00
 5.059E-02  5.79538601165886E+00
 5.128E-02  5.88179488284412E+00
 5.198E-02  5.96851125896239E+00
 5.269E-02  6.05549799609594E+00
 5.341E-02  6.14271654976774E+00
 5.414E-02  6.23012696691341E+00
 5.488E-02  6.31768787966399E+00
 5.563E-02  6.40535650104361E+00
 5.639E-02  6.49308862268825E+00
 5.716E-02  6.58083861469251E+00
 5.794E-02  6.66855942769322E+00
 5.873E-02  6.75620259729885E+00
 5.953E-02  6.84371825097512E+00
 6.034E-02  6.93105511749715E+00
 6.116E-02  7.01816053907889E+00
 6.200E-02  7.10498048629036E+00
 6.285E-02  7.19145957587296E+00
 6.370E-02  7.27754109156188E+00
 6.457E-02  7.36316700802422E+00
 6.546E-02  7.44827801801923E+00
 6.635E-02  7.53281356288564E+00
 6.725E-02  7.61671186645850E+00
 6.817E-02  7.69990997251547E+00
 6.910E-02  7.78234378584887E+00
 7.005E-02  7.86394811705666E+00
 7.100E-02  7.94465673114089E+00
 7.197E-02  8.02440239999792E+00
 7.296E-02  8.10311695887911E+00
 7.395E-02  8.18073136689521E+00
 7.496E-02  8.25717577163148E+00
 7.598E-02  8.33237957793319E+00
 7.702E-02  8.40627152091440E+00
 7.807E-02  8.47877974323434E+00
 7.914E-02  8.54983187667720E+00
 8.022E-02  8.61935512806192E+00
 8.132E-02  8.68727636949856E+00
 8.243E-02  8.75352223299732E+00
 8.355E-02  8.81801920942519E+00
 8.469E-02  8.88069375179308E+00
 8.585E-02  8.94147238284426E+00
 8.702E-02  9.00028180690141E+00
 8.821E-02  9.05704902591616E+00
 8.941E-02  9.11170145965054E+00
 9.063E-02  9.16416706990485E+00
 9.187E-02  9.21437448869083E+00
 9.312E-02  9.26225315023315E+00
 9.440E-02  9.30773342666520E+00
 9.568E-02  9.35074676726860E+00
 9.699E-02  9.39122584108745E+00
 9.831E-02  9.42910468273099E+00
 9.966E-02  9.46431884115922E+00
 1.010E-01  9.49680553122766E+00
 1.024E-01  9.52650378774780E+00
 1.038E-01  9.55335462180067E+00
 1.052E-01  9.57730117902115E+00
 1.066E-01  9.59828889955077E+00
 1.081E-01  9.61626567933707E+00
 1.096E-01  9.63118203243738E+00
 1.111E-01  9.64299125396551E+00
 1.126E-01  9.65164958329960E+00
 1.141E-01  9.65711636715051E+00
 1.157E-01  9.65935422207060E+00
 1.173E-01  9.65832919596432E+00
 1.189E-01  9.65401092814378E+00
 1.205E-01  9.64637280745485E+00
 1.221E-01  9.63539212798279E+00
 1.238E-01  9.62105024183013E+00
 1.255E-01  9.60333270844473E+00
 1.272E-01  9.58222943996210E+00
 1.289E-01  9.55773484201298E+00
 1.307E-01  9.52984794943614E+00
 1.325E-01  9.49857255632602E+00
 1.343E-01  9.46391733983689E+00
 1.361E-01  9.42589597715783E+00
 1.380E-01  9.38452725506856E+00
 1.399E-01  9.33983517148246E+00
 1.418E-01  9.29184902838302E+00
 1.437E-01  9.24060351556026E+00
 1.457E-01  9.18613878455787E+00
 1.477E-01  9.12850051224751E+00
 1.497E-01  9.06773995345503E+00
 1.517E-01  9.00391398207455E+00
 1.538E-01  8.93708512012000E+00
 1.559E-01  8.86732155418037E+00
 1.580E-01  8.79469713876423E+00
 1.602E-01  8.71929138604137E+00
 1.624E-01  8.64118944151488E+00
 1.646E-01  8.56048204518532E+00
 1.668E-01  8.47726547780015E+00
 1.691E-01  8.39164149181580E+00
 1.714E-01  8.30371722673809E+00
 1.738E-01  8.21360510854660E+00
 1.761E-01  8.12142273295306E+00
 1.785E-01  8.02729273229007E+00
 1.810E-01  7.93134262587668E+00
 1.834E-01  7.83370465375932E+00
 1.860E-01  7.73451559378235E+00
 1.885E-01  7.63391656200012E+00
 1.911E-01  7.53205279650272E+00
 1.937E-01  7.42907342479038E+00
 1.963E-01  7.32513121489591E+00
 1.990E-01  7.22038231052125E+00
 2.017E-01  7.11498595052209E+00
 2.045E-01  7.00910417314427E+00
 2.073E-01  6.90290150548569E+00
 2.101E-01  6.79654463872882E+00
 2.130E-01  6.69020208976072E+00
 2.159E-01  6.58404384986830E+00
 2.188E-01  6.47824102126865E+00
 2.218E-01  6.37296544230368E+00
 2.248E-01  6.26838930219866E+00
 2.279E-01  6.16468474635072E+00
 2.310E-01  6.06202347318012E+00
 2.342E-01  5.96057632363919E+00
 2.374E-01  5.86051286453493E+00
 2.406E-01  5.76200096687734E+00
 2.439E-01  5.66520638051904E+00
 2.472E-01  5.57029230640015E+00
 2.506E-01  5.47741896775647E+00
 2.540E-01  5.38674318168814E+00
 2.575E-01  5.29841793251877E+00
 2.610E-01  5.21259194840318E+00
 2.646E-01  5.12940928266283E+00
 2.682E-01  5.04900890134286E+00
 2.718E-01  4.97152427849272E+00
 2.755E-01  4.89708300067369E+00
 2.793E-01  4.82580638219010E+00
 2.831E-01  4.75780909252825E+00
 2.870E-01  4.69319879746620E+00
 2.909E-01  4.63207581528999E+00
 2.949E-01  4.57453278951677E+00
 2.989E-01  4.52065437948331E+00
 3.030E-01  4.47051697010952E+00
 3.071E-01  4.42418840209101E+00
 3.113E-01  4.38172772371297E+00
 3.156E-01  4.34318496540975E+00
 3.199E-01  4.30860093812105E+00
 3.242E-01  4.27800705641727E+00
 3.287E-01  4.25142518728277E+00
 3.331E-01  4.22886752535847E+00
 3.377E-01  4.21033649535360E+00
 3.423E-01  4.19582468224142E+00
 3.470E-01  4.18531478975596E+00
 3.517E-01  4.17877962760667E+00
 3.565E-01  4.17618212772536E+00
 3.614E-01  4.17747538975585E+00
 3.663E-01  4.18260275589174E+00
 3.713E-01  4.19149791506141E+00
 3.764E-01  4.20408503635294E+00
 3.815E-01  4.22027893146505E+00
 3.867E-01  4.23998524586337E+00
 3.920E-01  4.26310067821573E+00
 3.974E-01  4.28951322757490E+00
 4.028E-01  4.31910246767342E+00
 4.083E-01  4.35173984759277E+00
 4.139E-01  4.38728901796919E+00
 4.195E-01  4.42560618179978E+00
 4.252E-01  4.46654046881792E+00
 4.311E-01  4.50993433231428E+00
 4.369E-01  4.55562396719126E+00
 4.429E-01  4.60343974795396E+00
 4.489E-01  4.65320668526007E+00
 4.551E-01  4.70474489957570E+00
 4.613E-01  4.75787011041350E+00
 4.676E-01  4.81239413956446E+00
 4.740E-01  4.86812542667570E+00
 4.804E-01  4.92486955547407E+00
 4.870E-01  4.98242978888886E+00
 4.936E-01  5.04060761128796E+00
 5.004E-01  5.09920327600963E+00
 5.072E-01  5.15801635634736E+00
 5.141E-01  5.21684629812796E+00
 5.212E-01  5.27549297201383E+00
 5.283E-01  5.33375722365815E+00
 5.355E-01  5.39144141984826E+00
 5.428E-01  5.44834998878581E+00
 5.502E-01  5.50428995267420E+00
 5.577E-01  5.55907145081276E+00
 5.653E-01  5.61250825143382E+00
 5.731E-01  5.66441825056287E+00
 5.809E-01  5.71462395623294E+00
 5.888E-01  5.76295295644243E+00
 5.969E-01  5.80923836930982E+00
 6.050E-01  5.85331927394988E+00
 6.133E-01  5.89504112067202E+00
 6.216E-01  5.93425611918431E+00
 6.301E-01  5.97082360357340E+00
 6.387E-01  6.00461037292337E+00
 6.474E-01  6.03549100653235E+00
 6.563E-01  6.06334815278681E+00
 6.652E-01  6.08807279085673E+00
 6.743E-01  6.10956446448227E+00
 6.835E-01  6.12773148723161E+00
 6.929E-01  6.14249111872164E+00
 7.023E-01  6.15376971140594E+00
 7.119E-01  6.16150282764930E+00
 7.216E-01  6.16563532692285E+00
 7.315E-01  6.16612142306917E+00
 7.415E-01  6.16292471170179E+00
 7.516E-01  6.15601816791768E+00
 7.618E-01  6.14538411461436E+00
 7.723E-01  6.13101416181465E+00
 7.828E-01  6.11290911751092E+00
 7.935E-01  6.09107887064749E+00
 8.043E-01  6.06554224696300E+00
 8.153E-01  6.03632683851428E+00
 8.264E-01  6.00346880779929E+00
 8.377E-01  5.96701266748765E+00
 8.491E-01  5.92701103685410E+00
 8.607E-01  5.88352437609108E+00
 8.725E-01  5.83662069975236E+00
 8.844E-01  5.78637527064902E+00
 8.965E-01  5.73287027558247E+00
 9.087E-01  5.67619448435530E+00
 9.211E-01  5.61644289355065E+00
 9.337E-01  5.55371635661315E+00
 9.464E-01  5.48812120179926E+00
 9.594E-01  5.41976883959253E+00
 9.725E-01  5.34877536119907E+00
 9.857E-01  5.27526112975053E+00
 9.992E-01  5.19935036584621E+00
 1.013E+00  5.12117072906262E+00
 1.027E+00  5.04085289704745E+00
 1.041E+00  4.95853014379658E+00
 1.055E+00  4.87433791868633E+00
 1.069E+00  4.78841342780041E+00
 1.084E+00  4.70089521905038E+00
 1.099E+00  4.61192277254223E+00
 1.114E+00  4.52163609758828E+00
 1.129E+00  4.43017533770524E+00
 1.144E+00  4.33768038487469E+00
 1.160E+00  4.24429050427331E+00
 1.176E+00  4.15014397060636E+00
 1.192E+00  4.05537771710068E+00
 1.208E+00  3.96012699813196E+00
 1.225E+00  3.86452506637777E+00
 1.241E+00  3.76870286530123E+00
 1.258E+00  3.67278873768254E+00
 1.275E+00  3.57690815082651E+00
 1.293E+00  3.48118343898437E+00
 1.310E+00  3.38573356343853E+00
 1.328E+00  3.29067389060963E+00
 1.347E+00  3.19611598845660E+00
 1.365E+00  3.10216744135389E+00
 1.384E+00  3.00893168354456E+00
 1.402E+00  2.91650785118553E+00
 1.422E+00  2.82499065292125E+00
 1.441E+00  2.73447025884483E+00
 1.461E+00  2.64503220763262E+00
 1.481E+00  2.55675733156815E+00
 1.501E+00  2.46972169910540E+00
 1.521E+00  2.38399657455999E+00
 1.542E+00  2.29964839445914E+00
 1.563E+00  2.21673876002870E+00
 1.584E+00  2.13532444524699E+00
 1.606E+00  2.05545741985158E+00
 1.628E+00  1.97718488664629E+00
 1.650E+00  1.90054933242113E+00
 1.673E+00  1.82558859176848E+00
 1.696E+00  1.75233592305371E+00
 1.719E+00  1.68082009577768E+00
 1.742E+00  1.61106548855294E+00
 1.766E+00  1.54309219690321E+00
 1.790E+00  1.47691615008837E+00
 1.815E+00  1.41254923615344E+00
 1.839E+00  1.34999943440050E+00
 1.864E+00  1.28927095448602E+00
 1.890E+00  1.23036438135394E+00
 1.916E+00  1.17327682522501E+00
 1.942E+00  1.11800207587711E+00
 1.968E+00  1.06453076046739E+00
 1.995E+00  1.01285050416673E+00
 2.022E+00  9.62946092898473E-01
 2.050E+00  9.14799637497306E-01
 2.078E+00  8.68390738630080E-01
 2.106E+00  8.23696651848086E-01
 2.135E+00  7.80692452169469E-01
 2.164E+00  7.39351197621110E-01
 2.194E+00  6.99644091201027E-01
 2.224E+00  6.61540640755083E-01
 2.254E+00  6.25008816295133E-01
 2.285E+00  5.90015204319779E-01
 2.316E+00  5.56525158733182E-01
 2.348E+00  5.24502947991842E-01
 2.380E+00  4.93911898143754E-01
 2.412E+00  4.64714531458587E-01
 2.445E+00  4.36872700381458E-01
 2.479E+00  4.10347716576282E-01
 2.513E+00  3.85100474857437E-01
 2.547E+00  3.61091571840400E-01
 2.582E+00  3.38281419173090E-01
 2.617E+00  3.16630351239582E-01
 2.653E+00  2.96098727256727E-01
 2.689E+00  2.76647027711780E-01
 2.725E+00  2.58235945115391E-01
 2.763E+00  2.40826469069157E-01
 2.800E+00  2.24379965670327E-01
 2.839E+00  2.08858251298096E-01
 2.877E+00  1.94223660846260E-01
 2.917E+00  1.80439110485739E-01
 2.956E+00  1.67468155057621E-01
 2.997E+00  1.55275040212965E-01
 3.038E+00  1.43824749429592E-01
 3.079E+00  1.33083046048540E-01
 3.121E+00  1.23016510483787E-01
 3.164E+00  1.13592572768299E-01
 3.207E+00  1.04779540607484E-01
 3.251E+00  9.65466231177990E-02
 3.295E+00  8.88639504336252E-02
 3.340E+00  8.17025893696307E-02
 3.386E+00  7.50345553288571E-02
 3.432E+00  6.88328206486383E-02
 3.479E+00  6.30713195773869E-02
 3.526E+00  5.77249500752790E-02
 3.575E+00  5.27695726310417E-02
 3.623E+00  4.81820062854729E-02
 3.673E+00  4.39400220500859E-02
 3.723E+00  4.00223339064398E-02
 3.774E+00  3.64085875683717E-02
 3.825E+00  3.30793471855561E-02
 3.878E+00  3.00160801626390E-02
 3.930E+00  2.72011402636963E-02
 3.984E+00  2.46177491669956E-02
 4.039E+00  2.22499766300441E-02
 4.094E+00  2.00827194197334E-02
 4.150E+00  1.81016791570692E-02
 4.206E+00  1.62933392205371E-02
 4.264E+00  1.46449408466327E-02
 4.322E+00  1.31444585604898E-02
 4.381E+00  1.17805750638930E-02
 4.441E+00  1.05426557022788E-02
 4.501E+00  9.42072262661236E-03
 4.563E+00  8.40542876029089E-03
 4.625E+00  7.48803167547199E-03
 4.688E+00  6.66036747745688E-03
 4.752E+00  5.91482478998409E-03
 4.817E+00  5.24431892850759E-03
 4.883E+00  4.64226634275010E-03
 4.950E+00  4.10255940404318E-03
 5.017E+00  3.61954160719456E-03
 5.086E+00  3.18798325086989E-03
 5.155E+00  2.80305765474883E-03
 5.225E+00  2.46031796602521E-03
 5.297E+00  2.15567460218194E-03
 5.369E+00  1.88537337139732E-03
 5.442E+00  1.64597430644726E-03
 5.517E+00  1.43433124257607E-03
 5.592E+00  1.24757216453508E-03
 5.668E+00  1.08308034285440E-03
 5.746E+00  9.38476274438302E-04
 5.824E+00  8.11600437779852E-04
 5.904E+00  7.00496868495944E-04
 5.984E+00  6.03397556508573E-04
 6.066E+00  5.18707662061131E-04
 6.149E+00  4.44991543875939E-04
 6.233E+00  3.80959589146369E-04
 6.318E+00  3.25455831726455E-04
 6.404E+00  2.77446341843203E-04
 6.491E+00  2.36008367919618E-04
 6.580E+00  2.00320208664753E-04
 6.670E+00  1.69651791462920E-04
 6.761E+00  1.43355931276816E-04
 6.853E+00  1.20860242765180E-04
 6.947E+00  1.01659677098156E-04
 7.042E+00  8.53096540240216E-05
 7.138E+00  7.14197590877626E-05
 7.235E+00  5.96479755116058E-05
 7.334E+00  4.96954201045587E-05
 7.434E+00  4.13015526549861E-05
 7.536E+00  3.42398285588300E-05
 7.639E+00  2.83137649266769E-05
 7.743E+00  2.33533910752692E-05
 7.849E+00  1.92120551226196E-05
 7.956E+00  1.57635593499017E-05
 8.064E+00  1.28995980472563E-05
 8.174E+00  1.05274727045278E-05
 8.286E+00  8.56806062240475E-06
 8.399E+00  6.95401428606425E-06
 8.514E+00  5.62817014490356E-06
 8.630E+00  4.54214676220188E-06
 8.748E+00  3.65511362288623E-06
 8.867E+00  2.93271320269068E-06
 8.988E+00  2.34612019611023E-06
 9.111E+00  1.87122306337349E-06
 9.235E+00  1.48791427940602E-06
 9.362E+00  1.17947684310930E-06
 9.489E+00  9.32055727335577E-07
 9.619E+00  7.34204014131285E-07
 9.750E+00  5.76494462844315E-07
 9.883E+00  4.51188198390065E-07
 1.002E+01  3.51953082246098E-07
 1.016E+01  2.73625139429040E-07
 1.029E+01  2.12007161446079E-07
 1.043E+01  1.63699289544209E-07
 1.058E+01  1.25957324390341E-07
 1.072E+01  9.65761322935413E-08
 1.087E+01  7.37846736502330E-08
 1.102E+01  5.61682942272416E-08
 1.117E+01  4.26013620933996E-08
 1.132E+01  3.21914887660856E-08
 1.147E+01  2.42338162794926E-08
 1.163E+01  1.81736963296498E-08
 1.179E+01  1.35763382690378E-08
 1.195E+01  1.01022209646998E-08
 1.211E+01  7.48725262365418E-09
 1.228E+01  5.52682576427679E-09
 1.245E+01  4.06305449282833E-09
 1.262E+01  2.97460083693564E-09
 1.279E+01  2.16859858058505E-09
 1.296E+01  1.57426910787899E-09
 1.314E+01  1.13789625128753E-09
 1.332E+01  8.18887903314468E-10
 1.350E+01  5.86702839874273E-10
 1.368E+01  4.18463284522643E-10
 1.387E+01  2.97108506571043E-10
 1.406E+01  2.09973324185450E-10
 1.425E+01  1.47698760176967E-10
 1.445E+01  1.03401124591898E-10
 1.464E+01  7.20412059843559E-11
 1.484E+01  4.99476672696112E-11
 1.505E+01  3.44586927565400E-11
 1.525E+01  2.36538678913928E-11
 1.546E+01  1.61545677244118E-11
 1.567E+01  1.09760969594615E-11
 1.589E+01  7.41872282307945E-12
 1.610E+01  4.98778528880285E-12
 1.632E+01  3.33543206063212E-12
 1.655E+01  2.21835021643081E-12
 1.677E+01  1.46726738626578E-12
 1.700E+01  9.65065070854582E-13
 1.723E+01  6.31158878381984E-13
 1.747E+01  4.10413550079439E-13
 1.771E+01  2.65320771827427E-13
 1.795E+01  1.70511070350953E-13
 1.819E+01  1.08925711139475E-13
 1.844E+01  6.91622269921502E-14
 1.869E+01  4.36447525167821E-14
 1.895E+01  2.73705087001580E-14
 1.921E+01  1.70562768548302E-14
 1.947E+01  1.05608384022146E-14
 1.974E+01  6.49661448096321E-15
 2.000E+01  3.97019243020109E-15
 2.028E+01  2.41008565255122E-15
 2.055E+01  1.45314856876443E-15
 2.084E+01  8.70169385408137E-16
 2.112E+01  5.17455360863216E-16
 2.141E+01  3.05545437811966E-16
 2.170E+01  1.79130890971518E-16
 2.200E+01  1.04259181990503E-16
 2.230E+01  6.02371033597121E-17
 2.260E+01  3.45442678045452E-17
 2.291E+01  1.96610025684491E-17
 2.322E+01  1.11047321930882E-17
 2.354E+01  6.22354269025140E-18
 2.386E+01  3.46057433189659E-18
 2.419E+01  1.90894211250109E-18
 2.452E+01  1.04453718793420E-18
 2.485E+01  5.66883062500701E-19
 2.519E+01  3.05107359397149E-19
 2.554E+01  1.62836608203631E-19
 2.588E+01  8.61670917836806E-20
 2.624E+01  4.52032877790281E-20
 2.660E+01  2.35064094479140E-20
 2.696E+01  1.21154077873047E-20
 2.733E+01  6.18831357962600E-21
 2.770E+01  3.13209893948391E-21
 2.808E+01  1.57062726348842E-21
 2.846E+01  7.80243508219176E-22
 2.885E+01  3.83928798541138E-22
 2.924E+01  1.87101843933274E-22
 2.964E+01  9.02931661702233E-23
 3.005E+01  4.31442509823607E-23
 3.046E+01  2.04090706109724E-23
 3.087E+01  9.55643621040219E-24
 3.130E+01  4.42869044853246E-24
 3.172E+01  2.03100162513882E-24
 3.216E+01  9.21580566379620E-25
 3.259E+01  4.13695978016385E-25
 3.304E+01  1.83691999068645E-25
 3.349E+01  8.06668792009228E-26
 3.395E+01  3.50292289249057E-26
 3.441E+01  1.50393663993465E-26
 3.488E+01  6.38299586340450E-27
 3.536E+01  2.67760888521425E-27
 3.584E+01  1.11001239300129E-27
 3.633E+01  4.54669924092303E-28
 3.683E+01  1.83984389425907E-28
 3.733E+01  7.35376473519558E-29
 3.784E+01  2.90274682442051E-29
 3.835E+01  1.13137066482713E-29
 3.888E+01  4.35333042718497E-30
 3.941E+01  1.65341895852968E-30
 3.995E+01  6.19742534373829E-31
 4.049E+01  2.29207216005225E-31
 4.104E+01  8.36284909575952E-32
 4.161E+01  3.00959827212479E-32
 4.217E+01  1.06809352492311E-32
 4.275E+01  3.73743442361320E-33
 4.333E+01  1.28919122741310E-33
 4.392E+01  4.38283696967370E-34
 4.452E+01  1.46825361753859E-34
 4.513E+01  4.84581699605536E-35
 4.575E+01  1.57530360726666E-35
 4.637E+01  5.04316046270640E-36
 4.701E+01  1.58961241958654E-36
 4.765E+01  4.93215891225335E-37
 4.830E+01  1.50607414319242E-37
 4.896E+01  4.52505583376786E-38
 4.963E+01  1.33743700521705E-38
 5.030E+01  3.88773569841049E-39
 5.099E+01  1.11120738794058E-39
 5.169E+01  3.12225710108227E-40
 5.239E+01  8.62220242328023E-41
 5.311E+01  2.33965144153668E-41
 5.383E+01  6.23740685903476E-42
 5.457E+01  1.63392485234603E-42
 5.531E+01  4.21082319857772E-43
 5.607E+01  0.00000000000000E+00
 5.683E+01  0.00000000000000E+00
 5.761E+01  0.00000000000000E+00
 5.839E+01  0.00000000000000E+00
 5.919E+01  0.00000000000000E+00
 6.000E+01  0.00000000000000E+00
