line2: Z,NR,R(1),R(NR) /line3,4,...: R(N),RHO*4*PI*R(N)**2
58.00  2000  1.01365245284744E-10  6.00000000000000E+01
 1.014E-10  5.97459696606593E-13
 1.027E-10  6.12321897479315E-13
 1.042E-10  6.27553805326309E-13
 1.056E-10  7.11435302108296E-13
 1.070E-10  7.29132720742327E-13
 1.085E-10  7.47270374252287E-13
 1.100E-10  7.65859213753143E-13
 1.115E-10  7.84910462799134E-13
 1.130E-10  8.04435624128019E-13
 1.145E-10  8.24446486618015E-13
 1.161E-10  8.44955132403234E-13
 1.177E-10  8.65973944168675E-13
 1.193E-10  8.87515612626694E-13
 1.209E-10  9.09593144179553E-13
 1.226E-10  9.32219868772122E-13
 1.242E-10  9.55409447940448E-13
 1.259E-10  9.79175883060237E-13
 1.276E-10  1.00353352380053E-12
 1.294E-10  1.02849707678776E-12
 1.312E-10  1.05408161448528E-12
 1.329E-10  1.08030258429389E-12
 1.348E-10  1.10717581787858E-12
 1.366E-10  1.13471754072732E-12
 1.385E-10  1.16294438194767E-12
 1.404E-10  1.19187338430720E-12
 1.423E-10  1.22152201452340E-12
 1.442E-10  1.25190817380969E-12
 1.462E-10  1.28305020868405E-12
 1.482E-10  1.31496692204600E-12
 1.502E-10  1.34767758452948E-12
 1.523E-10  1.38120194613802E-12
 1.543E-10  1.41556024816944E-12
 1.564E-10  1.45077323543706E-12
 1.586E-10  1.48686216879495E-12
 1.607E-10  1.52384883797485E-12
 1.629E-10  1.56175557474233E-12
 1.652E-10  1.60060526638019E-12
 1.674E-10  1.64042136950742E-12
 1.697E-10  1.68122792424158E-12
 1.720E-10  1.72304956871400E-12
 1.744E-10  1.76591155394568E-12
 1.767E-10  1.80983975909305E-12
 1.792E-10  1.85486070707364E-12
 1.816E-10  1.90100158057995E-12
 1.841E-10  1.94829023849149E-12
 1.866E-10  1.99675523269563E-12
 1.891E-10  2.04642582532679E-12
 1.917E-10  2.09733200643403E-12
 1.943E-10  2.14950451208837E-12
 1.970E-10  2.20297484294069E-12
 1.997E-10  2.25777528324134E-12
 2.024E-10  2.31393892033221E-12
 2.052E-10  2.37149966462457E-12
 2.080E-10  2.43049227007335E-12
 2.108E-10  2.49095235516076E-12
 2.137E-10  2.55291642440210E-12
 2.166E-10  2.61642189038628E-12
 2.196E-10  2.68150709636460E-12
 2.226E-10  2.74821133940205E-12
 2.256E-10  2.81657489410376E-12
 2.287E-10  2.88663903693188E-12
 2.318E-10  2.95844607112760E-12
 2.350E-10  3.03203935225270E-12
 2.382E-10  3.10746331436699E-12
 2.414E-10  3.18476349685649E-12
 2.447E-10  3.26398657192918E-12
 2.481E-10  3.34518037279498E-12
 2.515E-10  3.42839392254559E-12
 2.549E-10  3.51367746375445E-12
 2.584E-10  3.60108248881204E-12
 2.619E-10  3.69066177101525E-12
 2.655E-10  3.78246939643146E-12
 2.691E-10  3.87656079655410E-12
 2.728E-10  3.97299278177112E-12
 2.765E-10  4.07182357566640E-12
 2.803E-10  4.17311285017323E-12
 2.841E-10  4.27692176160291E-12
 2.880E-10  4.38331298757023E-12
 2.919E-10  4.49235076483673E-12
 2.959E-10  4.60410092809479E-12
 2.999E-10  4.71863094971802E-12
 3.040E-10  4.83600998049955E-12
 3.082E-10  4.95630889140343E-12
 3.124E-10  5.07960031635511E-12
 3.166E-10  5.20595869609637E-12
 3.210E-10  5.33546032313140E-12
 3.253E-10  5.46818338778954E-12
 3.298E-10  5.60420802543610E-12
 3.343E-10  5.74361636485580E-12
 3.389E-10  5.88649257784030E-12
 3.435E-10  6.03292293000960E-12
 3.482E-10  6.18299583289743E-12
 3.529E-10  6.33680189733195E-12
 3.577E-10  6.49443398814456E-12
 3.626E-10  6.65598728024045E-12
 3.676E-10  6.82155931606205E-12
 3.726E-10  6.99125006448433E-12
 3.777E-10  7.16516198117278E-12
 3.828E-10  7.34340007044425E-12
 3.881E-10  7.52607194866697E-12
 3.934E-10  7.71328790923624E-12
 3.987E-10  7.90516098916720E-12
 4.042E-10  8.10180703734500E-12
 4.097E-10  8.30334478447132E-12
 4.153E-10  8.50989591475058E-12
 4.210E-10  8.72158513936238E-12
 4.267E-10  8.93854027175751E-12
 4.325E-10  9.16089230482974E-12
 4.384E-10  9.38877549000622E-12
 4.444E-10  9.62232741830634E-12
 4.505E-10  9.86168910341626E-12
 4.566E-10  1.01070050668278E-11
 4.629E-10  1.03584234251006E-11
 4.692E-10  1.06160959792901E-11
 4.756E-10  1.08801783066011E-11
 4.821E-10  1.11508298543230E-11
 4.887E-10  1.14282140361016E-11
 4.953E-10  1.17124983306023E-11
 5.021E-10  1.20038543826310E-11
 5.090E-10  1.23024581067716E-11
 5.159E-10  1.26084897935973E-11
 5.230E-10  1.29221342185258E-11
 5.301E-10  1.32435807533843E-11
 5.373E-10  1.35730234807485E-11
 5.447E-10  1.39106613111223E-11
 5.521E-10  1.42566981030402E-11
 5.596E-10  1.46113427861499E-11
 5.673E-10  1.49748094873584E-11
 5.750E-10  1.53473176601219E-11
 5.829E-10  1.57290922169424E-11
 5.908E-10  1.61203636651661E-11
 5.989E-10  1.65213682461615E-11
 6.071E-10  1.69323480779534E-11
 6.154E-10  1.73535513014097E-11
 6.238E-10  1.77852322300665E-11
 6.323E-10  1.82276515036719E-11
 6.409E-10  1.86810762455575E-11
 6.497E-10  1.91457802239233E-11
 6.585E-10  1.96220440171301E-11
 6.675E-10  2.01101551831074E-11
 6.766E-10  2.06104084329771E-11
 6.859E-10  2.11231058089916E-11
 6.952E-10  2.16485568668983E-11
 7.047E-10  2.21870788628488E-11
 7.144E-10  2.27389969449454E-11
 7.241E-10  2.33046443495604E-11
 7.340E-10  2.38843626025401E-11
 7.440E-10  2.44785017254061E-11
 7.542E-10  2.50874204466923E-11
 7.645E-10  2.57114864185403E-11
 7.749E-10  2.63510764386773E-11
 7.855E-10  2.70065766779175E-11
 7.962E-10  2.76783829133240E-11
 8.071E-10  2.83669007671758E-11
 8.181E-10  2.90725459518660E-11
 8.293E-10  2.97957445209035E-11
 8.406E-10  3.05369331261575E-11
 8.521E-10  3.12965592814937E-11
 8.637E-10  3.20750816329758E-11
 8.755E-10  3.28729702357881E-11
 8.874E-10  3.36907068380422E-11
 8.996E-10  3.45287851716446E-11
 9.118E-10  3.53877112504069E-11
 9.243E-10  3.62680036755586E-11
 9.369E-10  3.71701939488763E-11
 9.497E-10  3.80948267935843E-11
 9.627E-10  3.90424604832497E-11
 9.758E-10  4.00136671788631E-11
 9.891E-10  4.10090332742836E-11
 1.003E-09  4.20291597503011E-11
 1.016E-09  4.30746625374918E-11
 1.030E-09  4.41461728881064E-11
 1.044E-09  4.52443377572023E-11
 1.059E-09  4.63698201932626E-11
 1.073E-09  4.75232997385335E-11
 1.088E-09  4.87054728393132E-11
 1.102E-09  4.99170532664560E-11
 1.118E-09  5.11587725463247E-11
 1.133E-09  5.24313804024771E-11
 1.148E-09  5.37356452083271E-11
 1.164E-09  5.50723544510774E-11
 1.180E-09  5.64423152071858E-11
 1.196E-09  5.78463546296558E-11
 1.212E-09  5.92853204474609E-11
 1.229E-09  6.07600814773809E-11
 1.246E-09  6.22715281485734E-11
 1.263E-09  6.38205730401977E-11
 1.280E-09  6.54081514324119E-11
 1.297E-09  6.70352218710721E-11
 1.315E-09  6.87027667464802E-11
 1.333E-09  7.04117928865367E-11
 1.351E-09  7.21633321646356E-11
 1.370E-09  7.39584421226875E-11
 1.388E-09  7.57982066096386E-11
 1.407E-09  7.76837364358849E-11
 1.426E-09  7.96161700439442E-11
 1.446E-09  8.15966741958296E-11
 1.466E-09  8.36264446775109E-11
 1.486E-09  8.57067070208998E-11
 1.506E-09  8.78387172438219E-11
 1.527E-09  9.00237626083419E-11
 1.547E-09  9.22631623980094E-11
 1.568E-09  9.45582687143958E-11
 1.590E-09  9.69104672934744E-11
 1.612E-09  9.93211783422978E-11
 1.634E-09  1.01791857396475E-10
 1.656E-09  1.04323996199016E-10
 1.679E-09  1.06919123600990E-10
 1.701E-09  1.09578806484625E-10
 1.725E-09  1.12304650709351E-10
 1.748E-09  1.15098302081391E-10
 1.772E-09  1.17961447347456E-10
 1.796E-09  1.20895815213162E-10
 1.821E-09  1.23903177386803E-10
 1.846E-09  1.26985349649048E-10
 1.871E-09  1.30144192949271E-10
 1.896E-09  1.33381614529174E-10
 1.922E-09  1.36699569074316E-10
 1.949E-09  1.40100059894315E-10
 1.975E-09  1.43585140132405E-10
 2.002E-09  1.47156914005078E-10
 2.029E-09  1.50817538072570E-10
 2.057E-09  1.54569222540927E-10
 2.085E-09  1.58414232596492E-10
 2.114E-09  1.62354889773581E-10
 2.143E-09  1.66393573356156E-10
 2.172E-09  1.70532721814401E-10
 2.201E-09  1.74774834277004E-10
 2.232E-09  1.79122472040095E-10
 2.262E-09  1.83578260113676E-10
 2.293E-09  1.88144888806549E-10
 2.324E-09  1.92825115350694E-10
 2.356E-09  1.97621765565986E-10
 2.388E-09  2.02537735566380E-10
 2.421E-09  2.07575993508520E-10
 2.454E-09  2.12739581383856E-10
 2.487E-09  2.18031616855320E-10
 2.521E-09  2.23455295139680E-10
 2.556E-09  2.29013890936799E-10
 2.590E-09  2.34710760406791E-10
 2.626E-09  2.40549343196355E-10
 2.662E-09  2.46533164515640E-10
 2.698E-09  2.52665837266642E-10
 2.735E-09  2.58951064224582E-10
 2.772E-09  2.65392640273601E-10
 2.810E-09  2.71994454697994E-10
 2.848E-09  2.78760493530482E-10
 2.887E-09  2.85694841958882E-10
 2.927E-09  2.92801686792692E-10
 2.967E-09  3.00085318990937E-10
 3.007E-09  3.07550136252988E-10
 3.048E-09  3.15200645673789E-10
 3.090E-09  3.23041466465124E-10
 3.132E-09  3.31077332744635E-10
 3.175E-09  3.39313096394124E-10
 3.218E-09  3.47753729989068E-10
 3.262E-09  3.56404329800881E-10
 3.307E-09  3.65270118873976E-10
 3.352E-09  3.74356450179347E-10
 3.398E-09  3.83668809846509E-10
 3.444E-09  3.93212820475908E-10
 3.491E-09  4.02994244533758E-10
 3.539E-09  4.13018987831309E-10
 3.587E-09  4.23293103090545E-10
 3.636E-09  4.33822793598783E-10
 3.685E-09  4.44614416954032E-10
 3.736E-09  4.55674488903561E-10
 3.787E-09  4.67009687277973E-10
 3.838E-09  4.78626856023129E-10
 3.891E-09  4.90533009332384E-10
 3.944E-09  5.02735335881556E-10
 3.998E-09  5.15241203169333E-10
 4.052E-09  5.28058161965542E-10
 4.108E-09  5.41193950870234E-10
 4.164E-09  5.54656500985946E-10
 4.221E-09  5.68453940706382E-10
 4.278E-09  5.82594600624253E-10
 4.337E-09  5.97087018560908E-10
 4.396E-09  6.11939944721366E-10
 4.456E-09  6.27162346977549E-10
 4.517E-09  6.42763416282843E-10
 4.578E-09  6.58752572221306E-10
 4.641E-09  6.75139468695026E-10
 4.704E-09  6.91933999753033E-10
 4.769E-09  7.09146305565021E-10
 4.834E-09  7.26786778543720E-10
 4.900E-09  7.44866069619695E-10
 4.967E-09  7.63395094671983E-10
 5.034E-09  7.82385041118959E-10
 5.103E-09  8.01847374673048E-10
 5.173E-09  8.21793846263365E-10
 5.243E-09  8.42236499130840E-10
 5.315E-09  8.63187676099405E-10
 5.388E-09  8.84660027028422E-10
 5.461E-09  9.06666516450472E-10
 5.536E-09  9.29220431398934E-10
 5.611E-09  9.52335389430332E-10
 5.688E-09  9.76025346846388E-10
 5.765E-09  1.00030460712052E-09
 5.844E-09  1.02518782953392E-09
 5.924E-09  1.05069003802644E-09
 6.005E-09  1.07682663026777E-09
 6.087E-09  1.10361338695418E-09
 6.170E-09  1.13106648133647E-09
 6.254E-09  1.15920248898512E-09
 6.340E-09  1.18803839779807E-09
 6.426E-09  1.21759161825775E-09
 6.514E-09  1.24787999394308E-09
 6.603E-09  1.27892181230295E-09
 6.693E-09  1.31073581569778E-09
 6.784E-09  1.34334121271583E-09
 6.877E-09  1.37675768977068E-09
 6.971E-09  1.41100542298756E-09
 7.066E-09  1.44610509038526E-09
 7.162E-09  1.48207788436082E-09
 7.260E-09  1.51894552448518E-09
 7.359E-09  1.55673027061697E-09
 7.460E-09  1.59545493634222E-09
 7.562E-09  1.63514290274898E-09
 7.665E-09  1.67581813254410E-09
 7.770E-09  1.71750518452128E-09
 7.876E-09  1.76022922838924E-09
 7.983E-09  1.80401605996840E-09
 8.092E-09  1.84889211676590E-09
 8.203E-09  1.89488449393801E-09
 8.315E-09  1.94202096064934E-09
 8.428E-09  1.99032997683923E-09
 8.543E-09  2.03984071040532E-09
 8.660E-09  2.09058305481420E-09
 8.778E-09  2.14258764715044E-09
 8.898E-09  2.19588588661473E-09
 9.019E-09  2.25050995348169E-09
 9.142E-09  2.30649282852936E-09
 9.267E-09  2.36386831295277E-09
 9.394E-09  2.42267104877189E-09
 9.522E-09  2.48293653974750E-09
 9.652E-09  2.54470117281777E-09
 9.784E-09  2.60800224006759E-09
 9.917E-09  2.67287796124488E-09
 1.005E-08  2.73936750683638E-09
 1.019E-08  2.80751102171806E-09
 1.033E-08  2.87734964939342E-09
 1.047E-08  2.94892555683518E-09
 1.061E-08  3.02228195994441E-09
 1.076E-08  3.09746314964315E-09
 1.090E-08  3.17451451861646E-09
 1.105E-08  3.25348258871910E-09
 1.120E-08  3.33441503906452E-09
 1.136E-08  3.41736073481182E-09
 1.151E-08  3.50236975666997E-09
 1.167E-08  3.58949343113485E-09
 1.183E-08  3.67878436147864E-09
 1.199E-08  3.77029645951100E-09
 1.215E-08  3.86408497812932E-09
 1.232E-08  3.96020654467860E-09
 1.249E-08  4.05871919514227E-09
 1.266E-08  4.15968240918250E-09
 1.283E-08  4.26315714605252E-09
 1.301E-08  4.36920588140220E-09
 1.318E-08  4.47789264499895E-09
 1.336E-08  4.58928305938814E-09
 1.355E-08  4.70344437951333E-09
 1.373E-08  4.82044553332331E-09
 1.392E-08  4.94035716338928E-09
 1.411E-08  5.06325166955669E-09
 1.430E-08  5.18920325265847E-09
 1.450E-08  5.31828795931561E-09
 1.470E-08  5.45058372785185E-09
 1.490E-08  5.58617043535113E-09
 1.510E-08  5.72512994588491E-09
 1.531E-08  5.86754615993971E-09
 1.551E-08  6.01350506507399E-09
 1.573E-08  6.16309478783491E-09
 1.594E-08  6.31640564696700E-09
 1.616E-08  6.47353020794414E-09
 1.638E-08  6.63456333885806E-09
 1.660E-08  6.79960226769730E-09
 1.683E-08  6.96874664105020E-09
 1.706E-08  7.14209858426986E-09
 1.729E-08  7.31976276313350E-09
 1.753E-08  7.50184644703733E-09
 1.777E-08  7.68845957376332E-09
 1.801E-08  7.87971481585537E-09
 1.826E-08  8.07572764864908E-09
 1.851E-08  8.27661641999221E-09
 1.876E-08  8.48250242169879E-09
 1.901E-08  8.69350996278366E-09
 1.927E-08  8.90976644451554E-09
 1.954E-08  9.13140243733763E-09
 1.980E-08  9.35855175970392E-09
 2.007E-08  9.59135155887403E-09
 2.035E-08  9.82994239371935E-09
 2.063E-08  1.00744683195880E-08
 2.091E-08  1.03250769752814E-08
 2.119E-08  1.05819196721943E-08
 2.148E-08  1.08451514856731E-08
 2.178E-08  1.11149313486447E-08
 2.207E-08  1.13914221475749E-08
 2.237E-08  1.16747908208173E-08
 2.268E-08  1.19652084594038E-08
 2.299E-08  1.22628504103437E-08
 2.330E-08  1.25678963824944E-08
 2.362E-08  1.28805305550643E-08
 2.394E-08  1.32009416888131E-08
 2.427E-08  1.35293232400226E-08
 2.460E-08  1.38658734772979E-08
 2.494E-08  1.42107956012755E-08
 2.528E-08  1.45642978673112E-08
 2.562E-08  1.49265937112178E-08
 2.597E-08  1.52979018781312E-08
 2.633E-08  1.56784465545821E-08
 2.669E-08  1.60684575038522E-08
 2.705E-08  1.64681702046990E-08
 2.742E-08  1.68778259935313E-08
 2.779E-08  1.72976722101183E-08
 2.817E-08  1.77279623469270E-08
 2.856E-08  1.81689562021738E-08
 2.895E-08  1.86209200366815E-08
 2.934E-08  1.90841267346391E-08
 2.974E-08  1.95588559683603E-08
 3.015E-08  2.00453943671425E-08
 3.056E-08  2.05440356903218E-08
 3.098E-08  2.10550810046372E-08
 3.140E-08  2.15788388660054E-08
 3.183E-08  2.21156255058131E-08
 3.227E-08  2.26657650218519E-08
 3.271E-08  2.32295895739968E-08
 3.315E-08  2.38074395847511E-08
 3.361E-08  2.43996639447835E-08
 3.406E-08  2.50066202235763E-08
 3.453E-08  2.56286748853159E-08
 3.500E-08  2.62662035101491E-08
 3.548E-08  2.69195910209464E-08
 3.596E-08  2.75892319157052E-08
 3.645E-08  2.82755305057345E-08
 3.695E-08  2.89789011597661E-08
 3.746E-08  2.96997685541311E-08
 3.797E-08  3.04385679291687E-08
 3.849E-08  3.11957453520093E-08
 3.901E-08  3.19717579858921E-08
 3.954E-08  3.27670743661852E-08
 4.008E-08  3.35821746832702E-08
 4.063E-08  3.44175510724651E-08
 4.119E-08  3.52737079111564E-08
 4.175E-08  3.61511621233244E-08
 4.232E-08  3.70504434916452E-08
 4.290E-08  3.79720949773496E-08
 4.348E-08  3.89166730480473E-08
 4.408E-08  3.98847480137034E-08
 4.468E-08  4.08769043709621E-08
 4.529E-08  4.18937411560509E-08
 4.591E-08  4.29358723064534E-08
 4.653E-08  4.40039270315835E-08
 4.717E-08  4.50985501926786E-08
 4.781E-08  4.62204026921378E-08
 4.846E-08  4.73701618725512E-08
 4.913E-08  4.85485219256576E-08
 4.980E-08  4.97561943114653E-08
 5.048E-08  5.09939081878043E-08
 5.117E-08  5.22624108505673E-08
 5.186E-08  5.35624681848896E-08
 5.257E-08  5.48948651275643E-08
 5.329E-08  5.62604061409600E-08
 5.402E-08  5.76599156987164E-08
 5.475E-08  5.90942387835307E-08
 5.550E-08  6.05642413973189E-08
 5.626E-08  6.20708110840783E-08
 5.703E-08  6.36148574657479E-08
 5.781E-08  6.51973127913980E-08
 5.860E-08  6.68191325000880E-08
 5.940E-08  6.84812957977097E-08
 6.021E-08  7.01848062482005E-08
 6.103E-08  7.19306923794491E-08
 6.186E-08  7.37200083042721E-08
 6.271E-08  7.55538343568503E-08
 6.356E-08  7.74332777449740E-08
 6.443E-08  7.93594732185386E-08
 6.531E-08  8.13335837546527E-08
 6.620E-08  8.33568012597812E-08
 6.711E-08  8.54303472893839E-08
 6.802E-08  8.75554737854212E-08
 6.895E-08  8.97334638322225E-08
 6.989E-08  9.19656324311489E-08
 7.085E-08  9.42533272945400E-08
 7.181E-08  9.65979296593976E-08
 7.279E-08  9.90008551212986E-08
 7.379E-08  1.01463554489080E-07
 7.479E-08  1.03987514660759E-07
 7.582E-08  1.06574259521256E-07
 7.685E-08  1.09225350862440E-07
 7.790E-08  1.11942389326053E-07
 7.896E-08  1.14727015370115E-07
 8.004E-08  1.17580910259341E-07
 8.113E-08  1.20505797080209E-07
 8.224E-08  1.23503441781261E-07
 8.336E-08  1.26575654239306E-07
 8.450E-08  1.29724289352128E-07
 8.566E-08  1.32951248158374E-07
 8.683E-08  1.36258478985301E-07
 8.801E-08  1.39647978625076E-07
 8.921E-08  1.43121793540343E-07
 9.043E-08  1.46682021099737E-07
 9.167E-08  1.50330810844213E-07
 9.292E-08  1.54070365784770E-07
 9.419E-08  1.57902943732524E-07
 9.547E-08  1.61830858661876E-07
 9.677E-08  1.65856482107535E-07
 9.810E-08  1.69982244596328E-07
 9.944E-08  1.74210637114595E-07
 1.008E-07  1.78544212612120E-07
 1.022E-07  1.82985587543475E-07
 1.036E-07  1.87537443447637E-07
 1.050E-07  1.92202528566986E-07
 1.064E-07  1.96983659506508E-07
 1.079E-07  2.01883722934301E-07
 1.093E-07  2.06905677324375E-07
 1.108E-07  2.12052554742776E-07
 1.123E-07  2.17327462678207E-07
 1.139E-07  2.22733585918085E-07
 1.154E-07  2.28274188471351E-07
 1.170E-07  2.33952615539067E-07
 1.186E-07  2.39772295534022E-07
 1.202E-07  2.45736742150631E-07
 1.219E-07  2.51849556486213E-07
 1.235E-07  2.58114429215135E-07
 1.252E-07  2.64535142817012E-07
 1.269E-07  2.71115573860276E-07
 1.287E-07  2.77859695342624E-07
 1.304E-07  2.84771579089635E-07
 1.322E-07  2.91855398213033E-07
 1.340E-07  2.99115429630189E-07
 1.358E-07  3.06556056646151E-07
 1.377E-07  3.14181771600016E-07
 1.396E-07  3.21997178577086E-07
 1.415E-07  3.30006996188455E-07
 1.434E-07  3.38216060419826E-07
 1.454E-07  3.46629327551060E-07
 1.473E-07  3.55251877148445E-07
 1.494E-07  3.64088915131355E-07
 1.514E-07  3.73145776915198E-07
 1.535E-07  3.82427930632528E-07
 1.556E-07  3.91940980434268E-07
 1.577E-07  4.01690669873114E-07
 1.598E-07  4.11682885370963E-07
 1.620E-07  4.21923659772760E-07
 1.642E-07  4.32419175988602E-07
 1.665E-07  4.43175770726419E-07
 1.687E-07  4.54199938317720E-07
 1.710E-07  4.65498334638193E-07
 1.734E-07  4.77077781125998E-07
 1.757E-07  4.88945268900059E-07
 1.781E-07  5.01107962980599E-07
 1.806E-07  5.13573206614865E-07
 1.830E-07  5.26348525710279E-07
 1.855E-07  5.39441633377932E-07
 1.881E-07  5.52860434589107E-07
 1.906E-07  5.66613030947576E-07
 1.932E-07  5.80707725580645E-07
 1.959E-07  5.95153028151761E-07
 1.986E-07  6.09957659997952E-07
 2.013E-07  6.25130559394890E-07
 2.040E-07  6.40680886953008E-07
 2.068E-07  6.56618031147791E-07
 2.096E-07  6.72951613987670E-07
 2.125E-07  6.89691496822898E-07
 2.154E-07  7.06847786298688E-07
 2.183E-07  7.24430840456796E-07
 2.213E-07  7.42451274988612E-07
 2.243E-07  7.60919969643777E-07
 2.274E-07  7.79848074798372E-07
 2.305E-07  7.99247018186232E-07
 2.336E-07  8.19128511797933E-07
 2.368E-07  8.39504558951242E-07
 2.401E-07  8.60387461537312E-07
 2.433E-07  8.81789827447403E-07
 2.467E-07  9.03724578184056E-07
 2.500E-07  9.26204956661698E-07
 2.534E-07  9.49244535201226E-07
 2.569E-07  9.72857223723416E-07
 2.604E-07  9.97057278146244E-07
 2.640E-07  1.02185930899082E-06
 2.676E-07  1.04727829020163E-06
 2.712E-07  1.07332956818605E-06
 2.749E-07  1.10002887107859E-06
 2.787E-07  1.12739231823569E-06
 2.825E-07  1.15543642996658E-06
 2.863E-07  1.18417813750632E-06
 2.903E-07  1.21363479323659E-06
 2.942E-07  1.24382418116106E-06
 2.982E-07  1.27476452764101E-06
 3.023E-07  1.30647451239800E-06
 3.064E-07  1.33897327979032E-06
 3.106E-07  1.37228045036992E-06
 3.149E-07  1.40641613272644E-06
 3.192E-07  1.44140093562625E-06
 3.235E-07  1.47725598045322E-06
 3.279E-07  1.51400291395873E-06
 3.324E-07  1.55166392132907E-06
 3.369E-07  1.59026173957778E-06
 3.415E-07  1.62981967127091E-06
 3.462E-07  1.67036159859364E-06
 3.509E-07  1.71191199776711E-06
 3.557E-07  1.75449595382345E-06
 3.606E-07  1.79813917574813E-06
 3.655E-07  1.84286801199939E-06
 3.705E-07  1.88870946641342E-06
 3.756E-07  1.93569121450495E-06
 3.807E-07  1.98384162017349E-06
 3.859E-07  2.03318975282481E-06
 3.911E-07  2.08376540491852E-06
 3.965E-07  2.13559910995188E-06
 4.019E-07  2.18872216089094E-06
 4.074E-07  2.24316662905976E-06
 4.129E-07  2.29896538350010E-06
 4.186E-07  2.35615211081182E-06
 4.243E-07  2.41476133548714E-06
 4.301E-07  2.47482844075050E-06
 4.360E-07  2.53638968991672E-06
 4.419E-07  2.59948224828037E-06
 4.479E-07  2.66414420554914E-06
 4.541E-07  2.73041459883586E-06
 4.603E-07  2.79833343622172E-06
 4.665E-07  2.86794172090535E-06
 4.729E-07  2.93928147595323E-06
 4.794E-07  3.01239576966484E-06
 4.859E-07  3.08732874156898E-06
 4.926E-07  3.16412562906677E-06
 4.993E-07  3.24283279473655E-06
 5.061E-07  3.32349775431839E-06
 5.130E-07  3.40616920539464E-06
 5.200E-07  3.49089705678350E-06
 5.271E-07  3.57773245866313E-06
 5.343E-07  3.66672783344526E-06
 5.416E-07  3.75793690741742E-06
 5.490E-07  3.85141474317007E-06
 5.565E-07  3.94721777283202E-06
 5.641E-07  4.04540383213170E-06
 5.718E-07  4.14603219530485E-06
 5.796E-07  4.24916361087109E-06
 5.875E-07  4.35486033829992E-06
 5.955E-07  4.46318618558838E-06
 6.037E-07  4.57420654777294E-06
 6.119E-07  4.68798844639985E-06
 6.202E-07  4.80460056997613E-06
 6.287E-07  4.92411331542724E-06
 6.373E-07  5.04659883058455E-06
 6.460E-07  5.17213105773093E-06
 6.548E-07  5.30078577822765E-06
 6.638E-07  5.43264065825165E-06
 6.728E-07  5.56777529567071E-06
 6.820E-07  5.70627126808250E-06
 6.913E-07  5.84821218205037E-06
 7.008E-07  5.99368372356171E-06
 7.103E-07  6.14277370974163E-06
 7.200E-07  6.29557214185326E-06
 7.298E-07  6.45217125961403E-06
 7.398E-07  6.61266559686438E-06
 7.499E-07  6.77715203862040E-06
 7.602E-07  6.94572987954355E-06
 7.705E-07  7.11850088386664E-06
 7.811E-07  7.29556934680762E-06
 7.917E-07  7.47704215751182E-06
 8.025E-07  7.66302886355860E-06
 8.135E-07  7.85364173707226E-06
 8.246E-07  8.04899584247647E-06
 8.358E-07  8.24920910593367E-06
 8.473E-07  8.45440238650996E-06
 8.588E-07  8.66469954911054E-06
 8.705E-07  8.88022753922924E-06
 8.824E-07  9.10111645955448E-06
 8.945E-07  9.32749964848134E-06
 9.067E-07  9.55951376057471E-06
 9.191E-07  9.79729884903530E-06
 9.316E-07  1.00409984502125E-05
 9.443E-07  1.02907596702211E-05
 9.572E-07  1.05467332737110E-05
 9.703E-07  1.08090737748420E-05
 9.835E-07  1.10779395305239E-05
 9.970E-07  1.13534928359708E-05
 1.011E-06  1.16359000226350E-05
 1.024E-06  1.19253315585728E-05
 1.038E-06  1.22219621513053E-05
 1.053E-06  1.25259708532389E-05
 1.067E-06  1.28375411697050E-05
 1.081E-06  1.31568611696857E-05
 1.096E-06  1.34841235992914E-05
 1.111E-06  1.38195259980617E-05
 1.126E-06  1.41632708181570E-05
 1.142E-06  1.45155655465097E-05
 1.157E-06  1.48766228300161E-05
 1.173E-06  1.52466606038407E-05
 1.189E-06  1.56259022229057E-05
 1.205E-06  1.60145765966543E-05
 1.222E-06  1.64129183271601E-05
 1.239E-06  1.68211678506705E-05
 1.255E-06  1.72395715826723E-05
 1.273E-06  1.76683820665580E-05
 1.290E-06  1.81078581259897E-05
 1.308E-06  1.85582650210523E-05
 1.325E-06  1.90198746082851E-05
 1.344E-06  1.94929655046935E-05
 1.362E-06  1.99778232558362E-05
 1.380E-06  2.04747405080917E-05
 1.399E-06  2.09840171852051E-05
 1.418E-06  2.15059606692248E-05
 1.438E-06  2.20408859859354E-05
 1.457E-06  2.25891159948971E-05
 1.477E-06  2.31509815842173E-05
 1.497E-06  2.37268218701523E-05
 1.518E-06  2.43169844016753E-05
 1.539E-06  2.49218253701311E-05
 1.560E-06  2.55417098240951E-05
 1.581E-06  2.61770118895798E-05
 1.603E-06  2.68281149957075E-05
 1.624E-06  2.74954121059942E-05
 1.647E-06  2.81793059553849E-05
 1.669E-06  2.88802092931744E-05
 1.692E-06  2.95985451319679E-05
 1.715E-06  3.03347470028286E-05
 1.738E-06  3.10892592167652E-05
 1.762E-06  3.18625371327178E-05
 1.786E-06  3.26550474322062E-05
 1.811E-06  3.34672684007983E-05
 1.835E-06  3.42996902165768E-05
 1.860E-06  3.51528152457735E-05
 1.886E-06  3.60271583457477E-05
 1.911E-06  3.69232471754987E-05
 1.938E-06  3.78416225138867E-05
 1.964E-06  3.87828385857655E-05
 1.991E-06  3.97474633962196E-05
 2.018E-06  4.07360790731045E-05
 2.046E-06  4.17492822180978E-05
 2.073E-06  4.27876842664750E-05
 2.102E-06  4.38519118558179E-05
 2.130E-06  4.49426072038937E-05
 2.160E-06  4.60604284959207E-05
 2.189E-06  4.72060502814412E-05
 2.219E-06  4.83801638810779E-05
 2.249E-06  4.95834778033781E-05
 2.280E-06  5.08167181720209E-05
 2.311E-06  5.20806291636395E-05
 2.343E-06  5.33759734565112E-05
 2.375E-06  5.47035326904074E-05
 2.407E-06  5.60641079378581E-05
 2.440E-06  5.74585201871200E-05
 2.473E-06  5.88876108371542E-05
 2.507E-06  6.03522422048867E-05
 2.541E-06  6.18532980450809E-05
 2.576E-06  6.33916840831198E-05
 2.611E-06  6.49683285610099E-05
 2.647E-06  6.65841827969669E-05
 2.683E-06  6.82402217588836E-05
 2.719E-06  6.99374446520588E-05
 2.757E-06  7.16768755215084E-05
 2.794E-06  7.34595638692375E-05
 2.832E-06  7.52865852868527E-05
 2.871E-06  7.71590421038776E-05
 2.910E-06  7.90780640521734E-05
 2.950E-06  8.10448089468526E-05
 2.990E-06  8.30604633841149E-05
 3.031E-06  8.51262434564069E-05
 3.072E-06  8.72433954853315E-05
 3.114E-06  8.94131967727698E-05
 3.157E-06  9.16369563706567E-05
 3.200E-06  9.39160158698525E-05
 3.244E-06  9.62517502086217E-05
 3.288E-06  9.86455685011859E-05
 3.333E-06  1.01098914886824E-04
 3.378E-06  1.03613269400084E-04
 3.424E-06  1.06190148862593E-04
 3.471E-06  1.08831107796991E-04
 3.519E-06  1.11537739363568E-04
 3.567E-06  1.14311676320173E-04
 3.615E-06  1.17154592005904E-04
 3.665E-06  1.20068201349268E-04
 3.715E-06  1.23054261901344E-04
 3.765E-06  1.26114574894572E-04
 3.817E-06  1.29250986327877E-04
 3.869E-06  1.32465388078677E-04
 3.922E-06  1.35759719042516E-04
 3.975E-06  1.39135966300979E-04
 4.030E-06  1.42596166318591E-04
 4.085E-06  1.46142406169424E-04
 4.140E-06  1.49776824794151E-04
 4.197E-06  1.53501614288273E-04
 4.254E-06  1.57319021222355E-04
 4.312E-06  1.61231347994990E-04
 4.371E-06  1.65240954219340E-04
 4.431E-06  1.69350258144100E-04
 4.491E-06  1.73561738109714E-04
 4.553E-06  1.77877934040710E-04
 4.615E-06  1.82301448975070E-04
 4.678E-06  1.86834950631556E-04
 4.742E-06  1.91481173015890E-04
 4.806E-06  1.96242918066815E-04
 4.872E-06  2.01123057342972E-04
 4.938E-06  2.06124533751619E-04
 5.006E-06  2.11250363320255E-04
 5.074E-06  2.16503637012155E-04
 5.144E-06  2.21887522586973E-04
 5.214E-06  2.27405266507460E-04
 5.285E-06  2.33060195893477E-04
 5.357E-06  2.38855720524516E-04
 5.430E-06  2.44795334891819E-04
 5.504E-06  2.50882620301411E-04
 5.579E-06  2.57121247029304E-04
 5.656E-06  2.63514976530104E-04
 5.733E-06  2.70067663700416E-04
 5.811E-06  2.76783259198362E-04
 5.890E-06  2.83665811820603E-04
 5.971E-06  2.90719470938230E-04
 6.052E-06  2.97948488993188E-04
 6.135E-06  3.05357224056476E-04
 6.219E-06  3.12950142449728E-04
 6.304E-06  3.20731821431930E-04
 6.390E-06  3.28706951952547E-04
 6.477E-06  3.36880341473042E-04
 6.565E-06  3.45256916858234E-04
 6.655E-06  3.53841727339302E-04
 6.746E-06  3.62639947550295E-04
 6.838E-06  3.71656880639803E-04
 6.931E-06  3.80897961459791E-04
 7.026E-06  3.90368759833402E-04
 7.122E-06  4.00074983903755E-04
 7.219E-06  4.10022483565689E-04
 7.318E-06  4.20217253982502E-04
 7.418E-06  4.30665439189887E-04
 7.519E-06  4.41373335789052E-04
 7.622E-06  4.52347396731322E-04
 7.726E-06  4.63594235196548E-04
 7.831E-06  4.75120628567478E-04
 7.938E-06  4.86933522502611E-04
 8.046E-06  4.99040035109948E-04
 8.156E-06  5.11447461223929E-04
 8.268E-06  5.24163276788405E-04
 8.380E-06  5.37195143348168E-04
 8.495E-06  5.50550912651503E-04
 8.611E-06  5.64238631366834E-04
 8.728E-06  5.78266545916012E-04
 8.848E-06  5.92643107427339E-04
 8.968E-06  6.07376976811134E-04
 9.091E-06  6.22477029960776E-04
 9.215E-06  6.37952363082762E-04
 9.341E-06  6.53812298158365E-04
 9.468E-06  6.70066388540536E-04
 9.597E-06  6.86724424689377E-04
 9.729E-06  7.03796440049285E-04
 9.861E-06  7.21292717071714E-04
 9.996E-06  7.39223793386810E-04
 1.013E-05  7.57600468127601E-04
 1.027E-05  7.76433808410753E-04
 1.041E-05  7.95735155977532E-04
 1.055E-05  8.15516133998997E-04
 1.070E-05  8.35788654049301E-04
 1.084E-05  8.56564923251761E-04
 1.099E-05  8.77857451601135E-04
 1.114E-05  8.99679059467239E-04
 1.129E-05  9.22042885284048E-04
 1.145E-05  9.44962393428352E-04
 1.160E-05  9.68451382293859E-04
 1.176E-05  9.92523992564207E-04
 1.192E-05  1.01719471569063E-03
 1.209E-05  1.04247840257915E-03
 1.225E-05  1.06839027249216E-03
 1.242E-05  1.09494592217015E-03
 1.259E-05  1.12216133517846E-03
 1.276E-05  1.15005289148501E-03
 1.293E-05  1.17863737727460E-03
 1.311E-05  1.20793199500546E-03
 1.329E-05  1.23795437371398E-03
 1.347E-05  1.26872257957413E-03
 1.365E-05  1.30025512671729E-03
 1.384E-05  1.33257098831898E-03
 1.403E-05  1.36568960795970E-03
 1.422E-05  1.39963091126559E-03
 1.442E-05  1.43441531783668E-03
 1.461E-05  1.47006375346916E-03
 1.481E-05  1.50659766267916E-03
 1.501E-05  1.54403902153569E-03
 1.522E-05  1.58241035080967E-03
 1.543E-05  1.62173472944763E-03
 1.564E-05  1.66203580837733E-03
 1.585E-05  1.70333782465355E-03
 1.607E-05  1.74566561595316E-03
 1.629E-05  1.78904463542693E-03
 1.651E-05  1.83350096691754E-03
 1.673E-05  1.87906134055247E-03
 1.696E-05  1.92575314872104E-03
 1.719E-05  1.97360446244565E-03
 1.743E-05  2.02264404815494E-03
 1.767E-05  2.07290138487126E-03
 1.791E-05  2.12440668182093E-03
 1.815E-05  2.17719089647758E-03
 1.840E-05  2.23128575305070E-03
 1.865E-05  2.28672376142825E-03
 1.891E-05  2.34353823658602E-03
 1.916E-05  2.40176331847443E-03
 1.943E-05  2.46143399239435E-03
 1.969E-05  2.52258610987456E-03
 1.996E-05  2.58525641006216E-03
 2.023E-05  2.64948254164002E-03
 2.051E-05  2.71530308528151E-03
 2.079E-05  2.78275757665848E-03
 2.107E-05  2.85188653001437E-03
 2.136E-05  2.92273146231672E-03
 2.165E-05  2.99533491800284E-03
 2.195E-05  3.06974049433326E-03
 2.225E-05  3.14599286736903E-03
 2.255E-05  3.22413781858539E-03
 2.286E-05  3.30422226214003E-03
 2.317E-05  3.38629427281005E-03
 2.349E-05  3.47040311461527E-03
 2.381E-05  3.55659927014353E-03
 2.413E-05  3.64493447059555E-03
 2.446E-05  3.73546172656664E-03
 2.480E-05  3.82823535958347E-03
 2.514E-05  3.92331103441475E-03
 2.548E-05  4.02074579217286E-03
 2.583E-05  4.12059808422799E-03
 2.618E-05  4.22292780695229E-03
 2.654E-05  4.32779633731625E-03
 2.690E-05  4.43526656935660E-03
 2.727E-05  4.54540295153685E-03
 2.764E-05  4.65827152502354E-03
 2.802E-05  4.77393996289900E-03
 2.840E-05  4.89247761033360E-03
 2.879E-05  5.01395552574135E-03
 2.918E-05  5.13844652294194E-03
 2.958E-05  5.26602521435395E-03
 2.998E-05  5.39676805524513E-03
 3.039E-05  5.53075338906265E-03
 3.080E-05  5.66806149387255E-03
 3.123E-05  5.80877462993351E-03
 3.165E-05  5.95297708843243E-03
 3.208E-05  6.10075524141118E-03
 3.252E-05  6.25219759291044E-03
 3.297E-05  6.40739483136412E-03
 3.342E-05  6.56643988327042E-03
 3.387E-05  6.72942796817245E-03
 3.433E-05  6.89645665498199E-03
 3.480E-05  7.06762591967336E-03
 3.528E-05  7.24303820438528E-03
 3.576E-05  7.42279847796285E-03
 3.625E-05  7.60701429797452E-03
 3.674E-05  7.79579587423847E-03
 3.724E-05  7.98925613389660E-03
 3.775E-05  8.18751078807223E-03
 3.827E-05  8.39067840014884E-03
 3.879E-05  8.59888045571090E-03
 3.932E-05  8.81224143418427E-03
 3.986E-05  9.03088888222008E-03
 4.040E-05  9.25495348885857E-03
 4.095E-05  9.48456916252134E-03
 4.151E-05  9.71987310987355E-03
 4.208E-05  9.96100591659847E-03
 4.265E-05  1.02081116301351E-02
 4.324E-05  1.04613378444201E-02
 4.383E-05  1.07208357866870E-02
 4.442E-05  1.09867604063687E-02
 4.503E-05  1.12592704661546E-02
 4.565E-05  1.15385286352520E-02
 4.627E-05  1.18247015849092E-02
 4.690E-05  1.21179600862490E-02
 4.754E-05  1.24184791104667E-02
 4.819E-05  1.27264379314579E-02
 4.885E-05  1.30420202309210E-02
 4.951E-05  1.33654142060048E-02
 5.019E-05  1.36968126795539E-02
 5.088E-05  1.40364132130156E-02
 5.157E-05  1.43844182220774E-02
 5.227E-05  1.47410350950865E-02
 5.299E-05  1.51064763143312E-02
 5.371E-05  1.54809595802457E-02
 5.445E-05  1.58647079386028E-02
 5.519E-05  1.62579499107764E-02
 5.594E-05  1.66609196271347E-02
 5.671E-05  1.70738569636455E-02
 5.748E-05  1.74970076817690E-02
 5.826E-05  1.79306235717063E-02
 5.906E-05  1.83749625990988E-02
 5.987E-05  1.88302890552474E-02
 6.068E-05  1.92968737109297E-02
 6.151E-05  1.97749939739223E-02
 6.235E-05  2.02649340502882E-02
 6.320E-05  2.07669851095323E-02
 6.407E-05  2.12814454537179E-02
 6.494E-05  2.18086206906252E-02
 6.583E-05  2.23488239110570E-02
 6.673E-05  2.29023758703833E-02
 6.764E-05  2.34696051744239E-02
 6.856E-05  2.40508484697733E-02
 6.950E-05  2.46464506386662E-02
 7.045E-05  2.52567649984948E-02
 7.141E-05  2.58821535060804E-02
 7.238E-05  2.65229869668148E-02
 7.337E-05  2.71796452487833E-02
 7.437E-05  2.78525175019784E-02
 7.539E-05  2.85420023827312E-02
 7.642E-05  2.92485082834812E-02
 7.746E-05  2.99724535679941E-02
 7.852E-05  3.07142668121684E-02
 7.959E-05  3.14743870505551E-02
 8.068E-05  3.22532640287171E-02
 8.178E-05  3.30513584615701E-02
 8.289E-05  3.38691422978371E-02
 8.403E-05  3.47070989907565E-02
 8.517E-05  3.55657237751881E-02
 8.634E-05  3.64455239512702E-02
 8.751E-05  3.73470191747616E-02
 8.871E-05  3.82707417542364E-02
 8.992E-05  3.92172369552829E-02
 9.115E-05  4.01870633118578E-02
 9.239E-05  4.11807929449723E-02
 9.365E-05  4.21990118888656E-02
 9.493E-05  4.32423204248421E-02
 9.623E-05  4.43113334229326E-02
 9.754E-05  4.54066806915848E-02
 9.887E-05  4.65290073355303E-02
 1.002E-04  4.76789741220243E-02
 1.016E-04  4.88572578556712E-02
 1.030E-04  5.00645517619850E-02
 1.044E-04  5.13015658799030E-02
 1.058E-04  5.25690274634740E-02
 1.073E-04  5.38676813928784E-02
 1.087E-04  5.51982905950278E-02
 1.102E-04  5.65616364739444E-02
 1.117E-04  5.79585193511267E-02
 1.132E-04  5.93897589161422E-02
 1.148E-04  6.08561946876580E-02
 1.163E-04  6.23586864851584E-02
 1.179E-04  6.38981149115471E-02
 1.195E-04  6.54753818469271E-02
 1.212E-04  6.70914109537581E-02
 1.228E-04  6.87471481936656E-02
 1.245E-04  7.04435623561510E-02
 1.262E-04  7.21816455994454E-02
 1.279E-04  7.39624140038139E-02
 1.297E-04  7.57869081375327E-02
 1.314E-04  7.76561936358329E-02
 1.332E-04  7.95713617931245E-02
 1.351E-04  8.15335301687073E-02
 1.369E-04  8.35438432063499E-02
 1.388E-04  8.56034728679852E-02
 1.407E-04  8.77136192818040E-02
 1.426E-04  8.98755114051235E-02
 1.445E-04  9.20904077022777E-02
 1.465E-04  9.43595968378830E-02
 1.485E-04  9.66843983858072E-02
 1.505E-04  9.90661635541486E-02
 1.526E-04  1.01506275926592E-01
 1.547E-04  1.04006152220478E-01
 1.568E-04  1.06567243061910E-01
 1.589E-04  1.09191033778303E-01
 1.611E-04  1.11879045208687E-01
 1.633E-04  1.14632834532169E-01
 1.655E-04  1.17453996114927E-01
 1.678E-04  1.20344162376083E-01
 1.701E-04  1.23305004672900E-01
 1.724E-04  1.26338234205653E-01
 1.748E-04  1.29445602942594E-01
 1.771E-04  1.32628904565422E-01
 1.796E-04  1.35889975435667E-01
 1.820E-04  1.39230695582415E-01
 1.845E-04  1.42652989711803E-01
 1.870E-04  1.46158828238710E-01
 1.896E-04  1.49750228341119E-01
 1.922E-04  1.53429255037554E-01
 1.948E-04  1.57198022288101E-01
 1.974E-04  1.61058694119426E-01
 2.001E-04  1.65013485774287E-01
 2.029E-04  1.69064664886064E-01
 2.056E-04  1.73214552678676E-01
 2.084E-04  1.77465525192496E-01
 2.113E-04  1.81820014536722E-01
 2.142E-04  1.86280510168677E-01
 2.171E-04  1.90849560200606E-01
 2.201E-04  1.95529772734455E-01
 2.231E-04  2.00323817225180E-01
 2.261E-04  2.05234425873128E-01
 2.292E-04  2.10264395045965E-01
 2.323E-04  2.15416586730842E-01
 2.355E-04  2.20693930017184E-01
 2.387E-04  2.26099422610788E-01
 2.420E-04  2.31636132379792E-01
 2.453E-04  2.37307198932966E-01
 2.486E-04  2.43115835231112E-01
 2.520E-04  2.49065329231966E-01
 2.555E-04  2.55159045569329E-01
 2.589E-04  2.61400427266975E-01
 2.625E-04  2.67792997487925E-01
 2.661E-04  2.74340361319796E-01
 2.697E-04  2.81046207596652E-01
 2.734E-04  2.87914310758234E-01
 2.771E-04  2.94948532747021E-01
 2.809E-04  3.02152824943741E-01
 2.847E-04  3.09531230142125E-01
 2.886E-04  3.17087884563418E-01
 2.926E-04  3.24827019911343E-01
 2.965E-04  3.32752965468116E-01
 3.006E-04  3.40870150232306E-01
 3.047E-04  3.49183105099018E-01
 3.089E-04  3.57696465083150E-01
 3.131E-04  3.66414971586497E-01
 3.174E-04  3.75343474709090E-01
 3.217E-04  3.84486935605717E-01
 3.261E-04  3.93850428888180E-01
 3.305E-04  4.03439145073868E-01
 3.350E-04  4.13258393081534E-01
 3.396E-04  4.23313602774719E-01
 3.442E-04  4.33610327553605E-01
 3.489E-04  4.44154246995983E-01
 3.537E-04  4.54951169547948E-01
 3.585E-04  4.66007035264963E-01
 3.634E-04  4.77327918604069E-01
 3.684E-04  4.88920031267698E-01
 3.734E-04  5.00789725099912E-01
 3.785E-04  5.12943495035656E-01
 3.837E-04  5.25387982103609E-01
 3.889E-04  5.38129976483326E-01
 3.942E-04  5.51176420617212E-01
 3.996E-04  5.64534412378045E-01
 4.051E-04  5.78211208292522E-01
 4.106E-04  5.92214226821550E-01
 4.162E-04  6.06551051697695E-01
 4.219E-04  6.21229435320407E-01
 4.277E-04  6.36257302209697E-01
 4.335E-04  6.51642752518588E-01
 4.394E-04  6.67394065604830E-01
 4.454E-04  6.83519703662751E-01
 4.515E-04  7.00028315415058E-01
 4.577E-04  7.16928739865602E-01
 4.639E-04  7.34230010113324E-01
 4.702E-04  7.51941357227544E-01
 4.767E-04  7.70072214185431E-01
 4.832E-04  7.88632219871482E-01
 4.898E-04  8.07631223139619E-01
 4.965E-04  8.27079286938125E-01
 5.032E-04  8.46986692497535E-01
 5.101E-04  8.67363943581736E-01
 5.171E-04  8.88221770802466E-01
 5.241E-04  9.09571135997239E-01
 5.313E-04  9.31423236670726E-01
 5.385E-04  9.53789510499788E-01
 5.459E-04  9.76681639901890E-01
 5.533E-04  1.00011155666679E+00
 5.609E-04  1.02409144665175E+00
 5.686E-04  1.04863375453949E+00
 5.763E-04  1.07375118865885E+00
 5.842E-04  1.09945672586811E+00
 5.922E-04  1.12576361650007E+00
 6.002E-04  1.15268538936860E+00
 6.084E-04  1.18023585683611E+00
 6.167E-04  1.20842911994160E+00
 6.252E-04  1.23727957358784E+00
 6.337E-04  1.26680191178738E+00
 6.423E-04  1.29701113296667E+00
 6.511E-04  1.32792254532669E+00
 6.600E-04  1.35955177225929E+00
 6.690E-04  1.39191475781831E+00
 6.782E-04  1.42502777224352E+00
 6.874E-04  1.45890741753650E+00
 6.968E-04  1.49357063308671E+00
 7.063E-04  1.52903470134594E+00
 7.160E-04  1.56531725354945E+00
 7.257E-04  1.60243627548183E+00
 7.356E-04  1.64041011328562E+00
 7.457E-04  1.67925747931015E+00
 7.559E-04  1.71899745799833E+00
 7.662E-04  1.75964951180913E+00
 7.766E-04  1.80123348717252E+00
 7.872E-04  1.84376962047422E+00
 7.980E-04  1.88727854406743E+00
 8.089E-04  1.93178129230776E+00
 8.199E-04  1.97729930760838E+00
 8.311E-04  2.02385444651130E+00
 8.425E-04  2.07146898577144E+00
 8.540E-04  2.12016562844890E+00
 8.656E-04  2.16996751000532E+00
 8.774E-04  2.22089820440003E+00
 8.894E-04  2.27298173018070E+00
 9.016E-04  2.32624255656401E+00
 9.139E-04  2.38070560950049E+00
 9.264E-04  2.43639627771861E+00
 9.390E-04  2.49334041874176E+00
 9.518E-04  2.55156436487205E+00
 9.648E-04  2.61109492913518E+00
 9.780E-04  2.67195941117860E+00
 9.913E-04  2.73418560311672E+00
 1.005E-03  2.79780179531576E+00
 1.019E-03  2.86283678211015E+00
 1.032E-03  2.92931986744268E+00
 1.047E-03  2.99728087042009E+00
 1.061E-03  3.06675013077538E+00
 1.075E-03  3.13775851422755E+00
 1.090E-03  3.21033741772908E+00
 1.105E-03  3.28451877459160E+00
 1.120E-03  3.36033505947950E+00
 1.135E-03  3.43781929326022E+00
 1.151E-03  3.51700504770044E+00
 1.167E-03  3.59792644999650E+00
 1.182E-03  3.68061818712645E+00
 1.199E-03  3.76511551001250E+00
 1.215E-03  3.85145423747907E+00
 1.232E-03  3.93967075999394E+00
 1.248E-03  4.02980204317883E+00
 1.265E-03  4.12188563107376E+00
 1.283E-03  4.21595964914088E+00
 1.300E-03  4.31206280699190E+00
 1.318E-03  4.41023440082298E+00
 1.336E-03  4.51051431554016E+00
 1.354E-03  4.61294302655862E+00
 1.373E-03  4.71756160125677E+00
 1.391E-03  4.82441170006739E+00
 1.410E-03  4.93353557718723E+00
 1.430E-03  5.04497608088376E+00
 1.449E-03  5.15877665337992E+00
 1.469E-03  5.27498133029558E+00
 1.489E-03  5.39363473962376E+00
 1.509E-03  5.51478210021958E+00
 1.530E-03  5.63846921977829E+00
 1.551E-03  5.76474249227954E+00
 1.572E-03  5.89364889487260E+00
 1.593E-03  6.02523598417843E+00
 1.615E-03  6.15955189198123E+00
 1.637E-03  6.29664532028467E+00
 1.660E-03  6.43656553570439E+00
 1.682E-03  6.57936236316867E+00
 1.705E-03  6.72508617889994E+00
 1.729E-03  6.87378790264580E+00
 1.752E-03  7.02551898913059E+00
 1.776E-03  7.18033141869612E+00
 1.800E-03  7.33827768709985E+00
 1.825E-03  7.49941079443873E+00
 1.850E-03  7.66378423316426E+00
 1.875E-03  7.83145197515638E+00
 1.901E-03  8.00246845782044E+00
 1.927E-03  8.17688856917221E+00
 1.953E-03  8.35476763187570E+00
 1.980E-03  8.53616138619563E+00
 2.007E-03  8.72112597182827E+00
 2.034E-03  8.90971790857246E+00
 2.062E-03  9.10199407580093E+00
 2.090E-03  9.29801169069408E+00
 2.118E-03  9.49782828519585E+00
 2.147E-03  9.70150168164958E+00
 2.177E-03  9.90908996707550E+00
 2.206E-03  1.01206514660456E+01
 2.236E-03  1.03362447121152E+01
 2.267E-03  1.05559284177681E+01
 2.298E-03  1.07797614428324E+01
 2.329E-03  1.10078027613242E+01
 2.361E-03  1.12401114266735E+01
 2.393E-03  1.14767465352910E+01
 2.426E-03  1.17177671884297E+01
 2.459E-03  1.19632324522974E+01
 2.493E-03  1.22132013163763E+01
 2.527E-03  1.24677326499035E+01
 2.561E-03  1.27268851564706E+01
 2.596E-03  1.29907173266953E+01
 2.632E-03  1.32592873889234E+01
 2.668E-03  1.35326532579149E+01
 2.704E-03  1.38108724814731E+01
 2.741E-03  1.40940021849727E+01
 2.778E-03  1.43820990137449E+01
 2.816E-03  1.46752190732769E+01
 2.855E-03  1.49734178671875E+01
 2.894E-03  1.52767502329351E+01
 2.933E-03  1.55852702752251E+01
 2.973E-03  1.58990312970739E+01
 3.014E-03  1.62180857284949E+01
 3.055E-03  1.65424850527752E+01
 3.097E-03  1.68722797303053E+01
 3.139E-03  1.72075191199360E+01
 3.182E-03  1.75482513978278E+01
 3.225E-03  1.78945234737712E+01
 3.269E-03  1.82463809049536E+01
 3.314E-03  1.86038678071464E+01
 3.359E-03  1.89670267632980E+01
 3.405E-03  1.93358987295188E+01
 3.452E-03  1.97105229384382E+01
 3.499E-03  2.00909367999346E+01
 3.546E-03  2.04771757992262E+01
 3.595E-03  2.08692733923245E+01
 3.644E-03  2.12672608988556E+01
 3.694E-03  2.16711673922532E+01
 3.744E-03  2.20810195873405E+01
 3.795E-03  2.24968417253174E+01
 3.847E-03  2.29186554561756E+01
 3.900E-03  2.33464797185731E+01
 3.953E-03  2.37803306172024E+01
 4.007E-03  2.42202212976952E+01
 4.061E-03  2.46661618191115E+01
 4.117E-03  2.51181590240703E+01
 4.173E-03  2.55762164065856E+01
 4.230E-03  2.60403339776757E+01
 4.288E-03  2.65105081288314E+01
 4.346E-03  2.69867314934270E+01
 4.406E-03  2.74689928061708E+01
 4.466E-03  2.79572767607065E+01
 4.527E-03  2.84515638654777E+01
 4.589E-03  2.89518302979819E+01
 4.651E-03  2.94580477575562E+01
 4.715E-03  2.99701833168383E+01
 4.779E-03  3.04881992720625E+01
 4.844E-03  3.10120529923673E+01
 4.911E-03  3.15416967682922E+01
 4.978E-03  3.20770776596647E+01
 5.046E-03  3.26181373430843E+01
 5.114E-03  3.31648119592294E+01
 5.184E-03  3.37170319602207E+01
 5.255E-03  3.42747219572950E+01
 5.327E-03  3.48378005690539E+01
 5.400E-03  3.54061802705691E+01
 5.473E-03  3.59797672436387E+01
 5.548E-03  3.65584612285098E+01
 5.624E-03  3.71421553773915E+01
 5.700E-03  3.77307361101051E+01
 5.778E-03  3.83240829722335E+01
 5.857E-03  3.89220684961430E+01
 5.937E-03  3.95245580652779E+01
 6.018E-03  4.01314097821393E+01
 6.100E-03  4.07424743403726E+01
 6.184E-03  4.13575949014186E+01
 6.268E-03  4.19766069761913E+01
 6.354E-03  4.25993383122606E+01
 6.440E-03  4.32256087870481E+01
 6.528E-03  4.38552303075511E+01
 6.617E-03  4.44880067171304E+01
 6.708E-03  4.51237337099172E+01
 6.799E-03  4.57621987534113E+01
 6.892E-03  4.64031810198577E+01
 6.986E-03  4.70464513270057E+01
 7.082E-03  4.76917720888743E+01
 7.178E-03  4.83388972771579E+01
 7.276E-03  4.89875723939285E+01
 7.376E-03  4.96375344562974E+01
 7.476E-03  5.02885119937190E+01
 7.578E-03  5.09402250586296E+01
 7.682E-03  5.15923852511270E+01
 7.787E-03  5.22446957584069E+01
 7.893E-03  5.28968514096797E+01
 8.001E-03  5.35485387473090E+01
 8.110E-03  5.41994361149021E+01
 8.221E-03  5.48492137631094E+01
 8.333E-03  5.54975339738775E+01
 8.447E-03  5.61440512039085E+01
 8.562E-03  5.67884122480789E+01
 8.679E-03  5.74302564235696E+01
 8.798E-03  5.80692157754474E+01
 8.918E-03  5.87049153044422E+01
 9.039E-03  5.93369732176477E+01
 9.163E-03  5.99650012028592E+01
 9.288E-03  6.05886047272578E+01
 9.415E-03  6.12073833611207E+01
 9.543E-03  6.18209311272197E+01
 9.674E-03  6.24288368765519E+01
 9.806E-03  6.30306846910082E+01
 9.940E-03  6.36260543135618E+01
 1.008E-02  6.42145216065181E+01
 1.021E-02  6.47956590383297E+01
 1.035E-02  6.53690361994389E+01
 1.049E-02  6.59342203475555E+01
 1.064E-02  6.64907769827325E+01
 1.078E-02  6.70382704525370E+01
 1.093E-02  6.75762645875633E+01
 1.108E-02  6.81043233674514E+01
 1.123E-02  6.86220116175186E+01
 1.138E-02  6.91288957360257E+01
 1.154E-02  6.96245444520161E+01
 1.170E-02  7.01085296135828E+01
 1.186E-02  7.05804270063240E+01
 1.202E-02  7.10398172016452E+01
 1.218E-02  7.14862864344655E+01
 1.235E-02  7.19194275097765E+01
 1.252E-02  7.23388407373790E+01
 1.269E-02  7.27441348940152E+01
 1.286E-02  7.31349282119724E+01
 1.304E-02  7.35108493931121E+01
 1.321E-02  7.38715386471406E+01
 1.339E-02  7.42166487527850E+01
 1.358E-02  7.45458461404060E+01
 1.376E-02  7.48588119944108E+01
 1.395E-02  7.51552433736829E+01
 1.414E-02  7.54348543480794E+01
 1.433E-02  7.56973771488787E+01
 1.453E-02  7.59425633308978E+01
 1.473E-02  7.61701849438191E+01
 1.493E-02  7.63800357100934E+01
 1.513E-02  7.65719322066097E+01
 1.534E-02  7.67457150471334E+01
 1.555E-02  7.69012500623492E+01
 1.576E-02  7.70384294741406E+01
 1.598E-02  7.71571730605735E+01
 1.619E-02  7.72574293078636E+01
 1.642E-02  7.73391765454210E+01
 1.664E-02  7.74024240598971E+01
 1.687E-02  7.74472131839763E+01
 1.710E-02  7.74736183554882E+01
 1.733E-02  7.74817481422481E+01
 1.757E-02  7.74717462278764E+01
 1.781E-02  7.74437923536901E+01
 1.805E-02  7.73981032116237E+01
 1.830E-02  7.73349332829946E+01
 1.855E-02  7.72545756178105E+01
 1.880E-02  7.71573625491994E+01
 1.906E-02  7.70436663374512E+01
 1.932E-02  7.69138997380747E+01
 1.958E-02  7.67685164882016E+01
 1.985E-02  7.66080117056305E+01
 2.012E-02  7.64329221947661E+01
 2.039E-02  7.62438266537004E+01
 2.067E-02  7.60413457767015E+01
 2.095E-02  7.58261422464017E+01
 2.124E-02  7.55989206100480E+01
 2.153E-02  7.53604270342608E+01
 2.182E-02  7.51114489328599E+01
 2.212E-02  7.48528144624681E+01
 2.242E-02  7.45853918807740E+01
 2.273E-02  7.43100887625418E+01
 2.304E-02  7.40278510687003E+01
 2.335E-02  7.37396620641164E+01
 2.367E-02  7.34465410799666E+01
 2.400E-02  7.31495421169702E+01
 2.432E-02  7.28497522861271E+01
 2.466E-02  7.25482900840294E+01
 2.499E-02  7.22463035002729E+01
 2.533E-02  7.19449679549926E+01
 2.568E-02  7.16454840650882E+01
 2.603E-02  7.13490752382782E+01
 2.639E-02  7.10569850947405E+01
 2.675E-02  7.07704747167518E+01
 2.711E-02  7.04908197274286E+01
 2.748E-02  7.02193072004067E+01
 2.786E-02  6.99572324030618E+01
 2.824E-02  6.97058953766715E+01
 2.862E-02  6.94665973577618E+01
 2.901E-02  6.92406370457395E+01
 2.941E-02  6.90293067228148E+01
 2.981E-02  6.88338882331364E+01
 3.022E-02  6.86556488290123E+01
 3.063E-02  6.84958368930557E+01
 3.105E-02  6.83556775460812E+01
 3.147E-02  6.82363681515788E+01
 3.190E-02  6.81390737286016E+01
 3.234E-02  6.80649222859189E+01
 3.278E-02  6.80150000913045E+01
 3.323E-02  6.79903468908417E+01
 3.368E-02  6.79919510941320E+01
 3.414E-02  6.80207449422802E+01
 3.461E-02  6.80775996765031E+01
 3.508E-02  6.81633207261415E+01
 3.556E-02  6.82786429357737E+01
 3.604E-02  6.84242258519894E+01
 3.654E-02  6.86006490912100E+01
 3.703E-02  6.88084078107047E+01
 3.754E-02  6.90479083056654E+01
 3.805E-02  6.93194637558359E+01
 3.857E-02  6.96232901457574E+01
 3.910E-02  6.99595023831719E+01
 3.963E-02  7.03281106405119E+01
 4.017E-02  7.07290169446961E+01
 4.072E-02  7.11620120406344E+01
 4.128E-02  7.16267725539149E+01
 4.184E-02  7.21228584780935E+01
 4.241E-02  7.26497110118326E+01
 4.299E-02  7.32066507708135E+01
 4.358E-02  7.37928763988984E+01
 4.417E-02  7.44074636024124E+01
 4.478E-02  7.50493646306566E+01
 4.539E-02  7.57174082248539E+01
 4.601E-02  7.64103000566449E+01
 4.664E-02  7.71266236760099E+01
 4.727E-02  7.78648419870747E+01
 4.792E-02  7.86232992686698E+01
 4.857E-02  7.94002237547474E+01
 4.924E-02  8.01937307878236E+01
 4.991E-02  8.10018265564952E+01
 5.059E-02  8.18224124257950E+01
 5.128E-02  8.26532898666866E+01
 5.198E-02  8.34921659883724E+01
 5.269E-02  8.43366596742944E+01
 5.341E-02  8.51843083197594E+01
 5.414E-02  8.60325751660164E+01
 5.488E-02  8.68788572223753E+01
 5.563E-02  8.77204937645783E+01
 5.639E-02  8.85547753941403E+01
 5.716E-02  8.93789536397742E+01
 5.794E-02  9.01902510783179E+01
 5.873E-02  9.09858719488056E+01
 5.953E-02  9.17630132294928E+01
 6.034E-02  9.25188761437638E+01
 6.116E-02  9.32506780569563E+01
 6.200E-02  9.39556647222333E+01
 6.285E-02  9.46311228297588E+01
 6.370E-02  9.52743928096038E+01
 6.457E-02  9.58828818350503E+01
 6.546E-02  9.64540769693038E+01
 6.635E-02  9.69855583950944E+01
 6.725E-02  9.74750126632713E+01
 6.817E-02  9.79202458933083E+01
 6.910E-02  9.83191968556675E+01
 7.005E-02  9.86699498632453E+01
 7.100E-02  9.89707473966852E+01
 7.197E-02  9.92200023862125E+01
 7.296E-02  9.94163100708671E+01
 7.395E-02  9.95584593546030E+01
 7.496E-02  9.96454435777354E+01
 7.598E-02  9.96764706216628E+01
 7.702E-02  9.96509722647168E+01
 7.807E-02  9.95686127074191E+01
 7.914E-02  9.94292961863837E+01
 8.022E-02  9.92331735976221E+01
 8.132E-02  9.89806480521060E+01
 8.243E-02  9.86723792891543E+01
 8.355E-02  9.83092868765380E+01
 8.469E-02  9.78925521301710E+01
 8.585E-02  9.74236186908821E+01
 8.702E-02  9.69041917010489E+01
 8.821E-02  9.63362355298300E+01
 8.941E-02  9.57219700023489E+01
 9.063E-02  9.50638650954609E+01
 9.187E-02  9.43646340706576E+01
 9.312E-02  9.36272250232116E+01
 9.440E-02  9.28548108358229E+01
 9.568E-02  9.20507775347507E+01
 9.699E-02  9.12187110566746E+01
 9.831E-02  9.03623824452767E+01
 9.966E-02  8.94857315077152E+01
 1.010E-01  8.85928489727122E+01
 1.024E-01  8.76879572038401E+01
 1.038E-01  8.67753895336728E+01
 1.052E-01  8.58595682967042E+01
 1.066E-01  8.49449816512215E+01
 1.081E-01  8.40361592925678E+01
 1.096E-01  8.31376471723336E+01
 1.111E-01  8.22539813498655E+01
 1.126E-01  8.13896611139705E+01
 1.141E-01  8.05491215237003E+01
 1.157E-01  7.97367055275098E+01
 1.173E-01  7.89566358297758E+01
 1.189E-01  7.82129866825110E+01
 1.205E-01  7.75096557880022E+01
 1.221E-01  7.68503365049188E+01
 1.238E-01  7.62384905560633E+01
 1.255E-01  7.56773214402667E+01
 1.272E-01  7.51697487538575E+01
 1.289E-01  7.47183836285701E+01
 1.307E-01  7.43255054926069E+01
 1.325E-01  7.39930403597714E+01
 1.343E-01  7.37225408480578E+01
 1.361E-01  7.35151681237967E+01
 1.380E-01  7.33716759603432E+01
 1.399E-01  7.32923970913614E+01
 1.418E-01  7.32772320279769E+01
 1.437E-01  7.33256404964581E+01
 1.457E-01  7.34366356386713E+01
 1.477E-01  7.36087811013723E+01
 1.497E-01  7.38401911225242E+01
 1.517E-01  7.41285337033355E+01
 1.538E-01  7.44710369337106E+01
 1.559E-01  7.48644985164134E+01
 1.580E-01  7.53052985116090E+01
 1.602E-01  7.57894152987337E+01
 1.624E-01  7.63124447270346E+01
 1.646E-01  7.68696223998196E+01
 1.668E-01  7.74558490106823E+01
 1.691E-01  7.80657186229614E+01
 1.714E-01  7.86935497566931E+01
 1.738E-01  7.93334191205982E+01
 1.761E-01  7.99791978004613E+01
 1.785E-01  8.06245896898965E+01
 1.810E-01  8.12631719252206E+01
 1.834E-01  8.18884370632415E+01
 1.860E-01  8.24938367194891E+01
 1.885E-01  8.30728263650224E+01
 1.911E-01  8.36189109626869E+01
 1.937E-01  8.41256911087927E+01
 1.963E-01  8.45869093338571E+01
 1.990E-01  8.49964962064788E+01
 2.017E-01  8.53486158777477E+01
 2.045E-01  8.56377106999904E+01
 2.073E-01  8.58585445531828E+01
 2.101E-01  8.60062445151370E+01
 2.130E-01  8.60763405175898E+01
 2.159E-01  8.60648026396313E+01
 2.188E-01  8.59680757024604E+01
 2.218E-01  8.57831108452022E+01
 2.248E-01  8.55073937803748E+01
 2.279E-01  8.51389694494336E+01
 2.310E-01  8.46764628235109E+01
 2.342E-01  8.41190956218233E+01
 2.374E-01  8.34666987500595E+01
 2.406E-01  8.27197202931476E+01
 2.439E-01  8.18792289309172E+01
 2.472E-01  8.09469126810333E+01
 2.506E-01  7.99250729109398E+01
 2.540E-01  7.88166135990991E+01
 2.575E-01  7.76250258652613E+01
 2.610E-01  7.63543678295304E+01
 2.646E-01  7.50092399002893E+01
 2.682E-01  7.35947556312734E+01
 2.718E-01  7.21165083279100E+01
 2.755E-01  7.05805336221256E+01
 2.793E-01  6.89932682728106E+01
 2.831E-01  6.73615054856864E+01
 2.870E-01  6.56923470810748E+01
 2.909E-01  6.39931528706781E+01
 2.949E-01  6.22714876345904E+01
 2.989E-01  6.05350661170133E+01
 3.030E-01  5.87916964832181E+01
 3.071E-01  5.70492227008251E+01
 3.113E-01  5.53154663251545E+01
 3.156E-01  5.35981681809322E+01
 3.199E-01  5.19049304407228E+01
 3.242E-01  5.02431596038798E+01
 3.287E-01  4.86200108783177E+01
 3.331E-01  4.70423344608759E+01
 3.377E-01  4.55166242003403E+01
 3.423E-01  4.40489691102687E+01
 3.470E-01  4.26450081766593E+01
 3.517E-01  4.13098888783006E+01
 3.565E-01  4.00482298055393E+01
 3.614E-01  3.88640877264694E+01
 3.663E-01  3.77609294085424E+01
 3.713E-01  3.67416084587780E+01
 3.764E-01  3.58083473976333E+01
 3.815E-01  3.49627251307829E+01
 3.867E-01  3.42056699301893E+01
 3.920E-01  3.35374579816163E+01
 3.974E-01  3.29577175008256E+01
 4.028E-01  3.24654383657905E+01
 4.083E-01  3.20589871580112E+01
 4.139E-01  3.17361274530262E+01
 4.195E-01  3.14940451490248E+01
 4.252E-01  3.13293785735764E+01
 4.311E-01  3.12382530623215E+01
 4.369E-01  3.12163196604152E+01
 4.429E-01  3.12587975579281E+01
 4.489E-01  3.13605198346415E+01
 4.551E-01  3.15159820580542E+01
 4.613E-01  3.17193932512974E+01
 4.676E-01  3.19647287253710E+01
 4.740E-01  3.22457842530145E+01
 4.804E-01  3.25562310499266E+01
 4.870E-01  3.28896710232365E+01
 4.936E-01  3.32396917473406E+01
 5.004E-01  3.35999206336015E+01
 5.072E-01  3.39640777730269E+01
 5.141E-01  3.43260269498575E+01
 5.212E-01  3.46798243488447E+01
 5.283E-01  3.50197645096042E+01
 5.355E-01  3.53404231174040E+01
 5.428E-01  3.56366962605889E+01
 5.502E-01  3.59038358299410E+01
 5.577E-01  3.61374807839606E+01
 5.653E-01  3.63336840555552E+01
 5.731E-01  3.64889349291564E+01
 5.809E-01  3.66001767719965E+01
 5.888E-01  3.66648200583465E+01
 5.969E-01  3.66807506800921E+01
 6.050E-01  3.66463335903130E+01
 6.133E-01  3.65604118777694E+01
 6.216E-01  3.64223014186882E+01
 6.301E-01  3.62317812973551E+01
 6.387E-01  3.59890802282185E+01
 6.474E-01  3.56948592490367E+01
 6.563E-01  3.53501909867121E+01
 6.652E-01  3.49565358245716E+01
 6.743E-01  3.45157153218454E+01
 6.835E-01  3.40298832528645E+01
 6.929E-01  3.35014946450966E+01
 7.023E-01  3.29332732016522E+01
 7.119E-01  3.23281774955186E+01
 7.216E-01  3.16893663197468E+01
 7.315E-01  3.10201635704428E+01
 7.415E-01  3.03240230280311E+01
 7.516E-01  2.96044933872545E+01
 7.618E-01  2.88651838681441E+01
 7.723E-01  2.81097307191624E+01
 7.828E-01  2.73417649003078E+01
 7.935E-01  2.65648812085911E+01
 8.043E-01  2.57826090813702E+01
 8.153E-01  2.49983852849512E+01
 8.264E-01  2.42155286670159E+01
 8.377E-01  2.34372171221706E+01
 8.491E-01  2.26664668905713E+01
 8.607E-01  2.19061142804665E+01
 8.725E-01  2.11587998769072E+01
 8.844E-01  2.04269552710527E+01
 8.965E-01  1.97127923176996E+01
 9.087E-01  1.90182949030865E+01
 9.211E-01  1.83452131808692E+01
 9.337E-01  1.76950602115994E+01
 9.464E-01  1.70691109202183E+01
 9.594E-01  1.64684032671250E+01
 9.725E-01  1.58937415114175E+01
 9.857E-01  1.53457014300090E+01
 9.992E-01  1.48246373435740E+01
 1.013E+00  1.43306907897184E+01
 1.027E+00  1.38638006754144E+01
 1.041E+00  1.34237147345997E+01
 1.055E+00  1.30100021128748E+01
 1.069E+00  1.26220668993870E+01
 1.084E+00  1.22591624261871E+01
 1.099E+00  1.19204061574694E+01
 1.114E+00  1.16047949950284E+01
 1.129E+00  1.13112208318364E+01
 1.144E+00  1.10384861926877E+01
 1.160E+00  1.07853198091937E+01
 1.176E+00  1.05503919858545E+01
 1.192E+00  1.03323296242853E+01
 1.208E+00  1.01297307837598E+01
 1.225E+00  9.94117866785095E+00
 1.241E+00  9.76525493895667E+00
 1.258E+00  9.60055227470989E+00
 1.275E+00  9.44568609257116E+00
 1.293E+00  9.29930538114513E+00
 1.310E+00  9.16010258884478E+00
 1.328E+00  9.02682253234702E+00
 1.347E+00  8.89827029875346E+00
 1.365E+00  8.77331812641319E+00
 1.384E+00  8.65091125991079E+00
 1.402E+00  8.53007278471083E+00
 1.422E+00  8.40990745632386E+00
 1.441E+00  8.28960454756951E+00
 1.461E+00  8.16843974551335E+00
 1.481E+00  8.04577613691034E+00
 1.501E+00  7.92106432746429E+00
 1.521E+00  7.79384174588657E+00
 1.542E+00  7.66373118859047E+00
 1.563E+00  7.53043866488056E+00
 1.584E+00  7.39375060568982E+00
 1.606E+00  7.25353050128827E+00
 1.628E+00  7.10971503495418E+00
 1.650E+00  6.96230978038803E+00
 1.673E+00  6.81138453069531E+00
 1.696E+00  6.65706832610921E+00
 1.719E+00  6.49954424631748E+00
 1.742E+00  6.33904403135359E+00
 1.766E+00  6.17584259257145E+00
 1.790E+00  6.01025247230691E+00
 1.815E+00  5.84261830750432E+00
 1.839E+00  5.67331134891808E+00
 1.864E+00  5.50272408355315E+00
 1.890E+00  5.33126500384949E+00
 1.916E+00  5.15935356280600E+00
 1.942E+00  4.98741534983723E+00
 1.968E+00  4.81587751771850E+00
 1.995E+00  4.64516448655011E+00
 2.022E+00  4.47569394630728E+00
 2.050E+00  4.30787317527883E+00
 2.078E+00  4.14209568757082E+00
 2.106E+00  3.97873821889237E+00
 2.135E+00  3.81815805607422E+00
 2.164E+00  3.66069071221969E+00
 2.194E+00  3.50664794606639E+00
 2.224E+00  3.35631612106073E+00
 2.254E+00  3.20995489682324E+00
 2.285E+00  3.06779624311794E+00
 2.316E+00  2.93004376413571E+00
 2.348E+00  2.79687231886222E+00
 2.380E+00  2.66842792152226E+00
 2.412E+00  2.54482790457301E+00
 2.445E+00  2.42616132545434E+00
 2.479E+00  2.31248959728872E+00
 2.513E+00  2.20384732295134E+00
 2.547E+00  2.10024331139441E+00
 2.582E+00  2.00166175480148E+00
 2.617E+00  1.90806354505816E+00
 2.653E+00  1.81938770814546E+00
 2.689E+00  1.73555293538149E+00
 2.725E+00  1.65645919094277E+00
 2.763E+00  1.58198937577742E+00
 2.800E+00  1.51201102886323E+00
 2.839E+00  1.44637804774959E+00
 2.877E+00  1.38493241143571E+00
 2.917E+00  1.32750588986157E+00
 2.956E+00  1.27392172560112E+00
 2.997E+00  1.22399627473015E+00
 3.038E+00  1.17754059527150E+00
 3.079E+00  1.13436197307567E+00
 3.121E+00  1.09426537645339E+00
 3.164E+00  1.05705483231655E+00
 3.207E+00  1.02253471798454E+00
 3.251E+00  9.90510964155363E-01
 3.295E+00  9.60792165809010E-01
 3.340E+00  9.33190598989917E-01
 3.386E+00  9.07523142496151E-01
 3.432E+00  8.83612104477371E-01
 3.479E+00  8.61285954808167E-01
 3.526E+00  8.40379964857237E-01
 3.575E+00  8.20736756918501E-01
 3.623E+00  8.02206766112400E-01
 3.673E+00  7.84648618011205E-01
 3.723E+00  7.67929425599398E-01
 3.774E+00  7.51925009458395E-01
 3.825E+00  7.36520045273487E-01
 3.878E+00  7.21608142909479E-01
 3.930E+00  7.07091861399199E-01
 3.984E+00  6.92882664244034E-01
 4.039E+00  6.78900819445543E-01
 4.094E+00  6.65075248678270E-01
 4.150E+00  6.51343329981701E-01
 4.206E+00  6.37650658298181E-01
 4.264E+00  6.23950768117091E-01
 4.322E+00  6.10204822406363E-01
 4.381E+00  5.96381271922513E-01
 4.441E+00  5.82455488891147E-01
 4.501E+00  5.68409378942471E-01
 4.563E+00  5.54230975071217E-01
 4.625E+00  5.39914017268144E-01
 4.688E+00  5.25457521341044E-01
 4.752E+00  5.10865340307262E-01
 4.817E+00  4.96145721597192E-01
 4.883E+00  4.81310863159312E-01
 4.950E+00  4.66376471402196E-01
 5.017E+00  4.51361323747856E-01
 5.086E+00  4.36286838404109E-01
 5.155E+00  4.21176653791766E-01
 5.225E+00  4.06056219885786E-01
 5.297E+00  3.90952403548607E-01
 5.369E+00  3.75893109749342E-01
 5.442E+00  3.60906920374869E-01
 5.517E+00  3.46022752148860E-01
 5.592E+00  3.31269534983182E-01
 5.668E+00  3.16675911893438E-01
 5.746E+00  3.02269961417750E-01
 5.824E+00  2.88078943285744E-01
 5.904E+00  2.74129067894134E-01
 5.984E+00  2.60445289957026E-01
 6.066E+00  2.47051126514050E-01
 6.149E+00  2.33968499298592E-01
 6.233E+00  2.21217601292595E-01
 6.318E+00  2.08816787124732E-01
 6.404E+00  1.96782486806097E-01
 6.491E+00  1.85129142142937E-01
 6.580E+00  1.73869165020370E-01
 6.670E+00  1.63012916615472E-01
 6.761E+00  1.52568706473524E-01
 6.853E+00  1.42542810268493E-01
 6.947E+00  1.32939504968856E-01
 7.042E+00  1.23761120043446E-01
 7.138E+00  1.15008103269784E-01
 7.235E+00  1.06679099649913E-01
 7.334E+00  9.87710418965222E-02
 7.434E+00  9.12792509254306E-02
 7.536E+00  8.41975447793423E-02
 7.639E+00  7.75183544122245E-02
 7.743E+00  7.12328447833095E-02
 7.849E+00  6.53310397442353E-02
 7.956E+00  5.98019492514945E-02
 8.064E+00  5.46336974983634E-02
 8.174E+00  4.98136506347443E-02
 8.286E+00  4.53285428287347E-02
 8.399E+00  4.11645995188604E-02
 8.514E+00  3.73076568092996E-02
 8.630E+00  3.37432760704972E-02
 8.748E+00  3.04568529226688E-02
 8.867E+00  2.74337198981170E-02
 8.988E+00  2.46592421983161E-02
 9.111E+00  2.21189060816708E-02
 9.235E+00  1.97983995360807E-02
 9.362E+00  1.76836850053882E-02
 9.489E+00  1.57610640490019E-02
 9.619E+00  1.40172339181779E-02
 9.750E+00  1.24393361294260E-02
 9.883E+00  1.10149972043359E-02
 1.002E+01  9.73236182499868E-03
 1.016E+01  8.58011872452323E-03
 1.029E+01  7.54751969253206E-03
 1.043E+01  6.62439212576246E-03
 1.058E+01  5.80114559398664E-03
 1.072E+01  5.06877292156513E-03
 1.087E+01  4.41884630539847E-03
 1.102E+01  3.84350900132162E-03
 1.117E+01  3.33546311369388E-03
 1.132E+01  2.88795401779749E-03
 1.147E+01  2.49475193246243E-03
 1.163E+01  2.15013114193845E-03
 1.179E+01  1.84884734233420E-03
 1.195E+01  1.58611355984517E-03
 1.211E+01  1.35757505640493E-03
 1.228E+01  1.15928360419742E-03
 1.245E+01  9.87671474505960E-04
 1.262E+01  8.39525449437837E-04
 1.279E+01  7.11961127870866E-04
 1.296E+01  6.02397760177697E-04
 1.314E+01  5.08533810462191E-04
 1.332E+01  4.28323410678974E-04
 1.350E+01  3.59953838506427E-04
 1.368E+01  3.01824120524668E-04
 1.387E+01  2.52524834354056E-04
 1.406E+01  2.10819158100279E-04
 1.425E+01  1.75625192821464E-04
 1.445E+01  1.45999563812565E-04
 1.464E+01  1.21122289265460E-04
 1.484E+01  1.00282890235311E-04
 1.505E+01  8.28677037101782E-05
 1.525E+01  6.83483507944478E-05
 1.546E+01  5.62713044055926E-05
 1.567E+01  4.62484952588483E-05
 1.589E+01  3.79488910749648E-05
 1.610E+01  3.10909816874416E-05
 1.632E+01  2.54361018423358E-05
 1.655E+01  2.07825237753995E-05
 1.677E+01  1.69602529259711E-05
 1.700E+01  1.38264622235253E-05
 1.723E+01  1.12615030938091E-05
 1.747E+01  9.16543452419770E-06
 1.771E+01  7.45501506546574E-06
 1.795E+01  6.06110640890854E-06
 1.819E+01  4.92644105901507E-06
 1.844E+01  4.00371053391471E-06
 1.869E+01  3.25393439457299E-06
 1.895E+01  2.64507416921575E-06
 1.921E+01  2.15085985447211E-06
 1.947E+01  1.74980010366385E-06
 1.974E+01  1.42435043011272E-06
 2.000E+01  1.16021674277777E-06
 2.028E+01  9.45774284191501E-07
 2.055E+01  7.71584553981306E-07
 2.084E+01  6.29995078746375E-07
 2.112E+01  5.14814172244581E-07
 2.141E+01  4.21074116172751E-07
 2.170E+01  3.44706327778486E-07
 2.200E+01  2.82420070180383E-07
 2.230E+01  2.31558512034629E-07
 2.260E+01  1.89976330454019E-07
 2.291E+01  1.55940516010356E-07
 2.322E+01  1.28050164602576E-07
 2.354E+01  1.05171754715172E-07
 2.386E+01  8.63870139877674E-08
 2.419E+01  7.09509896186576E-08
 2.452E+01  5.82583656464611E-08
 2.485E+01  4.78164280114954E-08
 2.519E+01  3.92233756905556E-08
 2.554E+01  3.21509221586894E-08
 2.588E+01  2.63303338981635E-08
 2.624E+01  2.15412185720718E-08
 2.660E+01  1.76025108031219E-08
 2.696E+01  1.43652134009975E-08
 2.733E+01  1.17065407648443E-08
 2.770E+01  9.52518278259227E-09
 2.808E+01  7.73746499993506E-09
 2.846E+01  6.27422677029843E-09
 2.885E+01  5.07827571175442E-09
 2.924E+01  4.10230589655949E-09
 2.964E+01  3.30719026993925E-09
 3.005E+01  2.66057605037737E-09
 3.046E+01  2.13572628910013E-09
 3.087E+01  1.71056215676569E-09
 3.130E+01  1.36686951877080E-09
 3.172E+01  1.08964046657574E-09
 3.216E+01  8.66526095719761E-10
 3.259E+01  6.87381281638067E-10
 3.304E+01  5.43885753731700E-10
 3.349E+01  4.29228603672653E-10
 3.395E+01  3.37845639739775E-10
 3.441E+01  2.65200835071299E-10
 3.488E+01  2.07604607342057E-10
 3.536E+01  1.62062882906239E-10
 3.584E+01  1.26151896060417E-10
 3.633E+01  9.79144974077218E-11
 3.683E+01  7.57744283142607E-11
 3.733E+01  5.84655876882201E-11
 3.784E+01  4.49737936297346E-11
 3.835E+01  3.44889423739011E-11
 3.888E+01  2.63658035045115E-11
 3.941E+01  2.00919741928608E-11
 3.995E+01  1.52617547581052E-11
 4.049E+01  1.15549101419316E-11
 4.104E+01  8.71945271014357E-12
 4.161E+01  6.55772593993375E-12
 4.217E+01  4.91519005286432E-12
 4.275E+01  3.67141291109588E-12
 4.333E+01  2.73285539484174E-12
 4.392E+01  2.02711248203702E-12
 4.452E+01  1.49833145862444E-12
 4.513E+01  1.10357889869881E-12
 4.575E+01  8.09969809029039E-13
 4.637E+01  5.92406951954405E-13
 4.701E+01  4.31806973649771E-13
 4.765E+01  3.13713536172583E-13
 4.830E+01  2.27217004331888E-13
 4.896E+01  1.64116072171672E-13
 4.963E+01  1.18269622513938E-13
 5.030E+01  8.50975987915814E-14
 5.099E+01  6.11981547912874E-14
 5.169E+01  4.40551908490729E-14
 5.239E+01  3.18158827300984E-14
 5.311E+01  2.31222110963118E-14
 5.383E+01  1.69840129970760E-14
 5.457E+01  1.26838756063680E-14
 5.531E+01  9.70642164730748E-15
 5.607E+01  0.00000000000000E+00
 5.683E+01  0.00000000000000E+00
 5.761E+01  0.00000000000000E+00
 5.839E+01  0.00000000000000E+00
 5.919E+01  0.00000000000000E+00
 6.000E+01  0.00000000000000E+00
