line2: Z,NR,R(1),R(NR) /line3,4,...: R(N),RHO*4*PI*R(N)**2
25.00  2000  1.01365245284744E-10  6.00000000000000E+01
 1.014E-10  2.60995790315938E-15
 1.027E-10  2.68048878426087E-15
 1.042E-10  2.75292567510105E-15
 1.056E-10  2.87673637530743E-15
 1.070E-10  2.95447661432412E-15
 1.085E-10  3.03431768705063E-15
 1.100E-10  3.11631636591854E-15
 1.115E-10  3.20053095756142E-15
 1.130E-10  3.28702134427875E-15
 1.145E-10  3.37584902661460E-15
 1.161E-10  3.46707716708915E-15
 1.177E-10  3.56077063511145E-15
 1.193E-10  3.65699605310590E-15
 1.209E-10  3.75582184388576E-15
 1.226E-10  3.85731827930584E-15
 1.242E-10  3.96155753023078E-15
 1.259E-10  4.06861371785361E-15
 1.276E-10  4.17856296640063E-15
 1.294E-10  4.29148345726141E-15
 1.312E-10  4.40745548458055E-15
 1.329E-10  4.52656151235241E-15
 1.348E-10  4.64888623305872E-15
 1.366E-10  4.77451662789079E-15
 1.385E-10  4.90354202859896E-15
 1.404E-10  5.03605418101327E-15
 1.423E-10  5.17214731028130E-15
 1.442E-10  5.31191818786870E-15
 1.462E-10  5.45546620036995E-15
 1.482E-10  5.60289342017929E-15
 1.502E-10  5.75430467807092E-15
 1.523E-10  5.90980763774095E-15
 1.543E-10  6.06951287236371E-15
 1.564E-10  6.23353394321630E-15
 1.586E-10  6.40198748042901E-15
 1.607E-10  6.57499326591711E-15
 1.629E-10  6.75267431855306E-15
 1.652E-10  6.93515698164260E-15
 1.674E-10  7.12257101276322E-15
 1.697E-10  7.31504967602931E-15
 1.720E-10  7.51272983685352E-15
 1.744E-10  7.71575205926685E-15
 1.767E-10  7.92426070586882E-15
 1.792E-10  8.13840404047948E-15
 1.816E-10  8.35833433356544E-15
 1.841E-10  8.58420797051365E-15
 1.866E-10  8.81618556283247E-15
 1.891E-10  9.05443206235752E-15
 1.917E-10  9.29911687854349E-15
 1.943E-10  9.55041399892574E-15
 1.970E-10  9.80850211283752E-15
 1.997E-10  1.00735647384698E-14
 2.024E-10  1.03457903533650E-14
 2.052E-10  1.06253725284386E-14
 2.080E-10  1.09125100656200E-14
 2.108E-10  1.12074071392139E-14
 2.137E-10  1.15102734410836E-14
 2.166E-10  1.18213243297548E-14
 2.196E-10  1.21407809835507E-14
 2.226E-10  1.24688705578647E-14
 2.256E-10  1.28058263466839E-14
 2.287E-10  1.31518879484758E-14
 2.318E-10  1.35073014365601E-14
 2.350E-10  1.38723195340833E-14
 2.382E-10  1.42472017937212E-14
 2.414E-10  1.46322147822405E-14
 2.447E-10  1.50276322700432E-14
 2.481E-10  1.54337354258378E-14
 2.515E-10  1.58508130165698E-14
 2.549E-10  1.62791616127522E-14
 2.584E-10  1.67190857993505E-14
 2.619E-10  1.71708983923610E-14
 2.655E-10  1.76349206612434E-14
 2.691E-10  1.81114825573691E-14
 2.728E-10  1.86009229486352E-14
 2.765E-10  1.91035898604230E-14
 2.803E-10  1.96198407230708E-14
 2.841E-10  2.01500426260287E-14
 2.880E-10  2.06945725788828E-14
 2.919E-10  2.12538177794375E-14
 2.959E-10  2.18281758890383E-14
 2.999E-10  2.24180553153366E-14
 3.040E-10  2.30238755026930E-14
 3.082E-10  2.36460672304339E-14
 3.124E-10  2.42850729191634E-14
 3.166E-10  2.49413469453518E-14
 3.210E-10  2.56153559644343E-14
 3.253E-10  2.63075792426296E-14
 3.298E-10  2.70185089977310E-14
 3.343E-10  2.77486507491097E-14
 3.389E-10  2.84985236771717E-14
 3.435E-10  2.92686609925297E-14
 3.482E-10  3.00596103151529E-14
 3.529E-10  3.08719340637610E-14
 3.577E-10  3.17062098557444E-14
 3.626E-10  3.25630309178870E-14
 3.676E-10  3.34430065081902E-14
 3.726E-10  3.43467623491007E-14
 3.777E-10  3.52749410724379E-14
 3.828E-10  3.62282026763501E-14
 3.881E-10  3.72072249946175E-14
 3.934E-10  3.82127041786395E-14
 3.987E-10  3.92453551924450E-14
 4.042E-10  4.03059123210775E-14
 4.097E-10  4.13951296927256E-14
 4.153E-10  4.25137818149590E-14
 4.210E-10  4.36626641254516E-14
 4.267E-10  4.48425935575984E-14
 4.325E-10  4.60544091214076E-14
 4.384E-10  4.72989725000897E-14
 4.444E-10  4.85771686627791E-14
 4.505E-10  4.98899064938030E-14
 4.566E-10  5.12381194389635E-14
 4.629E-10  5.26227661692778E-14
 4.692E-10  5.40448312626567E-14
 4.756E-10  5.55053259040122E-14
 4.821E-10  5.70052886042754E-14
 4.887E-10  5.85457859388507E-14
 4.953E-10  6.01279133060179E-14
 5.021E-10  6.17527957058354E-14
 5.090E-10  6.34215885401017E-14
 5.159E-10  6.51354784339107E-14
 5.230E-10  6.68956840794305E-14
 5.301E-10  6.87034571024758E-14
 5.373E-10  7.05600829524980E-14
 5.447E-10  7.24668818166284E-14
 5.521E-10  7.44252095584159E-14
 5.596E-10  7.64364586819423E-14
 5.673E-10  7.85020593219911E-14
 5.750E-10  8.06234802609610E-14
 5.829E-10  8.28022299732735E-14
 5.908E-10  8.50398576980059E-14
 5.989E-10  8.73379545405033E-14
 6.071E-10  8.96981546037530E-14
 6.154E-10  9.21221361503549E-14
 6.238E-10  9.46116227958808E-14
 6.323E-10  9.71683847344632E-14
 6.409E-10  9.97942399975515E-14
 6.497E-10  1.02491055746637E-13
 6.585E-10  1.05260749600927E-13
 6.675E-10  1.08105291000926E-13
 6.766E-10  1.11026702608817E-13
 6.859E-10  1.14027061746721E-13
 6.952E-10  1.17108501873820E-13
 7.047E-10  1.20273214103381E-13
 7.144E-10  1.23523448760791E-13
 7.241E-10  1.26861516983695E-13
 7.340E-10  1.30289792365364E-13
 7.440E-10  1.33810712642491E-13
 7.542E-10  1.37426781428567E-13
 7.645E-10  1.41140569994145E-13
 7.749E-10  1.44954719095182E-13
 7.855E-10  1.48871940850775E-13
 7.962E-10  1.52895020671690E-13
 8.071E-10  1.57026819240960E-13
 8.181E-10  1.61270274548027E-13
 8.293E-10  1.65628403977860E-13
 8.406E-10  1.70104306456519E-13
 8.521E-10  1.74701164654695E-13
 8.637E-10  1.79422247250796E-13
 8.755E-10  1.84270911255225E-13
 8.874E-10  1.89250604397434E-13
 8.996E-10  1.94364867577466E-13
 9.118E-10  1.99617337383823E-13
 9.243E-10  2.05011748679278E-13
 9.369E-10  2.10551937256643E-13
 9.497E-10  2.16241842566288E-13
 9.627E-10  2.22085510517338E-13
 9.758E-10  2.28087096354591E-13
 9.891E-10  2.34250867613169E-13
 1.003E-09  2.40581207153058E-13
 1.016E-09  2.47082616275589E-13
 1.030E-09  2.53759717924185E-13
 1.044E-09  2.60617259971579E-13
 1.059E-09  2.67660118595872E-13
 1.073E-09  2.74893301747826E-13
 1.088E-09  2.82321952711873E-13
 1.102E-09  2.89951353763307E-13
 1.118E-09  2.97786929924359E-13
 1.133E-09  3.05834252821778E-13
 1.148E-09  3.14099044648616E-13
 1.164E-09  3.22587182233048E-13
 1.180E-09  3.31304701217286E-13
 1.196E-09  3.40257800349272E-13
 1.212E-09  3.49452845890400E-13
 1.229E-09  3.58896376142416E-13
 1.246E-09  3.68595106096521E-13
 1.263E-09  3.78555932208225E-13
 1.280E-09  3.88785937301214E-13
 1.297E-09  3.99292395603676E-13
 1.315E-09  4.10082777920796E-13
 1.333E-09  4.21164756947000E-13
 1.351E-09  4.32546212721715E-13
 1.370E-09  4.44235238232742E-13
 1.388E-09  4.56240145170776E-13
 1.407E-09  4.68569469839581E-13
 1.426E-09  4.81231979226041E-13
 1.446E-09  4.94236677233932E-13
 1.466E-09  5.07592811086336E-13
 1.486E-09  5.21309877901087E-13
 1.506E-09  5.35397631443809E-13
 1.527E-09  5.49866089063567E-13
 1.547E-09  5.64725538815828E-13
 1.568E-09  5.79986546777957E-13
 1.590E-09  5.95659964562494E-13
 1.612E-09  6.11756937033316E-13
 1.634E-09  6.28288910230371E-13
 1.656E-09  6.45267639508653E-13
 1.679E-09  6.62705197897059E-13
 1.701E-09  6.80613984683042E-13
 1.725E-09  6.99006734229388E-13
 1.748E-09  7.17896525029294E-13
 1.772E-09  7.37296789005941E-13
 1.796E-09  7.57221321063551E-13
 1.821E-09  7.77684288896512E-13
 1.846E-09  7.98700243063530E-13
 1.871E-09  8.20284127334091E-13
 1.896E-09  8.42451289314510E-13
 1.922E-09  8.65217491361069E-13
 1.949E-09  8.88598921788138E-13
 1.975E-09  9.12612206379207E-13
 2.002E-09  9.37274420208887E-13
 2.029E-09  9.62603099784430E-13
 2.057E-09  9.88616255515366E-13
 2.085E-09  1.01533238452033E-12
 2.114E-09  1.04277048377944E-12
 2.143E-09  1.07095006364259E-12
 2.172E-09  1.09989116170275E-12
 2.201E-09  1.12961435704383E-12
 2.232E-09  1.16014078487393E-12
 2.262E-09  1.19149215155386E-12
 2.293E-09  1.22369075003186E-12
 2.324E-09  1.25675947569535E-12
 2.356E-09  1.29072184265114E-12
 2.388E-09  1.32560200044559E-12
 2.421E-09  1.36142475123644E-12
 2.454E-09  1.39821556742888E-12
 2.487E-09  1.43600060978829E-12
 2.521E-09  1.47480674604214E-12
 2.556E-09  1.51466156998473E-12
 2.590E-09  1.55559342109835E-12
 2.626E-09  1.59763140470468E-12
 2.662E-09  1.64080541266038E-12
 2.698E-09  1.68514614461235E-12
 2.735E-09  1.73068512982723E-12
 2.772E-09  1.77745474961100E-12
 2.810E-09  1.82548826033398E-12
 2.848E-09  1.87481981707850E-12
 2.887E-09  1.92548449792565E-12
 2.927E-09  1.97751832889771E-12
 2.967E-09  2.03095830957569E-12
 3.007E-09  2.08584243940799E-12
 3.048E-09  2.14220974473088E-12
 3.090E-09  2.20010030651879E-12
 3.132E-09  2.25955528888443E-12
 3.175E-09  2.32061696834962E-12
 3.218E-09  2.38332876390637E-12
 3.262E-09  2.44773526789086E-12
 3.307E-09  2.51388227769167E-12
 3.352E-09  2.58181682831472E-12
 3.398E-09  2.65158722582843E-12
 3.444E-09  2.72324308171248E-12
 3.491E-09  2.79683534813498E-12
 3.539E-09  2.87241635418285E-12
 3.587E-09  2.95003984307127E-12
 3.636E-09  3.02976101035917E-12
 3.685E-09  3.11163654319637E-12
 3.736E-09  3.19572466063227E-12
 3.787E-09  3.28208515501364E-12
 3.838E-09  3.37077943450063E-12
 3.891E-09  3.46187056673239E-12
 3.944E-09  3.55542332367259E-12
 3.998E-09  3.65150422766633E-12
 4.052E-09  3.75018159874197E-12
 4.108E-09  3.85152560319143E-12
 4.164E-09  3.95560830346344E-12
 4.221E-09  4.06250370940392E-12
 4.278E-09  4.17228783088284E-12
 4.337E-09  4.28503873184242E-12
 4.396E-09  4.40083658580474E-12
 4.456E-09  4.51976373288174E-12
 4.517E-09  4.64190473832380E-12
 4.578E-09  4.76734645265184E-12
 4.641E-09  4.89617807341370E-12
 4.704E-09  5.02849120860914E-12
 4.769E-09  5.16437994183005E-12
 4.834E-09  5.30394089915975E-12
 4.900E-09  5.44727331788064E-12
 4.967E-09  5.59447911703911E-12
 5.034E-09  5.74566296991582E-12
 5.103E-09  5.90093237845610E-12
 5.173E-09  6.06039774971164E-12
 5.243E-09  6.22417247434573E-12
 5.315E-09  6.39237300726319E-12
 5.388E-09  6.56511895041690E-12
 5.461E-09  6.74253313785301E-12
 5.536E-09  6.92474172305392E-12
 5.611E-09  7.11187426864194E-12
 5.688E-09  7.30406383850760E-12
 5.765E-09  7.50144709242593E-12
 5.844E-09  7.70416438323178E-12
 5.924E-09  7.91235985662008E-12
 6.005E-09  8.12618155364198E-12
 6.087E-09  8.34578151597248E-12
 6.170E-09  8.57131589402333E-12
 6.254E-09  8.80294505797528E-12
 6.340E-09  9.04083371181185E-12
 6.426E-09  9.28515101043551E-12
 6.514E-09  9.53607067994858E-12
 6.603E-09  9.79377114118305E-12
 6.693E-09  1.00584356365698E-11
 6.784E-09  1.03302523604381E-11
 6.877E-09  1.06094145928318E-11
 6.971E-09  1.08961208369449E-11
 7.066E-09  1.11905749602731E-11
 7.162E-09  1.14929863395743E-11
 7.260E-09  1.18035700097500E-11
 7.359E-09  1.21225468167512E-11
 7.460E-09  1.24501435746128E-11
 7.562E-09  1.27865932267345E-11
 7.665E-09  1.31321350115184E-11
 7.770E-09  1.34870146324845E-11
 7.876E-09  1.38514844329815E-11
 7.983E-09  1.42258035756200E-11
 8.092E-09  1.46102382265542E-11
 8.203E-09  1.50050617447447E-11
 8.315E-09  1.54105548763327E-11
 8.428E-09  1.58270059542740E-11
 8.543E-09  1.62547111033569E-11
 8.660E-09  1.66939744507694E-11
 8.778E-09  1.71451083423568E-11
 8.898E-09  1.76084335647149E-11
 9.019E-09  1.80842795732954E-11
 9.142E-09  1.85729847266677E-11
 9.267E-09  1.90748965271155E-11
 9.394E-09  1.95903718677338E-11
 9.522E-09  2.01197772862040E-11
 9.652E-09  2.06634892254265E-11
 9.784E-09  2.12218943011963E-11
 9.917E-09  2.17953895771123E-11
 1.005E-08  2.23843828469160E-11
 1.019E-08  2.29892929244624E-11
 1.033E-08  2.36105499415211E-11
 1.047E-08  2.42485956536280E-11
 1.061E-08  2.49038837542069E-11
 1.076E-08  2.55768801971743E-11
 1.090E-08  2.62680635282589E-11
 1.105E-08  2.69779252252856E-11
 1.120E-08  2.77069700476469E-11
 1.136E-08  2.84557163952176E-11
 1.151E-08  2.92246966769749E-11
 1.167E-08  3.00144576895746E-11
 1.183E-08  3.08255610061592E-11
 1.199E-08  3.16585833756760E-11
 1.215E-08  3.25141171329823E-11
 1.232E-08  3.33927706200334E-11
 1.249E-08  3.42951686184558E-11
 1.266E-08  3.52219527938083E-11
 1.283E-08  3.61737821518462E-11
 1.301E-08  3.71513335071220E-11
 1.318E-08  3.81553019642408E-11
 1.336E-08  3.91864014121266E-11
 1.355E-08  4.02453650316485E-11
 1.373E-08  4.13329458169571E-11
 1.392E-08  4.24499171109093E-11
 1.411E-08  4.35970731549753E-11
 1.430E-08  4.47752296539882E-11
 1.450E-08  4.59852243561660E-11
 1.470E-08  4.72279176488097E-11
 1.490E-08  4.85041931700888E-11
 1.510E-08  4.98149584373727E-11
 1.531E-08  5.11611454925290E-11
 1.551E-08  5.25437115646718E-11
 1.573E-08  5.39636397508114E-11
 1.594E-08  5.54219397148980E-11
 1.616E-08  5.69196484057668E-11
 1.638E-08  5.84578307944701E-11
 1.660E-08  6.00375806315412E-11
 1.683E-08  6.16600212247291E-11
 1.706E-08  6.33263062377361E-11
 1.729E-08  6.50376205105517E-11
 1.753E-08  6.67951809019532E-11
 1.777E-08  6.86002371547694E-11
 1.801E-08  7.04540727845284E-11
 1.826E-08  7.23580059921183E-11
 1.851E-08  7.43133906011253E-11
 1.876E-08  7.63216170204789E-11
 1.901E-08  7.83841132331235E-11
 1.927E-08  8.05023458114171E-11
 1.954E-08  8.26778209599498E-11
 1.980E-08  8.49120855865584E-11
 2.007E-08  8.72067284022711E-11
 2.035E-08  8.95633810509992E-11
 2.063E-08  9.19837192697271E-11
 2.091E-08  9.44694640800759E-11
 2.119E-08  9.70223830120637E-11
 2.148E-08  9.96442913609211E-11
 2.178E-08  1.02337053477903E-10
 2.207E-08  1.05102584095952E-10
 2.237E-08  1.07942849691192E-10
 2.268E-08  1.10859869881231E-10
 2.299E-08  1.13855718861235E-10
 2.330E-08  1.16932526878814E-10
 2.362E-08  1.20092481748764E-10
 2.394E-08  1.23337830408745E-10
 2.427E-08  1.26670880516997E-10
 2.460E-08  1.30094002093240E-10
 2.494E-08  1.33609629203903E-10
 2.528E-08  1.37220261692905E-10
 2.562E-08  1.40928466959199E-10
 2.597E-08  1.44736881782366E-10
 2.633E-08  1.48648214197529E-10
 2.669E-08  1.52665245420934E-10
 2.705E-08  1.56790831827584E-10
 2.742E-08  1.61027906982302E-10
 2.779E-08  1.65379483725667E-10
 2.817E-08  1.69848656316351E-10
 2.856E-08  1.74438602631337E-10
 2.895E-08  1.79152586425580E-10
 2.934E-08  1.83993959652758E-10
 2.974E-08  1.88966164848698E-10
 3.015E-08  1.94072737579264E-10
 3.056E-08  1.99317308954372E-10
 3.098E-08  2.04703608209900E-10
 3.140E-08  2.10235465359459E-10
 3.183E-08  2.15916813917743E-10
 3.227E-08  2.21751693697511E-10
 3.271E-08  2.27744253682166E-10
 3.315E-08  2.33898754975922E-10
 3.361E-08  2.40219573833736E-10
 3.406E-08  2.46711204773079E-10
 3.453E-08  2.53378263769831E-10
 3.500E-08  2.60225491540538E-10
 3.548E-08  2.67257756913347E-10
 3.596E-08  2.74480060290050E-10
 3.645E-08  2.81897537201692E-10
 3.695E-08  2.89515461960222E-10
 3.746E-08  2.97339251408894E-10
 3.797E-08  3.05374468773995E-10
 3.849E-08  3.13626827620577E-10
 3.901E-08  3.22102195915185E-10
 3.954E-08  3.30806600198401E-10
 4.008E-08  3.39746229870025E-10
 4.063E-08  3.48927441590142E-10
 4.119E-08  3.58356763799081E-10
 4.175E-08  3.68040901359549E-10
 4.232E-08  3.77986740324248E-10
 4.290E-08  3.88201352832219E-10
 4.348E-08  3.98692002137570E-10
 4.408E-08  4.09466147774140E-10
 4.468E-08  4.20531450859663E-10
 4.529E-08  4.31895779543269E-10
 4.591E-08  4.43567214600239E-10
 4.653E-08  4.55554055177948E-10
 4.717E-08  4.67864824697041E-10
 4.781E-08  4.80508276912072E-10
 4.846E-08  4.93493402136028E-10
 4.913E-08  5.06829433632924E-10
 4.980E-08  5.20525854183238E-10
 5.048E-08  5.34592402826751E-10
 5.117E-08  5.49039081787565E-10
 5.186E-08  5.63876163586313E-10
 5.257E-08  5.79114198344481E-10
 5.329E-08  5.94764021286287E-10
 5.402E-08  6.10836760443061E-10
 5.475E-08  6.27343844565982E-10
 5.550E-08  6.44297011252622E-10
 5.626E-08  6.61708315293084E-10
 5.703E-08  6.79590137241641E-10
 5.781E-08  6.97955192219985E-10
 5.860E-08  7.16816538958583E-10
 5.940E-08  7.36187589082105E-10
 6.021E-08  7.56082116645818E-10
 6.103E-08  7.76514267929926E-10
 6.186E-08  7.97498571498285E-10
 6.271E-08  8.19049948529059E-10
 6.356E-08  8.41183723424556E-10
 6.443E-08  8.63915634707804E-10
 6.531E-08  8.87261846213609E-10
 6.620E-08  9.11238958581832E-10
 6.711E-08  9.35864021061459E-10
 6.802E-08  9.61154543633699E-10
 6.895E-08  9.87128509462501E-10
 6.989E-08  1.01380438768157E-09
 7.085E-08  1.04120114652717E-09
 7.181E-08  1.06933826682538E-09
 7.279E-08  1.09823575584415E-09
 7.379E-08  1.12791416151985E-09
 7.479E-08  1.15839458706765E-09
 7.582E-08  1.18969870598721E-09
 7.685E-08  1.22184877747398E-09
 7.790E-08  1.25486766224652E-09
 7.896E-08  1.28877883880174E-09
 8.004E-08  1.32360642010950E-09
 8.113E-08  1.35937517075838E-09
 8.224E-08  1.39611052456445E-09
 8.336E-08  1.43383860265623E-09
 8.450E-08  1.47258623204842E-09
 8.566E-08  1.51238096471711E-09
 8.683E-08  1.55325109719087E-09
 8.801E-08  1.59522569067113E-09
 8.921E-08  1.63833459169633E-09
 9.043E-08  1.68260845336435E-09
 9.167E-08  1.72807875712857E-09
 9.292E-08  1.77477783518280E-09
 9.419E-08  1.82273889345139E-09
 9.547E-08  1.87199603520025E-09
 9.677E-08  1.92258428528609E-09
 9.810E-08  1.97453961506115E-09
 9.944E-08  2.02789896795057E-09
 1.008E-07  2.08270028572107E-09
 1.022E-07  2.13898253545970E-09
 1.036E-07  2.19678573728145E-09
 1.050E-07  2.25615099278551E-09
 1.064E-07  2.31712051428072E-09
 1.079E-07  2.37973765480082E-09
 1.093E-07  2.44404693893052E-09
 1.108E-07  2.51009409446478E-09
 1.123E-07  2.57792608492381E-09
 1.139E-07  2.64759114294619E-09
 1.154E-07  2.71913880458505E-09
 1.170E-07  2.79261994453041E-09
 1.186E-07  2.86808681228374E-09
 1.202E-07  2.94559306931029E-09
 1.219E-07  3.02519382719446E-09
 1.235E-07  3.10694568682726E-09
 1.252E-07  3.19090677865207E-09
 1.269E-07  3.27713680399852E-09
 1.287E-07  3.36569707753309E-09
 1.304E-07  3.45665057085630E-09
 1.322E-07  3.55006195727886E-09
 1.340E-07  3.64599765780747E-09
 1.358E-07  3.74452588837364E-09
 1.377E-07  3.84571670833783E-09
 1.396E-07  3.94964207030516E-09
 1.415E-07  4.05637587128749E-09
 1.434E-07  4.16599400524693E-09
 1.454E-07  4.27857441706037E-09
 1.473E-07  4.39419715794209E-09
 1.494E-07  4.51294444236320E-09
 1.514E-07  4.63490070651024E-09
 1.535E-07  4.76015266832307E-09
 1.556E-07  4.88878938915472E-09
 1.577E-07  5.02090233709907E-09
 1.598E-07  5.15658545202742E-09
 1.620E-07  5.29593521238462E-09
 1.642E-07  5.43905070378964E-09
 1.665E-07  5.58603368948817E-09
 1.687E-07  5.73698868271253E-09
 1.710E-07  5.89202302099396E-09
 1.734E-07  6.05124694248417E-09
 1.757E-07  6.21477366433947E-09
 1.781E-07  6.38271946322273E-09
 1.806E-07  6.55520375798105E-09
 1.830E-07  6.73234919455688E-09
 1.855E-07  6.91428173319436E-09
 1.881E-07  7.10113073800263E-09
 1.906E-07  7.29302906893789E-09
 1.932E-07  7.49011317627274E-09
 1.959E-07  7.69252319761745E-09
 1.986E-07  7.90040305756225E-09
 2.013E-07  8.11390057001455E-09
 2.040E-07  8.33316754329944E-09
 2.068E-07  8.55835988810041E-09
 2.096E-07  8.78963772831862E-09
 2.125E-07  9.02716551492652E-09
 2.154E-07  9.27111214289747E-09
 2.183E-07  9.52165107129677E-09
 2.213E-07  9.77896044661662E-09
 2.243E-07  1.00432232294458E-08
 2.274E-07  1.03146273245585E-08
 2.305E-07  1.05933657145222E-08
 2.336E-07  1.08796365969154E-08
 2.368E-07  1.11736435252506E-08
 2.401E-07  1.14755955537082E-08
 2.433E-07  1.17857073857812E-08
 2.467E-07  1.21041995269350E-08
 2.500E-07  1.24312984413953E-08
 2.534E-07  1.27672367131677E-08
 2.569E-07  1.31122532114141E-08
 2.604E-07  1.34665932602963E-08
 2.640E-07  1.38305088134053E-08
 2.676E-07  1.42042586329107E-08
 2.712E-07  1.45881084735456E-08
 2.749E-07  1.49823312715653E-08
 2.787E-07  1.53872073388129E-08
 2.825E-07  1.58030245620278E-08
 2.863E-07  1.62300786075409E-08
 2.903E-07  1.66686731314988E-08
 2.942E-07  1.71191199957726E-08
 2.982E-07  1.75817394896971E-08
 3.023E-07  1.80568605578057E-08
 3.064E-07  1.85448210337151E-08
 3.106E-07  1.90459678803341E-08
 3.149E-07  1.95606574365591E-08
 3.192E-07  2.00892556706401E-08
 3.235E-07  2.06321384403916E-08
 3.279E-07  2.11896917604309E-08
 3.324E-07  2.17623120766456E-08
 3.369E-07  2.23504065480733E-08
 3.415E-07  2.29543933363937E-08
 3.462E-07  2.35747019032533E-08
 3.509E-07  2.42117733156176E-08
 3.557E-07  2.48660605593732E-08
 3.606E-07  2.55380288614139E-08
 3.655E-07  2.62281560204144E-08
 3.705E-07  2.69369327465570E-08
 3.756E-07  2.76648630104304E-08
 3.807E-07  2.84124644013578E-08
 3.859E-07  2.91802684954100E-08
 3.911E-07  2.99688212333564E-08
 3.965E-07  3.07786833088401E-08
 4.019E-07  3.16104305670273E-08
 4.074E-07  3.24646544140426E-08
 4.129E-07  3.33419622374615E-08
 4.186E-07  3.42429778381644E-08
 4.243E-07  3.51683418738645E-08
 4.301E-07  3.61187123146117E-08
 4.360E-07  3.70947649106169E-08
 4.419E-07  3.80971936727096E-08
 4.479E-07  3.91267113657775E-08
 4.541E-07  4.01840500155459E-08
 4.603E-07  4.12699614290430E-08
 4.665E-07  4.23852177291384E-08
 4.729E-07  4.35306119035132E-08
 4.794E-07  4.47069583684759E-08
 4.859E-07  4.59150935480087E-08
 4.926E-07  4.71558764684534E-08
 4.993E-07  4.84301893692801E-08
 5.061E-07  4.97389383303488E-08
 5.130E-07  5.10830539161256E-08
 5.200E-07  5.24634918373053E-08
 5.271E-07  5.38812336303044E-08
 5.343E-07  5.53372873551267E-08
 5.416E-07  5.68326883120795E-08
 5.490E-07  5.83684997778596E-08
 5.565E-07  5.99458137615192E-08
 5.641E-07  6.15657517808743E-08
 5.718E-07  6.32294656598770E-08
 5.796E-07  6.49381383475404E-08
 5.875E-07  6.66929847589994E-08
 5.955E-07  6.84952526392741E-08
 6.037E-07  7.03462234504029E-08
 6.119E-07  7.22472132825271E-08
 6.202E-07  7.41995737895883E-08
 6.287E-07  7.62046931503279E-08
 6.373E-07  7.82639970552436E-08
 6.460E-07  8.03789497202055E-08
 6.548E-07  8.25510549274805E-08
 6.638E-07  8.47818570948661E-08
 6.728E-07  8.70729423737131E-08
 6.820E-07  8.94259397766410E-08
 6.913E-07  9.18425223356964E-08
 7.008E-07  9.43244082918150E-08
 7.103E-07  9.68733623164255E-08
 7.200E-07  9.94911967660667E-08
 7.298E-07  1.02179772970888E-07
 7.398E-07  1.04941002557977E-07
 7.499E-07  1.07776848810441E-07
 7.602E-07  1.10689328063216E-07
 7.705E-07  1.13680511136573E-07
 7.811E-07  1.16752524808368E-07
 7.917E-07  1.19907553326092E-07
 8.025E-07  1.23147839959732E-07
 8.135E-07  1.26475688596624E-07
 8.246E-07  1.29893465379388E-07
 8.358E-07  1.33403600388115E-07
 8.473E-07  1.37008589368021E-07
 8.588E-07  1.40710995503749E-07
 8.705E-07  1.44513451241638E-07
 8.824E-07  1.48418660161240E-07
 8.945E-07  1.52429398897365E-07
 9.067E-07  1.56548519114079E-07
 9.191E-07  1.60778949532043E-07
 9.316E-07  1.65123698010618E-07
 9.443E-07  1.69585853686233E-07
 9.572E-07  1.74168589168526E-07
 9.703E-07  1.78875162795816E-07
 9.835E-07  1.83708920951538E-07
 9.970E-07  1.88673300443208E-07
 1.011E-06  1.93771830945739E-07
 1.024E-06  1.99008137510748E-07
 1.038E-06  2.04385943143599E-07
 1.053E-06  2.09909071450157E-07
 1.067E-06  2.15581449355015E-07
 1.081E-06  2.21407109893150E-07
 1.096E-06  2.27390195077037E-07
 1.111E-06  2.33534958841197E-07
 1.126E-06  2.39845770066323E-07
 1.142E-06  2.46327115685081E-07
 1.157E-06  2.52983603871860E-07
 1.173E-06  2.59819967318684E-07
 1.189E-06  2.66841066599619E-07
 1.205E-06  2.74051893626098E-07
 1.222E-06  2.81457575195581E-07
 1.239E-06  2.89063376636116E-07
 1.255E-06  2.96874705549333E-07
 1.273E-06  3.04897115654592E-07
 1.290E-06  3.13136310736987E-07
 1.308E-06  3.21598148701975E-07
 1.325E-06  3.30288645739577E-07
 1.344E-06  3.39213980601127E-07
 1.362E-06  3.48380498991471E-07
 1.380E-06  3.57794718079875E-07
 1.399E-06  3.67463331132826E-07
 1.418E-06  3.77393212271961E-07
 1.438E-06  3.87591421360568E-07
 1.457E-06  3.98065209022015E-07
 1.477E-06  4.08822021793903E-07
 1.497E-06  4.19869507421324E-07
 1.518E-06  4.31215520293216E-07
 1.539E-06  4.42868127025532E-07
 1.560E-06  4.54835612195249E-07
 1.581E-06  4.67126484229339E-07
 1.603E-06  4.79749481452692E-07
 1.624E-06  4.92713578299640E-07
 1.647E-06  5.06027991693080E-07
 1.669E-06  5.19702187596035E-07
 1.692E-06  5.33745887740213E-07
 1.715E-06  5.48169076536295E-07
 1.738E-06  5.62982008170905E-07
 1.762E-06  5.78195213895326E-07
 1.786E-06  5.93819509511090E-07
 1.811E-06  6.09866003057810E-07
 1.835E-06  6.26346102708703E-07
 1.860E-06  6.43271524879324E-07
 1.886E-06  6.60654302555499E-07
 1.911E-06  6.78506793846011E-07
 1.938E-06  6.96841690766534E-07
 1.964E-06  7.15672028260825E-07
 1.991E-06  7.35011193465376E-07
 2.018E-06  7.54872935224679E-07
 2.046E-06  7.75271373863230E-07
 2.073E-06  7.96221011221715E-07
 2.102E-06  8.17736740964216E-07
 2.130E-06  8.39833859163734E-07
 2.160E-06  8.62528075173917E-07
 2.189E-06  8.85835522794211E-07
 2.219E-06  9.09772771736668E-07
 2.249E-06  9.34356839402630E-07
 2.280E-06  9.59605202977361E-07
 2.311E-06  9.85535811851355E-07
 2.343E-06  1.01216710037743E-06
 2.375E-06  1.03951800097202E-06
 2.407E-06  1.06760795757070E-06
 2.440E-06  1.09645693944689E-06
 2.473E-06  1.12608545540398E-06
 2.507E-06  1.15651456835077E-06
 2.541E-06  1.18776591027051E-06
 2.576E-06  1.21986169759444E-06
 2.611E-06  1.25282474699027E-06
 2.647E-06  1.28667849157739E-06
 2.683E-06  1.32144699758002E-06
 2.719E-06  1.35715498142991E-06
 2.757E-06  1.39382782733129E-06
 2.794E-06  1.43149160530001E-06
 2.832E-06  1.47017308969006E-06
 2.871E-06  1.50989977822026E-06
 2.910E-06  1.55069991151500E-06
 2.950E-06  1.59260249317277E-06
 2.990E-06  1.63563731037660E-06
 3.031E-06  1.67983495506113E-06
 3.072E-06  1.72522684565145E-06
 3.114E-06  1.77184524938898E-06
 3.157E-06  1.81972330526036E-06
 3.200E-06  1.86889504754557E-06
 3.244E-06  1.91939543000198E-06
 3.288E-06  1.97126035070154E-06
 3.333E-06  2.02452667753868E-06
 3.378E-06  2.07923227442721E-06
 3.424E-06  2.13541602820462E-06
 3.471E-06  2.19311787626292E-06
 3.519E-06  2.25237883492571E-06
 3.567E-06  2.31324102859157E-06
 3.615E-06  2.37574771966406E-06
 3.665E-06  2.43994333929117E-06
 3.715E-06  2.50587351893337E-06
 3.765E-06  2.57358512278487E-06
 3.817E-06  2.64312628107071E-06
 3.869E-06  2.71454642424206E-06
 3.922E-06  2.78789631809590E-06
 3.975E-06  2.86322809984237E-06
 4.030E-06  2.94059531514607E-06
 4.085E-06  3.02005295616813E-06
 4.140E-06  3.10165750063497E-06
 4.197E-06  3.18546695196169E-06
 4.254E-06  3.27154088045995E-06
 4.312E-06  3.35994046565732E-06
 4.371E-06  3.45072853975992E-06
 4.431E-06  3.54396963228890E-06
 4.491E-06  3.63973001592120E-06
 4.553E-06  3.73807775356860E-06
 4.615E-06  3.83908274672795E-06
 4.678E-06  3.94281678513639E-06
 4.742E-06  4.04935359776772E-06
 4.806E-06  4.15876890520534E-06
 4.872E-06  4.27114047342896E-06
 4.938E-06  4.38654816905409E-06
 5.006E-06  4.50507401606199E-06
 5.074E-06  4.62680225406179E-06
 5.144E-06  4.75181939812553E-06
 5.214E-06  4.88021430023819E-06
 5.285E-06  5.01207821240674E-06
 5.357E-06  5.14750485147289E-06
 5.430E-06  5.28659046567567E-06
 5.504E-06  5.42943390301074E-06
 5.579E-06  5.57613668143481E-06
 5.656E-06  5.72680306096524E-06
 5.733E-06  5.88154011772635E-06
 5.811E-06  6.04045781999397E-06
 5.890E-06  6.20366910629314E-06
 5.971E-06  6.37128996560279E-06
 6.052E-06  6.54343951972657E-06
 6.135E-06  6.72024010788711E-06
 6.219E-06  6.90181737360146E-06
 6.304E-06  7.08830035390431E-06
 6.390E-06  7.27982157097759E-06
 6.477E-06  7.47651712625307E-06
 6.565E-06  7.67852679705563E-06
 6.655E-06  7.88599413585408E-06
 6.746E-06  8.09906657219101E-06
 6.838E-06  8.31789551736367E-06
 6.931E-06  8.54263647192991E-06
 7.026E-06  8.77344913611366E-06
 7.122E-06  9.01049752319317E-06
 7.219E-06  9.25395007594659E-06
 7.318E-06  9.50397978623988E-06
 7.418E-06  9.76076431784489E-06
 7.519E-06  1.00244861325667E-05
 7.622E-06  1.02953326197768E-05
 7.726E-06  1.05734962294450E-05
 7.831E-06  1.08591746087544E-05
 7.938E-06  1.11525707424059E-05
 8.046E-06  1.14538930967106E-05
 8.156E-06  1.17633557675647E-05
 8.268E-06  1.20811786324209E-05
 8.380E-06  1.24075875063595E-05
 8.495E-06  1.27428143023677E-05
 8.611E-06  1.30870971959467E-05
 8.728E-06  1.34406807941557E-05
 8.848E-06  1.38038163092202E-05
 8.968E-06  1.41767617368208E-05
 9.091E-06  1.45597820391914E-05
 9.215E-06  1.49531493331601E-05
 9.341E-06  1.53571430832578E-05
 9.468E-06  1.57720503000399E-05
 9.597E-06  1.61981657437523E-05
 9.729E-06  1.66357921334997E-05
 9.861E-06  1.70852403620453E-05
 9.996E-06  1.75468297164092E-05
 1.013E-05  1.80208881044188E-05
 1.027E-05  1.85077522873634E-05
 1.041E-05  1.90077681189266E-05
 1.055E-05  1.95212907905643E-05
 1.070E-05  2.00486850834984E-05
 1.084E-05  2.05903256275001E-05
 1.099E-05  2.11465971666626E-05
 1.114E-05  2.17178948323338E-05
 1.129E-05  2.23046244234064E-05
 1.145E-05  2.29072026941731E-05
 1.160E-05  2.35260576499359E-05
 1.176E-05  2.41616288505901E-05
 1.192E-05  2.48143677223929E-05
 1.209E-05  2.54847378781345E-05
 1.225E-05  2.61732154459452E-05
 1.242E-05  2.68802894069625E-05
 1.259E-05  2.76064619421037E-05
 1.276E-05  2.83522487881867E-05
 1.293E-05  2.91181796036488E-05
 1.311E-05  2.99047983441240E-05
 1.329E-05  3.07126636481433E-05
 1.347E-05  3.15423492332329E-05
 1.365E-05  3.23944443026852E-05
 1.384E-05  3.32695539632933E-05
 1.403E-05  3.41682996543491E-05
 1.422E-05  3.50913195881930E-05
 1.442E-05  3.60392692026425E-05
 1.461E-05  3.70128216256116E-05
 1.481E-05  3.80126681522470E-05
 1.501E-05  3.90395187349247E-05
 1.522E-05  4.00941024864462E-05
 1.543E-05  4.11771681967937E-05
 1.564E-05  4.22894848638071E-05
 1.585E-05  4.34318422381590E-05
 1.607E-05  4.46050513830058E-05
 1.629E-05  4.58099452487244E-05
 1.651E-05  4.70473792631235E-05
 1.673E-05  4.83182319375551E-05
 1.696E-05  4.96234054893514E-05
 1.719E-05  5.09638264810261E-05
 1.743E-05  5.23404464766913E-05
 1.767E-05  5.37542427161496E-05
 1.791E-05  5.52062188071483E-05
 1.815E-05  5.66974054362628E-05
 1.840E-05  5.82288610989304E-05
 1.865E-05  5.98016728491416E-05
 1.891E-05  6.14169570693092E-05
 1.916E-05  6.30758602608706E-05
 1.943E-05  6.47795598561762E-05
 1.969E-05  6.65292650522310E-05
 1.996E-05  6.83262176668820E-05
 2.023E-05  7.01716930180446E-05
 2.051E-05  7.20670008266022E-05
 2.079E-05  7.40134861436129E-05
 2.107E-05  7.60125303024532E-05
 2.136E-05  7.80655518966042E-05
 2.165E-05  8.01740077837404E-05
 2.195E-05  8.23393941168212E-05
 2.225E-05  8.45632474029691E-05
 2.255E-05  8.68471455908000E-05
 2.286E-05  8.91927091870121E-05
 2.317E-05  9.16016024030292E-05
 2.349E-05  9.40755343324744E-05
 2.381E-05  9.66162601603282E-05
 2.413E-05  9.92255824046011E-05
 2.446E-05  1.01905352191400E-04
 2.480E-05  1.04657470564296E-04
 2.514E-05  1.07483889828890E-04
 2.548E-05  1.10386614933549E-04
 2.583E-05  1.13367704887259E-04
 2.618E-05  1.16429274215602E-04
 2.654E-05  1.19573494455863E-04
 2.690E-05  1.22802595692352E-04
 2.727E-05  1.26118868132984E-04
 2.764E-05  1.29524663728235E-04
 2.802E-05  1.33022397833607E-04
 2.840E-05  1.36614550916787E-04
 2.879E-05  1.40303670310671E-04
 2.918E-05  1.44092372013474E-04
 2.958E-05  1.47983342537246E-04
 2.998E-05  1.51979340806029E-04
 3.039E-05  1.56083200104992E-04
 3.080E-05  1.60297830081948E-04
 3.123E-05  1.64626218802626E-04
 3.165E-05  1.69071434861141E-04
 3.208E-05  1.73636629547136E-04
 3.252E-05  1.78325039071115E-04
 3.297E-05  1.83139986849539E-04
 3.342E-05  1.88084885851267E-04
 3.387E-05  1.93163241007002E-04
 3.433E-05  1.98378651683382E-04
 3.480E-05  2.03734814223509E-04
 3.528E-05  2.09235524555655E-04
 3.576E-05  2.14884680871970E-04
 3.625E-05  2.20686286379043E-04
 3.674E-05  2.26644452122340E-04
 3.724E-05  2.32763399886325E-04
 3.775E-05  2.39047465172408E-04
 3.827E-05  2.45501100256844E-04
 3.879E-05  2.52128877330495E-04
 3.932E-05  2.58935491722909E-04
 3.986E-05  2.65925765212850E-04
 4.040E-05  2.73104649427510E-04
 4.095E-05  2.80477229332881E-04
 4.151E-05  2.88048726817753E-04
 4.208E-05  2.95824504373681E-04
 4.265E-05  3.03810068873599E-04
 4.324E-05  3.12011075451714E-04
 4.383E-05  3.20433331487346E-04
 4.442E-05  3.29082800695439E-04
 4.503E-05  3.37965607326764E-04
 4.565E-05  3.47088040480498E-04
 4.627E-05  3.56456558532317E-04
 4.690E-05  3.66077793681155E-04
 4.754E-05  3.75958556617546E-04
 4.819E-05  3.86105841317069E-04
 4.885E-05  3.96526829962024E-04
 4.951E-05  4.07228897994859E-04
 5.019E-05  4.18219619306780E-04
 5.088E-05  4.29506771565229E-04
 5.157E-05  4.41098341683893E-04
 5.227E-05  4.53002531438967E-04
 5.299E-05  4.65227763235673E-04
 5.371E-05  4.77782686028957E-04
 5.445E-05  4.90676181402536E-04
 5.519E-05  5.03917369810343E-04
 5.594E-05  5.17515616984888E-04
 5.671E-05  5.31480540516902E-04
 5.748E-05  5.45822016610673E-04
 5.826E-05  5.60550187020017E-04
 5.906E-05  5.75675466169398E-04
 5.987E-05  5.91208548465271E-04
 6.068E-05  6.07160415802744E-04
 6.151E-05  6.23542345272501E-04
 6.235E-05  6.40365917073643E-04
 6.320E-05  6.57643022637543E-04
 6.407E-05  6.75385872968652E-04
 6.494E-05  6.93607007207749E-04
 6.583E-05  7.12319301423571E-04
 6.673E-05  7.31535977639168E-04
 6.764E-05  7.51270613098609E-04
 6.856E-05  7.71537149781063E-04
 6.950E-05  7.92349904168298E-04
 7.045E-05  8.13723577272602E-04
 7.141E-05  8.35673264931891E-04
 7.238E-05  8.58214468378936E-04
 7.337E-05  8.81363105092447E-04
 7.437E-05  9.05135519936727E-04
 7.539E-05  9.29548496598228E-04
 7.642E-05  9.54619269326479E-04
 7.746E-05  9.80365534987238E-04
 7.852E-05  1.00680546543671E-03
 7.959E-05  1.03395772022474E-03
 8.068E-05  1.06184145963592E-03
 8.178E-05  1.09047635807748E-03
 8.289E-05  1.11988261782301E-03
 8.403E-05  1.15008098312165E-03
 8.517E-05  1.18109275468188E-03
 8.634E-05  1.21293980454058E-03
 8.751E-05  1.24564459132647E-03
 8.871E-05  1.27923017592919E-03
 8.992E-05  1.31372023758424E-03
 9.115E-05  1.34913909038478E-03
 9.239E-05  1.38551170023179E-03
 9.365E-05  1.42286370223335E-03
 9.493E-05  1.46122141856585E-03
 9.623E-05  1.50061187680863E-03
 9.754E-05  1.54106282876440E-03
 9.887E-05  1.58260276977851E-03
 1.002E-04  1.62526095857005E-03
 1.016E-04  1.66906743758801E-03
 1.030E-04  1.71405305390677E-03
 1.044E-04  1.76024948067401E-03
 1.058E-04  1.80768923912673E-03
 1.073E-04  1.85640572118962E-03
 1.087E-04  1.90643321267063E-03
 1.102E-04  1.95780691707019E-03
 1.117E-04  2.01056298001941E-03
 1.132E-04  2.06473851436431E-03
 1.148E-04  2.12037162591218E-03
 1.163E-04  2.17750143985783E-03
 1.179E-04  2.23616812790788E-03
 1.195E-04  2.29641293611981E-03
 1.212E-04  2.35827821347615E-03
 1.228E-04  2.42180744121205E-03
 1.245E-04  2.48704526291511E-03
 1.262E-04  2.55403751541951E-03
 1.279E-04  2.62283126051334E-03
 1.297E-04  2.69347481748054E-03
 1.314E-04  2.76601779649979E-03
 1.332E-04  2.84051113292221E-03
 1.351E-04  2.91700712245053E-03
 1.369E-04  2.99555945724286E-03
 1.388E-04  3.07622326296591E-03
 1.407E-04  3.15905513682148E-03
 1.426E-04  3.24411318657110E-03
 1.445E-04  3.33145707058543E-03
 1.465E-04  3.42114803894477E-03
 1.485E-04  3.51324897561701E-03
 1.505E-04  3.60782444174166E-03
 1.526E-04  3.70494072004812E-03
 1.547E-04  3.80466586043769E-03
 1.568E-04  3.90706972675838E-03
 1.589E-04  4.01222404480452E-03
 1.611E-04  4.12020245157199E-03
 1.633E-04  4.23108054580029E-03
 1.655E-04  4.34493593983708E-03
 1.678E-04  4.46184831285651E-03
 1.701E-04  4.58189946546672E-03
 1.724E-04  4.70517337574320E-03
 1.748E-04  4.83175625672370E-03
 1.771E-04  4.96173661540131E-03
 1.796E-04  5.09520531325496E-03
 1.820E-04  5.23225562835671E-03
 1.845E-04  5.37298331909538E-03
 1.870E-04  5.51748668955795E-03
 1.896E-04  5.66586665661074E-03
 1.922E-04  5.81822681872381E-03
 1.948E-04  5.97467352658371E-03
 1.974E-04  6.13531595553776E-03
 2.001E-04  6.30026617991823E-03
 2.029E-04  6.46963924929442E-03
 2.056E-04  6.64355326669867E-03
 2.084E-04  6.82212946887951E-03
 2.113E-04  7.00549230863157E-03
 2.142E-04  7.19376953925356E-03
 2.171E-04  7.38709230119111E-03
 2.201E-04  7.58559521091551E-03
 2.231E-04  7.78941645209858E-03
 2.261E-04  7.99869786913832E-03
 2.292E-04  8.21358506309583E-03
 2.323E-04  8.43422749010338E-03
 2.355E-04  8.66077856230580E-03
 2.387E-04  8.89339575139921E-03
 2.420E-04  9.13224069483013E-03
 2.453E-04  9.37747930472338E-03
 2.486E-04  9.62928187960627E-03
 2.520E-04  9.88782321899724E-03
 2.555E-04  1.01532827409309E-02
 2.589E-04  1.04258446024955E-02
 2.625E-04  1.07056978234529E-02
 2.661E-04  1.09930364130172E-02
 2.697E-04  1.12880594998776E-02
 2.734E-04  1.15909714655346E-02
 2.771E-04  1.19019820810409E-02
 2.809E-04  1.22213066472250E-02
 2.847E-04  1.25491661384850E-02
 2.886E-04  1.28857873502416E-02
 2.926E-04  1.32314030501371E-02
 2.965E-04  1.35862521330751E-02
 3.006E-04  1.39505797801928E-02
 3.047E-04  1.43246376218617E-02
 3.089E-04  1.47086839048171E-02
 3.131E-04  1.51029836635148E-02
 3.174E-04  1.55078088958171E-02
 3.217E-04  1.59234387431163E-02
 3.261E-04  1.63501596750000E-02
 3.305E-04  1.67882656785683E-02
 3.350E-04  1.72380584525150E-02
 3.396E-04  1.76998476060912E-02
 3.442E-04  1.81739508630636E-02
 3.489E-04  1.86606942707875E-02
 3.537E-04  1.91604124145229E-02
 3.585E-04  1.96734486371095E-02
 3.634E-04  2.02001552641386E-02
 3.684E-04  2.07408938347449E-02
 3.734E-04  2.12960353381538E-02
 3.785E-04  2.18659604561214E-02
 3.837E-04  2.24510598114075E-02
 3.889E-04  2.30517342224232E-02
 3.942E-04  2.36683949641933E-02
 3.996E-04  2.43014640357899E-02
 4.051E-04  2.49513744343855E-02
 4.106E-04  2.56185704360768E-02
 4.162E-04  2.63035078836410E-02
 4.219E-04  2.70066544813885E-02
 4.277E-04  2.77284900972661E-02
 4.335E-04  2.84695070723893E-02
 4.394E-04  2.92302105381733E-02
 4.454E-04  3.00111187412279E-02
 4.515E-04  3.08127633762098E-02
 4.577E-04  3.16356899267991E-02
 4.639E-04  3.24804580149972E-02
 4.702E-04  3.33476417589290E-02
 4.767E-04  3.42378301393428E-02
 4.832E-04  3.51516273750065E-02
 4.898E-04  3.60896533072007E-02
 4.965E-04  3.70525437935099E-02
 5.032E-04  3.80409511111216E-02
 5.101E-04  3.90555443698494E-02
 5.171E-04  4.00970099350884E-02
 5.241E-04  4.11660518609296E-02
 5.313E-04  4.22633923336546E-02
 5.385E-04  4.33897721258406E-02
 5.459E-04  4.45459510613065E-02
 5.533E-04  4.57327084911366E-02
 5.609E-04  4.69508437810248E-02
 5.686E-04  4.82011768101826E-02
 5.763E-04  4.94845484820624E-02
 5.842E-04  5.08018212471457E-02
 5.922E-04  5.21538796380591E-02
 6.002E-04  5.35416308172788E-02
 6.084E-04  5.49660051376851E-02
 6.167E-04  5.64279567162482E-02
 6.252E-04  5.79284640211143E-02
 6.337E-04  5.94685304723680E-02
 6.423E-04  6.10491850567641E-02
 6.511E-04  6.26714829567174E-02
 6.600E-04  6.43365061938283E-02
 6.690E-04  6.60453642872616E-02
 6.782E-04  6.77991949272737E-02
 6.874E-04  6.95991646641857E-02
 6.968E-04  7.14464696131223E-02
 7.063E-04  7.33423361748307E-02
 7.160E-04  7.52880217728939E-02
 7.257E-04  7.72848156076653E-02
 7.356E-04  7.93340394272562E-02
 7.457E-04  8.14370483158942E-02
 7.559E-04  8.35952315000068E-02
 7.662E-04  8.58100131723523E-02
 7.766E-04  8.80828533345530E-02
 7.872E-04  9.04152486583776E-02
 7.980E-04  9.28087333661189E-02
 8.089E-04  9.52648801304261E-02
 8.199E-04  9.77853009939416E-02
 8.311E-04  1.00371648309122E-01
 8.425E-04  1.03025615698587E-01
 8.540E-04  1.05748939036386E-01
 8.656E-04  1.08543397450526E-01
 8.774E-04  1.11410814347164E-01
 8.894E-04  1.14353058456833E-01
 9.016E-04  1.17372044903056E-01
 9.139E-04  1.20469736293755E-01
 9.264E-04  1.23648143835849E-01
 9.390E-04  1.26909328473384E-01
 9.518E-04  1.30255402049613E-01
 9.648E-04  1.33688528493419E-01
 9.780E-04  1.37210925030437E-01
 9.913E-04  1.40824863419298E-01
 1.005E-03  1.44532671213358E-01
 1.019E-03  1.48336733048330E-01
 1.032E-03  1.52239491956170E-01
 1.047E-03  1.56243450705630E-01
 1.061E-03  1.60351173169879E-01
 1.075E-03  1.64565285721533E-01
 1.090E-03  1.68888478655506E-01
 1.105E-03  1.73323507640077E-01
 1.120E-03  1.77873195196496E-01
 1.135E-03  1.82540432207567E-01
 1.151E-03  1.87328179455521E-01
 1.167E-03  1.92239469189586E-01
 1.182E-03  1.97277406723573E-01
 1.199E-03  2.02445172063864E-01
 1.215E-03  2.07746021568131E-01
 1.232E-03  2.13183289635124E-01
 1.248E-03  2.18760390425836E-01
 1.265E-03  2.24480819616424E-01
 1.283E-03  2.30348156183136E-01
 1.300E-03  2.36366064219549E-01
 1.318E-03  2.42538294786450E-01
 1.336E-03  2.48868687794579E-01
 1.354E-03  2.55361173920526E-01
 1.373E-03  2.62019776556022E-01
 1.391E-03  2.68848613790824E-01
 1.410E-03  2.75851900429470E-01
 1.430E-03  2.83033950042019E-01
 1.449E-03  2.90399177049002E-01
 1.469E-03  2.97952098840725E-01
 1.489E-03  3.05697337931031E-01
 1.509E-03  3.13639624145662E-01
 1.530E-03  3.21783796845273E-01
 1.551E-03  3.30134807183170E-01
 1.572E-03  3.38697720397771E-01
 1.593E-03  3.47477718139824E-01
 1.615E-03  3.56480100834323E-01
 1.637E-03  3.65710290077015E-01
 1.660E-03  3.75173831065480E-01
 1.682E-03  3.84876395064548E-01
 1.705E-03  3.94823781905913E-01
 1.729E-03  4.05021922521738E-01
 1.752E-03  4.15476881511922E-01
 1.776E-03  4.26194859744769E-01
 1.800E-03  4.37182196990664E-01
 1.825E-03  4.48445374588359E-01
 1.850E-03  4.59991018143361E-01
 1.875E-03  4.71825900257968E-01
 1.901E-03  4.83956943292297E-01
 1.927E-03  4.96391222155686E-01
 1.953E-03  5.09135967127766E-01
 1.980E-03  5.22198566708429E-01
 2.007E-03  5.35586570495818E-01
 2.034E-03  5.49307692091436E-01
 2.062E-03  5.63369812031374E-01
 2.090E-03  5.77780980742565E-01
 2.118E-03  5.92549421522912E-01
 2.147E-03  6.07683533544026E-01
 2.177E-03  6.23191894875257E-01
 2.206E-03  6.39083265527529E-01
 2.236E-03  6.55366590515483E-01
 2.267E-03  6.72051002936294E-01
 2.298E-03  6.89145827063341E-01
 2.329E-03  7.06660581452980E-01
 2.361E-03  7.24604982062357E-01
 2.393E-03  7.42988945376159E-01
 2.426E-03  7.61822591540143E-01
 2.459E-03  7.81116247499076E-01
 2.493E-03  8.00880450136510E-01
 2.527E-03  8.21125949413882E-01
 2.561E-03  8.41863711506098E-01
 2.596E-03  8.63104921930669E-01
 2.632E-03  8.84860988667371E-01
 2.668E-03  9.07143545265117E-01
 2.704E-03  9.29964453932695E-01
 2.741E-03  9.53335808609740E-01
 2.778E-03  9.77269938014208E-01
 2.816E-03  1.00177940866241E+00
 2.855E-03  1.02687702785741E+00
 2.894E-03  1.05257584664154E+00
 2.933E-03  1.07888916270844E+00
 2.973E-03  1.10583052326988E+00
 3.014E-03  1.13341372787242E+00
 3.055E-03  1.16165283115867E+00
 3.097E-03  1.19056214556783E+00
 3.139E-03  1.22015624396973E+00
 3.182E-03  1.25044996222662E+00
 3.225E-03  1.28145840167638E+00
 3.269E-03  1.31319693153099E+00
 3.314E-03  1.34568119118332E+00
 3.359E-03  1.37892709241552E+00
 3.405E-03  1.41295082150171E+00
 3.452E-03  1.44776884119736E+00
 3.499E-03  1.48339789260783E+00
 3.546E-03  1.51985499692772E+00
 3.595E-03  1.55715745704275E+00
 3.644E-03  1.59532285898538E+00
 3.694E-03  1.63436907323528E+00
 3.744E-03  1.67431425585517E+00
 3.795E-03  1.71517684945224E+00
 3.847E-03  1.75697558395540E+00
 3.900E-03  1.79972947719764E+00
 3.953E-03  1.84345783529303E+00
 4.007E-03  1.88818025279707E+00
 4.061E-03  1.93391661263901E+00
 4.117E-03  1.98068708581428E+00
 4.173E-03  2.02851213082485E+00
 4.230E-03  2.07741249285477E+00
 4.288E-03  2.12740920266808E+00
 4.346E-03  2.17852357521569E+00
 4.406E-03  2.23077720793715E+00
 4.466E-03  2.28419197874354E+00
 4.527E-03  2.33879004366672E+00
 4.589E-03  2.39459383415978E+00
 4.651E-03  2.45162605403343E+00
 4.715E-03  2.50990967601267E+00
 4.779E-03  2.56946793789713E+00
 4.844E-03  2.63032433830866E+00
 4.911E-03  2.69250263200925E+00
 4.978E-03  2.75602682477137E+00
 5.046E-03  2.82092116778328E+00
 5.114E-03  2.88721015157076E+00
 5.184E-03  2.95491849941672E+00
 5.255E-03  3.02407116025937E+00
 5.327E-03  3.09469330104972E+00
 5.400E-03  3.16681029854836E+00
 5.473E-03  3.24044773054133E+00
 5.548E-03  3.31563136645440E+00
 5.624E-03  3.39238715734489E+00
 5.700E-03  3.47074122524958E+00
 5.778E-03  3.55071985186709E+00
 5.857E-03  3.63234946655289E+00
 5.937E-03  3.71565663360435E+00
 6.018E-03  3.80066803881373E+00
 6.100E-03  3.88741047526591E+00
 6.184E-03  3.97591082835798E+00
 6.268E-03  4.06619606001752E+00
 6.354E-03  4.15829319209603E+00
 6.440E-03  4.25222928891394E+00
 6.528E-03  4.34803143893358E+00
 6.617E-03  4.44572673553622E+00
 6.708E-03  4.54534225687944E+00
 6.799E-03  4.64690504481106E+00
 6.892E-03  4.75044208281550E+00
 6.986E-03  4.85598027296932E+00
 7.082E-03  4.96354641188206E+00
 7.178E-03  5.07316716559901E+00
 7.276E-03  5.18486904344279E+00
 7.376E-03  5.29867837077094E+00
 7.476E-03  5.41462126062693E+00
 7.578E-03  5.53272358426237E+00
 7.682E-03  5.65301094050929E+00
 7.787E-03  5.77550862398101E+00
 7.893E-03  5.90024159208145E+00
 8.001E-03  6.02723443080332E+00
 8.110E-03  6.15651131929616E+00
 8.221E-03  6.28809599318659E+00
 8.333E-03  6.42201170663362E+00
 8.447E-03  6.55828119310340E+00
 8.562E-03  6.69692662484878E+00
 8.679E-03  6.83796957108020E+00
 8.798E-03  6.98143095481650E+00
 8.918E-03  7.12733100840481E+00
 9.039E-03  7.27568922770122E+00
 9.163E-03  7.42652432490551E+00
 9.288E-03  7.57985418004444E+00
 9.415E-03  7.73569579110150E+00
 9.543E-03  7.89406522279197E+00
 9.674E-03  8.05497755398525E+00
 9.806E-03  8.21844682377851E+00
 9.940E-03  8.38448597622891E+00
 1.008E-02  8.55310680375374E+00
 1.021E-02  8.72431988921146E+00
 1.035E-02  8.89813454667947E+00
 1.049E-02  9.07455876094805E+00
 1.064E-02  9.25359912575286E+00
 1.078E-02  9.43526078077300E+00
 1.093E-02  9.61954734742470E+00
 1.108E-02  9.80646086348524E+00
 1.123E-02  9.99600171658610E+00
 1.138E-02  1.01881685766183E+01
 1.154E-02  1.03829583270981E+01
 1.170E-02  1.05803659955466E+01
 1.186E-02  1.07803846829395E+01
 1.202E-02  1.09830054922926E+01
 1.218E-02  1.11882174564505E+01
 1.235E-02  1.13960074651535E+01
 1.252E-02  1.16063601914628E+01
 1.269E-02  1.18192580176323E+01
 1.286E-02  1.20346809605181E+01
 1.304E-02  1.22526065966267E+01
 1.321E-02  1.24730099869086E+01
 1.339E-02  1.26958636014094E+01
 1.358E-02  1.29211372439006E+01
 1.376E-02  1.31487979766181E+01
 1.395E-02  1.33788100452426E+01
 1.414E-02  1.36111348042667E+01
 1.433E-02  1.38457306429005E+01
 1.453E-02  1.40825529116727E+01
 1.473E-02  1.43215538498978E+01
 1.493E-02  1.45626825141832E+01
 1.513E-02  1.48058847081621E+01
 1.534E-02  1.50511029136446E+01
 1.555E-02  1.52982762233882E+01
 1.576E-02  1.55473402757001E+01
 1.598E-02  1.57982271910885E+01
 1.619E-02  1.60508655111930E+01
 1.642E-02  1.63051801402290E+01
 1.664E-02  1.65610922891945E+01
 1.687E-02  1.68185194230911E+01
 1.710E-02  1.70773752114253E+01
 1.733E-02  1.73375694822600E+01
 1.757E-02  1.75990081800970E+01
 1.781E-02  1.78615933278797E+01
 1.805E-02  1.81252229934124E+01
 1.830E-02  1.83897912605000E+01
 1.855E-02  1.86551882051211E+01
 1.880E-02  1.89212998769528E+01
 1.906E-02  1.91880082865735E+01
 1.932E-02  1.94551913986752E+01
 1.958E-02  1.97227231316248E+01
 1.985E-02  1.99904733637150E+01
 2.012E-02  2.02583079464563E+01
 2.039E-02  2.05260887252584E+01
 2.067E-02  2.07936735678587E+01
 2.095E-02  2.10609164008552E+01
 2.124E-02  2.13276672547020E+01
 2.153E-02  2.15937723175290E+01
 2.182E-02  2.18590739981451E+01
 2.212E-02  2.21234109985829E+01
 2.242E-02  2.23866183965425E+01
 2.273E-02  2.26485277380855E+01
 2.304E-02  2.29089671409278E+01
 2.335E-02  2.31677614086721E+01
 2.367E-02  2.34247321563144E+01
 2.400E-02  2.36796979473489E+01
 2.432E-02  2.39324744427845E+01
 2.466E-02  2.41828745623764E+01
 2.499E-02  2.44307086583572E+01
 2.533E-02  2.46757847019427E+01
 2.568E-02  2.49179084828629E+01
 2.603E-02  2.51568838221543E+01
 2.639E-02  2.53925127984252E+01
 2.675E-02  2.56245959877827E+01
 2.711E-02  2.58529327175837E+01
 2.748E-02  2.60773213341458E+01
 2.786E-02  2.62975594845199E+01
 2.824E-02  2.65134444123986E+01
 2.862E-02  2.67247732681951E+01
 2.901E-02  2.69313434332929E+01
 2.941E-02  2.71329528584236E+01
 2.981E-02  2.73294004160934E+01
 3.022E-02  2.75204862669264E+01
 3.063E-02  2.77060122397533E+01
 3.105E-02  2.78857822252189E+01
 3.147E-02  2.80596025826329E+01
 3.190E-02  2.82272825597328E+01
 3.234E-02  2.83886347249711E+01
 3.278E-02  2.85434754118795E+01
 3.323E-02  2.86916251750015E+01
 3.368E-02  2.88329092568225E+01
 3.414E-02  2.89671580650577E+01
 3.461E-02  2.90942076595940E+01
 3.508E-02  2.92139002483094E+01
 3.556E-02  2.93260846909254E+01
 3.604E-02  2.94306170099705E+01
 3.654E-02  2.95273609078645E+01
 3.703E-02  2.96161882890532E+01
 3.754E-02  2.96969797860482E+01
 3.805E-02  2.97696252881516E+01
 3.857E-02  2.98340244715648E+01
 3.910E-02  2.98900873295047E+01
 3.963E-02  2.99377347008734E+01
 4.017E-02  2.99768987959502E+01
 4.072E-02  3.00075237174968E+01
 4.128E-02  3.00295659755953E+01
 4.184E-02  3.00429949944623E+01
 4.241E-02  3.00477936094104E+01
 4.299E-02  3.00439585520632E+01
 4.358E-02  3.00315009218592E+01
 4.417E-02  3.00104466418203E+01
 4.478E-02  2.99808368964999E+01
 4.539E-02  2.99427285499717E+01
 4.601E-02  2.98961945416700E+01
 4.664E-02  2.98413242578475E+01
 4.727E-02  2.97782238763787E+01
 4.792E-02  2.97070166826034E+01
 4.857E-02  2.96278433538807E+01
 4.924E-02  2.95408622105054E+01
 4.991E-02  2.94462494306295E+01
 5.059E-02  2.93441992268291E+01
 5.128E-02  2.92349239819671E+01
 5.198E-02  2.91186543420193E+01
 5.269E-02  2.89956392635564E+01
 5.341E-02  2.88661460136202E+01
 5.414E-02  2.87304601197745E+01
 5.488E-02  2.85888852681781E+01
 5.563E-02  2.84417431476013E+01
 5.639E-02  2.82893732373889E+01
 5.716E-02  2.81321325374793E+01
 5.794E-02  2.79703952386959E+01
 5.873E-02  2.78045523316561E+01
 5.953E-02  2.76350111527836E+01
 6.034E-02  2.74621948660616E+01
 6.116E-02  2.72865418793332E+01
 6.200E-02  2.71085051941384E+01
 6.285E-02  2.69285516882710E+01
 6.370E-02  2.67471613304496E+01
 6.457E-02  2.65648263267207E+01
 6.546E-02  2.63820501984469E+01
 6.635E-02  2.61993467919860E+01
 6.725E-02  2.60172392204264E+01
 6.817E-02  2.58362587380213E+01
 6.910E-02  2.56569435482470E+01
 7.005E-02  2.54798375467109E+01
 7.100E-02  2.53054890004383E+01
 7.197E-02  2.51344491653831E+01
 7.296E-02  2.49672708443311E+01
 7.395E-02  2.48045068876934E+01
 7.496E-02  2.46467086400241E+01
 7.598E-02  2.44944243354336E+01
 7.702E-02  2.43481974454125E+01
 7.807E-02  2.42085649829244E+01
 7.914E-02  2.40760557669671E+01
 8.022E-02  2.39511886521452E+01
 8.132E-02  2.38344707281313E+01
 8.243E-02  2.37263954942280E+01
 8.355E-02  2.36274410145633E+01
 8.469E-02  2.35380680597705E+01
 8.585E-02  2.34587182413065E+01
 8.702E-02  2.33898121448508E+01
 8.821E-02  2.33317474695077E+01
 8.941E-02  2.32848971797881E+01
 9.063E-02  2.32496076775903E+01
 9.187E-02  2.32261970016146E+01
 9.312E-02  2.32149530618449E+01
 9.440E-02  2.32161319168970E+01
 9.568E-02  2.32299561021801E+01
 9.699E-02  2.32566130169299E+01
 9.831E-02  2.32962533782572E+01
 9.966E-02  2.33489897504056E+01
 1.010E-01  2.34148951574304E+01
 1.024E-01  2.34940017874928E+01
 1.038E-01  2.35862997969054E+01
 1.052E-01  2.36917362219751E+01
 1.066E-01  2.38102140065506E+01
 1.081E-01  2.39415911530116E+01
 1.096E-01  2.40856800042177E+01
 1.111E-01  2.42422466636751E+01
 1.126E-01  2.44110105608800E+01
 1.141E-01  2.45916441684481E+01
 1.157E-01  2.47837728772521E+01
 1.173E-01  2.49869750353551E+01
 1.189E-01  2.52007821560507E+01
 1.205E-01  2.54246792997998E+01
 1.221E-01  2.56581056342955E+01
 1.238E-01  2.59004551762788E+01
 1.255E-01  2.61510777180905E+01
 1.272E-01  2.64092799412605E+01
 1.289E-01  2.66743267187173E+01
 1.307E-01  2.69454426064521E+01
 1.325E-01  2.72218135246853E+01
 1.343E-01  2.75025886277712E+01
 1.361E-01  2.77868823612387E+01
 1.380E-01  2.80737767035027E+01
 1.399E-01  2.83623235888984E+01
 1.418E-01  2.86515475077961E+01
 1.437E-01  2.89404482786401E+01
 1.457E-01  2.92280039858408E+01
 1.477E-01  2.95131740765253E+01
 1.497E-01  2.97949026082312E+01
 1.517E-01  3.00721216387126E+01
 1.538E-01  3.03437547481194E+01
 1.559E-01  3.06087206829208E+01
 1.580E-01  3.08659371100693E+01
 1.602E-01  3.11143244690533E+01
 1.624E-01  3.13528099086677E+01
 1.646E-01  3.15803312945437E+01
 1.668E-01  3.17958412727348E+01
 1.691E-01  3.19983113739484E+01
 1.714E-01  3.21867361423611E+01
 1.738E-01  3.23601372723505E+01
 1.761E-01  3.25175677359328E+01
 1.785E-01  3.26581158832121E+01
 1.810E-01  3.27809094977319E+01
 1.834E-01  3.28851197882710E+01
 1.860E-01  3.29699652983583E+01
 1.885E-01  3.30347157145836E+01
 1.911E-01  3.30786955546732E+01
 1.937E-01  3.31012877162728E+01
 1.963E-01  3.31019368674403E+01
 1.990E-01  3.30801526600080E+01
 2.017E-01  3.30355127472180E+01
 2.045E-01  3.29676655873814E+01
 2.073E-01  3.28763330157511E+01
 2.101E-01  3.27613125673416E+01
 2.130E-01  3.26224795340723E+01
 2.159E-01  3.24597887403551E+01
 2.188E-01  3.22732760220969E+01
 2.218E-01  3.20630593950392E+01
 2.248E-01  3.18293398994093E+01
 2.279E-01  3.15724021090186E+01
 2.310E-01  3.12926142941950E+01
 2.342E-01  3.09904282293008E+01
 2.374E-01  3.06663786370336E+01
 2.406E-01  3.03210822632619E+01
 2.439E-01  2.99552365777806E+01
 2.472E-01  2.95696180980982E+01
 2.506E-01  2.91650803351723E+01
 2.540E-01  2.87425513618880E+01
 2.575E-01  2.83030310070260E+01
 2.610E-01  2.78475876794717E+01
 2.646E-01  2.73773548294829E+01
 2.682E-01  2.68935270559342E+01
 2.718E-01  2.63973558705951E+01
 2.755E-01  2.58901451326544E+01
 2.793E-01  2.53732461688725E+01
 2.831E-01  2.48480525969003E+01
 2.870E-01  2.43159948714482E+01
 2.909E-01  2.37785345750942E+01
 2.949E-01  2.32371584775737E+01
 2.989E-01  2.26933723893846E+01
 3.030E-01  2.21486948374383E+01
 3.071E-01  2.16046505922854E+01
 3.113E-01  2.10627640781157E+01
 3.156E-01  2.05245526982624E+01
 3.199E-01  1.99915201103062E+01
 3.242E-01  1.94651494860594E+01
 3.287E-01  1.89468967926949E+01
 3.331E-01  1.84381841320504E+01
 3.377E-01  1.79403931756669E+01
 3.423E-01  1.74548587333998E+01
 3.470E-01  1.69828624934535E+01
 3.517E-01  1.65256269714253E+01
 3.565E-01  1.60843097053958E+01
 3.614E-01  1.56599977332606E+01
 3.663E-01  1.52537023873588E+01
 3.713E-01  1.48663544400263E+01
 3.764E-01  1.44987996319787E+01
 3.815E-01  1.41517946134298E+01
 3.867E-01  1.38260033255856E+01
 3.920E-01  1.35219938476353E+01
 3.974E-01  1.32402357316174E+01
 4.028E-01  1.29810978445907E+01
 4.083E-01  1.27448467344125E+01
 4.139E-01  1.25316455321586E+01
 4.195E-01  1.23415534008278E+01
 4.252E-01  1.21745255365053E+01
 4.311E-01  1.20304137246299E+01
 4.369E-01  1.19089674504603E+01
 4.429E-01  1.18098355592875E+01
 4.489E-01  1.17325684584172E+01
 4.551E-01  1.16766208494711E+01
 4.613E-01  1.16413549761525E+01
 4.676E-01  1.16260443692947E+01
 4.740E-01  1.16298780677897E+01
 4.804E-01  1.16519652908821E+01
 4.870E-01  1.16913405343275E+01
 4.936E-01  1.17469690600742E+01
 5.004E-01  1.18177527464406E+01
 5.072E-01  1.19025362632517E+01
 5.141E-01  1.20001135340855E+01
 5.212E-01  1.21092344456874E+01
 5.283E-01  1.22286117627557E+01
 5.355E-01  1.23569282047157E+01
 5.428E-01  1.24928436398062E+01
 5.502E-01  1.26350023508165E+01
 5.577E-01  1.27820403261718E+01
 5.653E-01  1.29325925297683E+01
 5.731E-01  1.30853001030450E+01
 5.809E-01  1.32388174532368E+01
 5.888E-01  1.33918191826039E+01
 5.969E-01  1.35430068146729E+01
 6.050E-01  1.36911152751445E+01
 6.133E-01  1.38349190871241E+01
 6.216E-01  1.39732382426843E+01
 6.301E-01  1.41049437154633E+01
 6.387E-01  1.42289625820083E+01
 6.474E-01  1.43442827228574E+01
 6.563E-01  1.44499570778845E+01
 6.652E-01  1.45451074341691E+01
 6.743E-01  1.46289277285572E+01
 6.835E-01  1.47006868511021E+01
 6.929E-01  1.47597309396807E+01
 7.023E-01  1.48054851602101E+01
 7.119E-01  1.48374549710138E+01
 7.216E-01  1.48552268739450E+01
 7.315E-01  1.48584686588379E+01
 7.415E-01  1.48469291516729E+01
 7.516E-01  1.48204374804786E+01
 7.618E-01  1.47789018764154E+01
 7.723E-01  1.47223080306574E+01
 7.828E-01  1.46507170305903E+01
 7.935E-01  1.45642629014429E+01
 8.043E-01  1.44631497817598E+01
 8.153E-01  1.43476487630771E+01
 8.264E-01  1.42180944257861E+01
 8.377E-01  1.40748811044454E+01
 8.491E-01  1.39184589167382E+01
 8.607E-01  1.37493295908705E+01
 8.725E-01  1.35680421264703E+01
 8.844E-01  1.33751883240037E+01
 8.965E-01  1.31713982173669E+01
 9.087E-01  1.29573354436806E+01
 9.211E-01  1.27336925834100E+01
 9.337E-01  1.25011865027938E+01
 9.464E-01  1.22605537292039E+01
 9.594E-01  1.20125458885064E+01
 9.725E-01  1.17579252317732E+01
 9.857E-01  1.14974602768332E+01
 9.992E-01  1.12319215881732E+01
 1.013E+00  1.09620777166345E+01
 1.027E+00  1.06886913182134E+01
 1.041E+00  1.04125154690999E+01
 1.055E+00  1.01342901918918E+01
 1.069E+00  9.85473920572284E+00
 1.084E+00  9.57456691086883E+00
 1.099E+00  9.29445561625043E+00
 1.114E+00  9.01506301616610E+00
 1.129E+00  8.73701992056301E+00
 1.144E+00  8.46092824121062E+00
 1.160E+00  8.18735923428459E+00
 1.176E+00  7.91685199811077E+00
 1.192E+00  7.64991222316450E+00
 1.208E+00  7.38701118987747E+00
 1.225E+00  7.12858500837536E+00
 1.241E+00  6.87503409295905E+00
 1.258E+00  6.62672286295137E+00
 1.275E+00  6.38397966046181E+00
 1.293E+00  6.14709687467344E+00
 1.310E+00  5.91633126142780E+00
 1.328E+00  5.69190444617540E+00
 1.347E+00  5.47400359776765E+00
 1.365E+00  5.26278226008917E+00
 1.384E+00  5.05836132816493E+00
 1.402E+00  4.86083015511989E+00
 1.422E+00  4.67024777621759E+00
 1.441E+00  4.48664423615329E+00
 1.461E+00  4.31002200582339E+00
 1.481E+00  4.14035747493052E+00
 1.501E+00  3.97760250700896E+00
 1.521E+00  3.82168604376163E+00
 1.542E+00  3.67251574598395E+00
 1.563E+00  3.52997965880348E+00
 1.584E+00  3.39394788948407E+00
 1.606E+00  3.26427428662030E+00
 1.628E+00  3.14079811017818E+00
 1.650E+00  3.02334568251263E+00
 1.673E+00  2.91173201120535E+00
 1.696E+00  2.80576237531080E+00
 1.719E+00  2.70523386736549E+00
 1.742E+00  2.60993688429944E+00
 1.766E+00  2.51965656118120E+00
 1.790E+00  2.43417414252155E+00
 1.815E+00  2.35326828664847E+00
 1.839E+00  2.27671629944133E+00
 1.864E+00  2.20429529446711E+00
 1.890E+00  2.13578327729166E+00
 1.916E+00  2.07096015243690E+00
 1.942E+00  2.00960865211730E+00
 1.968E+00  1.95151518651024E+00
 1.995E+00  1.89647061589226E+00
 2.022E+00  1.84427094550343E+00
 2.050E+00  1.79471794448345E+00
 2.078E+00  1.74761969065448E+00
 2.106E+00  1.70279104330602E+00
 2.135E+00  1.66005404646789E+00
 2.164E+00  1.61923826543793E+00
 2.194E+00  1.58018105956455E+00
 2.224E+00  1.54272779447123E+00
 2.254E+00  1.50673199705439E+00
 2.285E+00  1.47205545668908E+00
 2.316E+00  1.43856827614310E+00
 2.348E+00  1.40614887573134E+00
 2.380E+00  1.37468395424284E+00
 2.412E+00  1.34406841014537E+00
 2.445E+00  1.31420522652059E+00
 2.479E+00  1.28500532310970E+00
 2.513E+00  1.25638737875791E+00
 2.547E+00  1.22827762743913E+00
 2.582E+00  1.20060963092333E+00
 2.617E+00  1.17332403101895E+00
 2.653E+00  1.14636828418624E+00
 2.689E+00  1.11969638117442E+00
 2.725E+00  1.09326855418960E+00
 2.763E+00  1.06705097395245E+00
 2.800E+00  1.04101543885636E+00
 2.839E+00  1.01513905829022E+00
 2.877E+00  9.89403932044945E-01
 2.917E+00  9.63796827582166E-01
 2.956E+00  9.38308856806292E-01
 2.997E+00  9.12935153849538E-01
 3.038E+00  8.87674555253032E-01
 3.079E+00  8.62529283806849E-01
 3.121E+00  8.37504637197749E-01
 3.164E+00  8.12608682505802E-01
 3.207E+00  7.87851957490025E-01
 3.251E+00  7.63247179508571E-01
 3.295E+00  7.38808962830844E-01
 3.340E+00  7.14553545016882E-01
 3.386E+00  6.90498522963269E-01
 3.432E+00  6.66662599144281E-01
 3.479E+00  6.43065338511652E-01
 3.526E+00  6.19726936455764E-01
 3.575E+00  5.96667998174836E-01
 3.623E+00  5.73909329746256E-01
 3.673E+00  5.51471741145237E-01
 3.723E+00  5.29375861409769E-01
 3.774E+00  5.07641966107184E-01
 3.825E+00  4.86289817215874E-01
 3.878E+00  4.65338515495513E-01
 3.930E+00  4.44806365380124E-01
 3.984E+00  4.24710752390017E-01
 4.039E+00  4.05068033020955E-01
 4.094E+00  3.85893437031373E-01
 4.150E+00  3.67200982011026E-01
 4.206E+00  3.49003400076930E-01
 4.264E+00  3.31312076504748E-01
 4.322E+00  3.14137000065889E-01
 4.381E+00  2.97486724802591E-01
 4.441E+00  2.81368342935195E-01
 4.501E+00  2.65787468557932E-01
 4.563E+00  2.50748231741953E-01
 4.625E+00  2.36253282627378E-01
 4.688E+00  2.22303805050110E-01
 4.752E+00  2.08899539214338E-01
 4.817E+00  1.96038812888510E-01
 4.883E+00  1.83718580571383E-01
 4.950E+00  1.71934470045972E-01
 5.017E+00  1.60680835713312E-01
 5.086E+00  1.49950818075122E-01
 5.155E+00  1.39736408715309E-01
 5.225E+00  1.30028520114934E-01
 5.297E+00  1.20817059624201E-01
 5.369E+00  1.12091006908448E-01
 5.442E+00  1.03838494183244E-01
 5.517E+00  9.60468885566830E-02
 5.592E+00  8.87028758048843E-02
 5.668E+00  8.17925449196440E-02
 5.746E+00  7.53014727850124E-02
 5.824E+00  6.92148083622667E-02
 5.904E+00  6.35173557900509E-02
 5.984E+00  5.81936558381518E-02
 6.066E+00  5.32280651891379E-02
 6.149E+00  4.86048330615222E-02
 6.233E+00  4.43081747307884E-02
 6.318E+00  4.03223415500526E-02
 6.404E+00  3.66316871197928E-02
 6.491E+00  3.32207293054149E-02
 6.580E+00  3.00742078518544E-02
 6.670E+00  2.71771373953389E-02
 6.761E+00  2.45148557232810E-02
 6.853E+00  2.20730671834480E-02
 6.947E+00  1.98378811925034E-02
 7.042E+00  1.77958458411922E-02
 7.138E+00  1.59339766383714E-02
 7.235E+00  1.42397804782993E-02
 7.334E+00  1.27012749547020E-02
 7.434E+00  1.13070031808003E-02
 7.536E+00  1.00460443064086E-02
 7.639E+00  8.90801995121219E-03
 7.743E+00  7.88309679723200E-03
 7.849E+00  6.96198560322634E-03
 7.956E+00  6.13593691932187E-03
 8.064E+00  5.39673379157987E-03
 8.174E+00  4.73668175357914E-03
 8.286E+00  4.14859640559955E-03
 8.399E+00  3.62578888182643E-03
 8.514E+00  3.16204950241818E-03
 8.630E+00  2.75162990057351E-03
 8.748E+00  2.38922390521690E-03
 8.867E+00  2.06994744792793E-03
 8.988E+00  1.78931774862350E-03
 9.111E+00  1.54323201862042E-03
 9.235E+00  1.32794590241528E-03
 9.362E+00  1.14005186117454E-03
 9.489E+00  9.76457681869866E-04
 9.619E+00  8.34365276544408E-04
 9.750E+00  7.11249916658612E-04
 9.883E+00  6.04840028115361E-04
 1.002E+01  5.13097653653849E-04
 1.016E+01  4.34199671048627E-04
 1.029E+01  3.66519838143398E-04
 1.043E+01  3.08611719345128E-04
 1.058E+01  2.59192532927261E-04
 1.072E+01  2.17127944436747E-04
 1.087E+01  1.81417818732839E-04
 1.102E+01  1.51182931743547E-04
 1.117E+01  1.25652632920479E-04
 1.132E+01  1.04153440593534E-04
 1.147E+01  8.60985449425619E-05
 1.163E+01  7.09781870650771E-05
 1.179E+01  5.83508775640836E-05
 1.195E+01  4.78354141334248E-05
 1.211E+01  3.91036546959513E-05
 1.228E+01  3.18740006618966E-05
 1.245E+01  2.59055437271866E-05
 1.262E+01  2.09928292281857E-05
 1.279E+01  1.69611893152191E-05
 1.296E+01  1.36626000085656E-05
 1.314E+01  1.09720174677595E-05
 1.332E+01  8.78415045270360E-06
 1.350E+01  7.01062790377238E-06
 1.368E+01  5.57752274464012E-06
 1.387E+01  4.42319534961420E-06
 1.406E+01  3.49642255764083E-06
 1.425E+01  2.75478060577810E-06
 1.445E+01  2.16325285085008E-06
 1.464E+01  1.69303561112759E-06
 1.484E+01  1.32051785866531E-06
 1.505E+01  1.02641280197410E-06
 1.525E+01  7.95021598240258E-07
 1.546E+01  6.13611509658714E-07
 1.567E+01  4.71892759539621E-07
 1.589E+01  3.61580144962042E-07
 1.610E+01  2.76028710663942E-07
 1.632E+01  2.09939501510272E-07
 1.655E+01  1.59076349557356E-07
 1.677E+01  1.20078966187528E-07
 1.700E+01  9.02934237652773E-08
 1.723E+01  6.76317790891417E-08
 1.747E+01  5.04578020180346E-08
 1.771E+01  3.74943340878864E-08
 1.795E+01  2.77484923165604E-08
 1.819E+01  2.04515321842949E-08
 1.844E+01  1.50107002419347E-08
 1.869E+01  1.09708499457340E-08
 1.895E+01  7.98397257587800E-09
 1.921E+01  5.78511629393706E-09
 1.947E+01  4.17343772896158E-09
 1.974E+01  2.99735850901599E-09
 2.000E+01  2.14298979599885E-09
 2.028E+01  1.52514644089433E-09
 2.055E+01  1.08040356851363E-09
 2.084E+01  7.61756383745605E-10
 2.112E+01  5.34532406584890E-10
 2.141E+01  3.73277356424355E-10
 2.170E+01  2.59394250358214E-10
 2.200E+01  1.79362299011801E-10
 2.230E+01  1.23399872584809E-10
 2.260E+01  8.44658579524865E-11
 2.291E+01  5.75175540235219E-11
 2.322E+01  3.89620421410431E-11
 2.354E+01  2.62527042303189E-11
 2.386E+01  1.75940539549329E-11
 2.419E+01  1.17269589449944E-11
 2.452E+01  7.77320517523805E-12
 2.485E+01  5.12362434833131E-12
 2.519E+01  3.35802235354644E-12
 2.554E+01  2.18819140256429E-12
 2.588E+01  1.41758222894566E-12
 2.624E+01  9.12930626068982E-13
 2.660E+01  5.84411448913659E-13
 2.696E+01  3.71839440440949E-13
 2.733E+01  2.35132074934811E-13
 2.770E+01  1.47758127279299E-13
 2.808E+01  9.22649708339832E-14
 2.846E+01  5.72440919571996E-14
 2.885E+01  3.52853728817221E-14
 2.924E+01  2.16067932386060E-14
 2.964E+01  1.31425095755232E-14
 3.005E+01  7.93997162828100E-15
 3.046E+01  4.76400270849955E-15
 3.087E+01  2.83855058203098E-15
 3.130E+01  1.67938973651437E-15
 3.172E+01  9.86494427288069E-16
 3.216E+01  5.75285668244976E-16
 3.259E+01  3.33023715890094E-16
 3.304E+01  1.91348817367197E-16
 3.349E+01  1.09116679601030E-16
 3.395E+01  6.17484931149485E-17
 3.441E+01  3.46725638975420E-17
 3.488E+01  1.93162941794295E-17
 3.536E+01  1.06756218937880E-17
 3.584E+01  5.85257106587388E-18
 3.633E+01  3.18226484385713E-18
 3.683E+01  1.71598456139037E-18
 3.733E+01  9.17547410810586E-19
 3.784E+01  4.86442724988662E-19
 3.835E+01  2.55665582106762E-19
 3.888E+01  1.33198329631191E-19
 3.941E+01  6.87795210933895E-20
 3.995E+01  3.51965877194644E-20
 4.049E+01  1.78471751012210E-20
 4.104E+01  8.96626668196412E-21
 4.161E+01  4.46243655371763E-21
 4.217E+01  2.19985943580251E-21
 4.275E+01  1.07404817184678E-21
 4.333E+01  5.19279578846992E-22
 4.392E+01  2.48581785390676E-22
 4.452E+01  1.17806448632835E-22
 4.513E+01  5.52638135931881E-23
 4.575E+01  2.56580813145174E-23
 4.637E+01  1.17884781417347E-23
 4.701E+01  5.35894675475564E-24
 4.765E+01  2.41005191980229E-24
 4.830E+01  1.07209350692600E-24
 4.896E+01  4.71670853648054E-25
 4.963E+01  2.05200914814070E-25
 5.030E+01  8.82655429443516E-26
 5.099E+01  3.75333837054025E-26
 5.169E+01  1.57766905972060E-26
 5.239E+01  6.55509852866688E-27
 5.311E+01  2.69273813957146E-27
 5.383E+01  1.09442235679395E-27
 5.457E+01  4.41049786313589E-28
 5.531E+01  1.77260863855444E-28
 5.607E+01  0.00000000000000E+00
 5.683E+01  0.00000000000000E+00
 5.761E+01  0.00000000000000E+00
 5.839E+01  0.00000000000000E+00
 5.919E+01  0.00000000000000E+00
 6.000E+01  0.00000000000000E+00
