line2: Z,NR,R(1),R(NR) /line3,4,...: R(N),RHO*4*PI*R(N)**2
43.00  2000  1.01365245284744E-10  6.00000000000000E+01
 1.014E-10  4.86017727828075E-14
 1.027E-10  4.98695432706826E-14
 1.042E-10  5.11703833755460E-14
 1.056E-10  5.53727077144212E-14
 1.070E-10  5.68170970986959E-14
 1.085E-10  5.82991631794035E-14
 1.100E-10  5.98198887476020E-14
 1.115E-10  6.13802822308051E-14
 1.130E-10  6.29813783610040E-14
 1.145E-10  6.46242388610902E-14
 1.161E-10  6.63099531488370E-14
 1.177E-10  6.80396390593303E-14
 1.193E-10  6.98144435862315E-14
 1.209E-10  7.16355436423708E-14
 1.226E-10  7.35041468401799E-14
 1.242E-10  7.54214922924953E-14
 1.259E-10  7.73888514342440E-14
 1.276E-10  7.94075288655516E-14
 1.294E-10  8.14788632168554E-14
 1.312E-10  8.36042280365849E-14
 1.329E-10  8.57850327019852E-14
 1.348E-10  8.80227233537077E-14
 1.366E-10  9.03187838547900E-14
 1.385E-10  9.26747367746211E-14
 1.404E-10  9.50921443986053E-14
 1.423E-10  9.75726097641449E-14
 1.442E-10  1.00117777723643E-13
 1.462E-10  1.02729336035255E-13
 1.482E-10  1.05409016482066E-13
 1.502E-10  1.08158596020491E-13
 1.523E-10  1.10979897958593E-13
 1.543E-10  1.13874793165179E-13
 1.564E-10  1.16845201310407E-13
 1.586E-10  1.19893092138758E-13
 1.607E-10  1.23020486775233E-13
 1.629E-10  1.26229459065593E-13
 1.652E-10  1.29522136951572E-13
 1.674E-10  1.32900703881966E-13
 1.697E-10  1.36367400260538E-13
 1.720E-10  1.39924524931656E-13
 1.744E-10  1.43574436704732E-13
 1.767E-10  1.47319555918398E-13
 1.792E-10  1.51162366045470E-13
 1.816E-10  1.55105415339810E-13
 1.841E-10  1.59151318526120E-13
 1.866E-10  1.63302758533845E-13
 1.891E-10  1.67562488276258E-13
 1.917E-10  1.71933332475993E-13
 1.943E-10  1.76418189538180E-13
 1.970E-10  1.81020033472440E-13
 1.997E-10  1.85741915865025E-13
 2.024E-10  1.90586967902383E-13
 2.052E-10  1.95558402447528E-13
 2.080E-10  2.00659516170551E-13
 2.108E-10  2.05893691734723E-13
 2.137E-10  2.11264400039620E-13
 2.166E-10  2.16775202522736E-13
 2.196E-10  2.22429753521170E-13
 2.226E-10  2.28231802694902E-13
 2.256E-10  2.34185197513252E-13
 2.287E-10  2.40293885806269E-13
 2.318E-10  2.46561918382561E-13
 2.350E-10  2.52993451715511E-13
 2.382E-10  2.59592750699566E-13
 2.414E-10  2.66364191478333E-13
 2.447E-10  2.73312264346481E-13
 2.481E-10  2.80441576727426E-13
 2.515E-10  2.87756856228584E-13
 2.549E-10  2.95262953776316E-13
 2.584E-10  3.02964846832729E-13
 2.619E-10  3.10867642696344E-13
 2.655E-10  3.18976581888851E-13
 2.691E-10  3.27297041630191E-13
 2.728E-10  3.35834539404350E-13
 2.765E-10  3.44594736618125E-13
 2.803E-10  3.53583442355289E-13
 2.841E-10  3.62806617228765E-13
 2.880E-10  3.72270377333243E-13
 2.919E-10  3.81980998300859E-13
 2.959E-10  3.91944919462748E-13
 2.999E-10  4.02168748119093E-13
 3.040E-10  4.12659263920598E-13
 3.082E-10  4.23423423364168E-13
 3.124E-10  4.34468364405959E-13
 3.166E-10  4.45801411194750E-13
 3.210E-10  4.57430078928689E-13
 3.253E-10  4.69362078838806E-13
 3.298E-10  4.81605323302534E-13
 3.343E-10  4.94167931090543E-13
 3.389E-10  5.07058232750489E-13
 3.435E-10  5.20284776131221E-13
 3.482E-10  5.33856332050993E-13
 3.529E-10  5.47781900113670E-13
 3.577E-10  5.62070714676484E-13
 3.626E-10  5.76732250973575E-13
 3.676E-10  5.91776231399252E-13
 3.726E-10  6.07212631955128E-13
 3.777E-10  6.23051688865398E-13
 3.828E-10  6.39303905364699E-13
 3.881E-10  6.55980058663108E-13
 3.934E-10  6.73091207092743E-13
 3.987E-10  6.90648697440697E-13
 4.042E-10  7.08664172473403E-13
 4.097E-10  7.27149578657291E-13
 4.153E-10  7.46117174080644E-13
 4.210E-10  7.65579536582231E-13
 4.267E-10  7.85549572092031E-13
 4.325E-10  8.06040523189380E-13
 4.384E-10  8.27065977884367E-13
 4.444E-10  8.48639878628483E-13
 4.505E-10  8.70776531560119E-13
 4.566E-10  8.93490615991166E-13
 4.629E-10  9.16797194141391E-13
 4.692E-10  9.40711721126499E-13
 4.756E-10  9.65250055206570E-13
 4.821E-10  9.90428468302216E-13
 4.887E-10  1.01626365678481E-12
 4.953E-10  1.04277275254825E-12
 5.021E-10  1.06997333436947E-12
 5.090E-10  1.09788343956529E-12
 5.159E-10  1.12652157595341E-12
 5.230E-10  1.15590673412530E-12
 5.301E-10  1.18605840003939E-12
 5.373E-10  1.21699656794262E-12
 5.447E-10  1.24874175362892E-12
 5.521E-10  1.28131500804389E-12
 5.596E-10  1.31473793124408E-12
 5.673E-10  1.34903268672041E-12
 5.750E-10  1.38422201609539E-12
 5.829E-10  1.42032925420349E-12
 5.908E-10  1.45737834456510E-12
 5.989E-10  1.49539385526393E-12
 6.071E-10  1.53440099523867E-12
 6.154E-10  1.57442563099957E-12
 6.238E-10  1.61549430378116E-12
 6.323E-10  1.65763424714236E-12
 6.409E-10  1.70087340502563E-12
 6.497E-10  1.74524045028719E-12
 6.585E-10  1.79076480371058E-12
 6.675E-10  1.83747665351649E-12
 6.766E-10  1.88540697538087E-12
 6.859E-10  1.93458755297581E-12
 6.952E-10  1.98505099904605E-12
 7.047E-10  2.03683077703538E-12
 7.144E-10  2.08996122327638E-12
 7.241E-10  2.14447756976008E-12
 7.340E-10  2.20041596749925E-12
 7.440E-10  2.25781351050042E-12
 7.542E-10  2.31670826036220E-12
 7.645E-10  2.37713927151432E-12
 7.749E-10  2.43914661711609E-12
 7.855E-10  2.50277141562939E-12
 7.962E-10  2.56805585808517E-12
 8.071E-10  2.63504323606153E-12
 8.181E-10  2.70377797039129E-12
 8.293E-10  2.77430564061855E-12
 8.406E-10  2.84667301522274E-12
 8.521E-10  2.92092808263288E-12
 8.637E-10  2.99712008304931E-12
 8.755E-10  3.07529954109576E-12
 8.874E-10  3.15551829932384E-12
 8.996E-10  3.23782955259045E-12
 9.118E-10  3.32228788333301E-12
 9.243E-10  3.40894929776371E-12
 9.369E-10  3.49787126300907E-12
 9.497E-10  3.58911274521730E-12
 9.627E-10  3.68273424866025E-12
 9.758E-10  3.77879785585497E-12
 9.891E-10  3.87736726873196E-12
 1.003E-09  3.97850785087771E-12
 1.016E-09  4.08228667087832E-12
 1.030E-09  4.18877254679466E-12
 1.044E-09  4.29803609179648E-12
 1.059E-09  4.41014976098796E-12
 1.073E-09  4.52518789945476E-12
 1.088E-09  4.64322679156302E-12
 1.102E-09  4.76434471154562E-12
 1.118E-09  4.88862197540757E-12
 1.133E-09  5.01614099418574E-12
 1.148E-09  5.14698632859684E-12
 1.164E-09  5.28124474511137E-12
 1.180E-09  5.41900527349103E-12
 1.196E-09  5.56035926582614E-12
 1.212E-09  5.70540045711329E-12
 1.229E-09  5.85422502741240E-12
 1.246E-09  6.00693166562671E-12
 1.263E-09  6.16362163494560E-12
 1.280E-09  6.32439883999358E-12
 1.297E-09  6.48936989573274E-12
 1.315E-09  6.65864419816093E-12
 1.333E-09  6.83233399685462E-12
 1.351E-09  7.01055446940463E-12
 1.370E-09  7.19342379779211E-12
 1.388E-09  7.38106324675842E-12
 1.407E-09  7.57359724421848E-12
 1.426E-09  7.77115346377058E-12
 1.446E-09  7.97386290936078E-12
 1.466E-09  8.18186000215434E-12
 1.486E-09  8.39528266967220E-12
 1.506E-09  8.61427243725576E-12
 1.527E-09  8.83897452191400E-12
 1.547E-09  9.06953792861977E-12
 1.568E-09  9.30611554912022E-12
 1.590E-09  9.54886426332063E-12
 1.612E-09  9.79794504331617E-12
 1.634E-09  1.00535230601356E-11
 1.656E-09  1.03157677932692E-11
 1.679E-09  1.05848531430564E-11
 1.701E-09  1.08609575460010E-11
 1.725E-09  1.11442640930959E-11
 1.748E-09  1.14349606512374E-11
 1.772E-09  1.17332399878018E-11
 1.796E-09  1.20392998984731E-11
 1.821E-09  1.23533433384089E-11
 1.846E-09  1.26755785568206E-11
 1.871E-09  1.30062192350698E-11
 1.896E-09  1.33454846283664E-11
 1.922E-09  1.36935997111586E-11
 1.949E-09  1.40507953263211E-11
 1.975E-09  1.44173083382314E-11
 2.002E-09  1.47933817898379E-11
 2.029E-09  1.51792650638302E-11
 2.057E-09  1.55752140480076E-11
 2.085E-09  1.59814913049645E-11
 2.114E-09  1.63983662462030E-11
 2.143E-09  1.68261153107841E-11
 2.172E-09  1.72650221486406E-11
 2.201E-09  1.77153778086716E-11
 2.232E-09  1.81774809317437E-11
 2.262E-09  1.86516379487258E-11
 2.293E-09  1.91381632836923E-11
 2.324E-09  1.96373795624213E-11
 2.356E-09  2.01496178263361E-11
 2.388E-09  2.06752177520273E-11
 2.421E-09  2.12145278764994E-11
 2.454E-09  2.17679058282911E-11
 2.487E-09  2.23357185646282E-11
 2.521E-09  2.29183426147628E-11
 2.556E-09  2.35161643296541E-11
 2.590E-09  2.41295801381701E-11
 2.626E-09  2.47589968099651E-11
 2.662E-09  2.54048317252188E-11
 2.698E-09  2.60675131514122E-11
 2.735E-09  2.67474805273163E-11
 2.772E-09  2.74451847543990E-11
 2.810E-09  2.81610884958238E-11
 2.848E-09  2.88956664832513E-11
 2.887E-09  2.96494058316515E-11
 2.927E-09  3.04228063623093E-11
 2.967E-09  3.12163809342733E-11
 3.007E-09  3.20306557844464E-11
 3.048E-09  3.28661708765365E-11
 3.090E-09  3.37234802591245E-11
 3.132E-09  3.46031524330671E-11
 3.175E-09  3.55057707284768E-11
 3.218E-09  3.64319336915421E-11
 3.262E-09  3.73822554814412E-11
 3.307E-09  3.83573662775991E-11
 3.352E-09  3.93579126975743E-11
 3.398E-09  4.03845582258427E-11
 3.444E-09  4.14379836537766E-11
 3.491E-09  4.25188875310881E-11
 3.539E-09  4.36279866290422E-11
 3.587E-09  4.47660164157782E-11
 3.636E-09  4.59337315440090E-11
 3.685E-09  4.71319063514493E-11
 3.736E-09  4.83613353742871E-11
 3.787E-09  4.96228338740660E-11
 3.838E-09  5.09172383783057E-11
 3.891E-09  5.22454072352123E-11
 3.944E-09  5.36082211828708E-11
 3.998E-09  5.50065839332852E-11
 4.052E-09  5.64414227716448E-11
 4.108E-09  5.79136891712288E-11
 4.164E-09  5.94243594243474E-11
 4.221E-09  6.09744352897443E-11
 4.278E-09  6.25649446568859E-11
 4.337E-09  6.41969422275683E-11
 4.396E-09  6.58715102153208E-11
 4.456E-09  6.75897590630434E-11
 4.517E-09  6.93528281793644E-11
 4.578E-09  7.11618866942021E-11
 4.641E-09  7.30181342340496E-11
 4.704E-09  7.49228017174678E-11
 4.769E-09  7.68771521713259E-11
 4.834E-09  7.88824815683512E-11
 4.900E-09  8.09401196865210E-11
 4.967E-09  8.30514309908447E-11
 5.034E-09  8.52178155381938E-11
 5.103E-09  8.74407099056973E-11
 5.173E-09  8.97215881433646E-11
 5.243E-09  9.20619627515740E-11
 5.315E-09  9.44633856840174E-11
 5.388E-09  9.69274493768570E-11
 5.461E-09  9.94557878046965E-11
 5.536E-09  1.02050077564098E-10
 5.611E-09  1.04712038985378E-10
 5.688E-09  1.07443437273387E-10
 5.765E-09  1.10246083678052E-10
 5.844E-09  1.13121836695470E-10
 5.924E-09  1.16072603300299E-10
 6.005E-09  1.19100340210315E-10
 6.087E-09  1.22207055183964E-10
 6.170E-09  1.25394808351737E-10
 6.254E-09  1.28665713582286E-10
 6.340E-09  1.32021939884177E-10
 6.426E-09  1.35465712844213E-10
 6.514E-09  1.38999316103263E-10
 6.603E-09  1.42625092870573E-10
 6.693E-09  1.46345447477618E-10
 6.784E-09  1.50162846972472E-10
 6.877E-09  1.54079822755722E-10
 6.971E-09  1.58098972259130E-10
 7.066E-09  1.62222960668028E-10
 7.162E-09  1.66454522688644E-10
 7.260E-09  1.70796464361581E-10
 7.359E-09  1.75251664922515E-10
 7.460E-09  1.79823078711495E-10
 7.562E-09  1.84513737132048E-10
 7.665E-09  1.89326750661326E-10
 7.770E-09  1.94265310912754E-10
 7.876E-09  1.99332692752437E-10
 7.983E-09  2.04532256470805E-10
 8.092E-09  2.09867450010898E-10
 8.203E-09  2.15341811254724E-10
 8.315E-09  2.20958970369357E-10
 8.428E-09  2.26722652214128E-10
 8.543E-09  2.32636678810692E-10
 8.660E-09  2.38704971877481E-10
 8.778E-09  2.44931555430215E-10
 8.898E-09  2.51320558450399E-10
 9.019E-09  2.57876217623285E-10
 9.142E-09  2.64602880147324E-10
 9.267E-09  2.71505006616849E-10
 9.394E-09  2.78587173979989E-10
 9.522E-09  2.85854078573771E-10
 9.652E-09  2.93310539238344E-10
 9.784E-09  3.00961500512429E-10
 9.917E-09  3.08812035912117E-10
 1.005E-08  3.16867351295292E-10
 1.019E-08  3.25132788313683E-10
 1.033E-08  3.33613827955039E-10
 1.047E-08  3.42316094177667E-10
 1.061E-08  3.51245357639792E-10
 1.076E-08  3.60407539526216E-10
 1.090E-08  3.69808715474759E-10
 1.105E-08  3.79455119605116E-10
 1.120E-08  3.89353148652842E-10
 1.136E-08  3.99509366211161E-10
 1.151E-08  4.09930507083392E-10
 1.167E-08  4.20623481748945E-10
 1.183E-08  4.31595380945773E-10
 1.199E-08  4.42853480372410E-10
 1.215E-08  4.54405245512597E-10
 1.232E-08  4.66258336585823E-10
 1.249E-08  4.78420613626898E-10
 1.266E-08  4.90900141698126E-10
 1.283E-08  5.03705196237516E-10
 1.301E-08  5.16844268546181E-10
 1.318E-08  5.30326071419205E-10
 1.336E-08  5.44159544923288E-10
 1.355E-08  5.58353862324937E-10
 1.373E-08  5.72918436173597E-10
 1.392E-08  5.87862924543186E-10
 1.411E-08  6.03197237436560E-10
 1.430E-08  6.18931543357055E-10
 1.450E-08  6.35076276051421E-10
 1.470E-08  6.51642141428533E-10
 1.490E-08  6.68640124658800E-10
 1.510E-08  6.86081497458615E-10
 1.531E-08  7.03977825564775E-10
 1.551E-08  7.22340976403941E-10
 1.573E-08  7.41183126962231E-10
 1.594E-08  7.60516771859969E-10
 1.616E-08  7.80354731637013E-10
 1.638E-08  8.00710161254374E-10
 1.660E-08  8.21596558817499E-10
 1.683E-08  8.43027774527095E-10
 1.706E-08  8.65018019863478E-10
 1.729E-08  8.87581877010413E-10
 1.753E-08  9.10734308524790E-10
 1.777E-08  9.34490667258746E-10
 1.801E-08  9.58866706540193E-10
 1.826E-08  9.83878590619209E-10
 1.851E-08  1.00954290538690E-09
 1.876E-08  1.03587666937376E-09
 1.901E-08  1.06289734503489E-09
 1.927E-08  1.09062285032975E-09
 1.954E-08  1.11907157060384E-09
 1.980E-08  1.14826237078028E-09
 2.007E-08  1.17821460786964E-09
 2.035E-08  1.20894814380563E-09
 2.063E-08  1.24048335861612E-09
 2.091E-08  1.27284116393749E-09
 2.119E-08  1.30604301688131E-09
 2.148E-08  1.34011093426303E-09
 2.178E-08  1.37506750720172E-09
 2.207E-08  1.41093591610057E-09
 2.237E-08  1.44773994601820E-09
 2.268E-08  1.48550400244105E-09
 2.299E-08  1.52425312746680E-09
 2.330E-08  1.56401301641042E-09
 2.362E-08  1.60481003484312E-09
 2.394E-08  1.64667123607579E-09
 2.427E-08  1.68962437909830E-09
 2.460E-08  1.73369794698720E-09
 2.494E-08  1.77892116579330E-09
 2.528E-08  1.82532402392155E-09
 2.562E-08  1.87293729201733E-09
 2.597E-08  1.92179254337067E-09
 2.633E-08  1.97192217485287E-09
 2.669E-08  2.02335942839978E-09
 2.705E-08  2.07613841305471E-09
 2.742E-08  2.13029412758674E-09
 2.779E-08  2.18586248369895E-09
 2.817E-08  2.24288032984194E-09
 2.856E-08  2.30138547564885E-09
 2.895E-08  2.36141671700714E-09
 2.934E-08  2.42301386178495E-09
 2.974E-08  2.48621775622834E-09
 3.015E-08  2.55107031204671E-09
 3.056E-08  2.61761453420536E-09
 3.098E-08  2.68589454944265E-09
 3.140E-08  2.75595563553121E-09
 3.183E-08  2.82784425130166E-09
 3.227E-08  2.90160806745076E-09
 3.271E-08  2.97729599815273E-09
 3.315E-08  3.05495823349382E-09
 3.361E-08  3.13464627275511E-09
 3.406E-08  3.21641295856210E-09
 3.453E-08  3.30031251192488E-09
 3.500E-08  3.38640056819354E-09
 3.548E-08  3.47473421395041E-09
 3.596E-08  3.56537202486443E-09
 3.645E-08  3.65837410453433E-09
 3.695E-08  3.75380212434370E-09
 3.746E-08  3.85171936435565E-09
 3.797E-08  3.95219075527536E-09
 3.849E-08  4.05528292150576E-09
 3.901E-08  4.16106422532764E-09
 3.954E-08  4.26960481223098E-09
 4.008E-08  4.38097665742925E-09
 4.063E-08  4.49525361358778E-09
 4.119E-08  4.61251145979543E-09
 4.175E-08  4.73282795181519E-09
 4.232E-08  4.85628287364446E-09
 4.290E-08  4.98295809042107E-09
 4.348E-08  5.11293760270896E-09
 4.408E-08  5.24630760219958E-09
 4.468E-08  5.38315652886679E-09
 4.529E-08  5.52357512961215E-09
 4.591E-08  5.66765651844052E-09
 4.653E-08  5.81549623820485E-09
 4.717E-08  5.96719232396102E-09
 4.781E-08  6.12284536797649E-09
 4.846E-08  6.28255858643381E-09
 4.913E-08  6.44643788787423E-09
 4.980E-08  6.61459194342725E-09
 5.048E-08  6.78713225887033E-09
 5.117E-08  6.96417324857010E-09
 5.186E-08  7.14583231135182E-09
 5.257E-08  7.33222990834703E-09
 5.329E-08  7.52348964287243E-09
 5.402E-08  7.71973834239220E-09
 5.475E-08  7.92110614261971E-09
 5.550E-08  8.12772657380887E-09
 5.626E-08  8.33973664930118E-09
 5.703E-08  8.55727695638037E-09
 5.781E-08  8.78049174949508E-09
 5.860E-08  9.00952904591730E-09
 5.940E-08  9.24454072389171E-09
 6.021E-08  9.48568262334868E-09
 6.103E-08  9.73311464924217E-09
 6.186E-08  9.98700087758252E-09
 6.271E-08  1.02475096642384E-08
 6.356E-08  1.05148137565734E-08
 6.443E-08  1.07890904079961E-08
 6.531E-08  1.10705214954972E-08
 6.620E-08  1.13592936402540E-08
 6.711E-08  1.16555983313798E-08
 6.802E-08  1.19596320528995E-08
 6.895E-08  1.22715964140412E-08
 6.989E-08  1.25916982829234E-08
 7.085E-08  1.29201499237300E-08
 7.181E-08  1.32571691374632E-08
 7.279E-08  1.36029794063686E-08
 7.379E-08  1.39578100421269E-08
 7.479E-08  1.43218963379103E-08
 7.582E-08  1.46954797244083E-08
 7.685E-08  1.50788079299182E-08
 7.790E-08  1.54721351446161E-08
 7.896E-08  1.58757221891094E-08
 8.004E-08  1.62898366873900E-08
 8.113E-08  1.67147532442939E-08
 8.224E-08  1.71507536275910E-08
 8.336E-08  1.75981269548305E-08
 8.450E-08  1.80571698850472E-08
 8.566E-08  1.85281868154822E-08
 8.683E-08  1.90114900834284E-08
 8.801E-08  1.95074001733369E-08
 8.921E-08  2.00162459293350E-08
 9.043E-08  2.05383647732793E-08
 9.167E-08  2.10741029284998E-08
 9.292E-08  2.16238156493817E-08
 9.419E-08  2.21878674569322E-08
 9.547E-08  2.27666323804946E-08
 9.677E-08  2.33604942057647E-08
 9.810E-08  2.39698467292803E-08
 9.944E-08  2.45950940195440E-08
 1.008E-07  2.52366506849597E-08
 1.022E-07  2.58949421487602E-08
 1.036E-07  2.65704049311005E-08
 1.050E-07  2.72634869385147E-08
 1.064E-07  2.79746477609164E-08
 1.079E-07  2.87043589763548E-08
 1.093E-07  2.94531044637131E-08
 1.108E-07  3.02213807235650E-08
 1.123E-07  3.10096972074032E-08
 1.139E-07  3.18185766554495E-08
 1.154E-07  3.26485554432825E-08
 1.170E-07  3.35001839375028E-08
 1.186E-07  3.43740268606784E-08
 1.202E-07  3.52706636658046E-08
 1.219E-07  3.61906889205326E-08
 1.235E-07  3.71347127014284E-08
 1.252E-07  3.81033609985023E-08
 1.269E-07  3.90972761302944E-08
 1.287E-07  4.01171171697976E-08
 1.304E-07  4.11635603814723E-08
 1.322E-07  4.22372996696731E-08
 1.340E-07  4.33390470387707E-08
 1.358E-07  4.44695330652694E-08
 1.377E-07  4.56295073822400E-08
 1.396E-07  4.68197391763965E-08
 1.415E-07  4.80410176981324E-08
 1.434E-07  4.92941527848559E-08
 1.454E-07  5.05799753979869E-08
 1.473E-07  5.18993381739466E-08
 1.494E-07  5.32531159895349E-08
 1.514E-07  5.46422065420437E-08
 1.535E-07  5.60675309444990E-08
 1.556E-07  5.75300343364391E-08
 1.577E-07  5.90306865106210E-08
 1.598E-07  6.05704825560678E-08
 1.620E-07  6.21504435178901E-08
 1.642E-07  6.37716170743308E-08
 1.665E-07  6.54350782314436E-08
 1.687E-07  6.71419300359169E-08
 1.710E-07  6.88933043064806E-08
 1.734E-07  7.06903623843790E-08
 1.757E-07  7.25342959034440E-08
 1.781E-07  7.44263275802221E-08
 1.806E-07  7.63677120247383E-08
 1.830E-07  7.83597365723984E-08
 1.855E-07  8.04037221375822E-08
 1.881E-07  8.25010240895025E-08
 1.906E-07  8.46530331509258E-08
 1.932E-07  8.68611763203140E-08
 1.959E-07  8.91269178180198E-08
 1.986E-07  9.14517600571882E-08
 2.013E-07  9.38372446399407E-08
 2.040E-07  9.62849533795728E-08
 2.068E-07  9.87965093494036E-08
 2.096E-07  1.01373577958989E-07
 2.125E-07  1.04017868058395E-07
 2.154E-07  1.06731133071275E-07
 2.183E-07  1.09515172157508E-07
 2.213E-07  1.12371831406164E-07
 2.243E-07  1.15303005059572E-07
 2.274E-07  1.18310636769314E-07
 2.305E-07  1.21396720885008E-07
 2.336E-07  1.24563303776677E-07
 2.368E-07  1.27812485191601E-07
 2.401E-07  1.31146419646595E-07
 2.433E-07  1.34567317856572E-07
 2.467E-07  1.38077448200372E-07
 2.500E-07  1.41679138224840E-07
 2.534E-07  1.45374776188102E-07
 2.569E-07  1.49166812643131E-07
 2.604E-07  1.53057762062587E-07
 2.640E-07  1.57050204506043E-07
 2.676E-07  1.61146787330723E-07
 2.712E-07  1.65350226946798E-07
 2.749E-07  1.69663310618543E-07
 2.787E-07  1.74088898312412E-07
 2.825E-07  1.78629924593329E-07
 2.863E-07  1.83289400570466E-07
 2.903E-07  1.88070415893733E-07
 2.942E-07  1.92976140802363E-07
 2.982E-07  1.98009828226919E-07
 3.023E-07  2.03174815946124E-07
 3.064E-07  2.08474528799963E-07
 3.106E-07  2.13912480960492E-07
 3.149E-07  2.19492278261859E-07
 3.192E-07  2.25217620591146E-07
 3.235E-07  2.31092304341496E-07
 3.279E-07  2.37120224929284E-07
 3.324E-07  2.43305379376904E-07
 3.369E-07  2.49651868962971E-07
 3.415E-07  2.56163901941543E-07
 3.462E-07  2.62845796332391E-07
 3.509E-07  2.69701982783956E-07
 3.557E-07  2.76737007510945E-07
 3.606E-07  2.83955535308715E-07
 3.655E-07  2.91362352646057E-07
 3.705E-07  2.98962370838784E-07
 3.756E-07  3.06760629306094E-07
 3.807E-07  3.14762298911748E-07
 3.859E-07  3.22972685392492E-07
 3.911E-07  3.31397232875909E-07
 3.965E-07  3.40041527489937E-07
 4.019E-07  3.48911301066563E-07
 4.074E-07  3.58012434942168E-07
 4.129E-07  3.67350963856875E-07
 4.186E-07  3.76933079955712E-07
 4.243E-07  3.86765136894094E-07
 4.301E-07  3.96853654050274E-07
 4.360E-07  4.07205320847827E-07
 4.419E-07  4.17827001190757E-07
 4.479E-07  4.28725738014319E-07
 4.541E-07  4.39908757954498E-07
 4.603E-07  4.51383476139289E-07
 4.665E-07  4.63157501104920E-07
 4.729E-07  4.75238639840316E-07
 4.794E-07  4.87634902963141E-07
 4.859E-07  5.00354510030742E-07
 4.926E-07  5.13405894989739E-07
 4.993E-07  5.26797711767574E-07
 5.061E-07  5.40538840010037E-07
 5.130E-07  5.54638390968422E-07
 5.200E-07  5.69105713540096E-07
 5.271E-07  5.83950400466616E-07
 5.343E-07  5.99182294693689E-07
 5.416E-07  6.14811495896852E-07
 5.490E-07  6.30848367177148E-07
 5.565E-07  6.47303541931920E-07
 5.641E-07  6.64187930904275E-07
 5.718E-07  6.81512729416646E-07
 5.796E-07  6.99289424793103E-07
 5.875E-07  7.17529803974931E-07
 5.955E-07  7.36245961335004E-07
 6.037E-07  7.55450306696059E-07
 6.119E-07  7.75155573557865E-07
 6.202E-07  7.95374827538938E-07
 6.287E-07  8.16121475038691E-07
 6.373E-07  8.37409272125122E-07
 6.460E-07  8.59252333654545E-07
 6.548E-07  8.81665142629075E-07
 6.638E-07  9.04662559798015E-07
 6.728E-07  9.28259833509820E-07
 6.820E-07  9.52472609820954E-07
 6.913E-07  9.77316942868174E-07
 7.008E-07  1.00280930551159E-06
 7.103E-07  1.02896660025508E-06
 7.200E-07  1.05580617045152E-06
 7.298E-07  1.08334581180031E-06
 7.398E-07  1.11160378414457E-06
 7.499E-07  1.14059882357620E-06
 7.602E-07  1.17035015485637E-06
 7.705E-07  1.20087750416016E-06
 7.811E-07  1.23220111215328E-06
 7.917E-07  1.26434174740990E-06
 8.025E-07  1.29732072018060E-06
 8.135E-07  1.33115989651895E-06
 8.246E-07  1.36588171277684E-06
 8.358E-07  1.40150919047746E-06
 8.473E-07  1.43806595157640E-06
 8.588E-07  1.47557623412075E-06
 8.705E-07  1.51406490831604E-06
 8.824E-07  1.55355749301280E-06
 8.945E-07  1.59408017262262E-06
 9.067E-07  1.63565981447522E-06
 9.191E-07  1.67832398662892E-06
 9.316E-07  1.72210097614430E-06
 9.443E-07  1.76701980783528E-06
 9.572E-07  1.81311026350895E-06
 9.703E-07  1.86040290170685E-06
 9.835E-07  1.90892907796128E-06
 9.970E-07  1.95872096557973E-06
 1.011E-06  2.00981157697109E-06
 1.024E-06  2.06223478552822E-06
 1.038E-06  2.11602534808098E-06
 1.053E-06  2.17121892793459E-06
 1.067E-06  2.22785211850894E-06
 1.081E-06  2.28596246759429E-06
 1.096E-06  2.34558850223911E-06
 1.111E-06  2.40676975428692E-06
 1.126E-06  2.46954678657959E-06
 1.142E-06  2.53396121984320E-06
 1.157E-06  2.60005576027462E-06
 1.173E-06  2.66787422784868E-06
 1.189E-06  2.73746158536195E-06
 1.205E-06  2.80886396823458E-06
 1.222E-06  2.88212871508948E-06
 1.239E-06  2.95730439912749E-06
 1.255E-06  3.03444086032213E-06
 1.273E-06  3.11358923845285E-06
 1.290E-06  3.19480200699950E-06
 1.308E-06  3.27813300792107E-06
 1.325E-06  3.36363748734074E-06
 1.344E-06  3.45137213216166E-06
 1.362E-06  3.54139510763675E-06
 1.380E-06  3.63376609591872E-06
 1.399E-06  3.72854633561466E-06
 1.418E-06  3.82579866237249E-06
 1.438E-06  3.92558755052466E-06
 1.457E-06  4.02797915581783E-06
 1.477E-06  4.13304135925753E-06
 1.497E-06  4.24084381209410E-06
 1.518E-06  4.35145798198291E-06
 1.539E-06  4.46495720034785E-06
 1.560E-06  4.58141671097836E-06
 1.581E-06  4.70091371989444E-06
 1.603E-06  4.82352744651166E-06
 1.624E-06  4.94933917613993E-06
 1.647E-06  5.07843231384999E-06
 1.669E-06  5.21089243974537E-06
 1.692E-06  5.34680736567472E-06
 1.715E-06  5.48626719342186E-06
 1.738E-06  5.62936437441426E-06
 1.762E-06  5.77619377098688E-06
 1.786E-06  5.92685271924285E-06
 1.811E-06  6.08144109355360E-06
 1.835E-06  6.24006137274002E-06
 1.860E-06  6.40281870797828E-06
 1.886E-06  6.56982099247652E-06
 1.911E-06  6.74117893296750E-06
 1.938E-06  6.91700612306466E-06
 1.964E-06  7.09741911852973E-06
 1.991E-06  7.28253751450383E-06
 2.018E-06  7.47248402475055E-06
 2.046E-06  7.66738456296362E-06
 2.073E-06  7.86736832619674E-06
 2.102E-06  8.07256788046422E-06
 2.130E-06  8.28311924857662E-06
 2.160E-06  8.49916200026228E-06
 2.189E-06  8.72083934463968E-06
 2.219E-06  8.94829822510068E-06
 2.249E-06  9.18168941666505E-06
 2.280E-06  9.42116762587303E-06
 2.311E-06  9.66689159328010E-06
 2.343E-06  9.91902419862700E-06
 2.375E-06  1.01777325687462E-05
 2.407E-06  1.04431881882820E-05
 2.440E-06  1.07155670132985E-05
 2.473E-06  1.09950495878451E-05
 2.507E-06  1.12818211635600E-05
 2.541E-06  1.15760718223947E-05
 2.576E-06  1.18779966025318E-05
 2.611E-06  1.21877956275863E-05
 2.647E-06  1.25056742391743E-05
 2.683E-06  1.28318431329356E-05
 2.719E-06  1.31665184981023E-05
 2.757E-06  1.35099221607004E-05
 2.794E-06  1.38622817304879E-05
 2.832E-06  1.42238307517203E-05
 2.871E-06  1.45948088578409E-05
 2.910E-06  1.49754619302085E-05
 2.950E-06  1.53660422609560E-05
 2.990E-06  1.57668087200924E-05
 3.031E-06  1.61780269269640E-05
 3.072E-06  1.65999694261767E-05
 3.114E-06  1.70329158681049E-05
 3.157E-06  1.74771531941047E-05
 3.200E-06  1.79329758265521E-05
 3.244E-06  1.84006858638292E-05
 3.288E-06  1.88805932803947E-05
 3.333E-06  1.93730161320651E-05
 3.378E-06  1.98782807666445E-05
 3.424E-06  2.03967220400403E-05
 3.471E-06  2.09286835380096E-05
 3.519E-06  2.14745178036854E-05
 3.567E-06  2.20345865710266E-05
 3.615E-06  2.26092610043493E-05
 3.665E-06  2.31989219441008E-05
 3.715E-06  2.38039601590311E-05
 3.765E-06  2.44247766049406E-05
 3.817E-06  2.50617826901605E-05
 3.869E-06  2.57154005479502E-05
 3.922E-06  2.63860633159936E-05
 3.975E-06  2.70742154231715E-05
 4.030E-06  2.77803128838078E-05
 4.085E-06  2.85048235995705E-05
 4.140E-06  2.92482276692458E-05
 4.197E-06  3.00110177065775E-05
 4.254E-06  3.07936991663803E-05
 4.312E-06  3.15967906791497E-05
 4.371E-06  3.24208243943860E-05
 4.431E-06  3.32663463328597E-05
 4.491E-06  3.41339167480500E-05
 4.553E-06  3.50241104969923E-05
 4.615E-06  3.59375174207892E-05
 4.678E-06  3.68747427350247E-05
 4.742E-06  3.78364074303505E-05
 4.806E-06  3.88231486834973E-05
 4.872E-06  3.98356202789867E-05
 4.938E-06  4.08744930418349E-05
 5.006E-06  4.19404552815087E-05
 5.074E-06  4.30342132474495E-05
 5.144E-06  4.41564915964550E-05
 5.214E-06  4.53080338722251E-05
 5.285E-06  4.64896029974059E-05
 5.357E-06  4.77019817784222E-05
 5.430E-06  4.89459734234639E-05
 5.504E-06  5.02224020739721E-05
 5.579E-06  5.15321133499300E-05
 5.656E-06  5.28759749093636E-05
 5.733E-06  5.42548770224180E-05
 5.811E-06  5.56697331603564E-05
 5.890E-06  5.71214805998929E-05
 5.971E-06  5.86110810432733E-05
 6.052E-06  6.01395212544763E-05
 6.135E-06  6.17078137119672E-05
 6.219E-06  6.33169972784703E-05
 6.304E-06  6.49681378881351E-05
 6.390E-06  6.66623292516100E-05
 6.477E-06  6.84006935794622E-05
 6.565E-06  7.01843823243988E-05
 6.655E-06  7.20145769428372E-05
 6.746E-06  7.38924896762681E-05
 6.838E-06  7.58193643529532E-05
 6.931E-06  7.77964772104890E-05
 7.026E-06  7.98251377397581E-05
 7.122E-06  8.19066895508535E-05
 7.219E-06  8.40425112615254E-05
 7.318E-06  8.62340174087321E-05
 7.418E-06  8.84826593839136E-05
 7.519E-06  9.07899263925922E-05
 7.622E-06  9.31573464389397E-05
 7.726E-06  9.55864873359384E-05
 7.831E-06  9.80789577418256E-05
 7.938E-06  1.00636408223508E-04
 8.046E-06  1.03260532347616E-04
 8.156E-06  1.05953067799927E-04
 8.268E-06  1.08715797533925E-04
 8.380E-06  1.11550550949211E-04
 8.495E-06  1.14459205100569E-04
 8.611E-06  1.17443685938441E-04
 8.728E-06  1.20505969581682E-04
 8.848E-06  1.23648083623424E-04
 8.968E-06  1.26872108470852E-04
 9.091E-06  1.30180178719825E-04
 9.215E-06  1.33574484565238E-04
 9.341E-06  1.37057273248058E-04
 9.468E-06  1.40630850539967E-04
 9.597E-06  1.44297582266563E-04
 9.729E-06  1.48059895870194E-04
 9.861E-06  1.51920282013403E-04
 9.996E-06  1.55881296224047E-04
 1.013E-05  1.59945560583144E-04
 1.027E-05  1.64115765456591E-04
 1.041E-05  1.68394671271926E-04
 1.055E-05  1.72785110341187E-04
 1.070E-05  1.77289988731174E-04
 1.084E-05  1.81912288182311E-04
 1.099E-05  1.86655068077323E-04
 1.114E-05  1.91521467461104E-04
 1.129E-05  1.96514707113004E-04
 1.145E-05  2.01638091672971E-04
 1.160E-05  2.06895011822932E-04
 1.176E-05  2.12288946524787E-04
 1.192E-05  2.17823465316578E-04
 1.209E-05  2.23502230668246E-04
 1.225E-05  2.29329000398578E-04
 1.242E-05  2.35307630154896E-04
 1.259E-05  2.41442075957170E-04
 1.276E-05  2.47736396808165E-04
 1.293E-05  2.54194757371284E-04
 1.311E-05  2.60821430718036E-04
 1.329E-05  2.67620801146790E-04
 1.347E-05  2.74597367074620E-04
 1.365E-05  2.81755744004272E-04
 1.384E-05  2.89100667568143E-04
 1.403E-05  2.96636996651209E-04
 1.422E-05  3.04369716594999E-04
 1.442E-05  3.12303942484748E-04
 1.461E-05  3.20444922521750E-04
 1.481E-05  3.28798041483267E-04
 1.501E-05  3.37368824272196E-04
 1.522E-05  3.46162939558756E-04
 1.543E-05  3.55186203516644E-04
 1.564E-05  3.64444583656179E-04
 1.585E-05  3.73944202756730E-04
 1.607E-05  3.83691342901146E-04
 1.629E-05  3.93692449614832E-04
 1.651E-05  4.03954136112139E-04
 1.673E-05  4.14483187652804E-04
 1.696E-05  4.25286566011288E-04
 1.719E-05  4.36371414062078E-04
 1.743E-05  4.47745060483746E-04
 1.767E-05  4.59415024584845E-04
 1.791E-05  4.71389021255069E-04
 1.815E-05  4.83674966044467E-04
 1.840E-05  4.96280980374411E-04
 1.865E-05  5.09215396883510E-04
 1.891E-05  5.22486764911963E-04
 1.916E-05  5.36103856128058E-04
 1.943E-05  5.50075670300301E-04
 1.969E-05  5.64411441219005E-04
 1.996E-05  5.79120642771342E-04
 2.023E-05  5.94212995173595E-04
 2.051E-05  6.09698471364577E-04
 2.079E-05  6.25587303564996E-04
 2.107E-05  6.41889990006122E-04
 2.136E-05  6.58617301832840E-04
 2.165E-05  6.75780290185322E-04
 2.195E-05  6.93390293463806E-04
 2.225E-05  7.11458944781537E-04
 2.255E-05  7.29998179610296E-04
 2.286E-05  7.49020243623718E-04
 2.317E-05  7.68537700743612E-04
 2.349E-05  7.88563441394205E-04
 2.381E-05  8.09110690969837E-04
 2.413E-05  8.30193018521592E-04
 2.446E-05  8.51824345668490E-04
 2.480E-05  8.74018955738958E-04
 2.514E-05  8.96791503148559E-04
 2.548E-05  9.20157023020155E-04
 2.583E-05  9.44130941052421E-04
 2.618E-05  9.68729083643447E-04
 2.654E-05  9.93967688275776E-04
 2.690E-05  1.01986341416966E-03
 2.727E-05  1.04643335321145E-03
 2.764E-05  1.07369504116401E-03
 2.802E-05  1.10166646916672E-03
 2.840E-05  1.13036609553222E-03
 2.879E-05  1.15981285784763E-03
 2.918E-05  1.19002618538787E-03
 2.958E-05  1.22102601184954E-03
 2.998E-05  1.25283278841309E-03
 3.039E-05  1.28546749714195E-03
 3.080E-05  1.31895166472719E-03
 3.123E-05  1.35330737658661E-03
 3.165E-05  1.38855729132722E-03
 3.208E-05  1.42472465558059E-03
 3.252E-05  1.46183331922058E-03
 3.297E-05  1.49990775097292E-03
 3.342E-05  1.53897305442740E-03
 3.387E-05  1.57905498446217E-03
 3.433E-05  1.62017996409080E-03
 3.480E-05  1.66237510174388E-03
 3.528E-05  1.70566820899502E-03
 3.576E-05  1.75008781874291E-03
 3.625E-05  1.79566320386186E-03
 3.674E-05  1.84242439633210E-03
 3.724E-05  1.89040220686160E-03
 3.775E-05  1.93962824501350E-03
 3.827E-05  1.99013493985070E-03
 3.879E-05  2.04195556111081E-03
 3.932E-05  2.09512424092620E-03
 3.986E-05  2.14967599610187E-03
 4.040E-05  2.20564675096564E-03
 4.095E-05  2.26307336080543E-03
 4.151E-05  2.32199363590859E-03
 4.208E-05  2.38244636621885E-03
 4.265E-05  2.44447134662530E-03
 4.324E-05  2.50810940290115E-03
 4.383E-05  2.57340241830859E-03
 4.442E-05  2.64039336088509E-03
 4.503E-05  2.70912631143046E-03
 4.565E-05  2.77964649221109E-03
 4.627E-05  2.85200029640034E-03
 4.690E-05  2.92623531827345E-03
 4.754E-05  3.00240038417632E-03
 4.819E-05  3.08054558428752E-03
 4.885E-05  3.16072230519351E-03
 4.951E-05  3.24298326329852E-03
 5.019E-05  3.32738253908953E-03
 5.088E-05  3.41397561227801E-03
 5.157E-05  3.50281939784049E-03
 5.227E-05  3.59397228298174E-03
 5.299E-05  3.68749416504237E-03
 5.371E-05  3.78344649037622E-03
 5.445E-05  3.88189229422060E-03
 5.519E-05  3.98289624158549E-03
 5.594E-05  4.08652466918804E-03
 5.671E-05  4.19284562845587E-03
 5.748E-05  4.30192892962974E-03
 5.826E-05  4.41384618699139E-03
 5.906E-05  4.52867086524524E-03
 5.987E-05  4.64647832708170E-03
 6.068E-05  4.76734588195499E-03
 6.151E-05  4.89135283610318E-03
 6.235E-05  5.01858054384269E-03
 6.320E-05  5.14911246016951E-03
 6.407E-05  5.28303419469945E-03
 6.494E-05  5.42043356698146E-03
 6.583E-05  5.56140066321851E-03
 6.673E-05  5.70602789443111E-03
 6.764E-05  5.85441005609982E-03
 6.856E-05  6.00664438932279E-03
 6.950E-05  6.16283064352837E-03
 7.045E-05  6.32307114077986E-03
 7.141E-05  6.48747084171300E-03
 7.238E-05  6.65613741314747E-03
 7.337E-05  6.82918129741199E-03
 7.437E-05  7.00671578342914E-03
 7.539E-05  7.18885707960104E-03
 7.642E-05  7.37572438854257E-03
 7.746E-05  7.56743998370707E-03
 7.852E-05  7.76412928795187E-03
 7.959E-05  7.96592095409183E-03
 8.068E-05  8.17294694749176E-03
 8.178E-05  8.38534263074544E-03
 8.289E-05  8.60324685049569E-03
 8.403E-05  8.82680202644879E-03
 8.517E-05  9.05615424263370E-03
 8.634E-05  9.29145334096730E-03
 8.751E-05  9.53285301717914E-03
 8.871E-05  9.78051091915367E-03
 8.992E-05  1.00345887477533E-02
 9.115E-05  1.02952523601785E-02
 9.239E-05  1.05626718759326E-02
 9.365E-05  1.08370217854529E-02
 9.493E-05  1.11184810614709E-02
 9.623E-05  1.14072332731775E-02
 9.754E-05  1.17034667032520E-02
 9.887E-05  1.20073744678311E-02
 1.002E-04  1.23191546394909E-02
 1.016E-04  1.26390103733112E-02
 1.030E-04  1.29671500361006E-02
 1.044E-04  1.33037873388624E-02
 1.058E-04  1.36491414725733E-02
 1.073E-04  1.40034372473616E-02
 1.087E-04  1.43669052351704E-02
 1.102E-04  1.47397819159800E-02
 1.117E-04  1.51223098276874E-02
 1.132E-04  1.55147377197281E-02
 1.148E-04  1.59173207105281E-02
 1.163E-04  1.63303204488828E-02
 1.179E-04  1.67540052793572E-02
 1.195E-04  1.71886504118032E-02
 1.212E-04  1.76345380950996E-02
 1.228E-04  1.80919577952057E-02
 1.245E-04  1.85612063776424E-02
 1.262E-04  1.90425882945087E-02
 1.279E-04  1.95364157761309E-02
 1.297E-04  2.00430090274704E-02
 1.314E-04  2.05626964293934E-02
 1.332E-04  2.10958147449270E-02
 1.351E-04  2.16427093306161E-02
 1.369E-04  2.22037343531055E-02
 1.388E-04  2.27792530110711E-02
 1.407E-04  2.33696377626307E-02
 1.426E-04  2.39752705583615E-02
 1.445E-04  2.45965430800567E-02
 1.465E-04  2.52338569853655E-02
 1.485E-04  2.58876241584473E-02
 1.505E-04  2.65582669667861E-02
 1.526E-04  2.72462185243144E-02
 1.547E-04  2.79519229609875E-02
 1.568E-04  2.86758356989680E-02
 1.589E-04  2.94184237355799E-02
 1.611E-04  3.01801659331718E-02
 1.633E-04  3.09615533160730E-02
 1.655E-04  3.17630893748074E-02
 1.678E-04  3.25852903777156E-02
 1.701E-04  3.34286856901759E-02
 1.724E-04  3.42938181016036E-02
 1.748E-04  3.51812441603934E-02
 1.771E-04  3.60915345170033E-02
 1.796E-04  3.70252742753660E-02
 1.820E-04  3.79830633528164E-02
 1.845E-04  3.89655168487366E-02
 1.870E-04  3.99732654221158E-02
 1.896E-04  4.10069556782364E-02
 1.922E-04  4.20672505646860E-02
 1.948E-04  4.31548297769190E-02
 1.974E-04  4.42703901735827E-02
 2.001E-04  4.54146462018247E-02
 2.029E-04  4.65883303328215E-02
 2.056E-04  4.77921935077462E-02
 2.084E-04  4.90270055944270E-02
 2.113E-04  5.02935558549261E-02
 2.142E-04  5.15926534242855E-02
 2.171E-04  5.29251278007069E-02
 2.201E-04  5.42918293474013E-02
 2.231E-04  5.56936298063795E-02
 2.261E-04  5.71314228244539E-02
 2.292E-04  5.86061244917195E-02
 2.323E-04  6.01186738927915E-02
 2.355E-04  6.16700336710801E-02
 2.387E-04  6.32611906063926E-02
 2.420E-04  6.48931562061564E-02
 2.453E-04  6.65669673105679E-02
 2.486E-04  6.82836867119567E-02
 2.520E-04  7.00444037886971E-02
 2.555E-04  7.18502351539601E-02
 2.589E-04  7.37023253196454E-02
 2.625E-04  7.56018473758187E-02
 2.661E-04  7.75500036859821E-02
 2.697E-04  7.95480265985159E-02
 2.734E-04  8.15971791746494E-02
 2.771E-04  8.36987559333110E-02
 2.809E-04  8.58540836132011E-02
 2.847E-04  8.80645219524752E-02
 2.886E-04  9.03314644863845E-02
 2.926E-04  9.26563393632763E-02
 2.965E-04  9.50406101793156E-02
 3.006E-04  9.74857768323283E-02
 3.047E-04  9.99933763951794E-02
 3.089E-04  1.02564984009039E-01
 3.131E-04  1.05202213797010E-01
 3.174E-04  1.07906719798502E-01
 3.217E-04  1.10680196924738E-01
 3.261E-04  1.13524381935900E-01
 3.305E-04  1.16441054440312E-01
 3.350E-04  1.19432037916064E-01
 3.396E-04  1.22499200755588E-01
 3.442E-04  1.25644457333609E-01
 3.489E-04  1.28869769098957E-01
 3.537E-04  1.32177145690670E-01
 3.585E-04  1.35568646078882E-01
 3.634E-04  1.39046379731008E-01
 3.684E-04  1.42612507803656E-01
 3.734E-04  1.46269244360816E-01
 3.785E-04  1.50018857618778E-01
 3.837E-04  1.53863671218328E-01
 3.889E-04  1.57806065524708E-01
 3.942E-04  1.61848478955860E-01
 3.996E-04  1.65993409339489E-01
 4.051E-04  1.70243415299495E-01
 4.106E-04  1.74601117672238E-01
 4.162E-04  1.79069200953265E-01
 4.219E-04  1.83650414775006E-01
 4.277E-04  1.88347575415960E-01
 4.335E-04  1.93163567342000E-01
 4.394E-04  1.98101344780297E-01
 4.454E-04  2.03163933326451E-01
 4.515E-04  2.08354431585393E-01
 4.577E-04  2.13676012846676E-01
 4.639E-04  2.19131926794663E-01
 4.702E-04  2.24725501254213E-01
 4.767E-04  2.30460143972508E-01
 4.832E-04  2.36339344437545E-01
 4.898E-04  2.42366675733900E-01
 4.965E-04  2.48545796436355E-01
 5.032E-04  2.54880452542003E-01
 5.101E-04  2.61374479441406E-01
 5.171E-04  2.68031803929387E-01
 5.241E-04  2.74856446256104E-01
 5.313E-04  2.81852522218934E-01
 5.385E-04  2.89024245295813E-01
 5.459E-04  2.96375928820629E-01
 5.533E-04  3.03911988201209E-01
 5.609E-04  3.11636943180510E-01
 5.686E-04  3.19555420141668E-01
 5.763E-04  3.27672154457370E-01
 5.842E-04  3.35991992884194E-01
 5.922E-04  3.44519896002519E-01
 6.002E-04  3.53260940702484E-01
 6.084E-04  3.62220322716568E-01
 6.167E-04  3.71403359199497E-01
 6.252E-04  3.80815491355748E-01
 6.337E-04  3.90462287115369E-01
 6.423E-04  4.00349443858646E-01
 6.511E-04  4.10482791189964E-01
 6.600E-04  4.20868293761512E-01
 6.690E-04  4.31512054147264E-01
 6.782E-04  4.42420315767599E-01
 6.874E-04  4.53599465865181E-01
 6.968E-04  4.65056038532410E-01
 7.063E-04  4.76796717790765E-01
 7.160E-04  4.88828340722673E-01
 7.257E-04  5.01157900656012E-01
 7.356E-04  5.13792550401684E-01
 7.457E-04  5.26739605544632E-01
 7.559E-04  5.40006547788415E-01
 7.662E-04  5.53601028353753E-01
 7.766E-04  5.67530871431146E-01
 7.872E-04  5.81804077687758E-01
 7.980E-04  5.96428827828802E-01
 8.089E-04  6.11413486213412E-01
 8.199E-04  6.26766604525114E-01
 8.311E-04  6.42496925496907E-01
 8.425E-04  6.58613386690939E-01
 8.540E-04  6.75125124332715E-01
 8.656E-04  6.92041477199652E-01
 8.774E-04  7.09371990563789E-01
 8.894E-04  7.27126420188540E-01
 9.016E-04  7.45314736379053E-01
 9.139E-04  7.63947128085760E-01
 9.264E-04  7.83034007061016E-01
 9.390E-04  8.02586012067835E-01
 9.518E-04  8.22614013140448E-01
 9.648E-04  8.43129115896196E-01
 9.780E-04  8.64142665897482E-01
 9.913E-04  8.85666253063494E-01
 1.005E-03  9.07711716130562E-01
 1.019E-03  9.30291147160058E-01
 1.032E-03  9.53416896092932E-01
 1.047E-03  9.77101575349592E-01
 1.061E-03  1.00135806447376E+00
 1.075E-03  1.02619951481899E+00
 1.090E-03  1.05163935427629E+00
 1.105E-03  1.07769129204112E+00
 1.120E-03  1.10436932341797E+00
 1.135E-03  1.13168773466077E+00
 1.151E-03  1.15966110784697E+00
 1.167E-03  1.18830432578292E+00
 1.182E-03  1.21763257693858E+00
 1.199E-03  1.24766136040880E+00
 1.215E-03  1.27840649089843E+00
 1.232E-03  1.30988410372871E+00
 1.248E-03  1.34211065986178E+00
 1.265E-03  1.37510295094000E+00
 1.283E-03  1.40887810433707E+00
 1.300E-03  1.44345358821703E+00
 1.318E-03  1.47884721659740E+00
 1.336E-03  1.51507715441284E+00
 1.354E-03  1.55216192257462E+00
 1.373E-03  1.59012040302198E+00
 1.391E-03  1.62897184376025E+00
 1.410E-03  1.66873586388134E+00
 1.430E-03  1.70943245856102E+00
 1.449E-03  1.75108200402770E+00
 1.469E-03  1.79370526249734E+00
 1.489E-03  1.83732338706824E+00
 1.509E-03  1.88195792656936E+00
 1.530E-03  1.92763083035611E+00
 1.551E-03  1.97436445304652E+00
 1.572E-03  2.02218155919034E+00
 1.593E-03  2.07110532786439E+00
 1.615E-03  2.12115935718557E+00
 1.637E-03  2.17236766873397E+00
 1.660E-03  2.22475471187718E+00
 1.682E-03  2.27834536798722E+00
 1.705E-03  2.33316495454093E+00
 1.729E-03  2.38923922909376E+00
 1.752E-03  2.44659439311756E+00
 1.776E-03  2.50525709569162E+00
 1.800E-03  2.56525443703612E+00
 1.825E-03  2.62661397187691E+00
 1.850E-03  2.68936371262989E+00
 1.875E-03  2.75353213239273E+00
 1.901E-03  2.81914816773159E+00
 1.927E-03  2.88624122124945E+00
 1.953E-03  2.95484116392298E+00
 1.980E-03  3.02497833719346E+00
 2.007E-03  3.09668355479731E+00
 2.034E-03  3.16998810432158E+00
 2.062E-03  3.24492374846825E+00
 2.090E-03  3.32152272601178E+00
 2.118E-03  3.39981775243282E+00
 2.147E-03  3.47984202021120E+00
 2.177E-03  3.56162919876027E+00
 2.206E-03  3.64521343398446E+00
 2.236E-03  3.73062934744083E+00
 2.267E-03  3.81791203508541E+00
 2.298E-03  3.90709706558415E+00
 2.329E-03  3.99822047816747E+00
 2.361E-03  4.09131878000802E+00
 2.393E-03  4.18642894309837E+00
 2.426E-03  4.28358840060712E+00
 2.459E-03  4.38283504268999E+00
 2.493E-03  4.48420721173184E+00
 2.527E-03  4.58774369699538E+00
 2.561E-03  4.69348372865131E+00
 2.596E-03  4.80146697116443E+00
 2.632E-03  4.91173351600911E+00
 2.668E-03  5.02432387368698E+00
 2.704E-03  5.13927896501949E+00
 2.741E-03  5.25664011168702E+00
 2.778E-03  5.37644902598508E+00
 2.816E-03  5.49874779976876E+00
 2.855E-03  5.62357889255491E+00
 2.894E-03  5.75098511875107E+00
 2.933E-03  5.88100963398004E+00
 2.973E-03  6.01369592046782E+00
 3.014E-03  6.14908777146294E+00
 3.055E-03  6.28722927465323E+00
 3.097E-03  6.42816479454701E+00
 3.139E-03  6.57193895378427E+00
 3.182E-03  6.71859661334308E+00
 3.225E-03  6.86818285160640E+00
 3.269E-03  7.02074294225342E+00
 3.314E-03  7.17632233093958E+00
 3.359E-03  7.33496661072875E+00
 3.405E-03  7.49672149624129E+00
 3.452E-03  7.66163279648053E+00
 3.499E-03  7.82974638630028E+00
 3.546E-03  8.00110817647704E+00
 3.595E-03  8.17576408234814E+00
 3.644E-03  8.35375999097834E+00
 3.694E-03  8.53514172681787E+00
 3.744E-03  8.71995501581343E+00
 3.795E-03  8.90824544793525E+00
 3.847E-03  9.10005843808206E+00
 3.900E-03  9.29543918532787E+00
 3.953E-03  9.49443263047273E+00
 4.007E-03  9.69708341186153E+00
 4.061E-03  9.90343581943541E+00
 4.117E-03  1.01135337469799E+01
 4.173E-03  1.03274206425354E+01
 4.230E-03  1.05451394569369E+01
 4.288E-03  1.07667325904497E+01
 4.346E-03  1.09922418374696E+01
 4.406E-03  1.12217083292572E+01
 4.466E-03  1.14551724746775E+01
 4.527E-03  1.16926738989169E+01
 4.589E-03  1.19342513801516E+01
 4.651E-03  1.21799427841446E+01
 4.715E-03  1.24297849967460E+01
 4.779E-03  1.26838138542808E+01
 4.844E-03  1.29420640718033E+01
 4.911E-03  1.32045691692041E+01
 4.978E-03  1.34713613951570E+01
 5.046E-03  1.37424716488972E+01
 5.114E-03  1.40179293998226E+01
 5.184E-03  1.42977626049161E+01
 5.255E-03  1.45819976239901E+01
 5.327E-03  1.48706591327557E+01
 5.400E-03  1.51637700337266E+01
 5.473E-03  1.54613513649685E+01
 5.548E-03  1.57634222067137E+01
 5.624E-03  1.60699995858600E+01
 5.700E-03  1.63810983783832E+01
 5.778E-03  1.66967312096941E+01
 5.857E-03  1.70169083529795E+01
 5.937E-03  1.73416376255698E+01
 6.018E-03  1.76709242833850E+01
 6.100E-03  1.80047709135152E+01
 6.184E-03  1.83431773249991E+01
 6.268E-03  1.86861404378719E+01
 6.354E-03  1.90336541705625E+01
 6.440E-03  1.93857093257233E+01
 6.528E-03  1.97422934745902E+01
 6.617E-03  2.01033908399756E+01
 6.708E-03  2.04689821780035E+01
 6.799E-03  2.08390446587127E+01
 6.892E-03  2.12135517456552E+01
 6.986E-03  2.15924730746325E+01
 7.082E-03  2.19757743317201E+01
 7.178E-03  2.23634171307425E+01
 7.276E-03  2.27553588903705E+01
 7.376E-03  2.31515527110264E+01
 7.476E-03  2.35519472517897E+01
 7.578E-03  2.39564866075137E+01
 7.682E-03  2.43651101863720E+01
 7.787E-03  2.47777525880658E+01
 7.893E-03  2.51943434829378E+01
 8.001E-03  2.56148074922528E+01
 8.110E-03  2.60390640699136E+01
 8.221E-03  2.64670273858988E+01
 8.333E-03  2.68986062117233E+01
 8.447E-03  2.73337038082305E+01
 8.562E-03  2.77722178160488E+01
 8.679E-03  2.82140401490486E+01
 8.798E-03  2.86590568911614E+01
 8.918E-03  2.91071481969268E+01
 9.039E-03  2.95581881961572E+01
 9.163E-03  3.00120449031167E+01
 9.288E-03  3.04685801306313E+01
 9.415E-03  3.09276494095581E+01
 9.543E-03  3.13891019140575E+01
 9.674E-03  3.18527803931269E+01
 9.806E-03  3.23185211088661E+01
 9.940E-03  3.27861537819613E+01
 1.008E-02  3.32555015448858E+01
 1.021E-02  3.37263809033294E+01
 1.035E-02  3.41986017063802E+01
 1.049E-02  3.46719671259956E+01
 1.064E-02  3.51462736463091E+01
 1.078E-02  3.56213110633313E+01
 1.093E-02  3.60968624956110E+01
 1.108E-02  3.65727044064357E+01
 1.123E-02  3.70486066381521E+01
 1.138E-02  3.75243324591999E+01
 1.154E-02  3.79996386244540E+01
 1.170E-02  3.84742754494761E+01
 1.186E-02  3.89479868992789E+01
 1.202E-02  3.94205106922074E+01
 1.218E-02  3.98915784195429E+01
 1.235E-02  4.03609156814295E+01
 1.252E-02  4.08282422397244E+01
 1.269E-02  4.12932721883624E+01
 1.286E-02  4.17557141418193E+01
 1.304E-02  4.22152714422485E+01
 1.321E-02  4.26716423858540E+01
 1.339E-02  4.31245204690410E+01
 1.358E-02  4.35735946548783E+01
 1.376E-02  4.40185496603766E+01
 1.395E-02  4.44590662650668E+01
 1.414E-02  4.48948216413383E+01
 1.433E-02  4.53254897069634E+01
 1.453E-02  4.57507415002017E+01
 1.473E-02  4.61702455778453E+01
 1.493E-02  4.65836684365211E+01
 1.513E-02  4.69906749575260E+01
 1.534E-02  4.73909288754209E+01
 1.555E-02  4.77840932705608E+01
 1.576E-02  4.81698310856798E+01
 1.598E-02  4.85478056665938E+01
 1.619E-02  4.89176813270173E+01
 1.642E-02  4.92791239374238E+01
 1.664E-02  4.96318015378082E+01
 1.687E-02  4.99753849741325E+01
 1.710E-02  5.03095485581545E+01
 1.733E-02  5.06339707502553E+01
 1.757E-02  5.09483348647918E+01
 1.781E-02  5.12523297974058E+01
 1.805E-02  5.15456507736231E+01
 1.830E-02  5.18280001179753E+01
 1.855E-02  5.20990880427673E+01
 1.880E-02  5.23586334555059E+01
 1.906E-02  5.26063647838891E+01
 1.932E-02  5.28420208171356E+01
 1.958E-02  5.30653515623146E+01
 1.985E-02  5.32761191142110E+01
 2.012E-02  5.34740985371281E+01
 2.039E-02  5.36590787569053E+01
 2.067E-02  5.38308634612876E+01
 2.095E-02  5.39892720066547E+01
 2.124E-02  5.41341403289724E+01
 2.153E-02  5.42653218566975E+01
 2.182E-02  5.43826884232198E+01
 2.212E-02  5.44861311762909E+01
 2.242E-02  5.45755614817459E+01
 2.273E-02  5.46509118186847E+01
 2.304E-02  5.47121366631426E+01
 2.335E-02  5.47592133571434E+01
 2.367E-02  5.47921429598950E+01
 2.400E-02  5.48109510777573E+01
 2.432E-02  5.48156886694864E+01
 2.466E-02  5.48064328231402E+01
 2.499E-02  5.47832875009142E+01
 2.533E-02  5.47463842480689E+01
 2.568E-02  5.46958828620115E+01
 2.603E-02  5.46319720175024E+01
 2.639E-02  5.45548698438752E+01
 2.675E-02  5.44648244500908E+01
 2.711E-02  5.43621143933818E+01
 2.748E-02  5.42470490872048E+01
 2.786E-02  5.41199691441799E+01
 2.824E-02  5.39812466496815E+01
 2.862E-02  5.38312853617454E+01
 2.901E-02  5.36705208329697E+01
 2.941E-02  5.34994204501239E+01
 2.981E-02  5.33184833872339E+01
 3.022E-02  5.31282404679822E+01
 3.063E-02  5.29292539333617E+01
 3.105E-02  5.27221171106350E+01
 3.147E-02  5.25074539797951E+01
 3.190E-02  5.22859186338858E+01
 3.234E-02  5.20581946297328E+01
 3.278E-02  5.18249942258483E+01
 3.323E-02  5.15870575045179E+01
 3.368E-02  5.13451513753437E+01
 3.414E-02  5.11000684578162E+01
 3.461E-02  5.08526258408122E+01
 3.508E-02  5.06036637172633E+01
 3.556E-02  5.03540438926275E+01
 3.604E-02  5.01046481661968E+01
 3.654E-02  4.98563765847163E+01
 3.703E-02  4.96101455682510E+01
 3.754E-02  4.93668859087284E+01
 3.805E-02  4.91275406421042E+01
 3.857E-02  4.88930627956393E+01
 3.910E-02  4.86644130123481E+01
 3.963E-02  4.84425570552662E+01
 4.017E-02  4.82284631948021E+01
 4.072E-02  4.80230994830706E+01
 4.128E-02  4.78274309197579E+01
 4.184E-02  4.76424165147407E+01
 4.241E-02  4.74690062533611E+01
 4.299E-02  4.73081379709583E+01
 4.358E-02  4.71607341439634E+01
 4.417E-02  4.70276986055708E+01
 4.478E-02  4.69099131947192E+01
 4.539E-02  4.68082343478274E+01
 4.601E-02  4.67234896434402E+01
 4.664E-02  4.66564743106467E+01
 4.727E-02  4.66079477128214E+01
 4.792E-02  4.65786298189227E+01
 4.857E-02  4.65691976752343E+01
 4.924E-02  4.65802818910756E+01
 4.991E-02  4.66124631526124E+01
 5.059E-02  4.66662687794712E+01
 5.128E-02  4.67421693393985E+01
 5.198E-02  4.68405753367039E+01
 5.269E-02  4.69618339906660E+01
 5.341E-02  4.71062261204839E+01
 5.414E-02  4.72739631536894E+01
 5.488E-02  4.74651842752176E+01
 5.563E-02  4.76799537345386E+01
 5.639E-02  4.79182583283978E+01
 5.716E-02  4.81800050767722E+01
 5.794E-02  4.84650191096344E+01
 5.873E-02  4.87730417820140E+01
 5.953E-02  4.91037290346557E+01
 6.034E-02  4.94566500172877E+01
 6.116E-02  4.98312859911360E+01
 6.200E-02  5.02270295268383E+01
 6.285E-02  5.06431840133280E+01
 6.370E-02  5.10789634925700E+01
 6.457E-02  5.15334928342353E+01
 6.546E-02  5.20058082634916E+01
 6.635E-02  5.24948582540772E+01
 6.725E-02  5.29995047976924E+01
 6.817E-02  5.35185250595087E+01
 6.910E-02  5.40506134282466E+01
 7.005E-02  5.45943839678143E+01
 7.100E-02  5.51483732759371E+01
 7.197E-02  5.57110437535380E+01
 7.296E-02  5.62807872868581E+01
 7.395E-02  5.68559293424420E+01
 7.496E-02  5.74347334731526E+01
 7.598E-02  5.80154062313366E+01
 7.702E-02  5.85961024831351E+01
 7.807E-02  5.91749311157412E+01
 7.914E-02  5.97499611271421E+01
 8.022E-02  6.03192280855694E+01
 8.132E-02  6.08807409435181E+01
 8.243E-02  6.14324891888015E+01
 8.355E-02  6.19724503126837E+01
 8.469E-02  6.24985975727060E+01
 8.585E-02  6.30089080253866E+01
 8.702E-02  6.35013708015608E+01
 8.821E-02  6.39739955947387E+01
 8.941E-02  6.44248213305144E+01
 9.063E-02  6.48519249827721E+01
 9.187E-02  6.52534305002279E+01
 9.312E-02  6.56275178047182E+01
 9.440E-02  6.59724318206385E+01
 9.568E-02  6.62864914930436E+01
 9.699E-02  6.65680987501732E+01
 9.831E-02  6.68157473645801E+01
 9.966E-02  6.70280316656242E+01
 1.010E-01  6.72036550548813E+01
 1.024E-01  6.73414382750087E+01
 1.038E-01  6.74403273818340E+01
 1.052E-01  6.74994013689034E+01
 1.066E-01  6.75178793934596E+01
 1.081E-01  6.74951275528316E+01
 1.096E-01  6.74306651605212E+01
 1.111E-01  6.73241704718889E+01
 1.126E-01  6.71754858102742E+01
 1.141E-01  6.69846220456568E+01
 1.157E-01  6.67517623795757E+01
 1.173E-01  6.64772653919951E+01
 1.189E-01  6.61616673081279E+01
 1.205E-01  6.58056834459274E+01
 1.221E-01  6.54102088080187E+01
 1.238E-01  6.49763177852759E+01
 1.255E-01  6.45052629430551E+01
 1.272E-01  6.39984728652603E+01
 1.289E-01  6.34575490359399E+01
 1.307E-01  6.28842617429871E+01
 1.325E-01  6.22805449937111E+01
 1.343E-01  6.16484904375682E+01
 1.361E-01  6.09903402971445E+01
 1.380E-01  6.03084793145599E+01
 1.399E-01  5.96054257267769E+01
 1.418E-01  5.88838212898143E+01
 1.437E-01  5.81464203785567E+01
 1.457E-01  5.73960781956620E+01
 1.477E-01  5.66357381299669E+01
 1.497E-01  5.58684183117228E+01
 1.517E-01  5.50971974189027E+01
 1.538E-01  5.43251997956634E+01
 1.559E-01  5.35555799507495E+01
 1.580E-01  5.27915065101437E+01
 1.602E-01  5.20361457045262E+01
 1.624E-01  5.12926444780455E+01
 1.646E-01  5.05641133104647E+01
 1.668E-01  4.98536088498529E+01
 1.691E-01  4.91641164575914E+01
 1.714E-01  4.84985327714915E+01
 1.738E-01  4.78596483962076E+01
 1.761E-01  4.72501308328353E+01
 1.785E-01  4.66725077615411E+01
 1.810E-01  4.61291507922426E+01
 1.834E-01  4.56222597986957E+01
 1.860E-01  4.51538479508201E+01
 1.885E-01  4.47257275586698E+01
 1.911E-01  4.43394968391195E+01
 1.937E-01  4.39965277130678E+01
 1.963E-01  4.36979547367581E+01
 1.990E-01  4.34446652656807E+01
 2.017E-01  4.32372909434659E+01
 2.045E-01  4.30762006012200E+01
 2.073E-01  4.29614946449219E+01
 2.101E-01  4.28930009998312E+01
 2.130E-01  4.28702726713862E+01
 2.159E-01  4.28925869718671E+01
 2.188E-01  4.29589464512004E+01
 2.218E-01  4.30680815587746E+01
 2.248E-01  4.32184550510868E+01
 2.279E-01  4.34082681475375E+01
 2.310E-01  4.36354684238223E+01
 2.342E-01  4.38977594192395E+01
 2.374E-01  4.41926119209486E+01
 2.406E-01  4.45172768748884E+01
 2.439E-01  4.48687998598134E+01
 2.472E-01  4.52440370478690E+01
 2.506E-01  4.56396725624148E+01
 2.540E-01  4.60522371315598E+01
 2.575E-01  4.64781279242266E+01
 2.610E-01  4.69136294446363E+01
 2.646E-01  4.73549353510378E+01
 2.682E-01  4.77981710554013E+01
 2.718E-01  4.82394169527879E+01
 2.755E-01  4.86747321222798E+01
 2.793E-01  4.91001783358120E+01
 2.831E-01  4.95118442070633E+01
 2.870E-01  4.99058693097984E+01
 2.909E-01  5.02784680937648E+01
 2.949E-01  5.06259534264500E+01
 2.989E-01  5.09447595907288E+01
 3.030E-01  5.12314645716519E+01
 3.071E-01  5.14828114703401E+01
 3.113E-01  5.16957288890919E+01
 3.156E-01  5.18673501393471E+01
 3.199E-01  5.19950311329819E+01
 3.242E-01  5.20763668274621E+01
 3.287E-01  5.21092061065421E+01
 3.331E-01  5.20916649903540E+01
 3.377E-01  5.20221380817513E+01
 3.423E-01  5.18993081695307E+01
 3.470E-01  5.17221539235066E+01
 3.517E-01  5.14899556312082E+01
 3.565E-01  5.12022989410798E+01
 3.614E-01  5.08590765923207E+01
 3.663E-01  5.04604881267898E+01
 3.713E-01  5.00070375935529E+01
 3.764E-01  4.94995292715666E+01
 3.815E-01  4.89390614505178E+01
 3.867E-01  4.83270183238871E+01
 3.920E-01  4.76650600617447E+01
 3.974E-01  4.69551111435439E+01
 4.028E-01  4.61993470431585E+01
 4.083E-01  4.54001793695400E+01
 4.139E-01  4.45602395765946E+01
 4.195E-01  4.36823613651395E+01
 4.252E-01  4.27695619080609E+01
 4.311E-01  4.18250220370139E+01
 4.369E-01  4.08520655351779E+01
 4.429E-01  3.98541376856681E+01
 4.489E-01  3.88347832292147E+01
 4.551E-01  3.77976238876398E+01
 4.613E-01  3.67463356114959E+01
 4.676E-01  3.56846257109767E+01
 4.740E-01  3.46162100288826E+01
 4.804E-01  3.35447903130273E+01
 4.870E-01  3.24740319430186E+01
 4.936E-01  3.14075421628482E+01
 5.004E-01  3.03488489662017E+01
 5.072E-01  2.93013807758637E+01
 5.141E-01  2.82684470520626E+01
 5.212E-01  2.72532199571097E+01
 5.283E-01  2.62587171952519E+01
 5.355E-01  2.52877861373247E+01
 5.428E-01  2.43430893295948E+01
 5.502E-01  2.34270914751821E+01
 5.577E-01  2.25420479646934E+01
 5.653E-01  2.16899950202824E+01
 5.731E-01  2.08727415043317E+01
 5.809E-01  2.00918624304572E+01
 5.888E-01  1.93486942006600E+01
 5.969E-01  1.86443315783337E+01
 6.050E-01  1.79796263926119E+01
 6.133E-01  1.73551879553704E+01
 6.216E-01  1.67713851582374E+01
 6.301E-01  1.62283502033851E+01
 6.387E-01  1.57259839088443E+01
 6.474E-01  1.52639625167674E+01
 6.563E-01  1.48417459216146E+01
 6.652E-01  1.44585872248006E+01
 6.743E-01  1.41135435130242E+01
 6.835E-01  1.38054877494076E+01
 6.929E-01  1.35331216597608E+01
 7.023E-01  1.32949894907778E+01
 7.119E-01  1.30894925127870E+01
 7.216E-01  1.29149041367709E+01
 7.315E-01  1.27693855137061E+01
 7.415E-01  1.26510014837866E+01
 7.516E-01  1.25577367437021E+01
 7.618E-01  1.24875121017881E+01
 7.723E-01  1.24382006934612E+01
 7.828E-01  1.24076440328492E+01
 7.935E-01  1.23936677808670E+01
 8.043E-01  1.23940971151273E+01
 8.153E-01  1.24067715929864E+01
 8.264E-01  1.24295594056659E+01
 8.377E-01  1.24603709287447E+01
 8.491E-01  1.24971714823311E+01
 8.607E-01  1.25379932228786E+01
 8.725E-01  1.25809460978285E+01
 8.844E-01  1.26242278039981E+01
 8.965E-01  1.26661327007888E+01
 9.087E-01  1.27050596397854E+01
 9.211E-01  1.27395186830349E+01
 9.337E-01  1.27681366931269E+01
 9.464E-01  1.27896617890152E+01
 9.594E-01  1.28029666721940E+01
 9.725E-01  1.28070508382521E+01
 9.857E-01  1.28010416988336E+01
 9.992E-01  1.27841946485201E+01
 1.013E+00  1.27558921200092E+01
 1.027E+00  1.27156416790803E+01
 1.041E+00  1.26630732181378E+01
 1.055E+00  1.25979353135195E+01
 1.069E+00  1.25200908172018E+01
 1.084E+00  1.24295117579789E+01
 1.099E+00  1.23262736306208E+01
 1.114E+00  1.22105491539137E+01
 1.129E+00  1.20826015798700E+01
 1.144E+00  1.19427776367864E+01
 1.160E+00  1.17915001882723E+01
 1.176E+00  1.16292606889115E+01
 1.192E+00  1.14566115149328E+01
 1.208E+00  1.12741582452144E+01
 1.225E+00  1.10825519642202E+01
 1.241E+00  1.08824816541431E+01
 1.258E+00  1.06746667387136E+01
 1.275E+00  1.04598498358953E+01
 1.293E+00  1.02387897711462E+01
 1.310E+00  1.00122548971443E+01
 1.328E+00  9.78101675996660E+00
 1.347E+00  9.54584414573631E+00
 1.365E+00  9.30749753580888E+00
 1.384E+00  9.06672399271084E+00
 1.402E+00  8.82425249335240E+00
 1.422E+00  8.58078972055586E+00
 1.441E+00  8.33701631873122E+00
 1.461E+00  8.09358361462794E+00
 1.481E+00  7.85111079953468E+00
 1.501E+00  7.61018256511227E+00
 1.521E+00  7.37134718125063E+00
 1.542E+00  7.13511500095092E+00
 1.563E+00  6.90195737425645E+00
 1.584E+00  6.67230595069198E+00
 1.606E+00  6.44655234751598E+00
 1.628E+00  6.22504815933578E+00
 1.650E+00  6.00810528326908E+00
 1.673E+00  5.79599653283975E+00
 1.696E+00  5.58895651315208E+00
 1.719E+00  5.38718272957443E+00
 1.742E+00  5.19083690215627E+00
 1.766E+00  5.00004645827652E+00
 1.790E+00  4.81490617655071E+00
 1.815E+00  4.63547995578184E+00
 1.839E+00  4.46180268369883E+00
 1.864E+00  4.29388218135923E+00
 1.890E+00  4.13170120037423E+00
 1.916E+00  3.97521945151647E+00
 1.942E+00  3.82437564477066E+00
 1.968E+00  3.67908952245961E+00
 1.995E+00  3.53926386870061E+00
 2.022E+00  3.40478648009792E+00
 2.050E+00  3.27553208423743E+00
 2.078E+00  3.15136419419916E+00
 2.106E+00  3.03213688892765E+00
 2.135E+00  2.91769651088271E+00
 2.164E+00  2.80788327392094E+00
 2.194E+00  2.70253277582067E+00
 2.224E+00  2.60147741124881E+00
 2.254E+00  2.50454768227032E+00
 2.285E+00  2.41157340471255E+00
 2.316E+00  2.32238480981313E+00
 2.348E+00  2.23681354159785E+00
 2.380E+00  2.15469355135214E+00
 2.412E+00  2.07586189136630E+00
 2.445E+00  2.00015941085032E+00
 2.479E+00  1.92743135753180E+00
 2.513E+00  1.85752788897220E+00
 2.547E+00  1.79030449806645E+00
 2.582E+00  1.72562235753307E+00
 2.617E+00  1.66334858846156E+00
 2.653E+00  1.60335645816635E+00
 2.689E+00  1.54552551270784E+00
 2.725E+00  1.48974164948729E+00
 2.763E+00  1.43589713530995E+00
 2.800E+00  1.38389057524559E+00
 2.839E+00  1.33362683750466E+00
 2.877E+00  1.28501693939712E+00
 2.917E+00  1.23797789925594E+00
 2.956E+00  1.19243255899407E+00
 2.997E+00  1.14830938172745E+00
 3.038E+00  1.10554222864346E+00
 3.079E+00  1.06407011902726E+00
 3.121E+00  1.02383697708414E+00
 3.164E+00  9.84791368916354E-01
 3.207E+00  9.46886232733223E-01
 3.251E+00  9.10078605095330E-01
 3.295E+00  8.74329345721416E-01
 3.340E+00  8.39602863121627E-01
 3.386E+00  8.05866843065566E-01
 3.432E+00  7.73091981649750E-01
 3.479E+00  7.41251724497778E-01
 3.526E+00  7.10322013408911E-01
 3.575E+00  6.80281041567543E-01
 3.623E+00  6.51109018237522E-01
 3.673E+00  6.22787943691867E-01
 3.723E+00  5.95301394969831E-01
 3.774E+00  5.68634322909494E-01
 3.825E+00  5.42772860774514E-01
 3.878E+00  5.17704144677986E-01
 3.930E+00  4.93416145903683E-01
 3.984E+00  4.69897515134713E-01
 4.039E+00  4.47137438520815E-01
 4.094E+00  4.25125505447410E-01
 4.150E+00  4.03851587811056E-01
 4.206E+00  3.83305730556327E-01
 4.264E+00  3.63478053187344E-01
 4.322E+00  3.44358661932342E-01
 4.381E+00  3.25937572210935E-01
 4.441E+00  3.08204641030269E-01
 4.501E+00  2.91149508917289E-01
 4.563E+00  2.74761550979175E-01
 4.625E+00  2.59029836672019E-01
 4.688E+00  2.43943097848412E-01
 4.752E+00  2.29489704647363E-01
 4.817E+00  2.15657648784414E-01
 4.883E+00  2.02434533795662E-01
 4.950E+00  1.89807571786400E-01
 5.017E+00  1.77763586232972E-01
 5.086E+00  1.66289020385225E-01
 5.155E+00  1.55369950816443E-01
 5.225E+00  1.44992105667911E-01
 5.297E+00  1.35140887136331E-01
 5.369E+00  1.25801397754230E-01
 5.442E+00  1.16958470016402E-01
 5.517E+00  1.08596698909376E-01
 5.592E+00  1.00700476906129E-01
 5.668E+00  9.32540309947920E-02
 5.746E+00  8.62414613181329E-02
 5.824E+00  7.96467810102489E-02
 5.904E+00  7.34539568282566E-02
 5.984E+00  6.76469501898982E-02
 6.066E+00  6.22097582429682E-02
 6.149E+00  5.71264546092969E-02
 6.233E+00  5.23812294647053E-02
 6.318E+00  4.79584286368041E-02
 6.404E+00  4.38425914246749E-02
 6.491E+00  4.00184868681995E-02
 6.580E+00  3.64711482199491E-02
 6.670E+00  3.31859053989102E-02
 6.761E+00  3.01484152326820E-02
 6.853E+00  2.73446893228943E-02
 6.947E+00  2.47611193972000E-02
 7.042E+00  2.23845000400014E-02
 7.138E+00  2.02020487228042E-02
 7.235E+00  1.82014230834458E-02
 7.334E+00  1.63707354311459E-02
 7.434E+00  1.46985644810783E-02
 7.536E+00  1.31739643477109E-02
 7.639E+00  1.17864708502510E-02
 7.743E+00  1.05261052059370E-02
 7.849E+00  9.38337520744954E-03
 7.956E+00  8.34927399918960E-03
 8.064E+00  7.41527658347056E-03
 8.174E+00  6.57333420168412E-03
 8.286E+00  5.81586674716822E-03
 8.399E+00  5.13575337579537E-03
 8.514E+00  4.52632148722201E-03
 8.630E+00  3.98133425433119E-03
 8.748E+00  3.49497688073608E-03
 8.867E+00  3.06184176639067E-03
 8.988E+00  2.67691275950494E-03
 9.111E+00  2.33554866923630E-03
 9.235E+00  2.03346620819448E-03
 9.362E+00  1.76672252684120E-03
 9.489E+00  1.53169749358439E-03
 9.619E+00  1.32507586496128E-03
 9.750E+00  1.14382947998465E-03
 9.883E+00  9.85199601695240E-04
 1.002E+01  8.46679517424243E-04
 1.016E+01  7.25997497417094E-04
 1.029E+01  6.21100199486963E-04
 1.043E+01  5.30136595426200E-04
 1.058E+01  4.51442483161902E-04
 1.072E+01  3.83525637239340E-04
 1.087E+01  3.25051639277052E-04
 1.102E+01  2.74830419664740E-04
 1.117E+01  2.31803532056513E-04
 1.132E+01  1.95032173215738E-04
 1.147E+01  1.63685952544267E-04
 1.163E+01  1.37032408211616E-04
 1.179E+01  1.14427260206312E-04
 1.195E+01  9.53053848646093E-05
 1.211E+01  7.91724904808554E-05
 1.228E+01  6.55974694466525E-05
 1.245E+01  5.42053989701628E-05
 1.262E+01  4.46711597518463E-05
 1.279E+01  3.67136399910207E-05
 1.296E+01  3.00904907162934E-05
 1.314E+01  2.45933976158148E-05
 1.332E+01  2.00438342320789E-05
 1.350E+01  1.62892615213285E-05
 1.368E+01  1.31997393004989E-05
 1.387E+01  1.06649159574071E-05
 1.406E+01  8.59136392711973E-06
 1.425E+01  6.90022978653562E-06
 1.445E+01  5.52516934119711E-06
 1.464E+01  4.41053972804696E-06
 1.484E+01  3.50982229434034E-06
 1.505E+01  2.78425179963314E-06
 1.525E+01  2.20162929256649E-06
 1.546E+01  1.73529780927648E-06
 1.567E+01  1.36326180215870E-06
 1.589E+01  1.06743291694121E-06
 1.610E+01  8.32986376923169E-07
 1.632E+01  6.47813793677807E-07
 1.655E+01  5.02059694538958E-07
 1.677E+01  3.87730433130697E-07
 1.700E+01  2.98367322910576E-07
 1.723E+01  2.28783304015881E-07
 1.747E+01  1.74795950262895E-07
 1.771E+01  1.33061181863971E-07
 1.795E+01  1.00916700587694E-07
 1.819E+01  7.62508573495894E-08
 1.844E+01  5.73950558252756E-08
 1.869E+01  4.30358130847723E-08
 1.895E+01  3.21431700713953E-08
 1.921E+01  2.39126449252891E-08
 1.947E+01  1.77183572695170E-08
 1.974E+01  1.30753282041561E-08
 2.000E+01  9.60928511521402E-09
 2.028E+01  7.03257835506331E-09
 2.055E+01  5.12505384020722E-09
 2.084E+01  3.71892666798143E-09
 2.112E+01  2.68687057268739E-09
 2.141E+01  1.93268059133189E-09
 2.170E+01  1.38398543874890E-09
 2.200E+01  9.86585148529957E-10
 2.230E+01  7.00071486281665E-10
 2.260E+01  4.94456095602140E-10
 2.291E+01  3.47586575971463E-10
 2.322E+01  2.43175695474863E-10
 2.354E+01  1.69305417096856E-10
 2.386E+01  1.17296827558005E-10
 2.419E+01  8.08606467954769E-11
 2.452E+01  5.54618165318030E-11
 2.485E+01  3.78466021060977E-11
 2.519E+01  2.56924310627611E-11
 2.554E+01  1.73499473615777E-11
 2.588E+01  1.16539864331997E-11
 2.624E+01  7.78578734981435E-12
 2.660E+01  5.17309092493748E-12
 2.696E+01  3.41809909780721E-12
 2.733E+01  2.24581057773152E-12
 2.770E+01  1.46717544652693E-12
 2.808E+01  9.52966186391630E-13
 2.846E+01  6.15354016045682E-13
 2.885E+01  3.94993381176169E-13
 2.924E+01  2.52020851109625E-13
 2.964E+01  1.59819279527042E-13
 3.005E+01  1.00723677688957E-13
 3.046E+01  6.30822054332386E-14
 3.087E+01  3.92570555946731E-14
 3.130E+01  2.42731590685348E-14
 3.172E+01  1.49105702173422E-14
 3.216E+01  9.09877022155991E-15
 3.259E+01  5.51508526346943E-15
 3.304E+01  3.32018977803317E-15
 3.349E+01  1.98506274880036E-15
 3.395E+01  1.17854232409152E-15
 3.441E+01  6.94758931957340E-16
 3.488E+01  4.06629550501110E-16
 3.536E+01  2.36263608235929E-16
 3.584E+01  1.36265056106101E-16
 3.633E+01  7.80042058539747E-17
 3.683E+01  4.43152165922569E-17
 3.733E+01  2.49829629894706E-17
 3.784E+01  1.39747962503926E-17
 3.835E+01  7.75552375548965E-18
 3.888E+01  4.26966588199156E-18
 3.941E+01  2.33155745831458E-18
 3.995E+01  1.26275628411764E-18
 4.049E+01  6.78211565227829E-19
 4.104E+01  3.61188126819052E-19
 4.161E+01  1.90710264272255E-19
 4.217E+01  9.98242415417408E-20
 4.275E+01  5.17925917044046E-20
 4.333E+01  2.66327836711532E-20
 4.392E+01  1.35715571251087E-20
 4.452E+01  6.85256529251403E-21
 4.513E+01  3.42793463089265E-21
 4.575E+01  1.69868347871201E-21
 4.637E+01  8.33752216572982E-22
 4.701E+01  4.05274701089393E-22
 4.765E+01  1.95071015487781E-22
 4.830E+01  9.29627846433528E-23
 4.896E+01  4.38572530010806E-23
 4.963E+01  2.04801731151721E-23
 5.030E+01  9.46528921155182E-24
 5.099E+01  4.32913133187417E-24
 5.169E+01  1.95937495413698E-24
 5.239E+01  8.77655269367242E-25
 5.311E+01  3.89226782359390E-25
 5.383E+01  1.71101864571238E-25
 5.457E+01  7.47740486173402E-26
 5.531E+01  3.27173320388115E-26
 5.607E+01  0.00000000000000E+00
 5.683E+01  0.00000000000000E+00
 5.761E+01  0.00000000000000E+00
 5.839E+01  0.00000000000000E+00
 5.919E+01  0.00000000000000E+00
 6.000E+01  0.00000000000000E+00
