line2: Z,NR,R(1),R(NR) /line3,4,...: R(N),RHO*4*PI*R(N)**2
23.00  2000  1.01365245284744E-10  6.00000000000000E+01
 1.014E-10  1.82971419736203E-15
 1.027E-10  1.87929227690320E-15
 1.042E-10  1.93021372797789E-15
 1.056E-10  2.01170184656021E-15
 1.070E-10  2.06621107772357E-15
 1.085E-10  2.12219729529110E-15
 1.100E-10  2.17970051980362E-15
 1.115E-10  2.23876185619971E-15
 1.130E-10  2.29942352320119E-15
 1.145E-10  2.36172888349168E-15
 1.161E-10  2.42572247471349E-15
 1.177E-10  2.49145004130418E-15
 1.193E-10  2.55895856719642E-15
 1.209E-10  2.62829630940299E-15
 1.226E-10  2.69951283251256E-15
 1.242E-10  2.77265904411983E-15
 1.259E-10  2.84778723121548E-15
 1.276E-10  2.92495109756286E-15
 1.294E-10  3.00420580208658E-15
 1.312E-10  3.08560799830159E-15
 1.329E-10  3.16921587481121E-15
 1.348E-10  3.25508919690167E-15
 1.366E-10  3.34328934926381E-15
 1.385E-10  3.43387937987320E-15
 1.404E-10  3.52692404505803E-15
 1.423E-10  3.62248985578907E-15
 1.442E-10  3.72064512522397E-15
 1.462E-10  3.82146001753834E-15
 1.482E-10  3.92500659808224E-15
 1.502E-10  4.03135888489406E-15
 1.523E-10  4.14059290161047E-15
 1.543E-10  4.25278673181106E-15
 1.564E-10  4.36802057483386E-15
 1.586E-10  4.48637680310423E-15
 1.607E-10  4.60794002101783E-15
 1.629E-10  4.73279712541705E-15
 1.652E-10  4.86103736770800E-15
 1.674E-10  4.99275241766036E-15
 1.697E-10  5.12803642893462E-15
 1.720E-10  5.26698610638623E-15
 1.744E-10  5.40970077519300E-15
 1.767E-10  5.55628245185581E-15
 1.792E-10  5.70683591712230E-15
 1.816E-10  5.86146879088747E-15
 1.841E-10  6.02029160912359E-15
 1.866E-10  6.18341790289388E-15
 1.891E-10  6.35096427950862E-15
 1.917E-10  6.52305050587875E-15
 1.943E-10  6.69979959412844E-15
 1.970E-10  6.88133788952848E-15
 1.997E-10  7.06779516081098E-15
 2.024E-10  7.25930469293100E-15
 2.052E-10  7.45600338234379E-15
 2.080E-10  7.65803183486225E-15
 2.108E-10  7.86553446616393E-15
 2.137E-10  8.07865960502565E-15
 2.166E-10  8.29755959935275E-15
 2.196E-10  8.52239092508085E-15
 2.226E-10  8.75331429802923E-15
 2.256E-10  8.99049478878614E-15
 2.287E-10  9.23410194070600E-15
 2.318E-10  9.48430989110219E-15
 2.350E-10  9.74129749572622E-15
 2.382E-10  1.00052484566201E-14
 2.414E-10  1.02763514534302E-14
 2.447E-10  1.05548002782805E-14
 2.481E-10  1.08407939743025E-14
 2.515E-10  1.11345369779157E-14
 2.549E-10  1.14362392649647E-14
 2.584E-10  1.17461165008158E-14
 2.619E-10  1.20643901945211E-14
 2.655E-10  1.23912878571595E-14
 2.691E-10  1.27270431644669E-14
 2.728E-10  1.30718961238760E-14
 2.765E-10  1.34260932460802E-14
 2.803E-10  1.37898877212442E-14
 2.841E-10  1.41635395999945E-14
 2.880E-10  1.45473159793090E-14
 2.919E-10  1.49414911934462E-14
 2.959E-10  1.53463470100472E-14
 2.999E-10  1.57621728315512E-14
 3.040E-10  1.61892659020682E-14
 3.082E-10  1.66279315198576E-14
 3.124E-10  1.70784832555650E-14
 3.166E-10  1.75412431763692E-14
 3.210E-10  1.80165420762086E-14
 3.253E-10  1.85047197122378E-14
 3.298E-10  1.90061250476980E-14
 3.343E-10  1.95211165013671E-14
 3.389E-10  2.00500622037639E-14
 3.435E-10  2.05933402603029E-14
 3.482E-10  2.11513390215696E-14
 3.529E-10  2.17244573609293E-14
 3.577E-10  2.23131049596509E-14
 3.626E-10  2.29177025997575E-14
 3.676E-10  2.35386824648158E-14
 3.726E-10  2.41764884488711E-14
 3.777E-10  2.48315764737564E-14
 3.828E-10  2.55044148150000E-14
 3.881E-10  2.61954844365588E-14
 3.934E-10  2.69052793346249E-14
 3.987E-10  2.76343068907525E-14
 4.042E-10  2.83830882345446E-14
 4.097E-10  2.91521586161715E-14
 4.153E-10  2.99420677889860E-14
 4.210E-10  3.07533804024977E-14
 4.267E-10  3.15866764060048E-14
 4.325E-10  3.24425514631570E-14
 4.384E-10  3.33216173777516E-14
 4.444E-10  3.42245025310695E-14
 4.505E-10  3.51518523310586E-14
 4.566E-10  3.61043296736926E-14
 4.629E-10  3.70826154168251E-14
 4.692E-10  3.80874088668853E-14
 4.756E-10  3.91194282787659E-14
 4.821E-10  4.01794113692492E-14
 4.887E-10  4.12681158443479E-14
 4.953E-10  4.23863199409363E-14
 5.021E-10  4.35348229830547E-14
 5.090E-10  4.47144459532901E-14
 5.159E-10  4.59260320796365E-14
 5.230E-10  4.71704474382626E-14
 5.301E-10  4.84485815725982E-14
 5.373E-10  4.97613481292120E-14
 5.447E-10  5.11096855109160E-14
 5.521E-10  5.24945575475533E-14
 5.596E-10  5.39169541849753E-14
 5.673E-10  5.53778921926814E-14
 5.750E-10  5.68784158906389E-14
 5.829E-10  5.84195978957877E-14
 5.908E-10  6.00025398887788E-14
 5.989E-10  6.16283734014923E-14
 6.071E-10  6.32982606258766E-14
 6.154E-10  6.50133952447261E-14
 6.238E-10  6.67750032849589E-14
 6.323E-10  6.85843439940069E-14
 6.409E-10  7.04427107399733E-14
 6.497E-10  7.23514319361634E-14
 6.585E-10  7.43118719906678E-14
 6.675E-10  7.63254322816853E-14
 6.766E-10  7.83935521592689E-14
 6.859E-10  8.05177099742062E-14
 6.952E-10  8.26994241347985E-14
 7.047E-10  8.49402541922549E-14
 7.144E-10  8.72418019554968E-14
 7.241E-10  8.96057126361886E-14
 7.340E-10  9.20336760247796E-14
 7.440E-10  9.45274276984088E-14
 7.542E-10  9.70887502615419E-14
 7.645E-10  9.97194746202400E-14
 7.749E-10  1.02421481290932E-13
 7.855E-10  1.05196701744662E-13
 7.962E-10  1.08047119787769E-13
 8.071E-10  1.10974772979952E-13
 8.181E-10  1.13981754090791E-13
 8.293E-10  1.17070212595715E-13
 8.406E-10  1.20242356212490E-13
 8.521E-10  1.23500452479390E-13
 8.637E-10  1.26846830376064E-13
 8.755E-10  1.30283881988379E-13
 8.874E-10  1.33814064218344E-13
 8.996E-10  1.37439900540372E-13
 9.118E-10  1.41163982805136E-13
 9.243E-10  1.44988973092293E-13
 9.369E-10  1.48917605613411E-13
 9.497E-10  1.52952688666461E-13
 9.627E-10  1.57097106643275E-13
 9.758E-10  1.61353822091393E-13
 9.891E-10  1.65725877831760E-13
 1.003E-09  1.70216399133823E-13
 1.016E-09  1.74828595949587E-13
 1.030E-09  1.79565765208154E-13
 1.044E-09  1.84431293172463E-13
 1.059E-09  1.89428657859903E-13
 1.073E-09  1.94561431528481E-13
 1.088E-09  1.99833283230375E-13
 1.102E-09  2.05247981434689E-13
 1.118E-09  2.10809396721252E-13
 1.133E-09  2.16521504547409E-13
 1.148E-09  2.22388388089809E-13
 1.164E-09  2.28414241163172E-13
 1.180E-09  2.34603371218120E-13
 1.196E-09  2.40960202420302E-13
 1.212E-09  2.47489278812890E-13
 1.229E-09  2.54195267564801E-13
 1.246E-09  2.61082962306903E-13
 1.263E-09  2.68157286558658E-13
 1.280E-09  2.75423297247590E-13
 1.297E-09  2.82886188324101E-13
 1.315E-09  2.90551294474273E-13
 1.333E-09  2.98424094933253E-13
 1.351E-09  3.06510217401952E-13
 1.370E-09  3.14815442069891E-13
 1.388E-09  3.23345705747042E-13
 1.407E-09  3.32107106107623E-13
 1.426E-09  3.41105906048902E-13
 1.446E-09  3.50348538168090E-13
 1.466E-09  3.59841609360520E-13
 1.486E-09  3.69591905542473E-13
 1.506E-09  3.79606396501921E-13
 1.527E-09  3.89892240880744E-13
 1.547E-09  4.00456791291925E-13
 1.568E-09  4.11307599575367E-13
 1.590E-09  4.22452422196233E-13
 1.612E-09  4.33899225789458E-13
 1.634E-09  4.45656192854460E-13
 1.656E-09  4.57731727604316E-13
 1.679E-09  4.70134461973310E-13
 1.701E-09  4.82873261787215E-13
 1.725E-09  4.95957233100894E-13
 1.748E-09  5.09395728707603E-13
 1.772E-09  5.23198354824531E-13
 1.796E-09  5.37374977959660E-13
 1.821E-09  5.51935731964608E-13
 1.846E-09  5.66891025278594E-13
 1.871E-09  5.82251548368701E-13
 1.896E-09  5.98028281371650E-13
 1.922E-09  6.14232501942838E-13
 1.949E-09  6.30875793317838E-13
 1.975E-09  6.47970052592357E-13
 2.002E-09  6.65527499226753E-13
 2.029E-09  6.83560683780822E-13
 2.057E-09  7.02082496885201E-13
 2.085E-09  7.21106178456039E-13
 2.114E-09  7.40645327159210E-13
 2.143E-09  7.60713910131073E-13
 2.172E-09  7.81326272962565E-13
 2.201E-09  8.02497149953727E-13
 2.232E-09  8.24241674646355E-13
 2.262E-09  8.46575390641809E-13
 2.293E-09  8.69514262711966E-13
 2.324E-09  8.93074688211438E-13
 2.356E-09  9.17273508798610E-13
 2.388E-09  9.42128022474780E-13
 2.421E-09  9.67655995949218E-13
 2.454E-09  9.93875677339136E-13
 2.487E-09  1.02080580921410E-12
 2.521E-09  1.04846564199371E-12
 2.556E-09  1.07687494770839E-12
 2.590E-09  1.10605403413288E-12
 2.626E-09  1.13602375930294E-12
 2.662E-09  1.16680554642513E-12
 2.698E-09  1.19842139919074E-12
 2.735E-09  1.23089391750478E-12
 2.772E-09  1.26424631364087E-12
 2.810E-09  1.29850242883408E-12
 2.848E-09  1.33368675032329E-12
 2.887E-09  1.36982442885545E-12
 2.927E-09  1.40694129666394E-12
 2.967E-09  1.44506388593418E-12
 3.007E-09  1.48421944776957E-12
 3.048E-09  1.52443597167143E-12
 3.090E-09  1.56574220554664E-12
 3.132E-09  1.60816767625737E-12
 3.175E-09  1.65174271072776E-12
 3.218E-09  1.69649845762252E-12
 3.262E-09  1.74246690961283E-12
 3.307E-09  1.78968092624550E-12
 3.352E-09  1.83817425743190E-12
 3.398E-09  1.88798156757359E-12
 3.444E-09  1.93913846034117E-12
 3.491E-09  1.99168150412476E-12
 3.539E-09  2.04564825817422E-12
 3.587E-09  2.10107729944747E-12
 3.636E-09  2.15800825018641E-12
 3.685E-09  2.21648180624024E-12
 3.736E-09  2.27653976615536E-12
 3.787E-09  2.33822506105474E-12
 3.838E-09  2.40158178532619E-12
 3.891E-09  2.46665522814189E-12
 3.944E-09  2.53349190583294E-12
 3.998E-09  2.60213959513998E-12
 4.052E-09  2.67264736736545E-12
 4.108E-09  2.74506562345142E-12
 4.164E-09  2.81944613000736E-12
 4.221E-09  2.89584205631444E-12
 4.278E-09  2.97430801233231E-12
 4.337E-09  3.05490008773577E-12
 4.396E-09  3.13767589200946E-12
 4.456E-09  3.22269459562858E-12
 4.517E-09  3.31001697235554E-12
 4.578E-09  3.39970544268299E-12
 4.641E-09  3.49182411845309E-12
 4.704E-09  3.58643884868734E-12
 4.769E-09  3.68361726665674E-12
 4.834E-09  3.78342883822779E-12
 4.900E-09  3.88594491151922E-12
 4.967E-09  3.99123876790282E-12
 5.034E-09  4.09938567438744E-12
 5.103E-09  4.21046293742229E-12
 5.173E-09  4.32454995815692E-12
 5.243E-09  4.44172828920003E-12
 5.315E-09  4.56208169291530E-12
 5.388E-09  4.68569620129669E-12
 5.461E-09  4.81266017746722E-12
 5.536E-09  4.94306437884280E-12
 5.611E-09  5.07700202200843E-12
 5.688E-09  5.21456884935188E-12
 5.765E-09  5.35586319750299E-12
 5.844E-09  5.50098606762730E-12
 5.924E-09  5.65004119762467E-12
 6.005E-09  5.80313513628382E-12
 6.087E-09  5.96037731944675E-12
 6.170E-09  6.12188014823590E-12
 6.254E-09  6.28775906940206E-12
 6.340E-09  6.45813265784847E-12
 6.426E-09  6.63312270139146E-12
 6.514E-09  6.81285428781870E-12
 6.603E-09  6.99745589430381E-12
 6.693E-09  7.18705947924644E-12
 6.784E-09  7.38180057659968E-12
 6.877E-09  7.58181839275296E-12
 6.971E-09  7.78725590604113E-12
 7.066E-09  7.99825996894906E-12
 7.162E-09  8.21498141308547E-12
 7.260E-09  8.43757515700264E-12
 7.359E-09  8.66620031693493E-12
 7.460E-09  8.90102032054041E-12
 7.562E-09  9.14220302372340E-12
 7.665E-09  9.38992083062166E-12
 7.770E-09  9.64435081684703E-12
 7.876E-09  9.90567485606214E-12
 7.983E-09  1.01740797499902E-11
 8.092E-09  1.04497573619454E-11
 8.203E-09  1.07329047539817E-11
 8.315E-09  1.10237243277585E-11
 8.428E-09  1.13224239692232E-11
 8.543E-09  1.16292171972127E-11
 8.660E-09  1.19443233160830E-11
 8.778E-09  1.22679675724751E-11
 8.898E-09  1.26003813163260E-11
 9.019E-09  1.29418021662434E-11
 9.142E-09  1.32924741793644E-11
 9.267E-09  1.36526480258117E-11
 9.394E-09  1.40225811678799E-11
 9.522E-09  1.44025380440782E-11
 9.652E-09  1.47927902581552E-11
 9.784E-09  1.51936167732523E-11
 9.917E-09  1.56053041113113E-11
 1.005E-08  1.60281465578882E-11
 1.019E-08  1.64624463725184E-11
 1.033E-08  1.69085140047780E-11
 1.047E-08  1.73666683162018E-11
 1.061E-08  1.78372368082161E-11
 1.076E-08  1.83205558562430E-11
 1.090E-08  1.88169709501518E-11
 1.105E-08  1.93268369412236E-11
 1.120E-08  1.98505182958102E-11
 1.136E-08  2.03883893558645E-11
 1.151E-08  2.09408346065264E-11
 1.167E-08  2.15082489509676E-11
 1.183E-08  2.20910379926770E-11
 1.199E-08  2.26896183253957E-11
 1.215E-08  2.33044178309134E-11
 1.232E-08  2.39358759849262E-11
 1.249E-08  2.45844441711847E-11
 1.266E-08  2.52505860041589E-11
 1.283E-08  2.59347776604383E-11
 1.301E-08  2.66375082191192E-11
 1.318E-08  2.73592800114113E-11
 1.336E-08  2.81006089797114E-11
 1.355E-08  2.88620250464195E-11
 1.373E-08  2.96440724927409E-11
 1.392E-08  3.04473103477467E-11
 1.411E-08  3.12723127879896E-11
 1.430E-08  3.21196695479397E-11
 1.450E-08  3.29899863415363E-11
 1.470E-08  3.38838852951741E-11
 1.490E-08  3.48020053924148E-11
 1.510E-08  3.57450029307462E-11
 1.531E-08  3.67135519907232E-11
 1.551E-08  3.77083449178196E-11
 1.573E-08  3.87300928173324E-11
 1.594E-08  3.97795260626983E-11
 1.616E-08  4.08573948175877E-11
 1.638E-08  4.19644695721356E-11
 1.660E-08  4.31015416937130E-11
 1.683E-08  4.42694239926129E-11
 1.706E-08  4.54689513030721E-11
 1.729E-08  4.67009810800299E-11
 1.753E-08  4.79663940120592E-11
 1.777E-08  4.92660946509101E-11
 1.801E-08  5.06010120580959E-11
 1.826E-08  5.19721004690221E-11
 1.851E-08  5.33803399750942E-11
 1.876E-08  5.48267372243147E-11
 1.901E-08  5.63123261408533E-11
 1.927E-08  5.78381686641307E-11
 1.954E-08  5.94053555079139E-11
 1.980E-08  6.10150069399917E-11
 2.007E-08  6.26682735829767E-11
 2.035E-08  6.43663372367815E-11
 2.063E-08  6.61104117234076E-11
 2.091E-08  6.79017437546311E-11
 2.119E-08  6.97416138231640E-11
 2.148E-08  7.16313371179907E-11
 2.178E-08  7.35722644645029E-11
 2.207E-08  7.55657832900930E-11
 2.237E-08  7.76133186159367E-11
 2.268E-08  7.97163340756185E-11
 2.299E-08  8.18763329613852E-11
 2.330E-08  8.40948592987342E-11
 2.362E-08  8.63734989501233E-11
 2.394E-08  8.87138807485791E-11
 2.427E-08  9.11176776620312E-11
 2.460E-08  9.35866079891958E-11
 2.494E-08  9.61224365878495E-11
 2.528E-08  9.87269761364046E-11
 2.562E-08  1.01402088429646E-10
 2.597E-08  1.04149685709596E-10
 2.633E-08  1.06971732032428E-10
 2.669E-08  1.09870244672427E-10
 2.705E-08  1.12847295563973E-10
 2.742E-08  1.15905012782638E-10
 2.779E-08  1.19045582066366E-10
 2.817E-08  1.22271248377880E-10
 2.856E-08  1.25584317509472E-10
 2.895E-08  1.28987157731218E-10
 2.934E-08  1.32482201483869E-10
 2.974E-08  1.36071947117636E-10
 3.015E-08  1.39758960678057E-10
 3.056E-08  1.43545877740272E-10
 3.098E-08  1.47435405293010E-10
 3.140E-08  1.51430323673585E-10
 3.183E-08  1.55533488555362E-10
 3.227E-08  1.59747832989063E-10
 3.271E-08  1.64076369499376E-10
 3.315E-08  1.68522192238389E-10
 3.361E-08  1.73088479197345E-10
 3.406E-08  1.77778494478357E-10
 3.453E-08  1.82595590627684E-10
 3.500E-08  1.87543211032158E-10
 3.548E-08  1.92624892380651E-10
 3.596E-08  1.97844267192176E-10
 3.645E-08  2.03205066412453E-10
 3.695E-08  2.08711122080921E-10
 3.746E-08  2.14366370069964E-10
 3.797E-08  2.20174852898338E-10
 3.849E-08  2.26140722620877E-10
 3.901E-08  2.32268243796476E-10
 3.954E-08  2.38561796536500E-10
 4.008E-08  2.45025879635765E-10
 4.063E-08  2.51665113788416E-10
 4.119E-08  2.58484244890858E-10
 4.175E-08  2.65488147434274E-10
 4.232E-08  2.72681827988993E-10
 4.290E-08  2.80070428783310E-10
 4.348E-08  2.87659231379266E-10
 4.408E-08  2.95453660448021E-10
 4.468E-08  3.03459287647546E-10
 4.529E-08  3.11681835605342E-10
 4.591E-08  3.20127182009122E-10
 4.653E-08  3.28801363808306E-10
 4.717E-08  3.37710581529344E-10
 4.781E-08  3.46861203708013E-10
 4.846E-08  3.56259771441802E-10
 4.913E-08  3.65913003065564E-10
 4.980E-08  3.75827798953983E-10
 5.048E-08  3.86011246454119E-10
 5.117E-08  3.96470624951545E-10
 5.186E-08  4.07213411073820E-10
 5.257E-08  4.18247284034969E-10
 5.329E-08  4.29580131124737E-10
 5.402E-08  4.41220053346582E-10
 5.475E-08  4.53175371208423E-10
 5.550E-08  4.65454630670324E-10
 5.626E-08  4.78066609253372E-10
 5.703E-08  4.91020322313957E-10
 5.781E-08  5.04325029488125E-10
 5.860E-08  5.17990241310636E-10
 5.940E-08  5.32025726013271E-10
 6.021E-08  5.46441516507256E-10
 6.103E-08  5.61247917555100E-10
 6.186E-08  5.76455513136625E-10
 6.271E-08  5.92075174014528E-10
 6.356E-08  6.08118065505136E-10
 6.443E-08  6.24595655459469E-10
 6.531E-08  6.41519722460772E-10
 6.620E-08  6.58902364244049E-10
 6.711E-08  6.76756006343738E-10
 6.802E-08  6.95093410975768E-10
 6.895E-08  7.13927686160101E-10
 6.989E-08  7.33272295090728E-10
 7.085E-08  7.53141065759424E-10
 7.181E-08  7.73548200840160E-10
 7.279E-08  7.94508287841396E-10
 7.379E-08  8.16036309533641E-10
 7.479E-08  8.38147654659389E-10
 7.582E-08  8.60858128933115E-10
 7.685E-08  8.84183966339619E-10
 7.790E-08  9.08141840738375E-10
 7.896E-08  9.32748877782164E-10
 8.004E-08  9.58022667158914E-10
 8.113E-08  9.83981275165133E-10
 8.224E-08  1.01064325761989E-09
 8.336E-08  1.03802767312884E-09
 8.450E-08  1.06615409670775E-09
 8.566E-08  1.09504263377495E-09
 8.683E-08  1.12471393452305E-09
 8.801E-08  1.15518920867995E-09
 8.921E-08  1.18649024067003E-09
 9.043E-08  1.21863940518596E-09
 9.167E-08  1.25165968318239E-09
 9.292E-08  1.28557467830325E-09
 9.419E-08  1.32040863375387E-09
 9.547E-08  1.35618644963037E-09
 9.677E-08  1.39293370071883E-09
 9.810E-08  1.43067665477622E-09
 9.944E-08  1.46944229130724E-09
 1.008E-07  1.50925832084960E-09
 1.022E-07  1.55015320478180E-09
 1.036E-07  1.59215617566780E-09
 1.050E-07  1.63529725815287E-09
 1.064E-07  1.67960729042559E-09
 1.079E-07  1.72511794626151E-09
 1.093E-07  1.77186175766377E-09
 1.108E-07  1.81987213811758E-09
 1.123E-07  1.86918340647462E-09
 1.139E-07  1.91983081148440E-09
 1.154E-07  1.97185055699077E-09
 1.170E-07  2.02527982781065E-09
 1.186E-07  2.08015681631416E-09
 1.202E-07  2.13652074972532E-09
 1.219E-07  2.19441191816168E-09
 1.235E-07  2.25387170343442E-09
 1.252E-07  2.31494260862860E-09
 1.269E-07  2.37766828848450E-09
 1.287E-07  2.44209358060275E-09
 1.304E-07  2.50826453749468E-09
 1.322E-07  2.57622845950101E-09
 1.340E-07  2.64603392860279E-09
 1.358E-07  2.71773084314801E-09
 1.377E-07  2.79137045351978E-09
 1.396E-07  2.86700539877003E-09
 1.415E-07  2.94468974424687E-09
 1.434E-07  3.02447902024088E-09
 1.454E-07  3.10643026167826E-09
 1.473E-07  3.19060204889037E-09
 1.494E-07  3.27705454948703E-09
 1.514E-07  3.36584956136480E-09
 1.535E-07  3.45705055688086E-09
 1.556E-07  3.55072272822306E-09
 1.577E-07  3.64693303401017E-09
 1.598E-07  3.74575024715392E-09
 1.620E-07  3.84724500401854E-09
 1.642E-07  3.95148985491221E-09
 1.665E-07  4.05855931594571E-09
 1.687E-07  4.16852992229759E-09
 1.710E-07  4.28148028292184E-09
 1.734E-07  4.39749113673764E-09
 1.757E-07  4.51664541034170E-09
 1.781E-07  4.63902827728500E-09
 1.806E-07  4.76472721895498E-09
 1.830E-07  4.89383208710753E-09
 1.855E-07  5.02643516809274E-09
 1.881E-07  5.16263124882208E-09
 1.906E-07  5.30251768452248E-09
 1.932E-07  5.44619446832482E-09
 1.959E-07  5.59376430274018E-09
 1.986E-07  5.74533267307178E-09
 2.013E-07  5.90100792281521E-09
 2.040E-07  6.06090133110259E-09
 2.068E-07  6.22512719224529E-09
 2.096E-07  6.39380289743131E-09
 2.125E-07  6.56704901863598E-09
 2.154E-07  6.74498939480678E-09
 2.183E-07  6.92775122038360E-09
 2.213E-07  7.11546513621671E-09
 2.243E-07  7.30826532294847E-09
 2.274E-07  7.50628959692541E-09
 2.305E-07  7.70967950870886E-09
 2.336E-07  7.91858044425434E-09
 2.368E-07  8.13314172883313E-09
 2.401E-07  8.35351673377003E-09
 2.433E-07  8.57986298607105E-09
 2.467E-07  8.81234228102306E-09
 2.500E-07  9.05112079784493E-09
 2.534E-07  9.29636921847044E-09
 2.569E-07  9.54826284955112E-09
 2.604E-07  9.80698174776332E-09
 2.640E-07  1.00727108485121E-08
 2.676E-07  1.03456400981219E-08
 2.712E-07  1.06259645896063E-08
 2.749E-07  1.09138847021206E-08
 2.787E-07  1.12096062441905E-08
 2.825E-07  1.15133406008208E-08
 2.863E-07  1.18253048845931E-08
 2.903E-07  1.21457220908526E-08
 2.942E-07  1.24748212571046E-08
 2.982E-07  1.28128376267271E-08
 3.023E-07  1.31600128171176E-08
 3.064E-07  1.35165949924015E-08
 3.106E-07  1.38828390408136E-08
 3.149E-07  1.42590067568890E-08
 3.192E-07  1.46453670285891E-08
 3.235E-07  1.50421960294996E-08
 3.279E-07  1.54497774162342E-08
 3.324E-07  1.58684025311865E-08
 3.369E-07  1.62983706107777E-08
 3.415E-07  1.67399889993432E-08
 3.462E-07  1.71935733688183E-08
 3.509E-07  1.76594479443740E-08
 3.557E-07  1.81379457361635E-08
 3.606E-07  1.86294087773554E-08
 3.655E-07  1.91341883686084E-08
 3.705E-07  1.96526453291722E-08
 3.756E-07  2.01851502547955E-08
 3.807E-07  2.07320837826164E-08
 3.859E-07  2.12938368632337E-08
 3.911E-07  2.18708110401478E-08
 3.965E-07  2.24634187367723E-08
 4.019E-07  2.30720835512260E-08
 4.074E-07  2.36972405591071E-08
 4.129E-07  2.43393366244700E-08
 4.186E-07  2.49988307192361E-08
 4.243E-07  2.56761942512510E-08
 4.301E-07  2.63719114012281E-08
 4.360E-07  2.70864794688304E-08
 4.419E-07  2.78204092281238E-08
 4.479E-07  2.85742252926581E-08
 4.541E-07  2.93484664904450E-08
 4.603E-07  3.01436862490933E-08
 4.665E-07  3.09604529913786E-08
 4.729E-07  3.17993505415292E-08
 4.794E-07  3.26609785425236E-08
 4.859E-07  3.35459528846935E-08
 4.926E-07  3.44549061459339E-08
 4.993E-07  3.53884880438447E-08
 5.061E-07  3.63473659001266E-08
 5.130E-07  3.73322251175483E-08
 5.200E-07  3.83437696698435E-08
 5.271E-07  3.93827226048826E-08
 5.343E-07  4.04498265614734E-08
 5.416E-07  4.15458443001637E-08
 5.490E-07  4.26715592484284E-08
 5.565E-07  4.38277760606240E-08
 5.641E-07  4.50153211931127E-08
 5.718E-07  4.62350434949761E-08
 5.796E-07  4.74878148147278E-08
 5.875E-07  4.87745306234635E-08
 5.955E-07  5.00961106548934E-08
 6.037E-07  5.14534995627202E-08
 6.119E-07  5.28476675958228E-08
 6.202E-07  5.42796112917430E-08
 6.287E-07  5.57503541889288E-08
 6.373E-07  5.72609475583276E-08
 6.460E-07  5.88124711547527E-08
 6.548E-07  6.04060339886202E-08
 6.638E-07  6.20427751186253E-08
 6.728E-07  6.37238644658376E-08
 6.820E-07  6.54505036498971E-08
 6.913E-07  6.72239268478568E-08
 7.008E-07  6.90454016762766E-08
 7.103E-07  7.09162300972352E-08
 7.200E-07  7.28377493488776E-08
 7.298E-07  7.48113329011677E-08
 7.398E-07  7.68383914375540E-08
 7.499E-07  7.89203738632182E-08
 7.602E-07  8.10587683406375E-08
 7.705E-07  8.32551033532047E-08
 7.811E-07  8.55109487976743E-08
 7.917E-07  8.78279171061946E-08
 8.025E-07  9.02076643987323E-08
 8.135E-07  9.26518916667418E-08
 8.246E-07  9.51623459888766E-08
 8.358E-07  9.77408217796506E-08
 8.473E-07  1.00389162071935E-07
 8.588E-07  1.03109259834181E-07
 8.705E-07  1.05903059323340E-07
 8.824E-07  1.08772557474449E-07
 8.945E-07  1.11719805327831E-07
 9.067E-07  1.14746909494987E-07
 9.191E-07  1.17856033664204E-07
 9.316E-07  1.21049400146931E-07
 9.443E-07  1.24329291466052E-07
 9.572E-07  1.27698051987213E-07
 9.703E-07  1.31158089594327E-07
 9.835E-07  1.34711877410448E-07
 9.970E-07  1.38361955565305E-07
 1.011E-06  1.42110933010708E-07
 1.024E-06  1.45961489385122E-07
 1.038E-06  1.49916376928763E-07
 1.053E-06  1.53978422450567E-07
 1.067E-06  1.58150529348490E-07
 1.081E-06  1.62435679684479E-07
 1.096E-06  1.66836936315676E-07
 1.111E-06  1.71357445083371E-07
 1.126E-06  1.76000437061264E-07
 1.142E-06  1.80769230864608E-07
 1.157E-06  1.85667235021893E-07
 1.173E-06  1.90697950410841E-07
 1.189E-06  1.95864972760345E-07
 1.205E-06  2.01171995220208E-07
 1.222E-06  2.06622811000441E-07
 1.239E-06  2.12221316082176E-07
 1.255E-06  2.17971512001899E-07
 1.273E-06  2.23877508711150E-07
 1.290E-06  2.29943527513761E-07
 1.308E-06  2.36173904082523E-07
 1.325E-06  2.42573091557696E-07
 1.344E-06  2.49145663729433E-07
 1.362E-06  2.55896318306327E-07
 1.380E-06  2.62829880272613E-07
 1.399E-06  2.69951305336282E-07
 1.418E-06  2.77265683470556E-07
 1.438E-06  2.84778242551350E-07
 1.457E-06  2.92494352093238E-07
 1.477E-06  3.00419527086666E-07
 1.497E-06  3.08559431939034E-07
 1.518E-06  3.16919884522629E-07
 1.539E-06  3.25506860332159E-07
 1.560E-06  3.34326496754875E-07
 1.581E-06  3.43385097456474E-07
 1.603E-06  3.52689136885704E-07
 1.624E-06  3.62245264900992E-07
 1.647E-06  3.72060311522499E-07
 1.669E-06  3.82141291812819E-07
 1.692E-06  3.92495410889867E-07
 1.715E-06  4.03130069075656E-07
 1.738E-06  4.14052867184391E-07
 1.762E-06  4.25271611953946E-07
 1.786E-06  4.36794321624441E-07
 1.811E-06  4.48629231667830E-07
 1.835E-06  4.60784800672808E-07
 1.860E-06  4.73269716389056E-07
 1.886E-06  4.86092901935216E-07
 1.911E-06  4.99263522175036E-07
 1.938E-06  5.12790990266215E-07
 1.964E-06  5.26684974386648E-07
 1.991E-06  5.40955404642836E-07
 2.018E-06  5.55612480165462E-07
 2.046E-06  5.70666676397058E-07
 2.073E-06  5.86128752577227E-07
 2.102E-06  6.02009759430498E-07
 2.130E-06  6.18321047062412E-07
 2.160E-06  6.35074273069536E-07
 2.189E-06  6.52281410869095E-07
 2.219E-06  6.69954758254250E-07
 2.249E-06  6.88106946181047E-07
 2.280E-06  7.06750947793469E-07
 2.311E-06  7.25900087692734E-07
 2.343E-06  7.45568051457916E-07
 2.375E-06  7.65768895424248E-07
 2.407E-06  7.86517056726179E-07
 2.440E-06  8.07827363612791E-07
 2.473E-06  8.29715046042211E-07
 2.507E-06  8.52195746563122E-07
 2.541E-06  8.75285531491208E-07
 2.576E-06  8.99000902387842E-07
 2.611E-06  9.23358807849972E-07
 2.647E-06  9.48376655619343E-07
 2.683E-06  9.74072325019494E-07
 2.719E-06  1.00046417972974E-06
 2.757E-06  1.02757108090491E-06
 2.794E-06  1.05541240065075E-06
 2.832E-06  1.08400803586389E-06
 2.871E-06  1.11337842244684E-06
 2.910E-06  1.14354454990797E-06
 2.950E-06  1.17452797635678E-06
 2.990E-06  1.20635084390541E-06
 3.031E-06  1.23903589448703E-06
 3.072E-06  1.27260648610290E-06
 3.114E-06  1.30708660950918E-06
 3.157E-06  1.34250090535563E-06
 3.200E-06  1.37887468178866E-06
 3.244E-06  1.41623393253101E-06
 3.288E-06  1.45460535545079E-06
 3.333E-06  1.49401637163362E-06
 3.378E-06  1.53449514497128E-06
 3.424E-06  1.57607060228064E-06
 3.471E-06  1.61877245396737E-06
 3.519E-06  1.66263121524935E-06
 3.567E-06  1.70767822795507E-06
 3.615E-06  1.75394568291147E-06
 3.665E-06  1.80146664293881E-06
 3.715E-06  1.85027506646794E-06
 3.765E-06  1.90040583179691E-06
 3.817E-06  1.95189476200466E-06
 3.869E-06  2.00477865053889E-06
 3.922E-06  2.05909528749781E-06
 3.975E-06  2.11488348662200E-06
 4.030E-06  2.17218311301808E-06
 4.085E-06  2.23103511163335E-06
 4.140E-06  2.29148153650036E-06
 4.197E-06  2.35356558077429E-06
 4.254E-06  2.41733160758309E-06
 4.312E-06  2.48282518171286E-06
 4.371E-06  2.55009310215148E-06
 4.431E-06  2.61918343551311E-06
 4.491E-06  2.69014555036769E-06
 4.553E-06  2.76303015249971E-06
 4.615E-06  2.83788932112217E-06
 4.678E-06  2.91477654606999E-06
 4.742E-06  2.99374676600135E-06
 4.806E-06  3.07485640763300E-06
 4.872E-06  3.15816342603703E-06
 4.938E-06  3.24372734602962E-06
 5.006E-06  3.33160930467994E-06
 5.074E-06  3.42187209496919E-06
 5.144E-06  3.51458021063260E-06
 5.214E-06  3.60979989221466E-06
 5.285E-06  3.70759917437115E-06
 5.357E-06  3.80804793445211E-06
 5.430E-06  3.91121794239912E-06
 5.504E-06  4.01718291199442E-06
 5.579E-06  4.12601855349613E-06
 5.656E-06  4.23780262769895E-06
 5.733E-06  4.35261500145859E-06
 5.811E-06  4.47053770471804E-06
 5.890E-06  4.59165498907798E-06
 5.971E-06  4.71605338795276E-06
 6.052E-06  4.84382177835479E-06
 6.135E-06  4.97505144435035E-06
 6.219E-06  5.10983614223356E-06
 6.304E-06  5.24827216746421E-06
 6.390E-06  5.39045842341743E-06
 6.477E-06  5.53649649199424E-06
 6.565E-06  5.68649070614207E-06
 6.655E-06  5.84054822433919E-06
 6.746E-06  5.99877910709497E-06
 6.838E-06  6.16129639551960E-06
 6.931E-06  6.32821619202042E-06
 7.026E-06  6.49965774318294E-06
 7.122E-06  6.67574352489379E-06
 7.219E-06  6.85659932976712E-06
 7.318E-06  7.04235435693781E-06
 7.418E-06  7.23314130428431E-06
 7.519E-06  7.42909646314581E-06
 7.622E-06  7.63035981560368E-06
 7.726E-06  7.83707513439583E-06
 7.831E-06  8.04939008553256E-06
 7.938E-06  8.26745633369056E-06
 8.046E-06  8.49142965045787E-06
 8.156E-06  8.72147002550838E-06
 8.268E-06  8.95774178078354E-06
 8.380E-06  9.20041368776453E-06
 8.495E-06  9.44965908791508E-06
 8.611E-06  9.70565601638459E-06
 8.728E-06  9.96858732905898E-06
 8.848E-06  1.02386408330450E-05
 8.968E-06  1.05160094206882E-05
 9.091E-06  1.08008912072161E-05
 9.215E-06  1.10934896721014E-05
 9.341E-06  1.13940138042539E-05
 9.468E-06  1.17026782511365E-05
 9.597E-06  1.20197034719158E-05
 9.729E-06  1.23453158947576E-05
 9.861E-06  1.26797480783733E-05
 9.996E-06  1.30232388779373E-05
 1.013E-05  1.33760336154937E-05
 1.027E-05  1.37383842549705E-05
 1.041E-05  1.41105495819270E-05
 1.055E-05  1.44927953881614E-05
 1.070E-05  1.48853946613160E-05
 1.084E-05  1.52886277796040E-05
 1.099E-05  1.57027827118057E-05
 1.114E-05  1.61281552226738E-05
 1.129E-05  1.65650490838899E-05
 1.145E-05  1.70137762907290E-05
 1.160E-05  1.74746572845826E-05
 1.176E-05  1.79480211814942E-05
 1.192E-05  1.84342060068794E-05
 1.209E-05  1.89335589365911E-05
 1.225E-05  1.94464365445006E-05
 1.242E-05  1.99732050567733E-05
 1.259E-05  2.05142406130211E-05
 1.276E-05  2.10699295345115E-05
 1.293E-05  2.16406685996289E-05
 1.311E-05  2.22268653267855E-05
 1.329E-05  2.28289382649727E-05
 1.347E-05  2.34473172921752E-05
 1.365E-05  2.40824439218478E-05
 1.384E-05  2.47347716176706E-05
 1.403E-05  2.54047661168200E-05
 1.422E-05  2.60929057619754E-05
 1.442E-05  2.67996818422949E-05
 1.461E-05  2.75255989436086E-05
 1.481E-05  2.82711753080761E-05
 1.501E-05  2.90369432035655E-05
 1.522E-05  2.98234493030110E-05
 1.543E-05  3.06312550740185E-05
 1.564E-05  3.14609371790092E-05
 1.585E-05  3.23130878861653E-05
 1.607E-05  3.31883154914803E-05
 1.629E-05  3.40872447522187E-05
 1.651E-05  3.50105173320800E-05
 1.673E-05  3.59587922583904E-05
 1.696E-05  3.69327463916476E-05
 1.719E-05  3.79330749077473E-05
 1.743E-05  3.89604917932390E-05
 1.767E-05  4.00157303539524E-05
 1.791E-05  4.10995437373708E-05
 1.815E-05  4.22127054691103E-05
 1.840E-05  4.33560100038829E-05
 1.865E-05  4.45302732913439E-05
 1.891E-05  4.57363333572218E-05
 1.916E-05  4.69750509001385E-05
 1.943E-05  4.82473099045435E-05
 1.969E-05  4.95540182702009E-05
 1.996E-05  5.08961084586744E-05
 2.023E-05  5.22745381572634E-05
 2.051E-05  5.36902909608659E-05
 2.079E-05  5.51443770722484E-05
 2.107E-05  5.66378340212090E-05
 2.136E-05  5.81717274031848E-05
 2.165E-05  5.97471516377623E-05
 2.195E-05  6.13652307476653E-05
 2.225E-05  6.30271191587912E-05
 2.255E-05  6.47340025218111E-05
 2.286E-05  6.64870985559544E-05
 2.317E-05  6.82876579155672E-05
 2.349E-05  7.01369650800395E-05
 2.381E-05  7.20363392677565E-05
 2.413E-05  7.39871353747009E-05
 2.446E-05  7.59907449383884E-05
 2.480E-05  7.80485971277925E-05
 2.514E-05  8.01621597599717E-05
 2.548E-05  8.23329403441486E-05
 2.583E-05  8.45624871539097E-05
 2.618E-05  8.68523903283459E-05
 2.654E-05  8.92042830028877E-05
 2.690E-05  9.16198424706309E-05
 2.727E-05  9.41007913749780E-05
 2.764E-05  9.66488989344404E-05
 2.802E-05  9.92659822004555E-05
 2.840E-05  1.01953907349126E-04
 2.879E-05  1.04714591007771E-04
 2.918E-05  1.07550001617235E-04
 2.958E-05  1.10462160830936E-04
 2.998E-05  1.13453144951589E-04
 3.039E-05  1.16525086406669E-04
 3.080E-05  1.19680175263636E-04
 3.123E-05  1.22920660785987E-04
 3.165E-05  1.26248853031226E-04
 3.208E-05  1.29667124491880E-04
 3.252E-05  1.33177911780768E-04
 3.297E-05  1.36783717361600E-04
 3.342E-05  1.40487111326243E-04
 3.387E-05  1.44290733219841E-04
 3.433E-05  1.48197293915058E-04
 3.480E-05  1.52209577536838E-04
 3.528E-05  1.56330443438974E-04
 3.576E-05  1.60562828233863E-04
 3.625E-05  1.64909747876955E-04
 3.674E-05  1.69374299807288E-04
 3.724E-05  1.73959665145628E-04
 3.775E-05  1.78669110951814E-04
 3.827E-05  1.83505992542796E-04
 3.879E-05  1.88473755873088E-04
 3.932E-05  1.93575939979262E-04
 3.986E-05  1.98816179490219E-04
 4.040E-05  2.04198207204952E-04
 4.095E-05  2.09725856739697E-04
 4.151E-05  2.15403065246249E-04
 4.208E-05  2.21233876203410E-04
 4.265E-05  2.27222442283478E-04
 4.324E-05  2.33373028295808E-04
 4.383E-05  2.39690014209533E-04
 4.442E-05  2.46177898257495E-04
 4.503E-05  2.52841300123704E-04
 4.565E-05  2.59684964216345E-04
 4.627E-05  2.66713763028802E-04
 4.690E-05  2.73932700591021E-04
 4.754E-05  2.81346916013538E-04
 4.819E-05  2.88961687126743E-04
 4.885E-05  2.96782434217891E-04
 4.951E-05  3.04814723868498E-04
 5.019E-05  3.13064272894776E-04
 5.088E-05  3.21536952393846E-04
 5.157E-05  3.30238791898608E-04
 5.227E-05  3.39175983644153E-04
 5.299E-05  3.48354886948673E-04
 5.371E-05  3.57782032711914E-04
 5.445E-05  3.67464128034404E-04
 5.519E-05  3.77408060960544E-04
 5.594E-05  3.87620905348963E-04
 5.671E-05  3.98109925873568E-04
 5.748E-05  4.08882583158596E-04
 5.826E-05  4.19946539051460E-04
 5.906E-05  4.31309662036930E-04
 5.987E-05  4.42980032796422E-04
 6.068E-05  4.54965949916379E-04
 6.151E-05  4.67275935749529E-04
 6.235E-05  4.79918742433234E-04
 6.320E-05  4.92903358069109E-04
 6.407E-05  5.06239013068142E-04
 6.494E-05  5.19935186665765E-04
 6.583E-05  5.34001613611327E-04
 6.673E-05  5.48448291036732E-04
 6.764E-05  5.63285485508944E-04
 6.856E-05  5.78523740271198E-04
 6.950E-05  5.94173882678026E-04
 7.045E-05  6.10247031829275E-04
 7.141E-05  6.26754606408144E-04
 7.238E-05  6.43708332729022E-04
 7.337E-05  6.61120253000574E-04
 7.437E-05  6.79002733809523E-04
 7.539E-05  6.97368474831445E-04
 7.642E-05  7.16230517774288E-04
 7.746E-05  7.35602255560819E-04
 7.852E-05  7.55497441756447E-04
 7.959E-05  7.75930200248850E-04
 8.068E-05  7.96915035186141E-04
 8.178E-05  8.18466841180275E-04
 8.289E-05  8.40600913782978E-04
 8.403E-05  8.63332960241103E-04
 8.517E-05  8.86679110539059E-04
 8.634E-05  9.10655928735957E-04
 8.751E-05  9.35280424604790E-04
 8.871E-05  9.60570065582303E-04
 8.992E-05  9.86542789037396E-04
 9.115E-05  1.01321701486633E-03
 9.239E-05  1.04061165842378E-03
 9.365E-05  1.06874614379827E-03
 9.493E-05  1.09764041744121E-03
 9.623E-05  1.12731496215905E-03
 9.754E-05  1.15779081147754E-03
 9.887E-05  1.18908956438869E-03
 1.002E-04  1.22123340048991E-03
 1.016E-04  1.25424509552602E-03
 1.030E-04  1.28814803734454E-03
 1.044E-04  1.32296624227514E-03
 1.058E-04  1.35872437194460E-03
 1.073E-04  1.39544775053852E-03
 1.087E-04  1.43316238252184E-03
 1.102E-04  1.47189497082954E-03
 1.117E-04  1.51167293554094E-03
 1.132E-04  1.55252443304936E-03
 1.148E-04  1.59447837574022E-03
 1.163E-04  1.63756445219198E-03
 1.179E-04  1.68181314791203E-03
 1.195E-04  1.72725576662283E-03
 1.212E-04  1.77392445211211E-03
 1.228E-04  1.82185221066184E-03
 1.245E-04  1.87107293407182E-03
 1.262E-04  1.92162142329239E-03
 1.279E-04  1.97353341268308E-03
 1.297E-04  2.02684559491302E-03
 1.314E-04  2.08159564652030E-03
 1.332E-04  2.13782225414708E-03
 1.351E-04  2.19556514146819E-03
 1.369E-04  2.25486509683158E-03
 1.388E-04  2.31576400162880E-03
 1.407E-04  2.37830485941485E-03
 1.426E-04  2.44253182579655E-03
 1.445E-04  2.50849023910974E-03
 1.465E-04  2.57622665190581E-03
 1.485E-04  2.64578886326825E-03
 1.505E-04  2.71722595198129E-03
 1.526E-04  2.79058831057225E-03
 1.547E-04  2.86592768025068E-03
 1.568E-04  2.94329718676732E-03
 1.589E-04  3.02275137721663E-03
 1.611E-04  3.10434625780745E-03
 1.633E-04  3.18813933262700E-03
 1.655E-04  3.27418964342360E-03
 1.678E-04  3.36255781043471E-03
 1.701E-04  3.45330607428676E-03
 1.724E-04  3.54649833899514E-03
 1.748E-04  3.64220021609232E-03
 1.771E-04  3.74047906991317E-03
 1.796E-04  3.84140406406739E-03
 1.820E-04  3.94504620912911E-03
 1.845E-04  4.05147841157634E-03
 1.870E-04  4.16077552401047E-03
 1.896E-04  4.27301439668954E-03
 1.922E-04  4.38827393041013E-03
 1.948E-04  4.50663513076997E-03
 1.974E-04  4.62818116384909E-03
 2.001E-04  4.75299741334396E-03
 2.029E-04  4.88117153919284E-03
 2.056E-04  5.01279353773014E-03
 2.084E-04  5.14795580340847E-03
 2.113E-04  5.28675319212879E-03
 2.142E-04  5.42928308621958E-03
 2.171E-04  5.57564546110646E-03
 2.201E-04  5.72594295371582E-03
 2.231E-04  5.88028093265681E-03
 2.261E-04  6.03876757022540E-03
 2.292E-04  6.20151391627843E-03
 2.323E-04  6.36863397402356E-03
 2.355E-04  6.54024477777458E-03
 2.387E-04  6.71646647272157E-03
 2.420E-04  6.89742239676559E-03
 2.453E-04  7.08323916447281E-03
 2.486E-04  7.27404675319730E-03
 2.520E-04  7.46997859143115E-03
 2.555E-04  7.67117164943529E-03
 2.589E-04  7.87776653220926E-03
 2.625E-04  8.08990757485853E-03
 2.661E-04  8.30774294041918E-03
 2.697E-04  8.53142472020146E-03
 2.734E-04  8.76110903671490E-03
 2.771E-04  8.99695614924045E-03
 2.809E-04  9.23913056211499E-03
 2.847E-04  9.48780113579378E-03
 2.886E-04  9.74314120076404E-03
 2.926E-04  1.00053286743776E-02
 2.965E-04  1.02745461806734E-02
 3.006E-04  1.05509811732692E-02
 3.047E-04  1.08348260613928E-02
 3.089E-04  1.11262783391333E-02
 3.131E-04  1.14255407179911E-02
 3.174E-04  1.17328212628085E-02
 3.217E-04  1.20483335311611E-02
 3.261E-04  1.23722967163000E-02
 3.305E-04  1.27049357937272E-02
 3.350E-04  1.30464816714938E-02
 3.396E-04  1.33971713443161E-02
 3.442E-04  1.37572480515955E-02
 3.489E-04  1.41269614394437E-02
 3.537E-04  1.45065677268090E-02
 3.585E-04  1.48963298757984E-02
 3.634E-04  1.52965177663031E-02
 3.684E-04  1.57074083750300E-02
 3.734E-04  1.61292859590438E-02
 3.785E-04  1.65624422439270E-02
 3.837E-04  1.70071766166758E-02
 3.889E-04  1.74637963234354E-02
 3.942E-04  1.79326166721986E-02
 3.996E-04  1.84139612405838E-02
 4.051E-04  1.89081620888105E-02
 4.106E-04  1.94155599780015E-02
 4.162E-04  1.99365045939337E-02
 4.219E-04  2.04713547763675E-02
 4.277E-04  2.10204787540897E-02
 4.335E-04  2.15842543857996E-02
 4.394E-04  2.21630694069794E-02
 4.454E-04  2.27573216828898E-02
 4.515E-04  2.33674194678295E-02
 4.577E-04  2.39937816708115E-02
 4.639E-04  2.46368381277997E-02
 4.702E-04  2.52970298806615E-02
 4.767E-04  2.59748094629942E-02
 4.832E-04  2.66706411929747E-02
 4.898E-04  2.73850014734082E-02
 4.965E-04  2.81183790991314E-02
 5.032E-04  2.88712755719385E-02
 5.101E-04  2.96442054232089E-02
 5.171E-04  3.04376965444068E-02
 5.241E-04  3.12522905256326E-02
 5.313E-04  3.20885430024078E-02
 5.385E-04  3.29470240108832E-02
 5.459E-04  3.38283183516536E-02
 5.533E-04  3.47330259623757E-02
 5.609E-04  3.56617622993888E-02
 5.686E-04  3.66151587285311E-02
 5.763E-04  3.75938629253632E-02
 5.842E-04  3.85985392850031E-02
 5.922E-04  3.96298693417860E-02
 6.002E-04  4.06885521989616E-02
 6.084E-04  4.17753049686517E-02
 6.167E-04  4.28908632222918E-02
 6.252E-04  4.40359814517810E-02
 6.337E-04  4.52114335415746E-02
 6.423E-04  4.64180132519495E-02
 6.511E-04  4.76565347136901E-02
 6.600E-04  4.89278329344330E-02
 6.690E-04  5.02327643169150E-02
 6.782E-04  5.15722071893816E-02
 6.874E-04  5.29470623484087E-02
 6.968E-04  5.43582536143984E-02
 7.063E-04  5.58067284000111E-02
 7.160E-04  5.72934582917982E-02
 7.257E-04  5.88194396453208E-02
 7.356E-04  6.03856941940131E-02
 7.457E-04  6.19932696720768E-02
 7.559E-04  6.36432404517001E-02
 7.662E-04  6.53367081948745E-02
 7.766E-04  6.70748025201086E-02
 7.872E-04  6.88586816843373E-02
 7.980E-04  7.06895332803222E-02
 8.089E-04  7.25685749498472E-02
 8.199E-04  7.44970551130133E-02
 8.311E-04  7.64762537139592E-02
 8.425E-04  7.85074829833045E-02
 8.540E-04  8.05920882176385E-02
 8.656E-04  8.27314485763899E-02
 8.774E-04  8.49269778963845E-02
 8.894E-04  8.71801255244288E-02
 9.016E-04  8.94923771682582E-02
 9.139E-04  9.18652557661717E-02
 9.264E-04  9.43003223756978E-02
 9.390E-04  9.67991770816405E-02
 9.518E-04  9.93634599238321E-02
 9.648E-04  1.01994851844959E-01
 9.780E-04  1.04695075658788E-01
 9.913E-04  1.07465897039167E-01
 1.005E-03  1.10309125530140E-01
 1.019E-03  1.13226615577520E-01
 1.032E-03  1.16220267582311E-01
 1.047E-03  1.19292028976293E-01
 1.061E-03  1.22443895320165E-01
 1.075E-03  1.25677911424590E-01
 1.090E-03  1.28996172494494E-01
 1.105E-03  1.32400825296998E-01
 1.120E-03  1.35894069353326E-01
 1.135E-03  1.39478158155057E-01
 1.151E-03  1.43155400405091E-01
 1.167E-03  1.46928161283640E-01
 1.182E-03  1.50798863739672E-01
 1.199E-03  1.54769989808093E-01
 1.215E-03  1.58844081953062E-01
 1.232E-03  1.63023744437770E-01
 1.248E-03  1.67311644721008E-01
 1.265E-03  1.71710514880919E-01
 1.283E-03  1.76223153066213E-01
 1.300E-03  1.80852424975187E-01
 1.318E-03  1.85601265362904E-01
 1.336E-03  1.90472679576819E-01
 1.354E-03  1.95469745121167E-01
 1.373E-03  2.00595613250419E-01
 1.391E-03  2.05853510592103E-01
 1.410E-03  2.11246740799263E-01
 1.430E-03  2.16778686232844E-01
 1.449E-03  2.22452809674238E-01
 1.469E-03  2.28272656068283E-01
 1.489E-03  2.34241854296913E-01
 1.509E-03  2.40364118983686E-01
 1.530E-03  2.46643252329429E-01
 1.551E-03  2.53083145979157E-01
 1.572E-03  2.59687782920444E-01
 1.593E-03  2.66461239413417E-01
 1.615E-03  2.73407686952495E-01
 1.637E-03  2.80531394259991E-01
 1.660E-03  2.87836729311671E-01
 1.682E-03  2.95328161394321E-01
 1.705E-03  3.03010263195386E-01
 1.729E-03  3.10887712924691E-01
 1.752E-03  3.18965296468215E-01
 1.776E-03  3.27247909573899E-01
 1.800E-03  3.35740560069378E-01
 1.825E-03  3.44448370111571E-01
 1.850E-03  3.53376578467960E-01
 1.875E-03  3.62530542829365E-01
 1.901E-03  3.71915742154026E-01
 1.927E-03  3.81537779042693E-01
 1.953E-03  3.91402382144469E-01
 1.980E-03  4.01515408592991E-01
 2.007E-03  4.11882846472598E-01
 2.034E-03  4.22510817314014E-01
 2.062E-03  4.33405578619053E-01
 2.090E-03  4.44573526413788E-01
 2.118E-03  4.56021197829555E-01
 2.147E-03  4.67755273711128E-01
 2.177E-03  4.79782581251319E-01
 2.206E-03  4.92110096651213E-01
 2.236E-03  5.04744947805122E-01
 2.267E-03  5.17694417009357E-01
 2.298E-03  5.30965943693767E-01
 2.329E-03  5.44567127174930E-01
 2.361E-03  5.58505729429851E-01
 2.393E-03  5.72789677888861E-01
 2.426E-03  5.87427068246355E-01
 2.459E-03  6.02426167287942E-01
 2.493E-03  6.17795415732445E-01
 2.527E-03  6.33543431087056E-01
 2.561E-03  6.49679010513981E-01
 2.596E-03  6.66211133706620E-01
 2.632E-03  6.83148965773335E-01
 2.668E-03  7.00501860126735E-01
 2.704E-03  7.18279361376215E-01
 2.741E-03  7.36491208221427E-01
 2.778E-03  7.55147336344213E-01
 2.816E-03  7.74257881296353E-01
 2.855E-03  7.93833181380424E-01
 2.894E-03  8.13883780520804E-01
 2.933E-03  8.34420431121813E-01
 2.973E-03  8.55454096909818E-01
 3.014E-03  8.76995955755813E-01
 3.055E-03  8.99057402475044E-01
 3.097E-03  9.21650051599951E-01
 3.139E-03  9.44785740122451E-01
 3.182E-03  9.68476530201624E-01
 3.225E-03  9.92734711832406E-01
 3.269E-03  1.01757280547091E+00
 3.314E-03  1.04300356461169E+00
 3.359E-03  1.06903997831204E+00
 3.405E-03  1.09569527365829E+00
 3.452E-03  1.12298291816877E+00
 3.499E-03  1.15091662212788E+00
 3.546E-03  1.17951034084557E+00
 3.595E-03  1.20877827683609E+00
 3.644E-03  1.23873488190988E+00
 3.694E-03  1.26939485917206E+00
 3.744E-03  1.30077316492062E+00
 3.795E-03  1.33288501043757E+00
 3.847E-03  1.36574586366530E+00
 3.900E-03  1.39937145076101E+00
 3.953E-03  1.43377775752105E+00
 4.007E-03  1.46898103066704E+00
 4.061E-03  1.50499777898542E+00
 4.117E-03  1.54184477431149E+00
 4.173E-03  1.57953905234901E+00
 4.230E-03  1.61809791331580E+00
 4.288E-03  1.65753892240579E+00
 4.346E-03  1.69787991005725E+00
 4.406E-03  1.73913897201694E+00
 4.466E-03  1.78133446918953E+00
 4.527E-03  1.82448502726092E+00
 4.589E-03  1.86860953608426E+00
 4.651E-03  1.91372714881687E+00
 4.715E-03  1.95985728079575E+00
 4.779E-03  2.00701960813927E+00
 4.844E-03  2.05523406606223E+00
 4.911E-03  2.10452084689078E+00
 4.978E-03  2.15490039776381E+00
 5.046E-03  2.20639341800669E+00
 5.114E-03  2.25902085616291E+00
 5.184E-03  2.31280390666892E+00
 5.255E-03  2.36776400615711E+00
 5.327E-03  2.42392282937101E+00
 5.400E-03  2.48130228467724E+00
 5.473E-03  2.53992450915772E+00
 5.548E-03  2.59981186326526E+00
 5.624E-03  2.66098692502577E+00
 5.700E-03  2.72347248376956E+00
 5.778E-03  2.78729153337387E+00
 5.857E-03  2.85246726499847E+00
 5.937E-03  2.91902305929587E+00
 6.018E-03  2.98698247807738E+00
 6.100E-03  3.05636925541557E+00
 6.184E-03  3.12720728816382E+00
 6.268E-03  3.19952062587312E+00
 6.354E-03  3.27333346008582E+00
 6.440E-03  3.34867011298615E+00
 6.528E-03  3.42555502538670E+00
 6.617E-03  3.50401274402984E+00
 6.708E-03  3.58406790818317E+00
 6.799E-03  3.66574523550744E+00
 6.892E-03  3.74906950717547E+00
 6.986E-03  3.83406555222034E+00
 7.082E-03  3.92075823109108E+00
 7.178E-03  4.00917241839393E+00
 7.276E-03  4.09933298479720E+00
 7.376E-03  4.19126477807753E+00
 7.476E-03  4.28499260328603E+00
 7.578E-03  4.38054120201181E+00
 7.682E-03  4.47793523072141E+00
 7.787E-03  4.57719923815240E+00
 7.893E-03  4.67835764173945E+00
 8.001E-03  4.78143470305190E+00
 8.110E-03  4.88645450222155E+00
 8.221E-03  4.99344091134048E+00
 8.333E-03  5.10241756680828E+00
 8.447E-03  5.21340784060943E+00
 8.562E-03  5.32643481050143E+00
 8.679E-03  5.44152122909534E+00
 8.798E-03  5.55868949181091E+00
 8.918E-03  5.67796160368941E+00
 9.039E-03  5.79935914504793E+00
 9.163E-03  5.92290323596012E+00
 9.288E-03  6.04861449954942E+00
 9.415E-03  6.17651302408150E+00
 9.543E-03  6.30661832384481E+00
 9.674E-03  6.43894929880861E+00
 9.806E-03  6.57352419304968E+00
 9.940E-03  6.71036055194078E+00
 1.008E-02  6.84947517809521E+00
 1.021E-02  6.99088408606387E+00
 1.035E-02  7.13460245578319E+00
 1.049E-02  7.28064458477447E+00
 1.064E-02  7.42902383909709E+00
 1.078E-02  7.57975260306105E+00
 1.093E-02  7.73284222770601E+00
 1.108E-02  7.88830297805765E+00
 1.123E-02  8.04614397917406E+00
 1.138E-02  8.20637316099863E+00
 1.154E-02  8.36899720203857E+00
 1.170E-02  8.53402147189197E+00
 1.186E-02  8.70144997264932E+00
 1.202E-02  8.87128527919956E+00
 1.218E-02  9.04352847847430E+00
 1.235E-02  9.21817910766814E+00
 1.252E-02  9.39523509147699E+00
 1.269E-02  9.57469267840074E+00
 1.286E-02  9.75654637616173E+00
 1.304E-02  9.94078888629457E+00
 1.321E-02  1.01274110379682E+01
 1.339E-02  1.03164017211064E+01
 1.358E-02  1.05077478188785E+01
 1.376E-02  1.07014341396363E+01
 1.395E-02  1.08974433483812E+01
 1.414E-02  1.10957558978500E+01
 1.433E-02  1.12963499593135E+01
 1.453E-02  1.14992013531910E+01
 1.473E-02  1.17042834795859E+01
 1.493E-02  1.19115672488596E+01
 1.513E-02  1.21210210123638E+01
 1.534E-02  1.23326104934590E+01
 1.555E-02  1.25462987189565E+01
 1.576E-02  1.27620459511260E+01
 1.598E-02  1.29798096204184E+01
 1.619E-02  1.31995442590646E+01
 1.642E-02  1.34212014357126E+01
 1.664E-02  1.36447296912804E+01
 1.687E-02  1.38700744762027E+01
 1.710E-02  1.40971780892644E+01
 1.733E-02  1.43259796182160E+01
 1.757E-02  1.45564148823783E+01
 1.781E-02  1.47884163774497E+01
 1.805E-02  1.50219132227381E+01
 1.830E-02  1.52568311110480E+01
 1.855E-02  1.54930922614604E+01
 1.880E-02  1.57306153752511E+01
 1.906E-02  1.59693155952029E+01
 1.932E-02  1.62091044685707E+01
 1.958E-02  1.64498899139709E+01
 1.985E-02  1.66915761924690E+01
 2.012E-02  1.69340638831503E+01
 2.039E-02  1.71772498634626E+01
 2.067E-02  1.74210272946267E+01
 2.095E-02  1.76652856124184E+01
 2.124E-02  1.79099105236269E+01
 2.153E-02  1.81547840085056E+01
 2.182E-02  1.83997843295287E+01
 2.212E-02  1.86447860467785E+01
 2.242E-02  1.88896600402842E+01
 2.273E-02  1.91342735396417E+01
 2.304E-02  1.93784901612415E+01
 2.335E-02  1.96221699534358E+01
 2.367E-02  1.98651694499731E+01
 2.400E-02  2.01073417320306E+01
 2.432E-02  2.03485364991720E+01
 2.466E-02  2.05886001495528E+01
 2.499E-02  2.08273758696971E+01
 2.533E-02  2.10647037341575E+01
 2.568E-02  2.13004208153693E+01
 2.603E-02  2.15343613039988E+01
 2.639E-02  2.17663566400774E+01
 2.675E-02  2.19962356552032E+01
 2.711E-02  2.22238247260774E+01
 2.748E-02  2.24489479396319E+01
 2.786E-02  2.26714272699862E+01
 2.824E-02  2.28910827674568E+01
 2.862E-02  2.31077327598200E+01
 2.901E-02  2.33211940660129E+01
 2.941E-02  2.35312822224289E+01
 2.981E-02  2.37378117219436E+01
 3.022E-02  2.39405962657782E+01
 3.063E-02  2.41394490282782E+01
 3.105E-02  2.43341829346546E+01
 3.147E-02  2.45246109517029E+01
 3.190E-02  2.47105463914765E+01
 3.234E-02  2.48918032278573E+01
 3.278E-02  2.50681964259236E+01
 3.323E-02  2.52395422839749E+01
 3.368E-02  2.54056587880271E+01
 3.414E-02  2.55663659785492E+01
 3.461E-02  2.57214863291569E+01
 3.508E-02  2.58708451369359E+01
 3.556E-02  2.60142709240075E+01
 3.604E-02  2.61515958498985E+01
 3.654E-02  2.62826561342189E+01
 3.703E-02  2.64072924890912E+01
 3.754E-02  2.65253505607159E+01
 3.805E-02  2.66366813793935E+01
 3.857E-02  2.67411418172611E+01
 3.910E-02  2.68385950529342E+01
 3.963E-02  2.69289110421793E+01
 4.017E-02  2.70119669936734E+01
 4.072E-02  2.70876478488391E+01
 4.128E-02  2.71558467646728E+01
 4.184E-02  2.72164655984158E+01
 4.241E-02  2.72694153928453E+01
 4.299E-02  2.73146168608935E+01
 4.358E-02  2.73520008682346E+01
 4.417E-02  2.73815089124061E+01
 4.478E-02  2.74030935969679E+01
 4.539E-02  2.74167190991314E+01
 4.601E-02  2.74223616292283E+01
 4.664E-02  2.74200098803242E+01
 4.727E-02  2.74096654662225E+01
 4.792E-02  2.73913433460452E+01
 4.857E-02  2.73650722335235E+01
 4.924E-02  2.73308949890804E+01
 4.991E-02  2.72888689927401E+01
 5.059E-02  2.72390664958576E+01
 5.128E-02  2.71815749496265E+01
 5.198E-02  2.71164973082888E+01
 5.269E-02  2.70439523049491E+01
 5.341E-02  2.69640746978743E+01
 5.414E-02  2.68770154851518E+01
 5.488E-02  2.67829420855719E+01
 5.563E-02  2.66820384836081E+01
 5.639E-02  2.65745053363799E+01
 5.716E-02  2.64605600405068E+01
 5.794E-02  2.63404367567914E+01
 5.873E-02  2.62143863907147E+01
 5.953E-02  2.60826765267750E+01
 6.034E-02  2.59455913147679E+01
 6.116E-02  2.58034313061778E+01
 6.200E-02  2.56565132389355E+01
 6.285E-02  2.55051697688970E+01
 6.370E-02  2.53497491465046E+01
 6.457E-02  2.51906148372152E+01
 6.546E-02  2.50281450844138E+01
 6.635E-02  2.48627324136773E+01
 6.725E-02  2.46947830774120E+01
 6.817E-02  2.45247164390587E+01
 6.910E-02  2.43529642962473E+01
 7.005E-02  2.41799701424728E+01
 7.100E-02  2.40061883670783E+01
 7.197E-02  2.38320833935460E+01
 7.296E-02  2.36581287563322E+01
 7.395E-02  2.34848061167201E+01
 7.496E-02  2.33126042184200E+01
 7.598E-02  2.31420177839050E+01
 7.702E-02  2.29735463527428E+01
 7.807E-02  2.28076930634619E+01
 7.914E-02  2.26449633807757E+01
 8.022E-02  2.24858637702807E+01
 8.132E-02  2.23309003230389E+01
 8.243E-02  2.21805773327600E+01
 8.355E-02  2.20353958285957E+01
 8.469E-02  2.18958520668671E+01
 8.585E-02  2.17624359853493E+01
 8.702E-02  2.16356296240390E+01
 8.821E-02  2.15159055166296E+01
 8.941E-02  2.14037250572167E+01
 9.063E-02  2.12995368470398E+01
 9.187E-02  2.12037750263519E+01
 9.312E-02  2.11168575967746E+01
 9.440E-02  2.10391847397604E+01
 9.568E-02  2.09711371370262E+01
 9.699E-02  2.09130742990563E+01
 9.831E-02  2.08653329079864E+01
 9.966E-02  2.08282251813789E+01
 1.010E-01  2.08020372635736E+01
 1.024E-01  2.07870276514562E+01
 1.038E-01  2.07834256616157E+01
 1.052E-01  2.07914299459715E+01
 1.066E-01  2.08112070630285E+01
 1.081E-01  2.08428901119730E+01
 1.096E-01  2.08865774368446E+01
 1.111E-01  2.09423314080102E+01
 1.126E-01  2.10101772881293E+01
 1.141E-01  2.10901021897228E+01
 1.157E-01  2.11820541313542E+01
 1.173E-01  2.12859411992874E+01
 1.189E-01  2.14016308213085E+01
 1.205E-01  2.15289491591814E+01
 1.221E-01  2.16676806259600E+01
 1.238E-01  2.18175675340849E+01
 1.255E-01  2.19783098798698E+01
 1.272E-01  2.21495652696164E+01
 1.289E-01  2.23309489921947E+01
 1.307E-01  2.25220342424881E+01
 1.325E-01  2.27223524996284E+01
 1.343E-01  2.29313940634328E+01
 1.361E-01  2.31486087519152E+01
 1.380E-01  2.33734067621638E+01
 1.399E-01  2.36051596962694E+01
 1.418E-01  2.38432017533539E+01
 1.437E-01  2.40868310880788E+01
 1.457E-01  2.43353113353283E+01
 1.477E-01  2.45878733000456E+01
 1.497E-01  2.48437168104707E+01
 1.517E-01  2.51020127322764E+01
 1.538E-01  2.53619051403396E+01
 1.559E-01  2.56225136441054E+01
 1.580E-01  2.58829358617281E+01
 1.602E-01  2.61422500373799E+01
 1.624E-01  2.63995177953420E+01
 1.646E-01  2.66537870237058E+01
 1.668E-01  2.69040948797429E+01
 1.691E-01  2.71494709082398E+01
 1.714E-01  2.73889402633497E+01
 1.738E-01  2.76215270237853E+01
 1.761E-01  2.78462575904796E+01
 1.785E-01  2.80621641551619E+01
 1.810E-01  2.82682882276607E+01
 1.834E-01  2.84636842091331E+01
 1.860E-01  2.86474229978578E+01
 1.885E-01  2.88185956137029E+01
 1.911E-01  2.89763168269045E+01
 1.937E-01  2.91197287763648E+01
 1.963E-01  2.92480045623090E+01
 1.990E-01  2.93603517978203E+01
 2.017E-01  2.94560161035239E+01
 2.045E-01  2.95342845294930E+01
 2.073E-01  2.95944888883267E+01
 2.101E-01  2.96360089832927E+01
 2.130E-01  2.96582757154379E+01
 2.159E-01  2.96607740536570E+01
 2.188E-01  2.96430458518698E+01
 2.218E-01  2.96046924976933E+01
 2.248E-01  2.95453773773085E+01
 2.279E-01  2.94648281416177E+01
 2.310E-01  2.93628387592568E+01
 2.342E-01  2.92392713425859E+01
 2.374E-01  2.90940577334110E+01
 2.406E-01  2.89272008359108E+01
 2.439E-01  2.87387756850372E+01
 2.472E-01  2.85289302395357E+01
 2.506E-01  2.82978858896917E+01
 2.540E-01  2.80459376709462E+01
 2.575E-01  2.77734541756355E+01
 2.610E-01  2.74808771563041E+01
 2.646E-01  2.71687208152994E+01
 2.682E-01  2.68375707766943E+01
 2.718E-01  2.64880827379823E+01
 2.755E-01  2.61209808004571E+01
 2.793E-01  2.57370554787099E+01
 2.831E-01  2.53371613912611E+01
 2.870E-01  2.49222146359653E+01
 2.909E-01  2.44931898555024E+01
 2.949E-01  2.40511169999727E+01
 2.989E-01  2.35970777953469E+01
 3.030E-01  2.31322019282776E+01
 3.071E-01  2.26576629595411E+01
 3.113E-01  2.21746739801449E+01
 3.156E-01  2.16844830258893E+01
 3.199E-01  2.11883682679064E+01
 3.242E-01  2.06876329983952E+01
 3.287E-01  2.01836004324247E+01
 3.331E-01  1.96776083482676E+01
 3.377E-01  1.91710035902388E+01
 3.423E-01  1.86651364594400E+01
 3.470E-01  1.81613550191275E+01
 3.517E-01  1.76609993426170E+01
 3.565E-01  1.71653957327004E+01
 3.614E-01  1.66758509424513E+01
 3.663E-01  1.61936464280379E+01
 3.713E-01  1.57200326647113E+01
 3.764E-01  1.52562235574962E+01
 3.815E-01  1.48033909782539E+01
 3.867E-01  1.43626594607128E+01
 3.920E-01  1.39351010847486E+01
 3.974E-01  1.35217305806499E+01
 4.028E-01  1.31235006833095E+01
 4.083E-01  1.27412977652374E+01
 4.139E-01  1.23759377760066E+01
 4.195E-01  1.20281625142078E+01
 4.252E-01  1.16986362562250E+01
 4.311E-01  1.13879427641579E+01
 4.369E-01  1.10965826930181E+01
 4.429E-01  1.08249714149486E+01
 4.489E-01  1.05734372756676E+01
 4.551E-01  1.03422202956521E+01
 4.613E-01  1.01314713257844E+01
 4.676E-01  9.94125166430585E+00
 4.740E-01  9.77153313899688E+00
 4.804E-01  9.62219865555201E+00
 4.870E-01  9.49304321017782E+00
 4.936E-01  9.38377536152847E+00
 5.004E-01  9.29401915423581E+00
 5.072E-01  9.22331648350265E+00
 5.141E-01  9.17112988752561E+00
 5.212E-01  9.13684575190619E+00
 5.283E-01  9.11977790770507E+00
 5.355E-01  9.11917160239866E+00
 5.428E-01  9.13420782071459E+00
 5.502E-01  9.16400793015763E+00
 5.577E-01  9.20763862399603E+00
 5.653E-01  9.26411713256748E+00
 5.731E-01  9.33241667199527E+00
 5.809E-01  9.41147209779044E+00
 5.888E-01  9.50018572937227E+00
 5.969E-01  9.59743331028356E+00
 6.050E-01  9.70207006783004E+00
 6.133E-01  9.81293683505301E+00
 6.216E-01  9.92886619737290E+00
 6.301E-01  1.00486886259349E+01
 6.387E-01  1.01712385596640E+01
 6.474E-01  1.02953603983083E+01
 6.563E-01  1.04199143693244E+01
 6.652E-01  1.05437822323438E+01
 6.743E-01  1.06658727861547E+01
 6.835E-01  1.07851271446330E+01
 6.929E-01  1.09005237498534E+01
 7.023E-01  1.10110830926894E+01
 7.119E-01  1.11158721135548E+01
 7.216E-01  1.12140082585212E+01
 7.315E-01  1.13046631688449E+01
 7.415E-01  1.13870659849203E+01
 7.516E-01  1.14605062488105E+01
 7.618E-01  1.15243363927603E+01
 7.723E-01  1.15779738044307E+01
 7.828E-01  1.16209024629747E+01
 7.935E-01  1.16526741434589E+01
 8.043E-01  1.16729091904941E+01
 8.153E-01  1.16812968652285E+01
 8.264E-01  1.16775952730498E+01
 8.377E-01  1.16616308823990E+01
 8.491E-01  1.16332976479974E+01
 8.607E-01  1.15925557544935E+01
 8.725E-01  1.15394299990304E+01
 8.844E-01  1.14740078334925E+01
 8.965E-01  1.13964370892021E+01
 9.087E-01  1.13069234085772E+01
 9.211E-01  1.12057274097388E+01
 9.337E-01  1.10931616112491E+01
 9.464E-01  1.09695871450752E+01
 9.594E-01  1.08354102865150E+01
 9.725E-01  1.06910788301823E+01
 9.857E-01  1.05370783412526E+01
 9.992E-01  1.03739283110171E+01
 1.013E+00  1.02021782454027E+01
 1.027E+00  1.00224037144988E+01
 1.041E+00  9.83520239031110E+00
 1.055E+00  9.64119009895415E+00
 1.069E+00  9.44099691231348E+00
 1.084E+00  9.23526330288738E+00
 1.099E+00  9.02463638406287E+00
 1.114E+00  8.80976625652340E+00
 1.129E+00  8.59130247984085E+00
 1.144E+00  8.36989068659313E+00
 1.160E+00  8.14616935459112E+00
 1.176E+00  7.92076675101042E+00
 1.192E+00  7.69429806042407E+00
 1.208E+00  7.46736270693542E+00
 1.225E+00  7.24054187883152E+00
 1.241E+00  7.01439626242873E+00
 1.258E+00  6.78946399007637E+00
 1.275E+00  6.56625880563015E+00
 1.293E+00  6.34526844911486E+00
 1.310E+00  6.12695326077243E+00
 1.328E+00  5.91174500324343E+00
 1.347E+00  5.70004589926300E+00
 1.365E+00  5.49222788097026E+00
 1.384E+00  5.28863204573671E+00
 1.402E+00  5.08956831231683E+00
 1.422E+00  4.89531527011504E+00
 1.441E+00  4.70612021344791E+00
 1.461E+00  4.52219935186102E+00
 1.481E+00  4.34373818683502E+00
 1.501E+00  4.17089204458630E+00
 1.521E+00  4.00378675413301E+00
 1.542E+00  3.84251945935661E+00
 1.563E+00  3.68715955344151E+00
 1.584E+00  3.53774972381930E+00
 1.606E+00  3.39430709557812E+00
 1.628E+00  3.25682446122000E+00
 1.650E+00  3.12527158465700E+00
 1.673E+00  2.99959656742885E+00
 1.696E+00  2.87972726529696E+00
 1.719E+00  2.76557274361904E+00
 1.742E+00  2.65702476023177E+00
 1.766E+00  2.55395926496086E+00
 1.790E+00  2.45623790533462E+00
 1.815E+00  2.36370952859264E+00
 1.839E+00  2.27621167064993E+00
 1.864E+00  2.19357202329249E+00
 1.890E+00  2.11560987153528E+00
 1.916E+00  2.04213749376130E+00
 1.942E+00  1.97296151797294E+00
 1.968E+00  1.90788422821521E+00
 1.995E+00  1.84670481596832E+00
 2.022E+00  1.78922057204462E+00
 2.050E+00  1.73522801525514E+00
 2.078E+00  1.68452395482596E+00
 2.106E+00  1.63690648423763E+00
 2.135E+00  1.59217590482442E+00
 2.164E+00  1.55013557810001E+00
 2.194E+00  1.51059270636629E+00
 2.224E+00  1.47335904170930E+00
 2.254E+00  1.43825152398702E+00
 2.285E+00  1.40509284886775E+00
 2.316E+00  1.37371196738173E+00
 2.348E+00  1.34394451880521E+00
 2.380E+00  1.31563319900374E+00
 2.412E+00  1.28862806662363E+00
 2.445E+00  1.26278678973769E+00
 2.479E+00  1.23797483572750E+00
 2.513E+00  1.21406560732139E+00
 2.547E+00  1.19094052780883E+00
 2.582E+00  1.16848907852092E+00
 2.617E+00  1.14660879170652E+00
 2.653E+00  1.12520520194711E+00
 2.689E+00  1.10419175924450E+00
 2.725E+00  1.08348970688582E+00
 2.763E+00  1.06302792714362E+00
 2.800E+00  1.04274275780715E+00
 2.839E+00  1.02257778246657E+00
 2.877E+00  1.00248359738676E+00
 2.917E+00  9.82417557714171E-01
 2.956E+00  9.62343505659251E-01
 2.997E+00  9.42231483191262E-01
 3.038E+00  9.22057431671924E-01
 3.079E+00  9.01802880741543E-01
 3.121E+00  8.81454628656281E-01
 3.164E+00  8.61004416159636E-01
 3.207E+00  8.40448595855402E-01
 3.251E+00  8.19787798934453E-01
 3.295E+00  7.99026600994001E-01
 3.340E+00  7.78173188576264E-01
 3.386E+00  7.57239027944136E-01
 3.432E+00  7.36238537504826E-01
 3.479E+00  7.15188765188895E-01
 3.526E+00  6.94109071991880E-01
 3.575E+00  6.73020822788848E-01
 3.623E+00  6.51947085438963E-01
 3.673E+00  6.30912339107389E-01
 3.723E+00  6.09942192645673E-01
 3.774E+00  5.89063113788906E-01
 3.825E+00  5.68302169848517E-01
 3.878E+00  5.47686780503120E-01
 3.930E+00  5.27244483216379E-01
 3.984E+00  5.07002711740002E-01
 4.039E+00  4.86988588091560E-01
 4.094E+00  4.67228728330523E-01
 4.150E+00  4.47749062391530E-01
 4.206E+00  4.28574668171055E-01
 4.264E+00  4.09729620002285E-01
 4.322E+00  3.91236851592697E-01
 4.381E+00  3.73118033439610E-01
 4.441E+00  3.55393464680481E-01
 4.501E+00  3.38081979277071E-01
 4.563E+00  3.21200866375560E-01
 4.625E+00  3.04765804628383E-01
 4.688E+00  2.88790810208017E-01
 4.752E+00  2.73288198188270E-01
 4.817E+00  2.58268556914992E-01
 4.883E+00  2.43740734935859E-01
 4.950E+00  2.29711840008058E-01
 5.017E+00  2.16187249653877E-01
 5.086E+00  2.03170632687624E-01
 5.155E+00  1.90663981093342E-01
 5.225E+00  1.78667651591972E-01
 5.297E+00  1.67180416199291E-01
 5.369E+00  1.56199521042581E-01
 5.442E+00  1.45720752675012E-01
 5.517E+00  1.35738511102554E-01
 5.592E+00  1.26245888719183E-01
 5.668E+00  1.17234754332674E-01
 5.746E+00  1.08695841455521E-01
 5.824E+00  1.00618840033807E-01
 5.904E+00  9.29924907913075E-02
 5.984E+00  8.58046813767346E-02
 6.066E+00  7.90425435189238E-02
 6.149E+00  7.26925504177653E-02
 6.233E+00  6.67406136276099E-02
 6.318E+00  6.11721787244892E-02
 6.404E+00  5.59723190884056E-02
 6.491E+00  5.11258271767417E-02
 6.580E+00  4.66173027140030E-02
 6.670E+00  4.24312372760680E-02
 6.761E+00  3.85520948032406E-02
 6.853E+00  3.49643876350068E-02
 6.947E+00  3.16527477197830E-02
 7.042E+00  2.86019927143656E-02
 7.138E+00  2.57971867495349E-02
 7.235E+00  2.32236956995546E-02
 7.334E+00  2.08672368534672E-02
 7.434E+00  1.87139229444146E-02
 7.536E+00  1.67503005490604E-02
 7.639E+00  1.49633829219902E-02
 7.743E+00  1.33406773791642E-02
 7.849E+00  1.18702073896677E-02
 7.956E+00  1.05405295757439E-02
 8.064E+00  9.34074585712262E-03
 8.174E+00  8.26051100675340E-03
 8.286E+00  7.29003591108220E-03
 8.399E+00  6.42008684894343E-03
 8.514E+00  5.64198111898432E-03
 8.630E+00  4.94757935642873E-03
 8.748E+00  4.32927488609115E-03
 8.867E+00  3.77998046011491E-03
 8.988E+00  3.29311272622961E-03
 9.111E+00  2.86257476574831E-03
 9.235E+00  2.48273703043723E-03
 9.362E+00  2.14841699420323E-03
 9.489E+00  1.85485781968582E-03
 9.619E+00  1.59770632175392E-03
 9.750E+00  1.37299049003271E-03
 9.883E+00  1.17709681136067E-03
 1.002E+01  1.00674761091636E-03
 1.016E+01  8.58978608063733E-04
 1.029E+01  7.31116860113086E-04
 1.043E+01  6.20759244524928E-04
 1.058E+01  5.25751607902153E-04
 1.072E+01  4.44168688691851E-04
 1.087E+01  3.74294900082084E-04
 1.102E+01  3.14606040322427E-04
 1.117E+01  2.63751979772086E-04
 1.132E+01  2.20540357499053E-04
 1.147E+01  1.83921305296918E-04
 1.163E+01  1.52973203595890E-04
 1.179E+01  1.26889461933987E-04
 1.195E+01  1.04966306408271E-04
 1.211E+01  8.65915478047238E-05
 1.228E+01  7.12342968486471E-05
 1.245E+01  5.84355871474496E-05
 1.262E+01  4.77998618227934E-05
 1.279E+01  3.89872764477654E-05
 1.296E+01  3.17067686080468E-05
 1.314E+01  2.57098430809184E-05
 1.332E+01  2.07850211580135E-05
 1.350E+01  1.67529029135057E-05
 1.368E+01  1.34617921284885E-05
 1.387E+01  1.07838350187766E-05
 1.406E+01  8.61162577769517E-06
 1.425E+01  6.85523414502028E-06
 1.445E+01  5.43961266345482E-06
 1.464E+01  4.30234390864085E-06
 1.484E+01  3.39169071003826E-06
 1.505E+01  2.66491515908244E-06
 1.525E+01  2.08683497728257E-06
 1.546E+01  1.62858854790416E-06
 1.567E+01  1.26658256580470E-06
 1.589E+01  9.81598803234402E-07
 1.610E+01  7.58038903812047E-07
 1.632E+01  5.83288387094403E-07
 1.655E+01  4.47183162552971E-07
 1.677E+01  3.41566034328377E-07
 1.700E+01  2.59929756797376E-07
 1.723E+01  1.97065795583507E-07
 1.747E+01  1.48839740896119E-07
 1.771E+01  1.11984291091324E-07
 1.795E+01  8.39273777927774E-08
 1.819E+01  6.26521554120399E-08
 1.844E+01  4.65834137346488E-08
 1.869E+01  3.44958071821431E-08
 1.895E+01  2.54400194924231E-08
 1.921E+01  1.86836087697720E-08
 1.947E+01  1.36638157967177E-08
 1.974E+01  9.95007818500595E-09
 2.000E+01  7.21438370156682E-09
 2.028E+01  5.20792654036118E-09
 2.055E+01  3.74280828041235E-09
 2.084E+01  2.67775788800761E-09
 2.112E+01  1.90703877301826E-09
 2.141E+01  1.35187128218855E-09
 2.170E+01  9.53831130945206E-10
 2.200E+01  6.69792546785338E-10
 2.230E+01  4.68073158785222E-10
 2.260E+01  3.25509236673694E-10
 2.291E+01  2.25247607514075E-10
 2.322E+01  1.55086887199010E-10
 2.354E+01  1.06237615020936E-10
 2.386E+01  7.24002036461933E-11
 2.419E+01  4.90827609559372E-11
 2.452E+01  3.30990061716661E-11
 2.485E+01  2.22006820212484E-11
 2.519E+01  1.48098702850367E-11
 2.554E+01  9.82511197032154E-12
 2.588E+01  6.48175139476870E-12
 2.624E+01  4.25189643173535E-12
 2.660E+01  2.77315925518592E-12
 2.696E+01  1.79818629951347E-12
 2.733E+01  1.15911824726979E-12
 2.770E+01  7.42709455486611E-13
 2.808E+01  4.73012698569625E-13
 2.846E+01  2.99401022869705E-13
 2.885E+01  1.88331902137325E-13
 2.924E+01  1.17719291117462E-13
 2.964E+01  7.31117209806089E-14
 3.005E+01  4.51132354284126E-14
 3.046E+01  2.76541297811795E-14
 3.087E+01  1.68389884100716E-14
 3.130E+01  1.01843277995756E-14
 3.172E+01  6.11742929321755E-15
 3.216E+01  3.64909410040587E-15
 3.259E+01  2.16142128101189E-15
 3.304E+01  1.27113072129681E-15
 3.349E+01  7.42155724937078E-16
 3.395E+01  4.30141085569039E-16
 3.441E+01  2.47453901201237E-16
 3.488E+01  1.41286613536543E-16
 3.536E+01  8.00546004467513E-17
 3.584E+01  4.50095596055684E-17
 3.633E+01  2.51079020733151E-17
 3.683E+01  1.38949393409813E-17
 3.733E+01  7.62774536166144E-18
 3.784E+01  4.15318339902320E-18
 3.835E+01  2.24265701007019E-18
 3.888E+01  1.20085951193107E-18
 3.941E+01  6.37557324167950E-19
 3.995E+01  3.35577923652555E-19
 4.049E+01  1.75090811177167E-19
 4.104E+01  9.05476485841096E-20
 4.161E+01  4.64068572433554E-20
 4.217E+01  2.35681171634722E-20
 4.275E+01  1.18590862106101E-20
 4.333E+01  5.91161700472630E-21
 4.392E+01  2.91900236918409E-21
 4.452E+01  1.42751048115309E-21
 4.513E+01  6.91327311732765E-22
 4.575E+01  3.31504740484848E-22
 4.637E+01  1.57376070321727E-22
 4.701E+01  7.39556118250178E-23
 4.765E+01  3.43975038495817E-23
 4.830E+01  1.58323511462159E-23
 4.896E+01  7.21050610382512E-24
 4.963E+01  3.24883577316759E-24
 5.030E+01  1.44801057947857E-24
 5.099E+01  6.38339835351831E-25
 5.169E+01  2.78313846167657E-25
 5.239E+01  1.20014882004542E-25
 5.311E+01  5.12012696229731E-26
 5.383E+01  2.16310607131555E-26
 5.457E+01  9.07234604659281E-27
 5.531E+01  3.80186197905095E-27
 5.607E+01  0.00000000000000E+00
 5.683E+01  0.00000000000000E+00
 5.761E+01  0.00000000000000E+00
 5.839E+01  0.00000000000000E+00
 5.919E+01  0.00000000000000E+00
 6.000E+01  0.00000000000000E+00
