line2: Z,NR,R(1),R(NR) /line3,4,...: R(N),RHO*4*PI*R(N)**2
62.00  2000  1.01365245284744E-10  6.00000000000000E+01
 1.014E-10  1.22696636793496E-12
 1.027E-10  1.25700318356120E-12
 1.042E-10  1.28777531706424E-12
 1.056E-10  1.48279129332592E-12
 1.070E-10  1.51909084468825E-12
 1.085E-10  1.55627902917717E-12
 1.100E-10  1.59437760098012E-12
 1.115E-10  1.63340884690325E-12
 1.130E-10  1.67339559931878E-12
 1.145E-10  1.71436124955509E-12
 1.161E-10  1.75632976157211E-12
 1.177E-10  1.79932568598070E-12
 1.193E-10  1.84337417440458E-12
 1.209E-10  1.88850099419284E-12
 1.226E-10  1.93473254349362E-12
 1.242E-10  1.98209586669636E-12
 1.259E-10  2.03061867025206E-12
 1.276E-10  2.08032933888095E-12
 1.294E-10  2.13125695217688E-12
 1.312E-10  2.18343130161822E-12
 1.329E-10  2.23688290799531E-12
 1.348E-10  2.29164303926420E-12
 1.366E-10  2.34774372883776E-12
 1.385E-10  2.40521779432455E-12
 1.404E-10  2.46409885672632E-12
 1.423E-10  2.52442136010565E-12
 1.442E-10  2.58622059173463E-12
 1.462E-10  2.64953270273725E-12
 1.482E-10  2.71439472923715E-12
 1.502E-10  2.78084461402266E-12
 1.523E-10  2.84892122874249E-12
 1.543E-10  2.91866439664483E-12
 1.564E-10  2.99011491587307E-12
 1.586E-10  3.06331458333169E-12
 1.607E-10  3.13830621913623E-12
 1.629E-10  3.21513369166262E-12
 1.652E-10  3.29384194320871E-12
 1.674E-10  3.37447701628464E-12
 1.697E-10  3.45708608054663E-12
 1.720E-10  3.54171746039026E-12
 1.744E-10  3.62842066321884E-12
 1.767E-10  3.71724640840426E-12
 1.792E-10  3.80824665695707E-12
 1.816E-10  3.90147464192142E-12
 1.841E-10  3.99698489951605E-12
 1.866E-10  4.09483330103671E-12
 1.891E-10  4.19507708553909E-12
 1.917E-10  4.29777489332244E-12
 1.943E-10  4.40298680023308E-12
 1.970E-10  4.51077435280740E-12
 1.997E-10  4.62120060427474E-12
 2.024E-10  4.73433015144235E-12
 2.052E-10  4.85022917248297E-12
 2.080E-10  4.96896546564782E-12
 2.108E-10  5.09060848892652E-12
 2.137E-10  5.21522940067840E-12
 2.166E-10  5.34290110125917E-12
 2.196E-10  5.47369827566531E-12
 2.226E-10  5.60769743722314E-12
 2.256E-10  5.74497697234765E-12
 2.287E-10  5.88561718639628E-12
 2.318E-10  6.02970035064627E-12
 2.350E-10  6.17731075042094E-12
 2.382E-10  6.32853473439458E-12
 2.414E-10  6.48346076510539E-12
 2.447E-10  6.64217947070308E-12
 2.481E-10  6.80478369796411E-12
 2.515E-10  6.97136856660552E-12
 2.549E-10  7.14203152492748E-12
 2.584E-10  7.31687240681850E-12
 2.619E-10  7.49599349015537E-12
 2.655E-10  7.67949955663429E-12
 2.691E-10  7.86749795306497E-12
 2.728E-10  8.06009865416587E-12
 2.765E-10  8.25741432689781E-12
 2.803E-10  8.45956039637057E-12
 2.841E-10  8.66665511336474E-12
 2.880E-10  8.87881962350500E-12
 2.919E-10  9.09617803812766E-12
 2.959E-10  9.31885750688287E-12
 2.999E-10  9.54698829211473E-12
 3.040E-10  9.78070384506112E-12
 3.082E-10  1.00201408839200E-11
 3.124E-10  1.02654394738259E-11
 3.166E-10  1.05167431087856E-11
 3.210E-10  1.07741987956186E-11
 3.253E-10  1.10379571399514E-11
 3.298E-10  1.13081724343195E-11
 3.343E-10  1.15850027484252E-11
 3.389E-10  1.18686100216034E-11
 3.435E-10  1.21591601575545E-11
 3.482E-10  1.24568231213924E-11
 3.529E-10  1.27617730390706E-11
 3.577E-10  1.30741882992414E-11
 3.626E-10  1.33942516576103E-11
 3.676E-10  1.37221503438435E-11
 3.726E-10  1.40580761710918E-11
 3.777E-10  1.44022256481983E-11
 3.828E-10  1.47548000946501E-11
 3.881E-10  1.51160057583472E-11
 3.934E-10  1.54860539362513E-11
 3.987E-10  1.58651610979894E-11
 4.042E-10  1.62535490124867E-11
 4.097E-10  1.66514448776918E-11
 4.153E-10  1.70590814534835E-11
 4.210E-10  1.74766971978328E-11
 4.267E-10  1.79045364062926E-11
 4.325E-10  1.83428493549045E-11
 4.384E-10  1.87918924466057E-11
 4.444E-10  1.92519283612195E-11
 4.505E-10  1.97232262091149E-11
 4.566E-10  2.02060616886311E-11
 4.629E-10  2.07007172473552E-11
 4.692E-10  2.12074822473455E-11
 4.756E-10  2.17266531344036E-11
 4.821E-10  2.22585336114878E-11
 4.887E-10  2.28034348163710E-11
 4.953E-10  2.33616755036507E-11
 5.021E-10  2.39335822312120E-11
 5.090E-10  2.45194895512574E-11
 5.159E-10  2.51197402060102E-11
 5.230E-10  2.57346853282134E-11
 5.301E-10  2.63646846465312E-11
 5.373E-10  2.70101066959842E-11
 5.447E-10  2.76713290335333E-11
 5.521E-10  2.83487384589401E-11
 5.596E-10  2.90427312410394E-11
 5.673E-10  2.97537133495447E-11
 5.750E-10  3.04821006925284E-11
 5.829E-10  3.12283193597223E-11
 5.908E-10  3.19928058717715E-11
 5.989E-10  3.27760074355854E-11
 6.071E-10  3.35783822059424E-11
 6.154E-10  3.44003995535025E-11
 6.238E-10  3.52425403393793E-11
 6.323E-10  3.61052971964291E-11
 6.409E-10  3.69891748174315E-11
 6.497E-10  3.78946902503231E-11
 6.585E-10  3.88223732006554E-11
 6.675E-10  3.97727663414655E-11
 6.766E-10  4.07464256307254E-11
 6.859E-10  4.17439206365614E-11
 6.952E-10  4.27658348704408E-11
 7.047E-10  4.38127661285119E-11
 7.144E-10  4.48853268413004E-11
 7.241E-10  4.59841444319681E-11
 7.340E-10  4.71098616833410E-11
 7.440E-10  4.82631371139218E-11
 7.542E-10  4.94446453631045E-11
 7.645E-10  5.06550775858247E-11
 7.749E-10  5.18951418568765E-11
 7.855E-10  5.31655635851096E-11
 7.962E-10  5.44670859377774E-11
 8.071E-10  5.58004702752803E-11
 8.181E-10  5.71664965965361E-11
 8.293E-10  5.85659639952634E-11
 8.406E-10  5.99996911274333E-11
 8.521E-10  6.14685166901654E-11
 8.637E-10  6.29732999123420E-11
 8.755E-10  6.45149210572413E-11
 8.874E-10  6.60942819374685E-11
 8.996E-10  6.77123064424920E-11
 9.118E-10  6.93699410791071E-11
 9.243E-10  7.10681555251069E-11
 9.369E-10  7.28079431965327E-11
 9.497E-10  7.45903218287915E-11
 9.627E-10  7.64163340720098E-11
 9.758E-10  7.82870481009650E-11
 9.891E-10  8.02035582399300E-11
 1.003E-09  8.21669856028418E-11
 1.016E-09  8.41784787491168E-11
 1.030E-09  8.62392143555288E-11
 1.044E-09  8.83503979045531E-11
 1.059E-09  9.05132643895271E-11
 1.073E-09  9.27290790371035E-11
 1.088E-09  9.49991380473744E-11
 1.102E-09  9.73247693521178E-11
 1.118E-09  9.97073333916084E-11
 1.133E-09  1.02148223910442E-10
 1.148E-09  1.04648868772845E-10
 1.164E-09  1.07210730797931E-10
 1.180E-09  1.09835308615434E-10
 1.196E-09  1.12524137542362E-10
 1.212E-09  1.15278790481120E-10
 1.229E-09  1.18100878839614E-10
 1.246E-09  1.20992053473902E-10
 1.263E-09  1.23954005653904E-10
 1.280E-09  1.26988468052742E-10
 1.297E-09  1.30097215760323E-10
 1.315E-09  1.33282067321716E-10
 1.333E-09  1.36544885800981E-10
 1.351E-09  1.39887579870986E-10
 1.370E-09  1.43312104929955E-10
 1.388E-09  1.46820464245326E-10
 1.407E-09  1.50414710125619E-10
 1.426E-09  1.54096945120979E-10
 1.446E-09  1.57869323253118E-10
 1.466E-09  1.61734051275388E-10
 1.486E-09  1.65693389963650E-10
 1.506E-09  1.69749655438795E-10
 1.527E-09  1.73905220521597E-10
 1.547E-09  1.78162516120800E-10
 1.568E-09  1.82524032655096E-10
 1.590E-09  1.86992321509972E-10
 1.612E-09  1.91569996530249E-10
 1.634E-09  1.96259735549060E-10
 1.656E-09  2.01064281954347E-10
 1.679E-09  2.05986446293713E-10
 1.701E-09  2.11029107918448E-10
 1.725E-09  2.16195216667944E-10
 1.748E-09  2.21487794595269E-10
 1.772E-09  2.26909937734962E-10
 1.796E-09  2.32464817914202E-10
 1.821E-09  2.38155684608192E-10
 1.846E-09  2.43985866841043E-10
 1.871E-09  2.49958775133204E-10
 1.896E-09  2.56077903496493E-10
 1.922E-09  2.62346831478024E-10
 1.949E-09  2.68769226254175E-10
 1.975E-09  2.75348844775792E-10
 2.002E-09  2.82089535965894E-10
 2.029E-09  2.88995242971212E-10
 2.057E-09  2.96070005468847E-10
 2.085E-09  3.03317962029385E-10
 2.114E-09  3.10743352537849E-10
 2.143E-09  3.18350520673931E-10
 2.172E-09  3.26143916452965E-10
 2.201E-09  3.34128098829034E-10
 2.232E-09  3.42307738361890E-10
 2.262E-09  3.50687619949122E-10
 2.293E-09  3.59272645625150E-10
 2.324E-09  3.68067837428873E-10
 2.356E-09  3.77078340341400E-10
 2.388E-09  3.86309425295720E-10
 2.421E-09  3.95766492260142E-10
 2.454E-09  4.05455073397084E-10
 2.487E-09  4.15380836299266E-10
 2.521E-09  4.25549587305125E-10
 2.556E-09  4.35967274895376E-10
 2.590E-09  4.46639993172780E-10
 2.626E-09  4.57573985426966E-10
 2.662E-09  4.68775647786628E-10
 2.698E-09  4.80251532961152E-10
 2.735E-09  4.92008354073754E-10
 2.772E-09  5.04052988588501E-10
 2.810E-09  5.16392482333495E-10
 2.848E-09  5.29034053622407E-10
 2.887E-09  5.41985097477169E-10
 2.927E-09  5.55253189953791E-10
 2.967E-09  5.68846092574101E-10
 3.007E-09  5.82771756866233E-10
 3.048E-09  5.97038329015948E-10
 3.090E-09  6.11654154631964E-10
 3.132E-09  6.26627783627931E-10
 3.175E-09  6.41967975224004E-10
 3.218E-09  6.57683703070714E-10
 3.262E-09  6.73784160498266E-10
 3.307E-09  6.90278765894542E-10
 3.352E-09  7.07177168214591E-10
 3.398E-09  7.24489252624933E-10
 3.444E-09  7.42225146286290E-10
 3.491E-09  7.60395224277637E-10
 3.539E-09  7.79010115665410E-10
 3.587E-09  7.98080709721200E-10
 3.636E-09  8.17618162291719E-10
 3.685E-09  8.37633902324808E-10
 3.736E-09  8.58139638554946E-10
 3.787E-09  8.79147366352596E-10
 3.838E-09  9.00669374741322E-10
 3.891E-09  9.22718253586422E-10
 3.944E-09  9.45306900959768E-10
 3.998E-09  9.68448530684871E-10
 4.052E-09  9.92156680066497E-10
 4.108E-09  1.01644521780994E-09
 4.164E-09  1.04132835213360E-09
 4.221E-09  1.06682063908054E-09
 4.278E-09  1.09293699103351E-09
 4.337E-09  1.11969268543813E-09
 4.396E-09  1.14710337373997E-09
 4.456E-09  1.17518509054022E-09
 4.517E-09  1.20395426297548E-09
 4.578E-09  1.23342772032727E-09
 4.641E-09  1.26362270386678E-09
 4.704E-09  1.29455687694051E-09
 4.769E-09  1.32624833530293E-09
 4.834E-09  1.35871561770204E-09
 4.900E-09  1.39197771672409E-09
 4.967E-09  1.42605408990374E-09
 5.034E-09  1.46096467110623E-09
 5.103E-09  1.49672988218821E-09
 5.173E-09  1.53337064494406E-09
 5.243E-09  1.57090839334454E-09
 5.315E-09  1.60936508607511E-09
 5.388E-09  1.64876321938126E-09
 5.461E-09  1.68912584022834E-09
 5.536E-09  1.73047655978324E-09
 5.611E-09  1.77283956722645E-09
 5.688E-09  1.81623964390215E-09
 5.765E-09  1.86070217781464E-09
 5.844E-09  1.90625317847969E-09
 5.924E-09  1.95291929213938E-09
 6.005E-09  2.00072781734955E-09
 6.087E-09  2.04970672094871E-09
 6.170E-09  2.09988465441801E-09
 6.254E-09  2.15129097064159E-09
 6.340E-09  2.20395574107713E-09
 6.426E-09  2.25790977334705E-09
 6.514E-09  2.31318462926029E-09
 6.603E-09  2.36981264327491E-09
 6.693E-09  2.42782694141296E-09
 6.784E-09  2.48726146063850E-09
 6.877E-09  2.54815096870983E-09
 6.971E-09  2.61053108451747E-09
 7.066E-09  2.67443829892061E-09
 7.162E-09  2.73990999609320E-09
 7.260E-09  2.80698447539279E-09
 7.359E-09  2.87570097376467E-09
 7.460E-09  2.94609968869408E-09
 7.562E-09  3.01822180172129E-09
 7.665E-09  3.09210950253149E-09
 7.770E-09  3.16780601363449E-09
 7.876E-09  3.24535561564878E-09
 7.983E-09  3.32480367320494E-09
 8.092E-09  3.40619666148235E-09
 8.203E-09  3.48958219339604E-09
 8.315E-09  3.57500904744915E-09
 8.428E-09  3.66252719626671E-09
 8.543E-09  3.75218783582887E-09
 8.660E-09  3.84404341541870E-09
 8.778E-09  3.93814766830381E-09
 8.898E-09  4.03455564316898E-09
 9.019E-09  4.13332373631797E-09
 9.142E-09  4.23450972466415E-09
 9.267E-09  4.33817279952826E-09
 9.394E-09  4.44437360126373E-09
 9.522E-09  4.55317425472961E-09
 9.652E-09  4.66463840563249E-09
 9.784E-09  4.77883125775664E-09
 9.917E-09  4.89581961110712E-09
 1.005E-08  5.01567190098602E-09
 1.019E-08  5.13845823802483E-09
 1.033E-08  5.26425044919737E-09
 1.047E-08  5.39312211983705E-09
 1.061E-08  5.52514863668201E-09
 1.076E-08  5.66040723197377E-09
 1.090E-08  5.79897702863730E-09
 1.105E-08  5.94093908656440E-09
 1.120E-08  6.08637645003226E-09
 1.136E-08  6.23537419628198E-09
 1.151E-08  6.38801948528636E-09
 1.167E-08  6.54440161073630E-09
 1.183E-08  6.70461205227451E-09
 1.199E-08  6.86874452900919E-09
 1.215E-08  7.03689505433705E-09
 1.232E-08  7.20916199210839E-09
 1.249E-08  7.38564611416699E-09
 1.266E-08  7.56645065929905E-09
 1.283E-08  7.75168139362508E-09
 1.301E-08  7.94144667246978E-09
 1.318E-08  8.13585750374746E-09
 1.336E-08  8.33502761289809E-09
 1.355E-08  8.53907350941321E-09
 1.373E-08  8.74811455499102E-09
 1.392E-08  8.96227303335978E-09
 1.411E-08  9.18167422181005E-09
 1.430E-08  9.40644646447831E-09
 1.450E-08  9.63672124742521E-09
 1.470E-08  9.87263327555020E-09
 1.490E-08  1.01143205513901E-08
 1.510E-08  1.03619244558474E-08
 1.531E-08  1.06155898308937E-08
 1.551E-08  1.08754650642974E-08
 1.573E-08  1.11417021764270E-08
 1.594E-08  1.14144569091785E-08
 1.616E-08  1.16938888170796E-08
 1.638E-08  1.19801613606241E-08
 1.660E-08  1.22734420018923E-08
 1.683E-08  1.25739023025112E-08
 1.706E-08  1.28817180240122E-08
 1.729E-08  1.31970692306469E-08
 1.753E-08  1.35201403947198E-08
 1.777E-08  1.38511205044982E-08
 1.801E-08  1.41902031747653E-08
 1.826E-08  1.45375867600790E-08
 1.851E-08  1.48934744708027E-08
 1.876E-08  1.52580744919787E-08
 1.901E-08  1.56316001051079E-08
 1.927E-08  1.60142698129146E-08
 1.954E-08  1.64063074671647E-08
 1.980E-08  1.68079423996089E-08
 2.007E-08  1.72194095561379E-08
 2.035E-08  1.76409496342174E-08
 2.063E-08  1.80728092236890E-08
 2.091E-08  1.85152409510173E-08
 2.119E-08  1.89685036270667E-08
 2.148E-08  1.94328623985016E-08
 2.178E-08  1.99085889028861E-08
 2.207E-08  2.03959614275824E-08
 2.237E-08  2.08952650725441E-08
 2.268E-08  2.14067919170872E-08
 2.299E-08  2.19308411907477E-08
 2.330E-08  2.24677194483226E-08
 2.362E-08  2.30177407491937E-08
 2.394E-08  2.35812268410423E-08
 2.427E-08  2.41585073480619E-08
 2.460E-08  2.47499199637767E-08
 2.494E-08  2.53558106485802E-08
 2.528E-08  2.59765338321130E-08
 2.562E-08  2.66124526205928E-08
 2.597E-08  2.72639390092181E-08
 2.633E-08  2.79313740997714E-08
 2.669E-08  2.86151483235547E-08
 2.705E-08  2.93156616697772E-08
 2.742E-08  3.00333239195344E-08
 2.779E-08  3.07685548855170E-08
 2.817E-08  3.15217846575906E-08
 2.856E-08  3.22934538543763E-08
 2.895E-08  3.30840138810022E-08
 2.934E-08  3.38939271931635E-08
 2.974E-08  3.47236675676345E-08
 3.015E-08  3.55737203794184E-08
 3.056E-08  3.64445828856721E-08
 3.098E-08  3.73367645165840E-08
 3.140E-08  3.82507871733747E-08
 3.183E-08  3.91871855335893E-08
 3.227E-08  4.01465073638657E-08
 3.271E-08  4.11293138403578E-08
 3.315E-08  4.21361798770019E-08
 3.361E-08  4.31676944618252E-08
 3.406E-08  4.42244610014791E-08
 3.453E-08  4.53070976742117E-08
 3.500E-08  4.64162377914777E-08
 3.548E-08  4.75525301684040E-08
 3.596E-08  4.87166395033212E-08
 3.645E-08  4.99092467665904E-08
 3.695E-08  5.11310495989438E-08
 3.746E-08  5.23827627195766E-08
 3.797E-08  5.36651183442333E-08
 3.849E-08  5.49788666135248E-08
 3.901E-08  5.63247760317372E-08
 3.954E-08  5.77036339163668E-08
 4.008E-08  5.91162468586792E-08
 4.063E-08  6.05634411955345E-08
 4.119E-08  6.20460634927556E-08
 4.175E-08  6.35649810403442E-08
 4.232E-08  6.51210823598027E-08
 4.290E-08  6.67152777238920E-08
 4.348E-08  6.83484996891015E-08
 4.408E-08  7.00217036411575E-08
 4.468E-08  7.17358683538864E-08
 4.529E-08  7.34919965617522E-08
 4.591E-08  7.52911155464273E-08
 4.653E-08  7.71342777377014E-08
 4.717E-08  7.90225613291086E-08
 4.781E-08  8.09570709086312E-08
 4.846E-08  8.29389381048352E-08
 4.913E-08  8.49693222488246E-08
 4.980E-08  8.70494110524025E-08
 5.048E-08  8.91804213028403E-08
 5.117E-08  9.13635995746259E-08
 5.186E-08  9.36002229586759E-08
 5.257E-08  9.58915998093727E-08
 5.329E-08  9.82390705098856E-08
 5.402E-08  1.00644008256256E-07
 5.475E-08  1.03107819860639E-07
 5.550E-08  1.05631946574228E-07
 5.626E-08  1.08217864930332E-07
 5.703E-08  1.10867087608079E-07
 5.781E-08  1.13581164317256E-07
 5.860E-08  1.16361682704824E-07
 5.940E-08  1.19210269283626E-07
 6.021E-08  1.22128590383811E-07
 6.103E-08  1.25118353127567E-07
 6.186E-08  1.28181306427697E-07
 6.271E-08  1.31319242010665E-07
 6.356E-08  1.34533995464667E-07
 6.443E-08  1.37827447313358E-07
 6.531E-08  1.41201524115869E-07
 6.620E-08  1.44658199593748E-07
 6.711E-08  1.48199495785500E-07
 6.802E-08  1.51827484229383E-07
 6.895E-08  1.55544287175130E-07
 6.989E-08  1.59352078825386E-07
 7.085E-08  1.63253086607509E-07
 7.181E-08  1.67249592476469E-07
 7.279E-08  1.71343934249710E-07
 7.379E-08  1.75538506974651E-07
 7.479E-08  1.79835764329632E-07
 7.582E-08  1.84238220059238E-07
 7.685E-08  1.88748449444665E-07
 7.790E-08  1.93369090810139E-07
 7.896E-08  1.98102847066211E-07
 8.004E-08  2.02952487290778E-07
 8.113E-08  2.07920848348878E-07
 8.224E-08  2.13010836552084E-07
 8.336E-08  2.18225429358538E-07
 8.450E-08  2.23567677114613E-07
 8.566E-08  2.29040704839175E-07
 8.683E-08  2.34647714051545E-07
 8.801E-08  2.40391984644228E-07
 8.921E-08  2.46276876801445E-07
 9.043E-08  2.52305832964632E-07
 9.167E-08  2.58482379846111E-07
 9.292E-08  2.64810130491974E-07
 9.419E-08  2.71292786395500E-07
 9.547E-08  2.77934139662337E-07
 9.677E-08  2.84738075228630E-07
 9.810E-08  2.91708573133491E-07
 9.944E-08  2.98849710847054E-07
 1.008E-07  3.06165665655574E-07
 1.022E-07  3.13660717104865E-07
 1.036E-07  3.21339249503546E-07
 1.050E-07  3.29205754487630E-07
 1.064E-07  3.37264833647796E-07
 1.079E-07  3.45521201221069E-07
 1.093E-07  3.53979686848295E-07
 1.108E-07  3.62645238399206E-07
 1.123E-07  3.71522924866595E-07
 1.139E-07  3.80617939331272E-07
 1.154E-07  3.89935601999784E-07
 1.170E-07  3.99481363316264E-07
 1.186E-07  4.09260807150614E-07
 1.202E-07  4.19279654064720E-07
 1.219E-07  4.29543764658510E-07
 1.235E-07  4.40059142998043E-07
 1.252E-07  4.50831940127433E-07
 1.269E-07  4.61868457666814E-07
 1.287E-07  4.73175151498260E-07
 1.304E-07  4.84758635542054E-07
 1.322E-07  4.96625685625359E-07
 1.340E-07  5.08783243445533E-07
 1.358E-07  5.21238420630510E-07
 1.377E-07  5.33998502898570E-07
 1.396E-07  5.47070954319934E-07
 1.415E-07  5.60463421682652E-07
 1.434E-07  5.74183738965431E-07
 1.454E-07  5.88239931919796E-07
 1.473E-07  6.02640222764578E-07
 1.494E-07  6.17393034995304E-07
 1.514E-07  6.32506998311129E-07
 1.535E-07  6.47990953662627E-07
 1.556E-07  6.63853958422966E-07
 1.577E-07  6.80105291685697E-07
 1.598E-07  6.96754459692273E-07
 1.620E-07  7.13811201392387E-07
 1.642E-07  7.31285494140415E-07
 1.665E-07  7.49187559531280E-07
 1.687E-07  7.67527869379205E-07
 1.710E-07  7.86317151842836E-07
 1.734E-07  8.05566397700236E-07
 1.757E-07  8.25286866777419E-07
 1.781E-07  8.45490094534438E-07
 1.806E-07  8.66187898812540E-07
 1.830E-07  8.87392386746377E-07
 1.855E-07  9.09115961845682E-07
 1.881E-07  9.31371331250122E-07
 1.906E-07  9.54171513161768E-07
 1.932E-07  9.77529844459375E-07
 1.959E-07  1.00145998849918E-06
 1.986E-07  1.02597594310676E-06
 2.013E-07  1.05109204876422E-06
 2.040E-07  1.07682299699786E-06
 2.068E-07  1.10318383897138E-06
 2.096E-07  1.13018999428918E-06
 2.125E-07  1.15785726001525E-06
 2.154E-07  1.18620181991269E-06
 2.183E-07  1.21524025390958E-06
 2.213E-07  1.24498954779640E-06
 2.243E-07  1.27546710316095E-06
 2.274E-07  1.30669074756627E-06
 2.305E-07  1.33867874497772E-06
 2.336E-07  1.37144980644567E-06
 2.368E-07  1.40502310104888E-06
 2.401E-07  1.43941826710644E-06
 2.433E-07  1.47465542366404E-06
 2.467E-07  1.51075518226105E-06
 2.500E-07  1.54773865898577E-06
 2.534E-07  1.58562748682597E-06
 2.569E-07  1.62444382832159E-06
 2.604E-07  1.66421038852679E-06
 2.640E-07  1.70495042829006E-06
 2.676E-07  1.74668777785855E-06
 2.712E-07  1.78944685081575E-06
 2.749E-07  1.83325265836059E-06
 2.787E-07  1.87813082393538E-06
 2.825E-07  1.92410759821236E-06
 2.863E-07  1.97120987444689E-06
 2.903E-07  2.01946520420633E-06
 2.942E-07  2.06890181348395E-06
 2.982E-07  2.11954861920721E-06
 3.023E-07  2.17143524615033E-06
 3.064E-07  2.22459204426036E-06
 3.106E-07  2.27905010640800E-06
 3.149E-07  2.33484128657202E-06
 3.192E-07  2.39199821846939E-06
 3.235E-07  2.45055433464137E-06
 3.279E-07  2.51054388600631E-06
 3.324E-07  2.57200196189140E-06
 3.369E-07  2.63496451055460E-06
 3.415E-07  2.69946836020891E-06
 3.462E-07  2.76555124056097E-06
 3.509E-07  2.83325180487718E-06
 3.557E-07  2.90260965258952E-06
 3.606E-07  2.97366535245495E-06
 3.655E-07  3.04646046628173E-06
 3.705E-07  3.12103757323564E-06
 3.756E-07  3.19744029474215E-06
 3.807E-07  3.27571331999784E-06
 3.859E-07  3.35590243210492E-06
 3.911E-07  3.43805453484763E-06
 3.965E-07  3.52221768012244E-06
 4.019E-07  3.60844109603875E-06
 4.074E-07  3.69677521571027E-06
 4.129E-07  3.78727170674836E-06
 4.186E-07  3.87998350147771E-06
 4.243E-07  3.97496482789296E-06
 4.301E-07  4.07227124137106E-06
 4.360E-07  4.17195965716094E-06
 4.419E-07  4.27408838366805E-06
 4.479E-07  4.37871715655293E-06
 4.541E-07  4.48590717366565E-06
 4.603E-07  4.59572113083374E-06
 4.665E-07  4.70822325852673E-06
 4.729E-07  4.82347935941787E-06
 4.794E-07  4.94155684686492E-06
 4.859E-07  5.06252478433370E-06
 4.926E-07  5.18645392578446E-06
 4.993E-07  5.31341675704827E-06
 5.061E-07  5.44348753821570E-06
 5.130E-07  5.57674234706236E-06
 5.200E-07  5.71325912353786E-06
 5.271E-07  5.85311771534279E-06
 5.343E-07  5.99639992462168E-06
 5.416E-07  6.14318955579795E-06
 5.490E-07  6.29357246458076E-06
 5.565E-07  6.44763660816945E-06
 5.641E-07  6.60547209668799E-06
 5.718E-07  6.76717124587788E-06
 5.796E-07  6.93282863107924E-06
 5.875E-07  7.10254114253492E-06
 5.955E-07  7.27640804204655E-06
 6.037E-07  7.45453102101712E-06
 6.119E-07  7.63701425991525E-06
 6.202E-07  7.82396448919274E-06
 6.287E-07  8.01549105169359E-06
 6.373E-07  8.21170596659099E-06
 6.460E-07  8.41272399488809E-06
 6.548E-07  8.61866270652179E-06
 6.638E-07  8.82964254910803E-06
 6.728E-07  9.04578691837057E-06
 6.820E-07  9.26722223029175E-06
 6.913E-07  9.49407799502992E-06
 7.008E-07  9.72648689264502E-06
 7.103E-07  9.96458485067729E-06
 7.200E-07  1.02085111236244E-05
 7.298E-07  1.04584083743623E-05
 7.398E-07  1.07144227575604E-05
 7.499E-07  1.09767040051367E-05
 7.602E-07  1.12454055138028E-05
 7.705E-07  1.15206844347531E-05
 7.811E-07  1.18027017655474E-05
 7.917E-07  1.20916224442421E-05
 8.025E-07  1.23876154458235E-05
 8.135E-07  1.26908538810040E-05
 8.246E-07  1.30015150974306E-05
 8.358E-07  1.33197807833732E-05
 8.473E-07  1.36458370739496E-05
 8.588E-07  1.39798746599489E-05
 8.705E-07  1.43220888993177E-05
 8.824E-07  1.46726799313723E-05
 8.945E-07  1.50318527938105E-05
 9.067E-07  1.53998175425789E-05
 9.191E-07  1.57767893746796E-05
 9.316E-07  1.61629887539781E-05
 9.443E-07  1.65586415400878E-05
 9.572E-07  1.69639791204132E-05
 9.703E-07  1.73792385454179E-05
 9.835E-07  1.78046626672048E-05
 9.970E-07  1.82405002814864E-05
 1.011E-06  1.86870062730281E-05
 1.024E-06  1.91444417646504E-05
 1.038E-06  1.96130742698757E-05
 1.053E-06  2.00931778493088E-05
 1.067E-06  2.05850332708448E-05
 1.081E-06  2.10889281737967E-05
 1.096E-06  2.16051572370344E-05
 1.111E-06  2.21340223512413E-05
 1.126E-06  2.26758327953829E-05
 1.142E-06  2.32309054174936E-05
 1.157E-06  2.37995648198824E-05
 1.173E-06  2.43821435488733E-05
 1.189E-06  2.49789822891873E-05
 1.205E-06  2.55904300630753E-05
 1.222E-06  2.62168444343263E-05
 1.239E-06  2.68585917172647E-05
 1.255E-06  2.75160471908574E-05
 1.273E-06  2.81895953180615E-05
 1.290E-06  2.88796299705378E-05
 1.308E-06  2.95865546588582E-05
 1.325E-06  3.03107827683439E-05
 1.344E-06  3.10527378006756E-05
 1.362E-06  3.18128536214102E-05
 1.380E-06  3.25915747135517E-05
 1.399E-06  3.33893564373285E-05
 1.418E-06  3.42066652963186E-05
 1.438E-06  3.50439792100862E-05
 1.457E-06  3.59017877934883E-05
 1.477E-06  3.67805926428126E-05
 1.497E-06  3.76809076289066E-05
 1.518E-06  3.86032591974850E-05
 1.539E-06  3.95481866767796E-05
 1.560E-06  4.05162425927095E-05
 1.581E-06  4.15079929917595E-05
 1.603E-06  4.25240177717588E-05
 1.624E-06  4.35649110207519E-05
 1.647E-06  4.46312813641426E-05
 1.669E-06  4.57237523203425E-05
 1.692E-06  4.68429626651068E-05
 1.715E-06  4.79895668047900E-05
 1.738E-06  4.91642351587172E-05
 1.762E-06  5.03676545509091E-05
 1.786E-06  5.16005286113997E-05
 1.811E-06  5.28635781873428E-05
 1.835E-06  5.41575417641929E-05
 1.860E-06  5.54831758971690E-05
 1.886E-06  5.68412556532793E-05
 1.911E-06  5.82325750641550E-05
 1.938E-06  5.96579475899372E-05
 1.964E-06  6.11182065945340E-05
 1.991E-06  6.26142058324774E-05
 2.018E-06  6.41468199476904E-05
 2.046E-06  6.57169449844504E-05
 2.073E-06  6.73254989108384E-05
 2.102E-06  6.89734221549937E-05
 2.130E-06  7.06616781544712E-05
 2.160E-06  7.23912539190402E-05
 2.189E-06  7.41631606072249E-05
 2.219E-06  7.59784341169606E-05
 2.249E-06  7.78381356906681E-05
 2.280E-06  7.97433525351259E-05
 2.311E-06  8.16951984565158E-05
 2.343E-06  8.36948145109569E-05
 2.375E-06  8.57433696709654E-05
 2.407E-06  8.78420615082020E-05
 2.440E-06  8.99921168928951E-05
 2.473E-06  9.21947927103791E-05
 2.507E-06  9.44513765951296E-05
 2.541E-06  9.67631876827448E-05
 2.576E-06  9.91315773803195E-05
 2.611E-06  1.01557930155619E-04
 2.647E-06  1.04043664345567E-04
 2.683E-06  1.06590232984482E-04
 2.719E-06  1.09199124652548E-04
 2.757E-06  1.11871864345030E-04
 2.794E-06  1.14610014362737E-04
 2.832E-06  1.17415175224232E-04
 2.871E-06  1.20288986600326E-04
 2.910E-06  1.23233128271432E-04
 2.950E-06  1.26249321108298E-04
 2.990E-06  1.29339328076700E-04
 3.031E-06  1.32504955266695E-04
 3.072E-06  1.35748052947009E-04
 3.114E-06  1.39070516645200E-04
 3.157E-06  1.42474288254210E-04
 3.200E-06  1.45961357165919E-04
 3.244E-06  1.49533761432453E-04
 3.288E-06  1.53193588955822E-04
 3.333E-06  1.56942978706613E-04
 3.378E-06  1.60784121972486E-04
 3.424E-06  1.64719263637139E-04
 3.471E-06  1.68750703490545E-04
 3.519E-06  1.72880797571151E-04
 3.567E-06  1.77111959540904E-04
 3.615E-06  1.81446662093848E-04
 3.665E-06  1.85887438399091E-04
 3.715E-06  1.90436883579079E-04
 3.765E-06  1.95097656223929E-04
 3.817E-06  1.99872479942737E-04
 3.869E-06  2.04764144952798E-04
 3.922E-06  2.09775509707638E-04
 3.975E-06  2.14909502564781E-04
 4.030E-06  2.20169123494245E-04
 4.085E-06  2.25557445828746E-04
 4.140E-06  2.31077618056682E-04
 4.197E-06  2.36732865658844E-04
 4.254E-06  2.42526492989988E-04
 4.312E-06  2.48461885206345E-04
 4.371E-06  2.54542510240198E-04
 4.431E-06  2.60771920822648E-04
 4.491E-06  2.67153756555748E-04
 4.553E-06  2.73691746035280E-04
 4.615E-06  2.80389709025267E-04
 4.678E-06  2.87251558685587E-04
 4.742E-06  2.94281303854014E-04
 4.806E-06  3.01483051383874E-04
 4.872E-06  3.08861008538818E-04
 4.938E-06  3.16419485445996E-04
 5.006E-06  3.24162897609101E-04
 5.074E-06  3.32095768482770E-04
 5.144E-06  3.40222732109773E-04
 5.214E-06  3.48548535822582E-04
 5.285E-06  3.57078043010804E-04
 5.357E-06  3.65816235956168E-04
 5.430E-06  3.74768218736684E-04
 5.504E-06  3.83939220201689E-04
 5.579E-06  3.93334597019340E-04
 5.656E-06  4.02959836798544E-04
 5.733E-06  4.12820561287102E-04
 5.811E-06  4.22922529647694E-04
 5.890E-06  4.33271641813854E-04
 5.971E-06  4.43873941927871E-04
 6.052E-06  4.54735621862392E-04
 6.135E-06  4.65863024827937E-04
 6.219E-06  4.77262649068491E-04
 6.304E-06  4.88941151647044E-04
 6.390E-06  5.00905352323529E-04
 6.477E-06  5.13162237527368E-04
 6.565E-06  5.25718964426705E-04
 6.655E-06  5.38582865096929E-04
 6.746E-06  5.51761450790878E-04
 6.838E-06  5.65262416312982E-04
 6.931E-06  5.79093644500156E-04
 7.026E-06  5.93263210811780E-04
 7.122E-06  6.07779388031639E-04
 7.219E-06  6.22650651084511E-04
 7.318E-06  6.37885681969869E-04
 7.418E-06  6.53493374816052E-04
 7.519E-06  6.69482841057450E-04
 7.622E-06  6.85863414737898E-04
 7.726E-06  7.02644657943229E-04
 7.831E-06  7.19836366366093E-04
 7.938E-06  7.37448575006525E-04
 8.046E-06  7.55491564011097E-04
 8.156E-06  7.73975864654497E-04
 8.268E-06  7.92912265466723E-04
 8.380E-06  8.12311818509355E-04
 8.495E-06  8.32185845804867E-04
 8.611E-06  8.52545945922335E-04
 8.728E-06  8.73404000723482E-04
 8.848E-06  8.94772182273000E-04
 8.968E-06  9.16662959917121E-04
 9.091E-06  9.39089107534355E-04
 9.215E-06  9.62063710962818E-04
 9.341E-06  9.85600175608323E-04
 9.468E-06  1.00971223423742E-03
 9.597E-06  1.03441395496033E-03
 9.729E-06  1.05971974940803E-03
 9.861E-06  1.08564438110807E-03
 9.996E-06  1.11220297406438E-03
 1.013E-05  1.13941102154578E-03
 1.027E-05  1.16728439508805E-03
 1.041E-05  1.19583935371501E-03
 1.055E-05  1.22509255338400E-03
 1.070E-05  1.25506105666088E-03
 1.084E-05  1.28576234263019E-03
 1.099E-05  1.31721431704641E-03
 1.114E-05  1.34943532273187E-03
 1.129E-05  1.38244415022744E-03
 1.145E-05  1.41626004870208E-03
 1.160E-05  1.45090273712737E-03
 1.176E-05  1.48639241572399E-03
 1.192E-05  1.52274977768572E-03
 1.209E-05  1.55999602118854E-03
 1.225E-05  1.59815286169178E-03
 1.242E-05  1.63724254453736E-03
 1.259E-05  1.67728785785561E-03
 1.276E-05  1.71831214578436E-03
 1.293E-05  1.76033932200855E-03
 1.311E-05  1.80339388362917E-03
 1.329E-05  1.84750092536871E-03
 1.347E-05  1.89268615412118E-03
 1.365E-05  1.93897590385534E-03
 1.384E-05  1.98639715087977E-03
 1.403E-05  2.03497752947813E-03
 1.422E-05  2.08474534792376E-03
 1.442E-05  2.13572960488294E-03
 1.461E-05  2.18796000621576E-03
 1.481E-05  2.24146698218465E-03
 1.501E-05  2.29628170507997E-03
 1.522E-05  2.35243610727314E-03
 1.543E-05  2.40996289970738E-03
 1.564E-05  2.46889559083646E-03
 1.585E-05  2.52926850602266E-03
 1.607E-05  2.59111680740471E-03
 1.629E-05  2.65447651424716E-03
 1.651E-05  2.71938452378236E-03
 1.673E-05  2.78587863255773E-03
 1.696E-05  2.85399755830002E-03
 1.719E-05  2.92378096230854E-03
 1.743E-05  2.99526947239083E-03
 1.767E-05  3.06850470635379E-03
 1.791E-05  3.14352929606297E-03
 1.815E-05  3.22038691208393E-03
 1.840E-05  3.29912228892061E-03
 1.865E-05  3.37978125086342E-03
 1.891E-05  3.46241073846300E-03
 1.916E-05  3.54705883564385E-03
 1.943E-05  3.63377479747416E-03
 1.969E-05  3.72260907860646E-03
 1.996E-05  3.81361336240573E-03
 2.023E-05  3.90684059078137E-03
 2.051E-05  4.00234499474061E-03
 2.079E-05  4.10018212567973E-03
 2.107E-05  4.20040888743039E-03
 2.136E-05  4.30308356908079E-03
 2.165E-05  4.40826587858871E-03
 2.195E-05  4.51601697720652E-03
 2.225E-05  4.62639951473628E-03
 2.255E-05  4.73947766563620E-03
 2.286E-05  4.85531716599799E-03
 2.317E-05  4.97398535141582E-03
 2.349E-05  5.09555119576946E-03
 2.381E-05  5.22008535094090E-03
 2.413E-05  5.34766018749004E-03
 2.446E-05  5.47834983630999E-03
 2.480E-05  5.61223023128541E-03
 2.514E-05  5.74937915297944E-03
 2.548E-05  5.88987627337290E-03
 2.583E-05  6.03380320167953E-03
 2.618E-05  6.18124353126491E-03
 2.654E-05  6.33228288769555E-03
 2.690E-05  6.48700897794261E-03
 2.727E-05  6.64551164076964E-03
 2.764E-05  6.80788289833300E-03
 2.802E-05  6.97421700902203E-03
 2.840E-05  7.14461052156938E-03
 2.879E-05  7.31916233046325E-03
 2.918E-05  7.49797373268845E-03
 2.958E-05  7.68114848583229E-03
 2.998E-05  7.86879286758578E-03
 3.039E-05  8.06101573667142E-03
 3.080E-05  8.25792859523566E-03
 3.123E-05  8.45964565273629E-03
 3.165E-05  8.66628389136440E-03
 3.208E-05  8.87796313303265E-03
 3.252E-05  9.09480610797139E-03
 3.297E-05  9.31693852496850E-03
 3.342E-05  9.54448914329011E-03
 3.387E-05  9.77758984632757E-03
 3.433E-05  1.00163757170049E-02
 3.480E-05  1.02609851149908E-02
 3.528E-05  1.05115597557611E-02
 3.576E-05  1.07682447915504E-02
 3.625E-05  1.10311888942403E-02
 3.674E-05  1.13005443402286E-02
 3.724E-05  1.15764670973259E-02
 3.775E-05  1.18591169137320E-02
 3.827E-05  1.21486574091311E-02
 3.879E-05  1.24452561679662E-02
 3.932E-05  1.27490848349394E-02
 3.986E-05  1.30603192127871E-02
 4.040E-05  1.33791393623901E-02
 4.095E-05  1.37057297052684E-02
 4.151E-05  1.40402791285192E-02
 4.208E-05  1.43829810922542E-02
 4.265E-05  1.47340337395958E-02
 4.324E-05  1.50936400092889E-02
 4.383E-05  1.54620077509948E-02
 4.442E-05  1.58393498433278E-02
 4.503E-05  1.62258843146928E-02
 4.565E-05  1.66218344669984E-02
 4.627E-05  1.70274290023096E-02
 4.690E-05  1.74429021525043E-02
 4.754E-05  1.78684938120069E-02
 4.819E-05  1.83044496736738E-02
 4.885E-05  1.87510213678973E-02
 4.951E-05  1.92084666050099E-02
 5.019E-05  1.96770493210565E-02
 5.088E-05  2.01570398270233E-02
 5.157E-05  2.06487149616003E-02
 5.227E-05  2.11523582475462E-02
 5.299E-05  2.16682600517643E-02
 5.371E-05  2.21967177491543E-02
 5.445E-05  2.27380358903327E-02
 5.519E-05  2.32925263733146E-02
 5.594E-05  2.38605086192506E-02
 5.671E-05  2.44423097523025E-02
 5.748E-05  2.50382647837574E-02
 5.826E-05  2.56487168004871E-02
 5.906E-05  2.62740171578364E-02
 5.987E-05  2.69145256770559E-02
 6.068E-05  2.75706108473749E-02
 6.151E-05  2.82426500328236E-02
 6.235E-05  2.89310296839199E-02
 6.320E-05  2.96361455543128E-02
 6.407E-05  3.03584029225233E-02
 6.494E-05  3.10982168188753E-02
 6.583E-05  3.18560122577467E-02
 6.673E-05  3.26322244752628E-02
 6.764E-05  3.34272991725448E-02
 6.856E-05  3.42416927646553E-02
 6.950E-05  3.50758726353577E-02
 7.045E-05  3.59303173978291E-02
 7.141E-05  3.68055171614540E-02
 7.238E-05  3.77019738048441E-02
 7.337E-05  3.86202012552220E-02
 7.437E-05  3.95607257743084E-02
 7.539E-05  4.05240862508705E-02
 7.642E-05  4.15108345000647E-02
 7.746E-05  4.25215355697438E-02
 7.852E-05  4.35567680538745E-02
 7.959E-05  4.46171244132229E-02
 8.068E-05  4.57032113034853E-02
 8.178E-05  4.68156499110109E-02
 8.289E-05  4.79550762963019E-02
 8.403E-05  4.91221417454585E-02
 8.517E-05  5.03175131297438E-02
 8.634E-05  5.15418732734468E-02
 8.751E-05  5.27959213302442E-02
 8.871E-05  5.40803731682252E-02
 8.992E-05  5.53959617637889E-02
 9.115E-05  5.67434376046072E-02
 9.239E-05  5.81235691018422E-02
 9.365E-05  5.95371430118372E-02
 9.493E-05  6.09849648674871E-02
 9.623E-05  6.24678594194856E-02
 9.754E-05  6.39866710876845E-02
 9.887E-05  6.55422644227803E-02
 1.002E-04  6.71355245785340E-02
 1.016E-04  6.87673577948018E-02
 1.030E-04  7.04386918915600E-02
 1.044E-04  7.21504767741902E-02
 1.058E-04  7.39036849502550E-02
 1.073E-04  7.56993120580417E-02
 1.087E-04  7.75383774070899E-02
 1.102E-04  7.94219245309769E-02
 1.117E-04  8.13510217526432E-02
 1.132E-04  8.33267627624908E-02
 1.148E-04  8.53502672095579E-02
 1.163E-04  8.74226813060394E-02
 1.179E-04  8.95451784454277E-02
 1.195E-04  9.17189598345789E-02
 1.212E-04  9.39452551399931E-02
 1.228E-04  9.62253231486015E-02
 1.245E-04  9.85604524433938E-02
 1.262E-04  1.00951962094148E-01
 1.279E-04  1.03401202363638E-01
 1.297E-04  1.05909555429617E-01
 1.314E-04  1.08478436122866E-01
 1.332E-04  1.11109292681736E-01
 1.351E-04  1.13803607523433E-01
 1.369E-04  1.16562898032446E-01
 1.388E-04  1.19388717366460E-01
 1.407E-04  1.22282655280093E-01
 1.426E-04  1.25246338966877E-01
 1.445E-04  1.28281433919782E-01
 1.465E-04  1.31389644810723E-01
 1.485E-04  1.34572716389411E-01
 1.505E-04  1.37832434401936E-01
 1.526E-04  1.41170626529498E-01
 1.547E-04  1.44589163347670E-01
 1.568E-04  1.48089959306618E-01
 1.589E-04  1.51674973732705E-01
 1.611E-04  1.55346211851891E-01
 1.633E-04  1.59105725835344E-01
 1.655E-04  1.62955615867760E-01
 1.678E-04  1.66898031238772E-01
 1.701E-04  1.70935171457946E-01
 1.724E-04  1.75069287393798E-01
 1.748E-04  1.79302682437322E-01
 1.771E-04  1.83637713690488E-01
 1.796E-04  1.88076793180185E-01
 1.820E-04  1.92622389098115E-01
 1.845E-04  1.97277027067135E-01
 1.870E-04  2.02043291434522E-01
 1.896E-04  2.06923826592710E-01
 1.922E-04  2.11921338327980E-01
 1.948E-04  2.17038595197635E-01
 1.974E-04  2.22278429936216E-01
 2.001E-04  2.27643740891254E-01
 2.029E-04  2.33137493489172E-01
 2.056E-04  2.38762721731795E-01
 2.084E-04  2.44522529724051E-01
 2.113E-04  2.50420093233542E-01
 2.142E-04  2.56458661282381E-01
 2.171E-04  2.62641557771981E-01
 2.201E-04  2.68972183141374E-01
 2.231E-04  2.75454016059596E-01
 2.261E-04  2.82090615152805E-01
 2.292E-04  2.88885620766701E-01
 2.323E-04  2.95842756764810E-01
 2.355E-04  3.02965832363358E-01
 2.387E-04  3.10258744003239E-01
 2.420E-04  3.17725477259772E-01
 2.453E-04  3.25370108790882E-01
 2.486E-04  3.33196808324299E-01
 2.520E-04  3.41209840684409E-01
 2.555E-04  3.49413567859472E-01
 2.589E-04  3.57812451109819E-01
 2.625E-04  3.66411053117610E-01
 2.661E-04  3.75214040178927E-01
 2.697E-04  3.84226184438828E-01
 2.734E-04  3.93452366169913E-01
 2.771E-04  4.02897576095275E-01
 2.809E-04  4.12566917756308E-01
 2.847E-04  4.22465609926156E-01
 2.886E-04  4.32598989069418E-01
 2.926E-04  4.42972511848812E-01
 2.965E-04  4.53591757679467E-01
 3.006E-04  4.64462431331450E-01
 3.047E-04  4.75590365581381E-01
 3.089E-04  4.86981523913471E-01
 3.131E-04  4.98642003271055E-01
 3.174E-04  5.10578036858981E-01
 3.217E-04  5.22795996997599E-01
 3.261E-04  5.35302398029082E-01
 3.305E-04  5.48103899276631E-01
 3.350E-04  5.61207308057274E-01
 3.396E-04  5.74619582748817E-01
 3.442E-04  5.88347835911744E-01
 3.489E-04  6.02399337466433E-01
 3.537E-04  6.16781517926543E-01
 3.585E-04  6.31501971689038E-01
 3.634E-04  6.46568460381518E-01
 3.684E-04  6.61988916267304E-01
 3.734E-04  6.77771445708990E-01
 3.785E-04  6.93924332691014E-01
 3.837E-04  7.10456042401556E-01
 3.889E-04  7.27375224874538E-01
 3.942E-04  7.44690718692130E-01
 3.996E-04  7.62411554748163E-01
 4.051E-04  7.80546960073035E-01
 4.106E-04  7.99106361720392E-01
 4.162E-04  8.18099390716114E-01
 4.219E-04  8.37535886069909E-01
 4.277E-04  8.57425898849852E-01
 4.335E-04  8.77779696320279E-01
 4.394E-04  8.98607766143164E-01
 4.454E-04  9.19920820643357E-01
 4.515E-04  9.41729801137846E-01
 4.577E-04  9.64045882329234E-01
 4.639E-04  9.86880476763455E-01
 4.702E-04  1.01024523935201E+00
 4.767E-04  1.03415207195850E+00
 4.832E-04  1.05861312804978E+00
 4.898E-04  1.08364081741131E+00
 4.965E-04  1.10924781092683E+00
 5.032E-04  1.13544704542216E+00
 5.101E-04  1.16225172857260E+00
 5.171E-04  1.18967534387426E+00
 5.241E-04  1.21773165567812E+00
 5.313E-04  1.24643471428721E+00
 5.385E-04  1.27579886111577E+00
 5.459E-04  1.30583873390995E+00
 5.533E-04  1.33656927202982E+00
 5.609E-04  1.36800572179125E+00
 5.686E-04  1.40016364186730E+00
 5.763E-04  1.43305890874799E+00
 5.842E-04  1.46670772225745E+00
 5.922E-04  1.50112661112738E+00
 6.002E-04  1.53633243862537E+00
 6.084E-04  1.57234240823705E+00
 6.167E-04  1.60917406940034E+00
 6.252E-04  1.64684532329023E+00
 6.337E-04  1.68537442865252E+00
 6.423E-04  1.72478000768462E+00
 6.511E-04  1.76508105196140E+00
 6.600E-04  1.80629692840373E+00
 6.690E-04  1.84844738528802E+00
 6.782E-04  1.89155255829376E+00
 6.874E-04  1.93563297658671E+00
 6.968E-04  1.98070956893507E+00
 7.063E-04  2.02680366985544E+00
 7.160E-04  2.07393702578587E+00
 7.257E-04  2.12213180128208E+00
 7.356E-04  2.17141058523422E+00
 7.457E-04  2.22179639709960E+00
 7.559E-04  2.27331269314801E+00
 7.662E-04  2.32598337271571E+00
 7.766E-04  2.37983278446287E+00
 7.872E-04  2.43488573263091E+00
 7.980E-04  2.49116748329448E+00
 8.089E-04  2.54870377060274E+00
 8.199E-04  2.60752080300528E+00
 8.311E-04  2.66764526945650E+00
 8.425E-04  2.72910434559273E+00
 8.540E-04  2.79192569987658E+00
 8.656E-04  2.85613749970116E+00
 8.774E-04  2.92176841744760E+00
 8.894E-04  2.98884763648966E+00
 9.016E-04  3.05740485713722E+00
 9.139E-04  3.12747030251104E+00
 9.264E-04  3.19907472434109E+00
 9.390E-04  3.27224940867964E+00
 9.518E-04  3.34702618152082E+00
 9.648E-04  3.42343741431721E+00
 9.780E-04  3.50151602938372E+00
 9.913E-04  3.58129550517932E+00
 1.005E-03  3.66280988145610E+00
 1.019E-03  3.74609376426447E+00
 1.032E-03  3.83118233080439E+00
 1.047E-03  3.91811133410965E+00
 1.061E-03  4.00691710755413E+00
 1.075E-03  4.09763656916702E+00
 1.090E-03  4.19030722574412E+00
 1.105E-03  4.28496717674185E+00
 1.120E-03  4.38165511793933E+00
 1.135E-03  4.48041034485480E+00
 1.151E-03  4.58127275590071E+00
 1.167E-03  4.68428285526237E+00
 1.182E-03  4.78948175548311E+00
 1.199E-03  4.89691117974048E+00
 1.215E-03  5.00661346379543E+00
 1.232E-03  5.11863155759613E+00
 1.248E-03  5.23300902651909E+00
 1.265E-03  5.34979005222744E+00
 1.283E-03  5.46901943312757E+00
 1.300E-03  5.59074258440272E+00
 1.318E-03  5.71500553760333E+00
 1.336E-03  5.84185493977247E+00
 1.354E-03  5.97133805208302E+00
 1.373E-03  6.10350274796526E+00
 1.391E-03  6.23839751069931E+00
 1.410E-03  6.37607143045000E+00
 1.430E-03  6.51657420071759E+00
 1.449E-03  6.65995611417770E+00
 1.469E-03  6.80626805788815E+00
 1.489E-03  6.95556150783025E+00
 1.509E-03  7.10788852275858E+00
 1.530E-03  7.26330173733282E+00
 1.551E-03  7.42185435449863E+00
 1.572E-03  7.58360013708907E+00
 1.593E-03  7.74859339861613E+00
 1.615E-03  7.91688899321906E+00
 1.637E-03  8.08854230473879E+00
 1.660E-03  8.26360923488436E+00
 1.682E-03  8.44214619045693E+00
 1.705E-03  8.62421006959793E+00
 1.729E-03  8.80985824702493E+00
 1.752E-03  8.99914855821982E+00
 1.776E-03  9.19213928253179E+00
 1.800E-03  9.38888912515800E+00
 1.825E-03  9.58945719796394E+00
 1.850E-03  9.79390299910348E+00
 1.875E-03  1.00022863914005E+01
 1.901E-03  1.02146675794508E+01
 1.927E-03  1.04311070854036E+01
 1.953E-03  1.06516657233823E+01
 1.980E-03  1.08764045725000E+01
 2.007E-03  1.11053849484306E+01
 2.034E-03  1.13386683734900E+01
 2.062E-03  1.15763165451849E+01
 2.090E-03  1.18183913031838E+01
 2.118E-03  1.20649545946695E+01
 2.147E-03  1.23160684380244E+01
 2.177E-03  1.25717948848060E+01
 2.206E-03  1.28321959799669E+01
 2.236E-03  1.30973337202746E+01
 2.267E-03  1.33672700108847E+01
 2.298E-03  1.36420666200227E+01
 2.329E-03  1.39217851317289E+01
 2.361E-03  1.42064868966225E+01
 2.393E-03  1.44962329806362E+01
 2.426E-03  1.47910841116819E+01
 2.459E-03  1.50911006241982E+01
 2.493E-03  1.53963424015392E+01
 2.527E-03  1.57068688161596E+01
 2.561E-03  1.60227386675543E+01
 2.596E-03  1.63440101179114E+01
 2.632E-03  1.66707406254360E+01
 2.668E-03  1.70029868753072E+01
 2.704E-03  1.73408047082304E+01
 2.741E-03  1.76842490465439E+01
 2.778E-03  1.80333738178493E+01
 2.816E-03  1.83882318761298E+01
 2.855E-03  1.87488749203239E+01
 2.894E-03  1.91153534103251E+01
 2.933E-03  1.94877164803820E+01
 2.973E-03  1.98660118498707E+01
 3.014E-03  2.02502857314183E+01
 3.055E-03  2.06405827363599E+01
 3.097E-03  2.10369457775081E+01
 3.139E-03  2.14394159692271E+01
 3.182E-03  2.18480325247971E+01
 3.225E-03  2.22628326510654E+01
 3.269E-03  2.26838514403846E+01
 3.314E-03  2.31111217598340E+01
 3.359E-03  2.35446741377383E+01
 3.405E-03  2.39845366474936E+01
 3.452E-03  2.44307347887133E+01
 3.499E-03  2.48832913657247E+01
 3.546E-03  2.53422263634380E+01
 3.595E-03  2.58075568206262E+01
 3.644E-03  2.62792967006565E+01
 3.694E-03  2.67574567597192E+01
 3.744E-03  2.72420444126133E+01
 3.795E-03  2.77330635961467E+01
 3.847E-03  2.82305146302251E+01
 3.900E-03  2.87343940767082E+01
 3.953E-03  2.92446945961195E+01
 4.007E-03  2.97614048023053E+01
 4.061E-03  3.02845091151530E+01
 4.117E-03  3.08139876114820E+01
 4.173E-03  3.13498158742311E+01
 4.230E-03  3.18919648400847E+01
 4.288E-03  3.24404006456810E+01
 4.346E-03  3.29950844725641E+01
 4.406E-03  3.35559723910496E+01
 4.466E-03  3.41230152031917E+01
 4.527E-03  3.46961582850403E+01
 4.589E-03  3.52753414284069E+01
 4.651E-03  3.58604986823561E+01
 4.715E-03  3.64515581946618E+01
 4.779E-03  3.70484420534818E+01
 4.844E-03  3.76510661295148E+01
 4.911E-03  3.82593399189218E+01
 4.978E-03  3.88731663873089E+01
 5.046E-03  3.94924418150891E+01
 5.114E-03  4.01170556445458E+01
 5.184E-03  4.07468903289460E+01
 5.255E-03  4.13818211840738E+01
 5.327E-03  4.20217162425509E+01
 5.400E-03  4.26664361113534E+01
 5.473E-03  4.33158338329354E+01
 5.548E-03  4.39697547503925E+01
 5.624E-03  4.46280363771181E+01
 5.700E-03  4.52905082714212E+01
 5.778E-03  4.59569919165944E+01
 5.857E-03  4.66273006069370E+01
 5.937E-03  4.73012393402588E+01
 6.018E-03  4.79786047174082E+01
 6.100E-03  4.86591848493834E+01
 6.184E-03  4.93427592726065E+01
 6.268E-03  5.00290988729607E+01
 6.354E-03  5.07179658191988E+01
 6.440E-03  5.14091135063586E+01
 6.528E-03  5.21022865098333E+01
 6.617E-03  5.27972205507578E+01
 6.708E-03  5.34936424733950E+01
 6.799E-03  5.41912702352118E+01
 6.892E-03  5.48898129103579E+01
 6.986E-03  5.55889707072651E+01
 7.082E-03  5.62884350011018E+01
 7.178E-03  5.69878883818289E+01
 7.276E-03  5.76870047186098E+01
 7.376E-03  5.83854492413367E+01
 7.476E-03  5.90828786400419E+01
 7.578E-03  5.97789411829727E+01
 7.682E-03  6.04732768541050E+01
 7.787E-03  6.11655175108740E+01
 7.893E-03  6.18552870629041E+01
 8.001E-03  6.25422016725158E+01
 8.110E-03  6.32258699777782E+01
 8.221E-03  6.39058933388717E+01
 8.333E-03  6.45818661085200E+01
 8.447E-03  6.52533759272270E+01
 8.562E-03  6.59200040440478E+01
 8.679E-03  6.65813256635989E+01
 8.798E-03  6.72369103199947E+01
 8.918E-03  6.78863222783636E+01
 9.039E-03  6.85291209645790E+01
 9.163E-03  6.91648614237955E+01
 9.288E-03  6.97930948083527E+01
 9.415E-03  7.04133688955625E+01
 9.543E-03  7.10252286358510E+01
 9.674E-03  7.16282167316745E+01
 9.806E-03  7.22218742475791E+01
 9.940E-03  7.28057412517072E+01
 1.008E-02  7.33793574889933E+01
 1.021E-02  7.39422630862228E+01
 1.035E-02  7.44939992890466E+01
 1.049E-02  7.50341092309699E+01
 1.064E-02  7.55621387342478E+01
 1.078E-02  7.60776371425211E+01
 1.093E-02  7.65801581849390E+01
 1.108E-02  7.70692608714049E+01
 1.123E-02  7.75445104184762E+01
 1.138E-02  7.80054792053344E+01
 1.154E-02  7.84517477591205E+01
 1.170E-02  7.88829057688043E+01
 1.186E-02  7.92985531266282E+01
 1.202E-02  7.96983009960213E+01
 1.218E-02  8.00817729047465E+01
 1.235E-02  8.04486058618838E+01
 1.252E-02  8.07984514971064E+01
 1.269E-02  8.11309772205459E+01
 1.286E-02  8.14458674013779E+01
 1.304E-02  8.17428245630889E+01
 1.321E-02  8.20215705932163E+01
 1.339E-02  8.22818479651735E+01
 1.358E-02  8.25234209695923E+01
 1.376E-02  8.27460769524321E+01
 1.395E-02  8.29496275569162E+01
 1.414E-02  8.31339099661702E+01
 1.433E-02  8.32987881432448E+01
 1.453E-02  8.34441540650167E+01
 1.473E-02  8.35699289462661E+01
 1.493E-02  8.36760644500444E+01
 1.513E-02  8.37625438802492E+01
 1.534E-02  8.38293833521448E+01
 1.555E-02  8.38766329363721E+01
 1.576E-02  8.39043777718219E+01
 1.598E-02  8.39127391425655E+01
 1.619E-02  8.39018755138651E+01
 1.642E-02  8.38719835221321E+01
 1.664E-02  8.38232989135420E+01
 1.687E-02  8.37560974258786E+01
 1.710E-02  8.36706956080362E+01
 1.733E-02  8.35674515715046E+01
 1.757E-02  8.34467656680427E+01
 1.781E-02  8.33090810876631E+01
 1.805E-02  8.31548843709721E+01
 1.830E-02  8.29847058298589E+01
 1.855E-02  8.27991198704851E+01
 1.880E-02  8.25987452125153E+01
 1.906E-02  8.23842449985385E+01
 1.932E-02  8.21563267876566E+01
 1.958E-02  8.19157424272811E+01
 1.985E-02  8.16632877972600E+01
 2.012E-02  8.13998024205736E+01
 2.039E-02  8.11261689349830E+01
 2.067E-02  8.08433124201907E+01
 2.095E-02  8.05521995752837E+01
 2.124E-02  8.02538377414752E+01
 2.153E-02  7.99492737654384E+01
 2.182E-02  7.96395926988499E+01
 2.212E-02  7.93259163301092E+01
 2.242E-02  7.90094015445990E+01
 2.273E-02  7.86912385102880E+01
 2.304E-02  7.83726486859496E+01
 2.335E-02  7.80548826497887E+01
 2.367E-02  7.77392177468279E+01
 2.400E-02  7.74269555540005E+01
 2.432E-02  7.71194191625446E+01
 2.466E-02  7.68179502779700E+01
 2.499E-02  7.65239061385989E+01
 2.533E-02  7.62386562544403E+01
 2.568E-02  7.59635789689636E+01
 2.603E-02  7.57000578471789E+01
 2.639E-02  7.54494778943079E+01
 2.675E-02  7.52132216102398E+01
 2.711E-02  7.49926648859147E+01
 2.748E-02  7.47891727487490E+01
 2.786E-02  7.46040949652200E+01
 2.824E-02  7.44387615097513E+01
 2.862E-02  7.42944779100901E+01
 2.901E-02  7.41725204804275E+01
 2.941E-02  7.40741314545918E+01
 2.981E-02  7.40005140327266E+01
 3.022E-02  7.39528273559563E+01
 3.063E-02  7.39321814246247E+01
 3.105E-02  7.39396319767722E+01
 3.147E-02  7.39761753445853E+01
 3.190E-02  7.40427433075933E+01
 3.234E-02  7.41401979624135E+01
 3.278E-02  7.42693266298314E+01
 3.323E-02  7.44308368209504E+01
 3.368E-02  7.46253512850511E+01
 3.414E-02  7.48534031626434E+01
 3.461E-02  7.51154312679835E+01
 3.508E-02  7.54117755260423E+01
 3.556E-02  7.57426725895471E+01
 3.604E-02  7.61082516622727E+01
 3.654E-02  7.65085305552124E+01
 3.703E-02  7.69434120026117E+01
 3.754E-02  7.74126802650939E+01
 3.805E-02  7.79159980472242E+01
 3.857E-02  7.84529037568609E+01
 3.910E-02  7.90228091334952E+01
 3.963E-02  7.96249972725058E+01
 4.017E-02  8.02586210718161E+01
 4.072E-02  8.09227021268533E+01
 4.128E-02  8.16161300989550E+01
 4.184E-02  8.23376625814447E+01
 4.241E-02  8.30859254864965E+01
 4.299E-02  8.38594139746317E+01
 4.358E-02  8.46564939472268E+01
 4.417E-02  8.54754041207575E+01
 4.478E-02  8.63142586996672E+01
 4.539E-02  8.71710506627123E+01
 4.601E-02  8.80436556754138E+01
 4.664E-02  8.89298366388311E+01
 4.727E-02  8.98272488822665E+01
 4.792E-02  9.07334460047212E+01
 4.857E-02  9.16458863669505E+01
 4.924E-02  9.25619402328170E+01
 4.991E-02  9.34788975553254E+01
 5.059E-02  9.43939763992439E+01
 5.128E-02  9.53043319885887E+01
 5.198E-02  9.62070663634870E+01
 5.269E-02  9.70992386270367E+01
 5.341E-02  9.79778757587860E+01
 5.414E-02  9.88399839673552E+01
 5.488E-02  9.96825605505584E+01
 5.563E-02  1.00502606227154E+02
 5.639E-02  1.01297137900091E+02
 5.716E-02  1.02063201806849E+02
 5.794E-02  1.02797887008218E+02
 5.873E-02  1.03498339162628E+02
 5.953E-02  1.04161774529014E+02
 6.034E-02  1.04785494137128E+02
 6.116E-02  1.05366898060300E+02
 6.200E-02  1.05903499721866E+02
 6.285E-02  1.06392940162933E+02
 6.370E-02  1.06833002195784E+02
 6.457E-02  1.07221624364146E+02
 6.546E-02  1.07556914628773E+02
 6.635E-02  1.07837163694305E+02
 6.725E-02  1.08060857891337E+02
 6.817E-02  1.08226691525891E+02
 6.910E-02  1.08333578607302E+02
 7.005E-02  1.08380663864746E+02
 7.100E-02  1.08367332962400E+02
 7.197E-02  1.08293221823546E+02
 7.296E-02  1.08158224974794E+02
 7.395E-02  1.07962502823129E+02
 7.496E-02  1.07706487780592E+02
 7.598E-02  1.07390889154249E+02
 7.702E-02  1.07016696722565E+02
 7.807E-02  1.06585182923523E+02
 7.914E-02  1.06097903584757E+02
 8.022E-02  1.05556697131623E+02
 8.132E-02  1.04963682215547E+02
 8.243E-02  1.04321253712135E+02
 8.355E-02  1.03632077046413E+02
 8.469E-02  1.02899080811185E+02
 8.585E-02  1.02125447653813E+02
 8.702E-02  1.01314603416716E+02
 8.821E-02  1.00470204527566E+02
 8.941E-02  9.95961236463719E+01
 9.063E-02  9.86964335885150E+01
 9.187E-02  9.77753895550847E+01
 9.312E-02  9.68374097146351E+01
 9.440E-02  9.58870541936058E+01
 9.568E-02  9.49290025460471E+01
 9.699E-02  9.39680297868776E+01
 9.831E-02  9.30089810865840E+01
 9.966E-02  9.20567452389297E+01
 1.010E-01  9.11162270267726E+01
 1.024E-01  9.01923186243700E+01
 1.038E-01  8.92898701874555E+01
 1.052E-01  8.84136597947738E+01
 1.066E-01  8.75683629165195E+01
 1.081E-01  8.67585215961174E+01
 1.096E-01  8.59885135418636E+01
 1.111E-01  8.52625213339819E+01
 1.126E-01  8.45845019605084E+01
 1.141E-01  8.39581569019703E+01
 1.157E-01  8.33869029899385E+01
 1.173E-01  8.28738442681035E+01
 1.189E-01  8.24217450864212E+01
 1.205E-01  8.20330046590201E+01
 1.221E-01  8.17096333148401E+01
 1.238E-01  8.14532306663313E+01
 1.255E-01  8.12649659158921E+01
 1.272E-01  8.11455605120410E+01
 1.289E-01  8.10952733575480E+01
 1.307E-01  8.11138887598915E+01
 1.325E-01  8.12007073004578E+01
 1.343E-01  8.13545397828836E+01
 1.361E-01  8.15737044029085E+01
 1.380E-01  8.18560272621100E+01
 1.399E-01  8.21988463260404E+01
 1.418E-01  8.25990189036744E+01
 1.437E-01  8.30529326998508E+01
 1.457E-01  8.35565204657120E+01
 1.477E-01  8.41052782441909E+01
 1.497E-01  8.46942871785758E+01
 1.517E-01  8.53182388223285E+01
 1.538E-01  8.59714638578895E+01
 1.559E-01  8.66479641014412E+01
 1.580E-01  8.73414476397991E+01
 1.602E-01  8.80453669150692E+01
 1.624E-01  8.87529595427365E+01
 1.646E-01  8.94572916197660E+01
 1.668E-01  9.01513032514110E+01
 1.691E-01  9.08278559990525E+01
 1.714E-01  9.14797819268480E+01
 1.738E-01  9.20999339025510E+01
 1.761E-01  9.26812367878588E+01
 1.785E-01  9.32167391363309E+01
 1.810E-01  9.36996650025383E+01
 1.834E-01  9.41234654548822E+01
 1.860E-01  9.44818693766582E+01
 1.885E-01  9.47689331356026E+01
 1.911E-01  9.49790887014717E+01
 1.937E-01  9.51071897942865E+01
 1.963E-01  9.51485556527594E+01
 1.990E-01  9.50990120231670E+01
 2.017E-01  9.49549289834990E+01
 2.045E-01  9.47132552360690E+01
 2.073E-01  9.43715485238271E+01
 2.101E-01  9.39280018512393E+01
 2.130E-01  9.33814652196405E+01
 2.159E-01  9.27314626192432E+01
 2.188E-01  9.19782040552493E+01
 2.218E-01  9.11225924235415E+01
 2.248E-01  9.01662250919230E+01
 2.279E-01  8.91113900855317E+01
 2.310E-01  8.79610568195498E+01
 2.342E-01  8.67188613683049E+01
 2.374E-01  8.53890863069467E+01
 2.406E-01  8.39766352096998E+01
 2.439E-01  8.24870019368206E+01
 2.472E-01  8.09262348904238E+01
 2.506E-01  7.93008964668459E+01
 2.540E-01  7.76180179797472E+01
 2.575E-01  7.58850503732700E+01
 2.610E-01  7.41098110878096E+01
 2.646E-01  7.23004274818633E+01
 2.682E-01  7.04652772515397E+01
 2.718E-01  6.86129263241796E+01
 2.755E-01  6.67520647337131E+01
 2.793E-01  6.48914410124224E+01
 2.831E-01  6.30397956562696E+01
 2.870E-01  6.12057942385009E+01
 2.909E-01  5.93979607584814E+01
 2.949E-01  5.76246118193321E+01
 2.989E-01  5.58937922286610E+01
 3.030E-01  5.42132126112818E+01
 3.071E-01  5.25901896111627E+01
 3.113E-01  5.10315892418625E+01
 3.156E-01  4.95437739204234E+01
 3.199E-01  4.81325536891998E+01
 3.242E-01  4.68031420936333E+01
 3.287E-01  4.55601171418446E+01
 3.331E-01  4.44073877245277E+01
 3.377E-01  4.33481658215026E+01
 3.423E-01  4.23849447650775E+01
 3.470E-01  4.15194837706086E+01
 3.517E-01  4.07527988823654E+01
 3.565E-01  4.00851604184280E+01
 3.614E-01  3.95160969329523E+01
 3.663E-01  3.90444056483813E+01
 3.713E-01  3.86681692448556E+01
 3.764E-01  3.83847788299153E+01
 3.815E-01  3.81909628492694E+01
 3.867E-01  3.80828216395544E+01
 3.920E-01  3.80558672672221E+01
 3.974E-01  3.81050682445116E+01
 4.028E-01  3.82248986644259E+01
 4.083E-01  3.84093912522399E+01
 4.139E-01  3.86521937918296E+01
 4.195E-01  3.89466283515127E+01
 4.252E-01  3.92857527066138E+01
 4.311E-01  3.96624233350466E+01
 4.369E-01  4.00693593482479E+01
 4.429E-01  4.04992067131340E+01
 4.489E-01  4.09446021216184E+01
 4.551E-01  4.13982358727795E+01
 4.613E-01  4.18529131489988E+01
 4.676E-01  4.23016130912040E+01
 4.740E-01  4.27375451094712E+01
 4.804E-01  4.31542019032846E+01
 4.870E-01  4.35454087101753E+01
 4.936E-01  4.39053683516116E+01
 5.004E-01  4.42287017001222E+01
 5.072E-01  4.45104832508297E+01
 5.141E-01  4.47462715429342E+01
 5.212E-01  4.49321342412124E+01
 5.283E-01  4.50646677532853E+01
 5.355E-01  4.51410113242365E+01
 5.428E-01  4.51588556151282E+01
 5.502E-01  4.51164458351171E+01
 5.577E-01  4.50125795573057E+01
 5.653E-01  4.48465994053679E+01
 5.731E-01  4.46183808506225E+01
 5.809E-01  4.43283154069726E+01
 5.888E-01  4.39772895534701E+01
 5.969E-01  4.35666597508036E+01
 6.050E-01  4.30982239484665E+01
 6.133E-01  4.25741900035748E+01
 6.216E-01  4.19971414502375E+01
 6.301E-01  4.13700010700705E+01
 6.387E-01  4.06959927200750E+01
 6.474E-01  3.99786018738904E+01
 6.563E-01  3.92215353267292E+01
 6.652E-01  3.84286805034689E+01
 6.743E-01  3.76040647938753E+01
 6.835E-01  3.67518153192240E+01
 6.929E-01  3.58761195111895E+01
 7.023E-01  3.49811868572962E+01
 7.119E-01  3.40712121380068E+01
 7.216E-01  3.31503404491787E+01
 7.315E-01  3.22226342706551E+01
 7.415E-01  3.12920428076731E+01
 7.516E-01  3.03623737970236E+01
 7.618E-01  2.94372679349271E+01
 7.723E-01  2.85201760488058E+01
 7.828E-01  2.76143391008998E+01
 7.935E-01  2.67227710783418E+01
 8.043E-01  2.58482447921656E+01
 8.153E-01  2.49932805770593E+01
 8.264E-01  2.41601378547152E+01
 8.377E-01  2.33508094965864E+01
 8.491E-01  2.25670188969108E+01
 8.607E-01  2.18102196441545E+01
 8.725E-01  2.10815976586736E+01
 8.844E-01  2.03820756464954E+01
 8.965E-01  1.97123197037342E+01
 9.087E-01  1.90727478933211E+01
 9.211E-01  1.84635406054582E+01
 9.337E-01  1.78846525054771E+01
 9.464E-01  1.73358258675592E+01
 9.594E-01  1.68166050899764E+01
 9.725E-01  1.63263521870536E+01
 9.857E-01  1.58642630548047E+01
 9.992E-01  1.54293843110216E+01
 1.013E+00  1.50206305163232E+01
 1.027E+00  1.46368015901341E+01
 1.041E+00  1.42766002445499E+01
 1.055E+00  1.39386492693732E+01
 1.069E+00  1.36215085130460E+01
 1.084E+00  1.33236914165680E+01
 1.099E+00  1.30436809705610E+01
 1.114E+00  1.27799449792280E+01
 1.129E+00  1.25309505288657E+01
 1.144E+00  1.22951775726609E+01
 1.160E+00  1.20711315575550E+01
 1.176E+00  1.18573550328709E+01
 1.192E+00  1.16524381940132E+01
 1.208E+00  1.14550283277753E+01
 1.225E+00  1.12638381384972E+01
 1.241E+00  1.10776529464408E+01
 1.258E+00  1.08953367611894E+01
 1.275E+00  1.07158372435862E+01
 1.293E+00  1.05381895796253E+01
 1.310E+00  1.03615192987720E+01
 1.328E+00  1.01850440773577E+01
 1.347E+00  1.00080745749592E+01
 1.365E+00  9.83001435800028E+00
 1.384E+00  9.65035897020004E+00
 1.402E+00  9.46869421394235E+00
 1.422E+00  9.28469371015224E+00
 1.441E+00  9.09811580686866E+00
 1.461E+00  8.90879990841788E+00
 1.481E+00  8.71666229795861E+00
 1.501E+00  8.52169152623089E+00
 1.521E+00  8.32394343864840E+00
 1.542E+00  8.12353591148478E+00
 1.563E+00  7.92064336588217E+00
 1.584E+00  7.71549112582097E+00
 1.606E+00  7.50834968310319E+00
 1.628E+00  7.29952892888939E+00
 1.650E+00  7.08937240746181E+00
 1.673E+00  6.87825164373555E+00
 1.696E+00  6.66656059167356E+00
 1.719E+00  6.45471024624699E+00
 1.742E+00  6.24312345698095E+00
 1.766E+00  6.03222997649725E+00
 1.790E+00  5.82246177286137E+00
 1.815E+00  5.61424863000996E+00
 1.839E+00  5.40801405611992E+00
 1.864E+00  5.20417151551656E+00
 1.890E+00  5.00312099563868E+00
 1.916E+00  4.80524591670739E+00
 1.942E+00  4.61091038810423E+00
 1.968E+00  4.42045681206786E+00
 1.995E+00  4.23420383217799E+00
 2.022E+00  4.05244462121820E+00
 2.050E+00  3.87544550039804E+00
 2.078E+00  3.70344487957045E+00
 2.106E+00  3.53665250600000E+00
 2.135E+00  3.37524900741720E+00
 2.164E+00  3.21938571352604E+00
 2.194E+00  3.06918473881060E+00
 2.224E+00  2.92473930840135E+00
 2.254E+00  2.78611430790468E+00
 2.285E+00  2.65334703745947E+00
 2.316E+00  2.52644814985281E+00
 2.348E+00  2.40540275229236E+00
 2.380E+00  2.29017165138531E+00
 2.412E+00  2.18069272100321E+00
 2.445E+00  2.07688237300668E+00
 2.479E+00  1.97863711125498E+00
 2.513E+00  1.88583514991978E+00
 2.547E+00  1.79833807785099E+00
 2.582E+00  1.71599255159111E+00
 2.617E+00  1.63863200059345E+00
 2.653E+00  1.56607832925244E+00
 2.689E+00  1.49814360149065E+00
 2.725E+00  1.43463169484899E+00
 2.763E+00  1.37533991228094E+00
 2.800E+00  1.32006054114087E+00
 2.839E+00  1.26858235016394E+00
 2.877E+00  1.22069201654500E+00
 2.917E+00  1.17617547651748E+00
 2.956E+00  1.13481919409619E+00
 2.997E+00  1.09641134386356E+00
 3.038E+00  1.06074290483334E+00
 3.079E+00  1.02760866350747E+00
 3.121E+00  9.96808125240327E-01
 3.164E+00  9.68146333931785E-01
 3.207E+00  9.41434600882751E-01
 3.251E+00  9.16491144360373E-01
 3.295E+00  8.93141642036076E-01
 3.340E+00  8.71219698980088E-01
 3.386E+00  8.50567234325922E-01
 3.432E+00  8.31034790063446E-01
 3.479E+00  8.12481765687184E-01
 3.526E+00  7.94776582625483E-01
 3.575E+00  7.77796782514614E-01
 3.623E+00  7.61429063468299E-01
 3.673E+00  7.45569258535570E-01
 3.723E+00  7.30122260545967E-01
 3.774E+00  7.15001897517461E-01
 3.825E+00  7.00130762755298E-01
 3.878E+00  6.85440003703973E-01
 3.930E+00  6.70869073534217E-01
 3.984E+00  6.56365449355268E-01
 4.039E+00  6.41884320842613E-01
 4.094E+00  6.27388252964634E-01
 4.150E+00  6.12846826379661E-01
 4.206E+00  5.98236258958735E-01
 4.264E+00  5.83539011769536E-01
 4.322E+00  5.68743382733894E-01
 4.381E+00  5.53843091045102E-01
 4.441E+00  5.38836855302138E-01
 4.501E+00  5.23727968185785E-01
 4.563E+00  5.08523870366610E-01
 4.625E+00  4.93235726196710E-01
 4.688E+00  4.77878003596253E-01
 4.752E+00  4.62468060402073E-01
 4.817E+00  4.47025739299170E-01
 4.883E+00  4.31572973307000E-01
 4.950E+00  4.16133403641241E-01
 5.017E+00  4.00732011618464E-01
 5.086E+00  3.85394766116285E-01
 5.155E+00  3.70148287945271E-01
 5.225E+00  3.55019532331774E-01
 5.297E+00  3.40035490553127E-01
 5.369E+00  3.25222911608902E-01
 5.442E+00  3.10608044654595E-01
 5.517E+00  2.96216402767631E-01
 5.592E+00  2.82072548460630E-01
 5.668E+00  2.68199901203899E-01
 5.746E+00  2.54620567068675E-01
 5.824E+00  2.41355190455543E-01
 5.904E+00  2.28422827729114E-01
 5.984E+00  2.15840842441341E-01
 6.066E+00  2.03624821692363E-01
 6.149E+00  1.91788513050341E-01
 6.233E+00  1.80343781330998E-01
 6.318E+00  1.69300584424467E-01
 6.404E+00  1.58666967252099E-01
 6.491E+00  1.48449072840032E-01
 6.580E+00  1.38651169410252E-01
 6.670E+00  1.29275692314159E-01
 6.761E+00  1.20323299569080E-01
 6.853E+00  1.11792939705178E-01
 6.947E+00  1.03681930589227E-01
 7.042E+00  9.59860478632837E-02
 7.138E+00  8.86996216203264E-02
 7.235E+00  8.18156399358581E-02
 7.334E+00  7.53258578839560E-02
 7.434E+00  6.92209106882699E-02
 7.536E+00  6.34904296925446E-02
 7.639E+00  5.81231598809157E-02
 7.743E+00  5.31070777347338E-02
 7.849E+00  4.84295082792482E-02
 7.956E+00  4.40772402491001E-02
 8.064E+00  4.00366383851493E-02
 8.174E+00  3.62937519654762E-02
 8.286E+00  3.28344187691553E-02
 8.399E+00  2.96443637712294E-02
 8.514E+00  2.67092919698202E-02
 8.630E+00  2.40149748500773E-02
 8.748E+00  2.15473300932858E-02
 8.867E+00  1.92924942415671E-02
 8.988E+00  1.72368881279197E-02
 9.111E+00  1.53672749766356E-02
 9.235E+00  1.36708111693052E-02
 9.362E+00  1.21350897557113E-02
 9.489E+00  1.07481768660790E-02
 9.619E+00  9.49864125070941E-03
 9.750E+00  8.37557723446559E-03
 9.883E+00  7.36862142654351E-03
 1.002E+01  6.46796357025031E-03
 1.016E+01  5.66435195309431E-03
 1.029E+01  4.94909382448076E-03
 1.043E+01  4.31405128695747E-03
 1.058E+01  3.75163313764214E-03
 1.072E+01  3.25478313968277E-03
 1.087E+01  2.81696519993688E-03
 1.102E+01  2.43214591915979E-03
 1.117E+01  2.09477496558388E-03
 1.132E+01  1.79976370259881E-03
 1.147E+01  1.54246247708044E-03
 1.163E+01  1.31863694753310E-03
 1.179E+01  1.12444380136890E-03
 1.195E+01  9.56406179073078E-04
 1.211E+01  8.11389090392517E-04
 1.228E+01  6.86575074669353E-04
 1.245E+01  5.79440324606206E-04
 1.262E+01  4.87731460606377E-04
 1.279E+01  4.09443111828804E-04
 1.296E+01  3.42796430607796E-04
 1.314E+01  2.86218639216081E-04
 1.332E+01  2.38323682331237E-04
 1.350E+01  1.97894035168043E-04
 1.368E+01  1.63863696170069E-04
 1.387E+01  1.35302374462237E-04
 1.406E+01  1.11400865950923E-04
 1.425E+01  9.14575979739891E-05
 1.445E+01  7.48663106663612E-05
 1.464E+01  6.11048336030282E-05
 1.484E+01  4.97249086710675E-05
 1.505E+01  4.03430043485001E-05
 1.525E+01  3.26320624602079E-05
 1.546E+01  2.63141158628521E-05
 1.567E+01  2.11537142022574E-05
 1.589E+01  1.69520947105334E-05
 1.610E+01  1.35420357939680E-05
 1.632E+01  1.07833327422708E-05
 1.655E+01  8.55883711143585E-06
 1.677E+01  6.77100405463551E-06
 1.700E+01  5.33889496970868E-06
 1.723E+01  4.19558618327646E-06
 1.747E+01  3.28593789976080E-06
 1.771E+01  2.56468122181113E-06
 1.795E+01  1.99478462353281E-06
 1.819E+01  1.54606476881266E-06
 1.844E+01  1.19400996518194E-06
 1.869E+01  9.18787791056443E-07
 1.895E+01  7.04411502551271E-07
 1.921E+01  5.38042696331634E-07
 1.947E+01  4.09413829351510E-07
 1.974E+01  3.10367889765656E-07
 2.000E+01  2.34391971241731E-07
 2.028E+01  1.76335303878412E-07
 2.055E+01  1.32143258664669E-07
 2.084E+01  9.86366385814654E-08
 2.112E+01  7.33325907094867E-08
 2.141E+01  5.42998973653960E-08
 2.170E+01  4.00425392417257E-08
 2.200E+01  2.94064054360294E-08
 2.230E+01  2.15048698558103E-08
 2.260E+01  1.56596760399527E-08
 2.291E+01  1.13541872377064E-08
 2.322E+01  8.19657889218077E-09
 2.354E+01  5.89098865677189E-09
 2.386E+01  4.21500579145969E-09
 2.419E+01  3.00218720383174E-09
 2.452E+01  2.12854041242863E-09
 2.485E+01  1.50212219527506E-09
 2.519E+01  1.05507256599298E-09
 2.554E+01  7.37543029391369E-10
 2.588E+01  5.13091032362401E-10
 2.624E+01  3.55203634181590E-10
 2.660E+01  2.44686504513056E-10
 2.696E+01  1.67712664897210E-10
 2.733E+01  1.14371653778397E-10
 2.770E+01  7.75963018384906E-11
 2.808E+01  5.23729519926754E-11
 2.846E+01  3.51633133746744E-11
 2.885E+01  2.34834851328673E-11
 2.924E+01  1.55990697021015E-11
 2.964E+01  1.03055626168176E-11
 3.005E+01  6.77103714014135E-12
 3.046E+01  4.42408029565157E-12
 3.087E+01  2.87441339870557E-12
 3.130E+01  1.85698473390568E-12
 3.172E+01  1.19282077067961E-12
 3.216E+01  7.61772332638486E-13
 3.259E+01  4.83653499090729E-13
 3.304E+01  3.05266617139408E-13
 3.349E+01  1.91530377119900E-13
 3.395E+01  1.19450469710165E-13
 3.441E+01  7.40473416327536E-14
 3.488E+01  4.56229420298472E-14
 3.536E+01  2.79377542878869E-14
 3.584E+01  1.70026975169838E-14
 3.633E+01  1.02836613700334E-14
 3.683E+01  6.18114176126627E-15
 3.733E+01  3.69207187437866E-15
 3.784E+01  2.19151231535916E-15
 3.835E+01  1.29266008432305E-15
 3.888E+01  7.57684579049904E-16
 3.941E+01  4.41322596816736E-16
 3.995E+01  2.55440917039303E-16
 4.049E+01  1.46925616184202E-16
 4.104E+01  8.39821154579797E-17
 4.161E+01  4.77057986444855E-17
 4.217E+01  2.69318880111427E-17
 4.275E+01  1.51109989578056E-17
 4.333E+01  8.42699801130692E-18
 4.392E+01  4.67123148090300E-18
 4.452E+01  2.57392911163517E-18
 4.513E+01  1.40993264534005E-18
 4.575E+01  7.67835229464887E-19
 4.637E+01  4.15755136007914E-19
 4.701E+01  2.23840815273691E-19
 4.765E+01  1.19840828040758E-19
 4.830E+01  6.38066096906721E-20
 4.896E+01  3.37873522829925E-20
 4.963E+01  1.77953571842484E-20
 5.030E+01  9.32334593860217E-21
 5.099E+01  4.85989449626031E-21
 5.169E+01  2.52123296465468E-21
 5.239E+01  1.30258330665643E-21
 5.311E+01  6.71050462144451E-22
 5.383E+01  3.45596310742962E-22
 5.457E+01  1.78838265584093E-22
 5.531E+01  9.39260786497519E-23
 5.607E+01  0.00000000000000E+00
 5.683E+01  0.00000000000000E+00
 5.761E+01  0.00000000000000E+00
 5.839E+01  0.00000000000000E+00
 5.919E+01  0.00000000000000E+00
 6.000E+01  0.00000000000000E+00
