line2: Z,NR,R(1),R(NR) /line3,4,...: R(N),RHO*4*PI*R(N)**2
49.00  2000  1.01365245284744E-10  6.00000000000000E+01
 1.014E-10  1.28832744948660E-13
 1.027E-10  1.32137386634977E-13
 1.042E-10  1.35526794478456E-13
 1.056E-10  1.49098277667272E-13
 1.070E-10  1.52922743131266E-13
 1.085E-10  1.56845308562743E-13
 1.100E-10  1.60868490286488E-13
 1.115E-10  1.64994869175050E-13
 1.130E-10  1.69227092300970E-13
 1.145E-10  1.73567874636123E-13
 1.161E-10  1.78020000793112E-13
 1.177E-10  1.82586326811622E-13
 1.193E-10  1.87269781990555E-13
 1.209E-10  1.92073370767203E-13
 1.226E-10  1.97000174644575E-13
 1.242E-10  2.02053354168181E-13
 1.259E-10  2.07236150953535E-13
 1.276E-10  2.12551889765644E-13
 1.294E-10  2.18003980651848E-13
 1.312E-10  2.23595921129361E-13
 1.329E-10  2.29331298428933E-13
 1.348E-10  2.35213791796050E-13
 1.366E-10  2.41247174851207E-13
 1.385E-10  2.47435318010615E-13
 1.404E-10  2.53782190969135E-13
 1.423E-10  2.60291865246840E-13
 1.442E-10  2.66968516800839E-13
 1.462E-10  2.73816428704217E-13
 1.482E-10  2.80839993893585E-13
 1.502E-10  2.88043717987179E-13
 1.523E-10  2.95432222175179E-13
 1.543E-10  3.03010246184217E-13
 1.564E-10  3.10782651317975E-13
 1.586E-10  3.18754423575601E-13
 1.607E-10  3.26930676850290E-13
 1.629E-10  3.35316656209861E-13
 1.652E-10  3.43917741261437E-13
 1.674E-10  3.52739449602482E-13
 1.697E-10  3.61787440360309E-13
 1.720E-10  3.71067517822463E-13
 1.744E-10  3.80585635160137E-13
 1.767E-10  3.90347898247125E-13
 1.792E-10  4.00360569576792E-13
 1.816E-10  4.10630072279405E-13
 1.841E-10  4.21162994242573E-13
 1.866E-10  4.31966092337436E-13
 1.891E-10  4.43046296753151E-13
 1.917E-10  4.54410715442593E-13
 1.943E-10  4.66066638682158E-13
 1.970E-10  4.78021543748491E-13
 1.997E-10  4.90283099715060E-13
 2.024E-10  5.02859172371943E-13
 2.052E-10  5.15757829271740E-13
 2.080E-10  5.28987344904890E-13
 2.108E-10  5.42556206007763E-13
 2.137E-10  5.56473117006851E-13
 2.166E-10  5.70747005602716E-13
 2.196E-10  5.85387028497154E-13
 2.226E-10  6.00402577267144E-13
 2.256E-10  6.15803284389501E-13
 2.287E-10  6.31599029420244E-13
 2.318E-10  6.47799945332238E-13
 2.350E-10  6.64416425015520E-13
 2.382E-10  6.81459127944373E-13
 2.414E-10  6.98938987015365E-13
 2.447E-10  7.16867215560733E-13
 2.481E-10  7.35255314541776E-13
 2.515E-10  7.54115079926821E-13
 2.549E-10  7.73458610258211E-13
 2.584E-10  7.93298314413558E-13
 2.619E-10  8.13646919566078E-13
 2.655E-10  8.34517479349001E-13
 2.691E-10  8.55923382229545E-13
 2.728E-10  8.77878360097627E-13
 2.765E-10  9.00396497074802E-13
 2.803E-10  9.23492238549258E-13
 2.841E-10  9.47180400442579E-13
 2.880E-10  9.71476178714047E-13
 2.919E-10  9.96395159109032E-13
 2.959E-10  1.02195332715712E-12
 2.999E-10  1.04816707842674E-12
 3.040E-10  1.07505322904323E-12
 3.082E-10  1.10262902647602E-12
 3.124E-10  1.13091216060314E-12
 3.166E-10  1.15992077505922E-12
 3.210E-10  1.18967347887455E-12
 3.253E-10  1.22018935841289E-12
 3.298E-10  1.25148798961523E-12
 3.343E-10  1.28358945055794E-12
 3.389E-10  1.31651433433271E-12
 3.435E-10  1.35028376225708E-12
 3.482E-10  1.38491939742379E-12
 3.529E-10  1.42044345859758E-12
 3.577E-10  1.45687873446860E-12
 3.626E-10  1.49424859827138E-12
 3.676E-10  1.53257702277853E-12
 3.726E-10  1.57188859567971E-12
 3.777E-10  1.61220853535425E-12
 3.828E-10  1.65356270704882E-12
 3.881E-10  1.69597763947013E-12
 3.934E-10  1.73948054180307E-12
 3.987E-10  1.78409932116515E-12
 4.042E-10  1.82986260050923E-12
 4.097E-10  1.87679973698514E-12
 4.153E-10  1.92494084077199E-12
 4.210E-10  1.97431679439407E-12
 4.267E-10  2.02495927253205E-12
 4.325E-10  2.07690076234220E-12
 4.384E-10  2.13017458429685E-12
 4.444E-10  2.18481491355942E-12
 4.505E-10  2.24085680190810E-12
 4.566E-10  2.29833620022139E-12
 4.629E-10  2.35728998154037E-12
 4.692E-10  2.41775596472291E-12
 4.756E-10  2.47977293870490E-12
 4.821E-10  2.54338068738276E-12
 4.887E-10  2.60862001513473E-12
 4.953E-10  2.67553277299746E-12
 5.021E-10  2.74416188551320E-12
 5.090E-10  2.81455137826573E-12
 5.159E-10  2.88674640612298E-12
 5.230E-10  2.96079328220370E-12
 5.301E-10  3.03673950758756E-12
 5.373E-10  3.11463380178682E-12
 5.447E-10  3.19452613400008E-12
 5.521E-10  3.27646775516757E-12
 5.596E-10  3.36051123084833E-12
 5.673E-10  3.44671047494139E-12
 5.750E-10  3.53512078427135E-12
 5.829E-10  3.62579887406129E-12
 5.908E-10  3.71880291431566E-12
 5.989E-10  3.81419256713606E-12
 6.071E-10  3.91202902499509E-12
 6.154E-10  4.01237504999072E-12
 6.238E-10  4.11529501410825E-12
 6.323E-10  4.22085494051540E-12
 6.409E-10  4.32912254591558E-12
 6.497E-10  4.44016728398862E-12
 6.585E-10  4.55406038994494E-12
 6.675E-10  4.67087492622335E-12
 6.766E-10  4.79068582936023E-12
 6.859E-10  4.91356995806106E-12
 6.952E-10  5.03960614250650E-12
 7.047E-10  5.16887523492031E-12
 7.144E-10  5.30146016143736E-12
 7.241E-10  5.43744597530018E-12
 7.340E-10  5.57691991142039E-12
 7.440E-10  5.71997144234050E-12
 7.542E-10  5.86669233563002E-12
 7.645E-10  6.01717671275445E-12
 7.749E-10  6.17152110945448E-12
 7.855E-10  6.32982453767355E-12
 7.962E-10  6.49218854907349E-12
 8.071E-10  6.65871730018095E-12
 8.181E-10  6.82951761920277E-12
 8.293E-10  7.00469907455695E-12
 8.406E-10  7.18437404516043E-12
 8.521E-10  7.36865779252005E-12
 8.637E-10  7.55766853467331E-12
 8.755E-10  7.75152752202519E-12
 8.874E-10  7.95035911512913E-12
 8.996E-10  8.15429086446548E-12
 9.118E-10  8.36345359226595E-12
 9.243E-10  8.57798147643357E-12
 9.369E-10  8.79801213661966E-12
 9.497E-10  9.02368672250642E-12
 9.627E-10  9.25515000435441E-12
 9.758E-10  9.49255046587274E-12
 9.891E-10  9.73604039947056E-12
 1.003E-09  9.98577600395364E-12
 1.016E-09  1.02419174847258E-11
 1.030E-09  1.05046291565607E-11
 1.044E-09  1.07740795490081E-11
 1.059E-09  1.10504415145081E-11
 1.073E-09  1.13338923392751E-11
 1.088E-09  1.16246138570246E-11
 1.102E-09  1.19227925656223E-11
 1.118E-09  1.22286197467230E-11
 1.133E-09  1.25422915884746E-11
 1.148E-09  1.28640093113753E-11
 1.164E-09  1.31939792973550E-11
 1.180E-09  1.35324132221704E-11
 1.196E-09  1.38795281911949E-11
 1.212E-09  1.42355468786911E-11
 1.229E-09  1.46006976706562E-11
 1.246E-09  1.49752148113315E-11
 1.263E-09  1.53593385534716E-11
 1.280E-09  1.57533153124650E-11
 1.297E-09  1.61573978244082E-11
 1.315E-09  1.65718453082394E-11
 1.333E-09  1.69969236320248E-11
 1.351E-09  1.74329054835136E-11
 1.370E-09  1.78800705450672E-11
 1.388E-09  1.83387056730743E-11
 1.407E-09  1.88091050819721E-11
 1.426E-09  1.92915705329811E-11
 1.446E-09  1.97864115276878E-11
 1.466E-09  2.02939455065877E-11
 1.486E-09  2.08144980527254E-11
 1.506E-09  2.13484031005545E-11
 1.527E-09  2.18960031501551E-11
 1.547E-09  2.24576494869531E-11
 1.568E-09  2.30337024070630E-11
 1.590E-09  2.36245314484203E-11
 1.612E-09  2.42305156278433E-11
 1.634E-09  2.48520436841663E-11
 1.656E-09  2.54895143276196E-11
 1.679E-09  2.61433364956013E-11
 1.701E-09  2.68139296150098E-11
 1.725E-09  2.75017238713059E-11
 1.748E-09  2.82071604844766E-11
 1.772E-09  2.89306919920795E-11
 1.796E-09  2.96727825395421E-11
 1.821E-09  3.04339081779138E-11
 1.846E-09  3.12145571692514E-11
 1.871E-09  3.20152302998395E-11
 1.896E-09  3.28364412014425E-11
 1.922E-09  3.36787166808035E-11
 1.949E-09  3.45425970575863E-11
 1.975E-09  3.54286365109909E-11
 2.002E-09  3.63374034352638E-11
 2.029E-09  3.72694808043175E-11
 2.057E-09  3.82254665457059E-11
 2.085E-09  3.92059739242058E-11
 2.114E-09  4.02116319352159E-11
 2.143E-09  4.12430857082537E-11
 2.172E-09  4.23009969208213E-11
 2.201E-09  4.33860442228558E-11
 2.232E-09  4.44989236720888E-11
 2.262E-09  4.56403491805704E-11
 2.293E-09  4.68110529726365E-11
 2.324E-09  4.80117860546368E-11
 2.356E-09  4.92433186967009E-11
 2.388E-09  5.05064409268661E-11
 2.421E-09  5.18019630378871E-11
 2.454E-09  5.31307161070240E-11
 2.487E-09  5.44935525291923E-11
 2.521E-09  5.58913465637665E-11
 2.556E-09  5.73249948954173E-11
 2.590E-09  5.87954172093383E-11
 2.626E-09  6.03035567812169E-11
 2.662E-09  6.18503810823514E-11
 2.698E-09  6.34368824002794E-11
 2.735E-09  6.50640784753312E-11
 2.772E-09  6.67330131535072E-11
 2.810E-09  6.84447570561116E-11
 2.848E-09  7.02004082665462E-11
 2.887E-09  7.20010930347319E-11
 2.927E-09  7.38479664996020E-11
 2.967E-09  7.57422134301249E-11
 3.007E-09  7.76850489853197E-11
 3.048E-09  7.96777194937933E-11
 3.090E-09  8.17215032532542E-11
 3.132E-09  8.38177113505374E-11
 3.175E-09  8.59676885026655E-11
 3.218E-09  8.81728139194910E-11
 3.262E-09  9.04345021884545E-11
 3.307E-09  9.27542041820324E-11
 3.352E-09  9.51334079884818E-11
 3.398E-09  9.75736398664466E-11
 3.444E-09  1.00076465224043E-10
 3.491E-09  1.02643489623077E-10
 3.539E-09  1.05276359809009E-10
 3.587E-09  1.07976764767332E-10
 3.636E-09  1.10746436807068E-10
 3.685E-09  1.13587152672023E-10
 3.736E-09  1.16500734680589E-10
 3.787E-09  1.19489051894744E-10
 3.838E-09  1.22554021319054E-10
 3.891E-09  1.25697609130442E-10
 3.944E-09  1.28921831939469E-10
 3.998E-09  1.32228758084009E-10
 4.052E-09  1.35620508956069E-10
 4.108E-09  1.39099260362677E-10
 4.164E-09  1.42667243921638E-10
 4.221E-09  1.46326748493116E-10
 4.278E-09  1.50080121647963E-10
 4.337E-09  1.53929771173662E-10
 4.396E-09  1.57878166618917E-10
 4.456E-09  1.61927840877867E-10
 4.517E-09  1.66081391814955E-10
 4.578E-09  1.70341483931429E-10
 4.641E-09  1.74710850074622E-10
 4.704E-09  1.79192293191087E-10
 4.769E-09  1.83788688124648E-10
 4.834E-09  1.88502983460658E-10
 4.900E-09  1.93338203417481E-10
 4.967E-09  1.98297449786516E-10
 5.034E-09  2.03383903922026E-10
 5.103E-09  2.08600828781931E-10
 5.173E-09  2.13951571021022E-10
 5.243E-09  2.19439563137840E-10
 5.315E-09  2.25068325676587E-10
 5.388E-09  2.30841469485566E-10
 5.461E-09  2.36762698033555E-10
 5.536E-09  2.42835809785539E-10
 5.611E-09  2.49064700639448E-10
 5.688E-09  2.55453366425374E-10
 5.765E-09  2.62005905468852E-10
 5.844E-09  2.68726521219973E-10
 5.924E-09  2.75619524949860E-10
 6.005E-09  2.82689338516362E-10
 6.087E-09  2.89940497200665E-10
 6.170E-09  2.97377652616636E-10
 6.254E-09  3.05005575694890E-10
 6.340E-09  3.12829159743265E-10
 6.426E-09  3.20853423585901E-10
 6.514E-09  3.29083514782838E-10
 6.603E-09  3.37524712932104E-10
 6.693E-09  3.46182433056612E-10
 6.784E-09  3.55062229077886E-10
 6.877E-09  3.64169797378852E-10
 6.971E-09  3.73510980458086E-10
 7.066E-09  3.83091770677797E-10
 7.162E-09  3.92918314107861E-10
 7.260E-09  4.02996914468529E-10
 7.359E-09  4.13334037174267E-10
 7.460E-09  4.23936313481288E-10
 7.562E-09  4.34810544741498E-10
 7.665E-09  4.45963706765556E-10
 7.770E-09  4.57402954297809E-10
 7.876E-09  4.69135625606097E-10
 7.983E-09  4.81169247189210E-10
 8.092E-09  4.93511538605074E-10
 8.203E-09  5.06170417422899E-10
 8.315E-09  5.19154004302284E-10
 8.428E-09  5.32470628202550E-10
 8.543E-09  5.46128831725760E-10
 8.660E-09  5.60137376596805E-10
 8.778E-09  5.74505249283992E-10
 8.898E-09  5.89241666763907E-10
 9.019E-09  6.04356082433997E-10
 9.142E-09  6.19858192176926E-10
 9.267E-09  6.35757940580520E-10
 9.394E-09  6.52065527317138E-10
 9.522E-09  6.68791413686718E-10
 9.652E-09  6.85946329327708E-10
 9.784E-09  7.03541279100091E-10
 9.917E-09  7.21587550144977E-10
 1.005E-08  7.40096719125290E-10
 1.019E-08  7.59080659652111E-10
 1.033E-08  7.78551549901588E-10
 1.047E-08  7.98521880427207E-10
 1.061E-08  8.19004462172478E-10
 1.076E-08  8.40012434689084E-10
 1.090E-08  8.61559274565785E-10
 1.105E-08  8.83658804073775E-10
 1.120E-08  9.06325200033525E-10
 1.136E-08  9.29573002909119E-10
 1.151E-08  9.53417126136014E-10
 1.167E-08  9.77872865687952E-10
 1.183E-08  1.00295590988920E-09
 1.199E-08  1.02868234947854E-09
 1.215E-08  1.05506868793162E-09
 1.232E-08  1.08213185204766E-09
 1.249E-08  1.10988920280798E-09
 1.266E-08  1.13835854651310E-09
 1.283E-08  1.16755814620537E-09
 1.301E-08  1.19750673338456E-09
 1.318E-08  1.22822352002412E-09
 1.336E-08  1.25972821089566E-09
 1.355E-08  1.29204101620938E-09
 1.373E-08  1.32518266457880E-09
 1.392E-08  1.35917441631826E-09
 1.411E-08  1.39403807708114E-09
 1.430E-08  1.42979601184814E-09
 1.450E-08  1.46647115927456E-09
 1.470E-08  1.50408704640495E-09
 1.490E-08  1.54266780376581E-09
 1.510E-08  1.58223818084536E-09
 1.531E-08  1.62282356196999E-09
 1.551E-08  1.66444998258828E-09
 1.573E-08  1.70714414597266E-09
 1.594E-08  1.75093344034939E-09
 1.616E-08  1.79584595646803E-09
 1.638E-08  1.84191050562148E-09
 1.660E-08  1.88915663812822E-09
 1.683E-08  1.93761466228888E-09
 1.706E-08  1.98731566382874E-09
 1.729E-08  2.03829152583907E-09
 1.753E-08  2.09057494922997E-09
 1.777E-08  2.14419947370788E-09
 1.801E-08  2.19919949929112E-09
 1.826E-08  2.25561030837726E-09
 1.851E-08  2.31346808837660E-09
 1.876E-08  2.37280995492634E-09
 1.901E-08  2.43367397569992E-09
 1.927E-08  2.49609919482722E-09
 1.954E-08  2.56012565794119E-09
 1.980E-08  2.62579443786686E-09
 2.007E-08  2.69314766096927E-09
 2.035E-08  2.76222853417756E-09
 2.063E-08  2.83308137270165E-09
 2.091E-08  2.90575162846020E-09
 2.119E-08  2.98028591923785E-09
 2.148E-08  3.05673205859028E-09
 2.178E-08  3.13513908651611E-09
 2.207E-08  3.21555730091601E-09
 2.237E-08  3.29803828985840E-09
 2.268E-08  3.38263496467244E-09
 2.299E-08  3.46940159389076E-09
 2.330E-08  3.55839383806256E-09
 2.362E-08  3.64966878545888E-09
 2.394E-08  3.74328498869440E-09
 2.427E-08  3.83930250228919E-09
 2.460E-08  3.93778292119251E-09
 2.494E-08  4.03878942029576E-09
 2.528E-08  4.14238679495883E-09
 2.562E-08  4.24864150257575E-09
 2.597E-08  4.35762170520656E-09
 2.633E-08  4.46939731330295E-09
 2.669E-08  4.58404003055497E-09
 2.705E-08  4.70162339988855E-09
 2.742E-08  4.82222285064281E-09
 2.779E-08  4.94591574695688E-09
 2.817E-08  5.07278143739934E-09
 2.856E-08  5.20290130586828E-09
 2.895E-08  5.33635882379977E-09
 2.934E-08  5.47323960371331E-09
 2.974E-08  5.61363145413119E-09
 3.015E-08  5.75762443590804E-09
 3.056E-08  5.90531092000280E-09
 3.098E-08  6.05678564673454E-09
 3.140E-08  6.21214578655787E-09
 3.183E-08  6.37149100239596E-09
 3.227E-08  6.53492351357337E-09
 3.271E-08  6.70254816138984E-09
 3.315E-08  6.87447247637438E-09
 3.361E-08  7.05080674726449E-09
 3.406E-08  7.23166409175605E-09
 3.453E-08  7.41716052906690E-09
 3.500E-08  7.60741505436180E-09
 3.548E-08  7.80254971508701E-09
 3.596E-08  8.00268968926228E-09
 3.645E-08  8.20796336578068E-09
 3.695E-08  8.41850242676920E-09
 3.746E-08  8.63444193206188E-09
 3.797E-08  8.85592040583804E-09
 3.849E-08  9.08307992548488E-09
 3.901E-08  9.31606621273764E-09
 3.954E-08  9.55502872715929E-09
 4.008E-08  9.80012076201685E-09
 4.063E-08  1.00514995426171E-08
 4.119E-08  1.03093263271647E-08
 4.175E-08  1.05737665102064E-08
 4.232E-08  1.08449897287316E-08
 4.290E-08  1.11231699709904E-08
 4.348E-08  1.14084856881064E-08
 4.408E-08  1.17011199085501E-08
 4.468E-08  1.20012603555478E-08
 4.529E-08  1.23090995675064E-08
 4.591E-08  1.26248350215224E-08
 4.653E-08  1.29486692600602E-08
 4.717E-08  1.32808100208821E-08
 4.781E-08  1.36214703703088E-08
 4.846E-08  1.39708688398959E-08
 4.913E-08  1.43292295666220E-08
 4.980E-08  1.46967824366676E-08
 5.048E-08  1.50737632328838E-08
 5.117E-08  1.54604137860444E-08
 5.186E-08  1.58569821299738E-08
 5.257E-08  1.62637226606609E-08
 5.329E-08  1.66808962994476E-08
 5.402E-08  1.71087706604052E-08
 5.475E-08  1.75476202220073E-08
 5.550E-08  1.79977265031996E-08
 5.626E-08  1.84593782439922E-08
 5.703E-08  1.89328715906817E-08
 5.781E-08  1.94185102858210E-08
 5.860E-08  1.99166058630685E-08
 5.940E-08  2.04274778470295E-08
 6.021E-08  2.09514539582246E-08
 6.103E-08  2.14888703233195E-08
 6.186E-08  2.20400716907419E-08
 6.271E-08  2.26054116518317E-08
 6.356E-08  2.31852528676634E-08
 6.443E-08  2.37799673016850E-08
 6.531E-08  2.43899364583276E-08
 6.620E-08  2.50155516277319E-08
 6.711E-08  2.56572141367520E-08
 6.802E-08  2.63153356064003E-08
 6.895E-08  2.69903382158936E-08
 6.989E-08  2.76826549734700E-08
 7.085E-08  2.83927299941590E-08
 7.181E-08  2.91210187846693E-08
 7.279E-08  2.98679885355836E-08
 7.379E-08  3.06341184210573E-08
 7.479E-08  3.14198999061936E-08
 7.582E-08  3.22258370623085E-08
 7.685E-08  3.30524468902829E-08
 7.790E-08  3.39002596522039E-08
 7.896E-08  3.47698192115141E-08
 8.004E-08  3.56616833818938E-08
 8.113E-08  3.65764242850812E-08
 8.224E-08  3.75146287178698E-08
 8.336E-08  3.84768985285315E-08
 8.450E-08  3.94638510028852E-08
 8.566E-08  4.04761192602667E-08
 8.683E-08  4.15143526596637E-08
 8.801E-08  4.25792172162560E-08
 8.921E-08  4.36713960286517E-08
 9.043E-08  4.47915897170768E-08
 9.167E-08  4.59405168728003E-08
 9.292E-08  4.71189145190961E-08
 9.419E-08  4.83275385840143E-08
 9.547E-08  4.95671643852968E-08
 9.677E-08  5.08385871277180E-08
 9.810E-08  5.21426224131810E-08
 9.944E-08  5.34801067639089E-08
 1.008E-07  5.48518981590476E-08
 1.022E-07  5.62588765850286E-08
 1.036E-07  5.77019446000564E-08
 1.050E-07  5.91820279130744E-08
 1.064E-07  6.07000759775723E-08
 1.079E-07  6.22570626006344E-08
 1.093E-07  6.38539865676013E-08
 1.108E-07  6.54918722827650E-08
 1.123E-07  6.71717704264780E-08
 1.139E-07  6.88947586291415E-08
 1.154E-07  7.06619421624630E-08
 1.170E-07  7.24744546484469E-08
 1.186E-07  7.43334587865813E-08
 1.202E-07  7.62401470996588E-08
 1.219E-07  7.81957426987376E-08
 1.235E-07  8.02015000677295E-08
 1.252E-07  8.22587058681061E-08
 1.269E-07  8.43686797642321E-08
 1.287E-07  8.65327752698802E-08
 1.304E-07  8.87523806164738E-08
 1.322E-07  9.10289196435709E-08
 1.340E-07  9.33638527121874E-08
 1.358E-07  9.57586776415951E-08
 1.377E-07  9.82149306700820E-08
 1.396E-07  1.00734187440382E-07
 1.415E-07  1.03318064010412E-07
 1.434E-07  1.05968217889876E-07
 1.454E-07  1.08686349103505E-07
 1.473E-07  1.11474201281539E-07
 1.494E-07  1.14333562778184E-07
 1.514E-07  1.17266267818770E-07
 1.535E-07  1.20274197676321E-07
 1.556E-07  1.23359281878309E-07
 1.577E-07  1.26523499444331E-07
 1.598E-07  1.29768880155588E-07
 1.620E-07  1.33097505856881E-07
 1.642E-07  1.36511511792000E-07
 1.665E-07  1.40013087973392E-07
 1.687E-07  1.43604480586937E-07
 1.710E-07  1.47287993432763E-07
 1.734E-07  1.51065989403019E-07
 1.757E-07  1.54940891997546E-07
 1.781E-07  1.58915186878406E-07
 1.806E-07  1.62991423464331E-07
 1.830E-07  1.67172216566014E-07
 1.855E-07  1.71460248063371E-07
 1.881E-07  1.75858268625826E-07
 1.906E-07  1.80369099476693E-07
 1.932E-07  1.84995634202836E-07
 1.959E-07  1.89740840610744E-07
 1.986E-07  1.94607762630192E-07
 2.013E-07  1.99599522266738E-07
 2.040E-07  2.04719321604321E-07
 2.068E-07  2.09970444859179E-07
 2.096E-07  2.15356260486458E-07
 2.125E-07  2.20880223340908E-07
 2.154E-07  2.26545876892901E-07
 2.183E-07  2.32356855501365E-07
 2.213E-07  2.38316886744982E-07
 2.243E-07  2.44429793813169E-07
 2.274E-07  2.50699497958415E-07
 2.305E-07  2.57130021011479E-07
 2.336E-07  2.63725487961115E-07
 2.368E-07  2.70490129599963E-07
 2.401E-07  2.77428285238299E-07
 2.433E-07  2.84544405487416E-07
 2.467E-07  2.91843055114327E-07
 2.500E-07  2.99328915969705E-07
 2.534E-07  3.07006789991003E-07
 2.569E-07  3.14881602282491E-07
 2.604E-07  3.22958404274304E-07
 2.640E-07  3.31242376962593E-07
 2.676E-07  3.39738834232666E-07
 2.712E-07  3.48453226267453E-07
 2.749E-07  3.57391143043342E-07
 2.787E-07  3.66558317915660E-07
 2.825E-07  3.75960631296197E-07
 2.863E-07  3.85604114424911E-07
 2.903E-07  3.95494953238503E-07
 2.942E-07  4.05639492338162E-07
 2.982E-07  4.16044239058996E-07
 3.023E-07  4.26715867643973E-07
 3.064E-07  4.37661223524771E-07
 3.106E-07  4.48887327712547E-07
 3.149E-07  4.60401381301242E-07
 3.192E-07  4.72210770086363E-07
 3.235E-07  4.84323069302318E-07
 3.279E-07  4.96746048481117E-07
 3.324E-07  5.09487676435828E-07
 3.369E-07  5.22556126371719E-07
 3.415E-07  5.35959781128564E-07
 3.462E-07  5.49707238557352E-07
 3.509E-07  5.63807317034892E-07
 3.557E-07  5.78269061119933E-07
 3.606E-07  5.93101747354208E-07
 3.655E-07  6.08314890212362E-07
 3.705E-07  6.23918248204406E-07
 3.756E-07  6.39921830134755E-07
 3.807E-07  6.56335901521679E-07
 3.859E-07  6.73170991181481E-07
 3.911E-07  6.90437897981516E-07
 3.965E-07  7.08147697766383E-07
 4.019E-07  7.26311750461766E-07
 4.074E-07  7.44941707360380E-07
 4.129E-07  7.64049518594907E-07
 4.186E-07  7.83647440802477E-07
 4.243E-07  8.03748044985815E-07
 4.301E-07  8.24364224575810E-07
 4.360E-07  8.45509203701078E-07
 4.419E-07  8.67196545669478E-07
 4.479E-07  8.89440161667077E-07
 4.541E-07  9.12254319680395E-07
 4.603E-07  9.35653653647328E-07
 4.665E-07  9.59653172842742E-07
 4.729E-07  9.84268271504924E-07
 4.794E-07  1.00951473870859E-06
 4.859E-07  1.03540876849142E-06
 4.926E-07  1.06196697024025E-06
 4.993E-07  1.08920637934320E-06
 5.061E-07  1.11714446811560E-06
 5.130E-07  1.14579915700577E-06
 5.200E-07  1.17518882608805E-06
 5.271E-07  1.20533232685079E-06
 5.343E-07  1.23624899428671E-06
 5.416E-07  1.26795865929301E-06
 5.490E-07  1.30048166138972E-06
 5.565E-07  1.33383886176405E-06
 5.641E-07  1.36805165664943E-06
 5.718E-07  1.40314199104749E-06
 5.796E-07  1.43913237280196E-06
 5.875E-07  1.47604588703359E-06
 5.955E-07  1.51390621094505E-06
 6.037E-07  1.55273762900565E-06
 6.119E-07  1.59256504852534E-06
 6.202E-07  1.63341401562821E-06
 6.287E-07  1.67531073163550E-06
 6.373E-07  1.71828206986872E-06
 6.460E-07  1.76235559288391E-06
 6.548E-07  1.80755957014725E-06
 6.638E-07  1.85392299616462E-06
 6.728E-07  1.90147560907575E-06
 6.820E-07  1.95024790972500E-06
 6.913E-07  2.00027118122158E-06
 7.008E-07  2.05157750900087E-06
 7.103E-07  2.10419980140074E-06
 7.200E-07  2.15817181076479E-06
 7.298E-07  2.21352815508736E-06
 7.398E-07  2.27030434021352E-06
 7.499E-07  2.32853678260771E-06
 7.602E-07  2.38826283270679E-06
 7.705E-07  2.44952079887188E-06
 7.811E-07  2.51234997195412E-06
 7.917E-07  2.57679065049051E-06
 8.025E-07  2.64288416654578E-06
 8.135E-07  2.71067291221682E-06
 8.246E-07  2.78020036681678E-06
 8.358E-07  2.85151112475618E-06
 8.473E-07  2.92465092413911E-06
 8.588E-07  2.99966667609227E-06
 8.705E-07  3.07660649484631E-06
 8.824E-07  3.15551972858878E-06
 8.945E-07  3.23645699110715E-06
 9.067E-07  3.31947019424432E-06
 9.191E-07  3.40461258118591E-06
 9.316E-07  3.49193876060065E-06
 9.443E-07  3.58150474165643E-06
 9.572E-07  3.67336796993450E-06
 9.703E-07  3.76758736426390E-06
 9.835E-07  3.86422335450078E-06
 9.970E-07  3.96333792027578E-06
 1.011E-06  4.06499463073561E-06
 1.024E-06  4.16925868530327E-06
 1.038E-06  4.27619695548312E-06
 1.053E-06  4.38587802773775E-06
 1.067E-06  4.49837224746441E-06
 1.081E-06  4.61375176409958E-06
 1.096E-06  4.73209057737805E-06
 1.111E-06  4.85346458477999E-06
 1.126E-06  4.97795163019345E-06
 1.142E-06  5.10563155382438E-06
 1.157E-06  5.23658624338733E-06
 1.173E-06  5.37089968660678E-06
 1.189E-06  5.50865802506602E-06
 1.205E-06  5.64994960943577E-06
 1.222E-06  5.79486505611862E-06
 1.239E-06  5.94349730534703E-06
 1.255E-06  6.09594168076805E-06
 1.273E-06  6.25229595055841E-06
 1.290E-06  6.41266039010506E-06
 1.308E-06  6.57713784629178E-06
 1.325E-06  6.74583380343573E-06
 1.344E-06  6.91885645091239E-06
 1.362E-06  7.09631675251650E-06
 1.380E-06  7.27832851759817E-06
 1.399E-06  7.46500847402418E-06
 1.418E-06  7.65647634301060E-06
 1.438E-06  7.85285491587083E-06
 1.457E-06  8.05427013273372E-06
 1.477E-06  8.26085116327958E-06
 1.497E-06  8.47273048954312E-06
 1.518E-06  8.69004399084059E-06
 1.539E-06  8.91293103087571E-06
 1.560E-06  9.14153454707472E-06
 1.581E-06  9.37600114221395E-06
 1.603E-06  9.61648117839546E-06
 1.624E-06  9.86312887343171E-06
 1.647E-06  1.01161023996990E-05
 1.669E-06  1.03755639855276E-05
 1.692E-06  1.06416800191897E-05
 1.715E-06  1.09146211555496E-05
 1.738E-06  1.11945624254532E-05
 1.762E-06  1.14816833479171E-05
 1.786E-06  1.17761680451935E-05
 1.811E-06  1.20782053607855E-05
 1.835E-06  1.23879889804872E-05
 1.860E-06  1.27057175565256E-05
 1.886E-06  1.30315948348830E-05
 1.911E-06  1.33658297858844E-05
 1.938E-06  1.37086367381320E-05
 1.964E-06  1.40602355158688E-05
 1.991E-06  1.44208515798671E-05
 2.018E-06  1.47907161719264E-05
 2.046E-06  1.51700664630699E-05
 2.073E-06  1.55591457055482E-05
 2.102E-06  1.59582033887287E-05
 2.130E-06  1.63674953989861E-05
 2.160E-06  1.67872841836876E-05
 2.189E-06  1.72178389193810E-05
 2.219E-06  1.76594356842951E-05
 2.249E-06  1.81123576352561E-05
 2.280E-06  1.85768951891419E-05
 2.311E-06  1.90533462089811E-05
 2.343E-06  1.95420161948261E-05
 2.375E-06  2.00432184795156E-05
 2.407E-06  2.05572744294487E-05
 2.440E-06  2.10845136505096E-05
 2.473E-06  2.16252741992670E-05
 2.507E-06  2.21799027995817E-05
 2.541E-06  2.27487550647689E-05
 2.576E-06  2.33321957254501E-05
 2.611E-06  2.39305988632423E-05
 2.647E-06  2.45443481504362E-05
 2.683E-06  2.51738370958145E-05
 2.719E-06  2.58194692967693E-05
 2.757E-06  2.64816586978728E-05
 2.794E-06  2.71608298560844E-05
 2.832E-06  2.78574182127410E-05
 2.871E-06  2.85718703725152E-05
 2.910E-06  2.93046443895306E-05
 2.950E-06  3.00562100607971E-05
 2.990E-06  3.08270492271649E-05
 3.031E-06  3.16176560819894E-05
 3.072E-06  3.24285374877050E-05
 3.114E-06  3.32602133005049E-05
 3.157E-06  3.41132167033339E-05
 3.200E-06  3.49880945474205E-05
 3.244E-06  3.58854077025529E-05
 3.288E-06  3.68057314163207E-05
 3.333E-06  3.77496556825694E-05
 3.378E-06  3.87177856192798E-05
 3.424E-06  3.97107418561380E-05
 3.471E-06  4.07291609320231E-05
 3.519E-06  4.17736957026741E-05
 3.567E-06  4.28450157588079E-05
 3.615E-06  4.39438078549351E-05
 3.665E-06  4.50707763491592E-05
 3.715E-06  4.62266436542420E-05
 3.765E-06  4.74121507002201E-05
 3.817E-06  4.86280574088685E-05
 3.869E-06  4.98751431803037E-05
 3.922E-06  5.11542073920616E-05
 3.975E-06  5.24660699109504E-05
 4.030E-06  5.38115716180026E-05
 4.085E-06  5.51915749468769E-05
 4.140E-06  5.66069644360458E-05
 4.197E-06  5.80586472951101E-05
 4.254E-06  5.95475539856253E-05
 4.312E-06  6.10746388167955E-05
 4.371E-06  6.26408805564112E-05
 4.431E-06  6.42472830574342E-05
 4.491E-06  6.58948759006260E-05
 4.553E-06  6.75847150536235E-05
 4.615E-06  6.93178835468765E-05
 4.678E-06  7.10954921669100E-05
 4.742E-06  7.29186801673096E-05
 4.806E-06  7.47886159979246E-05
 4.872E-06  7.67064980527247E-05
 4.938E-06  7.86735554367970E-05
 5.006E-06  8.06910487529866E-05
 5.074E-06  8.27602709086508E-05
 5.144E-06  8.48825479430794E-05
 5.214E-06  8.70592398760873E-05
 5.285E-06  8.92917415783090E-05
 5.357E-06  9.15814836637744E-05
 5.430E-06  9.39299334053422E-05
 5.504E-06  9.63385956735233E-05
 5.579E-06  9.88090138993514E-05
 5.656E-06  1.01342771061894E-04
 5.733E-06  1.03941490701012E-04
 5.811E-06  1.06606837956038E-04
 5.890E-06  1.09340520631045E-04
 5.971E-06  1.12144290287344E-04
 6.052E-06  1.15019943363946E-04
 6.135E-06  1.17969322326684E-04
 6.219E-06  1.20994316846728E-04
 6.304E-06  1.24096865009256E-04
 6.390E-06  1.27278954553025E-04
 6.477E-06  1.30542624141663E-04
 6.565E-06  1.33889964667472E-04
 6.655E-06  1.37323120588571E-04
 6.746E-06  1.40844291300244E-04
 6.838E-06  1.44455732541373E-04
 6.931E-06  1.48159757836795E-04
 7.026E-06  1.51958739976574E-04
 7.122E-06  1.55855112533122E-04
 7.219E-06  1.59851371417059E-04
 7.318E-06  1.63950076472879E-04
 7.418E-06  1.68153853115438E-04
 7.519E-06  1.72465394008235E-04
 7.622E-06  1.76887460784615E-04
 7.726E-06  1.81422885813016E-04
 7.831E-06  1.86074574007279E-04
 7.938E-06  1.90845504683235E-04
 8.046E-06  1.95738733462820E-04
 8.156E-06  2.00757394226778E-04
 8.268E-06  2.05904701117298E-04
 8.380E-06  2.11183950591851E-04
 8.495E-06  2.16598523529476E-04
 8.611E-06  2.22151887390927E-04
 8.728E-06  2.27847598433992E-04
 8.848E-06  2.33689303985443E-04
 8.968E-06  2.39680744771009E-04
 9.091E-06  2.45825757304871E-04
 9.215E-06  2.52128276340242E-04
 9.341E-06  2.58592337382507E-04
 9.468E-06  2.65222079266595E-04
 9.597E-06  2.72021746800143E-04
 9.729E-06  2.78995693474199E-04
 9.861E-06  2.86148384243183E-04
 9.996E-06  2.93484398375781E-04
 1.013E-05  3.01008432378682E-04
 1.027E-05  3.08725302994962E-04
 1.041E-05  3.16639950279045E-04
 1.055E-05  3.24757440750166E-04
 1.070E-05  3.33082970626319E-04
 1.084E-05  3.41621869140777E-04
 1.099E-05  3.50379601943333E-04
 1.114E-05  3.59361774588258E-04
 1.129E-05  3.68574136111356E-04
 1.145E-05  3.78022582698310E-04
 1.160E-05  3.87713161446598E-04
 1.176E-05  3.97652074223446E-04
 1.192E-05  4.07845681622240E-04
 1.209E-05  4.18300507019843E-04
 1.225E-05  4.29023240737444E-04
 1.242E-05  4.40020744307576E-04
 1.259E-05  4.51300054849925E-04
 1.276E-05  4.62868389558857E-04
 1.293E-05  4.74733150305269E-04
 1.311E-05  4.86901928355916E-04
 1.329E-05  4.99382509213045E-04
 1.347E-05  5.12182877577408E-04
 1.365E-05  5.25311222437884E-04
 1.384E-05  5.38775942290735E-04
 1.403E-05  5.52585650492158E-04
 1.422E-05  5.66749180746950E-04
 1.442E-05  5.81275592737381E-04
 1.461E-05  5.96174177895337E-04
 1.481E-05  6.11454465321569E-04
 1.501E-05  6.27126227855974E-04
 1.522E-05  6.43199488302222E-04
 1.543E-05  6.59684525811256E-04
 1.564E-05  6.76591882427274E-04
 1.585E-05  6.93932369800365E-04
 1.607E-05  7.11717076070421E-04
 1.629E-05  7.29957372926038E-04
 1.651E-05  7.48664922843321E-04
 1.673E-05  7.67851686509054E-04
 1.696E-05  7.87529930432693E-04
 1.719E-05  8.07712234752340E-04
 1.743E-05  8.28411501239239E-04
 1.767E-05  8.49640961506242E-04
 1.791E-05  8.71414185424799E-04
 1.815E-05  8.93745089756446E-04
 1.840E-05  9.16647947003884E-04
 1.865E-05  9.40137394487050E-04
 1.891E-05  9.64228443650195E-04
 1.916E-05  9.88936489605734E-04
 1.943E-05  1.01427732092069E-03
 1.969E-05  1.04026712965206E-03
 1.996E-05  1.06692252163730E-03
 2.023E-05  1.09426052704654E-03
 2.051E-05  1.12229861120291E-03
 2.079E-05  1.15105468567788E-03
 2.107E-05  1.18054711966867E-03
 2.136E-05  1.21079475166471E-03
 2.165E-05  1.24181690141038E-03
 2.195E-05  1.27363338217187E-03
 2.225E-05  1.30626451331561E-03
 2.255E-05  1.33973113320567E-03
 2.286E-05  1.37405461242946E-03
 2.317E-05  1.40925686735862E-03
 2.349E-05  1.44536037405427E-03
 2.381E-05  1.48238818252538E-03
 2.413E-05  1.52036393134893E-03
 2.446E-05  1.55931186266091E-03
 2.480E-05  1.59925683752783E-03
 2.514E-05  1.64022435170813E-03
 2.548E-05  1.68224055181326E-03
 2.583E-05  1.72533225187868E-03
 2.618E-05  1.76952695035493E-03
 2.654E-05  1.81485284752955E-03
 2.690E-05  1.86133886339059E-03
 2.727E-05  1.90901465594267E-03
 2.764E-05  1.95791063998734E-03
 2.802E-05  2.00805800637914E-03
 2.840E-05  2.05948874176946E-03
 2.879E-05  2.11223564885024E-03
 2.918E-05  2.16633236711029E-03
 2.958E-05  2.22181339411780E-03
 2.998E-05  2.27871410734038E-03
 3.039E-05  2.33707078651785E-03
 3.080E-05  2.39692063660142E-03
 3.123E-05  2.45830181127269E-03
 3.165E-05  2.52125343705789E-03
 3.208E-05  2.58581563805159E-03
 3.252E-05  2.65202956126542E-03
 3.297E-05  2.71993740261837E-03
 3.342E-05  2.78958243358273E-03
 3.387E-05  2.86100902850388E-03
 3.433E-05  2.93426269261076E-03
 3.480E-05  3.00939009073264E-03
 3.528E-05  3.08643907674219E-03
 3.576E-05  3.16545872374099E-03
 3.625E-05  3.24649935500713E-03
 3.674E-05  3.32961257572430E-03
 3.724E-05  3.41485130551035E-03
 3.775E-05  3.50226981176731E-03
 3.827E-05  3.59192374387199E-03
 3.879E-05  3.68387016822800E-03
 3.932E-05  3.77816760420219E-03
 3.986E-05  3.87487606096628E-03
 4.040E-05  3.97405707526613E-03
 4.095E-05  4.07577375014289E-03
 4.151E-05  4.18009079462891E-03
 4.208E-05  4.28707456444272E-03
 4.265E-05  4.39679310370843E-03
 4.324E-05  4.50931618772499E-03
 4.383E-05  4.62471536681026E-03
 4.442E-05  4.74306401124819E-03
 4.503E-05  4.86443735736667E-03
 4.565E-05  4.98891255477197E-03
 4.627E-05  5.11656871477059E-03
 4.690E-05  5.24748696000739E-03
 4.754E-05  5.38175047535006E-03
 4.819E-05  5.51944456005159E-03
 4.885E-05  5.66065668121955E-03
 4.951E-05  5.80547652862896E-03
 5.019E-05  5.95399607090976E-03
 5.088E-05  6.10630961314095E-03
 5.157E-05  6.26251385589013E-03
 5.227E-05  6.42270795573213E-03
 5.299E-05  6.58699358728191E-03
 5.371E-05  6.75547500678201E-03
 5.445E-05  6.92825911728152E-03
 5.519E-05  7.10545553544496E-03
 5.594E-05  7.28717666003365E-03
 5.671E-05  7.47353774209771E-03
 5.748E-05  7.66465695692272E-03
 5.826E-05  7.86065547777583E-03
 5.906E-05  8.06165755149101E-03
 5.987E-05  8.26779057594276E-03
 6.068E-05  8.47918517945429E-03
 6.151E-05  8.69597530218414E-03
 6.235E-05  8.91829827954500E-03
 6.320E-05  9.14629492769927E-03
 6.407E-05  9.38010963118828E-03
 6.494E-05  9.61989043274006E-03
 6.583E-05  9.86578912531589E-03
 6.673E-05  1.01179613464477E-02
 6.764E-05  1.03765666749186E-02
 6.856E-05  1.06417687298516E-02
 6.950E-05  1.09137352722583E-02
 7.045E-05  1.11926383091119E-02
 7.141E-05  1.14786542000020E-02
 7.238E-05  1.17719637664384E-02
 7.337E-05  1.20727524038676E-02
 7.437E-05  1.23812101964622E-02
 7.539E-05  1.26975320347605E-02
 7.642E-05  1.30219177362174E-02
 7.746E-05  1.33545721687388E-02
 7.852E-05  1.36957053772774E-02
 7.959E-05  1.40455327135533E-02
 8.068E-05  1.44042749689881E-02
 8.178E-05  1.47721585109189E-02
 8.289E-05  1.51494154221771E-02
 8.403E-05  1.55362836441123E-02
 8.517E-05  1.59330071231455E-02
 8.634E-05  1.63398359609323E-02
 8.751E-05  1.67570265682284E-02
 8.871E-05  1.71848418225442E-02
 8.992E-05  1.76235512296761E-02
 9.115E-05  1.80734310892156E-02
 9.239E-05  1.85347646641218E-02
 9.365E-05  1.90078423544635E-02
 9.493E-05  1.94929618754236E-02
 9.623E-05  1.99904284396727E-02
 9.754E-05  2.05005549442137E-02
 9.887E-05  2.10236621618042E-02
 1.002E-04  2.15600789370670E-02
 1.016E-04  2.21101423873967E-02
 1.030E-04  2.26741981087841E-02
 1.044E-04  2.32526003866638E-02
 1.058E-04  2.38457124119149E-02
 1.073E-04  2.44539065021316E-02
 1.087E-04  2.50775643282874E-02
 1.102E-04  2.57170771469239E-02
 1.117E-04  2.63728460379902E-02
 1.132E-04  2.70452821484708E-02
 1.148E-04  2.77348069419354E-02
 1.163E-04  2.84418524541501E-02
 1.179E-04  2.91668615548898E-02
 1.195E-04  2.99102882161050E-02
 1.212E-04  3.06725977865816E-02
 1.228E-04  3.14542672732537E-02
 1.245E-04  3.22557856293188E-02
 1.262E-04  3.30776540493173E-02
 1.279E-04  3.39203862713379E-02
 1.297E-04  3.47845088865124E-02
 1.314E-04  3.56705616559756E-02
 1.332E-04  3.65790978354464E-02
 1.351E-04  3.75106845076317E-02
 1.369E-04  3.84659029226125E-02
 1.388E-04  3.94453488464032E-02
 1.407E-04  4.04496329178771E-02
 1.426E-04  4.14793810142385E-02
 1.445E-04  4.25352346252512E-02
 1.465E-04  4.36178512364151E-02
 1.485E-04  4.47279047212929E-02
 1.505E-04  4.58660857432061E-02
 1.526E-04  4.70331021665011E-02
 1.547E-04  4.82296794776160E-02
 1.568E-04  4.94565612161557E-02
 1.589E-04  5.07145094162074E-02
 1.611E-04  5.20043050581432E-02
 1.633E-04  5.33267485311154E-02
 1.655E-04  5.46826601065064E-02
 1.678E-04  5.60728804225807E-02
 1.701E-04  5.74982709805744E-02
 1.724E-04  5.89597146524883E-02
 1.748E-04  6.04581162008464E-02
 1.771E-04  6.19944028106775E-02
 1.796E-04  6.35695246339958E-02
 1.820E-04  6.51844553470623E-02
 1.845E-04  6.68401927206903E-02
 1.870E-04  6.85377592039124E-02
 1.896E-04  7.02782025212732E-02
 1.922E-04  7.20625962840587E-02
 1.948E-04  7.38920406157669E-02
 1.974E-04  7.57676627921211E-02
 2.001E-04  7.76906178959722E-02
 2.029E-04  7.96620894873512E-02
 2.056E-04  8.16832902890646E-02
 2.084E-04  8.37554628881287E-02
 2.113E-04  8.58798804533933E-02
 2.142E-04  8.80578474696944E-02
 2.171E-04  9.02907004889017E-02
 2.201E-04  9.25798088982078E-02
 2.231E-04  9.49265757060184E-02
 2.261E-04  9.73324383458491E-02
 2.292E-04  9.97988694985494E-02
 2.323E-04  1.02327377933290E-01
 2.355E-04  1.04919509367694E-01
 2.387E-04  1.07576847347476E-01
 2.420E-04  1.10301014146026E-01
 2.453E-04  1.13093671684366E-01
 2.486E-04  1.15956522471845E-01
 2.520E-04  1.18891310568020E-01
 2.555E-04  1.21899822566198E-01
 2.589E-04  1.24983888599008E-01
 2.625E-04  1.28145383366472E-01
 2.661E-04  1.31386227187072E-01
 2.697E-04  1.34708387072204E-01
 2.734E-04  1.38113877824516E-01
 2.771E-04  1.41604763160635E-01
 2.809E-04  1.45183156858701E-01
 2.847E-04  1.48851223931214E-01
 2.886E-04  1.52611181823776E-01
 2.926E-04  1.56465301640034E-01
 2.965E-04  1.60415909393538E-01
 3.006E-04  1.64465387286940E-01
 3.047E-04  1.68616175018990E-01
 3.089E-04  1.72870771119983E-01
 3.131E-04  1.77231734316114E-01
 3.174E-04  1.81701684923283E-01
 3.217E-04  1.86283306270926E-01
 3.261E-04  1.90979346156431E-01
 3.305E-04  1.95792618330638E-01
 3.350E-04  2.00726004015051E-01
 3.396E-04  2.05782453451367E-01
 3.442E-04  2.10964987483735E-01
 3.489E-04  2.16276699174553E-01
 3.537E-04  2.21720755454246E-01
 3.585E-04  2.27300398805595E-01
 3.634E-04  2.33018948983360E-01
 3.684E-04  2.38879804769697E-01
 3.734E-04  2.44886445765958E-01
 3.785E-04  2.51042434221546E-01
 3.837E-04  2.57351416900468E-01
 3.889E-04  2.63817126986107E-01
 3.942E-04  2.70443386024910E-01
 3.996E-04  2.77234105909617E-01
 4.051E-04  2.84193290902626E-01
 4.106E-04  2.91325039700186E-01
 4.162E-04  2.98633547537971E-01
 4.219E-04  3.06123108338722E-01
 4.277E-04  3.13798116902629E-01
 4.335E-04  3.21663071141016E-01
 4.394E-04  3.29722574353964E-01
 4.454E-04  3.37981337552630E-01
 4.515E-04  3.46444181826742E-01
 4.577E-04  3.55116040757983E-01
 4.639E-04  3.64001962879928E-01
 4.702E-04  3.73107114185062E-01
 4.767E-04  3.82436780679610E-01
 4.832E-04  3.91996370986704E-01
 4.898E-04  4.01791418998581E-01
 4.965E-04  4.11827586578393E-01
 5.032E-04  4.22110666312153E-01
 5.101E-04  4.32646584311601E-01
 5.171E-04  4.43441403068300E-01
 5.241E-04  4.54501324359791E-01
 5.313E-04  4.65832692208230E-01
 5.385E-04  4.77441995892082E-01
 5.459E-04  4.89335873011427E-01
 5.533E-04  5.01521112607314E-01
 5.609E-04  5.14004658335852E-01
 5.686E-04  5.26793611697318E-01
 5.763E-04  5.39895235320889E-01
 5.842E-04  5.53316956305341E-01
 5.922E-04  5.67066369616230E-01
 6.002E-04  5.81151241539937E-01
 6.084E-04  5.95579513194869E-01
 6.167E-04  6.10359304100293E-01
 6.252E-04  6.25498915803039E-01
 6.337E-04  6.41006835562324E-01
 6.423E-04  6.56891740093066E-01
 6.511E-04  6.73162499367882E-01
 6.600E-04  6.89828180477775E-01
 6.690E-04  7.06898051551916E-01
 6.782E-04  7.24381585736507E-01
 6.874E-04  7.42288465232638E-01
 6.968E-04  7.60628585393453E-01
 7.063E-04  7.79412058880305E-01
 7.160E-04  7.98649219877905E-01
 7.257E-04  8.18350628368387E-01
 7.356E-04  8.38527074464012E-01
 7.457E-04  8.59189582798196E-01
 7.559E-04  8.80349416974637E-01
 7.662E-04  9.02018084074082E-01
 7.766E-04  9.24207339218173E-01
 7.872E-04  9.46929190190132E-01
 7.980E-04  9.70195902111247E-01
 8.089E-04  9.94020002172662E-01
 8.199E-04  1.01841428442178E+00
 8.311E-04  1.04339181460227E+00
 8.425E-04  1.06896593504656E+00
 8.540E-04  1.09515026962000E+00
 8.656E-04  1.12195872871541E+00
 8.774E-04  1.14940551429665E+00
 8.894E-04  1.17750512498987E+00
 9.016E-04  1.20627236122102E+00
 9.139E-04  1.23572233039762E+00
 9.264E-04  1.26587045213364E+00
 9.390E-04  1.29673246351486E+00
 9.518E-04  1.32832442440317E+00
 9.648E-04  1.36066272277746E+00
 9.780E-04  1.39376408010875E+00
 9.913E-04  1.42764555676702E+00
 1.005E-03  1.46232455745709E+00
 1.019E-03  1.49781883668096E+00
 1.032E-03  1.53414650422301E+00
 1.047E-03  1.57132603065555E+00
 1.061E-03  1.60937625286082E+00
 1.075E-03  1.64831637956623E+00
 1.090E-03  1.68816599688861E+00
 1.105E-03  1.72894507388391E+00
 1.120E-03  1.77067396809797E+00
 1.135E-03  1.81337343111359E+00
 1.151E-03  1.85706461408981E+00
 1.167E-03  1.90176907328790E+00
 1.182E-03  1.94750877557921E+00
 1.199E-03  1.99430610392929E+00
 1.215E-03  2.04218386285247E+00
 1.232E-03  2.09116528383115E+00
 1.248E-03  2.14127403069328E+00
 1.265E-03  2.19253420494144E+00
 1.283E-03  2.24497035102667E+00
 1.300E-03  2.29860746155984E+00
 1.318E-03  2.35347098245290E+00
 1.336E-03  2.40958681798223E+00
 1.354E-03  2.46698133576575E+00
 1.373E-03  2.52568137164524E+00
 1.391E-03  2.58571423446478E+00
 1.410E-03  2.64710771073611E+00
 1.430E-03  2.70989006918080E+00
 1.449E-03  2.77409006513971E+00
 1.469E-03  2.83973694483850E+00
 1.489E-03  2.90686044949840E+00
 1.509E-03  2.97549081928100E+00
 1.530E-03  3.04565879705481E+00
 1.551E-03  3.11739563197172E+00
 1.572E-03  3.19073308283980E+00
 1.593E-03  3.26570342127994E+00
 1.615E-03  3.34233943465169E+00
 1.637E-03  3.42067442873502E+00
 1.660E-03  3.50074223015182E+00
 1.682E-03  3.58257718851300E+00
 1.705E-03  3.66621417827469E+00
 1.729E-03  3.75168860028690E+00
 1.752E-03  3.83903638301810E+00
 1.776E-03  3.92829398343769E+00
 1.800E-03  4.01949838753865E+00
 1.825E-03  4.11268711048079E+00
 1.850E-03  4.20789819633598E+00
 1.875E-03  4.30517021741498E+00
 1.901E-03  4.40454227315534E+00
 1.927E-03  4.50605398854888E+00
 1.953E-03  4.60974551208706E+00
 1.980E-03  4.71565751320160E+00
 2.007E-03  4.82383117917706E+00
 2.034E-03  4.93430821151165E+00
 2.062E-03  5.04713082170139E+00
 2.090E-03  5.16234172642232E+00
 2.118E-03  5.27998414208562E+00
 2.147E-03  5.40010177873810E+00
 2.177E-03  5.52273883328097E+00
 2.206E-03  5.64793998197890E+00
 2.236E-03  5.77575037223129E+00
 2.267E-03  5.90621561357538E+00
 2.298E-03  6.03938176789150E+00
 2.329E-03  6.17529533877997E+00
 2.361E-03  6.31400326007805E+00
 2.393E-03  6.45555288348429E+00
 2.426E-03  6.59999196525829E+00
 2.459E-03  6.74736865196194E+00
 2.493E-03  6.89773146520799E+00
 2.527E-03  7.05112928538145E+00
 2.561E-03  7.20761133429827E+00
 2.596E-03  7.36722715676544E+00
 2.632E-03  7.53002660100532E+00
 2.668E-03  7.69605979790867E+00
 2.704E-03  7.86537713907700E+00
 2.741E-03  8.03802925361674E+00
 2.778E-03  8.21406698364669E+00
 2.816E-03  8.39354135847988E+00
 2.855E-03  8.57650356743981E+00
 2.894E-03  8.76300493127119E+00
 2.933E-03  8.95309687210569E+00
 2.973E-03  9.14683088194171E+00
 3.014E-03  9.34425848959702E+00
 3.055E-03  9.54543122609478E+00
 3.097E-03  9.75040058844046E+00
 3.139E-03  9.95921800174971E+00
 3.182E-03  1.01719347796856E+01
 3.225E-03  1.03886020831641E+01
 3.269E-03  1.06092708772893E+01
 3.314E-03  1.08339918864728E+01
 3.359E-03  1.10628155477040E+01
 3.405E-03  1.12957919619257E+01
 3.452E-03  1.15329708434786E+01
 3.499E-03  1.17744014675766E+01
 3.546E-03  1.20201326157735E+01
 3.595E-03  1.22702125193853E+01
 3.644E-03  1.25246888008318E+01
 3.694E-03  1.27836084128636E+01
 3.744E-03  1.30470175756396E+01
 3.795E-03  1.33149617116237E+01
 3.847E-03  1.35874853782705E+01
 3.900E-03  1.38646321984710E+01
 3.953E-03  1.41464447887310E+01
 4.007E-03  1.44329646850579E+01
 4.061E-03  1.47242322665328E+01
 4.117E-03  1.50202866765490E+01
 4.173E-03  1.53211657416973E+01
 4.230E-03  1.56269058882858E+01
 4.288E-03  1.59375420564818E+01
 4.346E-03  1.62531076120656E+01
 4.406E-03  1.65736342557958E+01
 4.466E-03  1.68991519303799E+01
 4.527E-03  1.72296887250581E+01
 4.589E-03  1.75652707778038E+01
 4.651E-03  1.79059221751555E+01
 4.715E-03  1.82516648496949E+01
 4.779E-03  1.86025184751941E+01
 4.844E-03  1.89585003594582E+01
 4.911E-03  1.93196253348972E+01
 4.978E-03  1.96859056468660E+01
 5.046E-03  2.00573508398164E+01
 5.114E-03  2.04339676413148E+01
 5.184E-03  2.08157598439837E+01
 5.255E-03  2.12027281854331E+01
 5.327E-03  2.15948702262555E+01
 5.400E-03  2.19921802261678E+01
 5.473E-03  2.23946490183885E+01
 5.548E-03  2.28022638823507E+01
 5.624E-03  2.32150084148585E+01
 5.700E-03  2.36328623998046E+01
 5.778E-03  2.40558016765767E+01
 5.857E-03  2.44837980072905E+01
 5.937E-03  2.49168189429972E+01
 6.018E-03  2.53548276890256E+01
 6.100E-03  2.57977829696299E+01
 6.184E-03  2.62456388921242E+01
 6.268E-03  2.66983448106992E+01
 6.354E-03  2.71558451901296E+01
 6.440E-03  2.76180794695888E+01
 6.528E-03  2.80849819268078E+01
 6.617E-03  2.85564815428222E+01
 6.708E-03  2.90325018675692E+01
 6.799E-03  2.95129608866086E+01
 6.892E-03  2.99977708892586E+01
 6.986E-03  3.04868383384468E+01
 7.082E-03  3.09800637426010E+01
 7.178E-03  3.14773415299073E+01
 7.276E-03  3.19785599252914E+01
 7.376E-03  3.24836008304852E+01
 7.476E-03  3.29923397075600E+01
 7.578E-03  3.35046454663252E+01
 7.682E-03  3.40203803560046E+01
 7.787E-03  3.45393998616200E+01
 7.893E-03  3.50615526055273E+01
 8.001E-03  3.55866802545677E+01
 8.110E-03  3.61146174333105E+01
 8.221E-03  3.66451916438826E+01
 8.333E-03  3.71782231928903E+01
 8.447E-03  3.77135251259635E+01
 8.562E-03  3.82509031704568E+01
 8.679E-03  3.87901556868639E+01
 8.798E-03  3.93310736295152E+01
 8.918E-03  3.98734405171382E+01
 9.039E-03  4.04170324138785E+01
 9.163E-03  4.09616179213872E+01
 9.288E-03  4.15069581825946E+01
 9.415E-03  4.20528068978024E+01
 9.543E-03  4.25989103537301E+01
 9.674E-03  4.31450074661670E+01
 9.806E-03  4.36908298368848E+01
 9.940E-03  4.42361018254718E+01
 1.008E-02  4.47805406367569E+01
 1.021E-02  4.53238564244926E+01
 1.035E-02  4.58657524119660E+01
 1.049E-02  4.64059250302127E+01
 1.064E-02  4.69440640744992E+01
 1.078E-02  4.74798528797398E+01
 1.093E-02  4.80129685155047E+01
 1.108E-02  4.85430820012700E+01
 1.123E-02  4.90698585425456E+01
 1.138E-02  4.95929577885077E+01
 1.154E-02  5.01120341117390E+01
 1.170E-02  5.06267369106685E+01
 1.186E-02  5.11367109352734E+01
 1.202E-02  5.16415966365833E+01
 1.218E-02  5.21410305404957E+01
 1.235E-02  5.26346456463809E+01
 1.252E-02  5.31220718509177E+01
 1.269E-02  5.36029363975580E+01
 1.286E-02  5.40768643519804E+01
 1.304E-02  5.45434791038388E+01
 1.321E-02  5.50024028950624E+01
 1.339E-02  5.54532573749076E+01
 1.358E-02  5.58956641819000E+01
 1.376E-02  5.63292455527380E+01
 1.395E-02  5.67536249581623E+01
 1.414E-02  5.71684277657181E+01
 1.433E-02  5.75732819292577E+01
 1.453E-02  5.79678187049476E+01
 1.473E-02  5.83516733934538E+01
 1.493E-02  5.87244861078846E+01
 1.513E-02  5.90859025669720E+01
 1.534E-02  5.94355749128670E+01
 1.555E-02  5.97731625528164E+01
 1.576E-02  6.00983330238752E+01
 1.598E-02  6.04107628796881E+01
 1.619E-02  6.07101385982522E+01
 1.642E-02  6.09961575094448E+01
 1.664E-02  6.12685287409683E+01
 1.687E-02  6.15269741812273E+01
 1.710E-02  6.17712294575146E+01
 1.733E-02  6.20010449277363E+01
 1.757E-02  6.22161866837622E+01
 1.781E-02  6.24164375643362E+01
 1.805E-02  6.26015981753291E+01
 1.830E-02  6.27714879149584E+01
 1.855E-02  6.29259460014507E+01
 1.880E-02  6.30648325004550E+01
 1.906E-02  6.31880293493629E+01
 1.932E-02  6.32954413755311E+01
 1.958E-02  6.33869973052438E+01
 1.985E-02  6.34626507600954E+01
 2.012E-02  6.35223812373162E+01
 2.039E-02  6.35661950704188E+01
 2.067E-02  6.35941263663862E+01
 2.095E-02  6.36062379154809E+01
 2.124E-02  6.36026220696180E+01
 2.153E-02  6.35834015851095E+01
 2.182E-02  6.35487304254603E+01
 2.212E-02  6.34987945197831E+01
 2.242E-02  6.34338124722888E+01
 2.273E-02  6.33540362182115E+01
 2.304E-02  6.32597516214427E+01
 2.335E-02  6.31512790090748E+01
 2.367E-02  6.30289736379972E+01
 2.400E-02  6.28932260886423E+01
 2.432E-02  6.27444625809514E+01
 2.466E-02  6.25831452076246E+01
 2.499E-02  6.24097720797212E+01
 2.533E-02  6.22248773797149E+01
 2.568E-02  6.20290313171517E+01
 2.603E-02  6.18228399821349E+01
 2.639E-02  6.16069450919633E+01
 2.675E-02  6.13820236263606E+01
 2.711E-02  6.11487873468942E+01
 2.748E-02  6.09079821963491E+01
 2.786E-02  6.06603875740300E+01
 2.824E-02  6.04068154831975E+01
 2.862E-02  6.01481095471062E+01
 2.901E-02  5.98851438904064E+01
 2.941E-02  5.96188218829980E+01
 2.981E-02  5.93500747437796E+01
 3.022E-02  5.90798600021265E+01
 3.063E-02  5.88091598153542E+01
 3.105E-02  5.85389791408756E+01
 3.147E-02  5.82703437622524E+01
 3.190E-02  5.80042981688556E+01
 3.234E-02  5.77419032894067E+01
 3.278E-02  5.74842340802519E+01
 3.323E-02  5.72323769698369E+01
 3.368E-02  5.69874271614947E+01
 3.414E-02  5.67504857973290E+01
 3.461E-02  5.65226569866797E+01
 3.508E-02  5.63050447033763E+01
 3.556E-02  5.60987495567409E+01
 3.604E-02  5.59048654420643E+01
 3.654E-02  5.57244760770748E+01
 3.703E-02  5.55586514317207E+01
 3.754E-02  5.54084440594056E+01
 3.805E-02  5.52748853386471E+01
 3.857E-02  5.51589816349609E+01
 3.910E-02  5.50617103936152E+01
 3.963E-02  5.49840161747336E+01
 4.017E-02  5.49268066430593E+01
 4.072E-02  5.48909485255166E+01
 4.128E-02  5.48772635505137E+01
 4.184E-02  5.48865243837204E+01
 4.241E-02  5.49194505758208E+01
 4.299E-02  5.49767045384794E+01
 4.358E-02  5.50588875654570E+01
 4.417E-02  5.51665359164786E+01
 4.478E-02  5.53001169820713E+01
 4.539E-02  5.54600255481499E+01
 4.601E-02  5.56465801796426E+01
 4.664E-02  5.58600197428850E+01
 4.727E-02  5.61005000868893E+01
 4.792E-02  5.63680909038923E+01
 4.857E-02  5.66627727898028E+01
 4.924E-02  5.69844345253004E+01
 4.991E-02  5.73328705983726E+01
 5.059E-02  5.77077789890182E+01
 5.128E-02  5.81087592366772E+01
 5.198E-02  5.85353108106761E+01
 5.269E-02  5.89868318035855E+01
 5.341E-02  5.94626179668855E+01
 5.414E-02  5.99618621077003E+01
 5.488E-02  6.04836538646126E+01
 5.563E-02  6.10269798796817E+01
 5.639E-02  6.15907243827739E+01
 5.716E-02  6.21736702031637E+01
 5.794E-02  6.27745002220770E+01
 5.873E-02  6.33917992784287E+01
 5.953E-02  6.40240565384453E+01
 6.034E-02  6.46696683381718E+01
 6.116E-02  6.53269415060353E+01
 6.200E-02  6.59940971706758E+01
 6.285E-02  6.66692750571715E+01
 6.370E-02  6.73505382725724E+01
 6.457E-02  6.80358785793273E+01
 6.546E-02  6.87232221527488E+01
 6.635E-02  6.94104358161117E+01
 6.725E-02  7.00953337443378E+01
 6.817E-02  7.07756846244873E+01
 6.910E-02  7.14492192584708E+01
 7.005E-02  7.21136385905147E+01
 7.100E-02  7.27666221389920E+01
 7.197E-02  7.34058368092555E+01
 7.296E-02  7.40289460611188E+01
 7.395E-02  7.46336194016249E+01
 7.496E-02  7.52175421707452E+01
 7.598E-02  7.57784255846735E+01
 7.702E-02  7.63140169984521E+01
 7.807E-02  7.68221103467896E+01
 7.914E-02  7.73005567191439E+01
 8.022E-02  7.77472750224529E+01
 8.132E-02  7.81602626823290E+01
 8.243E-02  7.85376063311151E+01
 8.355E-02  7.88774924289441E+01
 8.469E-02  7.91782177618812E+01
 8.585E-02  7.94381997593803E+01
 8.702E-02  7.96559865716692E+01
 8.821E-02  7.98302668463274E+01
 8.941E-02  7.99598791422484E+01
 9.063E-02  8.00438209184119E+01
 9.187E-02  8.00812570344571E+01
 9.312E-02  8.00715276999572E+01
 9.440E-02  8.00141558095798E+01
 9.568E-02  7.99088536019912E+01
 9.699E-02  7.97555285814427E+01
 9.831E-02  7.95542886424879E+01
 9.966E-02  7.93054463402231E+01
 1.010E-01  7.90095222508519E+01
 1.024E-01  7.86672473702377E+01
 1.038E-01  7.82795645014517E+01
 1.052E-01  7.78476285861435E+01
 1.066E-01  7.73728059388613E+01
 1.081E-01  7.68566723482321E+01
 1.096E-01  7.63010100141661E+01
 1.111E-01  7.57078032959771E+01
 1.126E-01  7.50792332524808E+01
 1.141E-01  7.44176709617513E+01
 1.157E-01  7.37256696152395E+01
 1.173E-01  7.30059553883701E+01
 1.189E-01  7.22614170975001E+01
 1.205E-01  7.14950946612070E+01
 1.221E-01  7.07101663922302E+01
 1.238E-01  6.99099351549751E+01
 1.255E-01  6.90978134322425E+01
 1.272E-01  6.82773073537191E+01
 1.289E-01  6.74519997476850E+01
 1.307E-01  6.66255322862992E+01
 1.325E-01  6.58015868036387E+01
 1.343E-01  6.49838658743206E+01
 1.361E-01  6.41760727489388E+01
 1.380E-01  6.33818907506339E+01
 1.399E-01  6.26049622447823E+01
 1.418E-01  6.18488673009701E+01
 1.437E-01  6.11171021730218E+01
 1.457E-01  6.04130577287853E+01
 1.477E-01  5.97399979665752E+01
 1.497E-01  5.91010387595455E+01
 1.517E-01  5.84991269727359E+01
 1.538E-01  5.79370201000421E+01
 1.559E-01  5.74172665698315E+01
 1.580E-01  5.69421868683086E+01
 1.602E-01  5.65138556289737E+01
 1.624E-01  5.61340848345776E+01
 1.646E-01  5.58044082748194E+01
 1.668E-01  5.55260673986380E+01
 1.691E-01  5.52999986943041E+01
 1.714E-01  5.51268227236199E+01
 1.738E-01  5.50068349283904E+01
 1.761E-01  5.49399983179621E+01
 1.785E-01  5.49259381360639E+01
 1.810E-01  5.49639385934725E+01
 1.834E-01  5.50529417402202E+01
 1.860E-01  5.51915485372294E+01
 1.885E-01  5.53780221724779E+01
 1.911E-01  5.56102936511702E+01
 1.937E-01  5.58859696730035E+01
 1.963E-01  5.62023427926120E+01
 1.990E-01  5.65564038417589E+01
 2.017E-01  5.69448565739758E+01
 2.045E-01  5.73641344742738E+01
 2.073E-01  5.78104196584302E+01
 2.101E-01  5.82796637683505E+01
 2.130E-01  5.87676107523136E+01
 2.159E-01  5.92698214016814E+01
 2.188E-01  5.97816994990933E+01
 2.218E-01  6.02985194174468E+01
 2.248E-01  6.08154549942571E+01
 2.279E-01  6.13276094924761E+01
 2.310E-01  6.18300464466857E+01
 2.342E-01  6.23178211829194E+01
 2.374E-01  6.27860127913496E+01
 2.406E-01  6.32297563238216E+01
 2.439E-01  6.36442749828312E+01
 2.472E-01  6.40249120651087E+01
 2.506E-01  6.43671624215588E+01
 2.540E-01  6.46667031959472E+01
 2.575E-01  6.49194236074437E+01
 2.610E-01  6.51214535469253E+01
 2.646E-01  6.52691907637739E+01
 2.682E-01  6.53593264287370E+01
 2.718E-01  6.53888688691619E+01
 2.755E-01  6.53551652854978E+01
 2.793E-01  6.52559212722491E+01
 2.831E-01  6.50892179824428E+01
 2.870E-01  6.48535267919983E+01
 2.909E-01  6.45477213389923E+01
 2.949E-01  6.41710868325387E+01
 2.989E-01  6.37233265466708E+01
 3.030E-01  6.32045654360385E+01
 3.071E-01  6.26153508322369E+01
 3.113E-01  6.19566502019720E+01
 3.156E-01  6.12298459708636E+01
 3.199E-01  6.04367274392962E+01
 3.242E-01  5.95794798391843E+01
 3.287E-01  5.86606706026396E+01
 3.331E-01  5.76832329351485E+01
 3.377E-01  5.66504468068329E+01
 3.423E-01  5.55659174955190E+01
 3.470E-01  5.44335518345378E+01
 3.517E-01  5.32575323362881E+01
 3.565E-01  5.20422893794820E+01
 3.614E-01  5.07924716635431E+01
 3.663E-01  4.95129151477190E+01
 3.713E-01  4.82086107050091E+01
 3.764E-01  4.68846707318734E+01
 3.815E-01  4.55462949638021E+01
 3.867E-01  4.41987357540885E+01
 3.920E-01  4.28472630784748E+01
 3.974E-01  4.14971295316609E+01
 4.028E-01  4.01535355829037E+01
 4.083E-01  3.88215953570298E+01
 4.139E-01  3.75063032040863E+01
 4.195E-01  3.62125013155245E+01
 4.252E-01  3.49448486372263E+01
 4.311E-01  3.37077913198319E+01
 4.369E-01  3.25055349347375E+01
 4.429E-01  3.13420186698257E+01
 4.489E-01  3.02208917025531E+01
 4.551E-01  2.91454919295370E+01
 4.613E-01  2.81188272113895E+01
 4.676E-01  2.71435592694213E+01
 4.740E-01  2.62219903471662E+01
 4.804E-01  2.53560527247236E+01
 4.870E-01  2.45473011479468E+01
 4.936E-01  2.37969082078314E+01
 5.004E-01  2.31056626784202E+01
 5.072E-01  2.24739707944924E+01
 5.141E-01  2.19018604235993E+01
 5.212E-01  2.13889880610119E+01
 5.283E-01  2.09346485511861E+01
 5.355E-01  2.05377874157454E+01
 5.428E-01  2.01970156459823E+01
 5.502E-01  1.99106267977202E+01
 5.577E-01  1.96766162082029E+01
 5.653E-01  1.94927021386152E+01
 5.731E-01  1.93563486319331E+01
 5.809E-01  1.92647898640943E+01
 5.888E-01  1.92150557569523E+01
 5.969E-01  1.92039986141354E+01
 6.050E-01  1.92283205357337E+01
 6.133E-01  1.92846013647000E+01
 6.216E-01  1.93693269169489E+01
 6.301E-01  1.94789172484021E+01
 6.387E-01  1.96097547156657E+01
 6.474E-01  1.97582115926532E+01
 6.563E-01  1.99206770132987E+01
 6.652E-01  2.00935830205185E+01
 6.743E-01  2.02734295137419E+01
 6.835E-01  2.04568079015644E+01
 6.929E-01  2.06404232822633E+01
 7.023E-01  2.08211149928990E+01
 7.119E-01  2.09958753873115E+01
 7.216E-01  2.11618667242626E+01
 7.315E-01  2.13164360690087E+01
 7.415E-01  2.14571281344126E+01
 7.516E-01  2.15816960109940E+01
 7.618E-01  2.16881097587520E+01
 7.723E-01  2.17745628568245E+01
 7.828E-01  2.18394765297584E+01
 7.935E-01  2.18815019910206E+01
 8.043E-01  2.18995206650972E+01
 8.153E-01  2.18926424688193E+01
 8.264E-01  2.18602022501925E+01
 8.377E-01  2.18017544987776E+01
 8.491E-01  2.17170664554110E+01
 8.607E-01  2.16061097606405E+01
 8.725E-01  2.14690507906052E+01
 8.844E-01  2.13062398361628E+01
 8.965E-01  2.11181992858727E+01
 9.087E-01  2.09056109760129E+01
 9.211E-01  2.06693028712259E+01
 9.337E-01  2.04102352377554E+01
 9.464E-01  2.01294864677003E+01
 9.594E-01  1.98282387074219E+01
 9.725E-01  1.95077634363929E+01
 9.857E-01  1.91694071345505E+01
 9.992E-01  1.88145771668280E+01
 1.013E+00  1.84447280031926E+01
 1.027E+00  1.80613478814219E+01
 1.041E+00  1.76659460082194E+01
 1.055E+00  1.72600403822903E+01
 1.069E+00  1.68451463108717E+01
 1.084E+00  1.64227656791057E+01
 1.099E+00  1.59943770197242E+01
 1.114E+00  1.55614264189235E+01
 1.129E+00  1.51253192831769E+01
 1.144E+00  1.46874129811637E+01
 1.160E+00  1.42490103650900E+01
 1.176E+00  1.38113541664952E+01
 1.192E+00  1.33756222532496E+01
 1.208E+00  1.29429237268815E+01
 1.225E+00  1.25142958326540E+01
 1.241E+00  1.20907016489501E+01
 1.258E+00  1.16730285175190E+01
 1.275E+00  1.12620871719648E+01
 1.293E+00  1.08586115185022E+01
 1.310E+00  1.04632590204264E+01
 1.328E+00  1.00766116359018E+01
 1.347E+00  9.69917725752935E+00
 1.365E+00  9.33139160164197E+00
 1.384E+00  8.97362049536085E+00
 1.402E+00  8.62616251005689E+00
 1.422E+00  8.28925189095130E+00
 1.441E+00  7.96306173409690E+00
 1.461E+00  7.64770736385345E+00
 1.481E+00  7.34324986614994E+00
 1.501E+00  7.04969973526404E+00
 1.521E+00  6.76702059448996E+00
 1.542E+00  6.49513295386718E+00
 1.563E+00  6.23391797105559E+00
 1.584E+00  5.98322118442777E+00
 1.606E+00  5.74285619046814E+00
 1.628E+00  5.51260824058479E+00
 1.650E+00  5.29223773542391E+00
 1.673E+00  5.08148359769794E+00
 1.696E+00  4.88006650737360E+00
 1.719E+00  4.68769198579295E+00
 1.742E+00  4.50405331790043E+00
 1.766E+00  4.32883430420654E+00
 1.790E+00  4.16171183642246E+00
 1.815E+00  4.00235829283886E+00
 1.839E+00  3.85044375149056E+00
 1.864E+00  3.70563802094189E+00
 1.890E+00  3.56761249014304E+00
 1.916E+00  3.43604180024705E+00
 1.942E+00  3.31060534254058E+00
 1.968E+00  3.19098858773522E+00
 1.995E+00  3.07688425279402E+00
 2.022E+00  2.96799331223796E+00
 2.050E+00  2.86402586149701E+00
 2.078E+00  2.76470184034972E+00
 2.106E+00  2.66975162484374E+00
 2.135E+00  2.57891649631754E+00
 2.164E+00  2.49194899626270E+00
 2.194E+00  2.40861317578599E+00
 2.224E+00  2.32868474836429E+00
 2.254E+00  2.25195115444163E+00
 2.285E+00  2.17821154620977E+00
 2.316E+00  2.10727670064958E+00
 2.348E+00  2.03896886860129E+00
 2.380E+00  1.97312156728680E+00
 2.412E+00  1.90957932333371E+00
 2.445E+00  1.84819737295828E+00
 2.479E+00  1.78884132555915E+00
 2.513E+00  1.73138679656139E+00
 2.547E+00  1.67571901493832E+00
 2.582E+00  1.62173241042949E+00
 2.617E+00  1.56933018507287E+00
 2.653E+00  1.51842387328018E+00
 2.689E+00  1.46893289430923E+00
 2.725E+00  1.42078410062886E+00
 2.763E+00  1.37391132533082E+00
 2.800E+00  1.32825493142138E+00
 2.839E+00  1.28376136552288E+00
 2.877E+00  1.24038271823227E+00
 2.917E+00  1.19807629312090E+00
 2.956E+00  1.15680418611473E+00
 2.997E+00  1.11653287676880E+00
 3.038E+00  1.07723283274093E+00
 3.079E+00  1.03887812857774E+00
 3.121E+00  1.00144607974978E+00
 3.164E+00  9.64916892710249E-01
 3.207E+00  9.29273331602787E-01
 3.251E+00  8.94500402107184E-01
 3.295E+00  8.60585052785601E-01
 3.340E+00  8.27515894176080E-01
 3.386E+00  7.95282935772963E-01
 3.432E+00  7.63877340934891E-01
 3.479E+00  7.33291199669339E-01
 3.526E+00  7.03517319157587E-01
 3.575E+00  6.74549031805027E-01
 3.623E+00  6.46380020528222E-01
 3.673E+00  6.19004160921943E-01
 3.723E+00  5.92415379886098E-01
 3.774E+00  5.66607530233872E-01
 3.825E+00  5.41574280748501E-01
 3.878E+00  5.17309021106713E-01
 3.930E+00  4.93804781042090E-01
 3.984E+00  4.71054163081487E-01
 4.039E+00  4.49049288152176E-01
 4.094E+00  4.27781753326825E-01
 4.150E+00  4.07242600947699E-01
 4.206E+00  3.87422298350844E-01
 4.264E+00  3.68310727395491E-01
 4.322E+00  3.49897182993592E-01
 4.381E+00  3.32170379829300E-01
 4.441E+00  3.15118466458358E-01
 4.501E+00  2.98729045982717E-01
 4.563E+00  2.82989202506094E-01
 4.625E+00  2.67885532591649E-01
 4.688E+00  2.53404180963110E-01
 4.752E+00  2.39530879715387E-01
 4.817E+00  2.26250990329681E-01
 4.883E+00  2.13549547820955E-01
 4.950E+00  2.01411306381993E-01
 5.017E+00  1.89820785927771E-01
 5.086E+00  1.78762318985975E-01
 5.155E+00  1.68220097423777E-01
 5.225E+00  1.58178218546966E-01
 5.297E+00  1.48620730154603E-01
 5.369E+00  1.39531674180162E-01
 5.442E+00  1.30895128597966E-01
 5.517E+00  1.22695247321264E-01
 5.592E+00  1.14916297864937E-01
 5.668E+00  1.07542696591178E-01
 5.746E+00  1.00559041400091E-01
 5.824E+00  9.39501417686561E-02
 5.904E+00  8.77010460805190E-02
 5.984E+00  8.17970662253052E-02
 6.066E+00  7.62237994794184E-02
 6.149E+00  7.09671477102804E-02
 6.233E+00  6.60133339726395E-02
 6.318E+00  6.13489165887899E-02
 6.404E+00  5.69608008242750E-02
 6.491E+00  5.28362482869035E-02
 6.580E+00  4.89628841897655E-02
 6.670E+00  4.53287026284855E-02
 6.761E+00  4.19220700293651E-02
 6.853E+00  3.87317269285189E-02
 6.947E+00  3.57467882428252E-02
 7.042E+00  3.29567421917502E-02
 7.138E+00  3.03514480251170E-02
 7.235E+00  2.79211327059819E-02
 7.334E+00  2.56563866902314E-02
 7.434E+00  2.35481589356257E-02
 7.536E+00  2.15877512630998E-02
 7.639E+00  1.97668121824592E-02
 7.743E+00  1.80773302834773E-02
 7.849E+00  1.65116272820567E-02
 7.956E+00  1.50623507998155E-02
 8.064E+00  1.37224669444151E-02
 8.174E+00  1.24852527473504E-02
 8.286E+00  1.13442885059481E-02
 8.399E+00  1.02934500670961E-02
 8.514E+00  9.32690108187102E-03
 8.630E+00  8.43908525280682E-03
 8.748E+00  7.62471858912346E-03
 8.867E+00  6.87878167981712E-03
 8.988E+00  6.19651199010939E-03
 9.111E+00  5.57339618333219E-03
 9.235E+00  5.00516246784035E-03
 9.362E+00  4.48777296693354E-03
 9.489E+00  4.01741610895126E-03
 9.619E+00  3.59049903459108E-03
 9.750E+00  3.20364001899055E-03
 9.883E+00  2.85366090710705E-03
 1.002E+01  2.53757956231523E-03
 1.016E+01  2.25260232982106E-03
 1.029E+01  1.99611651835847E-03
 1.043E+01  1.76568290559613E-03
 1.058E+01  1.55902827464748E-03
 1.072E+01  1.37403799096924E-03
 1.087E+01  1.20874863068247E-03
 1.102E+01  1.06134067289860E-03
 1.117E+01  9.30131269933626E-04
 1.132E+01  8.13567110314455E-04
 1.147E+01  7.10217390195161E-04
 1.163E+01  6.18766909199837E-04
 1.179E+01  5.38009306788141E-04
 1.195E+01  4.66840455007940E-04
 1.211E+01  4.04252022971787E-04
 1.228E+01  3.49325227592879E-04
 1.245E+01  3.01224784069790E-04
 1.262E+01  2.59193068350111E-04
 1.279E+01  2.22544502366990E-04
 1.296E+01  1.90660171266150E-04
 1.314E+01  1.62982680163033E-04
 1.332E+01  1.39011256227897E-04
 1.350E+01  1.18297100126846E-04
 1.368E+01  1.00438989083577E-04
 1.387E+01  8.50791321011059E-05
 1.406E+01  7.18992762232160E-05
 1.425E+01  6.06170611461018E-05
 1.445E+01  5.09826180319982E-05
 1.464E+01  4.27754070450738E-05
 1.484E+01  3.58012869378969E-05
 1.505E+01  2.98898089727329E-05
 1.525E+01  2.48917265706770E-05
 1.546E+01  2.06767113445466E-05
 1.567E+01  1.71312655866777E-05
 1.589E+01  1.41568208460415E-05
 1.610E+01  1.16680119335511E-05
 1.632E+01  9.59111553136887E-06
 1.655E+01  7.86264254125574E-06
 1.677E+01  6.42807337722474E-06
 1.700E+01  5.24072557679677E-06
 1.723E+01  4.26074336062301E-06
 1.747E+01  3.45419909948302E-06
 1.771E+01  2.79229703827391E-06
 1.795E+01  2.25067006657546E-06
 1.819E+01  1.80876080324626E-06
 1.844E+01  1.44927876765967E-06
 1.869E+01  1.15772593280191E-06
 1.895E+01  9.21983486651593E-07
 1.921E+01  7.31953160184660E-07
 1.947E+01  5.79247006732210E-07
 1.974E+01  4.56924110023333E-07
 2.000E+01  3.59287355143755E-07
 2.028E+01  2.81606964339541E-07
 2.055E+01  2.20003749387803E-07
 2.084E+01  1.71310253775420E-07
 2.112E+01  1.32948758629555E-07
 2.141E+01  1.02828534335358E-07
 2.170E+01  7.92596084807499E-08
 2.200E+01  6.08806540730635E-08
 2.230E+01  4.65989036998296E-08
 2.260E+01  3.55402667374453E-08
 2.291E+01  2.70080696633361E-08
 2.322E+01  2.04490558856642E-08
 2.354E+01  1.54254732175035E-08
 2.386E+01  1.15922461566445E-08
 2.419E+01  8.67837843963870E-09
 2.452E+01  6.47186082698338E-09
 2.485E+01  4.80747158582170E-09
 2.519E+01  3.55695442173184E-09
 2.554E+01  2.62114232738238E-09
 2.588E+01  1.92366750939304E-09
 2.624E+01  1.40595865734227E-09
 2.660E+01  1.02327864474290E-09
 2.696E+01  7.41599497764448E-10
 2.733E+01  5.35148215015406E-10
 2.770E+01  3.84487740966293E-10
 2.808E+01  2.75022950682694E-10
 2.846E+01  1.95842658782577E-10
 2.885E+01  1.38826092490524E-10
 2.924E+01  9.79565535061915E-11
 2.964E+01  6.87966444818237E-11
 3.005E+01  4.80888912721078E-11
 3.046E+01  3.34532269012771E-11
 3.087E+01  2.31589366252850E-11
 3.130E+01  1.59535655585893E-11
 3.172E+01  1.09351880599213E-11
 3.216E+01  7.45752106764056E-12
 3.259E+01  5.05978932632029E-12
 3.304E+01  3.41514894068913E-12
 3.349E+01  2.29295357598325E-12
 3.395E+01  1.53129185869698E-12
 3.441E+01  1.01710560295105E-12
 3.488E+01  6.71873175576354E-13
 3.536E+01  4.41356079287891E-13
 3.584E+01  2.88295854369228E-13
 3.633E+01  1.87241285397157E-13
 3.683E+01  1.20905137269334E-13
 3.733E+01  7.76127976682147E-14
 3.784E+01  4.95259034092146E-14
 3.835E+01  3.14127901271551E-14
 3.888E+01  1.98024862663238E-14
 3.941E+01  1.24061090696773E-14
 3.995E+01  7.72355414357457E-15
 4.049E+01  4.77779015405044E-15
 4.104E+01  2.93648140560033E-15
 4.161E+01  1.79299574730189E-15
 4.217E+01  1.08753707813778E-15
 4.275E+01  6.55212478104723E-16
 4.333E+01  3.92060842904105E-16
 4.392E+01  2.32979360965291E-16
 4.452E+01  1.37477961825623E-16
 4.513E+01  8.05487794676998E-17
 4.575E+01  4.68547272138317E-17
 4.637E+01  2.70566948754269E-17
 4.701E+01  1.55089253348783E-17
 4.765E+01  8.82336685404768E-18
 4.830E+01  4.98190623624217E-18
 4.896E+01  2.79147726667457E-18
 4.963E+01  1.55213740723425E-18
 5.030E+01  8.56418480522055E-19
 5.099E+01  4.68971422227442E-19
 5.169E+01  2.54939692609376E-19
 5.239E+01  1.37671084022468E-19
 5.311E+01  7.39519245438073E-20
 5.383E+01  3.96215937652098E-20
 5.457E+01  2.12858367009690E-20
 5.531E+01  1.15836322724094E-20
 5.607E+01  0.00000000000000E+00
 5.683E+01  0.00000000000000E+00
 5.761E+01  0.00000000000000E+00
 5.839E+01  0.00000000000000E+00
 5.919E+01  0.00000000000000E+00
 6.000E+01  0.00000000000000E+00
