line2: Z,NR,R(1),R(NR) /line3,4,...: R(N),RHO*4*PI*R(N)**2
38.00  2000  1.01365245284744E-10  6.00000000000000E+01
 1.014E-10  2.18943578296646E-14
 1.027E-10  2.24723487259733E-14
 1.042E-10  2.30655980499829E-14
 1.056E-10  2.46666691259516E-14
 1.070E-10  2.53178464888926E-14
 1.085E-10  2.59862143349124E-14
 1.100E-10  2.66722264768655E-14
 1.115E-10  2.73763487079591E-14
 1.130E-10  2.80990591178667E-14
 1.145E-10  2.88408484173985E-14
 1.161E-10  2.96022202716803E-14
 1.177E-10  3.03836916421299E-14
 1.193E-10  3.11857931374718E-14
 1.209E-10  3.20090693740140E-14
 1.226E-10  3.28540793454296E-14
 1.242E-10  3.37213968023148E-14
 1.259E-10  3.46116106417505E-14
 1.276E-10  3.55253253071576E-14
 1.294E-10  3.64631611987095E-14
 1.312E-10  3.74257550945721E-14
 1.329E-10  3.84137605832688E-14
 1.348E-10  3.94278485074545E-14
 1.366E-10  4.04687074194162E-14
 1.385E-10  4.15370440485892E-14
 1.404E-10  4.26335837814098E-14
 1.423E-10  4.37590711538531E-14
 1.442E-10  4.49142703569558E-14
 1.462E-10  4.60999657556939E-14
 1.482E-10  4.73169624215591E-14
 1.502E-10  4.85660866791855E-14
 1.523E-10  4.98481866674206E-14
 1.543E-10  5.11641329151963E-14
 1.564E-10  5.25148189326043E-14
 1.586E-10  5.39011618175790E-14
 1.607E-10  5.53241028785981E-14
 1.629E-10  5.67846082738160E-14
 1.652E-10  5.82836696670734E-14
 1.674E-10  5.98223049012227E-14
 1.697E-10  6.14015586892290E-14
 1.720E-10  6.30225033235191E-14
 1.744E-10  6.46862394040519E-14
 1.767E-10  6.63938965856114E-14
 1.792E-10  6.81466343448259E-14
 1.816E-10  6.99456427674437E-14
 1.841E-10  7.17921433563803E-14
 1.866E-10  7.36873898610995E-14
 1.891E-10  7.56326691288958E-14
 1.917E-10  7.76293019786511E-14
 1.943E-10  7.96786440976500E-14
 1.970E-10  8.17820869620678E-14
 1.997E-10  8.39410587817713E-14
 2.024E-10  8.61570254700544E-14
 2.052E-10  8.84314916389742E-14
 2.080E-10  9.07660016209509E-14
 2.108E-10  9.31621405173643E-14
 2.137E-10  9.56215352748170E-14
 2.166E-10  9.81458557897935E-14
 2.196E-10  1.00736816042512E-13
 2.226E-10  1.03396175260687E-13
 2.256E-10  1.06125739114030E-13
 2.287E-10  1.08927360940261E-13
 2.318E-10  1.11802943003518E-13
 2.350E-10  1.14754437785956E-13
 2.382E-10  1.17783849313456E-13
 2.414E-10  1.20893234516348E-13
 2.447E-10  1.24084704626013E-13
 2.481E-10  1.27360426608405E-13
 2.515E-10  1.30722624635385E-13
 2.549E-10  1.34173581594895E-13
 2.584E-10  1.37715640641018E-13
 2.619E-10  1.41351206784954E-13
 2.655E-10  1.45082748527978E-13
 2.691E-10  1.48912799537515E-13
 2.728E-10  1.52843960367485E-13
 2.765E-10  1.56878900224046E-13
 2.803E-10  1.61020358777922E-13
 2.841E-10  1.65271148024628E-13
 2.880E-10  1.69634154193772E-13
 2.919E-10  1.74112339708755E-13
 2.959E-10  1.78708745198234E-13
 2.999E-10  1.83426491560664E-13
 3.040E-10  1.88268782083341E-13
 3.082E-10  1.93238904617391E-13
 3.124E-10  1.98340233810180E-13
 3.166E-10  2.03576233396663E-13
 3.210E-10  2.08950458551198E-13
 3.253E-10  2.14466558301480E-13
 3.298E-10  2.20128278006162E-13
 3.343E-10  2.25939461897916E-13
 3.389E-10  2.31904055693617E-13
 3.435E-10  2.38026109273431E-13
 3.482E-10  2.44309779430626E-13
 3.529E-10  2.50759332693978E-13
 3.577E-10  2.57379148224704E-13
 3.626E-10  2.64173720789830E-13
 3.676E-10  2.71147663814093E-13
 3.726E-10  2.78305712512388E-13
 3.777E-10  2.85652727104919E-13
 3.828E-10  2.93193696117238E-13
 3.881E-10  3.00933739767354E-13
 3.934E-10  3.08878113442325E-13
 3.987E-10  3.17032211266584E-13
 4.042E-10  3.25401569764460E-13
 4.097E-10  3.33991871619447E-13
 4.153E-10  3.42808949532621E-13
 4.210E-10  3.51858790183000E-13
 4.267E-10  3.61147538292429E-13
 4.325E-10  3.70681500797705E-13
 4.384E-10  3.80467151132982E-13
 4.444E-10  3.90511133625087E-13
 4.505E-10  4.00820268004958E-13
 4.566E-10  4.11401554038132E-13
 4.629E-10  4.22262176277502E-13
 4.692E-10  4.33409508941570E-13
 4.756E-10  4.44851120921371E-13
 4.821E-10  4.56594780919685E-13
 4.887E-10  4.68648462725881E-13
 4.953E-10  4.81020350630027E-13
 5.021E-10  4.93718844979921E-13
 5.090E-10  5.06752567884774E-13
 5.159E-10  5.20130369069514E-13
 5.230E-10  5.33861331883694E-13
 5.301E-10  5.47954779468852E-13
 5.373E-10  5.62420281088914E-13
 5.447E-10  5.77267658627588E-13
 5.521E-10  5.92506993257116E-13
 5.596E-10  6.08148632283529E-13
 5.673E-10  6.24203196172178E-13
 5.750E-10  6.40681585758792E-13
 5.829E-10  6.57594989651210E-13
 5.908E-10  6.74954891826198E-13
 5.989E-10  6.92773079426883E-13
 6.071E-10  7.11061650766089E-13
 6.154E-10  7.29833023540973E-13
 6.238E-10  7.49099943264384E-13
 6.323E-10  7.68875491919016E-13
 6.409E-10  7.89173096839842E-13
 6.497E-10  8.10006539831021E-13
 6.585E-10  8.31389966523690E-13
 6.675E-10  8.53337895980564E-13
 6.766E-10  8.75865230554228E-13
 6.859E-10  8.98987266005618E-13
 6.952E-10  9.22719701889663E-13
 7.047E-10  9.47078652215022E-13
 7.144E-10  9.72080656385322E-13
 7.241E-10  9.97742690429228E-13
 7.340E-10  1.02408217852683E-12
 7.440E-10  1.05111700484052E-12
 7.542E-10  1.07886552565810E-12
 7.645E-10  1.10734658185636E-12
 7.749E-10  1.13657951169395E-12
 7.855E-10  1.16658416394154E-12
 7.962E-10  1.19738091135912E-12
 8.071E-10  1.22899066452878E-12
 8.181E-10  1.26143488605259E-12
 8.293E-10  1.29473560512558E-12
 8.406E-10  1.32891543249310E-12
 8.521E-10  1.36399757580336E-12
 8.637E-10  1.40000585536503E-12
 8.755E-10  1.43696472032089E-12
 8.874E-10  1.47489926524867E-12
 8.996E-10  1.51383524719956E-12
 9.118E-10  1.55379910318726E-12
 9.243E-10  1.59481796813822E-12
 9.369E-10  1.63691969331580E-12
 9.497E-10  1.68013286523108E-12
 9.627E-10  1.72448682505245E-12
 9.758E-10  1.77001168852825E-12
 9.891E-10  1.81673836643473E-12
 1.003E-09  1.86469858556394E-12
 1.016E-09  1.91392491026603E-12
 1.030E-09  1.96445076455986E-12
 1.044E-09  2.01631045482757E-12
 1.059E-09  2.06953919310797E-12
 1.073E-09  2.12417312100527E-12
 1.088E-09  2.18024933422867E-12
 1.102E-09  2.23780590777956E-12
 1.118E-09  2.29688192180443E-12
 1.133E-09  2.35751748812943E-12
 1.148E-09  2.41975377749578E-12
 1.164E-09  2.48363304751427E-12
 1.180E-09  2.54919867135756E-12
 1.196E-09  2.61649516720988E-12
 1.212E-09  2.68556822849460E-12
 1.229E-09  2.75646475489893E-12
 1.246E-09  2.82923288421851E-12
 1.263E-09  2.90392202504245E-12
 1.280E-09  2.98058289030077E-12
 1.297E-09  3.05926753169781E-12
 1.315E-09  3.14002937505500E-12
 1.333E-09  3.22292325658599E-12
 1.351E-09  3.30800546012951E-12
 1.370E-09  3.39533375536588E-12
 1.388E-09  3.48496743704142E-12
 1.407E-09  3.57696736522876E-12
 1.426E-09  3.67139600665026E-12
 1.446E-09  3.76831747709178E-12
 1.466E-09  3.86779758493673E-12
 1.486E-09  3.96990387584904E-12
 1.506E-09  4.07470567863543E-12
 1.527E-09  4.18227415231897E-12
 1.547E-09  4.29268233445500E-12
 1.568E-09  4.40600519072296E-12
 1.590E-09  4.52231966582648E-12
 1.612E-09  4.64170473573833E-12
 1.634E-09  4.76424146132388E-12
 1.656E-09  4.89001304338001E-12
 1.679E-09  5.01910487912771E-12
 1.701E-09  5.15160462019536E-12
 1.725E-09  5.28760223213351E-12
 1.748E-09  5.42719005549944E-12
 1.772E-09  5.57046286855580E-12
 1.796E-09  5.71751795162352E-12
 1.821E-09  5.86845515313358E-12
 1.846E-09  6.02337695742347E-12
 1.871E-09  6.18238855432199E-12
 1.896E-09  6.34559791057172E-12
 1.922E-09  6.51311584313710E-12
 1.949E-09  6.68505609444796E-12
 1.975E-09  6.86153540962895E-12
 2.002E-09  7.04267361576690E-12
 2.029E-09  7.22859370327340E-12
 2.057E-09  7.41942190939265E-12
 2.085E-09  7.61528780391464E-12
 2.114E-09  7.81632437715226E-12
 2.143E-09  8.02266813023841E-12
 2.172E-09  8.23445916780946E-12
 2.201E-09  8.45184129313465E-12
 2.232E-09  8.67496210575550E-12
 2.262E-09  8.90397310170477E-12
 2.293E-09  9.13902977636913E-12
 2.324E-09  9.38029173006992E-12
 2.356E-09  9.62792277642819E-12
 2.388E-09  9.88209105359284E-12
 2.421E-09  1.01429691384031E-11
 2.454E-09  1.04107341635666E-11
 2.487E-09  1.06855679379307E-11
 2.521E-09  1.09676570699258E-11
 2.556E-09  1.12571930942725E-11
 2.590E-09  1.15543726020301E-11
 2.626E-09  1.18593973740789E-11
 2.662E-09  1.21724745181262E-11
 2.698E-09  1.24938166093303E-11
 2.735E-09  1.28236418346372E-11
 2.772E-09  1.31621741409237E-11
 2.810E-09  1.35096433870567E-11
 2.848E-09  1.38662854999627E-11
 2.887E-09  1.42323426348201E-11
 2.927E-09  1.46080633394782E-11
 2.967E-09  1.49937027232186E-11
 3.007E-09  1.53895226299692E-11
 3.048E-09  1.57957918160957E-11
 3.090E-09  1.62127861328804E-11
 3.132E-09  1.66407887138214E-11
 3.175E-09  1.70800901668790E-11
 3.218E-09  1.75309887717924E-11
 3.262E-09  1.79937906826082E-11
 3.307E-09  1.84688101355535E-11
 3.352E-09  1.89563696623992E-11
 3.398E-09  1.94568003094548E-11
 3.444E-09  1.99704418623435E-11
 3.491E-09  2.04976430767109E-11
 3.539E-09  2.10387619150269E-11
 3.587E-09  2.15941657896362E-11
 3.636E-09  2.21642318122280E-11
 3.685E-09  2.27493470498864E-11
 3.736E-09  2.33499087879053E-11
 3.787E-09  2.39663247995408E-11
 3.838E-09  2.45990136228793E-11
 3.891E-09  2.52484048450241E-11
 3.944E-09  2.59149393937748E-11
 3.998E-09  2.65990698370138E-11
 4.052E-09  2.73012606899940E-11
 4.108E-09  2.80219887307332E-11
 4.164E-09  2.87617433237444E-11
 4.221E-09  2.95210267523068E-11
 4.278E-09  3.03003545595077E-11
 4.337E-09  3.11002558982889E-11
 4.396E-09  3.19212738907364E-11
 4.456E-09  3.27639659968475E-11
 4.517E-09  3.36289043930428E-11
 4.578E-09  3.45166763606664E-11
 4.641E-09  3.54278846847360E-11
 4.704E-09  3.63631480632318E-11
 4.769E-09  3.73231015271787E-11
 4.834E-09  3.83083968718241E-11
 4.900E-09  3.93197030992039E-11
 4.967E-09  4.03577068723750E-11
 5.034E-09  4.14231129816562E-11
 5.103E-09  4.25166448231669E-11
 5.173E-09  4.36390448900095E-11
 5.243E-09  4.47910752764068E-11
 5.315E-09  4.59735181951448E-11
 5.388E-09  4.71871765087010E-11
 5.461E-09  4.84328742743627E-11
 5.536E-09  4.97114573037603E-11
 5.611E-09  5.10237937371505E-11
 5.688E-09  5.23707746328759E-11
 5.765E-09  5.37533145723829E-11
 5.844E-09  5.51723522812060E-11
 5.924E-09  5.66288512663545E-11
 6.005E-09  5.81238004705077E-11
 6.087E-09  5.96582149435006E-11
 6.170E-09  6.12331365315338E-11
 6.254E-09  6.28496345845611E-11
 6.340E-09  6.45088066823648E-11
 6.426E-09  6.62117793797999E-11
 6.514E-09  6.79597089717068E-11
 6.603E-09  6.97537822780178E-11
 6.693E-09  7.15952174495864E-11
 6.784E-09  7.34852647953051E-11
 6.877E-09  7.54252076310355E-11
 6.971E-09  7.74163631509596E-11
 7.066E-09  7.94600833219502E-11
 7.162E-09  8.15577558015220E-11
 7.260E-09  8.37108048800331E-11
 7.359E-09  8.59206924477555E-11
 7.460E-09  8.81889189874849E-11
 7.562E-09  9.05170245933423E-11
 7.665E-09  9.29065900164667E-11
 7.770E-09  9.53592377383374E-11
 7.876E-09  9.78766330723980E-11
 7.983E-09  1.00460485294785E-10
 8.092E-09  1.03112548804908E-10
 8.203E-09  1.05834624316650E-10
 8.315E-09  1.08628560081036E-10
 8.428E-09  1.11496253141151E-10
 8.543E-09  1.14439650620223E-10
 8.660E-09  1.17460751043674E-10
 8.778E-09  1.20561605696090E-10
 8.898E-09  1.23744320014030E-10
 9.019E-09  1.27011055015559E-10
 9.142E-09  1.30364028767563E-10
 9.267E-09  1.33805517891783E-10
 9.394E-09  1.37337859110596E-10
 9.522E-09  1.40963450833626E-10
 9.652E-09  1.44684754786210E-10
 9.784E-09  1.48504297680888E-10
 9.917E-09  1.52424672932992E-10
 1.005E-08  1.56448542421538E-10
 1.019E-08  1.60578638296604E-10
 1.033E-08  1.64817764834406E-10
 1.047E-08  1.69168800341380E-10
 1.061E-08  1.73634699108478E-10
 1.076E-08  1.78218493417104E-10
 1.090E-08  1.82923295597986E-10
 1.105E-08  1.87752300144381E-10
 1.120E-08  1.92708785881121E-10
 1.136E-08  1.97796118190843E-10
 1.151E-08  2.03017751299044E-10
 1.167E-08  2.08377230619475E-10
 1.183E-08  2.13878195161374E-10
 1.199E-08  2.19524380000315E-10
 1.215E-08  2.25319618814282E-10
 1.232E-08  2.31267846486644E-10
 1.249E-08  2.37373101777899E-10
 1.266E-08  2.43639530067922E-10
 1.283E-08  2.50071386170612E-10
 1.301E-08  2.56673037222832E-10
 1.318E-08  2.63448965649622E-10
 1.336E-08  2.70403772207732E-10
 1.355E-08  2.77542179109399E-10
 1.373E-08  2.84869033228688E-10
 1.392E-08  2.92389309392459E-10
 1.411E-08  3.00108113758151E-10
 1.430E-08  3.08030687280783E-10
 1.450E-08  3.16162409271508E-10
 1.470E-08  3.24508801050053E-10
 1.490E-08  3.33075529693610E-10
 1.510E-08  3.41868411884688E-10
 1.531E-08  3.50893417860506E-10
 1.551E-08  3.60156675466778E-10
 1.573E-08  3.69664474318299E-10
 1.594E-08  3.79423270069549E-10
 1.616E-08  3.89439688798033E-10
 1.638E-08  3.99720531503138E-10
 1.660E-08  4.10272778723976E-10
 1.683E-08  4.21103595279068E-10
 1.706E-08  4.32220335131115E-10
 1.729E-08  4.43630546380202E-10
 1.753E-08  4.55341976388795E-10
 1.777E-08  4.67362577042130E-10
 1.801E-08  4.79700510147402E-10
 1.826E-08  4.92364152975396E-10
 1.851E-08  5.05362103948641E-10
 1.876E-08  5.18703188479509E-10
 1.901E-08  5.32396464962506E-10
 1.927E-08  5.46451230924817E-10
 1.954E-08  5.60877029339088E-10
 1.980E-08  5.75683655103015E-10
 2.007E-08  5.90881161689887E-10
 2.035E-08  6.06479867974646E-10
 2.063E-08  6.22490365240294E-10
 2.091E-08  6.38923524369132E-10
 2.119E-08  6.55790503223935E-10
 2.148E-08  6.73102754223949E-10
 2.178E-08  6.90872032120798E-10
 2.207E-08  7.09110401979800E-10
 2.237E-08  7.27830247371949E-10
 2.268E-08  7.47044278782076E-10
 2.299E-08  7.66765542239036E-10
 2.330E-08  7.87007428173793E-10
 2.362E-08  8.07783680511189E-10
 2.394E-08  8.29108406001870E-10
 2.427E-08  8.50996083800435E-10
 2.460E-08  8.73461575296564E-10
 2.494E-08  8.96520134205654E-10
 2.528E-08  9.20187416925689E-10
 2.562E-08  9.44479493167737E-10
 2.597E-08  9.69412856866915E-10
 2.633E-08  9.95004437381518E-10
 2.669E-08  1.02127161098768E-09
 2.705E-08  1.04823221267749E-09
 2.742E-08  1.07590454826867E-09
 2.779E-08  1.10430740683385E-09
 2.817E-08  1.13346007345798E-09
 2.856E-08  1.16338234233247E-09
 2.895E-08  1.19409453019518E-09
 2.934E-08  1.22561749012492E-09
 2.974E-08  1.25797262570031E-09
 3.015E-08  1.29118190553250E-09
 3.056E-08  1.32526787818131E-09
 3.098E-08  1.36025368746525E-09
 3.140E-08  1.39616308817575E-09
 3.183E-08  1.43302046220598E-09
 3.227E-08  1.47085083510598E-09
 3.271E-08  1.50967989307433E-09
 3.315E-08  1.54953400039841E-09
 3.361E-08  1.59044021735531E-09
 3.406E-08  1.63242631858534E-09
 3.453E-08  1.67552081195020E-09
 3.500E-08  1.71975295788925E-09
 3.548E-08  1.76515278928687E-09
 3.596E-08  1.81175113186393E-09
 3.645E-08  1.85957962510805E-09
 3.695E-08  1.90867074375584E-09
 3.746E-08  1.95905781984260E-09
 3.797E-08  2.01077506533437E-09
 3.849E-08  2.06385759535662E-09
 3.901E-08  2.11834145203693E-09
 3.954E-08  2.17426362897667E-09
 4.008E-08  2.23166209636901E-09
 4.063E-08  2.29057582677971E-09
 4.119E-08  2.35104482160826E-09
 4.175E-08  2.41311013824858E-09
 4.232E-08  2.47681391796579E-09
 4.290E-08  2.54219941450876E-09
 4.348E-08  2.60931102347878E-09
 4.408E-08  2.67819431247335E-09
 4.468E-08  2.74889605202515E-09
 4.529E-08  2.82146424735797E-09
 4.591E-08  2.89594817098153E-09
 4.653E-08  2.97239839614605E-09
 4.717E-08  3.05086683118074E-09
 4.781E-08  3.13140675473772E-09
 4.846E-08  3.21407285196695E-09
 4.913E-08  3.29892125164660E-09
 4.980E-08  3.38600956429255E-09
 5.048E-08  3.47539692127515E-09
 5.117E-08  3.56714401496734E-09
 5.186E-08  3.66131313995314E-09
 5.257E-08  3.75796823532496E-09
 5.329E-08  3.85717492809578E-09
 5.402E-08  3.95900057775855E-09
 5.475E-08  4.06351432202164E-09
 5.550E-08  4.17078712375124E-09
 5.626E-08  4.28089181915342E-09
 5.703E-08  4.39390316722809E-09
 5.781E-08  4.50989790052851E-09
 5.860E-08  4.62895477726012E-09
 5.940E-08  4.75115463475588E-09
 6.021E-08  4.87658044436205E-09
 6.103E-08  5.00531736777413E-09
 6.186E-08  5.13745281485860E-09
 6.271E-08  5.27307650300225E-09
 6.356E-08  5.41228051802784E-09
 6.443E-08  5.55515937671722E-09
 6.531E-08  5.70181009098664E-09
 6.620E-08  5.85233223375352E-09
 6.711E-08  6.00682800654541E-09
 6.802E-08  6.16540230889066E-09
 6.895E-08  6.32816280954189E-09
 6.989E-08  6.49522001958120E-09
 7.085E-08  6.66668736745312E-09
 7.181E-08  6.84268127597886E-09
 7.279E-08  7.02332124140470E-09
 7.379E-08  7.20872991453578E-09
 7.479E-08  7.39903318401231E-09
 7.582E-08  7.59436026178456E-09
 7.685E-08  7.79484377084307E-09
 7.790E-08  8.00061983526589E-09
 7.896E-08  8.21182817264336E-09
 8.004E-08  8.42861218894009E-09
 8.113E-08  8.65111907586430E-09
 8.224E-08  8.87949991080691E-09
 8.336E-08  9.11390975941579E-09
 8.450E-08  9.35450778088323E-09
 8.566E-08  9.60145733600830E-09
 8.683E-08  9.85492609811264E-09
 8.801E-08  1.01150861668865E-08
 8.921E-08  1.03821141852373E-08
 9.043E-08  1.06561914592257E-08
 9.167E-08  1.09375040811655E-08
 9.292E-08  1.12262430559727E-08
 9.419E-08  1.15226044308534E-08
 9.547E-08  1.18267894284104E-08
 9.677E-08  1.21390045832689E-08
 9.810E-08  1.24594618823045E-08
 9.944E-08  1.27883789085746E-08
 1.008E-07  1.31259789890495E-08
 1.022E-07  1.34724913462441E-08
 1.036E-07  1.38281512538505E-08
 1.050E-07  1.41932001964804E-08
 1.064E-07  1.45678860336244E-08
 1.079E-07  1.49524631679376E-08
 1.093E-07  1.53471927179722E-08
 1.108E-07  1.57523426954634E-08
 1.123E-07  1.61681881873022E-08
 1.139E-07  1.65950115423056E-08
 1.154E-07  1.70331025629225E-08
 1.170E-07  1.74827587019972E-08
 1.186E-07  1.79442852647264E-08
 1.202E-07  1.84179956159513E-08
 1.219E-07  1.89042113929182E-08
 1.235E-07  1.94032627236573E-08
 1.252E-07  1.99154884511241E-08
 1.269E-07  2.04412363632616E-08
 1.287E-07  2.09808634291331E-08
 1.304E-07  2.15347360412870E-08
 1.322E-07  2.21032302645236E-08
 1.340E-07  2.26867320912250E-08
 1.358E-07  2.32856377034260E-08
 1.377E-07  2.39003537418071E-08
 1.396E-07  2.45312975817820E-08
 1.415E-07  2.51788976168769E-08
 1.434E-07  2.58435935495924E-08
 1.454E-07  2.65258366899387E-08
 1.473E-07  2.72260902618542E-08
 1.494E-07  2.79448297177113E-08
 1.514E-07  2.86825430611283E-08
 1.535E-07  2.94397311783008E-08
 1.556E-07  3.02169081780728E-08
 1.577E-07  3.10146017409960E-08
 1.598E-07  3.18333534776014E-08
 1.620E-07  3.26737192961200E-08
 1.642E-07  3.35362697799177E-08
 1.665E-07  3.44215905748914E-08
 1.687E-07  3.53302827870946E-08
 1.710E-07  3.62629633908569E-08
 1.734E-07  3.72202656476732E-08
 1.757E-07  3.82028395361549E-08
 1.781E-07  3.92113521933341E-08
 1.806E-07  4.02464883676130E-08
 1.830E-07  4.13089508836612E-08
 1.855E-07  4.23994611196057E-08
 1.881E-07  4.35187594968002E-08
 1.906E-07  4.46676059825304E-08
 1.932E-07  4.58467806059854E-08
 1.959E-07  4.70570839878548E-08
 1.986E-07  4.82993378839052E-08
 2.013E-07  4.95743857428991E-08
 2.040E-07  5.08830932792442E-08
 2.068E-07  5.22263490607658E-08
 2.096E-07  5.36050651119913E-08
 2.125E-07  5.50201775333527E-08
 2.154E-07  5.64726471367405E-08
 2.183E-07  5.79634600978372E-08
 2.213E-07  5.94936286256694E-08
 2.243E-07  6.10641916498190E-08
 2.274E-07  6.26762155258098E-08
 2.305E-07  6.43307947590726E-08
 2.336E-07  6.60290527480500E-08
 2.368E-07  6.77721425469105E-08
 2.401E-07  6.95612476483871E-08
 2.433E-07  7.13975827872887E-08
 2.467E-07  7.32823947652193E-08
 2.500E-07  7.52169632970753E-08
 2.534E-07  7.72026018798733E-08
 2.569E-07  7.92406586845185E-08
 2.604E-07  8.13325174711140E-08
 2.640E-07  8.34795985284436E-08
 2.676E-07  8.56833596382245E-08
 2.712E-07  8.79452970648436E-08
 2.749E-07  9.02669465712007E-08
 2.787E-07  9.26498844613675E-08
 2.825E-07  9.50957286507903E-08
 2.863E-07  9.76061397647143E-08
 2.903E-07  1.00182822265612E-07
 2.942E-07  1.02827525610397E-07
 2.982E-07  1.05542045438137E-07
 3.023E-07  1.08328224789150E-07
 3.064E-07  1.11187955356288E-07
 3.106E-07  1.14123178769221E-07
 3.149E-07  1.17135887912647E-07
 3.192E-07  1.20228128279275E-07
 3.235E-07  1.23401999358559E-07
 3.279E-07  1.26659656062037E-07
 3.324E-07  1.30003310186341E-07
 3.369E-07  1.33435231914810E-07
 3.415E-07  1.36957751358716E-07
 3.462E-07  1.40573260139207E-07
 3.509E-07  1.44284213010991E-07
 3.557E-07  1.48093129528891E-07
 3.606E-07  1.52002595758356E-07
 3.655E-07  1.56015266031173E-07
 3.705E-07  1.60133864747487E-07
 3.756E-07  1.64361188225377E-07
 3.807E-07  1.68700106599318E-07
 3.859E-07  1.73153565768680E-07
 3.911E-07  1.77724589397685E-07
 3.965E-07  1.82416280968172E-07
 4.019E-07  1.87231825886538E-07
 4.074E-07  1.92174493646283E-07
 4.129E-07  1.97247640047624E-07
 4.186E-07  2.02454709475749E-07
 4.243E-07  2.07799237239152E-07
 4.301E-07  2.13284851969696E-07
 4.360E-07  2.18915278086085E-07
 4.419E-07  2.24694338322287E-07
 4.479E-07  2.30625956322727E-07
 4.541E-07  2.36714159305986E-07
 4.603E-07  2.42963080798800E-07
 4.665E-07  2.49376963442227E-07
 4.729E-07  2.55960161871900E-07
 4.794E-07  2.62717145674235E-07
 4.859E-07  2.69652502420773E-07
 4.926E-07  2.76770940782565E-07
 4.993E-07  2.84077293726701E-07
 5.061E-07  2.91576521797332E-07
 5.130E-07  2.99273716483177E-07
 5.200E-07  3.07174103673998E-07
 5.271E-07  3.15283047208276E-07
 5.343E-07  3.23606052514512E-07
 5.416E-07  3.32148770348661E-07
 5.490E-07  3.40917000630207E-07
 5.565E-07  3.49916696379491E-07
 5.641E-07  3.59153967758958E-07
 5.718E-07  3.68635086221089E-07
 5.796E-07  3.78366488765772E-07
 5.875E-07  3.88354782310063E-07
 5.955E-07  3.98606748173322E-07
 6.037E-07  4.09129346680702E-07
 6.119E-07  4.19929721888112E-07
 6.202E-07  4.31015206431907E-07
 6.287E-07  4.42393326506623E-07
 6.373E-07  4.54071806974046E-07
 6.460E-07  4.66058576607151E-07
 6.548E-07  4.78361773472417E-07
 6.638E-07  4.90989750454220E-07
 6.728E-07  5.03951080925116E-07
 6.820E-07  5.17254564565603E-07
 6.913E-07  5.30909233337613E-07
 7.008E-07  5.44924357615699E-07
 7.103E-07  5.59309452479920E-07
 7.200E-07  5.74074284174887E-07
 7.298E-07  5.89228876739287E-07
 7.398E-07  6.04783518810347E-07
 7.499E-07  6.20748770607950E-07
 7.602E-07  6.37135471103037E-07
 7.705E-07  6.53954745375116E-07
 7.811E-07  6.71218012164114E-07
 7.917E-07  6.88936991621544E-07
 8.025E-07  7.07123713266008E-07
 8.135E-07  7.25790524148947E-07
 8.246E-07  7.44950097235744E-07
 8.358E-07  7.64615440008036E-07
 8.473E-07  7.84799903293151E-07
 8.588E-07  8.05517190326501E-07
 8.705E-07  8.26781366053066E-07
 8.824E-07  8.48606866674525E-07
 8.945E-07  8.71008509448313E-07
 9.067E-07  8.94001502745106E-07
 9.191E-07  9.17601456372108E-07
 9.316E-07  9.41824392168296E-07
 9.443E-07  9.66686754879771E-07
 9.572E-07  9.92205423321844E-07
 9.703E-07  1.01839772183566E-06
 9.835E-07  1.04528143204741E-06
 9.970E-07  1.07287480493768E-06
 1.011E-06  1.10119657322942E-06
 1.024E-06  1.13026596410269E-06
 1.038E-06  1.16010271224526E-06
 1.053E-06  1.19072707324724E-06
 1.067E-06  1.22215983734949E-06
 1.081E-06  1.25442234355471E-06
 1.096E-06  1.28753649411097E-06
 1.111E-06  1.32152476937741E-06
 1.126E-06  1.35641024308240E-06
 1.142E-06  1.39221659798403E-06
 1.157E-06  1.42896814194428E-06
 1.173E-06  1.46668982442718E-06
 1.189E-06  1.50540725343211E-06
 1.205E-06  1.54514671287433E-06
 1.222E-06  1.58593518042426E-06
 1.239E-06  1.62780034581689E-06
 1.255E-06  1.67077062964482E-06
 1.273E-06  1.71487520264751E-06
 1.290E-06  1.76014400550869E-06
 1.308E-06  1.80660776917684E-06
 1.325E-06  1.85429803572198E-06
 1.344E-06  1.90324717974229E-06
 1.362E-06  1.95348843033573E-06
 1.380E-06  2.00505589365221E-06
 1.399E-06  2.05798457603976E-06
 1.418E-06  2.11231040780191E-06
 1.438E-06  2.16807026758218E-06
 1.457E-06  2.22530200739197E-06
 1.477E-06  2.28404447829850E-06
 1.497E-06  2.34433755679070E-06
 1.518E-06  2.40622217184119E-06
 1.539E-06  2.46974033268171E-06
 1.560E-06  2.53493515731202E-06
 1.581E-06  2.60185090176066E-06
 1.603E-06  2.67053299011781E-06
 1.624E-06  2.74102804536092E-06
 1.647E-06  2.81338392099307E-06
 1.669E-06  2.88764973351685E-06
 1.692E-06  2.96387589576447E-06
 1.715E-06  3.04211415110740E-06
 1.738E-06  3.12241760856932E-06
 1.762E-06  3.20484077886428E-06
 1.786E-06  3.28943961138663E-06
 1.811E-06  3.37627153217668E-06
 1.835E-06  3.46539548288772E-06
 1.860E-06  3.55687196078165E-06
 1.886E-06  3.65076305977950E-06
 1.911E-06  3.74713251259506E-06
 1.938E-06  3.84604573398002E-06
 1.964E-06  3.94756986511038E-06
 1.991E-06  4.05177381914377E-06
 2.018E-06  4.15872832797810E-06
 2.046E-06  4.26850599024466E-06
 2.073E-06  4.38118132056696E-06
 2.102E-06  4.49683080011914E-06
 2.130E-06  4.61553292851811E-06
 2.160E-06  4.73736827708468E-06
 2.189E-06  4.86241954351033E-06
 2.219E-06  4.99077160796494E-06
 2.249E-06  5.12251159068580E-06
 2.280E-06  5.25772891108534E-06
 2.311E-06  5.39651534841816E-06
 2.343E-06  5.53896510404842E-06
 2.375E-06  5.68517486535974E-06
 2.407E-06  5.83524387135177E-06
 2.440E-06  5.98927397996534E-06
 2.473E-06  6.14736973718576E-06
 2.507E-06  6.30963844796757E-06
 2.541E-06  6.47619024902959E-06
 2.576E-06  6.64713818357233E-06
 2.611E-06  6.82259827796420E-06
 2.647E-06  7.00268962045114E-06
 2.683E-06  7.18753444194328E-06
 2.719E-06  7.37725819893066E-06
 2.757E-06  7.57198965858686E-06
 2.794E-06  7.77186098611858E-06
 2.832E-06  7.97700783441750E-06
 2.871E-06  8.18756943607625E-06
 2.910E-06  8.40368869783298E-06
 2.950E-06  8.62551229750717E-06
 2.990E-06  8.85319078348928E-06
 3.031E-06  9.08687867685703E-06
 3.072E-06  9.32673457618370E-06
 3.114E-06  9.57292126511071E-06
 3.157E-06  9.82560582275831E-06
 3.200E-06  1.00849597370455E-05
 3.244E-06  1.03511590210017E-05
 3.288E-06  1.06243843321427E-05
 3.333E-06  1.09048210949966E-05
 3.378E-06  1.11926596268616E-05
 3.424E-06  1.14880952668772E-05
 3.471E-06  1.17913285085026E-05
 3.519E-06  1.21025651354848E-05
 3.567E-06  1.24220163614163E-05
 3.615E-06  1.27498989729707E-05
 3.665E-06  1.30864354769117E-05
 3.715E-06  1.34318542509858E-05
 3.765E-06  1.37863896987894E-05
 3.817E-06  1.41502824087183E-05
 3.869E-06  1.45237793171112E-05
 3.922E-06  1.49071338756924E-05
 3.975E-06  1.53006062234317E-05
 4.030E-06  1.57044633629329E-05
 4.085E-06  1.61189793414744E-05
 4.140E-06  1.65444354368230E-05
 4.197E-06  1.69811203479463E-05
 4.254E-06  1.74293303907514E-05
 4.312E-06  1.78893696989875E-05
 4.371E-06  1.83615504304427E-05
 4.431E-06  1.88461929785743E-05
 4.491E-06  1.93436261897236E-05
 4.553E-06  1.98541875860521E-05
 4.615E-06  2.03782235943561E-05
 4.678E-06  2.09160897809149E-05
 4.742E-06  2.14681510925247E-05
 4.806E-06  2.20347821038912E-05
 4.872E-06  2.26163672715413E-05
 4.938E-06  2.32133011944260E-05
 5.006E-06  2.38259888813935E-05
 5.074E-06  2.44548460257109E-05
 5.144E-06  2.51002992868265E-05
 5.214E-06  2.57627865795481E-05
 5.285E-06  2.64427573708535E-05
 5.357E-06  2.71406729845184E-05
 5.430E-06  2.78570069137687E-05
 5.504E-06  2.85922451421813E-05
 5.579E-06  2.93468864730341E-05
 5.656E-06  3.01214428673376E-05
 5.733E-06  3.09164397907748E-05
 5.811E-06  3.17324165697848E-05
 5.890E-06  3.25699267570213E-05
 5.971E-06  3.34295385064537E-05
 6.052E-06  3.43118349583432E-05
 6.135E-06  3.52174146343610E-05
 6.219E-06  3.61468918431220E-05
 6.304E-06  3.71008970964026E-05
 6.390E-06  3.80800775363225E-05
 6.477E-06  3.90850973737783E-05
 6.565E-06  4.01166383384308E-05
 6.655E-06  4.11754001405518E-05
 6.746E-06  4.22621009450279E-05
 6.838E-06  4.33774778578521E-05
 6.931E-06  4.45222874254375E-05
 7.026E-06  4.56973061470780E-05
 7.122E-06  4.69033310009109E-05
 7.219E-06  4.81411799837244E-05
 7.318E-06  4.94116926649940E-05
 7.418E-06  5.07157307555064E-05
 7.519E-06  5.20541786909568E-05
 7.622E-06  5.34279442309156E-05
 7.726E-06  5.48379590735772E-05
 7.831E-06  5.62851794866864E-05
 7.938E-06  5.77705869550864E-05
 8.046E-06  5.92951888453206E-05
 8.156E-06  6.08600190877264E-05
 8.268E-06  6.24661388764859E-05
 8.380E-06  6.41146373881296E-05
 8.495E-06  6.58066325189421E-05
 8.611E-06  6.75432716417704E-05
 8.728E-06  6.93257323827828E-05
 8.848E-06  7.11552234186651E-05
 8.968E-06  7.30329852947898E-05
 9.091E-06  7.49602912649418E-05
 9.215E-06  7.69384481531417E-05
 9.341E-06  7.89687972381500E-05
 9.468E-06  8.10527151612579E-05
 9.597E-06  8.31916148579651E-05
 9.729E-06  8.53869465141817E-05
 9.861E-06  8.76401985475951E-05
 9.996E-06  8.99528986148604E-05
 1.013E-05  9.23266146452941E-05
 1.027E-05  9.47629559017796E-05
 1.041E-05  9.72635740695701E-05
 1.055E-05  9.98301643737525E-05
 1.070E-05  1.02464466726115E-04
 1.084E-05  1.05168266902178E-04
 1.099E-05  1.07943397749186E-04
 1.114E-05  1.10791740425897E-04
 1.129E-05  1.13715225674978E-04
 1.145E-05  1.16715835128852E-04
 1.160E-05  1.19795602649924E-04
 1.176E-05  1.22956615706032E-04
 1.192E-05  1.26201016782078E-04
 1.209E-05  1.29531004828794E-04
 1.225E-05  1.32948836749599E-04
 1.242E-05  1.36456828926555E-04
 1.259E-05  1.40057358786453E-04
 1.276E-05  1.43752866408055E-04
 1.293E-05  1.47545856171630E-04
 1.311E-05  1.51438898451839E-04
 1.329E-05  1.55434631355102E-04
 1.347E-05  1.59535762502675E-04
 1.365E-05  1.63745070860586E-04
 1.384E-05  1.68065408617633E-04
 1.403E-05  1.72499703112801E-04
 1.422E-05  1.77050958813297E-04
 1.442E-05  1.81722259344559E-04
 1.461E-05  1.86516769573651E-04
 1.481E-05  1.91437737747327E-04
 1.501E-05  1.96488497686381E-04
 1.522E-05  2.01672471037562E-04
 1.543E-05  2.06993169584654E-04
 1.564E-05  2.12454197620328E-04
 1.585E-05  2.18059254380218E-04
 1.607E-05  2.23812136541002E-04
 1.629E-05  2.29716740784055E-04
 1.651E-05  2.35777066426412E-04
 1.673E-05  2.41997218120871E-04
 1.696E-05  2.48381408626956E-04
 1.719E-05  2.54933961654650E-04
 1.743E-05  2.61659314782803E-04
 1.767E-05  2.68562022454098E-04
 1.791E-05  2.75646759048719E-04
 1.815E-05  2.82918322038677E-04
 1.840E-05  2.90381635224837E-04
 1.865E-05  2.98041752059007E-04
 1.891E-05  3.05903859053197E-04
 1.916E-05  3.13973279278270E-04
 1.943E-05  3.22255475954425E-04
 1.969E-05  3.30756056135915E-04
 1.996E-05  3.39480774492346E-04
 2.023E-05  3.48435537189257E-04
 2.051E-05  3.57626405870422E-04
 2.079E-05  3.67059601744604E-04
 2.107E-05  3.76741509779503E-04
 2.136E-05  3.86678683005634E-04
 2.165E-05  3.96877846933099E-04
 2.195E-05  4.07345904084154E-04
 2.225E-05  4.18089938644489E-04
 2.255E-05  4.29117221236579E-04
 2.286E-05  4.40435213818060E-04
 2.317E-05  4.52051574708455E-04
 2.349E-05  4.63974163747707E-04
 2.381E-05  4.76211047589719E-04
 2.413E-05  4.88770505134787E-04
 2.446E-05  5.01661033104145E-04
 2.480E-05  5.14891351760596E-04
 2.514E-05  5.28470410779050E-04
 2.548E-05  5.42407395270692E-04
 2.583E-05  5.56711731964882E-04
 2.618E-05  5.71393095552959E-04
 2.654E-05  5.86461415198150E-04
 2.690E-05  6.01926881215752E-04
 2.727E-05  6.17799951928293E-04
 2.764E-05  6.34091360700018E-04
 2.802E-05  6.50812123155368E-04
 2.840E-05  6.67973544586452E-04
 2.879E-05  6.85587227554264E-04
 2.918E-05  7.03665079688643E-04
 2.958E-05  7.22219321692250E-04
 2.998E-05  7.41262495553916E-04
 3.039E-05  7.60807472976673E-04
 3.080E-05  7.80867464026142E-04
 3.123E-05  8.01456026004935E-04
 3.165E-05  8.22587072559087E-04
 3.208E-05  8.44274883022328E-04
 3.252E-05  8.66534112004665E-04
 3.297E-05  8.89379799231375E-04
 3.342E-05  9.12827379638871E-04
 3.387E-05  9.36892693734557E-04
 3.433E-05  9.61591998226853E-04
 3.480E-05  9.86941976932959E-04
 3.528E-05  1.01295975197149E-03
 3.576E-05  1.03966289524695E-03
 3.625E-05  1.06706944023405E-03
 3.674E-05  1.09519789406958E-03
 3.724E-05  1.12406724995973E-03
 3.775E-05  1.15369699991094E-03
 3.827E-05  1.18410714779282E-03
 3.879E-05  1.21531822274175E-03
 3.932E-05  1.24735129291379E-03
 3.986E-05  1.28022797959627E-03
 4.040E-05  1.31397047168698E-03
 4.095E-05  1.34860154055078E-03
 4.151E-05  1.38414455526321E-03
 4.208E-05  1.42062349825094E-03
 4.265E-05  1.45806298134015E-03
 4.324E-05  1.49648826222215E-03
 4.383E-05  1.53592526134767E-03
 4.442E-05  1.57640057926160E-03
 4.503E-05  1.61794151438790E-03
 4.565E-05  1.66057608127765E-03
 4.627E-05  1.70433302933223E-03
 4.690E-05  1.74924186201234E-03
 4.754E-05  1.79533285654756E-03
 4.819E-05  1.84263708415768E-03
 4.885E-05  1.89118643079964E-03
 4.951E-05  1.94101361845407E-03
 5.019E-05  1.99215222696390E-03
 5.088E-05  2.04463671644111E-03
 5.157E-05  2.09850245025501E-03
 5.227E-05  2.15378571861701E-03
 5.299E-05  2.21052376277793E-03
 5.371E-05  2.26875479985301E-03
 5.445E-05  2.32851804829113E-03
 5.519E-05  2.38985375400461E-03
 5.594E-05  2.45280321717616E-03
 5.671E-05  2.51740881976113E-03
 5.748E-05  2.58371405370279E-03
 5.826E-05  2.65176354987804E-03
 5.906E-05  2.72160310779334E-03
 5.987E-05  2.79327972604966E-03
 6.068E-05  2.86684163359578E-03
 6.151E-05  2.94233832179132E-03
 6.235E-05  3.01982057729838E-03
 6.320E-05  3.09934051582481E-03
 6.407E-05  3.18095161674007E-03
 6.494E-05  3.26470875858522E-03
 6.583E-05  3.35066825550177E-03
 6.673E-05  3.43888789460132E-03
 6.764E-05  3.52942697429988E-03
 6.856E-05  3.62234634364354E-03
 6.950E-05  3.71770844264775E-03
 7.045E-05  3.81557734367833E-03
 7.141E-05  3.91601879390047E-03
 7.238E-05  4.01910025882103E-03
 7.337E-05  4.12489096695548E-03
 7.437E-05  4.23346195564426E-03
 7.539E-05  4.34488611804985E-03
 7.642E-05  4.45923825136545E-03
 7.746E-05  4.57659510626330E-03
 7.852E-05  4.69703543761647E-03
 7.959E-05  4.82064005652554E-03
 8.068E-05  4.94749188368322E-03
 8.178E-05  5.07767600411049E-03
 8.289E-05  5.21127972330046E-03
 8.403E-05  5.34839262480361E-03
 8.517E-05  5.48910662929146E-03
 8.634E-05  5.63351605513811E-03
 8.751E-05  5.78171768055424E-03
 8.871E-05  5.93381080731567E-03
 8.992E-05  6.08989732612599E-03
 9.115E-05  6.25008178365402E-03
 9.239E-05  6.41447145128878E-03
 9.365E-05  6.58317639565403E-03
 9.493E-05  6.75630955092934E-03
 9.623E-05  6.93398679301991E-03
 9.754E-05  7.11632701562302E-03
 9.887E-05  7.30345220824047E-03
 1.002E-04  7.49548753618210E-03
 1.016E-04  7.69256142261282E-03
 1.030E-04  7.89480563269571E-03
 1.044E-04  8.10235535987871E-03
 1.058E-04  8.31534931438394E-03
 1.073E-04  8.53392981395190E-03
 1.087E-04  8.75824287689621E-03
 1.102E-04  8.98843831752890E-03
 1.117E-04  9.22466984401354E-03
 1.132E-04  9.46709515870753E-03
 1.148E-04  9.71587606105457E-03
 1.163E-04  9.97117855309228E-03
 1.179E-04  1.02331729476376E-02
 1.195E-04  1.05020339792196E-02
 1.212E-04  1.07779409178253E-02
 1.228E-04  1.10610776855275E-02
 1.245E-04  1.13516329760693E-02
 1.262E-04  1.16498003774776E-02
 1.279E-04  1.19557784977746E-02
 1.297E-04  1.22697710938742E-02
 1.314E-04  1.25919872037316E-02
 1.332E-04  1.29226412818328E-02
 1.351E-04  1.32619533381052E-02
 1.369E-04  1.36101490803285E-02
 1.388E-04  1.39674600601387E-02
 1.407E-04  1.43341238227103E-02
 1.426E-04  1.47103840602043E-02
 1.445E-04  1.50964907690779E-02
 1.465E-04  1.54927004113494E-02
 1.485E-04  1.58992760799128E-02
 1.505E-04  1.63164876680034E-02
 1.526E-04  1.67446120429143E-02
 1.547E-04  1.71839332240668E-02
 1.568E-04  1.76347425655407E-02
 1.589E-04  1.80973389431743E-02
 1.611E-04  1.85720289463405E-02
 1.633E-04  1.90591270745193E-02
 1.655E-04  1.95589559387737E-02
 1.678E-04  2.00718464682546E-02
 1.701E-04  2.05981381218541E-02
 1.724E-04  2.11381791051251E-02
 1.748E-04  2.16923265926044E-02
 1.771E-04  2.22609469556615E-02
 1.796E-04  2.28444159960051E-02
 1.820E-04  2.34431191849865E-02
 1.845E-04  2.40574519088368E-02
 1.870E-04  2.46878197199774E-02
 1.896E-04  2.53346385945518E-02
 1.922E-04  2.59983351963241E-02
 1.948E-04  2.66793471470937E-02
 1.974E-04  2.73781233037875E-02
 2.001E-04  2.80951240423775E-02
 2.029E-04  2.88308215487941E-02
 2.056E-04  2.95857001169915E-02
 2.084E-04  3.03602564543421E-02
 2.113E-04  3.11549999945261E-02
 2.142E-04  3.19704532180905E-02
 2.171E-04  3.28071519808609E-02
 2.201E-04  3.36656458503917E-02
 2.231E-04  3.45464984506353E-02
 2.261E-04  3.54502878150168E-02
 2.292E-04  3.63776067481347E-02
 2.323E-04  3.73290631962493E-02
 2.355E-04  3.83052806267906E-02
 2.387E-04  3.93068984170879E-02
 2.420E-04  4.03345722525205E-02
 2.453E-04  4.13889745343183E-02
 2.486E-04  4.24707947972334E-02
 2.520E-04  4.35807401372981E-02
 2.555E-04  4.47195356499044E-02
 2.589E-04  4.58879248784451E-02
 2.625E-04  4.70866702737449E-02
 2.661E-04  4.83165536645316E-02
 2.697E-04  4.95783767391968E-02
 2.734E-04  5.08729615391017E-02
 2.771E-04  5.22011509636726E-02
 2.809E-04  5.35638092875681E-02
 2.847E-04  5.49618226901815E-02
 2.886E-04  5.63960997977448E-02
 2.926E-04  5.78675722383139E-02
 2.965E-04  5.93771952099387E-02
 3.006E-04  6.09259480622804E-02
 3.047E-04  6.25148348919895E-02
 3.089E-04  6.41448851521421E-02
 3.131E-04  6.58171542760331E-02
 3.174E-04  6.75327243156520E-02
 3.217E-04  6.92927045951438E-02
 3.261E-04  7.10982323795906E-02
 3.305E-04  7.29504735594348E-02
 3.350E-04  7.48506233508897E-02
 3.396E-04  7.67999070126537E-02
 3.442E-04  7.87995805793067E-02
 3.489E-04  8.08509316117303E-02
 3.537E-04  8.29552799648836E-02
 3.585E-04  8.51139785733405E-02
 3.634E-04  8.73284142549367E-02
 3.684E-04  8.96000085329050E-02
 3.734E-04  9.19302184768798E-02
 3.785E-04  9.43205375631680E-02
 3.837E-04  9.67724965546704E-02
 3.889E-04  9.92876644008690E-02
 3.942E-04  1.01867649158268E-01
 3.996E-04  1.04514098931719E-01
 4.051E-04  1.07228702837045E-01
 4.106E-04  1.10013191985378E-01
 4.162E-04  1.12869340489658E-01
 4.219E-04  1.15798966493711E-01
 4.277E-04  1.18803933224383E-01
 4.335E-04  1.21886150067150E-01
 4.394E-04  1.25047573665643E-01
 4.454E-04  1.28290209045611E-01
 4.515E-04  1.31616110763730E-01
 4.577E-04  1.35027384081758E-01
 4.639E-04  1.38526186166505E-01
 4.702E-04  1.42114727316105E-01
 4.767E-04  1.45795272213092E-01
 4.832E-04  1.49570141204752E-01
 4.898E-04  1.53441711611240E-01
 4.965E-04  1.57412419062027E-01
 5.032E-04  1.61484758861125E-01
 5.101E-04  1.65661287381618E-01
 5.171E-04  1.69944623490032E-01
 5.241E-04  1.74337450001060E-01
 5.313E-04  1.78842515163170E-01
 5.385E-04  1.83462634175614E-01
 5.459E-04  1.88200690737381E-01
 5.533E-04  1.93059638628650E-01
 5.609E-04  1.98042503325244E-01
 5.686E-04  2.03152383646651E-01
 5.763E-04  2.08392453438164E-01
 5.842E-04  2.13765963287659E-01
 5.922E-04  2.19276242277599E-01
 6.002E-04  2.24926699772772E-01
 6.084E-04  2.30720827244333E-01
 6.167E-04  2.36662200130710E-01
 6.252E-04  2.42754479735908E-01
 6.337E-04  2.49001415165745E-01
 6.423E-04  2.55406845302627E-01
 6.511E-04  2.61974700819339E-01
 6.600E-04  2.68709006232410E-01
 6.690E-04  2.75613881995647E-01
 6.782E-04  2.82693546634310E-01
 6.874E-04  2.89952318920471E-01
 6.968E-04  2.97394620090113E-01
 7.063E-04  3.05024976102480E-01
 7.160E-04  3.12848019942133E-01
 7.257E-04  3.20868493964326E-01
 7.356E-04  3.29091252284102E-01
 7.457E-04  3.37521263209629E-01
 7.559E-04  3.46163611720273E-01
 7.662E-04  3.55023501989840E-01
 7.766E-04  3.64106259955456E-01
 7.872E-04  3.73417335932512E-01
 7.980E-04  3.82962307276106E-01
 8.089E-04  3.92746881089369E-01
 8.199E-04  4.02776896979081E-01
 8.311E-04  4.13058329858962E-01
 8.425E-04  4.23597292800895E-01
 8.540E-04  4.34400039934546E-01
 8.656E-04  4.45472969395564E-01
 8.774E-04  4.56822626322666E-01
 8.894E-04  4.68455705903922E-01
 9.016E-04  4.80379056472333E-01
 9.139E-04  4.92599682651006E-01
 9.264E-04  5.05124748548037E-01
 9.390E-04  5.17961581001164E-01
 9.518E-04  5.31117672872406E-01
 9.648E-04  5.44600686392589E-01
 9.780E-04  5.58418456555856E-01
 9.913E-04  5.72578994564070E-01
 1.005E-03  5.87090491321023E-01
 1.019E-03  6.01961320976392E-01
 1.032E-03  6.17200044519108E-01
 1.047E-03  6.32815413420011E-01
 1.061E-03  6.48816373323423E-01
 1.075E-03  6.65212067787376E-01
 1.090E-03  6.82011842071928E-01
 1.105E-03  6.99225246975139E-01
 1.120E-03  7.16862042716201E-01
 1.135E-03  7.34932202865029E-01
 1.151E-03  7.53445918317561E-01
 1.167E-03  7.72413601316063E-01
 1.182E-03  7.91845889513500E-01
 1.199E-03  8.11753650081039E-01
 1.215E-03  8.32147983857602E-01
 1.232E-03  8.53040229540305E-01
 1.248E-03  8.74441967914572E-01
 1.265E-03  8.96365026122516E-01
 1.283E-03  9.18821481968171E-01
 1.300E-03  9.41823668257870E-01
 1.318E-03  9.65384177174193E-01
 1.336E-03  9.89515864681604E-01
 1.354E-03  1.01423185496177E+00
 1.373E-03  1.03954554487659E+00
 1.391E-03  1.06547060845648E+00
 1.410E-03  1.09202100141177E+00
 1.430E-03  1.11921096566448E+00
 1.449E-03  1.14705503389789E+00
 1.469E-03  1.17556803412105E+00
 1.489E-03  1.20476509424507E+00
 1.509E-03  1.23466164666812E+00
 1.530E-03  1.26527343286566E+00
 1.551E-03  1.29661650798234E+00
 1.572E-03  1.32870724542182E+00
 1.593E-03  1.36156234143039E+00
 1.615E-03  1.39519881967035E+00
 1.637E-03  1.42963403577873E+00
 1.660E-03  1.46488568190632E+00
 1.682E-03  1.50097179123275E+00
 1.705E-03  1.53791074245193E+00
 1.729E-03  1.57572126422281E+00
 1.752E-03  1.61442243957961E+00
 1.776E-03  1.65403371029573E+00
 1.800E-03  1.69457488119498E+00
 1.825E-03  1.73606612440395E+00
 1.850E-03  1.77852798353845E+00
 1.875E-03  1.82198137781695E+00
 1.901E-03  1.86644760609392E+00
 1.927E-03  1.91194835080500E+00
 1.953E-03  1.95850568181614E+00
 1.980E-03  2.00614206016827E+00
 2.007E-03  2.05488034170876E+00
 2.034E-03  2.10474378060051E+00
 2.062E-03  2.15575603269934E+00
 2.090E-03  2.20794115878950E+00
 2.118E-03  2.26132362766759E+00
 2.147E-03  2.31592831906351E+00
 2.177E-03  2.37178052638803E+00
 2.206E-03  2.42890595929519E+00
 2.236E-03  2.48733074604746E+00
 2.267E-03  2.54708143567173E+00
 2.298E-03  2.60818499989285E+00
 2.329E-03  2.67066883483177E+00
 2.361E-03  2.73456076245437E+00
 2.393E-03  2.79988903175683E+00
 2.426E-03  2.86668231967271E+00
 2.459E-03  2.93496973168671E+00
 2.493E-03  3.00478080213919E+00
 2.527E-03  3.07614549420526E+00
 2.561E-03  3.14909419953180E+00
 2.596E-03  3.22365773751487E+00
 2.632E-03  3.29986735419988E+00
 2.668E-03  3.37775472078605E+00
 2.704E-03  3.45735193171602E+00
 2.741E-03  3.53869150233147E+00
 2.778E-03  3.62180636607436E+00
 2.816E-03  3.70672987121312E+00
 2.855E-03  3.79349577707289E+00
 2.894E-03  3.88213824974759E+00
 2.933E-03  3.97269185727159E+00
 2.973E-03  4.06519156422796E+00
 3.014E-03  4.15967272576981E+00
 3.055E-03  4.25617108103039E+00
 3.097E-03  4.35472274589729E+00
 3.139E-03  4.45536420512526E+00
 3.182E-03  4.55813230376191E+00
 3.225E-03  4.66306423785960E+00
 3.269E-03  4.77019754444648E+00
 3.314E-03  4.87957009072910E+00
 3.359E-03  4.99122006249810E+00
 3.405E-03  5.10518595170867E+00
 3.452E-03  5.22150654320593E+00
 3.499E-03  5.34022090056577E+00
 3.546E-03  5.46136835102080E+00
 3.595E-03  5.58498846944027E+00
 3.644E-03  5.71112106133302E+00
 3.694E-03  5.83980614484149E+00
 3.744E-03  5.97108393169465E+00
 3.795E-03  6.10499480708754E+00
 3.847E-03  6.24157930845390E+00
 3.900E-03  6.38087810309928E+00
 3.953E-03  6.52293196466071E+00
 4.007E-03  6.66778174835915E+00
 4.061E-03  6.81546836501070E+00
 4.117E-03  6.96603275376247E+00
 4.173E-03  7.11951585351888E+00
 4.230E-03  7.27595857302346E+00
 4.288E-03  7.43540175956228E+00
 4.346E-03  7.59788616625483E+00
 4.406E-03  7.76345241789753E+00
 4.466E-03  7.93214097532601E+00
 4.527E-03  8.10399209826285E+00
 4.589E-03  8.27904580661681E+00
 4.651E-03  8.45734184020049E+00
 4.715E-03  8.63891961683455E+00
 4.779E-03  8.82381818880579E+00
 4.844E-03  9.01207619764859E+00
 4.911E-03  9.20373182721876E+00
 4.978E-03  9.39882275503056E+00
 5.046E-03  9.59738610182887E+00
 5.114E-03  9.79945837936822E+00
 5.184E-03  1.00050754363739E+01
 5.255E-03  1.02142724026595E+01
 5.327E-03  1.04270836313790E+01
 5.400E-03  1.06435426393907E+01
 5.473E-03  1.08636820457151E+01
 5.548E-03  1.10875335080682E+01
 5.624E-03  1.13151276574554E+01
 5.700E-03  1.15464940308133E+01
 5.778E-03  1.17816610016892E+01
 5.857E-03  1.20206557089497E+01
 5.937E-03  1.22635039835161E+01
 6.018E-03  1.25102302731223E+01
 6.100E-03  1.27608575650991E+01
 6.184E-03  1.30154073071899E+01
 6.268E-03  1.32738993264071E+01
 6.354E-03  1.35363517459411E+01
 6.440E-03  1.38027809001428E+01
 6.528E-03  1.40732012475981E+01
 6.617E-03  1.43476252823230E+01
 6.708E-03  1.46260634431115E+01
 6.799E-03  1.49085240210731E+01
 6.892E-03  1.51950130654020E+01
 6.986E-03  1.54855342874280E+01
 7.082E-03  1.57800889630027E+01
 7.178E-03  1.60786758332831E+01
 7.276E-03  1.63812910039800E+01
 7.376E-03  1.66879278431466E+01
 7.476E-03  1.69985768775887E+01
 7.578E-03  1.73132256879887E+01
 7.682E-03  1.76318588028377E+01
 7.787E-03  1.79544575912860E+01
 7.893E-03  1.82810001550234E+01
 8.001E-03  1.86114612193148E+01
 8.110E-03  1.89458120233230E+01
 8.221E-03  1.92840202098621E+01
 8.333E-03  1.96260497147328E+01
 8.447E-03  1.99718606558013E+01
 8.562E-03  2.03214092219968E+01
 8.679E-03  2.06746475624082E+01
 8.798E-03  2.10315236756766E+01
 8.918E-03  2.13919812998888E+01
 9.039E-03  2.17559598031881E+01
 9.163E-03  2.21233940753321E+01
 9.288E-03  2.24942144204393E+01
 9.415E-03  2.28683464511775E+01
 9.543E-03  2.32457109846582E+01
 9.674E-03  2.36262239403179E+01
 9.806E-03  2.40097962400768E+01
 9.940E-03  2.43963337110775E+01
 1.008E-02  2.47857369913236E+01
 1.021E-02  2.51779014385473E+01
 1.035E-02  2.55727170426486E+01
 1.049E-02  2.59700683420649E+01
 1.064E-02  2.63698343444407E+01
 1.078E-02  2.67718884519778E+01
 1.093E-02  2.71760983918670E+01
 1.108E-02  2.75823261522051E+01
 1.123E-02  2.79904279238228E+01
 1.138E-02  2.84002540484549E+01
 1.154E-02  2.88116489737009E+01
 1.170E-02  2.92244512152317E+01
 1.186E-02  2.96384933267136E+01
 1.202E-02  3.00536018779278E+01
 1.218E-02  3.04695974415761E+01
 1.235E-02  3.08862945892723E+01
 1.252E-02  3.13035018972274E+01
 1.269E-02  3.17210219621462E+01
 1.286E-02  3.21386514278565E+01
 1.304E-02  3.25561810232028E+01
 1.321E-02  3.29733956117390E+01
 1.339E-02  3.33900742537573E+01
 1.358E-02  3.38059902811960E+01
 1.376E-02  3.42209113859692E+01
 1.395E-02  3.46345997222596E+01
 1.414E-02  3.50468120233166E+01
 1.433E-02  3.54572997332962E+01
 1.453E-02  3.58658091546760E+01
 1.473E-02  3.62720816117689E+01
 1.493E-02  3.66758536308535E+01
 1.513E-02  3.70768571374242E+01
 1.534E-02  3.74748196710548E+01
 1.555E-02  3.78694646183471E+01
 1.576E-02  3.82605114644273E+01
 1.598E-02  3.86476760634208E+01
 1.619E-02  3.90306709283224E+01
 1.642E-02  3.94092055406448E+01
 1.664E-02  3.97829866802040E+01
 1.687E-02  4.01517187753652E+01
 1.710E-02  4.05151042740376E+01
 1.733E-02  4.08728440356669E+01
 1.757E-02  4.12246377444335E+01
 1.781E-02  4.15701843438182E+01
 1.805E-02  4.19091824926448E+01
 1.830E-02  4.22413310426631E+01
 1.855E-02  4.25663295376693E+01
 1.880E-02  4.28838787341099E+01
 1.906E-02  4.31936811430446E+01
 1.932E-02  4.34954415932790E+01
 1.958E-02  4.37888678154025E+01
 1.985E-02  4.40736710463957E+01
 2.012E-02  4.43495666543883E+01
 2.039E-02  4.46162747830644E+01
 2.067E-02  4.48735210151290E+01
 2.095E-02  4.51210370541528E+01
 2.124E-02  4.53585614240224E+01
 2.153E-02  4.55858401851207E+01
 2.182E-02  4.58026276662646E+01
 2.212E-02  4.60086872113160E+01
 2.242E-02  4.62037919392810E+01
 2.273E-02  4.63877255165957E+01
 2.304E-02  4.65602829401833E+01
 2.335E-02  4.67212713297553E+01
 2.367E-02  4.68705107277055E+01
 2.400E-02  4.70078349048283E+01
 2.432E-02  4.71330921699713E+01
 2.466E-02  4.72461461816066E+01
 2.499E-02  4.73468767591849E+01
 2.533E-02  4.74351806920096E+01
 2.568E-02  4.75109725432475E+01
 2.603E-02  4.75741854465673E+01
 2.639E-02  4.76247718927769E+01
 2.675E-02  4.76627045037121E+01
 2.711E-02  4.76879767905099E+01
 2.748E-02  4.77006038932878E+01
 2.786E-02  4.77006232991415E+01
 2.824E-02  4.76880955352650E+01
 2.862E-02  4.76631048339022E+01
 2.901E-02  4.76257597657406E+01
 2.941E-02  4.75761938382777E+01
 2.981E-02  4.75145660556050E+01
 3.022E-02  4.74410614359899E+01
 3.063E-02  4.73558914835761E+01
 3.105E-02  4.72592946104696E+01
 3.147E-02  4.71515365054429E+01
 3.190E-02  4.70329104454642E+01
 3.234E-02  4.69037375462445E+01
 3.278E-02  4.67643669479996E+01
 3.323E-02  4.66151759326399E+01
 3.368E-02  4.64565699686362E+01
 3.414E-02  4.62889826798584E+01
 3.461E-02  4.61128757347532E+01
 3.508E-02  4.59287386523165E+01
 3.556E-02  4.57370885214193E+01
 3.604E-02  4.55384696301761E+01
 3.654E-02  4.53334530021942E+01
 3.703E-02  4.51226358367091E+01
 3.754E-02  4.49066408498075E+01
 3.805E-02  4.46861155141556E+01
 3.857E-02  4.44617311948845E+01
 3.910E-02  4.42341821795545E+01
 3.963E-02  4.40041846004032E+01
 4.017E-02  4.37724752473925E+01
 4.072E-02  4.35398102709088E+01
 4.128E-02  4.33069637733277E+01
 4.184E-02  4.30747262890381E+01
 4.241E-02  4.28439031529293E+01
 4.299E-02  4.26153127577729E+01
 4.358E-02  4.23897847013862E+01
 4.417E-02  4.21681578249351E+01
 4.478E-02  4.19512781442326E+01
 4.539E-02  4.17399966764008E+01
 4.601E-02  4.15351671647980E+01
 4.664E-02  4.13376437056616E+01
 4.727E-02  4.11482782804818E+01
 4.792E-02  4.09679181986977E+01
 4.857E-02  4.07974034558981E+01
 4.924E-02  4.06375640133034E+01
 4.991E-02  4.04892170049133E+01
 5.059E-02  4.03531638793095E+01
 5.128E-02  4.02301874837145E+01
 5.198E-02  4.01210490985147E+01
 5.269E-02  4.00264854310592E+01
 5.341E-02  3.99472055781414E+01
 5.414E-02  3.98838879671559E+01
 5.488E-02  3.98371772864919E+01
 5.563E-02  3.98076814162764E+01
 5.639E-02  3.97959683711118E+01
 5.716E-02  3.98025632669550E+01
 5.794E-02  3.98279453247623E+01
 5.873E-02  3.98725449239636E+01
 5.953E-02  3.99367407192352E+01
 6.034E-02  4.00208568344052E+01
 6.116E-02  4.01251601476373E+01
 6.200E-02  4.02498576823153E+01
 6.285E-02  4.03950941182572E+01
 6.370E-02  4.05609494380520E+01
 6.457E-02  4.07474367234043E+01
 6.546E-02  4.09545001164067E+01
 6.635E-02  4.11820129606202E+01
 6.725E-02  4.14297761367379E+01
 6.817E-02  4.16975166074194E+01
 6.910E-02  4.19848861856247E+01
 7.005E-02  4.22914605404322E+01
 7.100E-02  4.26167384538992E+01
 7.197E-02  4.29601413420117E+01
 7.296E-02  4.33210130521718E+01
 7.395E-02  4.36986199489813E+01
 7.496E-02  4.40921512993052E+01
 7.598E-02  4.45007199667277E+01
 7.702E-02  4.49233634245555E+01
 7.807E-02  4.53590450954770E+01
 7.914E-02  4.58066560248420E+01
 8.022E-02  4.62650168933082E+01
 8.132E-02  4.67328803732816E+01
 8.243E-02  4.72089338321897E+01
 8.355E-02  4.76918023841459E+01
 8.469E-02  4.81800522900180E+01
 8.585E-02  4.86721947042852E+01
 8.702E-02  4.91666897653839E+01
 8.821E-02  4.96619510244879E+01
 8.941E-02  5.01563502058661E+01
 9.063E-02  5.06482222901050E+01
 9.187E-02  5.11358709095917E+01
 9.312E-02  5.16175740437259E+01
 9.440E-02  5.20915899993804E+01
 9.568E-02  5.25561636601645E+01
 9.699E-02  5.30095329860777E+01
 9.831E-02  5.34499357431759E+01
 9.966E-02  5.38756164409282E+01
 1.010E-01  5.42848334530211E+01
 1.024E-01  5.46758662954895E+01
 1.038E-01  5.50470230342241E+01
 1.052E-01  5.53966477921405E+01
 1.066E-01  5.57231283246075E+01
 1.081E-01  5.60249036301336E+01
 1.096E-01  5.63004715618122E+01
 1.111E-01  5.65483964036465E+01
 1.126E-01  5.67673163746219E+01
 1.141E-01  5.69559510222830E+01
 1.157E-01  5.71131084666185E+01
 1.173E-01  5.72376924542678E+01
 1.189E-01  5.73287091824607E+01
 1.205E-01  5.73852738516877E+01
 1.221E-01  5.74066169058922E+01
 1.238E-01  5.73920899189897E+01
 1.255E-01  5.73411710867569E+01
 1.272E-01  5.72534702836160E+01
 1.289E-01  5.71287336445654E+01
 1.307E-01  5.69668476334972E+01
 1.325E-01  5.67678425603894E+01
 1.343E-01  5.65318955113879E+01
 1.361E-01  5.62593326575912E+01
 1.380E-01  5.59506309104318E+01
 1.399E-01  5.56064188939131E+01
 1.418E-01  5.52274772066087E+01
 1.437E-01  5.48147379492578E+01
 1.457E-01  5.43692834970024E+01
 1.477E-01  5.38923444987904E+01
 1.497E-01  5.33852970902157E+01
 1.517E-01  5.28496593100696E+01
 1.538E-01  5.22870867151165E+01
 1.559E-01  5.16993671920801E+01
 1.580E-01  5.10884149705013E+01
 1.602E-01  5.04562638449899E+01
 1.624E-01  4.98050596204212E+01
 1.646E-01  4.91370517987845E+01
 1.668E-01  4.84545845316569E+01
 1.691E-01  4.77600868676097E+01
 1.714E-01  4.70560623292264E+01
 1.738E-01  4.63450778597791E+01
 1.761E-01  4.56297521849312E+01
 1.785E-01  4.49127436400693E+01
 1.810E-01  4.41967375189703E+01
 1.834E-01  4.34844330044246E+01
 1.860E-01  4.27785297461333E+01
 1.885E-01  4.20817141556012E+01
 1.911E-01  4.13966454918402E+01
 1.937E-01  4.07259418153963E+01
 1.963E-01  4.00721658915020E+01
 1.990E-01  3.94378111259620E+01
 2.017E-01  3.88252876196779E+01
 2.045E-01  3.82369084294568E+01
 2.073E-01  3.76748761238918E+01
 2.101E-01  3.71412697236257E+01
 2.130E-01  3.66380321151732E+01
 2.159E-01  3.61669580266656E+01
 2.188E-01  3.57296826523836E+01
 2.218E-01  3.53276710107346E+01
 2.248E-01  3.49622081174262E+01
 2.279E-01  3.46343900519734E+01
 2.310E-01  3.43451159913731E+01
 2.342E-01  3.40950812798023E+01
 2.374E-01  3.38847715975611E+01
 2.406E-01  3.37144582862249E+01
 2.439E-01  3.35841948801223E+01
 2.472E-01  3.34938148868523E+01
 2.506E-01  3.34429308516517E+01
 2.540E-01  3.34309347320531E+01
 2.575E-01  3.34569996005104E+01
 2.610E-01  3.35200826835523E+01
 2.646E-01  3.36189297366308E+01
 2.682E-01  3.37520807442227E+01
 2.718E-01  3.39178769249956E+01
 2.755E-01  3.41144690120359E+01
 2.793E-01  3.43398267683448E+01
 2.831E-01  3.45917496881193E+01
 2.870E-01  3.48678788248388E+01
 2.909E-01  3.51657096779680E+01
 2.949E-01  3.54826060612521E+01
 2.989E-01  3.58158148672214E+01
 3.030E-01  3.61624816347229E+01
 3.071E-01  3.65196668191565E+01
 3.113E-01  3.68843626586908E+01
 3.156E-01  3.72535105241570E+01
 3.199E-01  3.76240186356330E+01
 3.242E-01  3.79927800250119E+01
 3.287E-01  3.83566906211416E+01
 3.331E-01  3.87126673324755E+01
 3.377E-01  3.90576660016235E+01
 3.423E-01  3.93886991067470E+01
 3.470E-01  3.97028530864132E+01
 3.517E-01  3.99973051673021E+01
 3.565E-01  4.02693395780201E+01
 3.614E-01  4.05163630371770E+01
 3.663E-01  4.07359194097895E+01
 3.713E-01  4.09257034329000E+01
 3.764E-01  4.10835734189980E+01
 3.815E-01  4.12075628542890E+01
 3.867E-01  4.12958908179999E+01
 3.920E-01  4.13469711586283E+01
 3.974E-01  4.13594203732305E+01
 4.028E-01  4.13320641463864E+01
 4.083E-01  4.12639425162701E+01
 4.139E-01  4.11543136461691E+01
 4.195E-01  4.10026561907261E+01
 4.252E-01  4.08086702570120E+01
 4.311E-01  4.05722769711735E+01
 4.369E-01  4.02936166717205E+01
 4.429E-01  3.99730457604591E+01
 4.489E-01  3.96111322515198E+01
 4.551E-01  3.92086500678255E+01
 4.613E-01  3.87665721426136E+01
 4.676E-01  3.82860623912143E+01
 4.740E-01  3.77684666251517E+01
 4.804E-01  3.72153024867430E+01
 4.870E-01  3.66282484876893E+01
 4.936E-01  3.60091322396818E+01
 5.004E-01  3.53599179687685E+01
 5.072E-01  3.46826934081560E+01
 5.141E-01  3.39796561662646E+01
 5.212E-01  3.32530996682311E+01
 5.283E-01  3.25053987696977E+01
 5.355E-01  3.17389951416518E+01
 5.428E-01  3.09563825243409E+01
 5.502E-01  3.01600919469112E+01
 5.577E-01  2.93526770074286E+01
 5.653E-01  2.85366993054413E+01
 5.731E-01  2.77147141161513E+01
 5.809E-01  2.68892563917677E+01
 5.888E-01  2.60628271716683E+01
 5.969E-01  2.52378804786092E+01
 6.050E-01  2.44168107735262E+01
 6.133E-01  2.36019410364244E+01
 6.216E-01  2.27955115355118E+01
 6.301E-01  2.19996693411321E+01
 6.387E-01  2.12164586352153E+01
 6.474E-01  2.04478118609222E+01
 6.563E-01  1.96955417509418E+01
 6.652E-01  1.89613342665285E+01
 6.743E-01  1.82467424728793E+01
 6.835E-01  1.75531813698734E+01
 6.929E-01  1.68819236905563E+01
 7.023E-01  1.62340966730974E+01
 7.119E-01  1.56106798053010E+01
 7.216E-01  1.50125035341679E+01
 7.315E-01  1.44402489265174E+01
 7.415E-01  1.38944482603431E+01
 7.516E-01  1.33754865204415E+01
 7.618E-01  1.28836037659703E+01
 7.723E-01  1.24188983320214E+01
 7.828E-01  1.19813308220873E+01
 7.935E-01  1.15707288435125E+01
 8.043E-01  1.11867924337062E+01
 8.153E-01  1.08291001210959E+01
 8.264E-01  1.04971155615627E+01
 8.377E-01  1.01901946884526E+01
 8.491E-01  9.90759331222210E+00
 8.607E-01  9.64847510436214E+00
 8.725E-01  9.41191989945096E+00
 8.844E-01  9.19693224899503E+00
 8.965E-01  9.00245016110429E+00
 9.087E-01  8.82735396097553E+00
 9.211E-01  8.67047520857971E+00
 9.337E-01  8.53060561181524E+00
 9.464E-01  8.40650587564587E+00
 9.594E-01  8.29691443033478E+00
 9.725E-01  8.20055598476511E+00
 9.857E-01  8.11614985395485E+00
 9.992E-01  8.04241801318984E+00
 1.013E+00  7.97809283467983E+00
 1.027E+00  7.92192446626027E+00
 1.041E+00  7.87268781539600E+00
 1.055E+00  7.82918910557423E+00
 1.069E+00  7.79027197608896E+00
 1.084E+00  7.75482310020359E+00
 1.099E+00  7.72177730071953E+00
 1.114E+00  7.69012214606148E+00
 1.129E+00  7.65890201409608E+00
 1.144E+00  7.62722161501079E+00
 1.160E+00  7.59424896866910E+00
 1.176E+00  7.55921783590080E+00
 1.192E+00  7.52142960715191E+00
 1.208E+00  7.48025465577746E+00
 1.225E+00  7.43513316697870E+00
 1.241E+00  7.38557545693251E+00
 1.258E+00  7.33116180000286E+00
 1.275E+00  7.27154178503154E+00
 1.293E+00  7.20643322455175E+00
 1.310E+00  7.13562064332774E+00
 1.328E+00  7.05895337487708E+00
 1.347E+00  6.97634329656229E+00
 1.365E+00  6.88776223543507E+00
 1.384E+00  6.79323907827088E+00
 1.402E+00  6.69285662014398E+00
 1.422E+00  6.58674818646429E+00
 1.441E+00  6.47509406363678E+00
 1.461E+00  6.35811777342112E+00
 1.481E+00  6.23608222568150E+00
 1.501E+00  6.10928578354025E+00
 1.521E+00  5.97805827400822E+00
 1.542E+00  5.84275697598125E+00
 1.563E+00  5.70376261609275E+00
 1.584E+00  5.56147540132303E+00
 1.606E+00  5.41631111551493E+00
 1.628E+00  5.26869730505819E+00
 1.650E+00  5.11906957701130E+00
 1.673E+00  4.96786803085312E+00
 1.696E+00  4.81553384292452E+00
 1.719E+00  4.66250602045466E+00
 1.742E+00  4.50921833989082E+00
 1.766E+00  4.35609648208365E+00
 1.790E+00  4.20355537474065E+00
 1.815E+00  4.05199675046483E+00
 1.839E+00  3.90180692665790E+00
 1.864E+00  3.75335481159885E+00
 1.890E+00  3.60699013912112E+00
 1.916E+00  3.46304193251210E+00
 1.942E+00  3.32181719655457E+00
 1.968E+00  3.18359983502703E+00
 1.995E+00  3.04864978948141E+00
 2.022E+00  2.91720239372721E+00
 2.050E+00  2.78946793717151E+00
 2.078E+00  2.66563142899680E+00
 2.106E+00  2.54585255410402E+00
 2.135E+00  2.43026581080668E+00
 2.164E+00  2.31898081943483E+00
 2.194E+00  2.21208279029320E+00
 2.224E+00  2.10963313881808E+00
 2.254E+00  2.01167023529034E+00
 2.285E+00  1.91821027608823E+00
 2.316E+00  1.82924826320255E+00
 2.348E+00  1.74475907858719E+00
 2.380E+00  1.66469863987954E+00
 2.412E+00  1.58900512409641E+00
 2.445E+00  1.51760024608885E+00
 2.479E+00  1.45039057882242E+00
 2.513E+00  1.38726890293306E+00
 2.547E+00  1.32811557348830E+00
 2.582E+00  1.27279989245387E+00
 2.617E+00  1.22118147601831E+00
 2.653E+00  1.17311160665503E+00
 2.689E+00  1.12843456059217E+00
 2.725E+00  1.08698890220346E+00
 2.763E+00  1.04860873771568E+00
 2.800E+00  1.01312492153678E+00
 2.839E+00  9.80366209428104E-01
 2.877E+00  9.50160353660480E-01
 2.917E+00  9.22335136192915E-01
 2.956E+00  8.96719336780358E-01
 2.997E+00  8.73143633741765E-01
 3.038E+00  8.51441435890905E-01
 3.079E+00  8.31449644841690E-01
 3.121E+00  8.13009347541477E-01
 3.164E+00  7.95966439456215E-01
 3.207E+00  7.80172179329441E-01
 3.251E+00  7.65483676864191E-01
 3.295E+00  7.51764315035815E-01
 3.340E+00  7.38884109039332E-01
 3.386E+00  7.26720004112869E-01
 3.432E+00  7.15156114665608E-01
 3.479E+00  7.04083907281200E-01
 3.526E+00  6.93402330272561E-01
 3.575E+00  6.83017892537923E-01
 3.623E+00  6.72844694516603E-01
 3.673E+00  6.62804414071644E-01
 3.723E+00  6.52826250139435E-01
 3.774E+00  6.42846826987416E-01
 3.825E+00  6.32810061912767E-01
 3.878E+00  6.22666999199699E-01
 3.930E+00  6.12375613132185E-01
 3.984E+00  6.01900582833500E-01
 4.039E+00  5.91213041674506E-01
 4.094E+00  5.80290303959215E-01
 4.150E+00  5.69115571558888E-01
 4.206E+00  5.57677623124500E-01
 4.264E+00  5.45970488461442E-01
 4.322E+00  5.33993110599609E-01
 4.381E+00  5.21748998036068E-01
 4.441E+00  5.09245869566056E-01
 4.501E+00  4.96495294050817E-01
 4.563E+00  4.83512327397645E-01
 4.625E+00  4.70315148948225E-01
 4.688E+00  4.56924699386111E-01
 4.752E+00  4.43364322182816E-01
 4.817E+00  4.29659410504851E-01
 4.883E+00  4.15837061401233E-01
 4.950E+00  4.01925738982754E-01
 5.017E+00  3.87954948191111E-01
 5.086E+00  3.73954920638063E-01
 5.155E+00  3.59956313872691E-01
 5.225E+00  3.45989925308840E-01
 5.297E+00  3.32086421915624E-01
 5.369E+00  3.18276086641761E-01
 5.442E+00  3.04588582410256E-01
 5.517E+00  2.91052734383844E-01
 5.592E+00  2.77696331064528E-01
 5.668E+00  2.64545944652860E-01
 5.746E+00  2.51626770955151E-01
 5.824E+00  2.38962488990150E-01
 5.904E+00  2.26575140311605E-01
 5.984E+00  2.14485027930375E-01
 6.066E+00  2.02710634590022E-01
 6.149E+00  1.91268560024015E-01
 6.233E+00  1.80173476701612E-01
 6.318E+00  1.69438103454006E-01
 6.404E+00  1.59073196263266E-01
 6.491E+00  1.49087555394874E-01
 6.580E+00  1.39488047961064E-01
 6.670E+00  1.30279644917535E-01
 6.761E+00  1.21465471421186E-01
 6.853E+00  1.13046869412019E-01
 6.947E+00  1.05023471228862E-01
 7.042E+00  9.73932830266673E-02
 7.138E+00  9.01527767331134E-02
 7.235E+00  8.32969892645383E-02
 7.334E+00  7.68196277158030E-02
 7.434E+00  7.07131792456411E-02
 7.536E+00  6.49690243981433E-02
 7.639E+00  5.95775526319572E-02
 7.743E+00  5.45282788709782E-02
 7.849E+00  4.98099599431703E-02
 7.956E+00  4.54107098368279E-02
 8.064E+00  4.13181127751263E-02
 8.174E+00  3.75193331891112E-02
 8.286E+00  3.40012217551632E-02
 8.399E+00  3.07504167541666E-02
 8.514E+00  2.77534401047572E-02
 8.630E+00  2.49967875207701E-02
 8.748E+00  2.24670123419401E-02
 8.867E+00  2.01508026856801E-02
 8.988E+00  1.80350516650218E-02
 9.111E+00  1.61069205123181E-02
 9.235E+00  1.43538945388581E-02
 9.362E+00  1.27638319461084E-02
 9.489E+00  1.13250055839194E-02
 9.619E+00  1.00261378239174E-02
 9.750E+00  8.85642878180696E-03
 9.883E+00  7.80557817993472E-03
 1.002E+01  6.86380119090010E-03
 1.016E+01  6.02183864405361E-03
 1.029E+01  5.27096200939942E-03
 1.043E+01  4.60297359783296E-03
 1.058E+01  4.01020243307127E-03
 1.072E+01  3.48549625944171E-03
 1.087E+01  3.02221015138892E-03
 1.102E+01  2.61419218571121E-03
 1.117E+01  2.25576662679268E-03
 1.132E+01  1.94171505915597E-03
 1.147E+01  1.66725588125522E-03
 1.163E+01  1.42802255030692E-03
 1.179E+01  1.22004094086471E-03
 1.195E+01  1.03970615051439E-03
 1.211E+01  8.83759055197304E-04
 1.228E+01  7.49262884925305E-04
 1.245E+01  6.33580058633337E-04
 1.262E+01  5.34349485180629E-04
 1.279E+01  4.49464506541875E-04
 1.296E+01  3.77051629444568E-04
 1.314E+01  3.15450163456948E-04
 1.332E+01  2.63192857093914E-04
 1.350E+01  2.18987599099469E-04
 1.368E+01  1.81700229834986E-04
 1.387E+01  1.50338487742415E-04
 1.406E+01  1.24037098199738E-04
 1.425E+01  1.02043996730735E-04
 1.445E+01  8.37076654200507E-05
 1.464E+01  6.84655504297484E-05
 1.484E+01  5.58335195983758E-05
 1.505E+01  4.53963120888119E-05
 1.525E+01  3.67989267812430E-05
 1.546E+01  2.97388924155542E-05
 1.567E+01  2.39593602012796E-05
 1.589E+01  1.92429585589888E-05
 1.610E+01  1.54063496634324E-05
 1.632E+01  1.22954283605361E-05
 1.655E+01  9.78110567053357E-06
 1.677E+01  7.75562132157602E-06
 1.700E+01  6.12933244779498E-06
 1.723E+01  4.82792861141831E-06
 1.747E+01  3.79002656218297E-06
 1.771E+01  2.96510153443898E-06
 1.795E+01  2.31171532203034E-06
 1.819E+01  1.79600479499827E-06
 1.844E+01  1.39039787431642E-06
 1.869E+01  1.07252721636731E-06
 1.895E+01  8.24314943163638E-07
 1.921E+01  6.31204661906238E-07
 1.947E+01  4.81519731542495E-07
 1.974E+01  3.65932286843321E-07
 2.000E+01  2.77039687616400E-07
 2.028E+01  2.08939398245032E-07
 2.055E+01  1.56969050574274E-07
 2.084E+01  1.17462965408093E-07
 2.112E+01  8.75505074129835E-08
 2.141E+01  6.49926632709236E-08
 2.170E+01  4.80501536269312E-08
 2.200E+01  3.53774449789023E-08
 2.230E+01  2.59379396062839E-08
 2.260E+01  1.89364049475726E-08
 2.291E+01  1.37653730088376E-08
 2.322E+01  9.96280895425543E-09
 2.354E+01  7.17882852157913E-09
 2.386E+01  5.14964779031372E-09
 2.419E+01  3.67728650955790E-09
 2.452E+01  2.61382701368154E-09
 2.485E+01  1.84926304652333E-09
 2.519E+01  1.30216394015441E-09
 2.554E+01  9.12536008032234E-10
 2.588E+01  6.36390333010865E-10
 2.624E+01  4.41629212321939E-10
 2.660E+01  3.04946528177388E-10
 2.696E+01  2.09503790911796E-10
 2.733E+01  1.43196552065789E-10
 2.770E+01  9.73678286326289E-11
 2.808E+01  6.58582210123335E-11
 2.846E+01  4.43082905682732E-11
 2.885E+01  2.96489248974085E-11
 2.924E+01  1.97310356746916E-11
 2.964E+01  1.30579609073708E-11
 3.005E+01  8.59315245406808E-12
 3.046E+01  5.62273999080092E-12
 3.087E+01  3.65786787039392E-12
 3.130E+01  2.36569243895672E-12
 3.172E+01  1.52091189485996E-12
 3.216E+01  9.71919079480880E-13
 3.259E+01  6.17306312713541E-13
 3.304E+01  3.89654482820092E-13
 3.349E+01  2.44416360909364E-13
 3.395E+01  1.52340470179378E-13
 3.441E+01  9.43402454993909E-14
 3.488E+01  5.80413034399098E-14
 3.536E+01  3.54729234989243E-14
 3.584E+01  2.15346179841646E-14
 3.633E+01  1.29842802257625E-14
 3.683E+01  7.77496984427953E-15
 3.733E+01  4.62315788945724E-15
 3.784E+01  2.72958365665901E-15
 3.835E+01  1.60003575328582E-15
 3.888E+01  9.31099100082281E-16
 3.941E+01  5.37838431030007E-16
 3.995E+01  3.08356872209914E-16
 4.049E+01  1.75451416913490E-16
 4.104E+01  9.90641549973448E-17
 4.161E+01  5.54992301457194E-17
 4.217E+01  3.08476342698251E-17
 4.275E+01  1.70088263355744E-17
 4.333E+01  9.30243977708672E-18
 4.392E+01  5.04593021040553E-18
 4.452E+01  2.71430494298873E-18
 4.513E+01  1.44777008807918E-18
 4.575E+01  7.65621378450608E-19
 4.637E+01  4.01375965371742E-19
 4.701E+01  2.08574141758140E-19
 4.765E+01  1.07421226121414E-19
 4.830E+01  5.48263550804207E-20
 4.896E+01  2.77273786395255E-20
 4.963E+01  1.38932140056211E-20
 5.030E+01  6.89658462453700E-21
 5.099E+01  3.39144565867921E-21
 5.169E+01  1.65226046596383E-21
 5.239E+01  7.97678933067166E-22
 5.311E+01  3.81893052923648E-22
 5.383E+01  1.81615439076105E-22
 5.457E+01  8.61237395310271E-23
 5.531E+01  4.10699462041584E-23
 5.607E+01  0.00000000000000E+00
 5.683E+01  0.00000000000000E+00
 5.761E+01  0.00000000000000E+00
 5.839E+01  0.00000000000000E+00
 5.919E+01  0.00000000000000E+00
 6.000E+01  0.00000000000000E+00
