line2: Z,NR,R(1),R(NR) /line3,4,...: R(N),RHO*4*PI*R(N)**2
65.00  2000  1.01365245284744E-10  6.00000000000000E+01
 1.014E-10  2.14424149193445E-12
 1.027E-10  2.19605174966073E-12
 1.042E-10  2.24911387330894E-12
 1.056E-10  2.62267410387888E-12
 1.070E-10  2.68604449465966E-12
 1.085E-10  2.75094607323003E-12
 1.100E-10  2.81741583683594E-12
 1.115E-10  2.88549167681096E-12
 1.130E-10  2.95521239997873E-12
 1.145E-10  3.02661775084827E-12
 1.161E-10  3.09974843425356E-12
 1.177E-10  3.17464613855939E-12
 1.193E-10  3.25135355942656E-12
 1.209E-10  3.32991442414993E-12
 1.226E-10  3.41037351658579E-12
 1.242E-10  3.49277670268069E-12
 1.259E-10  3.57717095661717E-12
 1.276E-10  3.66360438759252E-12
 1.294E-10  3.75212626724275E-12
 1.312E-10  3.84278705773009E-12
 1.329E-10  3.93563844050969E-12
 1.348E-10  4.03073334578984E-12
 1.366E-10  4.12812598270585E-12
 1.385E-10  4.22787187022192E-12
 1.404E-10  4.33002786877929E-12
 1.423E-10  4.43465221271066E-12
 1.442E-10  4.54180454343590E-12
 1.462E-10  4.65154594346161E-12
 1.482E-10  4.76393897120103E-12
 1.502E-10  4.87904769663559E-12
 1.523E-10  4.99693773783817E-12
 1.543E-10  5.11767629837908E-12
 1.564E-10  5.24133220563572E-12
 1.586E-10  5.36797595002734E-12
 1.607E-10  5.49767972519893E-12
 1.629E-10  5.63051746917485E-12
 1.652E-10  5.76656490650781E-12
 1.674E-10  5.90589959144581E-12
 1.697E-10  6.04860095214208E-12
 1.720E-10  6.19475033593326E-12
 1.744E-10  6.34443105571191E-12
 1.767E-10  6.49772843741900E-12
 1.792E-10  6.65472986868454E-12
 1.816E-10  6.81552484864312E-12
 1.841E-10  6.98020503895268E-12
 1.866E-10  7.14886431604686E-12
 1.891E-10  7.32159882464973E-12
 1.917E-10  7.49850703258342E-12
 1.943E-10  7.67968978689895E-12
 1.970E-10  7.86525037136559E-12
 1.997E-10  8.05529456534801E-12
 2.024E-10  8.24993070410516E-12
 2.052E-10  8.44926974054808E-12
 2.080E-10  8.65342530848857E-12
 2.108E-10  8.86251378741634E-12
 2.137E-10  9.07665436884157E-12
 2.166E-10  9.29596912424032E-12
 2.196E-10  9.52058307464211E-12
 2.226E-10  9.75062426189831E-12
 2.256E-10  9.98622382167216E-12
 2.287E-10  1.02275160581939E-11
 2.318E-10  1.04746385208210E-11
 2.350E-10  1.07277320824488E-11
 2.382E-10  1.09869410198148E-11
 2.414E-10  1.12524130957447E-11
 2.447E-10  1.15242996433848E-11
 2.481E-10  1.18027556524701E-11
 2.515E-10  1.20879398576756E-11
 2.549E-10  1.23800148291057E-11
 2.584E-10  1.26791470649657E-11
 2.619E-10  1.29855070864746E-11
 2.655E-10  1.32992695350735E-11
 2.691E-10  1.36206132719773E-11
 2.728E-10  1.39497214801375E-11
 2.765E-10  1.42867817686650E-11
 2.803E-10  1.46319862797779E-11
 2.841E-10  1.49855317983320E-11
 2.880E-10  1.53476198639979E-11
 2.919E-10  1.57184568861525E-11
 2.959E-10  1.60982542615399E-11
 2.999E-10  1.64872284947797E-11
 3.040E-10  1.68856013217851E-11
 3.082E-10  1.72935998361671E-11
 3.124E-10  1.77114566186888E-11
 3.166E-10  1.81394098698457E-11
 3.210E-10  1.85777035456554E-11
 3.253E-10  1.90265874967257E-11
 3.298E-10  1.94863176106812E-11
 3.343E-10  1.99571559580335E-11
 3.389E-10  2.04393709415755E-11
 3.435E-10  2.09332374493846E-11
 3.482E-10  2.14390370115232E-11
 3.529E-10  2.19570579605269E-11
 3.577E-10  2.24875955957696E-11
 3.626E-10  2.30309523517956E-11
 3.676E-10  2.35874379707285E-11
 3.726E-10  2.41573696788399E-11
 3.777E-10  2.47410723673814E-11
 3.828E-10  2.53388787777916E-11
 3.881E-10  2.59511296913796E-11
 3.934E-10  2.65781741235847E-11
 3.987E-10  2.72203695229322E-11
 4.042E-10  2.78780819748034E-11
 4.097E-10  2.85516864101202E-11
 4.153E-10  2.92415668190722E-11
 4.210E-10  2.99481164700199E-11
 4.267E-10  3.06717381336714E-11
 4.325E-10  3.14128443126846E-11
 4.384E-10  3.21718574768162E-11
 4.444E-10  3.29492103037540E-11
 4.505E-10  3.37453459257615E-11
 4.566E-10  3.45607181822882E-11
 4.629E-10  3.53957918786865E-11
 4.692E-10  3.62510430511655E-11
 4.756E-10  3.71269592381685E-11
 4.821E-10  3.80240397582889E-11
 4.887E-10  3.89427959949074E-11
 4.953E-10  3.98837516877102E-11
 5.021E-10  4.08474432312488E-11
 5.090E-10  4.18344199807099E-11
 5.159E-10  4.28452445650793E-11
 5.230E-10  4.38804932078735E-11
 5.301E-10  4.49407560556108E-11
 5.373E-10  4.60266375142239E-11
 5.447E-10  4.71387565936161E-11
 5.521E-10  4.82777472605211E-11
 5.596E-10  4.94442587998943E-11
 5.673E-10  5.06389561850447E-11
 5.750E-10  5.18625204567041E-11
 5.829E-10  5.31156491112556E-11
 5.908E-10  5.43990564983409E-11
 5.989E-10  5.57134742280858E-11
 6.071E-10  5.70596515881453E-11
 6.154E-10  5.84383559708407E-11
 6.238E-10  5.98503733106222E-11
 6.323E-10  6.12965085320814E-11
 6.409E-10  6.27775860088036E-11
 6.497E-10  6.42944500333152E-11
 6.585E-10  6.58479652983534E-11
 6.675E-10  6.74390173898061E-11
 6.766E-10  6.90685132915408E-11
 6.859E-10  7.07373819024190E-11
 6.952E-10  7.24465745658303E-11
 7.047E-10  7.41970656120036E-11
 7.144E-10  7.59898529134288E-11
 7.241E-10  7.78259584536962E-11
 7.340E-10  7.97064289100817E-11
 7.440E-10  8.16323362502016E-11
 7.542E-10  8.36047783430992E-11
 7.645E-10  8.56248795850906E-11
 7.749E-10  8.76937915407141E-11
 7.855E-10  8.98126935991934E-11
 7.962E-10  9.19827936467601E-11
 8.071E-10  9.42053287551922E-11
 8.181E-10  9.64815658870298E-11
 8.293E-10  9.88128026177945E-11
 8.406E-10  1.01200367875684E-10
 8.521E-10  1.03645622699140E-10
 8.637E-10  1.06149961012690E-10
 8.755E-10  1.08714810421576E-10
 8.874E-10  1.11341633025556E-10
 8.996E-10  1.14031926252380E-10
 9.118E-10  1.16787223711402E-10
 9.243E-10  1.19609096067830E-10
 9.369E-10  1.22499151938062E-10
 9.497E-10  1.25459038806703E-10
 9.627E-10  1.28490443965714E-10
 9.758E-10  1.31595095476251E-10
 9.891E-10  1.34774763153751E-10
 1.003E-09  1.38031259576837E-10
 1.016E-09  1.41366441120558E-10
 1.030E-09  1.44782209014631E-10
 1.044E-09  1.48280510427260E-10
 1.059E-09  1.51863339575087E-10
 1.073E-09  1.55532738860028E-10
 1.088E-09  1.59290800033548E-10
 1.102E-09  1.63139665389059E-10
 1.118E-09  1.67081528983147E-10
 1.133E-09  1.71118637886295E-10
 1.148E-09  1.75253293463826E-10
 1.164E-09  1.79487852687816E-10
 1.180E-09  1.83824729480686E-10
 1.196E-09  1.88266396091267E-10
 1.212E-09  1.92815384504121E-10
 1.229E-09  1.97474287882853E-10
 1.246E-09  2.02245762048417E-10
 1.263E-09  2.07132526993056E-10
 1.280E-09  2.12137368430809E-10
 1.297E-09  2.17263139385562E-10
 1.315E-09  2.22512761817357E-10
 1.333E-09  2.27889228288132E-10
 1.351E-09  2.33395603667610E-10
 1.370E-09  2.39035026880403E-10
 1.388E-09  2.44810712695438E-10
 1.407E-09  2.50725953558467E-10
 1.426E-09  2.56784121468945E-10
 1.446E-09  2.62988669902326E-10
 1.466E-09  2.69343135778633E-10
 1.486E-09  2.75851141478717E-10
 1.506E-09  2.82516396909241E-10
 1.527E-09  2.89342701617447E-10
 1.547E-09  2.96333946957157E-10
 1.568E-09  3.03494118307035E-10
 1.590E-09  3.10827297342451E-10
 1.612E-09  3.18337664362259E-10
 1.634E-09  3.26029500671777E-10
 1.656E-09  3.33907191023373E-10
 1.679E-09  3.41975226115984E-10
 1.701E-09  3.50238205155047E-10
 1.725E-09  3.58700838474301E-10
 1.748E-09  3.67367950220942E-10
 1.772E-09  3.76244481105578E-10
 1.796E-09  3.85335491218765E-10
 1.821E-09  3.94646162915471E-10
 1.846E-09  4.04181803769309E-10
 1.871E-09  4.13947849598135E-10
 1.896E-09  4.23949867562712E-10
 1.922E-09  4.34193559340377E-10
 1.949E-09  4.44684764375173E-10
 1.975E-09  4.55429463206698E-10
 2.002E-09  4.66433780879379E-10
 2.029E-09  4.77703990433952E-10
 2.057E-09  4.89246516483478E-10
 2.085E-09  5.01067938875766E-10
 2.114E-09  5.13174996444106E-10
 2.143E-09  5.25574590848871E-10
 2.172E-09  5.38273790511769E-10
 2.201E-09  5.51279834645179E-10
 2.232E-09  5.64600137378960E-10
 2.262E-09  5.78242291986847E-10
 2.293E-09  5.92214075214986E-10
 2.324E-09  6.06523451715137E-10
 2.356E-09  6.21178578584930E-10
 2.388E-09  6.36187810017800E-10
 2.421E-09  6.51559702065307E-10
 2.454E-09  6.67303017514623E-10
 2.487E-09  6.83426730883673E-10
 2.521E-09  6.99940033537118E-10
 2.556E-09  7.16852338925906E-10
 2.590E-09  7.34173287953441E-10
 2.626E-09  7.51912754471375E-10
 2.662E-09  7.70080850908209E-10
 2.698E-09  7.88687934033954E-10
 2.735E-09  8.07744610863987E-10
 2.772E-09  8.27261744705647E-10
 2.810E-09  8.47250461350786E-10
 2.848E-09  8.67722155418115E-10
 2.887E-09  8.88688496848778E-10
 2.927E-09  9.10161437558687E-10
 2.967E-09  9.32153218251848E-10
 3.007E-09  9.54676375398148E-10
 3.048E-09  9.77743748379833E-10
 3.090E-09  1.00136848681065E-09
 3.132E-09  1.02556405803152E-09
 3.175E-09  1.05034425478811E-09
 3.218E-09  1.07572320309310E-09
 3.262E-09  1.10171537027857E-09
 3.307E-09  1.12833557324361E-09
 3.352E-09  1.15559898690036E-09
 3.398E-09  1.18352115282457E-09
 3.444E-09  1.21211798811512E-09
 3.491E-09  1.24140579446759E-09
 3.539E-09  1.27140126746711E-09
 3.587E-09  1.30212150610559E-09
 3.636E-09  1.33358402252917E-09
 3.685E-09  1.36580675202089E-09
 3.736E-09  1.39880806322482E-09
 3.787E-09  1.43260676861725E-09
 3.838E-09  1.46722213523048E-09
 3.891E-09  1.50267389563618E-09
 3.944E-09  1.53898225919413E-09
 3.998E-09  1.57616792357236E-09
 4.052E-09  1.61425208654578E-09
 4.108E-09  1.65325645808037E-09
 4.164E-09  1.69320327270890E-09
 4.221E-09  1.73411530220532E-09
 4.278E-09  1.77601586856628E-09
 4.337E-09  1.81892885730590E-09
 4.396E-09  1.86287873107143E-09
 4.456E-09  1.90789054358833E-09
 4.517E-09  1.95398995394233E-09
 4.578E-09  2.00120324120626E-09
 4.641E-09  2.04955731942036E-09
 4.704E-09  2.09907975293501E-09
 4.769E-09  2.14979877212352E-09
 4.834E-09  2.20174328947490E-09
 4.900E-09  2.25494291607571E-09
 4.967E-09  2.30942797848955E-09
 5.034E-09  2.36522953604493E-09
 5.103E-09  2.42237939854066E-09
 5.173E-09  2.48091014437920E-09
 5.243E-09  2.54085513913761E-09
 5.315E-09  2.60224855458794E-09
 5.388E-09  2.66512538817700E-09
 5.461E-09  2.72952148297614E-09
 5.536E-09  2.79547354811415E-09
 5.611E-09  2.86301917970329E-09
 5.688E-09  2.93219688227052E-09
 5.765E-09  3.00304609070757E-09
 5.844E-09  3.07560719275068E-09
 5.924E-09  3.14992155200324E-09
 6.005E-09  3.22603153151585E-09
 6.087E-09  3.30398051793488E-09
 6.170E-09  3.38381294623504E-09
 6.254E-09  3.46557432505000E-09
 6.340E-09  3.54931126261411E-09
 6.426E-09  3.63507149333183E-09
 6.514E-09  3.72290390498827E-09
 6.603E-09  3.81285856661827E-09
 6.693E-09  3.90498675704804E-09
 6.784E-09  3.99934099412645E-09
 6.877E-09  4.09597506466313E-09
 6.971E-09  4.19494405508920E-09
 7.066E-09  4.29630438286025E-09
 7.162E-09  4.40011382861614E-09
 7.260E-09  4.50643156911890E-09
 7.359E-09  4.61531821098730E-09
 7.460E-09  4.72683582524513E-09
 7.562E-09  4.84104798270452E-09
 7.665E-09  4.95801979020450E-09
 7.770E-09  5.07781792772607E-09
 7.876E-09  5.20051068640199E-09
 7.983E-09  5.32616800744634E-09
 8.092E-09  5.45486152202505E-09
 8.203E-09  5.58666459208916E-09
 8.315E-09  5.72165235219409E-09
 8.428E-09  5.85990175233024E-09
 8.543E-09  6.00149160178904E-09
 8.660E-09  6.14650261408735E-09
 8.778E-09  6.29501745297883E-09
 8.898E-09  6.44712077957544E-09
 9.019E-09  6.60289930060937E-09
 9.142E-09  6.76244181785978E-09
 9.267E-09  6.92583927877399E-09
 9.394E-09  7.09318482831268E-09
 9.522E-09  7.26457386204607E-09
 9.652E-09  7.44010408053488E-09
 9.784E-09  7.61987554502432E-09
 9.917E-09  7.80399073448362E-09
 1.005E-08  7.99255460402431E-09
 1.019E-08  8.18567464472958E-09
 1.033E-08  8.38346094492975E-09
 1.047E-08  8.58602625295775E-09
 1.061E-08  8.79348604142130E-09
 1.076E-08  9.00595857302737E-09
 1.090E-08  9.22356496799866E-09
 1.105E-08  9.44642927311754E-09
 1.120E-08  9.67467853243805E-09
 1.136E-08  9.90844285970808E-09
 1.151E-08  1.01478555125407E-08
 1.167E-08  1.03930529683767E-08
 1.183E-08  1.06441750022831E-08
 1.199E-08  1.09013647666323E-08
 1.215E-08  1.11647688727061E-08
 1.232E-08  1.14345374742704E-08
 1.249E-08  1.17108243531707E-08
 1.266E-08  1.19937870069942E-08
 1.283E-08  1.22835867388524E-08
 1.301E-08  1.25803887493299E-08
 1.318E-08  1.28843622306578E-08
 1.336E-08  1.31956804631615E-08
 1.355E-08  1.35145209140374E-08
 1.373E-08  1.38410653385190E-08
 1.392E-08  1.41754998834852E-08
 1.411E-08  1.45180151935731E-08
 1.430E-08  1.48688065198550E-08
 1.450E-08  1.52280738311392E-08
 1.470E-08  1.55960219279628E-08
 1.490E-08  1.59728605593382E-08
 1.510E-08  1.63588045423180E-08
 1.531E-08  1.67540738844530E-08
 1.551E-08  1.71588939092051E-08
 1.573E-08  1.75734953843924E-08
 1.594E-08  1.79981146537393E-08
 1.616E-08  1.84329937716008E-08
 1.638E-08  1.88783806409462E-08
 1.660E-08  1.93345291546762E-08
 1.683E-08  1.98016993403504E-08
 1.706E-08  2.02801575084189E-08
 1.729E-08  2.07701764040297E-08
 1.753E-08  2.12720353625050E-08
 1.777E-08  2.17860204685772E-08
 1.801E-08  2.23124247194675E-08
 1.826E-08  2.28515481919114E-08
 1.851E-08  2.34036982132132E-08
 1.876E-08  2.39691895364367E-08
 1.901E-08  2.45483445198315E-08
 1.927E-08  2.51414933105878E-08
 1.954E-08  2.57489740330381E-08
 1.980E-08  2.63711329814034E-08
 2.007E-08  2.70083248171925E-08
 2.035E-08  2.76609127713802E-08
 2.063E-08  2.83292688514623E-08
 2.091E-08  2.90137740535187E-08
 2.119E-08  2.97148185793935E-08
 2.148E-08  3.04328020591310E-08
 2.178E-08  3.11681337787841E-08
 2.207E-08  3.19212329137206E-08
 2.237E-08  3.26925287675753E-08
 2.268E-08  3.34824610169704E-08
 2.299E-08  3.42914799621509E-08
 2.330E-08  3.51200467836770E-08
 2.362E-08  3.59686338053114E-08
 2.394E-08  3.68377247632713E-08
 2.427E-08  3.77278150819756E-08
 2.460E-08  3.86394121564567E-08
 2.494E-08  3.95730356416023E-08
 2.528E-08  4.05292177483757E-08
 2.562E-08  4.15085035472020E-08
 2.597E-08  4.25114512786779E-08
 2.633E-08  4.35386326717991E-08
 2.669E-08  4.45906332698618E-08
 2.705E-08  4.56680527642544E-08
 2.742E-08  4.67715053363057E-08
 2.779E-08  4.79016200073851E-08
 2.817E-08  4.90590409974810E-08
 2.856E-08  5.02444280924271E-08
 2.895E-08  5.14584570200183E-08
 2.934E-08  5.27018198351883E-08
 2.974E-08  5.39752253145135E-08
 3.015E-08  5.52793993602553E-08
 3.056E-08  5.66150854141408E-08
 3.098E-08  5.79830448811596E-08
 3.140E-08  5.93840575635993E-08
 3.183E-08  6.08189221055561E-08
 3.227E-08  6.22884564482012E-08
 3.271E-08  6.37934982960389E-08
 3.315E-08  6.53349055944220E-08
 3.361E-08  6.69135570186306E-08
 3.406E-08  6.85303524747374E-08
 3.453E-08  7.01862136125927E-08
 3.500E-08  7.18820843512119E-08
 3.548E-08  7.36189314168304E-08
 3.596E-08  7.53977448939819E-08
 3.645E-08  7.72195387898814E-08
 3.695E-08  7.90853516124579E-08
 3.746E-08  8.09962469623309E-08
 3.797E-08  8.29533141391037E-08
 3.849E-08  8.49576687623172E-08
 3.901E-08  8.70104534073796E-08
 3.954E-08  8.91128382568901E-08
 4.008E-08  9.12660217676743E-08
 4.063E-08  9.34712313539608E-08
 4.119E-08  9.57297240870388E-08
 4.175E-08  9.80427874118407E-08
 4.232E-08  1.00411739880837E-07
 4.290E-08  1.02837931905648E-07
 4.348E-08  1.05322746526836E-07
 4.408E-08  1.07867600202277E-07
 4.468E-08  1.10473943614602E-07
 4.529E-08  1.13143262498133E-07
 4.591E-08  1.15877078485797E-07
 4.653E-08  1.18676949976515E-07
 4.717E-08  1.21544473023542E-07
 4.781E-08  1.24481282244270E-07
 4.846E-08  1.27489051752017E-07
 4.913E-08  1.30569496110311E-07
 4.980E-08  1.33724371310282E-07
 5.048E-08  1.36955475771606E-07
 5.117E-08  1.40264651367663E-07
 5.186E-08  1.43653784475479E-07
 5.257E-08  1.47124807051016E-07
 5.329E-08  1.50679697730440E-07
 5.402E-08  1.54320482958003E-07
 5.475E-08  1.58049238141204E-07
 5.550E-08  1.61868088833807E-07
 5.626E-08  1.65779211947479E-07
 5.703E-08  1.69784836992709E-07
 5.781E-08  1.73887247349679E-07
 5.860E-08  1.78088781569857E-07
 5.940E-08  1.82391834709047E-07
 6.021E-08  1.86798859692645E-07
 6.103E-08  1.91312368713857E-07
 6.186E-08  1.95934934665752E-07
 6.271E-08  2.00669192607840E-07
 6.356E-08  2.05517841268157E-07
 6.443E-08  2.10483644581621E-07
 6.531E-08  2.15569433265513E-07
 6.620E-08  2.20778106433095E-07
 6.711E-08  2.26112633246161E-07
 6.802E-08  2.31576054607542E-07
 6.895E-08  2.37171484894502E-07
 6.989E-08  2.42902113733995E-07
 7.085E-08  2.48771207820835E-07
 7.181E-08  2.54782112779814E-07
 7.279E-08  2.60938255072760E-07
 7.379E-08  2.67243143951696E-07
 7.479E-08  2.73700373459238E-07
 7.582E-08  2.80313624477216E-07
 7.685E-08  2.87086666824908E-07
 7.790E-08  2.94023361407894E-07
 7.896E-08  3.01127662418865E-07
 8.004E-08  3.08403619591613E-07
 8.113E-08  3.15855380509398E-07
 8.224E-08  3.23487192969209E-07
 8.336E-08  3.31303407403104E-07
 8.450E-08  3.39308479357981E-07
 8.566E-08  3.47506972035361E-07
 8.683E-08  3.55903558892494E-07
 8.801E-08  3.64503026306292E-07
 8.921E-08  3.73310276301667E-07
 9.043E-08  3.82330329345751E-07
 9.167E-08  3.91568327209662E-07
 9.292E-08  4.01029535899358E-07
 9.419E-08  4.10719348657383E-07
 9.547E-08  4.20643289037079E-07
 9.677E-08  4.30807014051066E-07
 9.810E-08  4.41216317395844E-07
 9.944E-08  4.51877132754247E-07
 1.008E-07  4.62795537177736E-07
 1.022E-07  4.73977754550420E-07
 1.036E-07  4.85430159136677E-07
 1.050E-07  4.97159279214573E-07
 1.064E-07  5.09171800797075E-07
 1.079E-07  5.21474571443138E-07
 1.093E-07  5.34074604160819E-07
 1.108E-07  5.46979081404849E-07
 1.123E-07  5.60195359170592E-07
 1.139E-07  5.73730971187048E-07
 1.154E-07  5.87593633211182E-07
 1.170E-07  6.01791247425833E-07
 1.186E-07  6.16331906944119E-07
 1.202E-07  6.31223900422470E-07
 1.219E-07  6.46475716785251E-07
 1.235E-07  6.62096050063431E-07
 1.252E-07  6.78093804350211E-07
 1.269E-07  6.94478098876384E-07
 1.287E-07  7.11258273208367E-07
 1.304E-07  7.28443892571632E-07
 1.322E-07  7.46044753302896E-07
 1.340E-07  7.64070888434205E-07
 1.358E-07  7.82532573411574E-07
 1.377E-07  8.01440331951907E-07
 1.396E-07  8.20804942041707E-07
 1.415E-07  8.40637442080307E-07
 1.434E-07  8.60949137171752E-07
 1.454E-07  8.81751605568693E-07
 1.473E-07  9.03056705271785E-07
 1.494E-07  9.24876580788837E-07
 1.514E-07  9.47223670056967E-07
 1.535E-07  9.70110711532205E-07
 1.556E-07  9.93550751450163E-07
 1.577E-07  1.01755715126230E-06
 1.598E-07  1.04214359525190E-06
 1.620E-07  1.06732409833381E-06
 1.642E-07  1.09311301404290E-06
 1.665E-07  1.11952504271519E-06
 1.687E-07  1.14657523986696E-06
 1.710E-07  1.17427902477610E-06
 1.734E-07  1.20265218927083E-06
 1.757E-07  1.23171090673093E-06
 1.781E-07  1.26147174130591E-06
 1.806E-07  1.29195165735653E-06
 1.830E-07  1.32316802912420E-06
 1.855E-07  1.35513865063359E-06
 1.881E-07  1.38788174583504E-06
 1.906E-07  1.42141597899181E-06
 1.932E-07  1.45576046531820E-06
 1.959E-07  1.49093478187462E-06
 1.986E-07  1.52695897872607E-06
 2.013E-07  1.56385359037028E-06
 2.040E-07  1.60163964744143E-06
 2.068E-07  1.64033868869715E-06
 2.096E-07  1.67997277329513E-06
 2.125E-07  1.72056449336576E-06
 2.154E-07  1.76213698688906E-06
 2.183E-07  1.80471395088258E-06
 2.213E-07  1.84831965490774E-06
 2.243E-07  1.89297895490260E-06
 2.274E-07  1.93871730734878E-06
 2.305E-07  1.98556078378067E-06
 2.336E-07  2.03353608564515E-06
 2.368E-07  2.08267055952017E-06
 2.401E-07  2.13299221270117E-06
 2.433E-07  2.18452972916412E-06
 2.467E-07  2.23731248591377E-06
 2.500E-07  2.29137056972724E-06
 2.534E-07  2.34673479430226E-06
 2.569E-07  2.40343671781912E-06
 2.604E-07  2.46150866092714E-06
 2.640E-07  2.52098372516613E-06
 2.676E-07  2.58189581183198E-06
 2.712E-07  2.64427964129876E-06
 2.749E-07  2.70817077280731E-06
 2.787E-07  2.77360562473177E-06
 2.825E-07  2.84062149533599E-06
 2.863E-07  2.90925658403102E-06
 2.903E-07  2.97955001314667E-06
 2.942E-07  3.05154185022839E-06
 2.982E-07  3.12527313087280E-06
 3.023E-07  3.20078588211597E-06
 3.064E-07  3.27812314638528E-06
 3.106E-07  3.35732900603037E-06
 3.149E-07  3.43844860844739E-06
 3.192E-07  3.52152819180909E-06
 3.235E-07  3.60661511141706E-06
 3.279E-07  3.69375786669106E-06
 3.324E-07  3.78300612880908E-06
 3.369E-07  3.87441076901589E-06
 3.415E-07  3.96802388761562E-06
 3.462E-07  4.06389884366461E-06
 3.509E-07  4.16209028538077E-06
 3.557E-07  4.26265418128834E-06
 3.606E-07  4.36564785211518E-06
 3.655E-07  4.47113000345940E-06
 3.705E-07  4.57916075924673E-06
 3.756E-07  4.68980169599474E-06
 3.807E-07  4.80311587790546E-06
 3.859E-07  4.91916789280546E-06
 3.911E-07  5.03802388895360E-06
 3.965E-07  5.15975161274005E-06
 4.019E-07  5.28442044729273E-06
 4.074E-07  5.41210145201799E-06
 4.129E-07  5.54286740309817E-06
 4.186E-07  5.67679283496356E-06
 4.243E-07  5.81395408276927E-06
 4.301E-07  5.95442932589710E-06
 4.360E-07  6.09829863250762E-06
 4.419E-07  6.24564400516998E-06
 4.479E-07  6.39654942759170E-06
 4.541E-07  6.55110091247925E-06
 4.603E-07  6.70938655055379E-06
 4.665E-07  6.87149656075104E-06
 4.729E-07  7.03752334163352E-06
 4.794E-07  7.20756152404430E-06
 4.859E-07  7.38170802503422E-06
 4.926E-07  7.56006210308932E-06
 4.993E-07  7.74272541469417E-06
 5.061E-07  7.92980207226084E-06
 5.130E-07  8.12139870345621E-06
 5.200E-07  8.31762451196313E-06
 5.271E-07  8.51859133971055E-06
 5.343E-07  8.72441373060345E-06
 5.416E-07  8.93520899579452E-06
 5.490E-07  9.15109728053237E-06
 5.565E-07  9.37220163262273E-06
 5.641E-07  9.59864807254538E-06
 5.718E-07  9.83056566526266E-06
 5.796E-07  1.00680865937633E-05
 5.875E-07  1.03113462343829E-05
 5.955E-07  1.05604832339416E-05
 6.037E-07  1.08156395887482E-05
 6.119E-07  1.10769607255106E-05
 6.202E-07  1.13445955841989E-05
 6.287E-07  1.16186967029125E-05
 6.373E-07  1.18994203047943E-05
 6.460E-07  1.21869263870475E-05
 6.548E-07  1.24813788120991E-05
 6.638E-07  1.27829454009661E-05
 6.728E-07  1.30917980288773E-05
 6.820E-07  1.34081127232042E-05
 6.913E-07  1.37320697637560E-05
 7.008E-07  1.40638537854995E-05
 7.103E-07  1.44036538837560E-05
 7.200E-07  1.47516637219413E-05
 7.298E-07  1.51080816419077E-05
 7.398E-07  1.54731107769506E-05
 7.499E-07  1.58469591675423E-05
 7.602E-07  1.62298398798633E-05
 7.705E-07  1.66219711271955E-05
 7.811E-07  1.70235763942449E-05
 7.917E-07  1.74348845644721E-05
 8.025E-07  1.78561300504889E-05
 8.135E-07  1.82875529276130E-05
 8.246E-07  1.87293990706423E-05
 8.358E-07  1.91819202939345E-05
 8.473E-07  1.96453744948668E-05
 8.588E-07  2.01200258007635E-05
 8.705E-07  2.06061447193701E-05
 8.824E-07  2.11040082929590E-05
 8.945E-07  2.16139002561608E-05
 9.067E-07  2.21361111976023E-05
 9.191E-07  2.26709387254495E-05
 9.316E-07  2.32186876369504E-05
 9.443E-07  2.37796700920694E-05
 9.572E-07  2.43542057913124E-05
 9.703E-07  2.49426221578483E-05
 9.835E-07  2.55452545240291E-05
 9.970E-07  2.61624463224135E-05
 1.011E-06  2.67945492813978E-05
 1.024E-06  2.74419236255776E-05
 1.038E-06  2.81049382809435E-05
 1.053E-06  2.87839710850304E-05
 1.067E-06  2.94794090021446E-05
 1.081E-06  3.01916483437852E-05
 1.096E-06  3.09210949943842E-05
 1.111E-06  3.16681646425041E-05
 1.126E-06  3.24332830176125E-05
 1.142E-06  3.32168861325729E-05
 1.157E-06  3.40194205319951E-05
 1.173E-06  3.48413435465737E-05
 1.189E-06  3.56831235535731E-05
 1.205E-06  3.65452402436037E-05
 1.222E-06  3.74281848938294E-05
 1.239E-06  3.83324606477779E-05
 1.255E-06  3.92585828019057E-05
 1.273E-06  4.02070790990794E-05
 1.290E-06  4.11784900291416E-05
 1.308E-06  4.21733691367336E-05
 1.325E-06  4.31922833365541E-05
 1.344E-06  4.42358132362143E-05
 1.362E-06  4.53045534669061E-05
 1.380E-06  4.63991130220379E-05
 1.399E-06  4.75201156040453E-05
 1.418E-06  4.86681999795875E-05
 1.438E-06  4.98440203432992E-05
 1.457E-06  5.10482466903360E-05
 1.477E-06  5.22815651979068E-05
 1.497E-06  5.35446786160174E-05
 1.518E-06  5.48383066676441E-05
 1.539E-06  5.61631864585693E-05
 1.560E-06  5.75200728971060E-05
 1.581E-06  5.89097391239543E-05
 1.603E-06  6.03329769524338E-05
 1.624E-06  6.17905973193400E-05
 1.647E-06  6.32834307466797E-05
 1.669E-06  6.48123278145610E-05
 1.692E-06  6.63781596454809E-05
 1.715E-06  6.79818184003151E-05
 1.738E-06  6.96242177862706E-05
 1.762E-06  7.13062935770902E-05
 1.786E-06  7.30290041458296E-05
 1.811E-06  7.47933310104748E-05
 1.835E-06  7.66002793927377E-05
 1.860E-06  7.84508787903251E-05
 1.886E-06  8.03461835630320E-05
 1.911E-06  8.22872735329656E-05
 1.938E-06  8.42752545992513E-05
 1.964E-06  8.63112593675910E-05
 1.991E-06  8.83964477949912E-05
 2.018E-06  9.05320078500543E-05
 2.046E-06  9.27191561892069E-05
 2.073E-06  9.49591388492463E-05
 2.102E-06  9.72532319565845E-05
 2.130E-06  9.96027424536003E-05
 2.160E-06  1.02009008842558E-04
 2.189E-06  1.04473401947418E-04
 2.219E-06  1.06997325694051E-04
 2.249E-06  1.09582217909302E-04
 2.280E-06  1.12229551139281E-04
 2.311E-06  1.14940833487422E-04
 2.343E-06  1.17717609472767E-04
 2.375E-06  1.20561460908942E-04
 2.407E-06  1.23474007804339E-04
 2.440E-06  1.26456909284011E-04
 2.473E-06  1.29511864533805E-04
 2.507E-06  1.32640613767269E-04
 2.541E-06  1.35844939215888E-04
 2.576E-06  1.39126666143198E-04
 2.611E-06  1.42487663883360E-04
 2.647E-06  1.45929846904776E-04
 2.683E-06  1.49455175899373E-04
 2.719E-06  1.53065658898158E-04
 2.757E-06  1.56763352413657E-04
 2.794E-06  1.60550362609933E-04
 2.832E-06  1.64428846500788E-04
 2.871E-06  1.68401013176870E-04
 2.910E-06  1.72469125062425E-04
 2.950E-06  1.76635499202264E-04
 2.990E-06  1.80902508579805E-04
 3.031E-06  1.85272583466939E-04
 3.072E-06  1.89748212806346E-04
 3.114E-06  1.94331945627241E-04
 3.157E-06  1.99026392495219E-04
 3.200E-06  2.03834226996967E-04
 3.244E-06  2.08758187260962E-04
 3.288E-06  2.13801077514647E-04
 3.333E-06  2.18965769679225E-04
 3.378E-06  2.24255205002916E-04
 3.424E-06  2.29672395733541E-04
 3.471E-06  2.35220426831474E-04
 3.519E-06  2.40902457723822E-04
 3.567E-06  2.46721724100930E-04
 3.615E-06  2.52681539756189E-04
 3.665E-06  2.58785298470149E-04
 3.715E-06  2.65036475940104E-04
 3.765E-06  2.71438631756131E-04
 3.817E-06  2.77995411424739E-04
 3.869E-06  2.84710548441342E-04
 3.922E-06  2.91587866412645E-04
 3.975E-06  2.98631281230144E-04
 4.030E-06  3.05844803296025E-04
 4.085E-06  3.13232539802759E-04
 4.140E-06  3.20798697067482E-04
 4.197E-06  3.28547582922714E-04
 4.254E-06  3.36483609164704E-04
 4.312E-06  3.44611294060680E-04
 4.371E-06  3.52935264916535E-04
 4.431E-06  3.61460260706332E-04
 4.491E-06  3.70191134765247E-04
 4.553E-06  3.79132857547298E-04
 4.615E-06  3.88290519449474E-04
 4.678E-06  3.97669333703946E-04
 4.742E-06  4.07274639339927E-04
 4.806E-06  4.17111904216827E-04
 4.872E-06  4.27186728130508E-04
 4.938E-06  4.37504845994271E-04
 5.006E-06  4.48072131096470E-04
 5.074E-06  4.58894598436629E-04
 5.144E-06  4.69978408141783E-04
 5.214E-06  4.81329868965111E-04
 5.285E-06  4.92955441868852E-04
 5.357E-06  5.04861743693391E-04
 5.430E-06  5.17055550914718E-04
 5.504E-06  5.29543803492336E-04
 5.579E-06  5.42333608809788E-04
 5.656E-06  5.55432245710008E-04
 5.733E-06  5.68847168627812E-04
 5.811E-06  5.82586011821859E-04
 5.890E-06  5.96656593708408E-04
 5.971E-06  6.11066921299455E-04
 6.052E-06  6.25825194747495E-04
 6.135E-06  6.40939811999790E-04
 6.219E-06  6.56419373564639E-04
 6.304E-06  6.72272687392174E-04
 6.390E-06  6.88508773872605E-04
 6.477E-06  7.05136870954860E-04
 6.565E-06  7.22166439388202E-04
 6.655E-06  7.39607168089801E-04
 6.746E-06  7.57468979641739E-04
 6.838E-06  7.75762035919980E-04
 6.931E-06  7.94496743858670E-04
 7.026E-06  8.13683761353229E-04
 7.122E-06  8.33334003305247E-04
 7.219E-06  8.53458647812734E-04
 7.318E-06  8.74069142509219E-04
 7.418E-06  8.95177211055319E-04
 7.519E-06  9.16794859786150E-04
 7.622E-06  9.38934384518712E-04
 7.726E-06  9.61608377522759E-04
 7.831E-06  9.84829734659437E-04
 7.938E-06  1.00861166269104E-03
 8.046E-06  1.03296768676679E-03
 8.156E-06  1.05791165808846E-03
 8.268E-06  1.08345776175986E-03
 8.380E-06  1.10962052482536E-03
 8.495E-06  1.13641482450101E-03
 8.611E-06  1.16385589660383E-03
 8.728E-06  1.19195934418331E-03
 8.848E-06  1.22074114636014E-03
 8.968E-06  1.25021766737745E-03
 9.091E-06  1.28040566586916E-03
 9.215E-06  1.31132230435099E-03
 9.341E-06  1.34298515893929E-03
 9.468E-06  1.37541222930317E-03
 9.597E-06  1.40862194885546E-03
 9.729E-06  1.44263319518845E-03
 9.861E-06  1.47746530075994E-03
 9.996E-06  1.51313806383566E-03
 1.013E-05  1.54967175969449E-03
 1.027E-05  1.58708715210225E-03
 1.041E-05  1.62540550506081E-03
 1.055E-05  1.66464859483937E-03
 1.070E-05  1.70483872229379E-03
 1.084E-05  1.74599872548169E-03
 1.099E-05  1.78815199258005E-03
 1.114E-05  1.83132247511243E-03
 1.129E-05  1.87553470149348E-03
 1.145E-05  1.92081379089798E-03
 1.160E-05  1.96718546746245E-03
 1.176E-05  2.01467607482707E-03
 1.192E-05  2.06331259102603E-03
 1.209E-05  2.11312264373507E-03
 1.225E-05  2.16413452588371E-03
 1.242E-05  2.21637721164196E-03
 1.259E-05  2.26988037278998E-03
 1.276E-05  2.32467439547959E-03
 1.293E-05  2.38079039739706E-03
 1.311E-05  2.43826024533754E-03
 1.329E-05  2.49711657319944E-03
 1.347E-05  2.55739280040984E-03
 1.365E-05  2.61912315079160E-03
 1.384E-05  2.68234267188091E-03
 1.403E-05  2.74708725470767E-03
 1.422E-05  2.81339365404950E-03
 1.442E-05  2.88129950916960E-03
 1.461E-05  2.95084336505099E-03
 1.481E-05  3.02206469413861E-03
 1.501E-05  3.09500391860141E-03
 1.522E-05  3.16970243312660E-03
 1.543E-05  3.24620262825864E-03
 1.564E-05  3.32454791429675E-03
 1.585E-05  3.40478274576261E-03
 1.607E-05  3.48695264645359E-03
 1.629E-05  3.57110423509423E-03
 1.651E-05  3.65728525160011E-03
 1.673E-05  3.74554458396980E-03
 1.696E-05  3.83593229581795E-03
 1.719E-05  3.92849965456707E-03
 1.743E-05  4.02329916031181E-03
 1.767E-05  4.12038457537068E-03
 1.791E-05  4.21981095454583E-03
 1.815E-05  4.32163467610292E-03
 1.840E-05  4.42591347349057E-03
 1.865E-05  4.53270646781583E-03
 1.891E-05  4.64207420109514E-03
 1.916E-05  4.75407867029796E-03
 1.943E-05  4.86878336220073E-03
 1.969E-05  4.98625328907310E-03
 1.996E-05  5.10655502521347E-03
 2.023E-05  5.22975674435615E-03
 2.051E-05  5.35592825796803E-03
 2.079E-05  5.48514105445922E-03
 2.107E-05  5.61746833932550E-03
 2.136E-05  5.75298507624702E-03
 2.165E-05  5.89176802916678E-03
 2.195E-05  6.03389580536792E-03
 2.225E-05  6.17944889957751E-03
 2.255E-05  6.32850973911898E-03
 2.286E-05  6.48116273013833E-03
 2.317E-05  6.63749430492890E-03
 2.349E-05  6.79759297038302E-03
 2.381E-05  6.96154935759200E-03
 2.413E-05  7.12945627262667E-03
 2.446E-05  7.30140874852558E-03
 2.480E-05  7.47750409851329E-03
 2.514E-05  7.65784197048641E-03
 2.548E-05  7.84252440279198E-03
 2.583E-05  8.03165588132816E-03
 2.618E-05  8.22534339800056E-03
 2.654E-05  8.42369651056568E-03
 2.690E-05  8.62682740389278E-03
 2.727E-05  8.83485095267693E-03
 2.764E-05  9.04788478564061E-03
 2.802E-05  9.26604935125555E-03
 2.840E-05  9.48946798502007E-03
 2.879E-05  9.71826697833120E-03
 2.918E-05  9.95257564898735E-03
 2.958E-05  1.01925264133584E-02
 2.998E-05  1.04382548602638E-02
 3.039E-05  1.06898998265983E-02
 3.080E-05  1.09476034747465E-02
 3.123E-05  1.12115113718267E-02
 3.165E-05  1.14817725708065E-02
 3.208E-05  1.17585396935371E-02
 3.252E-05  1.20419690157459E-02
 3.297E-05  1.23322205540391E-02
 3.342E-05  1.26294581549530E-02
 3.387E-05  1.29338495861106E-02
 3.433E-05  1.32455666295266E-02
 3.480E-05  1.35647851771123E-02
 3.528E-05  1.38916853284309E-02
 3.576E-05  1.42264514907569E-02
 3.625E-05  1.45692724814922E-02
 3.674E-05  1.49203416329942E-02
 3.724E-05  1.52798568998679E-02
 3.775E-05  1.56480209687859E-02
 3.827E-05  1.60250413708909E-02
 3.879E-05  1.64111305968374E-02
 3.932E-05  1.68065062145404E-02
 3.986E-05  1.72113909896899E-02
 4.040E-05  1.76260130090910E-02
 4.095E-05  1.80506058069051E-02
 4.151E-05  1.84854084938487E-02
 4.208E-05  1.89306658894233E-02
 4.265E-05  1.93866286572472E-02
 4.324E-05  1.98535534435536E-02
 4.383E-05  2.03317030189383E-02
 4.442E-05  2.08213464234216E-02
 4.503E-05  2.13227591149062E-02
 4.565E-05  2.18362231211102E-02
 4.627E-05  2.23620271950472E-02
 4.690E-05  2.29004669741424E-02
 4.754E-05  2.34518451430681E-02
 4.819E-05  2.40164716003747E-02
 4.885E-05  2.45946636290144E-02
 4.951E-05  2.51867460708420E-02
 5.019E-05  2.57930515051797E-02
 5.088E-05  2.64139204315457E-02
 5.157E-05  2.70497014566412E-02
 5.227E-05  2.77007514856798E-02
 5.299E-05  2.83674359181748E-02
 5.371E-05  2.90501288482792E-02
 5.445E-05  2.97492132697767E-02
 5.519E-05  3.04650812858352E-02
 5.594E-05  3.11981343236296E-02
 5.671E-05  3.19487833539422E-02
 5.748E-05  3.27174491158524E-02
 5.826E-05  3.35045623466359E-02
 5.906E-05  3.43105640169871E-02
 5.987E-05  3.51359055716780E-02
 6.068E-05  3.59810491757915E-02
 6.151E-05  3.68464679666417E-02
 6.235E-05  3.77326463115115E-02
 6.320E-05  3.86400800713408E-02
 6.407E-05  3.95692768704962E-02
 6.494E-05  4.05207563727617E-02
 6.583E-05  4.14950505636824E-02
 6.673E-05  4.24927040394103E-02
 6.764E-05  4.35142743021935E-02
 6.856E-05  4.45603320626612E-02
 6.950E-05  4.56314615490423E-02
 7.045E-05  4.67282608234926E-02
 7.141E-05  4.78513421056712E-02
 7.238E-05  4.90013321037275E-02
 7.337E-05  5.01788723528804E-02
 7.437E-05  5.13846195617355E-02
 7.539E-05  5.26192459665209E-02
 7.642E-05  5.38834396934189E-02
 7.746E-05  5.51779051291610E-02
 7.852E-05  5.65033633000878E-02
 7.959E-05  5.78605522598320E-02
 8.068E-05  5.92502274858376E-02
 8.178E-05  6.06731622848991E-02
 8.289E-05  6.21301482079080E-02
 8.403E-05  6.36219954740287E-02
 8.517E-05  6.51495334044879E-02
 8.634E-05  6.67136108661978E-02
 8.751E-05  6.83150967254303E-02
 8.871E-05  6.99548803117458E-02
 8.992E-05  7.16338718924002E-02
 9.115E-05  7.33530031574844E-02
 9.239E-05  7.51132277159846E-02
 9.365E-05  7.69155216030177E-02
 9.493E-05  7.87608837985024E-02
 9.623E-05  8.06503367574700E-02
 9.754E-05  8.25849269522886E-02
 9.887E-05  8.45657254270663E-02
 1.002E-04  8.65938283644555E-02
 1.016E-04  8.86703576651571E-02
 1.030E-04  9.07964615403713E-02
 1.044E-04  9.29733151174885E-02
 1.058E-04  9.52021210592805E-02
 1.073E-04  9.74841101968814E-02
 1.087E-04  9.98205421768615E-02
 1.102E-04  1.02212706122667E-01
 1.117E-04  1.04661921310757E-01
 1.132E-04  1.07169537861693E-01
 1.148E-04  1.09736937446557E-01
 1.163E-04  1.12365534008972E-01
 1.179E-04  1.15056774503048E-01
 1.195E-04  1.17812139647612E-01
 1.212E-04  1.20633144697026E-01
 1.228E-04  1.23521340228953E-01
 1.245E-04  1.26478312949413E-01
 1.262E-04  1.29505686515473E-01
 1.279E-04  1.32605122375942E-01
 1.297E-04  1.35778320630437E-01
 1.314E-04  1.39027020907188E-01
 1.332E-04  1.42353003259941E-01
 1.351E-04  1.45758089084389E-01
 1.369E-04  1.49244142054456E-01
 1.388E-04  1.52813069078920E-01
 1.407E-04  1.56466821278700E-01
 1.426E-04  1.60207394985216E-01
 1.445E-04  1.64036832760331E-01
 1.465E-04  1.67957224438206E-01
 1.485E-04  1.71970708189513E-01
 1.505E-04  1.76079471608482E-01
 1.526E-04  1.80285752823211E-01
 1.547E-04  1.84591841629675E-01
 1.568E-04  1.89000080649874E-01
 1.589E-04  1.93512866514644E-01
 1.611E-04  1.98132651071594E-01
 1.633E-04  2.02861942618535E-01
 1.655E-04  2.07703307163075E-01
 1.678E-04  2.12659369708714E-01
 1.701E-04  2.17732815567996E-01
 1.724E-04  2.22926391703279E-01
 1.748E-04  2.28242908095517E-01
 1.771E-04  2.33685239141675E-01
 1.796E-04  2.39256325081262E-01
 1.820E-04  2.44959173452558E-01
 1.845E-04  2.50796860578946E-01
 1.870E-04  2.56772533086121E-01
 1.896E-04  2.62889409450498E-01
 1.922E-04  2.69150781579519E-01
 1.948E-04  2.75560016424423E-01
 1.974E-04  2.82120557625941E-01
 2.001E-04  2.88835927193665E-01
 2.029E-04  2.95709727219518E-01
 2.056E-04  3.02745641626015E-01
 2.084E-04  3.09947437949909E-01
 2.113E-04  3.17318969161746E-01
 2.142E-04  3.24864175522057E-01
 2.171E-04  3.32587086474685E-01
 2.201E-04  3.40491822577978E-01
 2.231E-04  3.48582597474373E-01
 2.261E-04  3.56863719899088E-01
 2.292E-04  3.65339595728528E-01
 2.323E-04  3.74014730068931E-01
 2.355E-04  3.82893729386170E-01
 2.387E-04  3.91981303677107E-01
 2.420E-04  4.01282268683173E-01
 2.453E-04  4.10801548147011E-01
 2.486E-04  4.20544176112694E-01
 2.520E-04  4.30515299270139E-01
 2.555E-04  4.40720179344508E-01
 2.589E-04  4.51164195531230E-01
 2.625E-04  4.61852846977189E-01
 2.661E-04  4.72791755308927E-01
 2.697E-04  4.83986667208402E-01
 2.734E-04  4.95443457036982E-01
 2.771E-04  5.07168129508404E-01
 2.809E-04  5.19166822411341E-01
 2.847E-04  5.31445809382158E-01
 2.886E-04  5.44011502728623E-01
 2.926E-04  5.56870456305221E-01
 2.965E-04  5.70029368440622E-01
 3.006E-04  5.83495084918125E-01
 3.047E-04  5.97274602009544E-01
 3.089E-04  6.11375069563253E-01
 3.131E-04  6.25803794147075E-01
 3.174E-04  6.40568242246530E-01
 3.217E-04  6.55676043519163E-01
 3.261E-04  6.71134994105476E-01
 3.305E-04  6.86953059996991E-01
 3.350E-04  7.03138380462321E-01
 3.396E-04  7.19699271531425E-01
 3.442E-04  7.36644229538882E-01
 3.489E-04  7.53981934726547E-01
 3.537E-04  7.71721254906308E-01
 3.585E-04  7.89871249183287E-01
 3.634E-04  8.08441171739835E-01
 3.684E-04  8.27440475681316E-01
 3.734E-04  8.46878816943389E-01
 3.785E-04  8.66766058261794E-01
 3.837E-04  8.87112273204772E-01
 3.889E-04  9.07927750268416E-01
 3.942E-04  9.29222997035649E-01
 3.996E-04  9.51008744398428E-01
 4.051E-04  9.73295950844252E-01
 4.106E-04  9.96095806806901E-01
 4.162E-04  1.01941973908103E+00
 4.219E-04  1.04327941530171E+00
 4.277E-04  1.06768674848869E+00
 4.335E-04  1.09265390165479E+00
 4.394E-04  1.11819329247944E+00
 4.454E-04  1.14431759804699E+00
 4.515E-04  1.17103975964929E+00
 4.577E-04  1.19837298765284E+00
 4.639E-04  1.22633076643033E+00
 4.702E-04  1.25492685935609E+00
 4.767E-04  1.28417531386525E+00
 4.832E-04  1.31409046657625E+00
 4.898E-04  1.34468694847621E+00
 4.965E-04  1.37597969016854E+00
 5.032E-04  1.40798392718233E+00
 5.101E-04  1.44071520534277E+00
 5.171E-04  1.47418938620196E+00
 5.241E-04  1.50842265252873E+00
 5.313E-04  1.54343151385740E+00
 5.385E-04  1.57923281209367E+00
 5.459E-04  1.61584372717654E+00
 5.533E-04  1.65328178279570E+00
 5.609E-04  1.69156485216216E+00
 5.686E-04  1.73071116383103E+00
 5.763E-04  1.77073930757517E+00
 5.842E-04  1.81166824030714E+00
 5.922E-04  1.85351729204835E+00
 6.002E-04  1.89630617194329E+00
 6.084E-04  1.94005497431609E+00
 6.167E-04  1.98478418476815E+00
 6.252E-04  2.03051468631347E+00
 6.337E-04  2.07726776554963E+00
 6.423E-04  2.12506511886135E+00
 6.511E-04  2.17392885865408E+00
 6.600E-04  2.22388151961391E+00
 6.690E-04  2.27494606499123E+00
 6.782E-04  2.32714589290415E+00
 6.874E-04  2.38050484265781E+00
 6.968E-04  2.43504720107654E+00
 7.063E-04  2.49079770884384E+00
 7.160E-04  2.54778156684619E+00
 7.257E-04  2.60602444251665E+00
 7.356E-04  2.66555247617226E+00
 7.457E-04  2.72639228734142E+00
 7.559E-04  2.78857098107532E+00
 7.662E-04  2.85211615423791E+00
 7.766E-04  2.91705590176870E+00
 7.872E-04  2.98341882291186E+00
 7.980E-04  3.05123402740646E+00
 8.089E-04  3.12053114162930E+00
 8.199E-04  3.19134031468458E+00
 8.311E-04  3.26369222443306E+00
 8.425E-04  3.33761808345239E+00
 8.540E-04  3.41314964492112E+00
 8.656E-04  3.49031920841791E+00
 8.774E-04  3.56915962562706E+00
 8.894E-04  3.64970430594145E+00
 9.016E-04  3.73198722195365E+00
 9.139E-04  3.81604291482464E+00
 9.264E-04  3.90190649952054E+00
 9.390E-04  3.98961366990653E+00
 9.518E-04  4.07920070368672E+00
 9.648E-04  4.17070446717808E+00
 9.780E-04  4.26416241990743E+00
 9.913E-04  4.35961261901797E+00
 1.005E-03  4.45709372347317E+00
 1.019E-03  4.55664499804400E+00
 1.032E-03  4.65830631706594E+00
 1.047E-03  4.76211816795149E+00
 1.061E-03  4.86812165444295E+00
 1.075E-03  4.97635849958994E+00
 1.090E-03  5.08687104843545E+00
 1.105E-03  5.19970227039485E+00
 1.120E-03  5.31489576130940E+00
 1.135E-03  5.43249574515743E+00
 1.151E-03  5.55254707540396E+00
 1.167E-03  5.67509523597078E+00
 1.182E-03  5.80018634180752E+00
 1.199E-03  5.92786713904163E+00
 1.215E-03  6.05818500468928E+00
 1.232E-03  6.19118794590322E+00
 1.248E-03  6.32692459873705E+00
 1.265E-03  6.46544422640202E+00
 1.283E-03  6.60679671699389E+00
 1.300E-03  6.75103258066494E+00
 1.318E-03  6.89820294621565E+00
 1.336E-03  7.04835955708317E+00
 1.354E-03  7.20155476669625E+00
 1.373E-03  7.35784153317207E+00
 1.391E-03  7.51727341332858E+00
 1.410E-03  7.67990455598001E+00
 1.430E-03  7.84578969448896E+00
 1.449E-03  8.01498413854557E+00
 1.469E-03  8.18754376514029E+00
 1.489E-03  8.36352500870231E+00
 1.509E-03  8.54298485036818E+00
 1.530E-03  8.72598080634910E+00
 1.551E-03  8.91257091536524E+00
 1.572E-03  9.10281372510730E+00
 1.593E-03  9.29676827769557E+00
 1.615E-03  9.49449409409836E+00
 1.637E-03  9.69605115747168E+00
 1.660E-03  9.90149989538590E+00
 1.682E-03  1.01109011608981E+01
 1.705E-03  1.03243162124337E+01
 1.729E-03  1.05418066924381E+01
 1.752E-03  1.07634346047550E+01
 1.776E-03  1.09892622906951E+01
 1.800E-03  1.12193524037506E+01
 1.825E-03  1.14537678829142E+01
 1.850E-03  1.16925719245622E+01
 1.875E-03  1.19358279528558E+01
 1.901E-03  1.21835995886181E+01
 1.927E-03  1.24359506166446E+01
 1.953E-03  1.26929449513991E+01
 1.980E-03  1.29546466010545E+01
 2.007E-03  1.32211196298305E+01
 2.034E-03  1.34924281185835E+01
 2.062E-03  1.37686361236042E+01
 2.090E-03  1.40498076335752E+01
 2.118E-03  1.43360065246454E+01
 2.147E-03  1.46272965135723E+01
 2.177E-03  1.49237411088907E+01
 2.206E-03  1.52254035600566E+01
 2.236E-03  1.55323468045260E+01
 2.267E-03  1.58446334127207E+01
 2.298E-03  1.61623255308373E+01
 2.329E-03  1.64854848214556E+01
 2.361E-03  1.68141724019014E+01
 2.393E-03  1.71484487803222E+01
 2.426E-03  1.74883737894341E+01
 2.459E-03  1.78340065178980E+01
 2.493E-03  1.81854052392848E+01
 2.527E-03  1.85426273385924E+01
 2.561E-03  1.89057292362772E+01
 2.596E-03  1.92747663097623E+01
 2.632E-03  1.96497928123914E+01
 2.668E-03  2.00308617897950E+01
 2.704E-03  2.04180249936369E+01
 2.741E-03  2.08113327927188E+01
 2.778E-03  2.12108340814108E+01
 2.816E-03  2.16165761853913E+01
 2.855E-03  2.20286047646731E+01
 2.894E-03  2.24469637138990E+01
 2.933E-03  2.28716950598967E+01
 2.973E-03  2.33028388564796E+01
 3.014E-03  2.37404330764906E+01
 3.055E-03  2.41845135010845E+01
 3.097E-03  2.46351136062549E+01
 3.139E-03  2.50922644466077E+01
 3.182E-03  2.55559945364004E+01
 3.225E-03  2.60263297278572E+01
 3.269E-03  2.65032930867879E+01
 3.314E-03  2.69869047655388E+01
 3.359E-03  2.74771818733044E+01
 3.405E-03  2.79741383438527E+01
 3.452E-03  2.84777848007014E+01
 3.499E-03  2.89881284198059E+01
 3.546E-03  2.95051727898208E+01
 3.595E-03  3.00289177700072E+01
 3.644E-03  3.05593593458623E+01
 3.694E-03  3.10964894825616E+01
 3.744E-03  3.16402959763098E+01
 3.795E-03  3.21907623037068E+01
 3.847E-03  3.27478674692458E+01
 3.900E-03  3.33115858510683E+01
 3.953E-03  3.38818870451173E+01
 4.007E-03  3.44587357078321E+01
 4.061E-03  3.50420913975482E+01
 4.117E-03  3.56319084147764E+01
 4.173E-03  3.62281356415368E+01
 4.230E-03  3.68307163799560E+01
 4.288E-03  3.74395881903333E+01
 4.346E-03  3.80546827288934E+01
 4.406E-03  3.86759255854770E+01
 4.466E-03  3.93032361214133E+01
 4.527E-03  3.99365273078413E+01
 4.589E-03  4.05757055647712E+01
 4.651E-03  4.12206706011722E+01
 4.715E-03  4.18713152564139E+01
 4.779E-03  4.25275253433847E+01
 4.844E-03  4.31891794936357E+01
 4.911E-03  4.38561490049208E+01
 4.978E-03  4.45282976915048E+01
 5.046E-03  4.52054817376520E+01
 5.114E-03  4.58875495547027E+01
 5.184E-03  4.65743416421787E+01
 5.255E-03  4.72656904533740E+01
 5.327E-03  4.79614202658957E+01
 5.400E-03  4.86613470576531E+01
 5.473E-03  4.93652783888066E+01
 5.548E-03  5.00730132901962E+01
 5.624E-03  5.07843421588017E+01
 5.700E-03  5.14990466608064E+01
 5.778E-03  5.22168996428355E+01
 5.857E-03  5.29376650519811E+01
 5.937E-03  5.36610978652315E+01
 6.018E-03  5.43869440289387E+01
 6.100E-03  5.51149404089868E+01
 6.184E-03  5.58448147523225E+01
 6.268E-03  5.65762856605439E+01
 6.354E-03  5.73090625762463E+01
 6.440E-03  5.80428457828416E+01
 6.528E-03  5.87773264185848E+01
 6.617E-03  5.95121865055520E+01
 6.708E-03  6.02470989943222E+01
 6.799E-03  6.09817278251294E+01
 6.892E-03  6.17157280062665E+01
 6.986E-03  6.24487457105139E+01
 7.082E-03  6.31804183903902E+01
 7.178E-03  6.39103749130161E+01
 7.276E-03  6.46382357153837E+01
 7.376E-03  6.53636129808358E+01
 7.476E-03  6.60861108375428E+01
 7.578E-03  6.68053255797738E+01
 7.682E-03  6.75208459127475E+01
 7.787E-03  6.82322532218330E+01
 7.893E-03  6.89391218668715E+01
 8.001E-03  6.96410195023723E+01
 8.110E-03  7.03375074243018E+01
 8.221E-03  7.10281409441951E+01
 8.333E-03  7.17124697912652E+01
 8.447E-03  7.23900385431694E+01
 8.562E-03  7.30603870860719E+01
 8.679E-03  7.37230511045796E+01
 8.798E-03  7.43775626021128E+01
 8.918E-03  7.50234504522143E+01
 9.039E-03  7.56602409812589E+01
 9.163E-03  7.62874585829670E+01
 9.288E-03  7.69046263650662E+01
 9.415E-03  7.75112668283934E+01
 9.543E-03  7.81069025786462E+01
 9.674E-03  7.86910570709299E+01
 9.806E-03  7.92632553871585E+01
 9.940E-03  7.98230250462984E+01
 1.008E-02  8.03698968473326E+01
 1.021E-02  8.09034057447445E+01
 1.035E-02  8.14230917562126E+01
 1.049E-02  8.19285009020986E+01
 1.064E-02  8.24191861761998E+01
 1.078E-02  8.28947085471161E+01
 1.093E-02  8.33546379894588E+01
 1.108E-02  8.37985545439955E+01
 1.123E-02  8.42260494056858E+01
 1.138E-02  8.46367260384252E+01
 1.154E-02  8.50302013151620E+01
 1.170E-02  8.54061066818977E+01
 1.186E-02  8.57640893439200E+01
 1.202E-02  8.61038134724632E+01
 1.218E-02  8.64249614298023E+01
 1.235E-02  8.67272350106270E+01
 1.252E-02  8.70103566973648E+01
 1.269E-02  8.72740709269207E+01
 1.286E-02  8.75181453661353E+01
 1.304E-02  8.77423721930662E+01
 1.321E-02  8.79465693809949E+01
 1.339E-02  8.81305819818846E+01
 1.358E-02  8.82942834058052E+01
 1.376E-02  8.84375766926478E+01
 1.395E-02  8.85603957722606E+01
 1.414E-02  8.86627067089305E+01
 1.433E-02  8.87445089259525E+01
 1.453E-02  8.88058364058243E+01
 1.473E-02  8.88467588614281E+01
 1.493E-02  8.88673828733619E+01
 1.513E-02  8.88678529884195E+01
 1.534E-02  8.88483527740330E+01
 1.555E-02  8.88091058233317E+01
 1.576E-02  8.87503767053212E+01
 1.598E-02  8.86724718545285E+01
 1.619E-02  8.85757403943378E+01
 1.642E-02  8.84605748881142E+01
 1.664E-02  8.83274120121040E+01
 1.687E-02  8.81767331440202E+01
 1.710E-02  8.80090648611343E+01
 1.733E-02  8.78249793416545E+01
 1.757E-02  8.76250946631311E+01
 1.781E-02  8.74100749916164E+01
 1.805E-02  8.71806306553239E+01
 1.830E-02  8.69375180965673E+01
 1.855E-02  8.66815396958255E+01
 1.880E-02  8.64135434618685E+01
 1.906E-02  8.61344225820098E+01
 1.932E-02  8.58451148267039E+01
 1.958E-02  8.55466018028911E+01
 1.985E-02  8.52399080507215E+01
 2.012E-02  8.49260999785458E+01
 2.039E-02  8.46062846313570E+01
 2.067E-02  8.42816082882046E+01
 2.095E-02  8.39532548844738E+01
 2.124E-02  8.36224442553422E+01
 2.153E-02  8.32904301971785E+01
 2.182E-02  8.29584983441518E+01
 2.212E-02  8.26279638578602E+01
 2.242E-02  8.23001689283703E+01
 2.273E-02  8.19764800856911E+01
 2.304E-02  8.16582853213791E+01
 2.335E-02  8.13469910206809E+01
 2.367E-02  8.10440187063800E+01
 2.400E-02  8.07508015963205E+01
 2.432E-02  8.04687809774078E+01
 2.466E-02  8.01994023997763E+01
 2.499E-02  7.99441116957307E+01
 2.533E-02  7.97043508290171E+01
 2.568E-02  7.94815535809723E+01
 2.603E-02  7.92771410811155E+01
 2.639E-02  7.90925171907971E+01
 2.675E-02  7.89290637495883E+01
 2.711E-02  7.87881356951930E+01
 2.748E-02  7.86710560687737E+01
 2.786E-02  7.85791109187040E+01
 2.824E-02  7.85135441169042E+01
 2.862E-02  7.84755521030426E+01
 2.901E-02  7.84662785730255E+01
 2.941E-02  7.84868091293305E+01
 2.981E-02  7.85381659118430E+01
 3.022E-02  7.86213022289567E+01
 3.063E-02  7.87370972097648E+01
 3.105E-02  7.88863504991987E+01
 3.147E-02  7.90697770189640E+01
 3.190E-02  7.92880018180685E+01
 3.234E-02  7.95415550376162E+01
 3.278E-02  7.98308670153681E+01
 3.323E-02  8.01562635563112E+01
 3.368E-02  8.05179613961447E+01
 3.414E-02  8.09160638851647E+01
 3.461E-02  8.13505569205029E+01
 3.508E-02  8.18213051550393E+01
 3.556E-02  8.23280485115596E+01
 3.604E-02  8.28703990308479E+01
 3.654E-02  8.34478380823976E+01
 3.703E-02  8.40597139662650E+01
 3.754E-02  8.47052399342893E+01
 3.805E-02  8.53834926584338E+01
 3.857E-02  8.60934111733811E+01
 3.910E-02  8.68337963197029E+01
 3.963E-02  8.76033107129513E+01
 4.017E-02  8.84004792628438E+01
 4.072E-02  8.92236902653622E+01
 4.128E-02  9.00711970890259E+01
 4.184E-02  9.09411204748549E+01
 4.241E-02  9.18314514675786E+01
 4.299E-02  9.27400549934969E+01
 4.358E-02  9.36646740980368E+01
 4.417E-02  9.46029348534866E+01
 4.478E-02  9.55523519446320E+01
 4.539E-02  9.65103349370505E+01
 4.601E-02  9.74741952296744E+01
 4.664E-02  9.84411536898889E+01
 4.727E-02  9.94083489659121E+01
 4.792E-02  1.00372846467515E+02
 4.857E-02  1.01331648002286E+02
 4.924E-02  1.02281702050650E+02
 4.991E-02  1.03219914658725E+02
 5.059E-02  1.04143160923832E+02
 5.128E-02  1.05048297043156E+02
 5.198E-02  1.05932172891594E+02
 5.269E-02  1.06791645090366E+02
 5.341E-02  1.07623590523417E+02
 5.414E-02  1.08424920254117E+02
 5.488E-02  1.09192593790236E+02
 5.563E-02  1.09923633640693E+02
 5.639E-02  1.10615140103179E+02
 5.716E-02  1.11264306217433E+02
 5.794E-02  1.11868432814816E+02
 5.873E-02  1.12424943590793E+02
 5.953E-02  1.12931400123194E+02
 6.034E-02  1.13385516755531E+02
 6.116E-02  1.13785175261434E+02
 6.200E-02  1.14128439203283E+02
 6.285E-02  1.14413567895572E+02
 6.370E-02  1.14639029881311E+02
 6.457E-02  1.14803515828053E+02
 6.546E-02  1.14905950748867E+02
 6.635E-02  1.14945505452781E+02
 6.725E-02  1.14921607129065E+02
 6.817E-02  1.14833948970075E+02
 6.910E-02  1.14682498738413E+02
 7.005E-02  1.14467506185814E+02
 7.100E-02  1.14189509233536E+02
 7.197E-02  1.13849338827119E+02
 7.296E-02  1.13448122382174E+02
 7.395E-02  1.12987285742468E+02
 7.496E-02  1.12468553576924E+02
 7.598E-02  1.11893948148306E+02
 7.702E-02  1.11265786393312E+02
 7.807E-02  1.10586675261555E+02
 7.914E-02  1.09859505269436E+02
 8.022E-02  1.09087442234258E+02
 8.132E-02  1.08273917163968E+02
 8.243E-02  1.07422614288791E+02
 8.355E-02  1.06537457232441E+02
 8.469E-02  1.05622593332829E+02
 8.585E-02  1.04682376134890E+02
 8.702E-02  1.03721346091446E+02
 8.821E-02  1.02744209521790E+02
 8.941E-02  1.01755815891777E+02
 9.063E-02  1.00761133493649E+02
 9.187E-02  9.97652236184134E+01
 9.312E-02  9.87732133283127E+01
 9.440E-02  9.77902669515605E+01
 9.568E-02  9.68215564360467E+01
 9.699E-02  9.58722307129329E+01
 9.831E-02  9.49473842348583E+01
 9.966E-02  9.40520248667248E+01
 1.010E-01  9.31910413195633E+01
 1.024E-01  9.23691703296694E+01
 1.038E-01  9.15909637958821E+01
 1.052E-01  9.08607560974212E+01
 1.066E-01  9.01826318229436E+01
 1.081E-01  8.95603941483017E+01
 1.096E-01  8.89975341057300E+01
 1.111E-01  8.84972009907457E+01
 1.126E-01  8.80621741547786E+01
 1.141E-01  8.76948364313641E+01
 1.157E-01  8.73971494415143E+01
 1.173E-01  8.71706310195637E+01
 1.189E-01  8.70163349942886E+01
 1.205E-01  8.69348335513714E+01
 1.221E-01  8.69262023922884E+01
 1.238E-01  8.69900088914298E+01
 1.255E-01  8.71253034377160E+01
 1.272E-01  8.73306141291827E+01
 1.289E-01  8.76039449690220E+01
 1.307E-01  8.79427776894633E+01
 1.325E-01  8.83440773057522E+01
 1.343E-01  8.88043014764716E+01
 1.361E-01  8.93194137186907E+01
 1.380E-01  8.98849004971161E+01
 1.399E-01  9.04957921757414E+01
 1.418E-01  9.11466877886994E+01
 1.437E-01  9.18317835543492E+01
 1.457E-01  9.25449050233669E+01
 1.477E-01  9.32795427180465E+01
 1.497E-01  9.40288910864668E+01
 1.517E-01  9.47858905619790E+01
 1.538E-01  9.55432724859414E+01
 1.559E-01  9.62936066201354E+01
 1.580E-01  9.70293509451748E+01
 1.602E-01  9.77429034128262E+01
 1.624E-01  9.84266552938240E+01
 1.646E-01  9.90730457388302E+01
 1.668E-01  9.96746171489632E+01
 1.691E-01  1.00224070934106E+02
 1.714E-01  1.00714323222267E+02
 1.738E-01  1.01138560071872E+02
 1.761E-01  1.01490291731198E+02
 1.785E-01  1.01763405485429E+02
 1.810E-01  1.01952216632179E+02
 1.834E-01  1.02051517130820E+02
 1.860E-01  1.02056621479767E+02
 1.885E-01  1.01963409388910E+02
 1.911E-01  1.01768364831705E+02
 1.937E-01  1.01468611082970E+02
 1.963E-01  1.01061941374063E+02
 1.990E-01  1.00546844826721E+02
 2.017E-01  9.99225273602450E+01
 2.045E-01  9.91889273036676E+01
 2.073E-01  9.83467254848259E+01
 2.101E-01  9.73973496115795E+01
 2.130E-01  9.63429728064197E+01
 2.159E-01  9.51865062040800E+01
 2.188E-01  9.39315855720943E+01
 2.218E-01  9.25825519661325E+01
 2.248E-01  9.11444264849649E+01
 2.279E-01  8.96228792435834E+01
 2.310E-01  8.80241927368922E+01
 2.342E-01  8.63552198199521E+01
 2.374E-01  8.46233365835408E+01
 2.406E-01  8.28363904552331E+01
 2.439E-01  8.10026439057981E+01
 2.472E-01  7.91307141879099E+01
 2.506E-01  7.72295095784467E+01
 2.540E-01  7.53081626364671E+01
 2.575E-01  7.33759610257897E+01
 2.610E-01  7.14422764834338E+01
 2.646E-01  6.95164925425352E+01
 2.682E-01  6.76079316402487E+01
 2.718E-01  6.57257822571759E+01
 2.755E-01  6.38790267446315E+01
 2.793E-01  6.20763704992505E+01
 2.831E-01  6.03261731407986E+01
 2.870E-01  5.86363823383897E+01
 2.909E-01  5.70144709125424E+01
 2.949E-01  5.54673778156347E+01
 2.989E-01  5.40014535614354E+01
 3.030E-01  5.26224106357341E+01
 3.071E-01  5.13352793749751E+01
 3.113E-01  5.01443697486770E+01
 3.156E-01  4.90532394248308E+01
 3.199E-01  4.80646684360678E+01
 3.242E-01  4.71806406988999E+01
 3.287E-01  4.64023325695604E+01
 3.331E-01  4.57301085487561E+01
 3.377E-01  4.51635241748459E+01
 3.423E-01  4.47013360714604E+01
 3.470E-01  4.43415190422286E+01
 3.517E-01  4.40812900329017E+01
 3.565E-01  4.39171387105605E+01
 3.614E-01  4.38448643415032E+01
 3.663E-01  4.38596185845536E+01
 3.713E-01  4.39559537555865E+01
 3.764E-01  4.41278760626959E+01
 3.815E-01  4.43689032602671E+01
 3.867E-01  4.46721261248810E+01
 3.920E-01  4.50302731170713E+01
 3.974E-01  4.54357775610320E+01
 4.028E-01  4.58808466499655E+01
 4.083E-01  4.63575315683039E+01
 4.139E-01  4.68577980139070E+01
 4.195E-01  4.73735964037924E+01
 4.252E-01  4.78969310561149E+01
 4.311E-01  4.84199276589867E+01
 4.369E-01  4.89348983631408E+01
 4.429E-01  4.94344038700942E+01
 4.489E-01  4.99113119298732E+01
 4.551E-01  5.03588517119221E+01
 4.613E-01  5.07706635687604E+01
 4.676E-01  5.11408437734188E+01
 4.740E-01  5.14639838776867E+01
 4.804E-01  5.17352044076945E+01
 4.870E-01  5.19501826852277E+01
 4.936E-01  5.21051746362848E+01
 5.004E-01  5.21970305216192E+01
 5.072E-01  5.22232045962195E+01
 5.141E-01  5.21817587748322E+01
 5.212E-01  5.20713604476946E+01
 5.283E-01  5.18912746537328E+01
 5.355E-01  5.16413508767572E+01
 5.428E-01  5.13220047829872E+01
 5.502E-01  5.09341952649639E+01
 5.577E-01  5.04793971971448E+01
 5.653E-01  4.99595703419049E+01
 5.731E-01  4.93771248711174E+01
 5.809E-01  4.87348839879133E+01
 5.888E-01  4.80360441456938E+01
 5.969E-01  4.72841333671693E+01
 6.050E-01  4.64829681654212E+01
 6.133E-01  4.56366095620768E+01
 6.216E-01  4.47493186851152E+01
 6.301E-01  4.38255124110676E+01
 6.387E-01  4.28697194939933E+01
 6.474E-01  4.18865375971703E+01
 6.563E-01  4.08805916135400E+01
 6.652E-01  3.98564936281746E+01
 6.743E-01  3.88188048409954E+01
 6.835E-01  3.77719997312361E+01
 6.929E-01  3.67204327072728E+01
 7.023E-01  3.56683074469547E+01
 7.119E-01  3.46196490949694E+01
 7.216E-01  3.35782794455036E+01
 7.315E-01  3.25477952009474E+01
 7.415E-01  3.15315493609949E+01
 7.516E-01  3.05326357615650E+01
 7.618E-01  2.95538767497782E+01
 7.723E-01  2.85978139500535E+01
 7.828E-01  2.76667020474214E+01
 7.935E-01  2.67625054875869E+01
 8.043E-01  2.58868979692437E+01
 8.153E-01  2.50412645827576E+01
 8.264E-01  2.42267064306737E+01
 8.377E-01  2.34440475496073E+01
 8.491E-01  2.26938439399635E+01
 8.607E-01  2.19763944995913E+01
 8.725E-01  2.12917536498640E+01
 8.844E-01  2.06397454377254E+01
 8.965E-01  2.00199788948631E+01
 9.087E-01  1.94318644352382E+01
 9.211E-01  1.88746310745832E+01
 9.337E-01  1.83473442600144E+01
 9.464E-01  1.78489241044096E+01
 9.594E-01  1.73781638284921E+01
 9.725E-01  1.69337482234191E+01
 9.857E-01  1.65142719579013E+01
 9.992E-01  1.61182575662500E+01
 1.013E+00  1.57441729670457E+01
 1.027E+00  1.53904483761443E+01
 1.041E+00  1.50554924922591E+01
 1.055E+00  1.47377078481982E+01
 1.069E+00  1.44355052358086E+01
 1.084E+00  1.41473171275996E+01
 1.099E+00  1.38716100327498E+01
 1.114E+00  1.36068957395871E+01
 1.129E+00  1.33517414105547E+01
 1.144E+00  1.31047785090199E+01
 1.160E+00  1.28647105499584E+01
 1.176E+00  1.26303196784631E+01
 1.192E+00  1.24004720911247E+01
 1.208E+00  1.21741223255446E+01
 1.225E+00  1.19503164525333E+01
 1.241E+00  1.17281942138800E+01
 1.258E+00  1.15069901559318E+01
 1.275E+00  1.12860338155836E+01
 1.293E+00  1.10647490206440E+01
 1.310E+00  1.08426523709303E+01
 1.328E+00  1.06193509698551E+01
 1.347E+00  1.03945394787471E+01
 1.365E+00  1.01679965677172E+01
 1.384E+00  9.93958083758980E+00
 1.402E+00  9.70922628732211E+00
 1.422E+00  9.47693740047650E+00
 1.441E+00  9.24278392276887E+00
 1.461E+00  9.00689540054609E+00
 1.481E+00  8.76945554732177E+00
 1.501E+00  8.53069650229323E+00
 1.521E+00  8.29089304114580E+00
 1.542E+00  8.05035679549541E+00
 1.563E+00  7.80943053309901E+00
 1.584E+00  7.56848254654212E+00
 1.606E+00  7.32790119356016E+00
 1.628E+00  7.08808962752641E+00
 1.650E+00  6.84946075200177E+00
 1.673E+00  6.61243242864158E+00
 1.696E+00  6.37742296323993E+00
 1.719E+00  6.14484689030227E+00
 1.742E+00  5.91511107230926E+00
 1.766E+00  5.68861112579710E+00
 1.790E+00  5.46572818255744E+00
 1.815E+00  5.24682599067154E+00
 1.839E+00  5.03224835675349E+00
 1.864E+00  4.82231692769455E+00
 1.890E+00  4.61732930738180E+00
 1.916E+00  4.41755750130990E+00
 1.942E+00  4.22324667971434E+00
 1.968E+00  4.03461424782414E+00
 1.995E+00  3.85184921005491E+00
 2.022E+00  3.67511181343217E+00
 2.050E+00  3.50453345424053E+00
 2.078E+00  3.34021683082665E+00
 2.106E+00  3.18223632463158E+00
 2.135E+00  3.03063859088146E+00
 2.164E+00  2.88544333991139E+00
 2.194E+00  2.74664428982636E+00
 2.224E+00  2.61421027110315E+00
 2.254E+00  2.48808646379814E+00
 2.285E+00  2.36819574823675E+00
 2.316E+00  2.25444015041143E+00
 2.348E+00  2.14670236379578E+00
 2.380E+00  2.04484732988308E+00
 2.412E+00  1.94872386046789E+00
 2.445E+00  1.85816628549964E+00
 2.479E+00  1.77299611123637E+00
 2.513E+00  1.69302367440459E+00
 2.547E+00  1.61804977911618E+00
 2.582E+00  1.54786730439303E+00
 2.617E+00  1.48226277129341E+00
 2.653E+00  1.42101785980613E+00
 2.689E+00  1.36391086686786E+00
 2.725E+00  1.31071809805001E+00
 2.763E+00  1.26121518664166E+00
 2.800E+00  1.21517833501007E+00
 2.839E+00  1.17238547423680E+00
 2.877E+00  1.13261733909422E+00
 2.917E+00  1.09565845643163E+00
 2.956E+00  1.06129804597473E+00
 2.997E+00  1.02933083339773E+00
 3.038E+00  9.99557776299054E-01
 3.079E+00  9.71786704396842E-01
 3.121E+00  9.45832875856488E-01
 3.164E+00  9.21519452172285E-01
 3.207E+00  8.98677894450323E-01
 3.251E+00  8.77148284285503E-01
 3.295E+00  8.56779572697521E-01
 3.340E+00  8.37429760795765E-01
 3.386E+00  8.18966015988757E-01
 3.432E+00  8.01264727647591E-01
 3.479E+00  7.84211506182379E-01
 3.526E+00  7.67701129503158E-01
 3.575E+00  7.51637440818682E-01
 3.623E+00  7.35933201684025E-01
 3.673E+00  7.20509904145985E-01
 3.723E+00  7.05297545758623E-01
 3.774E+00  6.90234371153023E-01
 3.825E+00  6.75266583748983E-01
 3.878E+00  6.60348031093525E-01
 3.930E+00  6.45439867203972E-01
 3.984E+00  6.30510195182672E-01
 4.039E+00  6.15533693257348E-01
 4.094E+00  6.00491227285793E-01
 4.150E+00  5.85369452646585E-01
 4.206E+00  5.70160408318731E-01
 4.264E+00  5.54861105832612E-01
 4.322E+00  5.39473115652423E-01
 4.381E+00  5.24002153426122E-01
 4.441E+00  5.08457668412978E-01
 4.501E+00  4.92852436270829E-01
 4.563E+00  4.77202158255375E-01
 4.625E+00  4.61525068752050E-01
 4.688E+00  4.45841552927583E-01
 4.752E+00  4.30173776153172E-01
 4.817E+00  4.14545326714654E-01
 4.883E+00  3.98980873187227E-01
 4.950E+00  3.83505837713498E-01
 5.017E+00  3.68146086284195E-01
 5.086E+00  3.52927636981014E-01
 5.155E+00  3.37876387001245E-01
 5.225E+00  3.23017859144301E-01
 5.297E+00  3.08376968301449E-01
 5.369E+00  2.93977808352449E-01
 5.442E+00  2.79843459736685E-01
 5.517E+00  2.65995817832391E-01
 5.592E+00  2.52455442146036E-01
 5.668E+00  2.39241426185580E-01
 5.746E+00  2.26371287766453E-01
 5.824E+00  2.13860879378560E-01
 5.904E+00  2.01724318126798E-01
 5.984E+00  1.89973934647268E-01
 6.066E+00  1.78620240297094E-01
 6.149E+00  1.67671911818325E-01
 6.233E+00  1.57135792586290E-01
 6.318E+00  1.47016909470814E-01
 6.404E+00  1.37318504265409E-01
 6.491E+00  1.28042078575560E-01
 6.580E+00  1.19187451003048E-01
 6.670E+00  1.10752825419436E-01
 6.761E+00  1.02734869088646E-01
 6.853E+00  9.51287993764745E-02
 6.947E+00  8.79284777739178E-02
 7.042E+00  8.11265099615367E-02
 7.138E+00  7.47143506536418E-02
 7.235E+00  6.86824119836826E-02
 7.334E+00  6.30201742254945E-02
 7.434E+00  5.77162976885731E-02
 7.536E+00  5.27587346786698E-02
 7.639E+00  4.81348404769994E-02
 7.743E+00  4.38314823613417E-02
 7.849E+00  3.98351457693479E-02
 7.956E+00  3.61320367873249E-02
 8.064E+00  3.27081802355470E-02
 8.174E+00  2.95495127124996E-02
 8.286E+00  2.66419700541596E-02
 8.399E+00  2.39715687592128E-02
 8.514E+00  2.15244810257374E-02
 8.630E+00  1.92871031381347E-02
 8.748E+00  1.72461170338133E-02
 8.867E+00  1.53885449662386E-02
 8.988E+00  1.37017972634686E-02
 9.111E+00  1.21737132583176E-02
 9.235E+00  1.07925955370826E-02
 9.362E+00  9.54723771770618E-03
 9.489E+00  8.42694602485661E-03
 9.619E+00  7.42155497834841E-03
 9.750E+00  6.52143755241703E-03
 9.883E+00  5.71751019654664E-03
 1.002E+01  5.00123313391625E-03
 1.016E+01  4.36460637129048E-03
 1.029E+01  3.80016186466212E-03
 1.043E+01  3.30095228857837E-03
 1.058E+01  2.86053685436395E-03
 1.072E+01  2.47296461397375E-03
 1.087E+01  2.13275567259965E-03
 1.102E+01  1.83488071509313E-03
 1.117E+01  1.57473922943887E-03
 1.132E+01  1.34813678562366E-03
 1.147E+01  1.15126170097491E-03
 1.163E+01  9.80661394063142E-04
 1.179E+01  8.33218699204865E-04
 1.195E+01  7.06128383054203E-04
 1.211E+01  5.96874074273647E-04
 1.228E+01  5.03205787306438E-04
 1.245E+01  4.23118192256894E-04
 1.262E+01  3.54829755177264E-04
 1.279E+01  2.96762846954914E-04
 1.296E+01  2.47524894721365E-04
 1.314E+01  2.05890627437022E-04
 1.332E+01  1.70785447154770E-04
 1.350E+01  1.41269939493162E-04
 1.368E+01  1.16525521068550E-04
 1.387E+01  9.58412080165060E-05
 1.406E+01  7.86014782109511E-05
 1.425E+01  6.42751902693469E-05
 1.445E+01  5.24055147940225E-05
 1.464E+01  4.26008274052738E-05
 1.484E+01  3.45265088194336E-05
 1.505E+01  2.78975943548901E-05
 1.525E+01  2.24722136473796E-05
 1.546E+01  1.80457608594082E-05
 1.567E+01  1.44457361173503E-05
 1.589E+01  1.15272001503007E-05
 1.610E+01  9.16878599216349E-06
 1.632E+01  7.26921400828603E-06
 1.655E+01  5.74425929727956E-06
 1.677E+01  4.52412358691501E-06
 1.700E+01  3.55116699234497E-06
 1.723E+01  2.77795835020905E-06
 1.747E+01  2.16560621072283E-06
 1.771E+01  1.68233590078457E-06
 1.795E+01  1.30228131483950E-06
 1.819E+01  1.00446320736514E-06
 1.844E+01  7.71928721354597E-07
 1.869E+01  5.91029670130251E-07
 1.895E+01  4.50823472445166E-07
 1.921E+01  3.42595401500301E-07
 1.947E+01  2.59368474341913E-07
 1.974E+01  1.95610478785778E-07
 2.000E+01  1.46955076923571E-07
 2.028E+01  1.09969577554376E-07
 2.055E+01  8.19659713379216E-08
 2.084E+01  6.08478070705418E-08
 2.112E+01  4.49866304805410E-08
 2.141E+01  3.31226994595286E-08
 2.170E+01  2.42855464773722E-08
 2.200E+01  1.77306946064271E-08
 2.230E+01  1.28894618154751E-08
 2.260E+01  9.32932179382727E-09
 2.291E+01  6.72274036407213E-09
 2.322E+01  4.82278535901416E-09
 2.354E+01  3.44412447699385E-09
 2.386E+01  2.44828889154459E-09
 2.419E+01  1.73229811260079E-09
 2.452E+01  1.21992069846665E-09
 2.485E+01  8.54991966292197E-10
 2.519E+01  5.96329120387207E-10
 2.554E+01  4.13880768948956E-10
 2.588E+01  2.85825537788579E-10
 2.624E+01  1.96396741330217E-10
 2.660E+01  1.34259650086906E-10
 2.696E+01  9.13071633774058E-11
 2.733E+01  6.17706282718264E-11
 2.770E+01  4.15667752561450E-11
 2.808E+01  2.78206139338842E-11
 2.846E+01  1.85187494242344E-11
 2.885E+01  1.22588369793474E-11
 2.924E+01  8.06951144014053E-12
 2.964E+01  5.28168927331459E-12
 3.005E+01  3.43710619926583E-12
 3.046E+01  2.22368875884154E-12
 3.087E+01  1.43015144598633E-12
 3.130E+01  9.14287233011848E-13
 3.172E+01  5.80953108557246E-13
 3.216E+01  3.66878354377701E-13
 3.259E+01  2.30244919447053E-13
 3.304E+01  1.43584955726240E-13
 3.349E+01  8.89697327748775E-14
 3.395E+01  5.47713240358140E-14
 3.441E+01  3.34968938177071E-14
 3.488E+01  2.03497236402112E-14
 3.536E+01  1.22793993229096E-14
 3.584E+01  7.35905278419359E-15
 3.633E+01  4.37979803521135E-15
 3.683E+01  2.58841815872846E-15
 3.733E+01  1.51887991381956E-15
 3.784E+01  8.84873534566191E-16
 3.835E+01  5.11761407625005E-16
 3.888E+01  2.93793309972094E-16
 3.941E+01  1.67403106692144E-16
 3.995E+01  9.46654056448102E-17
 4.049E+01  5.31231672257781E-17
 4.104E+01  2.95801235815534E-17
 4.161E+01  1.63417172717501E-17
 4.217E+01  8.95643694509896E-18
 4.275E+01  4.86934812184461E-18
 4.333E+01  2.62580463072616E-18
 4.392E+01  1.40432656729443E-18
 4.452E+01  7.44811034466889E-19
 4.513E+01  3.91701037507780E-19
 4.575E+01  2.04245541854834E-19
 4.637E+01  1.05584148380082E-19
 4.701E+01  5.41069154054878E-20
 4.765E+01  2.74837098335368E-20
 4.830E+01  1.38365757352792E-20
 4.896E+01  6.90362931214647E-21
 4.963E+01  3.41343606217773E-21
 5.030E+01  1.67244267829728E-21
 5.099E+01  8.11998937151485E-22
 5.169E+01  3.90701996649404E-22
 5.239E+01  1.86359606874757E-22
 5.311E+01  8.81853365695630E-23
 5.383E+01  4.14689082416138E-23
 5.457E+01  1.94534500008474E-23
 5.531E+01  9.18114505825614E-24
 5.607E+01  0.00000000000000E+00
 5.683E+01  0.00000000000000E+00
 5.761E+01  0.00000000000000E+00
 5.839E+01  0.00000000000000E+00
 5.919E+01  0.00000000000000E+00
 6.000E+01  0.00000000000000E+00
