line2: Z,NR,R(1),R(NR) /line3,4,...: R(N),RHO*4*PI*R(N)**2
84.00  2000  1.01365245284744E-10  6.00000000000000E+01
 1.014E-10  1.18351137059963E-10
 1.027E-10  1.20914491778643E-10
 1.042E-10  1.23533365932156E-10
 1.056E-10  1.59797017873354E-10
 1.070E-10  1.63258044532097E-10
 1.085E-10  1.66794033217295E-10
 1.100E-10  1.70406607495139E-10
 1.115E-10  1.74097426138669E-10
 1.130E-10  1.77868183830407E-10
 1.145E-10  1.81720611962188E-10
 1.161E-10  1.85656479425330E-10
 1.177E-10  1.89677593423428E-10
 1.193E-10  1.93785800302089E-10
 1.209E-10  1.97982986396729E-10
 1.226E-10  2.02271078898700E-10
 1.242E-10  2.06652046740188E-10
 1.259E-10  2.11127901498271E-10
 1.276E-10  2.15700698318550E-10
 1.294E-10  2.20372536858808E-10
 1.312E-10  2.25145562253101E-10
 1.329E-10  2.30021966096702E-10
 1.348E-10  2.35003987452422E-10
 1.366E-10  2.40093913878678E-10
 1.385E-10  2.45294082479885E-10
 1.404E-10  2.50606880979543E-10
 1.423E-10  2.56034748816599E-10
 1.442E-10  2.61580178265553E-10
 1.462E-10  2.67245715580809E-10
 1.482E-10  2.73033962165801E-10
 1.502E-10  2.78947575767523E-10
 1.523E-10  2.84989271696800E-10
 1.543E-10  2.91161824075066E-10
 1.564E-10  2.97468067108184E-10
 1.586E-10  3.03910896387760E-10
 1.607E-10  3.10493270220726E-10
 1.629E-10  3.17218210987638E-10
 1.652E-10  3.24088806530484E-10
 1.674E-10  3.31108211570500E-10
 1.697E-10  3.38279649156664E-10
 1.720E-10  3.45606412145638E-10
 1.744E-10  3.53091864713740E-10
 1.767E-10  3.60739443901559E-10
 1.792E-10  3.68552661192220E-10
 1.816E-10  3.76535104123711E-10
 1.841E-10  3.84690437936037E-10
 1.866E-10  3.93022407254290E-10
 1.891E-10  4.01534837808011E-10
 1.917E-10  4.10231638187781E-10
 1.943E-10  4.19116801639914E-10
 1.970E-10  4.28194407900035E-10
 1.997E-10  4.37468625066316E-10
 2.024E-10  4.46943711513327E-10
 2.052E-10  4.56624017847292E-10
 2.080E-10  4.66513988903751E-10
 2.108E-10  4.76618165788479E-10
 2.137E-10  4.86941187962548E-10
 2.166E-10  4.97487795372636E-10
 2.196E-10  5.08262830627375E-10
 2.226E-10  5.19271241220983E-10
 2.256E-10  5.30518081804907E-10
 2.287E-10  5.42008516508705E-10
 2.318E-10  5.53747821311307E-10
 2.350E-10  5.65741386463491E-10
 2.382E-10  5.77994718962869E-10
 2.414E-10  5.90513445082524E-10
 2.447E-10  6.03303312954421E-10
 2.481E-10  6.16370195208648E-10
 2.515E-10  6.29720091669956E-10
 2.549E-10  6.43359132112650E-10
 2.584E-10  6.57293579075174E-10
 2.619E-10  6.71529830735586E-10
 2.655E-10  6.86074423849397E-10
 2.691E-10  7.00934036751004E-10
 2.728E-10  7.16115492420136E-10
 2.765E-10  7.31625761614686E-10
 2.803E-10  7.47471966071396E-10
 2.841E-10  7.63661381775997E-10
 2.880E-10  7.80201442303987E-10
 2.919E-10  7.97099742233851E-10
 2.959E-10  8.14364040634189E-10
 2.999E-10  8.32002264626495E-10
 3.040E-10  8.50022513024899E-10
 3.082E-10  8.68433060054833E-10
 3.124E-10  8.87242359152298E-10
 3.166E-10  9.06459046845358E-10
 3.210E-10  9.26091946719705E-10
 3.253E-10  9.46150073470050E-10
 3.298E-10  9.66642637039448E-10
 3.343E-10  9.87579046848103E-10
 3.389E-10  1.00896891611381E-09
 3.435E-10  1.03082206626597E-09
 3.482E-10  1.05314853145532E-09
 3.529E-10  1.07595856316112E-09
 3.577E-10  1.09926263489831E-09
 3.626E-10  1.12307144702657E-09
 3.676E-10  1.14739593166343E-09
 3.726E-10  1.17224725770403E-09
 3.777E-10  1.19763683594935E-09
 3.828E-10  1.22357632434565E-09
 3.881E-10  1.25007763333741E-09
 3.934E-10  1.27715293133605E-09
 3.987E-10  1.30481465030732E-09
 4.042E-10  1.33307549147960E-09
 4.097E-10  1.36194843117571E-09
 4.153E-10  1.39144672677122E-09
 4.210E-10  1.42158392278175E-09
 4.267E-10  1.45237385708211E-09
 4.325E-10  1.48383066726016E-09
 4.384E-10  1.51596879710810E-09
 4.444E-10  1.54880300325475E-09
 4.505E-10  1.58234836194108E-09
 4.566E-10  1.61662027594262E-09
 4.629E-10  1.65163448164209E-09
 4.692E-10  1.68740705625465E-09
 4.756E-10  1.72395442521006E-09
 4.821E-10  1.76129336969483E-09
 4.887E-10  1.79944103435717E-09
 4.953E-10  1.83841493517928E-09
 5.021E-10  1.87823296752028E-09
 5.090E-10  1.91891341433270E-09
 5.159E-10  1.96047495455762E-09
 5.230E-10  2.00293667170124E-09
 5.301E-10  2.04631806259713E-09
 5.373E-10  2.09063904635885E-09
 5.447E-10  2.13591997352570E-09
 5.521E-10  2.18218163540698E-09
 5.596E-10  2.22944527362888E-09
 5.673E-10  2.27773258988744E-09
 5.750E-10  2.32706575591318E-09
 5.829E-10  2.37746742365192E-09
 5.908E-10  2.42896073566522E-09
 5.989E-10  2.48156933575692E-09
 6.071E-10  2.53531737982950E-09
 6.154E-10  2.59022954697513E-09
 6.238E-10  2.64633105080787E-09
 6.323E-10  2.70364765104062E-09
 6.409E-10  2.76220566531289E-09
 6.497E-10  2.82203198127509E-09
 6.585E-10  2.88315406893413E-09
 6.675E-10  2.94559999326690E-09
 6.766E-10  3.00939842710635E-09
 6.859E-10  3.07457866430702E-09
 6.952E-10  3.14117063319582E-09
 7.047E-10  3.20920491031399E-09
 7.144E-10  3.27871273445655E-09
 7.241E-10  3.34972602101598E-09
 7.340E-10  3.42227737663673E-09
 7.440E-10  3.49640011418693E-09
 7.542E-10  3.57212826805424E-09
 7.645E-10  3.64949660977326E-09
 7.749E-10  3.72854066399146E-09
 7.855E-10  3.80929672478040E-09
 7.962E-10  3.89180187230092E-09
 8.071E-10  3.97609398982879E-09
 8.181E-10  4.06221178114950E-09
 8.293E-10  4.15019478832935E-09
 8.406E-10  4.24008340987153E-09
 8.521E-10  4.33191891926605E-09
 8.637E-10  4.42574348394067E-09
 8.755E-10  4.52160018462257E-09
 8.874E-10  4.61953303511953E-09
 8.996E-10  4.71958700252913E-09
 9.118E-10  4.82180802788647E-09
 9.243E-10  4.92624304725825E-09
 9.369E-10  5.03294001329381E-09
 9.497E-10  5.14194791724336E-09
 9.627E-10  5.25331681145330E-09
 9.758E-10  5.36709783234775E-09
 9.891E-10  5.48334322390872E-09
 1.003E-09  5.60210636166477E-09
 1.016E-09  5.72344177719861E-09
 1.030E-09  5.84740518318644E-09
 1.044E-09  5.97405349897862E-09
 1.059E-09  6.10344487673538E-09
 1.073E-09  6.23563872812742E-09
 1.088E-09  6.37069575161599E-09
 1.102E-09  6.50867796032352E-09
 1.118E-09  6.64964871050738E-09
 1.133E-09  6.79367273065035E-09
 1.148E-09  6.94081615118197E-09
 1.164E-09  7.09114653484332E-09
 1.180E-09  7.24473290770867E-09
 1.196E-09  7.40164579087971E-09
 1.212E-09  7.56195723286698E-09
 1.229E-09  7.72574084267074E-09
 1.246E-09  7.89307182357968E-09
 1.263E-09  8.06402700770242E-09
 1.280E-09  8.23868489124440E-09
 1.297E-09  8.41712567055151E-09
 1.315E-09  8.59943127893270E-09
 1.333E-09  8.78568542428037E-09
 1.351E-09  8.97597362750618E-09
 1.370E-09  9.17038326180954E-09
 1.388E-09  9.36900359279548E-09
 1.407E-09  9.57192581946170E-09
 1.426E-09  9.77924311607413E-09
 1.446E-09  9.99105067494901E-09
 1.466E-09  1.02074457501614E-08
 1.486E-09  1.04285277022011E-08
 1.506E-09  1.06543980435950E-08
 1.527E-09  1.08851604855160E-08
 1.547E-09  1.11209209854064E-08
 1.568E-09  1.13617877956270E-08
 1.590E-09  1.16078715131641E-08
 1.612E-09  1.18592851304096E-08
 1.634E-09  1.21161440870440E-08
 1.656E-09  1.23785663230432E-08
 1.679E-09  1.26466723328291E-08
 1.701E-09  1.29205852205978E-08
 1.725E-09  1.32004307568446E-08
 1.748E-09  1.34863374361118E-08
 1.772E-09  1.37784365359898E-08
 1.796E-09  1.40768621773939E-08
 1.821E-09  1.43817513861469E-08
 1.846E-09  1.46932441558985E-08
 1.871E-09  1.50114835124023E-08
 1.896E-09  1.53366155791891E-08
 1.922E-09  1.56687896446613E-08
 1.949E-09  1.60081582306400E-08
 1.975E-09  1.63548771623971E-08
 2.002E-09  1.67091056402047E-08
 2.029E-09  1.70710063124343E-08
 2.057E-09  1.74407453502363E-08
 2.085E-09  1.78184925238423E-08
 2.114E-09  1.82044212805159E-08
 2.143E-09  1.85987088241922E-08
 2.172E-09  1.90015361968449E-08
 2.201E-09  1.94130883616115E-08
 2.232E-09  1.98335542877231E-08
 2.262E-09  2.02631270372717E-08
 2.293E-09  2.07020038538548E-08
 2.324E-09  2.11503862531450E-08
 2.356E-09  2.16084801154169E-08
 2.388E-09  2.20764957800793E-08
 2.421E-09  2.25546481422531E-08
 2.454E-09  2.30431567514469E-08
 2.487E-09  2.35422459123637E-08
 2.521E-09  2.40521447878907E-08
 2.556E-09  2.45730875043256E-08
 2.590E-09  2.51053132588766E-08
 2.626E-09  2.56490664294926E-08
 2.662E-09  2.62045966870725E-08
 2.698E-09  2.67721591101037E-08
 2.735E-09  2.73520143017844E-08
 2.772E-09  2.79444285096853E-08
 2.810E-09  2.85496737479942E-08
 2.848E-09  2.91680279224185E-08
 2.887E-09  2.97997749577905E-08
 2.927E-09  3.04452049284305E-08
 2.967E-09  3.11046141913401E-08
 3.007E-09  3.17783055222742E-08
 3.048E-09  3.24665882547696E-08
 3.090E-09  3.31697784221764E-08
 3.132E-09  3.38881989027675E-08
 3.175E-09  3.46221795679893E-08
 3.218E-09  3.53720574339309E-08
 3.262E-09  3.61381768160677E-08
 3.307E-09  3.69208894873538E-08
 3.352E-09  3.77205548397463E-08
 3.398E-09  3.85375400492211E-08
 3.444E-09  3.93722202443679E-08
 3.491E-09  4.02249786786372E-08
 3.539E-09  4.10962069063088E-08
 3.587E-09  4.19863049622808E-08
 3.636E-09  4.28956815457516E-08
 3.685E-09  4.38247542078785E-08
 3.736E-09  4.47739495434981E-08
 3.787E-09  4.57437033870062E-08
 3.838E-09  4.67344610124709E-08
 3.891E-09  4.77466773380851E-08
 3.944E-09  4.87808171350538E-08
 3.998E-09  4.98373552409910E-08
 4.052E-09  5.09167767779517E-08
 4.108E-09  5.20195773751774E-08
 4.164E-09  5.31462633966696E-08
 4.221E-09  5.42973521736939E-08
 4.278E-09  5.54733722423178E-08
 4.337E-09  5.66748635860926E-08
 4.396E-09  5.79023778839923E-08
 4.456E-09  5.91564787637240E-08
 4.517E-09  6.04377420605236E-08
 4.578E-09  6.17467560815543E-08
 4.641E-09  6.30841218760326E-08
 4.704E-09  6.44504535112143E-08
 4.769E-09  6.58463783543392E-08
 4.834E-09  6.72725373607000E-08
 4.900E-09  6.87295853679435E-08
 4.967E-09  7.02181913967385E-08
 5.034E-09  7.17390389579731E-08
 5.103E-09  7.32928263665882E-08
 5.173E-09  7.48802670622233E-08
 5.243E-09  7.65020899367879E-08
 5.315E-09  7.81590396691513E-08
 5.388E-09  7.98518770670631E-08
 5.461E-09  8.15813794164824E-08
 5.536E-09  8.33483408384906E-08
 5.611E-09  8.51535726538991E-08
 5.688E-09  8.69979037557911E-08
 5.765E-09  8.88821809901109E-08
 5.844E-09  9.08072695444949E-08
 5.924E-09  9.27740533455410E-08
 6.005E-09  9.47834354646698E-08
 6.087E-09  9.68363385327748E-08
 6.170E-09  9.89337051638543E-08
 6.254E-09  1.01076498387830E-07
 6.340E-09  1.03265702092727E-07
 6.426E-09  1.05502321476429E-07
 6.514E-09  1.07787383508239E-07
 6.603E-09  1.10121937400406E-07
 6.693E-09  1.12507055089887E-07
 6.784E-09  1.14943831730539E-07
 6.877E-09  1.17433386195969E-07
 6.971E-09  1.19976861593267E-07
 7.066E-09  1.22575425787885E-07
 7.162E-09  1.25230271939860E-07
 7.260E-09  1.27942619051674E-07
 7.359E-09  1.30713712527971E-07
 7.460E-09  1.33544824747383E-07
 7.562E-09  1.36437255646768E-07
 7.665E-09  1.39392333318079E-07
 7.770E-09  1.42411414618168E-07
 7.876E-09  1.45495885791806E-07
 7.983E-09  1.48647163108181E-07
 8.092E-09  1.51866693511195E-07
 8.203E-09  1.55155955283829E-07
 8.315E-09  1.58516458726929E-07
 8.428E-09  1.61949746852665E-07
 8.543E-09  1.65457396093000E-07
 8.660E-09  1.69041017023540E-07
 8.778E-09  1.72702255103048E-07
 8.898E-09  1.76442791428954E-07
 9.019E-09  1.80264343509251E-07
 9.142E-09  1.84168666051107E-07
 9.267E-09  1.88157551766528E-07
 9.394E-09  1.92232832195538E-07
 9.522E-09  1.96396378547111E-07
 9.652E-09  2.00650102558352E-07
 9.784E-09  2.04995957372315E-07
 9.917E-09  2.09435938434764E-07
 1.005E-08  2.13972084410416E-07
 1.019E-08  2.18606478119008E-07
 1.033E-08  2.23341247491644E-07
 1.047E-08  2.28178566547844E-07
 1.061E-08  2.33120656393754E-07
 1.076E-08  2.38169786241986E-07
 1.090E-08  2.43328274453557E-07
 1.105E-08  2.48598489602350E-07
 1.120E-08  2.53982851562690E-07
 1.136E-08  2.59483832620435E-07
 1.151E-08  2.65103958608133E-07
 1.167E-08  2.70845810064797E-07
 1.183E-08  2.76712023420739E-07
 1.199E-08  2.82705292208139E-07
 1.215E-08  2.88828368297787E-07
 1.232E-08  2.95084063162601E-07
 1.249E-08  3.01475249168565E-07
 1.266E-08  3.08004860893571E-07
 1.283E-08  3.14675896474853E-07
 1.301E-08  3.21491418985604E-07
 1.318E-08  3.28454557841383E-07
 1.336E-08  3.35568510237029E-07
 1.355E-08  3.42836542614656E-07
 1.373E-08  3.50261992163472E-07
 1.392E-08  3.57848268352036E-07
 1.411E-08  3.65598854493769E-07
 1.430E-08  3.73517309346307E-07
 1.450E-08  3.81607268745550E-07
 1.470E-08  3.89872447275034E-07
 1.490E-08  3.98316639971550E-07
 1.510E-08  4.06943724067611E-07
 1.531E-08  4.15757660771709E-07
 1.551E-08  4.24762497087131E-07
 1.573E-08  4.33962367670148E-07
 1.594E-08  4.43361496728503E-07
 1.616E-08  4.52964199960888E-07
 1.638E-08  4.62774886538568E-07
 1.660E-08  4.72798061129886E-07
 1.683E-08  4.83038325968568E-07
 1.706E-08  4.93500382966862E-07
 1.729E-08  5.04189035874409E-07
 1.753E-08  5.15109192483948E-07
 1.777E-08  5.26265866884743E-07
 1.801E-08  5.37664181764765E-07
 1.826E-08  5.49309370762830E-07
 1.851E-08  5.61206780871629E-07
 1.876E-08  5.73361874892841E-07
 1.901E-08  5.85780233945330E-07
 1.927E-08  5.98467560027789E-07
 1.954E-08  6.11429678636812E-07
 1.980E-08  6.24672541441621E-07
 2.007E-08  6.38202229016876E-07
 2.035E-08  6.52024953634557E-07
 2.063E-08  6.66147062116297E-07
 2.091E-08  6.80575038747546E-07
 2.119E-08  6.95315508254893E-07
 2.148E-08  7.10375238847773E-07
 2.178E-08  7.25761145326090E-07
 2.207E-08  7.41480292255178E-07
 2.237E-08  7.57539897209445E-07
 2.268E-08  7.73947334086398E-07
 2.299E-08  7.90710136492385E-07
 2.330E-08  8.07836001201568E-07
 2.362E-08  8.25332791689915E-07
 2.394E-08  8.43208541745774E-07
 2.427E-08  8.61471459158512E-07
 2.460E-08  8.80129929487195E-07
 2.494E-08  8.99192519910749E-07
 2.528E-08  9.18667983161522E-07
 2.562E-08  9.38565261544297E-07
 2.597E-08  9.58893491041916E-07
 2.633E-08  9.79662005510136E-07
 2.669E-08  1.00088034096329E-06
 2.705E-08  1.02255823995263E-06
 2.742E-08  1.04470565603974E-06
 2.779E-08  1.06733275836661E-06
 2.817E-08  1.09044993632474E-06
 2.856E-08  1.11406780432549E-06
 2.895E-08  1.13819720667352E-06
 2.934E-08  1.16284922254619E-06
 2.974E-08  1.18803517108014E-06
 3.015E-08  1.21376661656873E-06
 3.056E-08  1.24005537377165E-06
 3.098E-08  1.26691351333954E-06
 3.140E-08  1.29435336735641E-06
 3.183E-08  1.32238753500153E-06
 3.227E-08  1.35102888833458E-06
 3.271E-08  1.38029057820570E-06
 3.315E-08  1.41018604029338E-06
 3.361E-08  1.44072900127385E-06
 3.406E-08  1.47193348512335E-06
 3.453E-08  1.50381381955707E-06
 3.500E-08  1.53638464260778E-06
 3.548E-08  1.56966090934669E-06
 3.596E-08  1.60365789875009E-06
 3.645E-08  1.63839122071443E-06
 3.695E-08  1.67387682322368E-06
 3.746E-08  1.71013099967155E-06
 3.797E-08  1.74717039634260E-06
 3.849E-08  1.78501202005515E-06
 3.901E-08  1.82367324596986E-06
 3.954E-08  1.86317182556748E-06
 4.008E-08  1.90352589479911E-06
 4.063E-08  1.94475398241324E-06
 4.119E-08  1.98687501846319E-06
 4.175E-08  2.02990834299829E-06
 4.232E-08  2.07387371494401E-06
 4.290E-08  2.11879132117403E-06
 4.348E-08  2.16468178577860E-06
 4.408E-08  2.21156617953413E-06
 4.468E-08  2.25946602957740E-06
 4.529E-08  2.30840332928958E-06
 4.591E-08  2.35840054839415E-06
 4.653E-08  2.40948064327381E-06
 4.717E-08  2.46166706751043E-06
 4.781E-08  2.51498378265332E-06
 4.846E-08  2.56945526922124E-06
 4.913E-08  2.62510653794192E-06
 4.980E-08  2.68196314123545E-06
 5.048E-08  2.74005118494666E-06
 5.117E-08  2.79939734033079E-06
 5.186E-08  2.86002885629920E-06
 5.257E-08  2.92197357193067E-06
 5.329E-08  2.98525992925310E-06
 5.402E-08  3.04991698630176E-06
 5.475E-08  3.11597443046143E-06
 5.550E-08  3.18346259209669E-06
 5.626E-08  3.25241245847716E-06
 5.703E-08  3.32285568800517E-06
 5.781E-08  3.39482462475116E-06
 5.860E-08  3.46835231330341E-06
 5.940E-08  3.54347251394041E-06
 6.021E-08  3.62021971813080E-06
 6.103E-08  3.69862916436946E-06
 6.186E-08  3.77873685435683E-06
 6.271E-08  3.86057956952803E-06
 6.356E-08  3.94419488794016E-06
 6.443E-08  4.02962120152604E-06
 6.531E-08  4.11689773372023E-06
 6.620E-08  4.20606455746816E-06
 6.711E-08  4.29716261362453E-06
 6.802E-08  4.39023372974973E-06
 6.895E-08  4.48532063931492E-06
 6.989E-08  4.58246700132160E-06
 7.085E-08  4.68171742034623E-06
 7.181E-08  4.78311746701953E-06
 7.279E-08  4.88671369894913E-06
 7.379E-08  4.99255368209512E-06
 7.479E-08  5.10068601260860E-06
 7.582E-08  5.21116033914319E-06
 7.685E-08  5.32402738564997E-06
 7.790E-08  5.43933897466561E-06
 7.896E-08  5.55714805110549E-06
 8.004E-08  5.67750870657141E-06
 8.113E-08  5.80047620418611E-06
 8.224E-08  5.92610700396622E-06
 8.336E-08  6.05445878874277E-06
 8.450E-08  6.18559049064536E-06
 8.566E-08  6.31956231815906E-06
 8.683E-08  6.45643578376592E-06
 8.801E-08  6.59627373218744E-06
 8.921E-08  6.73914036923697E-06
 9.043E-08  6.88510129129746E-06
 9.167E-08  7.03422351543773E-06
 9.292E-08  7.18657551018074E-06
 9.419E-08  7.34222722693884E-06
 9.547E-08  7.50125013212826E-06
 9.677E-08  7.66371723998072E-06
 9.810E-08  7.82970314606548E-06
 9.944E-08  7.99928406153519E-06
 1.008E-07  8.17253784811654E-06
 1.022E-07  8.34954405385741E-06
 1.036E-07  8.53038394964625E-06
 1.050E-07  8.71514056652530E-06
 1.064E-07  8.90389873381027E-06
 1.079E-07  9.09674511803630E-06
 1.093E-07  9.29376826274589E-06
 1.108E-07  9.49505862913991E-06
 1.123E-07  9.70070863760956E-06
 1.139E-07  9.91081271016453E-06
 1.154E-07  1.01254673137841E-05
 1.170E-07  1.03447710047047E-05
 1.186E-07  1.05688244736656E-05
 1.202E-07  1.07977305921378E-05
 1.219E-07  1.10315944595507E-05
 1.235E-07  1.12705234515429E-05
 1.252E-07  1.15146272692585E-05
 1.269E-07  1.17640179897092E-05
 1.287E-07  1.20188101172289E-05
 1.304E-07  1.22791206360420E-05
 1.322E-07  1.25450690639686E-05
 1.340E-07  1.28167775072957E-05
 1.358E-07  1.30943707168335E-05
 1.377E-07  1.33779761451863E-05
 1.396E-07  1.36677240052674E-05
 1.415E-07  1.39637473300756E-05
 1.434E-07  1.42661820337678E-05
 1.454E-07  1.45751669740584E-05
 1.473E-07  1.48908440159643E-05
 1.494E-07  1.52133580969313E-05
 1.514E-07  1.55428572933755E-05
 1.535E-07  1.58794928886594E-05
 1.556E-07  1.62234194425438E-05
 1.577E-07  1.65747948621432E-05
 1.598E-07  1.69337804744167E-05
 1.620E-07  1.73005411002287E-05
 1.642E-07  1.76752451300149E-05
 1.665E-07  1.80580646010844E-05
 1.687E-07  1.84491752765979E-05
 1.710E-07  1.88487567262572E-05
 1.734E-07  1.92569924087358E-05
 1.757E-07  1.96740697559031E-05
 1.781E-07  2.01001802588650E-05
 1.806E-07  2.05355195558718E-05
 1.830E-07  2.09802875221309E-05
 1.855E-07  2.14346883615575E-05
 1.881E-07  2.18989307005204E-05
 1.906E-07  2.23732276836109E-05
 1.932E-07  2.28577970714934E-05
 1.959E-07  2.33528613408641E-05
 1.986E-07  2.38586477865829E-05
 2.013E-07  2.43753886260160E-05
 2.040E-07  2.49033211056311E-05
 2.068E-07  2.54426876099091E-05
 2.096E-07  2.59937357726085E-05
 2.125E-07  2.65567185904452E-05
 2.154E-07  2.71318945392232E-05
 2.183E-07  2.77195276924922E-05
 2.213E-07  2.83198878427657E-05
 2.243E-07  2.89332506253678E-05
 2.274E-07  2.95598976449610E-05
 2.305E-07  3.02001166048124E-05
 2.336E-07  3.08542014388606E-05
 2.368E-07  3.15224524466417E-05
 2.401E-07  3.22051764311385E-05
 2.433E-07  3.29026868396073E-05
 2.467E-07  3.36153039074645E-05
 2.500E-07  3.43433548052811E-05
 2.534E-07  3.50871737889622E-05
 2.569E-07  3.58471023531818E-05
 2.604E-07  3.66234893881299E-05
 2.640E-07  3.74166913396651E-05
 2.676E-07  3.82270723729296E-05
 2.712E-07  3.90550045395029E-05
 2.749E-07  3.99008679481821E-05
 2.787E-07  4.07650509394565E-05
 2.825E-07  4.16479502637570E-05
 2.863E-07  4.25499712635693E-05
 2.903E-07  4.34715280594892E-05
 2.942E-07  4.44130437403060E-05
 2.982E-07  4.53749505571932E-05
 3.023E-07  4.63576901221217E-05
 3.064E-07  4.73617136105579E-05
 3.106E-07  4.83874819685411E-05
 3.149E-07  4.94354661242597E-05
 3.192E-07  5.05061472042075E-05
 3.235E-07  5.16000167540066E-05
 3.279E-07  5.27175769640241E-05
 3.324E-07  5.38593408998689E-05
 3.369E-07  5.50258327378741E-05
 3.415E-07  5.62175880056921E-05
 3.462E-07  5.74351538280748E-05
 3.509E-07  5.86790891779989E-05
 3.557E-07  5.99499651332186E-05
 3.606E-07  6.12483651383676E-05
 3.655E-07  6.25748852727399E-05
 3.705E-07  6.39301345238637E-05
 3.756E-07  6.53147350670133E-05
 3.807E-07  6.67293225507519E-05
 3.859E-07  6.81745463886639E-05
 3.911E-07  6.96510700574103E-05
 3.965E-07  7.11595714012232E-05
 4.019E-07  7.27007429430069E-05
 4.074E-07  7.42752922021556E-05
 4.129E-07  7.58839420192720E-05
 4.186E-07  7.75274308879003E-05
 4.243E-07  7.92065132934383E-05
 4.301E-07  8.09219600594128E-05
 4.360E-07  8.26745587012075E-05
 4.419E-07  8.44651137874899E-05
 4.479E-07  8.62944473094313E-05
 4.541E-07  8.81633990579425E-05
 4.603E-07  9.00728270090630E-05
 4.665E-07  9.20236077176880E-05
 4.729E-07  9.40166367198379E-05
 4.794E-07  9.60528289436042E-05
 4.859E-07  9.81331191290273E-05
 4.926E-07  1.00258462257046E-04
 4.993E-07  1.02429833987703E-04
 5.061E-07  1.04648231107895E-04
 5.130E-07  1.06914671988781E-04
 5.200E-07  1.09230197053070E-04
 5.271E-07  1.11595869252466E-04
 5.343E-07  1.14012774555432E-04
 5.416E-07  1.16482022445492E-04
 5.490E-07  1.19004746430343E-04
 5.565E-07  1.21582104561984E-04
 5.641E-07  1.24215279968082E-04
 5.718E-07  1.26905481394865E-04
 5.796E-07  1.29653943761749E-04
 5.875E-07  1.32461928727979E-04
 5.955E-07  1.35330725271520E-04
 6.037E-07  1.38261650280495E-04
 6.119E-07  1.41256049157410E-04
 6.202E-07  1.44315296436457E-04
 6.287E-07  1.47440796414194E-04
 6.373E-07  1.50633983793846E-04
 6.460E-07  1.53896324343566E-04
 6.548E-07  1.57229315568964E-04
 6.638E-07  1.60634487400125E-04
 6.728E-07  1.64113402893580E-04
 6.820E-07  1.67667658949412E-04
 6.913E-07  1.71298887043874E-04
 7.008E-07  1.75008753977915E-04
 7.103E-07  1.78798962641848E-04
 7.200E-07  1.82671252796605E-04
 7.298E-07  1.86627401871864E-04
 7.398E-07  1.90669225781485E-04
 7.499E-07  1.94798579756568E-04
 7.602E-07  1.99017359196542E-04
 7.705E-07  2.03327500538649E-04
 7.811E-07  2.07730982146293E-04
 7.917E-07  2.12229825216577E-04
 8.025E-07  2.16826094707468E-04
 8.135E-07  2.21521900285049E-04
 8.246E-07  2.26319397291246E-04
 8.358E-07  2.31220787732535E-04
 8.473E-07  2.36228321289972E-04
 8.588E-07  2.41344296351137E-04
 8.705E-07  2.46571061064381E-04
 8.824E-07  2.51911014415883E-04
 8.945E-07  2.57366607330008E-04
 9.067E-07  2.62940343793475E-04
 9.191E-07  2.68634782003866E-04
 9.316E-07  2.74452535542932E-04
 9.443E-07  2.80396274575347E-04
 9.572E-07  2.86468727073371E-04
 9.703E-07  2.92672680067924E-04
 9.835E-07  2.99010980926893E-04
 9.970E-07  3.05486538660939E-04
 1.011E-06  3.12102325257634E-04
 1.024E-06  3.18861377044463E-04
 1.038E-06  3.25766796081222E-04
 1.053E-06  3.32821751582664E-04
 1.067E-06  3.40029481371784E-04
 1.081E-06  3.47393293364671E-04
 1.096E-06  3.54916567087397E-04
 1.111E-06  3.62602755225699E-04
 1.126E-06  3.70455385208278E-04
 1.142E-06  3.78478060824202E-04
 1.157E-06  3.86674463875441E-04
 1.173E-06  3.95048355865046E-04
 1.189E-06  4.03603579721829E-04
 1.205E-06  4.12344061562478E-04
 1.222E-06  4.21273812491567E-04
 1.239E-06  4.30396930440699E-04
 1.255E-06  4.39717602047290E-04
 1.273E-06  4.49240104574039E-04
 1.290E-06  4.58968807869928E-04
 1.308E-06  4.68908176373510E-04
 1.325E-06  4.79062771159728E-04
 1.344E-06  4.89437252030777E-04
 1.362E-06  5.00036379652265E-04
 1.380E-06  5.10865017735667E-04
 1.399E-06  5.21928135267764E-04
 1.418E-06  5.33230808788425E-04
 1.438E-06  5.44778224717661E-04
 1.457E-06  5.56575681732865E-04
 1.477E-06  5.68628593197566E-04
 1.497E-06  5.80942489642657E-04
 1.518E-06  5.93523021301201E-04
 1.539E-06  6.06375960698161E-04
 1.560E-06  6.19507205296006E-04
 1.581E-06  6.32922780197553E-04
 1.603E-06  6.46628840907241E-04
 1.624E-06  6.60631676152099E-04
 1.647E-06  6.74937710763705E-04
 1.669E-06  6.89553508622307E-04
 1.692E-06  7.04485775664794E-04
 1.715E-06  7.19741362957586E-04
 1.738E-06  7.35327269835828E-04
 1.762E-06  7.51250647110616E-04
 1.786E-06  7.67518800345464E-04
 1.811E-06  7.84139193203507E-04
 1.835E-06  8.01119450867208E-04
 1.860E-06  8.18467363531721E-04
 1.886E-06  8.36190889974043E-04
 1.911E-06  8.54298161199080E-04
 1.938E-06  8.72797484164523E-04
 1.964E-06  8.91697345586245E-04
 1.991E-06  9.11006415825937E-04
 2.018E-06  9.30733552862832E-04
 2.046E-06  9.50887806350964E-04
 2.073E-06  9.71478421764342E-04
 2.102E-06  9.92514844631548E-04
 2.130E-06  1.01400672486189E-03
 2.160E-06  1.03596392116503E-03
 2.189E-06  1.05839650556590E-03
 2.219E-06  1.08131476801738E-03
 2.249E-06  1.10472922111250E-03
 2.280E-06  1.12865060489823E-03
 2.311E-06  1.15308989179386E-03
 2.343E-06  1.17805829161490E-03
 2.375E-06  1.20356725670562E-03
 2.407E-06  1.22962848718298E-03
 2.440E-06  1.25625393629318E-03
 2.473E-06  1.28345581588401E-03
 2.507E-06  1.31124660199569E-03
 2.541E-06  1.33963904057209E-03
 2.576E-06  1.36864615329538E-03
 2.611E-06  1.39828124354668E-03
 2.647E-06  1.42855790249533E-03
 2.683E-06  1.45949001531971E-03
 2.719E-06  1.49109176756234E-03
 2.757E-06  1.52337765162204E-03
 2.794E-06  1.55636247338642E-03
 2.832E-06  1.59006135900744E-03
 2.871E-06  1.62448976182309E-03
 2.910E-06  1.65966346942870E-03
 2.950E-06  1.69559861090079E-03
 2.990E-06  1.73231166417665E-03
 3.031E-06  1.76981946359334E-03
 3.072E-06  1.80813920758940E-03
 3.114E-06  1.84728846657244E-03
 3.157E-06  1.88728519095704E-03
 3.200E-06  1.92814771937553E-03
 3.244E-06  1.96989478706610E-03
 3.288E-06  2.01254553444202E-03
 3.333E-06  2.05611951584560E-03
 3.378E-06  2.10063670849081E-03
 3.424E-06  2.14611752159905E-03
 3.471E-06  2.19258280573195E-03
 3.519E-06  2.24005386232506E-03
 3.567E-06  2.28855245342785E-03
 3.615E-06  2.33810081165297E-03
 3.665E-06  2.38872165034056E-03
 3.715E-06  2.44043817394157E-03
 3.765E-06  2.49327408862509E-03
 3.817E-06  2.54725361311399E-03
 3.869E-06  2.60240148975450E-03
 3.922E-06  2.65874299582441E-03
 3.975E-06  2.71630395508465E-03
 4.030E-06  2.77511074958037E-03
 4.085E-06  2.83519033169604E-03
 4.140E-06  2.89657023647035E-03
 4.197E-06  2.95927859417644E-03
 4.254E-06  3.02334414317361E-03
 4.312E-06  3.08879624303546E-03
 4.371E-06  3.15566488796081E-03
 4.431E-06  3.22398072047428E-03
 4.491E-06  3.29377504542096E-03
 4.553E-06  3.36507984426329E-03
 4.615E-06  3.43792778968580E-03
 4.678E-06  3.51235226051394E-03
 4.742E-06  3.58838735695457E-03
 4.806E-06  3.66606791616461E-03
 4.872E-06  3.74542952815435E-03
 4.938E-06  3.82650855203440E-03
 5.006E-06  3.90934213261113E-03
 5.074E-06  3.99396821733953E-03
 5.144E-06  4.08042557364210E-03
 5.214E-06  4.16875380659895E-03
 5.285E-06  4.25899337701965E-03
 5.357E-06  4.35118561990356E-03
 5.430E-06  4.44537276329712E-03
 5.504E-06  4.54159794755780E-03
 5.579E-06  4.63990524503165E-03
 5.656E-06  4.74033968015355E-03
 5.733E-06  4.84294724998163E-03
 5.811E-06  4.94777494517164E-03
 5.890E-06  5.05487077140274E-03
 5.971E-06  5.16428377126524E-03
 6.052E-06  5.27606404661698E-03
 6.135E-06  5.39026278142133E-03
 6.219E-06  5.50693226507665E-03
 6.304E-06  5.62612591624612E-03
 6.390E-06  5.74789830720018E-03
 6.477E-06  5.87230518868231E-03
 6.565E-06  5.99940351530871E-03
 6.655E-06  6.12925147151419E-03
 6.746E-06  6.26190849805407E-03
 6.838E-06  6.39743531907766E-03
 6.931E-06  6.53589396978131E-03
 7.026E-06  6.67734782465497E-03
 7.122E-06  6.82186162633781E-03
 7.219E-06  6.96950151509064E-03
 7.318E-06  7.12033505890196E-03
 7.418E-06  7.27443128424111E-03
 7.519E-06  7.43186070747052E-03
 7.622E-06  7.59269536693095E-03
 7.726E-06  7.75700885571807E-03
 7.831E-06  7.92487635515986E-03
 7.938E-06  8.09637466901167E-03
 8.046E-06  8.27158225838789E-03
 8.156E-06  8.45057927743935E-03
 8.268E-06  8.63344760979620E-03
 8.380E-06  8.82027090579484E-03
 8.495E-06  9.01113462049956E-03
 8.611E-06  9.20612605254030E-03
 8.728E-06  9.40533438378365E-03
 8.848E-06  9.60885071985211E-03
 8.968E-06  9.81676813151274E-03
 9.091E-06  1.00291816969516E-02
 9.215E-06  1.02461885449541E-02
 9.341E-06  1.04678878990095E-02
 9.468E-06  1.06943811223607E-02
 9.597E-06  1.09257717640166E-02
 9.729E-06  1.11621656057496E-02
 9.861E-06  1.14036707101027E-02
 9.996E-06  1.16503974694172E-02
 1.013E-05  1.19024586559136E-02
 1.027E-05  1.21599694728430E-02
 1.041E-05  1.24230476067322E-02
 1.055E-05  1.26918132807451E-02
 1.070E-05  1.29663893091855E-02
 1.084E-05  1.32469011531648E-02
 1.099E-05  1.35334769774592E-02
 1.114E-05  1.38262477085821E-02
 1.129E-05  1.41253470940945E-02
 1.145E-05  1.44309117631873E-02
 1.160E-05  1.47430812885518E-02
 1.176E-05  1.50619982495738E-02
 1.192E-05  1.53878082968770E-02
 1.209E-05  1.57206602182420E-02
 1.225E-05  1.60607060059323E-02
 1.242E-05  1.64081009254576E-02
 1.259E-05  1.67630035858015E-02
 1.276E-05  1.71255760111505E-02
 1.293E-05  1.74959837141472E-02
 1.311E-05  1.78743957707059E-02
 1.329E-05  1.82609848964269E-02
 1.347E-05  1.86559275246324E-02
 1.365E-05  1.90594038860689E-02
 1.384E-05  1.94715980903029E-02
 1.403E-05  1.98926982088555E-02
 1.422E-05  2.03228963600974E-02
 1.442E-05  2.07623887959590E-02
 1.461E-05  2.12113759904804E-02
 1.481E-05  2.16700627302433E-02
 1.501E-05  2.21386582067328E-02
 1.522E-05  2.26173761106510E-02
 1.543E-05  2.31064347282463E-02
 1.564E-05  2.36060570396836E-02
 1.585E-05  2.41164708195016E-02
 1.607E-05  2.46379087392100E-02
 1.629E-05  2.51706084720577E-02
 1.651E-05  2.57148128000268E-02
 1.673E-05  2.62707697230996E-02
 1.696E-05  2.68387325708397E-02
 1.719E-05  2.74189601163363E-02
 1.743E-05  2.80117166925713E-02
 1.767E-05  2.86172723112463E-02
 1.791E-05  2.92359027841289E-02
 1.815E-05  2.98678898469667E-02
 1.840E-05  3.05135212860294E-02
 1.865E-05  3.11730910673228E-02
 1.891E-05  3.18468994685403E-02
 1.916E-05  3.25352532138062E-02
 1.943E-05  3.32384656112639E-02
 1.969E-05  3.39568566935764E-02
 1.996E-05  3.46907533613872E-02
 2.023E-05  3.54404895298268E-02
 2.051E-05  3.62064062780953E-02
 2.079E-05  3.69888520022097E-02
 2.107E-05  3.77881825709779E-02
 2.136E-05  3.86047614852532E-02
 2.165E-05  3.94389600405519E-02
 2.195E-05  4.02911574930998E-02
 2.225E-05  4.11617412293697E-02
 2.255E-05  4.20511069391926E-02
 2.286E-05  4.29596587925176E-02
 2.317E-05  4.38878096198800E-02
 2.349E-05  4.48359810966742E-02
 2.381E-05  4.58046039313011E-02
 2.413E-05  4.67941180572566E-02
 2.446E-05  4.78049728292713E-02
 2.480E-05  4.88376272235605E-02
 2.514E-05  4.98925500422736E-02
 2.548E-05  5.09702201222399E-02
 2.583E-05  5.20711265480829E-02
 2.618E-05  5.31957688698078E-02
 2.654E-05  5.43446573249453E-02
 2.690E-05  5.55183130653467E-02
 2.727E-05  5.67172683887227E-02
 2.764E-05  5.79420669750269E-02
 2.802E-05  5.91932641277831E-02
 2.840E-05  6.04714270204533E-02
 2.879E-05  6.17771349479548E-02
 2.918E-05  6.31109795834210E-02
 2.958E-05  6.44735652403265E-02
 2.998E-05  6.58655091400769E-02
 3.039E-05  6.72874416851681E-02
 3.080E-05  6.87400067380428E-02
 3.123E-05  7.02238619057565E-02
 3.165E-05  7.17396788305526E-02
 3.208E-05  7.32881434864885E-02
 3.252E-05  7.48699564822315E-02
 3.297E-05  7.64858333701321E-02
 3.342E-05  7.81365049617151E-02
 3.387E-05  7.98227176497240E-02
 3.433E-05  8.15452337368344E-02
 3.480E-05  8.33048317711721E-02
 3.528E-05  8.51023068887973E-02
 3.576E-05  8.69384711632572E-02
 3.625E-05  8.88141539623592E-02
 3.674E-05  9.07302023123537E-02
 3.724E-05  9.26874812695909E-02
 3.775E-05  9.46868742998782E-02
 3.827E-05  9.67292836656545E-02
 3.879E-05  9.88156308211220E-02
 3.932E-05  1.00946856815544E-01
 3.986E-05  1.03123922704820E-01
 4.040E-05  1.05347809971535E-01
 4.095E-05  1.07619520953627E-01
 4.151E-05  1.09940079281853E-01
 4.208E-05  1.12310530326260E-01
 4.265E-05  1.14731941651756E-01
 4.324E-05  1.17205403483033E-01
 4.383E-05  1.19732029179042E-01
 4.442E-05  1.22312955717097E-01
 4.503E-05  1.24949344186920E-01
 4.565E-05  1.27642380294746E-01
 4.627E-05  1.30393274877728E-01
 4.690E-05  1.33203264428797E-01
 4.754E-05  1.36073611632228E-01
 4.819E-05  1.39005605910077E-01
 4.885E-05  1.42000563979738E-01
 4.951E-05  1.45059830422809E-01
 5.019E-05  1.48184778265493E-01
 5.088E-05  1.51376809570760E-01
 5.157E-05  1.54637356042489E-01
 5.227E-05  1.57967879641832E-01
 5.299E-05  1.61369873216011E-01
 5.371E-05  1.64844861139836E-01
 5.445E-05  1.68394399970102E-01
 5.519E-05  1.72020079113187E-01
 5.594E-05  1.75723521506100E-01
 5.671E-05  1.79506384311181E-01
 5.748E-05  1.83370359624702E-01
 5.826E-05  1.87317175199758E-01
 5.906E-05  1.91348595183564E-01
 5.987E-05  1.95466420869511E-01
 6.068E-05  1.99672491464246E-01
 6.151E-05  2.03968684870027E-01
 6.235E-05  2.08356918482703E-01
 6.320E-05  2.12839150005534E-01
 6.407E-05  2.17417378279210E-01
 6.494E-05  2.22093644128304E-01
 6.583E-05  2.26870031224503E-01
 6.673E-05  2.31748666966977E-01
 6.764E-05  2.36731723380081E-01
 6.856E-05  2.41821418028782E-01
 6.950E-05  2.47020014952143E-01
 7.045E-05  2.52329825615155E-01
 7.141E-05  2.57753209879305E-01
 7.238E-05  2.63292576992125E-01
 7.337E-05  2.68950386596166E-01
 7.437E-05  2.74729149757710E-01
 7.539E-05  2.80631430015515E-01
 7.642E-05  2.86659844450031E-01
 7.746E-05  2.92817064773461E-01
 7.852E-05  2.99105818440946E-01
 7.959E-05  3.05528889783289E-01
 8.068E-05  3.12089121161689E-01
 8.178E-05  3.18789414144696E-01
 8.289E-05  3.25632730707911E-01
 8.403E-05  3.32622094456818E-01
 8.517E-05  3.39760591873066E-01
 8.634E-05  3.47051373584667E-01
 8.751E-05  3.54497655660504E-01
 8.871E-05  3.62102720929653E-01
 8.992E-05  3.69869920325740E-01
 9.115E-05  3.77802674256912E-01
 9.239E-05  3.85904474001921E-01
 9.365E-05  3.94178883132543E-01
 9.493E-05  4.02629538962887E-01
 9.623E-05  4.11260154026156E-01
 9.754E-05  4.20074517579104E-01
 9.887E-05  4.29076497134775E-01
 1.002E-04  4.38270040023936E-01
 1.016E-04  4.47659174985751E-01
 1.030E-04  4.57248013788044E-01
 1.044E-04  4.67040752877725E-01
 1.058E-04  4.77041675061805E-01
 1.073E-04  4.87255151219551E-01
 1.087E-04  4.97685642046252E-01
 1.102E-04  5.08337699828953E-01
 1.117E-04  5.19215970254911E-01
 1.132E-04  5.30325194253088E-01
 1.148E-04  5.41670209869251E-01
 1.163E-04  5.53255954175209E-01
 1.179E-04  5.65087465212633E-01
 1.195E-04  5.77169883972047E-01
 1.212E-04  5.89508456407541E-01
 1.228E-04  6.02108535487673E-01
 1.245E-04  6.14975583283022E-01
 1.262E-04  6.28115173091114E-01
 1.279E-04  6.41532991599122E-01
 1.297E-04  6.55234841084887E-01
 1.314E-04  6.69226641656847E-01
 1.332E-04  6.83514433533339E-01
 1.351E-04  6.98104379362060E-01
 1.369E-04  7.13002766579731E-01
 1.388E-04  7.28216009813153E-01
 1.407E-04  7.43750653321681E-01
 1.426E-04  7.59613373481912E-01
 1.445E-04  7.75810981315192E-01
 1.465E-04  7.92350425058145E-01
 1.485E-04  8.09238792777358E-01
 1.505E-04  8.26483315028110E-01
 1.526E-04  8.44091367558243E-01
 1.547E-04  8.62070474057391E-01
 1.568E-04  8.80428308952129E-01
 1.589E-04  8.99172700247886E-01
 1.611E-04  9.18311632417758E-01
 1.633E-04  9.37853249338884E-01
 1.655E-04  9.57805857277181E-01
 1.678E-04  9.78177927920616E-01
 1.701E-04  9.98978101461549E-01
 1.724E-04  1.02021518972902E+00
 1.748E-04  1.04189817937107E+00
 1.771E-04  1.06403623508758E+00
 1.796E-04  1.08663870291488E+00
 1.820E-04  1.10971511356131E+00
 1.845E-04  1.13327518579547E+00
 1.870E-04  1.15732882988673E+00
 1.896E-04  1.18188615109895E+00
 1.922E-04  1.20695745323759E+00
 1.948E-04  1.23255324225082E+00
 1.974E-04  1.25868422988487E+00
 2.001E-04  1.28536133739396E+00
 2.029E-04  1.31259569930563E+00
 2.056E-04  1.34039866724105E+00
 2.084E-04  1.36878181379154E+00
 2.113E-04  1.39775693645093E+00
 2.142E-04  1.42733606160420E+00
 2.171E-04  1.45753144857306E+00
 2.201E-04  1.48835559371830E+00
 2.231E-04  1.51982123459917E+00
 2.261E-04  1.55194135419023E+00
 2.292E-04  1.58472918515558E+00
 2.323E-04  1.61819821418097E+00
 2.355E-04  1.65236218636310E+00
 2.387E-04  1.68723510965743E+00
 2.420E-04  1.72283125938348E+00
 2.453E-04  1.75916518278763E+00
 2.486E-04  1.79625170366470E+00
 2.520E-04  1.83410592703617E+00
 2.555E-04  1.87274324388681E+00
 2.589E-04  1.91217933595852E+00
 2.625E-04  1.95243018060090E+00
 2.661E-04  1.99351205567985E+00
 2.697E-04  2.03544154454209E+00
 2.734E-04  2.07823554103578E+00
 2.771E-04  2.12191125458771E+00
 2.809E-04  2.16648621533540E+00
 2.847E-04  2.21197827931407E+00
 2.886E-04  2.25840563369799E+00
 2.926E-04  2.30578680209530E+00
 2.965E-04  2.35414064989562E+00
 3.006E-04  2.40348638966959E+00
 3.047E-04  2.45384358661967E+00
 3.089E-04  2.50523216408083E+00
 3.131E-04  2.55767240907033E+00
 3.174E-04  2.61118497788551E+00
 3.217E-04  2.66579090174803E+00
 3.261E-04  2.72151159249389E+00
 3.305E-04  2.77836884830663E+00
 3.350E-04  2.83638485949337E+00
 3.396E-04  2.89558221430178E+00
 3.442E-04  2.95598390477537E+00
 3.489E-04  3.01761333264647E+00
 3.537E-04  3.08049431526421E+00
 3.585E-04  3.14465109155547E+00
 3.634E-04  3.21010832801662E+00
 3.684E-04  3.27689112473407E+00
 3.734E-04  3.34502502143042E+00
 3.785E-04  3.41453600353395E+00
 3.837E-04  3.48545050826907E+00
 3.889E-04  3.55779543076388E+00
 3.942E-04  3.63159813017290E+00
 3.996E-04  3.70688643581040E+00
 4.051E-04  3.78368865329177E+00
 4.106E-04  3.86203357067990E+00
 4.162E-04  3.94195046463095E+00
 4.219E-04  4.02346910653703E+00
 4.277E-04  4.10661976866183E+00
 4.335E-04  4.19143323026364E+00
 4.394E-04  4.27794078370176E+00
 4.454E-04  4.36617424052206E+00
 4.515E-04  4.45616593751611E+00
 4.577E-04  4.54794874274833E+00
 4.639E-04  4.64155606154679E+00
 4.702E-04  4.73702184245108E+00
 4.767E-04  4.83438058311111E+00
 4.832E-04  4.93366733613220E+00
 4.898E-04  5.03491771485815E+00
 4.965E-04  5.13816789908602E+00
 5.032E-04  5.24345464070670E+00
 5.101E-04  5.35081526926274E+00
 5.171E-04  5.46028769741649E+00
 5.241E-04  5.57191042631986E+00
 5.313E-04  5.68572255087911E+00
 5.385E-04  5.80176376490430E+00
 5.459E-04  5.92007436613554E+00
 5.533E-04  6.04069526113683E+00
 5.609E-04  6.16366797004741E+00
 5.686E-04  6.28903463118152E+00
 5.763E-04  6.41683800546516E+00
 5.842E-04  6.54712148070037E+00
 5.922E-04  6.67992907564580E+00
 6.002E-04  6.81530544390045E+00
 6.084E-04  6.95329587758156E+00
 6.167E-04  7.09394631078203E+00
 6.252E-04  7.23730332279595E+00
 6.337E-04  7.38341414109870E+00
 6.423E-04  7.53232664406751E+00
 6.511E-04  7.68408936343030E+00
 6.600E-04  7.83875148642523E+00
 6.690E-04  7.99636285765960E+00
 6.782E-04  8.15697398064962E+00
 6.874E-04  8.32063601902655E+00
 6.968E-04  8.48740079739266E+00
 7.063E-04  8.65732080181071E+00
 7.160E-04  8.83044917990654E+00
 7.257E-04  9.00683974057082E+00
 7.356E-04  9.18654695323874E+00
 7.457E-04  9.36962594672833E+00
 7.559E-04  9.55613250762046E+00
 7.662E-04  9.74612307815574E+00
 7.766E-04  9.93965475363188E+00
 7.872E-04  1.01367852792784E+01
 7.980E-04  1.03375730465849E+01
 8.089E-04  1.05420770890631E+01
 8.199E-04  1.07503570774176E+01
 8.311E-04  1.09624733141019E+01
 8.425E-04  1.11784867272357E+01
 8.540E-04  1.13984588638573E+01
 8.656E-04  1.16224518824861E+01
 8.774E-04  1.18505285449686E+01
 8.894E-04  1.20827522075803E+01
 9.016E-04  1.23191868113569E+01
 9.139E-04  1.25598968716253E+01
 9.264E-04  1.28049474667055E+01
 9.390E-04  1.30544042257548E+01
 9.518E-04  1.33083333157221E+01
 9.648E-04  1.35668014273821E+01
 9.780E-04  1.38298757604196E+01
 9.913E-04  1.40976240075273E+01
 1.005E-03  1.43701143374883E+01
 1.019E-03  1.46474153772072E+01
 1.032E-03  1.49295961926553E+01
 1.047E-03  1.52167262686991E+01
 1.061E-03  1.55088754877686E+01
 1.075E-03  1.58061141073373E+01
 1.090E-03  1.61085127361742E+01
 1.105E-03  1.64161423093257E+01
 1.120E-03  1.67290740617987E+01
 1.135E-03  1.70473795008981E+01
 1.151E-03  1.73711303771850E+01
 1.167E-03  1.77003986540128E+01
 1.182E-03  1.80352564756028E+01
 1.199E-03  1.83757761336189E+01
 1.215E-03  1.87220300321978E+01
 1.232E-03  1.90740906513997E+01
 1.248E-03  1.94320305090310E+01
 1.265E-03  1.97959221207977E+01
 1.283E-03  2.01658379587532E+01
 1.300E-03  2.05418504079917E+01
 1.318E-03  2.09240317215484E+01
 1.336E-03  2.13124539734579E+01
 1.354E-03  2.17071890099366E+01
 1.373E-03  2.21083083986394E+01
 1.391E-03  2.25158833759476E+01
 1.410E-03  2.29299847922510E+01
 1.430E-03  2.33506830551740E+01
 1.449E-03  2.37780480707103E+01
 1.469E-03  2.42121491822171E+01
 1.489E-03  2.46530551072335E+01
 1.509E-03  2.51008338720780E+01
 1.530E-03  2.55555527441839E+01
 1.551E-03  2.60172781621373E+01
 1.572E-03  2.64860756633717E+01
 1.593E-03  2.69620098094880E+01
 1.615E-03  2.74451441091558E+01
 1.637E-03  2.79355409385675E+01
 1.660E-03  2.84332614594022E+01
 1.682E-03  2.89383655342715E+01
 1.705E-03  2.94509116396163E+01
 1.729E-03  2.99709567760167E+01
 1.752E-03  3.04985563758972E+01
 1.776E-03  3.10337642085938E+01
 1.800E-03  3.15766322827573E+01
 1.825E-03  3.21272107460815E+01
 1.850E-03  3.26855477823235E+01
 1.875E-03  3.32516895056085E+01
 1.901E-03  3.38256798520058E+01
 1.927E-03  3.44075604683592E+01
 1.953E-03  3.49973705983713E+01
 1.980E-03  3.55951469659339E+01
 2.007E-03  3.62009236557064E+01
 2.034E-03  3.68147319909496E+01
 2.062E-03  3.74366004086191E+01
 2.090E-03  3.80665543317321E+01
 2.118E-03  3.87046160390287E+01
 2.147E-03  3.93508045319488E+01
 2.177E-03  4.00051353989543E+01
 2.206E-03  4.06676206772301E+01
 2.236E-03  4.13382687118021E+01
 2.267E-03  4.20170840121261E+01
 2.298E-03  4.27040671061931E+01
 2.329E-03  4.33992143922100E+01
 2.361E-03  4.41025179879352E+01
 2.393E-03  4.48139655777293E+01
 2.426E-03  4.55335402574124E+01
 2.459E-03  4.62612203770190E+01
 2.493E-03  4.69969793815459E+01
 2.527E-03  4.77407856498059E+01
 2.561E-03  4.84926023315058E+01
 2.596E-03  4.92523871826752E+01
 2.632E-03  5.00200923995837E+01
 2.668E-03  5.07956644512967E+01
 2.704E-03  5.15790439110339E+01
 2.741E-03  5.23701652864896E+01
 2.778E-03  5.31689568493126E+01
 2.816E-03  5.39753404639315E+01
 2.855E-03  5.47892314159335E+01
 2.894E-03  5.56105382402251E+01
 2.933E-03  5.64391625491924E+01
 2.973E-03  5.72749988611299E+01
 3.014E-03  5.81179344291849E+01
 3.055E-03  5.89678490710944E+01
 3.097E-03  5.98246150000147E+01
 3.139E-03  6.06880966567424E+01
 3.182E-03  6.15581505436497E+01
 3.225E-03  6.24346250606766E+01
 3.269E-03  6.33173603437308E+01
 3.314E-03  6.42061881058659E+01
 3.359E-03  6.51009314816285E+01
 3.405E-03  6.60014048749785E+01
 3.452E-03  6.69074138112012E+01
 3.499E-03  6.78187547932608E+01
 3.546E-03  6.87352151630450E+01
 3.595E-03  6.96565729679768E+01
 3.644E-03  7.05825968334963E+01
 3.694E-03  7.15130458419182E+01
 3.744E-03  7.24476694181954E+01
 3.795E-03  7.33862072231484E+01
 3.847E-03  7.43283890547111E+01
 3.900E-03  7.52739347577944E+01
 3.953E-03  7.62225541433711E+01
 4.007E-03  7.71739469173948E+01
 4.061E-03  7.81278026201959E+01
 4.117E-03  7.90838005770258E+01
 4.173E-03  8.00416098604050E+01
 4.230E-03  8.10008892649733E+01
 4.288E-03  8.19612872955620E+01
 4.346E-03  8.29224421691880E+01
 4.406E-03  8.38839818317262E+01
 4.466E-03  8.48455239900051E+01
 4.527E-03  8.58066761600913E+01
 4.589E-03  8.67670357325385E+01
 4.651E-03  8.77261900553856E+01
 4.715E-03  8.86837165357180E+01
 4.779E-03  8.96391827605764E+01
 4.844E-03  9.05921466380394E+01
 4.911E-03  9.15421565593018E+01
 4.978E-03  9.24887515825594E+01
 5.046E-03  9.34314616395419E+01
 5.114E-03  9.43698077654956E+01
 5.184E-03  9.53033023534679E+01
 5.255E-03  9.62314494336902E+01
 5.327E-03  9.71537449788755E+01
 5.400E-03  9.80696772362460E+01
 5.473E-03  9.89787270870637E+01
 5.548E-03  9.98803684344536E+01
 5.624E-03  1.00774068620271E+02
 5.700E-03  1.01659288871752E+02
 5.778E-03  1.02535484778660E+02
 5.857E-03  1.03402106801615E+02
 5.937E-03  1.04258600812250E+02
 6.018E-03  1.05104408665822E+02
 6.100E-03  1.05938968806849E+02
 6.184E-03  1.06761716908308E+02
 6.268E-03  1.07572086544874E+02
 6.354E-03  1.08369509900646E+02
 6.440E-03  1.09153418511708E+02
 6.528E-03  1.09923244043865E+02
 6.617E-03  1.10678419105772E+02
 6.708E-03  1.11418378097646E+02
 6.799E-03  1.12142558095640E+02
 6.892E-03  1.12850399771878E+02
 6.986E-03  1.13541348350093E+02
 7.082E-03  1.14214854596671E+02
 7.178E-03  1.14870375846811E+02
 7.276E-03  1.15507377065446E+02
 7.376E-03  1.16125331942390E+02
 7.476E-03  1.16723724021109E+02
 7.578E-03  1.17302047860353E+02
 7.682E-03  1.17859810227802E+02
 7.787E-03  1.18396531324651E+02
 7.893E-03  1.18911746040030E+02
 8.001E-03  1.19405005233913E+02
 8.110E-03  1.19875877047042E+02
 8.221E-03  1.20323948236252E+02
 8.333E-03  1.20748825533380E+02
 8.447E-03  1.21150137025778E+02
 8.562E-03  1.21527533556293E+02
 8.679E-03  1.21880690140341E+02
 8.798E-03  1.22209307397570E+02
 8.918E-03  1.22513112995371E+02
 9.039E-03  1.22791863101304E+02
 9.163E-03  1.23045343841333E+02
 9.288E-03  1.23273372760508E+02
 9.415E-03  1.23475800282562E+02
 9.543E-03  1.23652511164667E+02
 9.674E-03  1.23803425943382E+02
 9.806E-03  1.23928502367592E+02
 9.940E-03  1.24027736814068E+02
 1.008E-02  1.24101165681011E+02
 1.021E-02  1.24148866754772E+02
 1.035E-02  1.24170960544705E+02
 1.049E-02  1.24167611580921E+02
 1.064E-02  1.24139029669487E+02
 1.078E-02  1.24085471099446E+02
 1.093E-02  1.24007239795812E+02
 1.108E-02  1.23904688412541E+02
 1.123E-02  1.23778219359285E+02
 1.138E-02  1.23628285755578E+02
 1.154E-02  1.23455392305963E+02
 1.170E-02  1.23260096089419E+02
 1.186E-02  1.23043007256326E+02
 1.202E-02  1.22804789626116E+02
 1.218E-02  1.22546161178638E+02
 1.235E-02  1.22267894432237E+02
 1.252E-02  1.21970816701470E+02
 1.269E-02  1.21655810227377E+02
 1.286E-02  1.21323812173206E+02
 1.304E-02  1.20975814478558E+02
 1.321E-02  1.20612863564934E+02
 1.339E-02  1.20236059885773E+02
 1.358E-02  1.19846557314210E+02
 1.376E-02  1.19445562361887E+02
 1.395E-02  1.19034333222406E+02
 1.414E-02  1.18614178633174E+02
 1.433E-02  1.18186456549721E+02
 1.453E-02  1.17752572626830E+02
 1.473E-02  1.17313978501190E+02
 1.493E-02  1.16872169870698E+02
 1.513E-02  1.16428684365924E+02
 1.534E-02  1.15985099209805E+02
 1.555E-02  1.15543028662103E+02
 1.576E-02  1.15104121245805E+02
 1.598E-02  1.14670056753233E+02
 1.619E-02  1.14242543030326E+02
 1.642E-02  1.13823312538313E+02
 1.664E-02  1.13414118692728E+02
 1.687E-02  1.13016731980619E+02
 1.710E-02  1.12632935857619E+02
 1.733E-02  1.12264522427537E+02
 1.757E-02  1.11913287908073E+02
 1.781E-02  1.11581027887304E+02
 1.805E-02  1.11269532376676E+02
 1.830E-02  1.10980580667325E+02
 1.855E-02  1.10715935997749E+02
 1.880E-02  1.10477340042025E+02
 1.906E-02  1.10266507229015E+02
 1.932E-02  1.10085118904266E+02
 1.958E-02  1.09934817347626E+02
 1.985E-02  1.09817199660893E+02
 2.012E-02  1.09733811541169E+02
 2.039E-02  1.09686140956962E+02
 2.067E-02  1.09675611745415E+02
 2.095E-02  1.09703577150424E+02
 2.124E-02  1.09771313322790E+02
 2.153E-02  1.09880012804859E+02
 2.182E-02  1.10030778023476E+02
 2.212E-02  1.10224614816384E+02
 2.242E-02  1.10462426018443E+02
 2.273E-02  1.10745005135321E+02
 2.304E-02  1.11073030133441E+02
 2.335E-02  1.11447057376120E+02
 2.367E-02  1.11867515736862E+02
 2.400E-02  1.12334700921726E+02
 2.432E-02  1.12848770033577E+02
 2.466E-02  1.13409736411778E+02
 2.499E-02  1.14017464781536E+02
 2.533E-02  1.14671666747649E+02
 2.568E-02  1.15371896667784E+02
 2.603E-02  1.16117547940653E+02
 2.639E-02  1.16907849744562E+02
 2.675E-02  1.17741864261680E+02
 2.711E-02  1.18618484423154E+02
 2.748E-02  1.19536432209695E+02
 2.786E-02  1.20494257541638E+02
 2.824E-02  1.21490337791574E+02
 2.862E-02  1.22522877951570E+02
 2.901E-02  1.23589911485692E+02
 2.941E-02  1.24689301896943E+02
 2.981E-02  1.25818745035965E+02
 3.022E-02  1.26975772176766E+02
 3.063E-02  1.28157753882443E+02
 3.105E-02  1.29361904681289E+02
 3.147E-02  1.30585288570828E+02
 3.190E-02  1.31824825364257E+02
 3.234E-02  1.33077297890355E+02
 3.278E-02  1.34339360054351E+02
 3.323E-02  1.35607545763314E+02
 3.368E-02  1.36878278715518E+02
 3.414E-02  1.38147883048821E+02
 3.461E-02  1.39412594838514E+02
 3.508E-02  1.40668574430198E+02
 3.556E-02  1.41911919588231E+02
 3.604E-02  1.43138679434998E+02
 3.654E-02  1.44344869150832E+02
 3.703E-02  1.45526485398818E+02
 3.754E-02  1.46679522432986E+02
 3.805E-02  1.47799988842545E+02
 3.857E-02  1.48883924878907E+02
 3.910E-02  1.49927420306269E+02
 3.963E-02  1.50926632710531E+02
 4.017E-02  1.51877806195364E+02
 4.072E-02  1.52777290388328E+02
 4.128E-02  1.53621559674107E+02
 4.184E-02  1.54407232566285E+02
 4.241E-02  1.55131091123561E+02
 4.299E-02  1.55790100311069E+02
 4.358E-02  1.56381427202480E+02
 4.417E-02  1.56902459913935E+02
 4.478E-02  1.57350826156575E+02
 4.539E-02  1.57724411290660E+02
 4.601E-02  1.58021375760907E+02
 4.664E-02  1.58240171789929E+02
 4.727E-02  1.58379559204490E+02
 4.792E-02  1.58438620267769E+02
 4.857E-02  1.58416773390067E+02
 4.924E-02  1.58313785590350E+02
 4.991E-02  1.58129783581828E+02
 5.059E-02  1.57865263356472E+02
 5.128E-02  1.57521098145930E+02
 5.198E-02  1.57098544639912E+02
 5.269E-02  1.56599247347633E+02
 5.341E-02  1.56025240993570E+02
 5.414E-02  1.55378950845407E+02
 5.488E-02  1.54663190879857E+02
 5.563E-02  1.53881159700932E+02
 5.639E-02  1.53036434135202E+02
 5.716E-02  1.52132960439763E+02
 5.794E-02  1.51175043070819E+02
 5.873E-02  1.50167330974157E+02
 5.953E-02  1.49114801373158E+02
 6.034E-02  1.48022741045437E+02
 6.116E-02  1.46896725095587E+02
 6.200E-02  1.45742593248797E+02
 6.285E-02  1.44566423708256E+02
 6.370E-02  1.43374504638141E+02
 6.457E-02  1.42173303353479E+02
 6.546E-02  1.40969433318207E+02
 6.635E-02  1.39769619073189E+02
 6.725E-02  1.38580659236614E+02
 6.817E-02  1.37409387739938E+02
 6.910E-02  1.36262633483251E+02
 7.005E-02  1.35147178614343E+02
 7.100E-02  1.34069715655766E+02
 7.197E-02  1.33036803723499E+02
 7.296E-02  1.32054824099335E+02
 7.395E-02  1.31129935436567E+02
 7.496E-02  1.30268028894685E+02
 7.598E-02  1.29474683513514E+02
 7.702E-02  1.28755122150158E+02
 7.807E-02  1.28114168313205E+02
 7.914E-02  1.27556204237527E+02
 8.022E-02  1.27085130549621E+02
 8.132E-02  1.26704327877447E+02
 8.243E-02  1.26416620760086E+02
 8.355E-02  1.26224244210929E+02
 8.469E-02  1.26128813283557E+02
 8.585E-02  1.26131295981659E+02
 8.702E-02  1.26231989843299E+02
 8.821E-02  1.26430502515398E+02
 8.941E-02  1.26725736616447E+02
 9.063E-02  1.27115879164155E+02
 9.187E-02  1.27598395819967E+02
 9.312E-02  1.28170030174197E+02
 9.440E-02  1.28826808264017E+02
 9.568E-02  1.29564048481813E+02
 9.699E-02  1.30376376993580E+02
 9.831E-02  1.31257748746394E+02
 9.966E-02  1.32201474100669E+02
 1.010E-01  1.33200251077257E+02
 1.024E-01  1.34246203161775E+02
 1.038E-01  1.35330922559165E+02
 1.052E-01  1.36445518740926E+02
 1.066E-01  1.37580672075951E+02
 1.081E-01  1.38726692284145E+02
 1.096E-01  1.39873581400286E+02
 1.111E-01  1.41011100884625E+02
 1.126E-01  1.42128842466835E+02
 1.141E-01  1.43216302261911E+02
 1.157E-01  1.44262957650834E+02
 1.173E-01  1.45258346375915E+02
 1.189E-01  1.46192147261319E+02
 1.205E-01  1.47054261933740E+02
 1.221E-01  1.47834896887246E+02
 1.238E-01  1.48524645210338E+02
 1.255E-01  1.49114567272718E+02
 1.272E-01  1.49596269654690E+02
 1.289E-01  1.49961981593757E+02
 1.307E-01  1.50204628221270E+02
 1.325E-01  1.50317899867170E+02
 1.343E-01  1.50296316723135E+02
 1.361E-01  1.50135288174037E+02
 1.380E-01  1.49831166134455E+02
 1.399E-01  1.49381291761319E+02
 1.418E-01  1.48784034955254E+02
 1.437E-01  1.48038826111931E+02
 1.457E-01  1.47146179640350E+02
 1.477E-01  1.46107708827268E+02
 1.497E-01  1.44926131695484E+02
 1.517E-01  1.43605267578028E+02
 1.538E-01  1.42150024209855E+02
 1.559E-01  1.40566375222887E+02
 1.580E-01  1.38861328018384E+02
 1.602E-01  1.37042882082004E+02
 1.624E-01  1.35119977900623E+02
 1.646E-01  1.33102436735185E+02
 1.668E-01  1.31000891599557E+02
 1.691E-01  1.28826709890586E+02
 1.714E-01  1.26591908208258E+02
 1.738E-01  1.24309059995939E+02
 1.761E-01  1.21991196718064E+02
 1.785E-01  1.19651703375155E+02
 1.810E-01  1.17304209232676E+02
 1.834E-01  1.14962474709747E+02
 1.860E-01  1.12640275435193E+02
 1.885E-01  1.10351284530668E+02
 1.911E-01  1.08108954222827E+02
 1.937E-01  1.05926397917721E+02
 1.963E-01  1.03816273890154E+02
 1.990E-01  1.01790671747887E+02
 2.017E-01  9.98610028249272E+01
 2.045E-01  9.80378956392659E+01
 2.073E-01  9.63310975182874E+01
 2.101E-01  9.47493834495527E+01
 2.130E-01  9.33004731561072E+01
 2.159E-01  9.19909573241956E+01
 2.188E-01  9.08262338279335E+01
 2.218E-01  8.98104547008485E+01
 2.248E-01  8.89464844992121E+01
 2.279E-01  8.82358705878518E+01
 2.310E-01  8.76788257568931E+01
 2.342E-01  8.72742234489922E+01
 2.374E-01  8.70196057425424E+01
 2.406E-01  8.69112040986104E+01
 2.439E-01  8.69439727395818E+01
 2.472E-01  8.71116343873452E+01
 2.506E-01  8.74067379499998E+01
 2.540E-01  8.78207276103148E+01
 2.575E-01  8.83440226381428E+01
 2.610E-01  8.89661071246131E+01
 2.646E-01  8.96756287197348E+01
 2.682E-01  9.04605053488458E+01
 2.718E-01  9.13080387886831E+01
 2.755E-01  9.22050339022222E+01
 2.793E-01  9.31379222641870E+01
 2.831E-01  9.40928888574085E+01
 2.870E-01  9.50560004849648E+01
 2.909E-01  9.60133345249482E+01
 2.949E-01  9.69511066542003E+01
 2.989E-01  9.78557961845585E+01
 3.030E-01  9.87142676898949E+01
 3.071E-01  9.95138876540149E+01
 3.113E-01  1.00242634937547E+02
 3.156E-01  1.00889203945220E+02
 3.199E-01  1.01443099472087E+02
 3.242E-01  1.01894722316712E+02
 3.287E-01  1.02235444869380E+02
 3.331E-01  1.02457676012052E+02
 3.377E-01  1.02554914802065E+02
 3.423E-01  1.02521792551312E+02
 3.470E-01  1.02354103054769E+02
 3.517E-01  1.02048820864547E+02
 3.565E-01  1.01604107646128E+02
 3.614E-01  1.01019306790174E+02
 3.663E-01  1.00294926584299E+02
 3.713E-01  9.94326123729766E+01
 3.764E-01  9.84351082487137E+01
 3.815E-01  9.73062089225173E+01
 3.867E-01  9.60507025154745E+01
 3.920E-01  9.46743050951046E+01
 3.974E-01  9.31835878494213E+01
 4.028E-01  9.15858978479857E+01
 4.083E-01  8.98892733824498E+01
 4.139E-01  8.81023549092151E+01
 4.195E-01  8.62342926340552E+01
 4.252E-01  8.42946517832492E+01
 4.311E-01  8.22933165984335E+01
 4.369E-01  8.02403940736456E+01
 4.429E-01  7.81461184236098E+01
 4.489E-01  7.60207572330209E+01
 4.551E-01  7.38745201882685E+01
 4.613E-01  7.17174712366294E+01
 4.676E-01  6.95594449543712E+01
 4.740E-01  6.74099678354114E+01
 4.804E-01  6.52781851371336E+01
 4.870E-01  6.31727938406310E+01
 4.936E-01  6.11019821999948E+01
 5.004E-01  5.90733762702347E+01
 5.072E-01  5.70939937169573E+01
 5.141E-01  5.51702051239506E+01
 5.212E-01  5.33077029282466E+01
 5.283E-01  5.15114780269431E+01
 5.355E-01  4.97858040169274E+01
 5.428E-01  4.81342289485020E+01
 5.502E-01  4.65595743975639E+01
 5.577E-01  4.50639415892035E+01
 5.653E-01  4.36487242390719E+01
 5.731E-01  4.23146277182655E+01
 5.809E-01  4.10616940933600E+01
 5.888E-01  3.98893325460795E+01
 5.969E-01  3.87963546372906E+01
 6.050E-01  3.77810138478364E+01
 6.133E-01  3.68410488043386E+01
 6.216E-01  3.59737295815289E+01
 6.301E-01  3.51759064638540E+01
 6.387E-01  3.44440605478345E+01
 6.474E-01  3.37743555726631E+01
 6.563E-01  3.31626903794101E+01
 6.652E-01  3.26047514185052E+01
 6.743E-01  3.20960647503678E+01
 6.835E-01  3.16320470145808E+01
 6.929E-01  3.12080548782618E+01
 7.023E-01  3.08194325136373E+01
 7.119E-01  3.04615566976523E+01
 7.216E-01  3.01298791720978E+01
 7.315E-01  2.98199659505752E+01
 7.415E-01  2.95275333080000E+01
 7.516E-01  2.92484802386436E+01
 7.618E-01  2.89789172193028E+01
 7.723E-01  2.87151911644450E+01
 7.828E-01  2.84539065095273E+01
 7.935E-01  2.81919424065346E+01
 8.043E-01  2.79264660615983E+01
 8.153E-01  2.76549422878232E+01
 8.264E-01  2.73751393867067E+01
 8.377E-01  2.70851315083710E+01
 8.491E-01  2.67832976738936E+01
 8.607E-01  2.64683176720231E+01
 8.725E-01  2.61391650673017E+01
 8.844E-01  2.57950975769327E+01
 8.965E-01  2.54356450895681E+01
 9.087E-01  2.50605956105570E+01
 9.211E-01  2.46699794251725E+01
 9.337E-01  2.42640517740670E+01
 9.464E-01  2.38432743339064E+01
 9.594E-01  2.34082957910701E+01
 9.725E-01  2.29599317877855E+01
 9.857E-01  2.24991445084401E+01
 9.992E-01  2.20270221594712E+01
 1.013E+00  2.15447585795569E+01
 1.027E+00  2.10536331982443E+01
 1.041E+00  2.05549915410553E+01
 1.055E+00  2.00502264579160E+01
 1.069E+00  1.95407602298496E+01
 1.084E+00  1.90280276866347E+01
 1.099E+00  1.85134604458959E+01
 1.114E+00  1.79984723621924E+01
 1.129E+00  1.74844462533783E+01
 1.144E+00  1.69727219510791E+01
 1.160E+00  1.64645857027770E+01
 1.176E+00  1.59612609349049E+01
 1.192E+00  1.54639003696477E+01
 1.208E+00  1.49735794729607E+01
 1.225E+00  1.44912911977004E+01
 1.241E+00  1.40179419737798E+01
 1.258E+00  1.35543488869078E+01
 1.275E+00  1.31012379787598E+01
 1.293E+00  1.26592435943002E+01
 1.310E+00  1.22289086964040E+01
 1.328E+00  1.18106860638208E+01
 1.347E+00  1.14049402858110E+01
 1.365E+00  1.10119504653701E+01
 1.384E+00  1.06319135427333E+01
 1.402E+00  1.02649481517123E+01
 1.422E+00  9.91109892324558E+00
 1.441E+00  9.57034115322934E+00
 1.461E+00  9.24258575511475E+00
 1.481E+00  8.92768442180767E+00
 1.501E+00  8.62543492596367E+00
 1.521E+00  8.33558649273741E+00
 1.542E+00  8.05784518431421E+00
 1.563E+00  7.79187924102783E+00
 1.584E+00  7.53732432946305E+00
 1.606E+00  7.29378865357284E+00
 1.628E+00  7.06085789043223E+00
 1.650E+00  6.83809991773924E+00
 1.673E+00  6.62506930549903E+00
 1.696E+00  6.42131154944001E+00
 1.719E+00  6.22636702856869E+00
 1.742E+00  6.03977467383988E+00
 1.766E+00  5.86107533917262E+00
 1.790E+00  5.68981486996202E+00
 1.815E+00  5.52554686780983E+00
 1.839E+00  5.36783515341512E+00
 1.864E+00  5.21625593243124E+00
 1.890E+00  5.07039967160904E+00
 1.916E+00  4.92987269471848E+00
 1.942E+00  4.79429850958280E+00
 1.968E+00  4.66331887908651E+00
 1.995E+00  4.53659465024827E+00
 2.022E+00  4.41380635640088E+00
 2.050E+00  4.29465460821465E+00
 2.078E+00  4.17886028975745E+00
 2.106E+00  4.06616457602767E+00
 2.135E+00  3.95632878844624E+00
 2.164E+00  3.84913410467173E+00
 2.194E+00  3.74438113883056E+00
 2.224E+00  3.64188940785087E+00
 2.254E+00  3.54149669907388E+00
 2.285E+00  3.44305835370828E+00
 2.316E+00  3.34644648000771E+00
 2.348E+00  3.25154910930531E+00
 2.380E+00  3.15826930724588E+00
 2.412E+00  3.06652425172958E+00
 2.445E+00  2.97624428823267E+00
 2.479E+00  2.88737197231147E+00
 2.513E+00  2.79986110823489E+00
 2.547E+00  2.71367579183756E+00
 2.582E+00  2.62878946484654E+00
 2.617E+00  2.54518398711677E+00
 2.653E+00  2.46284873241907E+00
 2.689E+00  2.38177971266426E+00
 2.725E+00  2.30197873472179E+00
 2.763E+00  2.22345259330425E+00
 2.800E+00  2.14621230274220E+00
 2.839E+00  2.07027236986935E+00
 2.877E+00  1.99565010967675E+00
 2.917E+00  1.92236500487744E+00
 2.956E+00  1.85043811004960E+00
 2.997E+00  1.77989150059702E+00
 3.038E+00  1.71074776637933E+00
 3.079E+00  1.64302954952038E+00
 3.121E+00  1.57675912560030E+00
 3.164E+00  1.51195802717262E+00
 3.207E+00  1.44864670832224E+00
 3.251E+00  1.38684424878958E+00
 3.295E+00  1.32656809602965E+00
 3.340E+00  1.26783384345006E+00
 3.386E+00  1.21065504297592E+00
 3.432E+00  1.15504305002134E+00
 3.479E+00  1.10100689890288E+00
 3.526E+00  1.04855320670877E+00
 3.575E+00  9.97686103635922E-01
 3.623E+00  9.48407187822807E-01
 3.673E+00  9.00715502737431E-01
 3.723E+00  8.54607535224560E-01
 3.774E+00  8.10077232371855E-01
 3.825E+00  7.67116035419645E-01
 3.878E+00  7.25712929011186E-01
 3.930E+00  6.85854504157946E-01
 3.984E+00  6.47525033375935E-01
 4.039E+00  6.10706556533024E-01
 4.094E+00  5.75378976032034E-01
 4.150E+00  5.41520160039037E-01
 4.206E+00  5.09106052549747E-01
 4.264E+00  4.78110789168112E-01
 4.322E+00  4.48506817549574E-01
 4.381E+00  4.20265021536320E-01
 4.441E+00  3.93354848082756E-01
 4.501E+00  3.67744436136077E-01
 4.563E+00  3.43400746699046E-01
 4.625E+00  3.20289693359807E-01
 4.688E+00  2.98376272626883E-01
 4.752E+00  2.77624693456532E-01
 4.817E+00  2.57998505404666E-01
 4.883E+00  2.39460724876881E-01
 4.950E+00  2.21973958988083E-01
 5.017E+00  2.05500526578397E-01
 5.086E+00  1.90002575964607E-01
 5.155E+00  1.75442199037157E-01
 5.225E+00  1.61781541341840E-01
 5.297E+00  1.48982907813479E-01
 5.369E+00  1.37008863856350E-01
 5.442E+00  1.25822331493354E-01
 5.517E+00  1.15386680333283E-01
 5.592E+00  1.05665813133229E-01
 5.668E+00  9.66242457615006E-02
 5.746E+00  8.82271813955060E-02
 5.824E+00  8.04405788189638E-02
 5.904E+00  7.32312147135991E-02
 5.984E+00  6.65667398720861E-02
 6.066E+00  6.04157292913038E-02
 6.149E+00  5.47477261378122E-02
 6.233E+00  4.95332796106016E-02
 6.318E+00  4.47439767593537E-02
 6.404E+00  4.03524683493670E-02
 6.491E+00  3.63324888966205E-02
 6.580E+00  3.26588710278173E-02
 6.670E+00  2.93075543503224E-02
 6.761E+00  2.62555890453231E-02
 6.853E+00  2.34811344239738E-02
 6.947E+00  2.09634527104094E-02
 7.042E+00  1.86828983370521E-02
 7.138E+00  1.66209030563387E-02
 7.235E+00  1.47599571886682E-02
 7.334E+00  1.30835873388440E-02
 7.434E+00  1.15763309224734E-02
 7.536E+00  1.02237078496283E-02
 7.639E+00  9.01218971557135E-03
 7.743E+00  7.92916684757300E-03
 7.849E+00  6.96291355288438E-03
 7.956E+00  6.10255190594742E-03
 8.064E+00  5.33801440311335E-03
 8.174E+00  4.66000580073135E-03
 8.286E+00  4.05996443772969E-03
 8.399E+00  3.53002332702943E-03
 8.514E+00  3.06297128161364E-03
 8.630E+00  2.65221432114157E-03
 8.748E+00  2.29173758397429E-03
 8.867E+00  1.97606794768648E-03
 8.988E+00  1.70023753889748E-03
 9.111E+00  1.45974829086574E-03
 9.235E+00  1.25053768504189E-03
 9.362E+00  1.06894579093166E-03
 9.489E+00  9.11683697421758E-04
 9.619E+00  7.75803408382319E-04
 9.750E+00  6.58669256063498E-04
 9.883E+00  5.57930867703511E-04
 1.002E+01  4.71497703985445E-04
 1.016E+01  3.97515172612298E-04
 1.029E+01  3.34342306377762E-04
 1.043E+01  2.80530982729618E-04
 1.058E+01  2.34806650962456E-04
 1.072E+01  1.96050523822632E-04
 1.087E+01  1.63283182425017E-04
 1.102E+01  1.35649536914031E-04
 1.117E+01  1.12405080180666E-04
 1.132E+01  9.29033680897562E-05
 1.147E+01  7.65846569848354E-05
 1.163E+01  6.29656276211694E-05
 1.179E+01  5.16301240259032E-05
 1.195E+01  4.22208359903409E-05
 1.211E+01  3.44318548554644E-05
 1.228E+01  2.80020338518879E-05
 1.245E+01  2.27090863968622E-05
 1.262E+01  1.83643583357150E-05
 1.279E+01  1.48082130510944E-05
 1.296E+01  1.19059715651171E-05
 1.314E+01  9.54435314887485E-06
 1.332E+01  7.62836546031005E-06
 1.350E+01  6.07859679267492E-06
 1.368E+01  4.82886657705654E-06
 1.387E+01  3.82419379688669E-06
 1.406E+01  3.01904640061983E-06
 1.425E+01  2.37583810855415E-06
 1.445E+01  1.86364217543917E-06
 1.464E+01  1.45709467248307E-06
 1.484E+01  1.13546267659837E-06
 1.505E+01  8.81855392071031E-07
 1.525E+01  6.82558675485880E-07
 1.546E+01  5.26475687582079E-07
 1.567E+01  4.04658458254557E-07
 1.589E+01  3.09918845958241E-07
 1.610E+01  2.36515053271345E-07
 1.632E+01  1.79846724489232E-07
 1.655E+01  1.36256640639906E-07
 1.677E+01  1.02849538905928E-07
 1.700E+01  7.73418123835910E-08
 1.723E+01  5.79390179449750E-08
 1.747E+01  4.32364305784420E-08
 1.771E+01  3.21386216551485E-08
 1.795E+01  2.37946774651663E-08
 1.819E+01  1.75462239008598E-08
 1.844E+01  1.28858936375639E-08
 1.869E+01  9.42427305637754E-09
 1.895E+01  6.86370615578853E-09
 1.921E+01  4.97761969881612E-09
 1.947E+01  3.59427495773247E-09
 1.974E+01  2.58405302360735E-09
 2.000E+01  1.84954841308558E-09
 2.028E+01  1.31788464031084E-09
 2.055E+01  9.34779926447255E-10
 2.084E+01  6.59985130034496E-10
 2.112E+01  4.63792624970275E-10
 2.141E+01  3.24377095292916E-10
 2.170E+01  2.25779511410000E-10
 2.200E+01  1.56385989948129E-10
 2.230E+01  1.07785586336053E-10
 2.260E+01  7.39168118966349E-11
 2.291E+01  5.04330481339137E-11
 2.322E+01  3.42330825890792E-11
 2.354E+01  2.31155660219031E-11
 2.386E+01  1.55259901028789E-11
 2.419E+01  1.03723799141869E-11
 2.452E+01  6.89175013851625E-12
 2.485E+01  4.55386187825696E-12
 2.519E+01  2.99223839036901E-12
 2.554E+01  1.95499148956163E-12
 2.588E+01  1.26996508586910E-12
 2.624E+01  8.20167109700918E-13
 2.660E+01  5.26552329837627E-13
 2.696E+01  3.36026744122153E-13
 2.733E+01  2.13139176130097E-13
 2.770E+01  1.34361050361537E-13
 2.808E+01  8.41719159063501E-14
 2.846E+01  5.23971059268670E-14
 2.885E+01  3.24082589462013E-14
 2.924E+01  1.99147083889669E-14
 2.964E+01  1.21569064646078E-14
 3.005E+01  7.37163069552127E-15
 3.046E+01  4.43971816825344E-15
 3.087E+01  2.65557151218075E-15
 3.130E+01  1.57735791562434E-15
 3.172E+01  9.30315971539431E-16
 3.216E+01  5.44774099377930E-16
 3.259E+01  3.16698037313610E-16
 3.304E+01  1.82756932625286E-16
 3.349E+01  1.04678611426108E-16
 3.395E+01  5.95049497954426E-17
 3.441E+01  3.35671231219605E-17
 3.488E+01  1.87886366991715E-17
 3.536E+01  1.04339835277370E-17
 3.584E+01  5.74819826016940E-18
 3.633E+01  3.14117688143382E-18
 3.683E+01  1.70248701785302E-18
 3.733E+01  9.15075726049097E-19
 3.784E+01  4.87710890893362E-19
 3.835E+01  2.57720980183967E-19
 3.888E+01  1.35010648615417E-19
 3.941E+01  7.01076703356689E-20
 3.995E+01  3.60819452162183E-20
 4.049E+01  1.84029804463421E-20
 4.104E+01  9.30050218946870E-21
 4.161E+01  4.65682708756247E-21
 4.217E+01  2.30985132582480E-21
 4.275E+01  1.13483341312419E-21
 4.333E+01  5.52176069144504E-22
 4.392E+01  2.66049753125564E-22
 4.452E+01  1.26919865455995E-22
 4.513E+01  5.99402660885722E-23
 4.575E+01  2.80201275951328E-23
 4.637E+01  1.29635272699763E-23
 4.701E+01  5.93494040995059E-24
 4.765E+01  2.68835955212323E-24
 4.830E+01  1.20467726233495E-24
 4.896E+01  5.33959283543453E-25
 4.963E+01  2.34063698149332E-25
 5.030E+01  1.01458217400344E-25
 5.099E+01  4.34822507289800E-26
 5.169E+01  1.84233170549605E-26
 5.239E+01  7.71707024787004E-27
 5.311E+01  3.19639822162392E-27
 5.383E+01  1.31019075781591E-27
 5.457E+01  5.32651037329769E-28
 5.531E+01  2.16051501280396E-28
 5.607E+01  0.00000000000000E+00
 5.683E+01  0.00000000000000E+00
 5.761E+01  0.00000000000000E+00
 5.839E+01  0.00000000000000E+00
 5.919E+01  0.00000000000000E+00
 6.000E+01  0.00000000000000E+00
