line2: Z,NR,R(1),R(NR) /line3,4,...: R(N),RHO*4*PI*R(N)**2
14.00  2000  1.01365245284744E-10  6.00000000000000E+01
 1.014E-10  2.78980169839897E-16
 1.027E-10  2.86609022858832E-16
 1.042E-10  2.94446490699261E-16
 1.056E-10  3.04112693561782E-16
 1.070E-10  3.12428808077852E-16
 1.085E-10  3.20972330926560E-16
 1.100E-10  3.29749480703220E-16
 1.115E-10  3.38766646053560E-16
 1.130E-10  3.48030390324124E-16
 1.145E-10  3.57547456339472E-16
 1.161E-10  3.67324771310061E-16
 1.177E-10  3.77369451874409E-16
 1.193E-10  3.87688809279109E-16
 1.209E-10  3.98290354700444E-16
 1.226E-10  4.09181804711598E-16
 1.242E-10  4.20371086899331E-16
 1.259E-10  4.31866345634240E-16
 1.276E-10  4.43675947998842E-16
 1.294E-10  4.55808489877727E-16
 1.312E-10  4.68272802214266E-16
 1.329E-10  4.81077957438415E-16
 1.348E-10  4.94233276070276E-16
 1.366E-10  5.07748333504310E-16
 1.385E-10  5.21632966978872E-16
 1.404E-10  5.35897282736607E-16
 1.423E-10  5.50551663380457E-16
 1.442E-10  5.65606775430787E-16
 1.462E-10  5.81073577089380E-16
 1.482E-10  5.96963326215538E-16
 1.502E-10  6.13287588520391E-16
 1.523E-10  6.30058245985270E-16
 1.543E-10  6.47287505510210E-16
 1.564E-10  6.64987907799089E-16
 1.586E-10  6.83172336487646E-16
 1.607E-10  7.01854027521110E-16
 1.629E-10  7.21046578788272E-16
 1.652E-10  7.40763960019063E-16
 1.674E-10  7.61020522952671E-16
 1.697E-10  7.81831011783798E-16
 1.720E-10  8.03210573894562E-16
 1.744E-10  8.25174770879877E-16
 1.767E-10  8.47739589874321E-16
 1.792E-10  8.70921455188604E-16
 1.816E-10  8.94737240264569E-16
 1.841E-10  9.19204279956796E-16
 1.866E-10  9.44340383150058E-16
 1.891E-10  9.70163845722170E-16
 1.917E-10  9.96693463860932E-16
 1.943E-10  1.02394854774518E-15
 1.970E-10  1.05194893560049E-15
 1.997E-10  1.08071500813856E-15
 2.024E-10  1.11026770339194E-15
 2.052E-10  1.14062853195425E-15
 2.080E-10  1.17181959263696E-15
 2.108E-10  1.20386358855477E-15
 2.137E-10  1.23678384365044E-15
 2.166E-10  1.27060431967170E-15
 2.196E-10  1.30534963361217E-15
 2.226E-10  1.34104507562966E-15
 2.256E-10  1.37771662745410E-15
 2.287E-10  1.41539098129873E-15
 2.318E-10  1.45409555928890E-15
 2.350E-10  1.49385853342173E-15
 2.382E-10  1.53470884607161E-15
 2.414E-10  1.57667623105697E-15
 2.447E-10  1.61979123528231E-15
 2.481E-10  1.66408524097254E-15
 2.515E-10  1.70959048851533E-15
 2.549E-10  1.75634009992786E-15
 2.584E-10  1.80436810296586E-15
 2.619E-10  1.85370945589070E-15
 2.655E-10  1.90440007291507E-15
 2.691E-10  1.95647685034412E-15
 2.728E-10  2.00997769343079E-15
 2.765E-10  2.06494154396620E-15
 2.803E-10  2.12140840862434E-15
 2.841E-10  2.17941938808186E-15
 2.880E-10  2.23901670693406E-15
 2.919E-10  2.30024374442893E-15
 2.959E-10  2.36314506604179E-15
 2.999E-10  2.42776645591346E-15
 3.040E-10  2.49415495017495E-15
 3.082E-10  2.56235887118387E-15
 3.124E-10  2.63242786269709E-15
 3.166E-10  2.70441292600475E-15
 3.210E-10  2.77836645705324E-15
 3.253E-10  2.85434228458221E-15
 3.298E-10  2.93239570930521E-15
 3.343E-10  3.01258354416154E-15
 3.389E-10  3.09496415566912E-15
 3.435E-10  3.17959750640745E-15
 3.482E-10  3.26654519866271E-15
 3.529E-10  3.35587051926703E-15
 3.577E-10  3.44763848566238E-15
 3.626E-10  3.54191589322545E-15
 3.676E-10  3.63877136388601E-15
 3.726E-10  3.73827539607502E-15
 3.777E-10  3.84050041603846E-15
 3.828E-10  3.94552083055454E-15
 3.881E-10  4.05341308109182E-15
 3.934E-10  4.16425569944963E-15
 3.987E-10  4.27812936491851E-15
 4.042E-10  4.39511696300464E-15
 4.097E-10  4.51530364576048E-15
 4.153E-10  4.63877689376369E-15
 4.210E-10  4.76562657979249E-15
 4.267E-10  4.89594503424132E-15
 4.325E-10  5.02982711232564E-15
 4.384E-10  5.16737026312439E-15
 4.444E-10  5.30867460051033E-15
 4.505E-10  5.45384297602070E-15
 4.566E-10  5.60298105371988E-15
 4.629E-10  5.75619738710817E-15
 4.692E-10  5.91360349813665E-15
 4.756E-10  6.07531395838044E-15
 4.821E-10  6.24144647243116E-15
 4.887E-10  6.41212196357195E-15
 4.953E-10  6.58746466179392E-15
 5.021E-10  6.76760219421989E-15
 5.090E-10  6.95266567799951E-15
 5.159E-10  7.14278981574779E-15
 5.230E-10  7.33811299359014E-15
 5.301E-10  7.53877738188947E-15
 5.373E-10  7.74492903872963E-15
 5.447E-10  7.95671801622511E-15
 5.521E-10  8.17429846974157E-15
 5.596E-10  8.39782877010028E-15
 5.673E-10  8.62747161885151E-15
 5.750E-10  8.86339416670271E-15
 5.829E-10  9.10576813517973E-15
 5.908E-10  9.35476994162052E-15
 5.989E-10  9.61058082758419E-15
 6.071E-10  9.87338699076971E-15
 6.154E-10  1.01433797205472E-14
 6.238E-10  1.04207555371903E-14
 6.323E-10  1.07057163349173E-14
 6.409E-10  1.09984695288460E-14
 6.497E-10  1.12992282059653E-14
 6.585E-10  1.16082112802332E-14
 6.675E-10  1.19256436519208E-14
 6.766E-10  1.22517563713102E-14
 6.859E-10  1.25867868068687E-14
 6.952E-10  1.29309788180245E-14
 7.047E-10  1.32845829326629E-14
 7.144E-10  1.36478565294813E-14
 7.241E-10  1.40210640253265E-14
 7.340E-10  1.44044770676560E-14
 7.440E-10  1.47983747322633E-14
 7.542E-10  1.52030437264104E-14
 7.645E-10  1.56187785975134E-14
 7.749E-10  1.60458819475344E-14
 7.855E-10  1.64846646532378E-14
 7.962E-10  1.69354460924699E-14
 8.071E-10  1.73985543766249E-14
 8.181E-10  1.78743265894667E-14
 8.293E-10  1.83631090324842E-14
 8.406E-10  1.88652574769550E-14
 8.521E-10  1.93811374229000E-14
 8.637E-10  1.99111243651208E-14
 8.755E-10  2.04556040665149E-14
 8.874E-10  2.10149728388572E-14
 8.996E-10  2.15896378312691E-14
 9.118E-10  2.21800173265686E-14
 9.243E-10  2.27865410457253E-14
 9.369E-10  2.34096504606469E-14
 9.497E-10  2.40497991155099E-14
 9.627E-10  2.47074529568848E-14
 9.758E-10  2.53830906728853E-14
 9.891E-10  2.60772040415895E-14
 1.003E-09  2.67902982889966E-14
 1.016E-09  2.75228924567621E-14
 1.030E-09  2.82755197799969E-14
 1.044E-09  2.90487280753929E-14
 1.059E-09  2.98430801399640E-14
 1.073E-09  3.06591541606896E-14
 1.088E-09  3.14975441353638E-14
 1.102E-09  3.23588603049500E-14
 1.118E-09  3.32437295977530E-14
 1.133E-09  3.41527960857474E-14
 1.148E-09  3.50867214533796E-14
 1.164E-09  3.60461854791906E-14
 1.180E-09  3.70318865306037E-14
 1.196E-09  3.80445420722479E-14
 1.212E-09  3.90848891881851E-14
 1.229E-09  4.01536851184126E-14
 1.246E-09  4.12517078100310E-14
 1.263E-09  4.23797564834936E-14
 1.280E-09  4.35386522143412E-14
 1.297E-09  4.47292385308362E-14
 1.315E-09  4.59523820279407E-14
 1.333E-09  4.72089729980915E-14
 1.351E-09  4.84999260792213E-14
 1.370E-09  4.98261809204952E-14
 1.388E-09  5.11887028662490E-14
 1.407E-09  5.25884836586503E-14
 1.426E-09  5.40265421595518E-14
 1.446E-09  5.55039250920884E-14
 1.466E-09  5.70217078025728E-14
 1.486E-09  5.85809950431937E-14
 1.506E-09  6.01829217761432E-14
 1.527E-09  6.18286539997284E-14
 1.547E-09  6.35193895970581E-14
 1.568E-09  6.52563592079549E-14
 1.590E-09  6.70408271247055E-14
 1.612E-09  6.88740922123047E-14
 1.634E-09  7.07574888538576E-14
 1.656E-09  7.26923879218419E-14
 1.679E-09  7.46801977759332E-14
 1.701E-09  7.67223652881090E-14
 1.725E-09  7.88203768957790E-14
 1.748E-09  8.09757596837333E-14
 1.772E-09  8.31900824956591E-14
 1.796E-09  8.54649570760570E-14
 1.821E-09  8.78020392433898E-14
 1.846E-09  9.02030300953062E-14
 1.871E-09  9.26696772468157E-14
 1.896E-09  9.52037761023420E-14
 1.922E-09  9.78071711625415E-14
 1.949E-09  1.00481757366852E-13
 1.975E-09  1.03229481472791E-13
 2.002E-09  1.06052343472926E-13
 2.029E-09  1.08952398050634E-13
 2.057E-09  1.11931756075619E-13
 2.085E-09  1.14992586140384E-13
 2.114E-09  1.18137116138684E-13
 2.143E-09  1.21367634887126E-13
 2.172E-09  1.24686493791166E-13
 2.201E-09  1.28096108556618E-13
 2.232E-09  1.31598960947968E-13
 2.262E-09  1.35197600594800E-13
 2.293E-09  1.38894646847594E-13
 2.324E-09  1.42692790684274E-13
 2.356E-09  1.46594796668911E-13
 2.388E-09  1.50603504963941E-13
 2.421E-09  1.54721833397482E-13
 2.454E-09  1.58952779587115E-13
 2.487E-09  1.63299423121767E-13
 2.521E-09  1.67764927803265E-13
 2.556E-09  1.72352543949168E-13
 2.590E-09  1.77065610758614E-13
 2.626E-09  1.81907558742791E-13
 2.662E-09  1.86881912221934E-13
 2.698E-09  1.91992291890578E-13
 2.735E-09  1.97242417452951E-13
 2.772E-09  2.02636110330459E-13
 2.810E-09  2.08177296443174E-13
 2.848E-09  2.13870009067420E-13
 2.887E-09  2.19718391771480E-13
 2.927E-09  2.25726701431562E-13
 2.967E-09  2.31899311330300E-13
 3.007E-09  2.38240714339901E-13
 3.048E-09  2.44755526192426E-13
 3.090E-09  2.51448488839415E-13
 3.132E-09  2.58324473903444E-13
 3.175E-09  2.65388486224040E-13
 3.218E-09  2.72645667500558E-13
 3.262E-09  2.80101300034709E-13
 3.307E-09  2.87760810575339E-13
 3.352E-09  2.95629774268461E-13
 3.398E-09  3.03713918715265E-13
 3.444E-09  3.12019128141001E-13
 3.491E-09  3.20551447678026E-13
 3.539E-09  3.29317087765853E-13
 3.587E-09  3.38322428671522E-13
 3.636E-09  3.47574025133709E-13
 3.685E-09  3.57078611133625E-13
 3.736E-09  3.66843104796605E-13
 3.787E-09  3.76874613427527E-13
 3.838E-09  3.87180438684078E-13
 3.891E-09  3.97768081891416E-13
 3.944E-09  4.08645249502138E-13
 3.998E-09  4.19819858705677E-13
 4.052E-09  4.31300043190883E-13
 4.108E-09  4.43094159066414E-13
 4.164E-09  4.55210790942880E-13
 4.221E-09  4.67658758181334E-13
 4.278E-09  4.80447121312649E-13
 4.337E-09  4.93585188632379E-13
 4.396E-09  5.07082522976115E-13
 4.456E-09  5.20948948679896E-13
 4.517E-09  5.35194558731096E-13
 4.578E-09  5.49829722114911E-13
 4.641E-09  5.64865091361534E-13
 4.704E-09  5.80311610299886E-13
 4.769E-09  5.96180522023349E-13
 4.834E-09  6.12483377073285E-13
 4.900E-09  6.29232041846347E-13
 4.967E-09  6.46438707231648E-13
 5.034E-09  6.64115897484255E-13
 5.103E-09  6.82276479341181E-13
 5.173E-09  7.00933671386807E-13
 5.243E-09  7.20101053674197E-13
 5.315E-09  7.39792577609663E-13
 5.388E-09  7.60022576107834E-13
 5.461E-09  7.80805774023775E-13
 5.536E-09  8.02157298871085E-13
 5.611E-09  8.24092691832796E-13
 5.688E-09  8.46627919073182E-13
 5.765E-09  8.69779383359255E-13
 5.844E-09  8.93563935999810E-13
 5.924E-09  9.17998889110998E-13
 6.005E-09  9.43102028217382E-13
 6.087E-09  9.68891625197498E-13
 6.170E-09  9.95386451583375E-13
 6.254E-09  1.02260579222402E-12
 6.340E-09  1.05056945932207E-12
 6.426E-09  1.07929780685467E-12
 6.514E-09  1.10881174538847E-12
 6.603E-09  1.13913275729994E-12
 6.693E-09  1.17028291241188E-12
 6.784E-09  1.20228488405712E-12
 6.877E-09  1.23516196558209E-12
 6.971E-09  1.26893808730117E-12
 7.066E-09  1.30363783391511E-12
 7.162E-09  1.33928646240542E-12
 7.260E-09  1.37590992041817E-12
 7.359E-09  1.41353486515071E-12
 7.460E-09  1.45218868275450E-12
 7.562E-09  1.49189950826888E-12
 7.665E-09  1.53269624609968E-12
 7.770E-09  1.57460859105800E-12
 7.876E-09  1.61766704997409E-12
 7.983E-09  1.66190296390260E-12
 8.092E-09  1.70734853093473E-12
 8.203E-09  1.75403682963423E-12
 8.315E-09  1.80200184311457E-12
 8.428E-09  1.85127848377427E-12
 8.543E-09  1.90190261870833E-12
 8.660E-09  1.95391109581513E-12
 8.778E-09  2.00734177061711E-12
 8.898E-09  2.06223353381453E-12
 9.019E-09  2.11862633959289E-12
 9.142E-09  2.17656123470434E-12
 9.267E-09  2.23608038834503E-12
 9.394E-09  2.29722712284820E-12
 9.522E-09  2.36004594521751E-12
 9.652E-09  2.42458257952262E-12
 9.784E-09  2.49088400018008E-12
 9.917E-09  2.55899846614519E-12
 1.005E-08  2.62897555603792E-12
 1.019E-08  2.70086620422964E-12
 1.033E-08  2.77472273791720E-12
 1.047E-08  2.85059891521041E-12
 1.061E-08  2.92854996426070E-12
 1.076E-08  3.00863262346044E-12
 1.090E-08  3.09090518274085E-12
 1.105E-08  3.17542752599994E-12
 1.120E-08  3.26226117469030E-12
 1.136E-08  3.35146933259840E-12
 1.151E-08  3.44311693184925E-12
 1.167E-08  3.53727068016868E-12
 1.183E-08  3.63399910943757E-12
 1.199E-08  3.73337262557433E-12
 1.215E-08  3.83546355978175E-12
 1.232E-08  3.94034622119473E-12
 1.249E-08  4.04809695096738E-12
 1.266E-08  4.15879417783959E-12
 1.283E-08  4.27251847522388E-12
 1.301E-08  4.38935261985162E-12
 1.318E-08  4.50938165202388E-12
 1.336E-08  4.63269293751046E-12
 1.355E-08  4.75937623114021E-12
 1.373E-08  4.88952374213163E-12
 1.392E-08  5.02323020120899E-12
 1.411E-08  5.16059292955370E-12
 1.430E-08  5.30171190964207E-12
 1.450E-08  5.44668985802030E-12
 1.470E-08  5.59563230006791E-12
 1.490E-08  5.74864764680684E-12
 1.510E-08  5.90584727381058E-12
 1.531E-08  6.06734560227200E-12
 1.551E-08  6.23326018228654E-12
 1.573E-08  6.40371177841332E-12
 1.594E-08  6.57882445757748E-12
 1.616E-08  6.75872567937347E-12
 1.638E-08  6.94354638883982E-12
 1.660E-08  7.13342111176996E-12
 1.683E-08  7.32848805262995E-12
 1.706E-08  7.52888919515377E-12
 1.729E-08  7.73477040568862E-12
 1.753E-08  7.94628153936707E-12
 1.777E-08  8.16357654918238E-12
 1.801E-08  8.38681359804575E-12
 1.826E-08  8.61615517390919E-12
 1.851E-08  8.85176820803612E-12
 1.876E-08  9.09382419650460E-12
 1.901E-08  9.34249932503512E-12
 1.927E-08  9.59797459723147E-12
 1.954E-08  9.86043596632654E-12
 1.980E-08  1.01300744705337E-11
 2.007E-08  1.04070863720977E-11
 2.035E-08  1.06916733001473E-11
 2.063E-08  1.09840423974563E-11
 2.091E-08  1.12844064712151E-11
 2.119E-08  1.15929841479297E-11
 2.148E-08  1.19100000325506E-11
 2.178E-08  1.22356848719573E-11
 2.207E-08  1.25702757229132E-11
 2.237E-08  1.29140161246101E-11
 2.268E-08  1.32671562759349E-11
 2.299E-08  1.36299532175812E-11
 2.330E-08  1.40026710191427E-11
 2.362E-08  1.43855809713193E-11
 2.394E-08  1.47789617833846E-11
 2.427E-08  1.51830997860483E-11
 2.460E-08  1.55982891398688E-11
 2.494E-08  1.60248320493623E-11
 2.528E-08  1.64630389829695E-11
 2.562E-08  1.69132288990380E-11
 2.597E-08  1.73757294779803E-11
 2.633E-08  1.78508773607835E-11
 2.669E-08  1.83390183940400E-11
 2.705E-08  1.88405078816785E-11
 2.742E-08  1.93557108435812E-11
 2.779E-08  1.98850022812696E-11
 2.817E-08  2.04287674508540E-11
 2.856E-08  2.09874021434558E-11
 2.895E-08  2.15613129732879E-11
 2.934E-08  2.21509176736168E-11
 2.974E-08  2.27566454008213E-11
 3.015E-08  2.33789370467576E-11
 3.056E-08  2.40182455596764E-11
 3.098E-08  2.46750362739087E-11
 3.140E-08  2.53497872485659E-11
 3.183E-08  2.60429896155058E-11
 3.227E-08  2.67551479368170E-11
 3.271E-08  2.74867805720687E-11
 3.315E-08  2.82384200556086E-11
 3.361E-08  2.90106134841860E-11
 3.406E-08  2.98039229151591E-11
 3.453E-08  3.06189257756006E-11
 3.500E-08  3.14562152825948E-11
 3.548E-08  3.23164008750157E-11
 3.596E-08  3.32001086571205E-11
 3.645E-08  3.41079818542764E-11
 3.695E-08  3.50406812811385E-11
 3.746E-08  3.59988858226394E-11
 3.797E-08  3.69832929281280E-11
 3.849E-08  3.79946191190223E-11
 3.901E-08  3.90336005103427E-11
 3.954E-08  4.01009933465079E-11
 4.008E-08  4.11975745517816E-11
 4.063E-08  4.23241422957709E-11
 4.119E-08  4.34815165743890E-11
 4.175E-08  4.46705398067076E-11
 4.232E-08  4.58920774481249E-11
 4.290E-08  4.71470186203037E-11
 4.348E-08  4.84362767583350E-11
 4.408E-08  4.97607902756026E-11
 4.468E-08  5.11215232468218E-11
 4.529E-08  5.25194661097557E-11
 4.591E-08  5.39556363861310E-11
 4.653E-08  5.54310794222580E-11
 4.717E-08  5.69468691498993E-11
 4.781E-08  5.85041088679566E-11
 4.846E-08  6.01039320455335E-11
 4.913E-08  6.17475031469338E-11
 4.980E-08  6.34360184792540E-11
 5.048E-08  6.51707070631322E-11
 5.117E-08  6.69528315273088E-11
 5.186E-08  6.87836890276667E-11
 5.257E-08  7.06646121913685E-11
 5.329E-08  7.25969700868547E-11
 5.402E-08  7.45821692203339E-11
 5.475E-08  7.66216545595273E-11
 5.550E-08  7.87169105854336E-11
 5.626E-08  8.08694623728188E-11
 5.703E-08  8.30808767002679E-11
 5.781E-08  8.53527631906035E-11
 5.860E-08  8.76867754824699E-11
 5.940E-08  9.00846124339620E-11
 6.021E-08  9.25480193591815E-11
 6.103E-08  9.50787892985788E-11
 6.186E-08  9.76787643240523E-11
 6.271E-08  1.00349836879733E-10
 6.356E-08  1.03093951159435E-10
 6.443E-08  1.05913104521776E-10
 6.531E-08  1.08809348943973E-10
 6.620E-08  1.11784792515415E-10
 6.711E-08  1.14841600972081E-10
 6.802E-08  1.17981999272896E-10
 6.895E-08  1.21208273219207E-10
 6.989E-08  1.24522771118540E-10
 7.085E-08  1.27927905493868E-10
 7.181E-08  1.31426154839577E-10
 7.279E-08  1.35020065425502E-10
 7.379E-08  1.38712253150282E-10
 7.479E-08  1.42505405445352E-10
 7.582E-08  1.46402283231047E-10
 7.685E-08  1.50405722926188E-10
 7.790E-08  1.54518638512608E-10
 7.896E-08  1.58744023656145E-10
 8.004E-08  1.63084953885627E-10
 8.113E-08  1.67544588831444E-10
 8.224E-08  1.72126174525322E-10
 8.336E-08  1.76833045763024E-10
 8.450E-08  1.81668628531613E-10
 8.566E-08  1.86636442503098E-10
 8.683E-08  1.91740103596309E-10
 8.801E-08  1.96983326608789E-10
 8.921E-08  2.02369927920653E-10
 9.043E-08  2.07903828272404E-10
 9.167E-08  2.13589055618705E-10
 9.292E-08  2.19429748060191E-10
 9.419E-08  2.25430156855416E-10
 9.547E-08  2.31594649515236E-10
 9.677E-08  2.37927712981725E-10
 9.810E-08  2.44433956894097E-10
 9.944E-08  2.51118116943871E-10
 1.008E-07  2.57985058321791E-10
 1.022E-07  2.65039779259102E-10
 1.036E-07  2.72287414665497E-10
 1.050E-07  2.79733239866629E-10
 1.064E-07  2.87382674443926E-10
 1.079E-07  2.95241286179200E-10
 1.093E-07  3.03314795107288E-10
 1.108E-07  3.11609077679436E-10
 1.123E-07  3.20130171040532E-10
 1.139E-07  3.28884277423398E-10
 1.154E-07  3.37877768663067E-10
 1.170E-07  3.47117190834627E-10
 1.186E-07  3.56609269017918E-10
 1.202E-07  3.66360912192426E-10
 1.219E-07  3.76379218266051E-10
 1.235E-07  3.86671479241432E-10
 1.252E-07  3.97245186523518E-10
 1.269E-07  4.08108036372261E-10
 1.287E-07  4.19267935504436E-10
 1.304E-07  4.30733006848659E-10
 1.322E-07  4.42511595457685E-10
 1.340E-07  4.54612274582514E-10
 1.358E-07  4.67043851912540E-10
 1.377E-07  4.79815375986233E-10
 1.396E-07  4.92936142777304E-10
 1.415E-07  5.06415702460842E-10
 1.434E-07  5.20263866364518E-10
 1.454E-07  5.34490714109829E-10
 1.473E-07  5.49106600948691E-10
 1.494E-07  5.64122165300636E-10
 1.514E-07  5.79548336495995E-10
 1.535E-07  5.95396342731001E-10
 1.556E-07  6.11677719240327E-10
 1.577E-07  6.28404316693027E-10
 1.598E-07  6.45588309818303E-10
 1.620E-07  6.63242206266865E-10
 1.642E-07  6.81378855714778E-10
 1.665E-07  7.00011459216212E-10
 1.687E-07  7.19153578811936E-10
 1.710E-07  7.38819147400569E-10
 1.734E-07  7.59022478879681E-10
 1.757E-07  7.79778278564383E-10
 1.781E-07  8.01101653890656E-10
 1.806E-07  8.23008125411316E-10
 1.830E-07  8.45513638092966E-10
 1.855E-07  8.68634572921451E-10
 1.881E-07  8.92387758824903E-10
 1.906E-07  9.16790484922933E-10
 1.932E-07  9.41860513110460E-10
 1.959E-07  9.67616090985829E-10
 1.986E-07  9.94075965132521E-10
 2.013E-07  1.02125939476395E-09
 2.040E-07  1.04918616574122E-09
 2.068E-07  1.07787660497459E-09
 2.096E-07  1.10735159521842E-09
 2.125E-07  1.13763259027070E-09
 2.154E-07  1.16874163058843E-09
 2.183E-07  1.20070135932974E-09
 2.213E-07  1.23353503883484E-09
 2.243E-07  1.26726656755773E-09
 2.274E-07  1.30192049746046E-09
 2.305E-07  1.33752205188370E-09
 2.336E-07  1.37409714390544E-09
 2.368E-07  1.41167239520179E-09
 2.401E-07  1.45027515542389E-09
 2.433E-07  1.48993352210415E-09
 2.467E-07  1.53067636110736E-09
 2.500E-07  1.57253332764052E-09
 2.534E-07  1.61553488783741E-09
 2.569E-07  1.65971234093367E-09
 2.604E-07  1.70509784204758E-09
 2.640E-07  1.75172442558443E-09
 2.676E-07  1.79962602928056E-09
 2.712E-07  1.84883751890501E-09
 2.749E-07  1.89939471363644E-09
 2.787E-07  1.95133441213387E-09
 2.825E-07  2.00469441932098E-09
 2.863E-07  2.05951357390215E-09
 2.903E-07  2.11583177663122E-09
 2.942E-07  2.17369001935289E-09
 2.982E-07  2.23313041483857E-09
 3.023E-07  2.29419622743877E-09
 3.064E-07  2.35693190457184E-09
 3.106E-07  2.42138310907532E-09
 3.149E-07  2.48759675244200E-09
 3.192E-07  2.55562102896320E-09
 3.235E-07  2.62550545080755E-09
 3.279E-07  2.69730088405785E-09
 3.324E-07  2.77105958573372E-09
 3.369E-07  2.84683524182674E-09
 3.415E-07  2.92468300637496E-09
 3.462E-07  3.00465954160698E-09
 3.509E-07  3.08682305918308E-09
 3.557E-07  3.17123336256370E-09
 3.606E-07  3.25795189053731E-09
 3.655E-07  3.34704176193799E-09
 3.705E-07  3.43856782158605E-09
 3.756E-07  3.53259668748444E-09
 3.807E-07  3.62919679930650E-09
 3.859E-07  3.72843846820871E-09
 3.911E-07  3.83039392800585E-09
 3.965E-07  3.93513738774632E-09
 4.019E-07  4.04274508572351E-09
 4.074E-07  4.15329534496498E-09
 4.129E-07  4.26686863023972E-09
 4.186E-07  4.38354760662273E-09
 4.243E-07  4.50341719966181E-09
 4.301E-07  4.62656465718959E-09
 4.360E-07  4.75307961282559E-09
 4.419E-07  4.88305415121452E-09
 4.479E-07  5.01658287504905E-09
 4.541E-07  5.15376297392462E-09
 4.603E-07  5.29469429507762E-09
 4.665E-07  5.43947941605720E-09
 4.729E-07  5.58822371938435E-09
 4.794E-07  5.74103546925367E-09
 4.859E-07  5.89802589033040E-09
 4.926E-07  6.05930924870360E-09
 4.993E-07  6.22500293505260E-09
 5.061E-07  6.39522755008751E-09
 5.130E-07  6.57010699232593E-09
 5.200E-07  6.74976854826915E-09
 5.271E-07  6.93434298504575E-09
 5.343E-07  7.12396464558736E-09
 5.416E-07  7.31877154640680E-09
 5.490E-07  7.51890547805001E-09
 5.565E-07  7.72451210829510E-09
 5.641E-07  7.93574108817351E-09
 5.718E-07  8.15274616088896E-09
 5.796E-07  8.37568527371487E-09
 5.875E-07  8.60472069295397E-09
 5.955E-07  8.84001912203722E-09
 6.037E-07  9.08175182285495E-09
 6.119E-07  9.33009474040643E-09
 6.202E-07  9.58522863085312E-09
 6.287E-07  9.84733919307967E-09
 6.373E-07  1.01166172038464E-08
 6.460E-07  1.03932586566421E-08
 6.548E-07  1.06774649043305E-08
 6.638E-07  1.09694428056993E-08
 6.728E-07  1.12694048760129E-08
 6.820E-07  1.15775694416868E-08
 6.913E-07  1.18941607991882E-08
 7.008E-07  1.22194093782797E-08
 7.103E-07  1.25535519097326E-08
 7.200E-07  1.28968315976197E-08
 7.298E-07  1.32494982963234E-08
 7.398E-07  1.36118086923816E-08
 7.499E-07  1.39840264913065E-08
 7.602E-07  1.43664226095117E-08
 7.705E-07  1.47592753714883E-08
 7.811E-07  1.51628707123700E-08
 7.917E-07  1.55775023860377E-08
 8.025E-07  1.60034721789190E-08
 8.135E-07  1.64410901296251E-08
 8.246E-07  1.68906747545986E-08
 8.358E-07  1.73525532799340E-08
 8.473E-07  1.78270618795287E-08
 8.588E-07  1.83145459197539E-08
 8.705E-07  1.88153602108104E-08
 8.824E-07  1.93298692649576E-08
 8.945E-07  1.98584475618074E-08
 9.067E-07  2.04014798208676E-08
 9.191E-07  2.09593612815386E-08
 9.316E-07  2.15324979907666E-08
 9.443E-07  2.21213070985614E-08
 9.572E-07  2.27262171615962E-08
 9.703E-07  2.33476684551062E-08
 9.835E-07  2.39861132933156E-08
 9.970E-07  2.46420163586289E-08
 1.011E-06  2.53158550398189E-08
 1.024E-06  2.60081197794631E-08
 1.038E-06  2.67193144308846E-08
 1.053E-06  2.74499566248447E-08
 1.067E-06  2.82005781462664E-08
 1.081E-06  2.89717253212595E-08
 1.096E-06  2.97639594147236E-08
 1.111E-06  3.05778570388247E-08
 1.126E-06  3.14140105726433E-08
 1.142E-06  3.22730285932923E-08
 1.157E-06  3.31555363188247E-08
 1.173E-06  3.40621760632487E-08
 1.189E-06  3.49936077039918E-08
 1.205E-06  3.59505091621343E-08
 1.222E-06  3.69335768957822E-08
 1.239E-06  3.79435264069303E-08
 1.255E-06  3.89810927621752E-08
 1.273E-06  4.00470311276760E-08
 1.290E-06  4.11421173187344E-08
 1.308E-06  4.22671483644059E-08
 1.325E-06  4.34229430875447E-08
 1.344E-06  4.46103427007094E-08
 1.362E-06  4.58302114183673E-08
 1.380E-06  4.70834370858240E-08
 1.399E-06  4.83709318253634E-08
 1.418E-06  4.96936327000468E-08
 1.438E-06  5.10525023956567E-08
 1.457E-06  5.24485299212979E-08
 1.477E-06  5.38827313291432E-08
 1.497E-06  5.53561504538652E-08
 1.518E-06  5.68698596722755E-08
 1.539E-06  5.84249606837498E-08
 1.560E-06  6.00225853119691E-08
 1.581E-06  6.16638963285958E-08
 1.603E-06  6.33500882994734E-08
 1.624E-06  6.50823884539438E-08
 1.647E-06  6.68620575779552E-08
 1.669E-06  6.86903909315698E-08
 1.692E-06  7.05687191915590E-08
 1.715E-06  7.24984094197852E-08
 1.738E-06  7.44808660580438E-08
 1.762E-06  7.65175319501061E-08
 1.786E-06  7.86098893917201E-08
 1.811E-06  8.07594612092899E-08
 1.835E-06  8.29678118680762E-08
 1.860E-06  8.52365486106850E-08
 1.886E-06  8.75673226266688E-08
 1.911E-06  8.99618302541287E-08
 1.938E-06  9.24218142141480E-08
 1.964E-06  9.49490648789813E-08
 1.991E-06  9.75454215749282E-08
 2.018E-06  1.00212773920813E-07
 2.046E-06  1.02953063203046E-07
 2.073E-06  1.05768283788318E-07
 2.102E-06  1.08660484574867E-07
 2.130E-06  1.11631770483469E-07
 2.160E-06  1.14684303989169E-07
 2.189E-06  1.17820306694868E-07
 2.219E-06  1.21042060947972E-07
 2.249E-06  1.24351911501207E-07
 2.280E-06  1.27752267218866E-07
 2.311E-06  1.31245602829672E-07
 2.343E-06  1.34834460727576E-07
 2.375E-06  1.38521452821793E-07
 2.407E-06  1.42309262437418E-07
 2.440E-06  1.46200646267982E-07
 2.473E-06  1.50198436381412E-07
 2.507E-06  1.54305542280796E-07
 2.541E-06  1.58524953021536E-07
 2.576E-06  1.62859739386341E-07
 2.611E-06  1.67313056119675E-07
 2.647E-06  1.71888144223329E-07
 2.683E-06  1.76588333314716E-07
 2.719E-06  1.81417044049657E-07
 2.757E-06  1.86377790611367E-07
 2.794E-06  1.91474183267517E-07
 2.832E-06  1.96709930997215E-07
 2.871E-06  2.02088844189733E-07
 2.910E-06  2.07614837417047E-07
 2.950E-06  2.13291932282237E-07
 2.990E-06  2.19124260345641E-07
 3.031E-06  2.25116066131053E-07
 3.072E-06  2.31271710214091E-07
 3.114E-06  2.37595672395039E-07
 3.157E-06  2.44092554958347E-07
 3.200E-06  2.50767086021269E-07
 3.244E-06  2.57624122974056E-07
 3.288E-06  2.64668656014153E-07
 3.333E-06  2.71905811777053E-07
 3.378E-06  2.79340857066355E-07
 3.424E-06  2.86979202685820E-07
 3.471E-06  2.94826407376178E-07
 3.519E-06  3.02888181859499E-07
 3.567E-06  3.11170392994189E-07
 3.615E-06  3.19679068043534E-07
 3.665E-06  3.28420399060923E-07
 3.715E-06  3.37400747394891E-07
 3.765E-06  3.46626648317430E-07
 3.817E-06  3.56104815778695E-07
 3.869E-06  3.65842147291671E-07
 3.922E-06  3.75845728950505E-07
 3.975E-06  3.86122840585860E-07
 4.030E-06  3.96680961061233E-07
 4.085E-06  4.07527773714069E-07
 4.140E-06  4.18671171945529E-07
 4.197E-06  4.30119264963141E-07
 4.254E-06  4.41880383680359E-07
 4.312E-06  4.53963086777353E-07
 4.371E-06  4.66376166927525E-07
 4.431E-06  4.79128657194151E-07
 4.491E-06  4.92229837601945E-07
 4.553E-06  5.05689241888103E-07
 4.615E-06  5.19516664437986E-07
 4.678E-06  5.33722167410315E-07
 4.742E-06  5.48316088057182E-07
 4.806E-06  5.63309046243974E-07
 4.872E-06  5.78711952175014E-07
 4.938E-06  5.94536014330269E-07
 5.006E-06  6.10792747618886E-07
 5.074E-06  6.27493981755766E-07
 5.144E-06  6.44651869866904E-07
 5.214E-06  6.62278897330007E-07
 5.285E-06  6.80387890856737E-07
 5.357E-06  6.98992027823093E-07
 5.430E-06  7.18104845854868E-07
 5.504E-06  7.37740252675084E-07
 5.579E-06  7.57912536220425E-07
 5.656E-06  7.78636375034282E-07
 5.733E-06  7.99926848943815E-07
 5.811E-06  8.21799450028758E-07
 5.890E-06  8.44270093889964E-07
 5.971E-06  8.67355131226025E-07
 6.052E-06  8.91071359726035E-07
 6.135E-06  9.15436036287635E-07
 6.219E-06  9.40466889568781E-07
 6.304E-06  9.66182132882446E-07
 6.390E-06  9.92600477443952E-07
 6.477E-06  1.01974114598005E-06
 6.565E-06  1.04762388670995E-06
 6.655E-06  1.07626898770868E-06
 6.746E-06  1.10569729166251E-06
 6.838E-06  1.13593021102779E-06
 6.931E-06  1.16698974360406E-06
 7.026E-06  1.19889848853267E-06
 7.122E-06  1.23167966273252E-06
 7.219E-06  1.26535711778482E-06
 7.318E-06  1.29995535727949E-06
 7.418E-06  1.33549955463520E-06
 7.519E-06  1.37201557140660E-06
 7.622E-06  1.40952997609158E-06
 7.726E-06  1.44807006345260E-06
 7.831E-06  1.48766387436578E-06
 7.938E-06  1.52834021621216E-06
 8.046E-06  1.57012868382661E-06
 8.156E-06  1.61305968101866E-06
 8.268E-06  1.65716444268138E-06
 8.380E-06  1.70247505750446E-06
 8.495E-06  1.74902449130781E-06
 8.611E-06  1.79684661101248E-06
 8.728E-06  1.84597620926673E-06
 8.848E-06  1.89644902974474E-06
 8.968E-06  1.94830179313625E-06
 9.091E-06  2.00157222384676E-06
 9.215E-06  2.05629907742674E-06
 9.341E-06  2.11252216875022E-06
 9.468E-06  2.17028240096342E-06
 9.597E-06  2.22962179522361E-06
 9.729E-06  2.29058352125122E-06
 9.861E-06  2.35321192871604E-06
 9.996E-06  2.41755257948052E-06
 1.013E-05  2.48365228072433E-06
 1.027E-05  2.55155911897369E-06
 1.041E-05  2.62132249506011E-06
 1.055E-05  2.69299316003375E-06
 1.070E-05  2.76662325205856E-06
 1.084E-05  2.84226633431411E-06
 1.099E-05  2.91997743393356E-06
 1.114E-05  2.99981308200512E-06
 1.129E-05  3.08183135466510E-06
 1.145E-05  3.16609191531441E-06
 1.160E-05  3.25265605798765E-06
 1.176E-05  3.34158675190670E-06
 1.192E-05  3.43294868725124E-06
 1.209E-05  3.52680832217884E-06
 1.225E-05  3.62323393112990E-06
 1.242E-05  3.72229565445129E-06
 1.259E-05  3.82406554937534E-06
 1.276E-05  3.92861764239105E-06
 1.293E-05  4.03602798304521E-06
 1.311E-05  4.14637469921305E-06
 1.329E-05  4.25973805387810E-06
 1.347E-05  4.37620050346263E-06
 1.365E-05  4.49584675775001E-06
 1.384E-05  4.61876384144462E-06
 1.403E-05  4.74504115741224E-06
 1.422E-05  4.87477055164636E-06
 1.442E-05  5.00804638000932E-06
 1.461E-05  5.14496557679547E-06
 1.481E-05  5.28562772516610E-06
 1.501E-05  5.43013512950738E-06
 1.522E-05  5.57859288976392E-06
 1.543E-05  5.73110897780204E-06
 1.564E-05  5.88779431585784E-06
 1.585E-05  6.04876285712560E-06
 1.607E-05  6.21413166854740E-06
 1.629E-05  6.38402101586364E-06
 1.651E-05  6.55855445098285E-06
 1.673E-05  6.73785890173789E-06
 1.696E-05  6.92206476409310E-06
 1.719E-05  7.11130599686641E-06
 1.743E-05  7.30572021903844E-06
 1.767E-05  7.50544880971692E-06
 1.791E-05  7.71063701082942E-06
 1.815E-05  7.92143403261960E-06
 1.840E-05  8.13799316202214E-06
 1.865E-05  8.36047187399490E-06
 1.891E-05  8.58903194589100E-06
 1.916E-05  8.82383957495216E-06
 1.943E-05  9.06506549900511E-06
 1.969E-05  9.31288512045564E-06
 1.996E-05  9.56747863366494E-06
 2.023E-05  9.82903115580102E-06
 2.051E-05  1.00977328612607E-05
 2.079E-05  1.03737791197606E-05
 2.107E-05  1.06573706381940E-05
 2.136E-05  1.09487136063597E-05
 2.165E-05  1.12480198466671E-05
 2.195E-05  1.15555069679235E-05
 2.225E-05  1.18713985233193E-05
 2.255E-05  1.21959241727218E-05
 2.286E-05  1.25293198493965E-05
 2.317E-05  1.28718279312766E-05
 2.349E-05  1.32236974169045E-05
 2.381E-05  1.35851841061720E-05
 2.413E-05  1.39565507859918E-05
 2.446E-05  1.43380674210302E-05
 2.480E-05  1.47300113496455E-05
 2.514E-05  1.51326674851672E-05
 2.548E-05  1.55463285226667E-05
 2.583E-05  1.59712951513672E-05
 2.618E-05  1.64078762728413E-05
 2.654E-05  1.68563892251661E-05
 2.690E-05  1.73171600131853E-05
 2.727E-05  1.77905235450513E-05
 2.764E-05  1.82768238752166E-05
 2.802E-05  1.87764144540514E-05
 2.840E-05  1.92896583842660E-05
 2.879E-05  1.98169286843231E-05
 2.918E-05  2.03586085590330E-05
 2.958E-05  2.09150916775240E-05
 2.998E-05  2.14867824587892E-05
 3.039E-05  2.20740963650210E-05
 3.080E-05  2.26774602029346E-05
 3.123E-05  2.32973124333075E-05
 3.165E-05  2.39341034889599E-05
 3.208E-05  2.45882961013915E-05
 3.252E-05  2.52603656363270E-05
 3.297E-05  2.59508004384050E-05
 3.342E-05  2.66601021852532E-05
 3.387E-05  2.73887862512201E-05
 3.433E-05  2.81373820810128E-05
 3.480E-05  2.89064335735105E-05
 3.528E-05  2.96964994760453E-05
 3.576E-05  3.05081537894145E-05
 3.625E-05  3.13419861839278E-05
 3.674E-05  3.21986024267947E-05
 3.724E-05  3.30786248211416E-05
 3.775E-05  3.39826926569936E-05
 3.827E-05  3.49114626745420E-05
 3.879E-05  3.58656095400178E-05
 3.932E-05  3.68458263345343E-05
 3.986E-05  3.78528250562377E-05
 4.040E-05  3.88873371361277E-05
 4.095E-05  3.99501139679277E-05
 4.151E-05  4.10419274523784E-05
 4.208E-05  4.21635705563492E-05
 4.265E-05  4.33158578871725E-05
 4.324E-05  4.44996262826108E-05
 4.383E-05  4.57157354168781E-05
 4.442E-05  4.69650684231642E-05
 4.503E-05  4.82485325330921E-05
 4.565E-05  4.95670597335863E-05
 4.627E-05  5.09216074416089E-05
 4.690E-05  5.23131591972586E-05
 4.754E-05  5.37427253757314E-05
 4.819E-05  5.52113439186413E-05
 4.885E-05  5.67200810852479E-05
 4.951E-05  5.82700322241121E-05
 5.019E-05  5.98623225657458E-05
 5.088E-05  6.14981080368110E-05
 5.157E-05  6.31785760964829E-05
 5.227E-05  6.49049465955369E-05
 5.299E-05  6.66784726588003E-05
 5.371E-05  6.85004415916136E-05
 5.445E-05  7.03721758109209E-05
 5.519E-05  7.22950338016761E-05
 5.594E-05  7.42704110992535E-05
 5.671E-05  7.62997412985624E-05
 5.748E-05  7.83844970905777E-05
 5.826E-05  8.05261913270576E-05
 5.906E-05  8.27263781141863E-05
 5.987E-05  8.49866539359262E-05
 6.068E-05  8.73086588079127E-05
 6.151E-05  8.96940774626753E-05
 6.235E-05  9.21446405670651E-05
 6.320E-05  9.46621259727728E-05
 6.407E-05  9.72483600007646E-05
 6.494E-05  9.99052187606400E-05
 6.583E-05  1.02634629505810E-04
 6.673E-05  1.05438572025453E-04
 6.764E-05  1.08319080074294E-04
 6.856E-05  1.11278242841173E-04
 6.950E-05  1.14318206457486E-04
 7.045E-05  1.17441175546568E-04
 7.141E-05  1.20649414815130E-04
 7.238E-05  1.23945250687867E-04
 7.337E-05  1.27331072986447E-04
 7.437E-05  1.30809336654021E-04
 7.539E-05  1.34382563526526E-04
 7.642E-05  1.38053344152055E-04
 7.746E-05  1.41824339659522E-04
 7.852E-05  1.45698283678071E-04
 7.959E-05  1.49677984308465E-04
 8.068E-05  1.53766326147958E-04
 8.178E-05  1.57966272370061E-04
 8.289E-05  1.62280866860665E-04
 8.403E-05  1.66713236412082E-04
 8.517E-05  1.71266592976511E-04
 8.634E-05  1.75944235980589E-04
 8.751E-05  1.80749554702644E-04
 8.871E-05  1.85686030714349E-04
 8.992E-05  1.90757240388475E-04
 9.115E-05  1.95966857474614E-04
 9.239E-05  2.01318655744597E-04
 9.365E-05  2.06816511709583E-04
 9.493E-05  2.12464407410664E-04
 9.623E-05  2.18266433285003E-04
 9.754E-05  2.24226791109564E-04
 9.887E-05  2.30349797024495E-04
 1.002E-04  2.36639884638277E-04
 1.016E-04  2.43101608216913E-04
 1.030E-04  2.49739645959332E-04
 1.044E-04  2.56558803361411E-04
 1.058E-04  2.63564016670966E-04
 1.073E-04  2.70760356436058E-04
 1.087E-04  2.78153031149316E-04
 1.102E-04  2.85747390990731E-04
 1.117E-04  2.93548931671519E-04
 1.132E-04  3.01563298381918E-04
 1.148E-04  3.09796289845560E-04
 1.163E-04  3.18253862483404E-04
 1.179E-04  3.26942134690060E-04
 1.195E-04  3.35867391225595E-04
 1.212E-04  3.45036087725891E-04
 1.228E-04  3.54454855334697E-04
 1.245E-04  3.64130505460748E-04
 1.262E-04  3.74070034663155E-04
 1.279E-04  3.84280629668576E-04
 1.297E-04  3.94769672523771E-04
 1.314E-04  4.05544745887037E-04
 1.332E-04  4.16613638462226E-04
 1.351E-04  4.27984350579374E-04
 1.369E-04  4.39665099925598E-04
 1.388E-04  4.51664327430428E-04
 1.407E-04  4.63990703309696E-04
 1.426E-04  4.76653133272165E-04
 1.445E-04  4.89660764893299E-04
 1.465E-04  5.03022994160552E-04
 1.485E-04  5.16749472194908E-04
 1.505E-04  5.30850112153196E-04
 1.526E-04  5.45335096316129E-04
 1.547E-04  5.60214883366992E-04
 1.568E-04  5.75500215865979E-04
 1.589E-04  5.91202127925567E-04
 1.611E-04  6.07331953092083E-04
 1.633E-04  6.23901332439104E-04
 1.655E-04  6.40922222878239E-04
 1.678E-04  6.58406905693112E-04
 1.701E-04  6.76367995302524E-04
 1.724E-04  6.94818448258798E-04
 1.748E-04  7.13771572487624E-04
 1.771E-04  7.33241036775759E-04
 1.796E-04  7.53240880513355E-04
 1.820E-04  7.73785523697288E-04
 1.845E-04  7.94889777202710E-04
 1.870E-04  8.16568853330169E-04
 1.896E-04  8.38838376634881E-04
 1.922E-04  8.61714395046240E-04
 1.948E-04  8.85213391285241E-04
 1.974E-04  9.09352294587172E-04
 2.001E-04  9.34148492738321E-04
 2.029E-04  9.59619844434600E-04
 2.056E-04  9.85784691970604E-04
 2.084E-04  1.01266187426806E-03
 2.113E-04  1.04027074025233E-03
 2.142E-04  1.06863116258654E-03
 2.171E-04  1.09776355177238E-03
 2.201E-04  1.12768887062740E-03
 2.231E-04  1.15842864914884E-03
 2.261E-04  1.19000499977404E-03
 2.292E-04  1.22244063304785E-03
 2.323E-04  1.25575887370790E-03
 2.355E-04  1.28998367719849E-03
 2.387E-04  1.32513964662471E-03
 2.420E-04  1.36125205015786E-03
 2.453E-04  1.39834683890445E-03
 2.486E-04  1.43645066525101E-03
 2.520E-04  1.47559090169655E-03
 2.555E-04  1.51579566018615E-03
 2.589E-04  1.55709381195842E-03
 2.625E-04  1.59951500792042E-03
 2.661E-04  1.64308969956393E-03
 2.697E-04  1.68784916043683E-03
 2.734E-04  1.73382550818441E-03
 2.771E-04  1.78105172717575E-03
 2.809E-04  1.82956169172980E-03
 2.847E-04  1.87939018995698E-03
 2.886E-04  1.93057294823292E-03
 2.926E-04  1.98314665632001E-03
 2.965E-04  2.03714899315395E-03
 3.006E-04  2.09261865331275E-03
 3.047E-04  2.14959537418555E-03
 3.089E-04  2.20811996385985E-03
 3.131E-04  2.26823432974515E-03
 3.174E-04  2.32998150795298E-03
 3.217E-04  2.39340569345187E-03
 3.261E-04  2.45855227101831E-03
 3.305E-04  2.52546784700376E-03
 3.350E-04  2.59420028193818E-03
 3.396E-04  2.66479872399343E-03
 3.442E-04  2.73731364332676E-03
 3.489E-04  2.81179686732816E-03
 3.537E-04  2.88830161679494E-03
 3.585E-04  2.96688254305639E-03
 3.634E-04  3.04759576607411E-03
 3.684E-04  3.13049891354255E-03
 3.734E-04  3.21565116101490E-03
 3.785E-04  3.30311327308169E-03
 3.837E-04  3.39294764562811E-03
 3.889E-04  3.48521834919799E-03
 3.942E-04  3.57999117349302E-03
 3.996E-04  3.67733367303526E-03
 4.051E-04  3.77731521402389E-03
 4.106E-04  3.88000702241550E-03
 4.162E-04  3.98548223325935E-03
 4.219E-04  4.09381594132014E-03
 4.277E-04  4.20508525301996E-03
 4.335E-04  4.31936933973347E-03
 4.394E-04  4.43674949247033E-03
 4.454E-04  4.55730917798067E-03
 4.515E-04  4.68113409631816E-03
 4.577E-04  4.80831223989863E-03
 4.639E-04  4.93893395409176E-03
 4.702E-04  5.07309199938415E-03
 4.767E-04  5.21088161515307E-03
 4.832E-04  5.35240058509186E-03
 4.898E-04  5.49774930432829E-03
 4.965E-04  5.64703084827774E-03
 5.032E-04  5.80035104327541E-03
 5.101E-04  5.95781853903134E-03
 5.171E-04  6.11954488295367E-03
 5.241E-04  6.28564459638729E-03
 5.313E-04  6.45623525281497E-03
 5.385E-04  6.63143755806923E-03
 5.459E-04  6.81137543260670E-03
 5.533E-04  6.99617609589333E-03
 5.609E-04  7.18597015295428E-03
 5.686E-04  7.38089168314229E-03
 5.763E-04  7.58107833117761E-03
 5.842E-04  7.78667140051674E-03
 5.922E-04  7.99781594910621E-03
 6.002E-04  8.21466088758030E-03
 6.084E-04  8.43735907996284E-03
 6.167E-04  8.66606744693314E-03
 6.252E-04  8.90094707171934E-03
 6.337E-04  9.14216330868369E-03
 6.423E-04  9.38988589466373E-03
 6.511E-04  9.64428906313654E-03
 6.600E-04  9.90555166127542E-03
 6.690E-04  1.01738572699677E-02
 6.782E-04  1.04493943268653E-02
 6.874E-04  1.07323562525410E-02
 6.968E-04  1.10229415798243E-02
 7.063E-04  1.13213540863954E-02
 7.160E-04  1.16278029307119E-02
 7.257E-04  1.19425027913481E-02
 7.356E-04  1.22656740098314E-02
 7.457E-04  1.25975427370550E-02
 7.559E-04  1.29383410833526E-02
 7.662E-04  1.32883072723217E-02
 7.766E-04  1.36476857984859E-02
 7.872E-04  1.40167275888817E-02
 7.980E-04  1.43956901686653E-02
 8.089E-04  1.47848378308336E-02
 8.199E-04  1.51844418101519E-02
 8.311E-04  1.55947804613905E-02
 8.425E-04  1.60161394419665E-02
 8.540E-04  1.64488118990930E-02
 8.656E-04  1.68930986615432E-02
 8.774E-04  1.73493084361299E-02
 8.894E-04  1.78177580090121E-02
 9.016E-04  1.82987724519383E-02
 9.139E-04  1.87926853335376E-02
 9.264E-04  1.92998389357746E-02
 9.390E-04  1.98205844756848E-02
 9.518E-04  2.03552823325051E-02
 9.648E-04  2.09043022803299E-02
 9.780E-04  2.14680237264067E-02
 9.913E-04  2.20468359552006E-02
 1.005E-03  2.26411383783601E-02
 1.019E-03  2.32513407907062E-02
 1.032E-03  2.38778636323841E-02
 1.047E-03  2.45211382573105E-02
 1.061E-03  2.51816072080547E-02
 1.075E-03  2.58597244972924E-02
 1.090E-03  2.65559558959747E-02
 1.105E-03  2.72707792283594E-02
 1.120E-03  2.80046846740492E-02
 1.135E-03  2.87581750771867E-02
 1.151E-03  2.95317662629625E-02
 1.167E-03  3.03259873615853E-02
 1.182E-03  3.11413811398740E-02
 1.199E-03  3.19785043406347E-02
 1.215E-03  3.28379280299785E-02
 1.232E-03  3.37202379527484E-02
 1.248E-03  3.46260348962243E-02
 1.265E-03  3.55559350622711E-02
 1.283E-03  3.65105704481049E-02
 1.300E-03  3.74905892358533E-02
 1.318E-03  3.84966561910830E-02
 1.336E-03  3.95294530704747E-02
 1.354E-03  4.05896790388329E-02
 1.373E-03  4.16780510956056E-02
 1.391E-03  4.27953045111067E-02
 1.410E-03  4.39421932726298E-02
 1.430E-03  4.51194905406393E-02
 1.449E-03  4.63279891152381E-02
 1.469E-03  4.75685019131029E-02
 1.489E-03  4.88418624550878E-02
 1.509E-03  5.01489253646934E-02
 1.530E-03  5.14905668776013E-02
 1.551E-03  5.28676853624837E-02
 1.572E-03  5.42812018532864E-02
 1.593E-03  5.57320605931935E-02
 1.615E-03  5.72212295904873E-02
 1.637E-03  5.87497011865067E-02
 1.660E-03  6.03184926359185E-02
 1.682E-03  6.19286466995168E-02
 1.705E-03  6.35812322497595E-02
 1.729E-03  6.52773448892608E-02
 1.752E-03  6.70181075824542E-02
 1.776E-03  6.88046713006403E-02
 1.800E-03  7.06382156806449E-02
 1.825E-03  7.25199496972922E-02
 1.850E-03  7.44511123499227E-02
 1.875E-03  7.64329733631679E-02
 1.901E-03  7.84668339021994E-02
 1.927E-03  8.05540273026750E-02
 1.953E-03  8.26959198155898E-02
 1.980E-03  8.48939113672569E-02
 2.007E-03  8.71494363346284E-02
 2.034E-03  8.94639643361706E-02
 2.062E-03  9.18390010385037E-02
 2.090E-03  9.42760889790185E-02
 2.118E-03  9.67768084046780E-02
 2.147E-03  9.93427781272055E-02
 2.177E-03  1.01975656394862E-01
 2.206E-03  1.04677141781014E-01
 2.236E-03  1.07448974089685E-01
 2.267E-03  1.10292935278279E-01
 2.298E-03  1.13210850397664E-01
 2.329E-03  1.16204588549798E-01
 2.361E-03  1.19276063863074E-01
 2.393E-03  1.22427236485540E-01
 2.426E-03  1.25660113596185E-01
 2.459E-03  1.28976750434408E-01
 2.493E-03  1.32379251347862E-01
 2.527E-03  1.35869770858773E-01
 2.561E-03  1.39450514748889E-01
 2.596E-03  1.43123741163177E-01
 2.632E-03  1.46891761732369E-01
 2.668E-03  1.50756942714475E-01
 2.704E-03  1.54721706155326E-01
 2.741E-03  1.58788531068257E-01
 2.778E-03  1.62959954632958E-01
 2.816E-03  1.67238573413571E-01
 2.855E-03  1.71627044596048E-01
 2.894E-03  1.76128087244800E-01
 2.933E-03  1.80744483578626E-01
 2.973E-03  1.85479080265923E-01
 3.014E-03  1.90334789739129E-01
 3.055E-03  1.95314591528340E-01
 3.097E-03  2.00421533614046E-01
 3.139E-03  2.05658733798863E-01
 3.182E-03  2.11029381098156E-01
 3.225E-03  2.16536737149403E-01
 3.269E-03  2.22184137640130E-01
 3.314E-03  2.27974993754210E-01
 3.359E-03  2.33912793636310E-01
 3.405E-03  2.40001103874225E-01
 3.452E-03  2.46243570998805E-01
 3.499E-03  2.52643923001163E-01
 3.546E-03  2.59205970866798E-01
 3.595E-03  2.65933610126252E-01
 3.644E-03  2.72830822421861E-01
 3.694E-03  2.79901677090135E-01
 3.744E-03  2.87150332759259E-01
 3.795E-03  2.94581038961159E-01
 3.847E-03  3.02198137757518E-01
 3.900E-03  3.10006065379137E-01
 3.953E-03  3.18009353877895E-01
 4.007E-03  3.26212632790593E-01
 4.061E-03  3.34620630813879E-01
 4.117E-03  3.43238177489387E-01
 4.173E-03  3.52070204898181E-01
 4.230E-03  3.61121749363534E-01
 4.288E-03  3.70397953161002E-01
 4.346E-03  3.79904066234683E-01
 4.406E-03  3.89645447918510E-01
 4.466E-03  3.99627568661313E-01
 4.527E-03  4.09856011754355E-01
 4.589E-03  4.20336475059947E-01
 4.651E-03  4.31074772739667E-01
 4.715E-03  4.42076836980641E-01
 4.779E-03  4.53348719718247E-01
 4.844E-03  4.64896594353523E-01
 4.911E-03  4.76726757463456E-01
 4.978E-03  4.88845630502255E-01
 5.046E-03  5.01259761491603E-01
 5.114E-03  5.13975826697773E-01
 5.184E-03  5.27000632293404E-01
 5.255E-03  5.40341116001631E-01
 5.327E-03  5.54004348720120E-01
 5.400E-03  5.67997536122478E-01
 5.473E-03  5.82328020234393E-01
 5.548E-03  5.97003280981683E-01
 5.624E-03  6.12030937707384E-01
 5.700E-03  6.27418750654836E-01
 5.778E-03  6.43174622413565E-01
 5.857E-03  6.59306599324702E-01
 5.937E-03  6.75822872842449E-01
 6.018E-03  6.92731780848039E-01
 6.100E-03  7.10041808912413E-01
 6.184E-03  7.27761591503744E-01
 6.268E-03  7.45899913135763E-01
 6.354E-03  7.64465709452655E-01
 6.440E-03  7.83468068246162E-01
 6.528E-03  8.02916230400359E-01
 6.617E-03  8.22819590759375E-01
 6.708E-03  8.43187698913166E-01
 6.799E-03  8.64030259896274E-01
 6.892E-03  8.85357134794321E-01
 6.986E-03  9.07178341252773E-01
 7.082E-03  9.29504053882352E-01
 7.178E-03  9.52344604555272E-01
 7.276E-03  9.75710482586235E-01
 7.376E-03  9.99612334791997E-01
 7.476E-03  1.02406096542303E+00
 7.578E-03  1.04906733596062E+00
 7.682E-03  1.07464256477263E+00
 7.787E-03  1.10079792662066E+00
 7.893E-03  1.12754485201157E+00
 8.001E-03  1.15489492638561E+00
 8.110E-03  1.18285988913354E+00
 8.221E-03  1.21145163243478E+00
 8.333E-03  1.24068219990834E+00
 8.447E-03  1.27056378506819E+00
 8.562E-03  1.30110872957429E+00
 8.679E-03  1.33232952127057E+00
 8.798E-03  1.36423879200065E+00
 8.918E-03  1.39684931519191E+00
 9.039E-03  1.43017400319848E+00
 9.163E-03  1.46422590439324E+00
 9.288E-03  1.49901819999882E+00
 9.415E-03  1.53456420064733E+00
 9.543E-03  1.57087734265845E+00
 9.674E-03  1.60797118402496E+00
 9.806E-03  1.64585940009501E+00
 9.940E-03  1.68455577893986E+00
 1.008E-02  1.72407421639579E+00
 1.021E-02  1.76442871076860E+00
 1.035E-02  1.80563335718905E+00
 1.049E-02  1.84770234160714E+00
 1.064E-02  1.89064993441333E+00
 1.078E-02  1.93449048367416E+00
 1.093E-02  1.97923840797009E+00
 1.108E-02  2.02490818882274E+00
 1.123E-02  2.07151436269892E+00
 1.138E-02  2.11907151257857E+00
 1.154E-02  2.16759425907354E+00
 1.170E-02  2.21709725108433E+00
 1.186E-02  2.26759515598145E+00
 1.202E-02  2.31910264929830E+00
 1.218E-02  2.37163440392237E+00
 1.235E-02  2.42520507877140E+00
 1.252E-02  2.47982930694128E+00
 1.269E-02  2.53552168331247E+00
 1.286E-02  2.59229675160190E+00
 1.304E-02  2.65016899084696E+00
 1.321E-02  2.70915280130898E+00
 1.339E-02  2.76926248978309E+00
 1.358E-02  2.83051225430198E+00
 1.376E-02  2.89291616822107E+00
 1.395E-02  2.95648816367293E+00
 1.414E-02  3.02124201437907E+00
 1.433E-02  3.08719131780751E+00
 1.453E-02  3.15434947666507E+00
 1.473E-02  3.22272967971346E+00
 1.493E-02  3.29234488189907E+00
 1.513E-02  3.36320778378660E+00
 1.534E-02  3.43533081028736E+00
 1.555E-02  3.50872608867378E+00
 1.576E-02  3.58340542587218E+00
 1.598E-02  3.65938028502677E+00
 1.619E-02  3.73666176132856E+00
 1.642E-02  3.81526055710378E+00
 1.664E-02  3.89518695615736E+00
 1.687E-02  3.97645079736813E+00
 1.710E-02  4.05906144753317E+00
 1.733E-02  4.14302777346044E+00
 1.757E-02  4.22835811330959E+00
 1.781E-02  4.31506024718235E+00
 1.805E-02  4.40314136696548E+00
 1.830E-02  4.49260804543056E+00
 1.855E-02  4.58346620459643E+00
 1.880E-02  4.67572108336215E+00
 1.906E-02  4.76937720441965E+00
 1.932E-02  4.86443834045748E+00
 1.958E-02  4.96090747966888E+00
 1.985E-02  5.05878679057947E+00
 2.012E-02  5.15807758621220E+00
 2.039E-02  5.25878028760910E+00
 2.067E-02  5.36089438673234E+00
 2.095E-02  5.46441840876898E+00
 2.124E-02  5.56934987386702E+00
 2.153E-02  5.67568525833237E+00
 2.182E-02  5.78341995532003E+00
 2.212E-02  5.89254823505489E+00
 2.242E-02  6.00306320462116E+00
 2.273E-02  6.11495676736248E+00
 2.304E-02  6.22821958193782E+00
 2.335E-02  6.34284102108198E+00
 2.367E-02  6.45880913012276E+00
 2.400E-02  6.57611058531065E+00
 2.432E-02  6.69473065202045E+00
 2.466E-02  6.81465314288801E+00
 2.499E-02  6.93586037594955E+00
 2.533E-02  7.05833313285453E+00
 2.568E-02  7.18205061722742E+00
 2.603E-02  7.30699041325793E+00
 2.639E-02  7.43312844460349E+00
 2.675E-02  7.56043893369189E+00
 2.711E-02  7.68889436151694E+00
 2.748E-02  7.81846542802379E+00
 2.786E-02  7.94912101318573E+00
 2.824E-02  8.08082813887846E+00
 2.862E-02  8.21355193166252E+00
 2.901E-02  8.34725558658929E+00
 2.941E-02  8.48190033215057E+00
 2.981E-02  8.61744539649626E+00
 3.022E-02  8.75384797504955E+00
 3.063E-02  8.89106319965337E+00
 3.105E-02  9.02904410938655E+00
 3.147E-02  9.16774162319262E+00
 3.190E-02  9.30710451446848E+00
 3.234E-02  9.44707938776466E+00
 3.278E-02  9.58761065775293E+00
 3.323E-02  9.72864053062115E+00
 3.368E-02  9.87010898805908E+00
 3.414E-02  1.00119537740027E+01
 3.461E-02  1.01541103843081E+01
 3.508E-02  1.02965120595287E+01
 3.556E-02  1.04390897809738E+01
 3.604E-02  1.05817722702276E+01
 3.654E-02  1.07244859923121E+01
 3.703E-02  1.08671551626767E+01
 3.754E-02  1.10097017582025E+01
 3.805E-02  1.11520455324068E+01
 3.857E-02  1.12941040350374E+01
 3.910E-02  1.14357926362444E+01
 3.963E-02  1.15770245555182E+01
 4.017E-02  1.17177108955809E+01
 4.072E-02  1.18577606814186E+01
 4.128E-02  1.19970809046369E+01
 4.184E-02  1.21355765733245E+01
 4.241E-02  1.22731507676006E+01
 4.299E-02  1.24097047010231E+01
 4.358E-02  1.25451377880260E+01
 4.417E-02  1.26793477175519E+01
 4.478E-02  1.28122305330363E+01
 4.539E-02  1.29436807188956E+01
 4.601E-02  1.30735912936618E+01
 4.664E-02  1.32018539098963E+01
 4.727E-02  1.33283589610080E+01
 4.792E-02  1.34529956950880E+01
 4.857E-02  1.35756523358606E+01
 4.924E-02  1.36962162108399E+01
 4.991E-02  1.38145738867632E+01
 5.059E-02  1.39306113123618E+01
 5.128E-02  1.40442139685083E+01
 5.198E-02  1.41552670257660E+01
 5.269E-02  1.42636555093458E+01
 5.341E-02  1.43692644714548E+01
 5.414E-02  1.44719791710028E+01
 5.488E-02  1.45716852606069E+01
 5.563E-02  1.46682689808149E+01
 5.639E-02  1.47616173614399E+01
 5.716E-02  1.48516184298758E+01
 5.794E-02  1.49381614262348E+01
 5.873E-02  1.50211370251207E+01
 5.953E-02  1.51004375638220E+01
 6.034E-02  1.51759572766806E+01
 6.116E-02  1.52475925353581E+01
 6.200E-02  1.53152420946918E+01
 6.285E-02  1.53788073437997E+01
 6.370E-02  1.54381925620572E+01
 6.457E-02  1.54933051795390E+01
 6.546E-02  1.55440560414785E+01
 6.635E-02  1.55903596762662E+01
 6.725E-02  1.56321345664705E+01
 6.817E-02  1.56693034223281E+01
 6.910E-02  1.57017934571134E+01
 7.005E-02  1.57295366637629E+01
 7.100E-02  1.57524700920897E+01
 7.197E-02  1.57705361258904E+01
 7.296E-02  1.57836827592078E+01
 7.395E-02  1.57918638709791E+01
 7.496E-02  1.57950394972638E+01
 7.598E-02  1.57931761002113E+01
 7.702E-02  1.57862468328950E+01
 7.807E-02  1.57742317991105E+01
 7.914E-02  1.57571183072004E+01
 8.022E-02  1.57349011169468E+01
 8.132E-02  1.57075826785387E+01
 8.243E-02  1.56751733626040E+01
 8.355E-02  1.56376916802683E+01
 8.469E-02  1.55951644921879E+01
 8.585E-02  1.55476272054856E+01
 8.702E-02  1.54951239575047E+01
 8.821E-02  1.54377077852888E+01
 8.941E-02  1.53754407796856E+01
 9.063E-02  1.53083942229749E+01
 9.187E-02  1.52366487089171E+01
 9.312E-02  1.51602942441304E+01
 9.440E-02  1.50794303297109E+01
 9.568E-02  1.49941660220287E+01
 9.699E-02  1.49046199716500E+01
 9.831E-02  1.48109204393643E+01
 9.966E-02  1.47132052883233E+01
 1.010E-01  1.46116219513375E+01
 1.024E-01  1.45063273724161E+01
 1.038E-01  1.43974879216851E+01
 1.052E-01  1.42852792828714E+01
 1.066E-01  1.41698863126006E+01
 1.081E-01  1.40515028708226E+01
 1.096E-01  1.39303316217481E+01
 1.111E-01  1.38065838047615E+01
 1.126E-01  1.36804789748533E+01
 1.141E-01  1.35522447122105E+01
 1.157E-01  1.34221163006942E+01
 1.173E-01  1.32903363750371E+01
 1.189E-01  1.31571545366991E+01
 1.205E-01  1.30228269384303E+01
 1.221E-01  1.28876158377077E+01
 1.238E-01  1.27517891193315E+01
 1.255E-01  1.26156197875946E+01
 1.272E-01  1.24793854285645E+01
 1.289E-01  1.23433676431507E+01
 1.307E-01  1.22078514517664E+01
 1.325E-01  1.20731246715290E+01
 1.343E-01  1.19394772670825E+01
 1.361E-01  1.18072006762682E+01
 1.380E-01  1.16765871120061E+01
 1.399E-01  1.15479288418920E+01
 1.418E-01  1.14215174471548E+01
 1.437E-01  1.12976430627548E+01
 1.457E-01  1.11765936005379E+01
 1.477E-01  1.10586539574947E+01
 1.497E-01  1.09441052112983E+01
 1.517E-01  1.08332238054183E+01
 1.538E-01  1.07262807262263E+01
 1.559E-01  1.06235406746155E+01
 1.580E-01  1.05252612347641E+01
 1.602E-01  1.04316920427627E+01
 1.624E-01  1.03430739579174E+01
 1.646E-01  1.02596382396112E+01
 1.668E-01  1.01816057326776E+01
 1.691E-01  1.01091860642940E+01
 1.714E-01  1.00425768554464E+01
 1.738E-01  9.98196295005176E+00
 1.761E-01  9.92751566484193E+00
 1.785E-01  9.87939206312272E+00
 1.810E-01  9.83773425551446E+00
 1.834E-01  9.80266873076264E+00
 1.860E-01  9.77430571967336E+00
 1.885E-01  9.75273859518278E+00
 1.911E-01  9.73804331150845E+00
 1.937E-01  9.73027788525651E+00
 1.963E-01  9.72948192127001E+00
 1.990E-01  9.73567618590116E+00
 2.017E-01  9.74886223027403E+00
 2.045E-01  9.76902206597457E+00
 2.073E-01  9.79611789546097E+00
 2.101E-01  9.83009189933135E+00
 2.130E-01  9.87086608241604E+00
 2.159E-01  9.91834218048039E+00
 2.188E-01  9.97240162913000E+00
 2.218E-01  1.00329055963056E+01
 2.248E-01  1.00996950795383E+01
 2.279E-01  1.01725910689119E+01
 2.310E-01  1.02513947764395E+01
 2.342E-01  1.03358879323242E+01
 2.374E-01  1.04258331483151E+01
 2.406E-01  1.05209743481178E+01
 2.439E-01  1.06210372645499E+01
 2.472E-01  1.07257300028687E+01
 2.506E-01  1.08347436694213E+01
 2.540E-01  1.09477530644984E+01
 2.575E-01  1.10644174379966E+01
 2.610E-01  1.11843813062185E+01
 2.646E-01  1.13072753278729E+01
 2.682E-01  1.14327172370628E+01
 2.718E-01  1.15603128307899E+01
 2.755E-01  1.16896570082448E+01
 2.793E-01  1.18203348589020E+01
 2.831E-01  1.19519227961985E+01
 2.870E-01  1.20839897333450E+01
 2.909E-01  1.22160982975985E+01
 2.949E-01  1.23478060791213E+01
 2.989E-01  1.24786669103585E+01
 3.030E-01  1.26082321716926E+01
 3.071E-01  1.27360521189722E+01
 3.113E-01  1.28616772283713E+01
 3.156E-01  1.29846595539132E+01
 3.199E-01  1.31045540928876E+01
 3.242E-01  1.32209201543067E+01
 3.287E-01  1.33333227254821E+01
 3.331E-01  1.34413338317611E+01
 3.377E-01  1.35445338844413E+01
 3.423E-01  1.36425130118818E+01
 3.470E-01  1.37348723688500E+01
 3.517E-01  1.38212254191895E+01
 3.565E-01  1.39011991869560E+01
 3.614E-01  1.39744354712576E+01
 3.663E-01  1.40405920201397E+01
 3.713E-01  1.40993436589852E+01
 3.764E-01  1.41503833690453E+01
 3.815E-01  1.41934233118841E+01
 3.867E-01  1.42281957957034E+01
 3.920E-01  1.42544541797190E+01
 3.974E-01  1.42719737129743E+01
 4.028E-01  1.42805523042156E+01
 4.083E-01  1.42800112196998E+01
 4.139E-01  1.42701957060680E+01
 4.195E-01  1.42509755356946E+01
 4.252E-01  1.42222454722045E+01
 4.311E-01  1.41839256541483E+01
 4.369E-01  1.41359618951311E+01
 4.429E-01  1.40783258989967E+01
 4.489E-01  1.40110153889932E+01
 4.551E-01  1.39340541501628E+01
 4.613E-01  1.38474919845269E+01
 4.676E-01  1.37514045789651E+01
 4.740E-01  1.36458932860154E+01
 4.804E-01  1.35310848181500E+01
 4.870E-01  1.34071308564112E+01
 4.936E-01  1.32742075746107E+01
 5.004E-01  1.31325150806227E+01
 5.072E-01  1.29822767766086E+01
 5.141E-01  1.28237386403257E+01
 5.212E-01  1.26571684299720E+01
 5.283E-01  1.24828548153105E+01
 5.355E-01  1.23011064381037E+01
 5.428E-01  1.21122509051611E+01
 5.502E-01  1.19166337175639E+01
 5.577E-01  1.17146171398859E+01
 5.653E-01  1.15065790134612E+01
 5.731E-01  1.12929115179813E+01
 5.809E-01  1.10740198859071E+01
 5.888E-01  1.08503210743804E+01
 5.969E-01  1.06222423994987E+01
 6.050E-01  1.03902201379776E+01
 6.133E-01  1.01546981013730E+01
 6.216E-01  9.91612618816279E+00
 6.301E-01  9.67495891909856E+00
 6.387E-01  9.43165396132672E+00
 6.474E-01  9.18667064685354E+00
 6.563E-01  8.94046849097789E+00
 6.652E-01  8.69350571634787E+00
 6.743E-01  8.44623778830796E+00
 6.835E-01  8.19911596719127E+00
 6.929E-01  7.95258588317914E+00
 7.023E-01  7.70708613929294E+00
 7.119E-01  7.46304694800491E+00
 7.216E-01  7.22088880685101E+00
 7.315E-01  6.98102121830232E+00
 7.415E-01  6.74384145899951E+00
 7.516E-01  6.50973340327904E+00
 7.618E-01  6.27906640571755E+00
 7.723E-01  6.05219424719462E+00
 7.828E-01  5.82945414872106E+00
 7.935E-01  5.61116585700283E+00
 8.043E-01  5.39763080540692E+00
 8.153E-01  5.18913135366841E+00
 8.264E-01  4.98593010932506E+00
 8.377E-01  4.78826933349058E+00
 8.491E-01  4.59637043317911E+00
 8.607E-01  4.41043354197418E+00
 8.725E-01  4.23063719039625E+00
 8.844E-01  4.05713806686635E+00
 8.965E-01  3.89007086969112E+00
 9.087E-01  3.72954825001001E+00
 9.211E-01  3.57566084515091E+00
 9.337E-01  3.42847740134049E+00
 9.464E-01  3.28804498421261E+00
 9.594E-01  3.15438927505853E+00
 9.725E-01  3.02751495026884E+00
 9.857E-01  2.90740614093682E+00
 9.992E-01  2.79402696912895E+00
 1.013E+00  2.68732215688924E+00
 1.027E+00  2.58721770363325E+00
 1.041E+00  2.49362162721322E+00
 1.055E+00  2.40642476360200E+00
 1.069E+00  2.32550161985679E+00
 1.084E+00  2.25071127478889E+00
 1.099E+00  2.18189832158665E+00
 1.114E+00  2.11889384651890E+00
 1.129E+00  2.06151643778711E+00
 1.144E+00  2.00957321859658E+00
 1.160E+00  1.96286089857872E+00
 1.176E+00  1.92116683781468E+00
 1.192E+00  1.88427011788111E+00
 1.208E+00  1.85194261455412E+00
 1.225E+00  1.82395006706133E+00
 1.241E+00  1.80005313905548E+00
 1.258E+00  1.78000846678651E+00
 1.275E+00  1.76356969026599E+00
 1.293E+00  1.75048846353738E+00
 1.310E+00  1.74051544048259E+00
 1.328E+00  1.73340123290321E+00
 1.347E+00  1.72889733790830E+00
 1.365E+00  1.72675703191835E+00
 1.384E+00  1.72673622885409E+00
 1.402E+00  1.72859430032022E+00
 1.422E+00  1.73209485581853E+00
 1.441E+00  1.73700648123384E+00
 1.461E+00  1.74310343403350E+00
 1.481E+00  1.75016629380791E+00
 1.501E+00  1.75798256696021E+00
 1.521E+00  1.76634724452954E+00
 1.542E+00  1.77506331230698E+00
 1.563E+00  1.78394221257845E+00
 1.584E+00  1.79280425700555E+00
 1.606E+00  1.80147899033528E+00
 1.628E+00  1.80980550481249E+00
 1.650E+00  1.81763270535518E+00
 1.673E+00  1.82481952574202E+00
 1.696E+00  1.83123509625300E+00
 1.719E+00  1.83675886339594E+00
 1.742E+00  1.84128066254420E+00
 1.766E+00  1.84470074450077E+00
 1.790E+00  1.84692975719088E+00
 1.815E+00  1.84788868386719E+00
 1.839E+00  1.84750873938656E+00
 1.864E+00  1.84573122628426E+00
 1.890E+00  1.84250735252839E+00
 1.916E+00  1.83779801298278E+00
 1.942E+00  1.83157353673981E+00
 1.968E+00  1.82381340260352E+00
 1.995E+00  1.81450592510804E+00
 2.022E+00  1.80364791354520E+00
 2.050E+00  1.79124430654767E+00
 2.078E+00  1.77730778483047E+00
 2.106E+00  1.76185836473224E+00
 2.135E+00  1.74492297522062E+00
 2.164E+00  1.72653502103089E+00
 2.194E+00  1.70673393459631E+00
 2.224E+00  1.68556471940126E+00
 2.254E+00  1.66307748734546E+00
 2.285E+00  1.63932699265009E+00
 2.316E+00  1.61437216476520E+00
 2.348E+00  1.58827564265314E+00
 2.380E+00  1.56110331272639E+00
 2.412E+00  1.53292385261045E+00
 2.445E+00  1.50380828278579E+00
 2.479E+00  1.47382952803650E+00
 2.513E+00  1.44306199050093E+00
 2.547E+00  1.41158113597975E+00
 2.582E+00  1.37946309501354E+00
 2.617E+00  1.34678428009378E+00
 2.653E+00  1.31362102022150E+00
 2.689E+00  1.28004921387607E+00
 2.725E+00  1.24614400130542E+00
 2.763E+00  1.21197945689803E+00
 2.800E+00  1.17762830224846E+00
 2.839E+00  1.14316164038234E+00
 2.877E+00  1.10864871146452E+00
 2.917E+00  1.07415667017639E+00
 2.956E+00  1.03975038481631E+00
 2.997E+00  1.00549225805038E+00
 3.038E+00  9.71442069121104E-01
 3.079E+00  9.37656837208507E-01
 3.121E+00  9.04190705532767E-01
 3.164E+00  8.71094845689894E-01
 3.207E+00  8.38417381622276E-01
 3.251E+00  8.06203332544599E-01
 3.295E+00  7.74494574072790E-01
 3.340E+00  7.43329816739162E-01
 3.386E+00  7.12744601021037E-01
 3.432E+00  6.82771307962663E-01
 3.479E+00  6.53439184431114E-01
 3.526E+00  6.24774382015929E-01
 3.575E+00  5.96800008559342E-01
 3.623E+00  5.69536191288711E-01
 3.673E+00  5.43000150515036E-01
 3.723E+00  5.17206282860806E-01
 3.774E+00  4.92166252986506E-01
 3.825E+00  4.67889092797624E-01
 3.878E+00  4.44381307132350E-01
 3.930E+00  4.21646984954076E-01
 3.984E+00  3.99687915101699E-01
 4.039E+00  3.78503705684186E-01
 4.094E+00  3.58091906243356E-01
 4.150E+00  3.38448131849867E-01
 4.206E+00  3.19566188341534E-01
 4.264E+00  3.01438197959667E-01
 4.322E+00  2.84054724687869E-01
 4.381E+00  2.67404898647913E-01
 4.441E+00  2.51476538958590E-01
 4.501E+00  2.36256274515342E-01
 4.563E+00  2.21729662200491E-01
 4.625E+00  2.07881302085660E-01
 4.688E+00  1.94694949239037E-01
 4.752E+00  1.82153621800173E-01
 4.817E+00  1.70239705033626E-01
 4.883E+00  1.58935051119680E-01
 4.950E+00  1.48221074485321E-01
 5.017E+00  1.38078842521369E-01
 5.086E+00  1.28489161571947E-01
 5.155E+00  1.19432658120190E-01
 5.225E+00  1.10889855129105E-01
 5.297E+00  1.02841243528673E-01
 5.369E+00  9.52673488696296E-02
 5.442E+00  8.81487931908337E-02
 5.517E+00  8.14663521707821E-02
 5.592E+00  7.52010076546323E-02
 5.668E+00  6.93339956662180E-02
 5.746E+00  6.38468500300307E-02
 5.824E+00  5.87214417411454E-02
 5.904E+00  5.39400142317307E-02
 5.984E+00  4.94852146912723E-02
 6.066E+00  4.53401216041179E-02
 6.149E+00  4.14882686726151E-02
 6.233E+00  3.79136652971421E-02
 6.318E+00  3.46008137859115E-02
 6.404E+00  3.15347234677658E-02
 6.491E+00  2.87009218804167E-02
 6.580E+00  2.60854632049255E-02
 6.670E+00  2.36749341148211E-02
 6.761E+00  2.14564572052510E-02
 6.853E+00  1.94176921641005E-02
 6.947E+00  1.75468348432112E-02
 7.042E+00  1.58326143837831E-02
 7.138E+00  1.42642885458414E-02
 7.235E+00  1.28316373873624E-02
 7.334E+00  1.15249554343255E-02
 7.434E+00  1.03350424786409E-02
 7.536E+00  9.25319313660737E-03
 7.639E+00  8.27118529630073E-03
 7.743E+00  7.38126757808108E-03
 7.849E+00  6.57614592822115E-03
 7.956E+00  5.84896946149010E-03
 8.064E+00  5.19331566435783E-03
 8.174E+00  4.60317506628690E-03
 8.286E+00  4.07293548233013E-03
 8.399E+00  3.59736592592784E-03
 8.514E+00  3.17160028637738E-03
 8.630E+00  2.79112086091110E-03
 8.748E+00  2.45174182665238E-03
 8.867E+00  2.14959273291486E-03
 8.988E+00  1.88110208936403E-03
 9.111E+00  1.64298112047849E-03
 9.235E+00  1.43220775153436E-03
 9.362E+00  1.24601088601271E-03
 9.489E+00  1.08185502891501E-03
 9.619E+00  9.37425304991573E-04
 9.750E+00  8.10612915374988E-04
 9.883E+00  6.99501070598010E-04
 1.002E+01  6.02351432501030E-04
 1.016E+01  5.17591092136579E-04
 1.029E+01  4.43800105496414E-04
 1.043E+01  3.79699603759504E-04
 1.058E+01  3.24140489823954E-04
 1.072E+01  2.76092728178319E-04
 1.087E+01  2.34635230718388E-04
 1.102E+01  1.98946336954571E-04
 1.117E+01  1.68294883205655E-04
 1.132E+01  1.42031851856608E-04
 1.147E+01  1.19582588585769E-04
 1.163E+01  1.00439572649918E-04
 1.179E+01  8.41557228586645E-05
 1.195E+01  7.03382197720996E-05
 1.211E+01  5.86428229125801E-05
 1.228E+01  4.87686603836132E-05
 1.245E+01  4.04534672223883E-05
 1.262E+01  3.34692480612551E-05
 1.279E+01  2.76183392174153E-05
 1.296E+01  2.27298451472412E-05
 1.314E+01  1.86564242680167E-05
 1.332E+01  1.52713994403371E-05
 1.350E+01  1.24661688929590E-05
 1.368E+01  1.01478940322459E-05
 1.387E+01  8.23744138466492E-06
 1.406E+01  6.66755684761345E-06
 1.425E+01  5.38125144683860E-06
 1.445E+01  4.33037889478806E-06
 1.464E+01  3.47438639191282E-06
 1.484E+01  2.77922129240371E-06
 1.505E+01  2.21637744926353E-06
 1.525E+01  1.76206624503462E-06
 1.546E+01  1.39649848999800E-06
 1.567E+01  1.10326451730875E-06
 1.589E+01  8.68800914324774E-07
 1.610E+01  6.81933393221324E-07
 1.632E+01  5.33486315461538E-07
 1.655E+01  4.15950339512083E-07
 1.677E+01  3.23202624534403E-07
 1.700E+01  2.50281845539171E-07
 1.723E+01  1.93147001735651E-07
 1.747E+01  1.48535604602008E-07
 1.771E+01  1.13824739879597E-07
 1.795E+01  8.69131498306804E-08
 1.819E+01  6.61235187436833E-08
 1.844E+01  5.01218020514491E-08
 1.869E+01  3.78508771808457E-08
 1.895E+01  2.84761814598766E-08
 1.921E+01  2.13413430408032E-08
 1.947E+01  1.59321090184662E-08
 1.974E+01  1.18471347467717E-08
 2.000E+01  8.77442363325127E-09
 2.028E+01  6.47240107302919E-09
 2.055E+01  4.75477309804170E-09
 2.084E+01  3.47846295489959E-09
 2.112E+01  2.53404012770237E-09
 2.141E+01  1.83815898218533E-09
 2.170E+01  1.32761066825271E-09
 2.200E+01  9.54664380640063E-10
 2.230E+01  6.83434511239364E-10
 2.260E+01  4.87060380442172E-10
 2.291E+01  3.45526651519524E-10
 2.322E+01  2.43986563457098E-10
 2.354E+01  1.71477940656022E-10
 2.386E+01  1.19944570364199E-10
 2.419E+01  8.34938553850626E-11
 2.452E+01  5.78363975638337E-11
 2.485E+01  3.98649807641268E-11
 2.519E+01  2.73398352249727E-11
 2.554E+01  1.86545265159908E-11
 2.588E+01  1.26626951415340E-11
 2.624E+01  8.55048629167048E-12
 2.660E+01  5.74310764591074E-12
 2.696E+01  3.83674450702307E-12
 2.733E+01  2.54921493354030E-12
 2.770E+01  1.68439950658543E-12
 2.808E+01  1.10674053109111E-12
 2.846E+01  7.23061287068244E-13
 2.885E+01  4.69676746874821E-13
 2.924E+01  3.03307582777684E-13
 2.964E+01  1.94712068250975E-13
 3.005E+01  1.24248891515701E-13
 3.046E+01  7.88036623538506E-14
 3.087E+01  4.96727485409887E-14
 3.130E+01  3.11150915061021E-14
 3.172E+01  1.93672412488619E-14
 3.216E+01  1.19776166676683E-14
 3.259E+01  7.35937084148505E-15
 3.304E+01  4.49199988740011E-15
 3.349E+01  2.72350494096707E-15
 3.395E+01  1.64008385808754E-15
 3.441E+01  9.80873332002372E-16
 3.488E+01  5.82542700667391E-16
 3.536E+01  3.43533415796438E-16
 3.584E+01  2.01138149022172E-16
 3.633E+01  1.16912629725098E-16
 3.683E+01  6.74569382822308E-17
 3.733E+01  3.86319069729647E-17
 3.784E+01  2.19571264225579E-17
 3.835E+01  1.23842467791878E-17
 3.888E+01  6.93078971392935E-18
 3.941E+01  3.84829666059998E-18
 3.995E+01  2.11972781754411E-18
 4.049E+01  1.15816326232484E-18
 4.104E+01  6.27609268807492E-19
 4.161E+01  3.37279451148922E-19
 4.217E+01  1.79730511661439E-19
 4.275E+01  9.49587269327671E-20
 4.333E+01  4.97368376073209E-20
 4.392E+01  2.58226043385807E-20
 4.452E+01  1.32876500234681E-20
 4.513E+01  6.77594026745734E-21
 4.575E+01  3.42381658921065E-21
 4.637E+01  1.71402268758005E-21
 4.701E+01  8.50027145522130E-22
 4.765E+01  4.17545400615111E-22
 4.830E+01  2.03129800821426E-22
 4.896E+01  9.78559979112739E-23
 4.963E+01  4.66758170250303E-23
 5.030E+01  2.20413967952864E-23
 5.099E+01  1.03037090666610E-23
 5.169E+01  4.76814011321620E-24
 5.239E+01  2.18456649952904E-24
 5.311E+01  9.91414927728525E-25
 5.383E+01  4.46260810576001E-25
 5.457E+01  1.99869861576322E-25
 5.531E+01  8.97420563518325E-26
 5.607E+01  0.00000000000000E+00
 5.683E+01  0.00000000000000E+00
 5.761E+01  0.00000000000000E+00
 5.839E+01  0.00000000000000E+00
 5.919E+01  0.00000000000000E+00
 6.000E+01  0.00000000000000E+00
