line2: Z,NR,R(1),R(NR) /line3,4,...: R(N),RHO*4*PI*R(N)**2
20.00  2000  1.01365245284744E-10  6.00000000000000E+01
 1.014E-10  1.04100282076110E-15
 1.027E-10  1.06931077194712E-15
 1.042E-10  1.09838850020125E-15
 1.056E-10  1.14072738816705E-15
 1.070E-10  1.17174714582021E-15
 1.085E-10  1.20361042259394E-15
 1.100E-10  1.23634015627323E-15
 1.115E-10  1.26995990838827E-15
 1.130E-10  1.30449388117733E-15
 1.145E-10  1.33996693500938E-15
 1.161E-10  1.37640460628044E-15
 1.177E-10  1.41383312579660E-15
 1.193E-10  1.45227943765757E-15
 1.209E-10  1.49177121865285E-15
 1.226E-10  1.53233689818568E-15
 1.242E-10  1.57400567873932E-15
 1.259E-10  1.61680755689884E-15
 1.276E-10  1.66077334494528E-15
 1.294E-10  1.70593469303717E-15
 1.312E-10  1.75232411199443E-15
 1.329E-10  1.79997499670249E-15
 1.348E-10  1.84892165015271E-15
 1.366E-10  1.89919930813644E-15
 1.385E-10  1.95084416461047E-15
 1.404E-10  2.00389339775269E-15
 1.423E-10  2.05838519672573E-15
 1.442E-10  2.11435878916859E-15
 1.462E-10  2.17185446943611E-15
 1.482E-10  2.23091362760601E-15
 1.502E-10  2.29157877927487E-15
 1.523E-10  2.35389359616421E-15
 1.543E-10  2.41790293755914E-15
 1.564E-10  2.48365288260169E-15
 1.586E-10  2.55119076346205E-15
 1.607E-10  2.62056519941261E-15
 1.629E-10  2.69182613182768E-15
 1.652E-10  2.76502486013552E-15
 1.674E-10  2.84021407874797E-15
 1.697E-10  2.91744791499379E-15
 1.720E-10  2.99678196808442E-15
 1.744E-10  3.07827334913833E-15
 1.767E-10  3.16198072229480E-15
 1.792E-10  3.24796434694469E-15
 1.816E-10  3.33628612111018E-15
 1.841E-10  3.42700962600426E-15
 1.866E-10  3.52020017180117E-15
 1.891E-10  3.61592484465275E-15
 1.917E-10  3.71425255498156E-15
 1.943E-10  3.81525408708885E-15
 1.970E-10  3.91900215011102E-15
 1.997E-10  4.02557143036094E-15
 2.024E-10  4.13503864509379E-15
 2.052E-10  4.24748259773429E-15
 2.080E-10  4.36298423460542E-15
 2.108E-10  4.48162670320086E-15
 2.137E-10  4.60349541204096E-15
 2.166E-10  4.72867809215635E-15
 2.196E-10  4.85726486024458E-15
 2.226E-10  4.98934828354343E-15
 2.256E-10  5.12502344646766E-15
 2.287E-10  5.26438801905931E-15
 2.318E-10  5.40754232729817E-15
 2.350E-10  5.55458942532439E-15
 2.382E-10  5.70563516962603E-15
 2.414E-10  5.86078829524218E-15
 2.447E-10  6.02016049404008E-15
 2.481E-10  6.18386649511911E-15
 2.515E-10  6.35202414740361E-15
 2.549E-10  6.52475450447883E-15
 2.584E-10  6.70218191173584E-15
 2.619E-10  6.88443409588546E-15
 2.655E-10  7.07164225690511E-15
 2.691E-10  7.26394116248995E-15
 2.728E-10  7.46146924506657E-15
 2.765E-10  7.66436870145010E-15
 2.803E-10  7.87278559520845E-15
 2.841E-10  8.08686996181015E-15
 2.880E-10  8.30677591663306E-15
 2.919E-10  8.53266176590794E-15
 2.959E-10  8.76469012068196E-15
 2.999E-10  9.00302801387775E-15
 3.040E-10  9.24784702053814E-15
 3.082E-10  9.49932338133981E-15
 3.124E-10  9.75763812946532E-15
 3.166E-10  1.00229772209257E-14
 3.210E-10  1.02955316684277E-14
 3.253E-10  1.05754976788781E-14
 3.298E-10  1.08630767946308E-14
 3.343E-10  1.11584760385751E-14
 3.389E-10  1.14619080631638E-14
 3.435E-10  1.17735913035011E-14
 3.482E-10  1.20937501345889E-14
 3.529E-10  1.24226150328485E-14
 3.577E-10  1.27604227420403E-14
 3.626E-10  1.31074164436871E-14
 3.676E-10  1.34638459321372E-14
 3.726E-10  1.38299677943898E-14
 3.777E-10  1.42060455948029E-14
 3.828E-10  1.45923500648291E-14
 3.881E-10  1.49891592979134E-14
 3.934E-10  1.53967589496850E-14
 3.987E-10  1.58154424435939E-14
 4.042E-10  1.62455111821448E-14
 4.097E-10  1.66872747638697E-14
 4.153E-10  1.71410512062000E-14
 4.210E-10  1.76071671744043E-14
 4.267E-10  1.80859582167477E-14
 4.325E-10  1.85777690060460E-14
 4.384E-10  1.90829535877899E-14
 4.444E-10  1.96018756350160E-14
 4.505E-10  2.01349087101088E-14
 4.566E-10  2.06824365337193E-14
 4.629E-10  2.12448532609995E-14
 4.692E-10  2.18225637653488E-14
 4.756E-10  2.24159839298731E-14
 4.821E-10  2.30255409467715E-14
 4.887E-10  2.36516736248649E-14
 4.953E-10  2.42948327054848E-14
 5.021E-10  2.49554811869568E-14
 5.090E-10  2.56340946579004E-14
 5.159E-10  2.63311616395987E-14
 5.230E-10  2.70471839376787E-14
 5.301E-10  2.77826770033437E-14
 5.373E-10  2.85381703044433E-14
 5.447E-10  2.93142077066291E-14
 5.521E-10  3.01113478648680E-14
 5.596E-10  3.09301646256123E-14
 5.673E-10  3.17712474398975E-14
 5.750E-10  3.26352017876786E-14
 5.829E-10  3.35226496137044E-14
 5.908E-10  3.44342297752458E-14
 5.989E-10  3.53705985019908E-14
 6.071E-10  3.63324298684581E-14
 6.154E-10  3.73204162792512E-14
 6.238E-10  3.83352689675025E-14
 6.323E-10  3.93777185068827E-14
 6.409E-10  4.04485153375233E-14
 6.497E-10  4.15484303062439E-14
 6.585E-10  4.26782552214757E-14
 6.675E-10  4.38388034232655E-14
 6.766E-10  4.50309103687809E-14
 6.859E-10  4.62554342337471E-14
 6.952E-10  4.75132565302317E-14
 7.047E-10  4.88052827412243E-14
 7.144E-10  5.01324429724766E-14
 7.241E-10  5.14956926220706E-14
 7.340E-10  5.28960130681952E-14
 7.440E-10  5.43344123756170E-14
 7.542E-10  5.58119260213687E-14
 7.645E-10  5.73296176401691E-14
 7.749E-10  5.88885797901184E-14
 7.855E-10  6.04899347392059E-14
 7.962E-10  6.21348352732081E-14
 8.071E-10  6.38244655255659E-14
 8.181E-10  6.55600418298107E-14
 8.293E-10  6.73428135951876E-14
 8.406E-10  6.91740642060789E-14
 8.521E-10  7.10551119458871E-14
 8.637E-10  7.29873109460473E-14
 8.755E-10  7.49720521608397E-14
 8.874E-10  7.70107643687061E-14
 8.996E-10  7.91049152008032E-14
 9.118E-10  8.12560121975339E-14
 9.243E-10  8.34656038937801E-14
 9.369E-10  8.57352809336827E-14
 9.497E-10  8.80666772156993E-14
 9.627E-10  9.04614710688246E-14
 9.758E-10  9.29213864607918E-14
 9.891E-10  9.54481942391235E-14
 1.003E-09  9.80437134059242E-14
 1.016E-09  1.00709812427355E-13
 1.030E-09  1.03448410578712E-13
 1.044E-09  1.06261479326056E-13
 1.059E-09  1.09151043745462E-13
 1.073E-09  1.12119183980810E-13
 1.088E-09  1.15168036741251E-13
 1.102E-09  1.18299796839390E-13
 1.118E-09  1.21516718771284E-13
 1.133E-09  1.24821118339414E-13
 1.148E-09  1.28215374319781E-13
 1.164E-09  1.31701930174362E-13
 1.180E-09  1.35283295810086E-13
 1.196E-09  1.38962049385691E-13
 1.212E-09  1.42740839167679E-13
 1.229E-09  1.46622385436763E-13
 1.246E-09  1.50609482446151E-13
 1.263E-09  1.54705000433049E-13
 1.280E-09  1.58911887684924E-13
 1.297E-09  1.63233172661910E-13
 1.315E-09  1.67671966176925E-13
 1.333E-09  1.72231463635112E-13
 1.351E-09  1.76914947334145E-13
 1.370E-09  1.81725788827079E-13
 1.388E-09  1.86667451349470E-13
 1.407E-09  1.91743492312507E-13
 1.426E-09  1.96957565863948E-13
 1.446E-09  2.02313425518604E-13
 1.466E-09  2.07814926860488E-13
 1.486E-09  2.13466030318359E-13
 1.506E-09  2.19270804016741E-13
 1.527E-09  2.25233426704530E-13
 1.547E-09  2.31358190763144E-13
 1.568E-09  2.37649505296588E-13
 1.590E-09  2.44111899305452E-13
 1.612E-09  2.50750024947231E-13
 1.634E-09  2.57568660885371E-13
 1.656E-09  2.64572715729335E-13
 1.679E-09  2.71767231568188E-13
 1.701E-09  2.79157387600334E-13
 1.725E-09  2.86748503861907E-13
 1.748E-09  2.94546045056547E-13
 1.772E-09  3.02555624489375E-13
 1.796E-09  3.10783008107929E-13
 1.821E-09  3.19234118652883E-13
 1.846E-09  3.27915039921756E-13
 1.871E-09  3.36832021148564E-13
 1.896E-09  3.45991481502451E-13
 1.922E-09  3.55400014708788E-13
 1.949E-09  3.65064393795856E-13
 1.975E-09  3.74991575970601E-13
 2.002E-09  3.85188707627040E-13
 2.029E-09  3.95663129490769E-13
 2.057E-09  4.06422381903453E-13
 2.085E-09  4.17474210250958E-13
 2.114E-09  4.28826570539083E-13
 2.143E-09  4.40487635121001E-13
 2.172E-09  4.52465798580336E-13
 2.201E-09  4.64769683774279E-13
 2.232E-09  4.77408148041030E-13
 2.262E-09  4.90390289576032E-13
 2.293E-09  5.03725453981573E-13
 2.324E-09  5.17423240994493E-13
 2.356E-09  5.31493511396910E-13
 2.388E-09  5.45946394114779E-13
 2.421E-09  5.60792293509505E-13
 2.454E-09  5.76041896867888E-13
 2.487E-09  5.91706182095603E-13
 2.521E-09  6.07796425620150E-13
 2.556E-09  6.24324210508430E-13
 2.590E-09  6.41301434805142E-13
 2.626E-09  6.58740320098067E-13
 2.662E-09  6.76653420316096E-13
 2.698E-09  6.95053630766613E-13
 2.735E-09  7.13954197418493E-13
 2.772E-09  7.33368726437729E-13
 2.810E-09  7.53311193982220E-13
 2.848E-09  7.73795956262893E-13
 2.887E-09  7.94837759878604E-13
 2.927E-09  8.16451752431663E-13
 2.967E-09  8.38653493432655E-13
 3.007E-09  8.61458965501278E-13
 3.048E-09  8.84884585871796E-13
 3.090E-09  9.08947218211736E-13
 3.132E-09  9.33664184761567E-13
 3.175E-09  9.59053278804733E-13
 3.218E-09  9.85132777476649E-13
 3.262E-09  1.01192145492212E-12
 3.307E-09  1.03943859581041E-12
 3.352E-09  1.06770400921795E-12
 3.398E-09  1.09673804288861E-12
 3.444E-09  1.12656159788153E-12
 3.491E-09  1.15719614361742E-12
 3.539E-09  1.18866373333407E-12
 3.587E-09  1.22098701996196E-12
 3.636E-09  1.25418927243179E-12
 3.685E-09  1.28829439242512E-12
 3.736E-09  1.32332693158103E-12
 3.787E-09  1.35931210917028E-12
 3.838E-09  1.39627583024998E-12
 3.891E-09  1.43424470431240E-12
 3.944E-09  1.47324606444066E-12
 3.998E-09  1.51330798698494E-12
 4.052E-09  1.55445931177460E-12
 4.108E-09  1.59672966287919E-12
 4.164E-09  1.64014946993407E-12
 4.221E-09  1.68474999004648E-12
 4.278E-09  1.73056333029676E-12
 4.337E-09  1.77762247085157E-12
 4.396E-09  1.82596128870573E-12
 4.456E-09  1.87561458206972E-12
 4.517E-09  1.92661809542026E-12
 4.578E-09  1.97900854523195E-12
 4.641E-09  2.03282364640865E-12
 4.704E-09  2.08810213943403E-12
 4.769E-09  2.14488381825998E-12
 4.834E-09  2.20320955895336E-12
 4.900E-09  2.26312134912227E-12
 4.967E-09  2.32466231814176E-12
 5.034E-09  2.38787676820173E-12
 5.103E-09  2.45281020619996E-12
 5.173E-09  2.51950937650094E-12
 5.243E-09  2.58802229458636E-12
 5.315E-09  2.65839828162093E-12
 5.388E-09  2.73068799995720E-12
 5.461E-09  2.80494348960691E-12
 5.536E-09  2.88121820570330E-12
 5.611E-09  2.95956705698249E-12
 5.688E-09  3.04004644531142E-12
 5.765E-09  3.12271430628992E-12
 5.844E-09  3.20763015095817E-12
 5.924E-09  3.29485510863738E-12
 6.005E-09  3.38445197093490E-12
 6.087E-09  3.47648523694748E-12
 6.170E-09  3.57102115969287E-12
 6.254E-09  3.66812779380387E-12
 6.340E-09  3.76787504451938E-12
 6.426E-09  3.87033471800815E-12
 6.514E-09  3.97558057306065E-12
 6.603E-09  4.08368837418653E-12
 6.693E-09  4.19473594615571E-12
 6.784E-09  4.30880323002354E-12
 6.877E-09  4.42597234067875E-12
 6.971E-09  4.54632762595533E-12
 7.066E-09  4.66995572735436E-12
 7.162E-09  4.79694564241495E-12
 7.260E-09  4.92738878878152E-12
 7.359E-09  5.06137907001390E-12
 7.460E-09  5.19901294318670E-12
 7.562E-09  5.34038948832684E-12
 7.665E-09  5.48561047973915E-12
 7.770E-09  5.63478045927258E-12
 7.876E-09  5.78800681157641E-12
 7.983E-09  5.94539984140567E-12
 8.092E-09  6.10707285302651E-12
 8.203E-09  6.27314223178214E-12
 8.315E-09  6.44372752787695E-12
 8.428E-09  6.61895154243657E-12
 8.543E-09  6.79894041591223E-12
 8.660E-09  6.98382371888517E-12
 8.778E-09  7.17373454534258E-12
 8.898E-09  7.36880960848984E-12
 9.019E-09  7.56918933916644E-12
 9.142E-09  7.77501798694081E-12
 9.267E-09  7.98644372395170E-12
 9.394E-09  8.20361875157509E-12
 9.522E-09  8.42669940999031E-12
 9.652E-09  8.65584629072686E-12
 9.784E-09  8.89122435227070E-12
 9.917E-09  9.13300303881483E-12
 1.005E-08  9.38135640223889E-12
 1.019E-08  9.63646322740536E-12
 1.033E-08  9.89850716086374E-12
 1.047E-08  1.01676768430536E-11
 1.061E-08  1.04441660441036E-11
 1.076E-08  1.07281738033218E-11
 1.090E-08  1.10199045724818E-11
 1.105E-08  1.13195683630013E-11
 1.120E-08  1.16273808971276E-11
 1.136E-08  1.19435637632300E-11
 1.151E-08  1.22683445753173E-11
 1.167E-08  1.26019571368935E-11
 1.183E-08  1.29446416092662E-11
 1.199E-08  1.32966446844364E-11
 1.215E-08  1.36582197626846E-11
 1.232E-08  1.40296271349921E-11
 1.249E-08  1.44111341704157E-11
 1.266E-08  1.48030155085632E-11
 1.283E-08  1.52055532573012E-11
 1.301E-08  1.56190371958367E-11
 1.318E-08  1.60437649833262E-11
 1.336E-08  1.64800423731531E-11
 1.355E-08  1.69281834330339E-11
 1.373E-08  1.73885107711080E-11
 1.392E-08  1.78613557681778E-11
 1.411E-08  1.83470588162641E-11
 1.430E-08  1.88459695636457E-11
 1.450E-08  1.93584471665641E-11
 1.470E-08  1.98848605477741E-11
 1.490E-08  2.04255886621245E-11
 1.510E-08  2.09810207693562E-11
 1.531E-08  2.15515567143255E-11
 1.551E-08  2.21376072148448E-11
 1.573E-08  2.27395941573484E-11
 1.594E-08  2.33579509005992E-11
 1.616E-08  2.39931225876569E-11
 1.638E-08  2.46455664663270E-11
 1.660E-08  2.53157522183236E-11
 1.683E-08  2.60041622973822E-11
 1.706E-08  2.67112922765705E-11
 1.729E-08  2.74376512050409E-11
 1.753E-08  2.81837619744845E-11
 1.777E-08  2.89501616955488E-11
 1.801E-08  2.97374020844932E-11
 1.826E-08  3.05460498603592E-11
 1.851E-08  3.13766871529363E-11
 1.876E-08  3.22299119218336E-11
 1.901E-08  3.31063383869261E-11
 1.927E-08  3.40065974705265E-11
 1.954E-08  3.49313372515770E-11
 1.980E-08  3.58812234321772E-11
 2.007E-08  3.68569398168173E-11
 2.035E-08  3.78591888046287E-11
 2.063E-08  3.88886918950356E-11
 2.091E-08  3.99461902071376E-11
 2.119E-08  4.10324450132262E-11
 2.148E-08  4.21482382868197E-11
 2.178E-08  4.32943732655760E-11
 2.207E-08  4.44716750295345E-11
 2.237E-08  4.56809910950721E-11
 2.268E-08  4.69231920250097E-11
 2.299E-08  4.81991720553134E-11
 2.330E-08  4.95098497388371E-11
 2.362E-08  5.08561686065714E-11
 2.394E-08  5.22390978468648E-11
 2.427E-08  5.36596330031281E-11
 2.460E-08  5.51187966904990E-11
 2.494E-08  5.66176393320026E-11
 2.528E-08  5.81572399147350E-11
 2.562E-08  5.97387067665955E-11
 2.597E-08  6.13631783541437E-11
 2.633E-08  6.30318241021689E-11
 2.669E-08  6.47458452355276E-11
 2.705E-08  6.65064756438777E-11
 2.742E-08  6.83149827699317E-11
 2.779E-08  7.01726685218606E-11
 2.817E-08  7.20808702105026E-11
 2.856E-08  7.40409615120731E-11
 2.895E-08  7.60543534570461E-11
 2.934E-08  7.81224954459088E-11
 2.974E-08  8.02468762925661E-11
 3.015E-08  8.24290252961071E-11
 3.056E-08  8.46705133416999E-11
 3.098E-08  8.69729540314510E-11
 3.140E-08  8.93380048459898E-11
 3.183E-08  9.17673683376604E-11
 3.227E-08  9.42627933561528E-11
 3.271E-08  9.68260763074460E-11
 3.315E-08  9.94590624470233E-11
 3.361E-08  1.02163647208207E-10
 3.406E-08  1.04941777566650E-10
 3.453E-08  1.07795453441919E-10
 3.500E-08  1.10726729137191E-10
 3.548E-08  1.13737714818105E-10
 3.596E-08  1.16830578031806E-10
 3.645E-08  1.20007545267319E-10
 3.695E-08  1.23270903558363E-10
 3.746E-08  1.26623002129708E-10
 3.797E-08  1.30066254088357E-10
 3.849E-08  1.33603138160660E-10
 3.901E-08  1.37236200476704E-10
 3.954E-08  1.40968056403220E-10
 4.008E-08  1.44801392426300E-10
 4.063E-08  1.48738968085354E-10
 4.119E-08  1.52783617959651E-10
 4.175E-08  1.56938253708839E-10
 4.232E-08  1.61205866168982E-10
 4.290E-08  1.65589527505617E-10
 4.348E-08  1.70092393425318E-10
 4.408E-08  1.74717705447399E-10
 4.468E-08  1.79468793237430E-10
 4.529E-08  1.84349077004184E-10
 4.591E-08  1.89362069961735E-10
 4.653E-08  1.94511380858572E-10
 4.717E-08  1.99800716575422E-10
 4.781E-08  2.05233884793754E-10
 4.846E-08  2.10814796736865E-10
 4.913E-08  2.16547469985398E-10
 4.980E-08  2.22436031369579E-10
 5.048E-08  2.28484719940001E-10
 5.117E-08  2.34697890019164E-10
 5.186E-08  2.41080014336130E-10
 5.257E-08  2.47635687246246E-10
 5.329E-08  2.54369628038544E-10
 5.402E-08  2.61286684333047E-10
 5.475E-08  2.68391835570444E-10
 5.550E-08  2.75690196596639E-10
 5.626E-08  2.83187021344836E-10
 5.703E-08  2.90887706617709E-10
 5.781E-08  2.98797795972364E-10
 5.860E-08  3.06922983711099E-10
 5.940E-08  3.15269118980516E-10
 6.021E-08  3.23842209982189E-10
 6.103E-08  3.32648428297830E-10
 6.186E-08  3.41694113332026E-10
 6.271E-08  3.50985776875824E-10
 6.356E-08  3.60530107794412E-10
 6.443E-08  3.70333976842246E-10
 6.531E-08  3.80404441609089E-10
 6.620E-08  3.90748751600654E-10
 6.711E-08  4.01374353457306E-10
 6.802E-08  4.12288896314631E-10
 6.895E-08  4.23500237309949E-10
 6.989E-08  4.35016447238390E-10
 7.085E-08  4.46845816362885E-10
 7.181E-08  4.58996860382050E-10
 7.279E-08  4.71478326560421E-10
 7.379E-08  4.84299200025427E-10
 7.479E-08  4.97468710235445E-10
 7.582E-08  5.10996337623911E-10
 7.685E-08  5.24891820423973E-10
 7.790E-08  5.39165161678787E-10
 7.896E-08  5.53826636442457E-10
 8.004E-08  5.68886799176690E-10
 8.113E-08  5.84356491348721E-10
 8.224E-08  6.00246849235760E-10
 8.336E-08  6.16569311941660E-10
 8.450E-08  6.33335629631615E-10
 8.566E-08  6.50557871990780E-10
 8.683E-08  6.68248436912852E-10
 8.801E-08  6.86420059424981E-10
 8.921E-08  7.05085820855355E-10
 9.043E-08  7.24259158250034E-10
 9.167E-08  7.43953874045891E-10
 9.292E-08  7.64184146006576E-10
 9.419E-08  7.84964537428679E-10
 9.547E-08  8.06310007625455E-10
 9.677E-08  8.28235922695437E-10
 9.810E-08  8.50758066584176E-10
 9.944E-08  8.73892652446616E-10
 1.008E-07  8.97656334318243E-10
 1.022E-07  9.22066219104179E-10
 1.036E-07  9.47139878893562E-10
 1.050E-07  9.72895363609264E-10
 1.064E-07  9.99351214001584E-10
 1.079E-07  1.02652647499501E-09
 1.093E-07  1.05444070939817E-09
 1.108E-07  1.08311401198630E-09
 1.123E-07  1.11256702396706E-09
 1.139E-07  1.14282094783928E-09
 1.154E-07  1.17389756265603E-09
 1.170E-07  1.20581923970264E-09
 1.186E-07  1.23860895860116E-09
 1.202E-07  1.27229032385248E-09
 1.219E-07  1.30688758182850E-09
 1.235E-07  1.34242563822622E-09
 1.252E-07  1.37893007599661E-09
 1.269E-07  1.41642717376087E-09
 1.287E-07  1.45494392472755E-09
 1.304E-07  1.49450805612398E-09
 1.322E-07  1.53514804915619E-09
 1.340E-07  1.57689315951150E-09
 1.358E-07  1.61977343841879E-09
 1.377E-07  1.66381975428107E-09
 1.396E-07  1.70906381489688E-09
 1.415E-07  1.75553819028551E-09
 1.434E-07  1.80327633613269E-09
 1.454E-07  1.85231261787458E-09
 1.473E-07  1.90268233543602E-09
 1.494E-07  1.95442174864149E-09
 1.514E-07  2.00756810331743E-09
 1.535E-07  2.06215965810430E-09
 1.556E-07  2.11823571199709E-09
 1.577E-07  2.17583663263545E-09
 1.598E-07  2.23500388536297E-09
 1.620E-07  2.29578006307645E-09
 1.642E-07  2.35820891688645E-09
 1.665E-07  2.42233538761265E-09
 1.687E-07  2.48820563813490E-09
 1.710E-07  2.55586708662361E-09
 1.734E-07  2.62536844067455E-09
 1.757E-07  2.69675973237186E-09
 1.781E-07  2.77009235430345E-09
 1.806E-07  2.84541909655691E-09
 1.830E-07  2.92279418472097E-09
 1.855E-07  3.00227331891980E-09
 1.881E-07  3.08391371391016E-09
 1.906E-07  3.16777414026714E-09
 1.932E-07  3.25391496669058E-09
 1.959E-07  3.34239820346274E-09
 1.986E-07  3.43328754708638E-09
 2.013E-07  3.52664842613697E-09
 2.040E-07  3.62254804836205E-09
 2.068E-07  3.72105544906139E-09
 2.096E-07  3.82224154078254E-09
 2.125E-07  3.92617916436712E-09
 2.154E-07  4.03294314138627E-09
 2.183E-07  4.14261032800088E-09
 2.213E-07  4.25525967028741E-09
 2.243E-07  4.37097226106713E-09
 2.274E-07  4.48983139828118E-09
 2.305E-07  4.61192264495335E-09
 2.336E-07  4.73733389078231E-09
 2.368E-07  4.86615541540947E-09
 2.401E-07  4.99847995340733E-09
 2.433E-07  5.13440276103452E-09
 2.467E-07  5.27402168480592E-09
 2.500E-07  5.41743723192778E-09
 2.534E-07  5.56475264264805E-09
 2.569E-07  5.71607396457387E-09
 2.604E-07  5.87151012900989E-09
 2.640E-07  6.03117302937262E-09
 2.676E-07  6.19517760173671E-09
 2.712E-07  6.36364190757131E-09
 2.749E-07  6.53668721872706E-09
 2.787E-07  6.71443810473294E-09
 2.825E-07  6.89702252246697E-09
 2.863E-07  7.08457190826650E-09
 2.903E-07  7.27722127254214E-09
 2.942E-07  7.47510929696316E-09
 2.982E-07  7.67837843428832E-09
 3.023E-07  7.88717501090958E-09
 3.064E-07  8.10164933218334E-09
 3.106E-07  8.32195579062872E-09
 3.149E-07  8.54825297706406E-09
 3.192E-07  8.78070379476826E-09
 3.235E-07  9.01947557674668E-09
 3.279E-07  9.26474020618239E-09
 3.324E-07  9.51667424016545E-09
 3.369E-07  9.77545903678782E-09
 3.415E-07  1.00412808856893E-08
 3.462E-07  1.03143311421585E-08
 3.509E-07  1.05948063648763E-08
 3.557E-07  1.08829084574078E-08
 3.606E-07  1.11788448135397E-08
 3.655E-07  1.14828284665692E-08
 3.705E-07  1.17950782426554E-08
 3.756E-07  1.21158189183359E-08
 3.807E-07  1.24452813823298E-08
 3.859E-07  1.27837028017415E-08
 3.911E-07  1.31313267927785E-08
 3.965E-07  1.34884035961160E-08
 4.019E-07  1.38551902570300E-08
 4.074E-07  1.42319508104245E-08
 4.129E-07  1.46189564708926E-08
 4.186E-07  1.50164858279473E-08
 4.243E-07  1.54248250465561E-08
 4.301E-07  1.58442680731320E-08
 4.360E-07  1.62751168471256E-08
 4.419E-07  1.67176815183688E-08
 4.479E-07  1.71722806703291E-08
 4.541E-07  1.76392415494356E-08
 4.603E-07  1.81189003006374E-08
 4.665E-07  1.86116022093723E-08
 4.729E-07  1.91177019501089E-08
 4.794E-07  1.96375638416506E-08
 4.859E-07  2.01715621093836E-08
 4.926E-07  2.07200811546462E-08
 4.993E-07  2.12835158314358E-08
 5.061E-07  2.18622717306310E-08
 5.130E-07  2.24567654719402E-08
 5.200E-07  2.30674250037976E-08
 5.271E-07  2.36946899114055E-08
 5.343E-07  2.43390117331555E-08
 5.416E-07  2.50008542856542E-08
 5.490E-07  2.56806939975833E-08
 5.565E-07  2.63790202526443E-08
 5.641E-07  2.70963357418191E-08
 5.718E-07  2.78331568252139E-08
 5.796E-07  2.85900139037448E-08
 5.875E-07  2.93674518009232E-08
 5.955E-07  3.01660301550264E-08
 6.037E-07  3.09863238219279E-08
 6.119E-07  3.18289232888854E-08
 6.202E-07  3.26944350995788E-08
 6.287E-07  3.35834822907003E-08
 6.373E-07  3.44967048404233E-08
 6.460E-07  3.54347601290576E-08
 6.548E-07  3.63983234122355E-08
 6.638E-07  3.73880883069625E-08
 6.728E-07  3.84047672908802E-08
 6.820E-07  3.94490922151113E-08
 6.913E-07  4.05218148310416E-08
 7.008E-07  4.16237073314287E-08
 7.103E-07  4.27555629062304E-08
 7.200E-07  4.39181963135268E-08
 7.298E-07  4.51124444659857E-08
 7.398E-07  4.63391670332672E-08
 7.499E-07  4.75992470608002E-08
 7.602E-07  4.88935916053954E-08
 7.705E-07  5.02231323881341E-08
 7.811E-07  5.15888264650059E-08
 7.917E-07  5.29916569157867E-08
 8.025E-07  5.44326335516459E-08
 8.135E-07  5.59127936419911E-08
 8.246E-07  5.74332026610770E-08
 8.358E-07  5.89949550549083E-08
 8.473E-07  6.05991750290081E-08
 8.588E-07  6.22470173575940E-08
 8.705E-07  6.39396682147465E-08
 8.824E-07  6.56783460282091E-08
 8.945E-07  6.74643023563671E-08
 9.067E-07  6.92988227890804E-08
 9.191E-07  7.11832278730271E-08
 9.316E-07  7.31188740621825E-08
 9.443E-07  7.51071546941603E-08
 9.572E-07  7.71495009930796E-08
 9.703E-07  7.92473830997087E-08
 9.835E-07  8.14023111296404E-08
 9.970E-07  8.36158362601901E-08
 1.011E-06  8.58895518468744E-08
 1.024E-06  8.82250945702649E-08
 1.038E-06  9.06241456139627E-08
 1.053E-06  9.30884318746703E-08
 1.067E-06  9.56197272051258E-08
 1.081E-06  9.82198536908139E-08
 1.096E-06  1.00890682961438E-07
 1.111E-06  1.03634137538009E-07
 1.126E-06  1.06452192216569E-07
 1.142E-06  1.09346875489553E-07
 1.157E-06  1.12320271005769E-07
 1.173E-06  1.15374519070083E-07
 1.189E-06  1.18511818183883E-07
 1.205E-06  1.21734426627431E-07
 1.222E-06  1.25044664085204E-07
 1.239E-06  1.28444913315464E-07
 1.255E-06  1.31937621865194E-07
 1.273E-06  1.35525303831673E-07
 1.290E-06  1.39210541671931E-07
 1.308E-06  1.42995988061394E-07
 1.325E-06  1.46884367803119E-07
 1.344E-06  1.50878479788840E-07
 1.362E-06  1.54981199013389E-07
 1.380E-06  1.59195478643907E-07
 1.399E-06  1.63524352145236E-07
 1.418E-06  1.67970935463160E-07
 1.438E-06  1.72538429266978E-07
 1.457E-06  1.77230121253027E-07
 1.477E-06  1.82049388510879E-07
 1.497E-06  1.86999699953814E-07
 1.518E-06  1.92084618815390E-07
 1.539E-06  1.97307805213926E-07
 1.560E-06  2.02673018786620E-07
 1.581E-06  2.08184121395351E-07
 1.603E-06  2.13845079906019E-07
 1.624E-06  2.19659969043446E-07
 1.647E-06  2.25632974323863E-07
 1.669E-06  2.31768395067182E-07
 1.692E-06  2.38070647491104E-07
 1.715E-06  2.44544267889358E-07
 1.738E-06  2.51193915896342E-07
 1.762E-06  2.58024377840528E-07
 1.786E-06  2.65040570189059E-07
 1.811E-06  2.72247543085877E-07
 1.835E-06  2.79650483986161E-07
 1.860E-06  2.87254721389532E-07
 1.886E-06  2.95065728674686E-07
 1.911E-06  3.03089128038377E-07
 1.938E-06  3.11330694541368E-07
 1.964E-06  3.19796360264461E-07
 1.991E-06  3.28492218577469E-07
 2.018E-06  3.37424528524212E-07
 2.046E-06  3.46599719326783E-07
 2.073E-06  3.56024395012220E-07
 2.102E-06  3.65705339164936E-07
 2.130E-06  3.75649519808356E-07
 2.160E-06  3.85864094419261E-07
 2.189E-06  3.96356415078461E-07
 2.219E-06  4.07134033761430E-07
 2.249E-06  4.18204707772822E-07
 2.280E-06  4.29576405328659E-07
 2.311E-06  4.41257311290290E-07
 2.343E-06  4.53255833054224E-07
 2.375E-06  4.65580606602033E-07
 2.407E-06  4.78240502714797E-07
 2.440E-06  4.91244633356340E-07
 2.473E-06  5.04602358230115E-07
 2.507E-06  5.18323291514217E-07
 2.541E-06  5.32417308779484E-07
 2.576E-06  5.46894554095789E-07
 2.611E-06  5.61765447331271E-07
 2.647E-06  5.77040691650161E-07
 2.683E-06  5.92731281214319E-07
 2.719E-06  6.08848509094048E-07
 2.757E-06  6.25403975394161E-07
 2.794E-06  6.42409595600734E-07
 2.832E-06  6.59877609154736E-07
 2.871E-06  6.77820588258797E-07
 2.910E-06  6.96251446923273E-07
 2.950E-06  7.15183450258269E-07
 2.990E-06  7.34630224018133E-07
 3.031E-06  7.54605764405410E-07
 3.072E-06  7.75124448141337E-07
 3.114E-06  7.96201042809916E-07
 3.157E-06  8.17850717483292E-07
 3.200E-06  8.40089053635803E-07
 3.244E-06  8.62932056354702E-07
 3.288E-06  8.86396165855648E-07
 3.333E-06  9.10498269311069E-07
 3.378E-06  9.35255713000133E-07
 3.424E-06  9.60686314788807E-07
 3.471E-06  9.86808376949127E-07
 3.519E-06  1.01364069932704E-06
 3.567E-06  1.04120259286798E-06
 3.615E-06  1.06951389350988E-06
 3.665E-06  1.09859497645423E-06
 3.715E-06  1.12846677082460E-06
 3.765E-06  1.15915077472347E-06
 3.817E-06  1.19066907069868E-06
 3.869E-06  1.22304434162993E-06
 3.922E-06  1.25629988704703E-06
 3.975E-06  1.29045963989158E-06
 4.030E-06  1.32554818373439E-06
 4.085E-06  1.36159077046055E-06
 4.140E-06  1.39861333843529E-06
 4.197E-06  1.43664253116342E-06
 4.254E-06  1.47570571645593E-06
 4.312E-06  1.51583100611727E-06
 4.371E-06  1.55704727616763E-06
 4.431E-06  1.59938418761516E-06
 4.491E-06  1.64287220779211E-06
 4.553E-06  1.68754263227130E-06
 4.615E-06  1.73342760737746E-06
 4.678E-06  1.78056015331094E-06
 4.742E-06  1.82897418789952E-06
 4.806E-06  1.87870455099544E-06
 4.872E-06  1.92978702953583E-06
 4.938E-06  1.98225838328353E-06
 5.006E-06  2.03615637126775E-06
 5.074E-06  2.09151977894315E-06
 5.144E-06  2.14838844608655E-06
 5.214E-06  2.20680329545197E-06
 5.285E-06  2.26680636220432E-06
 5.357E-06  2.32844082415236E-06
 5.430E-06  2.39175103280349E-06
 5.504E-06  2.45678254526253E-06
 5.579E-06  2.52358215699630E-06
 5.656E-06  2.59219793548933E-06
 5.733E-06  2.66267925481369E-06
 5.811E-06  2.73507683113780E-06
 5.890E-06  2.80944275920012E-06
 5.971E-06  2.88583054977359E-06
 6.052E-06  2.96429516814870E-06
 6.135E-06  3.04489307366067E-06
 6.219E-06  3.12768226029197E-06
 6.304E-06  3.21272229837633E-06
 6.390E-06  3.30007437743709E-06
 6.477E-06  3.38980135018920E-06
 6.565E-06  3.48196777773462E-06
 6.655E-06  3.57663997598849E-06
 6.746E-06  3.67388606336413E-06
 6.838E-06  3.77377600975420E-06
 6.931E-06  3.87638168684291E-06
 7.026E-06  3.98177691978391E-06
 7.122E-06  4.09003754028226E-06
 7.219E-06  4.20124144111886E-06
 7.318E-06  4.31546863215542E-06
 7.418E-06  4.43280129786056E-06
 7.519E-06  4.55332385639819E-06
 7.622E-06  4.67712302032167E-06
 7.726E-06  4.80428785891651E-06
 7.831E-06  4.93490986223431E-06
 7.938E-06  5.06908300686847E-06
 8.046E-06  5.20690382351518E-06
 8.156E-06  5.34847146636930E-06
 8.268E-06  5.49388778440488E-06
 8.380E-06  5.64325739459140E-06
 8.495E-06  5.79668775709919E-06
 8.611E-06  5.95428925254682E-06
 8.728E-06  6.11617526134542E-06
 8.848E-06  6.28246224519921E-06
 8.968E-06  6.45326983081849E-06
 9.091E-06  6.62872089590505E-06
 9.215E-06  6.80894165747393E-06
 9.341E-06  6.99406176257325E-06
 9.468E-06  7.18421438146650E-06
 9.597E-06  7.37953630334585E-06
 9.729E-06  7.58016803464351E-06
 9.861E-06  7.78625390001403E-06
 9.996E-06  7.99794214605667E-06
 1.013E-05  8.21538504785493E-06
 1.027E-05  8.43873901840856E-06
 1.041E-05  8.66816472103589E-06
 1.055E-05  8.90382718482907E-06
 1.070E-05  9.14589592324291E-06
 1.084E-05  9.39454505590364E-06
 1.099E-05  9.64995343372359E-06
 1.114E-05  9.91230476741289E-06
 1.129E-05  1.01817877594803E-05
 1.145E-05  1.04585962398172E-05
 1.160E-05  1.07429293049601E-05
 1.176E-05  1.10349914611365E-05
 1.192E-05  1.13349927711905E-05
 1.209E-05  1.16431490054985E-05
 1.225E-05  1.19596817969803E-05
 1.242E-05  1.22848188003168E-05
 1.259E-05  1.26187938554904E-05
 1.276E-05  1.29618471557624E-05
 1.293E-05  1.33142254202105E-05
 1.311E-05  1.36761820709485E-05
 1.329E-05  1.40479774151537E-05
 1.347E-05  1.44298788320372E-05
 1.365E-05  1.48221609648849E-05
 1.384E-05  1.52251059183095E-05
 1.403E-05  1.56390034608596E-05
 1.422E-05  1.60641512331210E-05
 1.442E-05  1.65008549614648E-05
 1.461E-05  1.69494286775997E-05
 1.481E-05  1.74101949440763E-05
 1.501E-05  1.78834850859116E-05
 1.522E-05  1.83696394284978E-05
 1.543E-05  1.88690075419632E-05
 1.564E-05  1.93819484921656E-05
 1.585E-05  1.99088310984892E-05
 1.607E-05  2.04500341986405E-05
 1.629E-05  2.10059469206255E-05
 1.651E-05  2.15769689620986E-05
 1.673E-05  2.21635108772960E-05
 1.696E-05  2.27659943717497E-05
 1.719E-05  2.33848526049861E-05
 1.743E-05  2.40205305014487E-05
 1.767E-05  2.46734850698431E-05
 1.791E-05  2.53441857311411E-05
 1.815E-05  2.60331146554884E-05
 1.840E-05  2.67407671082390E-05
 1.865E-05  2.74676518053752E-05
 1.891E-05  2.82142912785677E-05
 1.916E-05  2.89812222501331E-05
 1.943E-05  2.97689960181494E-05
 1.969E-05  3.05781788520276E-05
 1.996E-05  3.14093523987918E-05
 2.023E-05  3.22631141003842E-05
 2.051E-05  3.31400776222771E-05
 2.079E-05  3.40408732937016E-05
 2.107E-05  3.49661485598163E-05
 2.136E-05  3.59165684461240E-05
 2.165E-05  3.68928160354795E-05
 2.195E-05  3.78955929580244E-05
 2.225E-05  3.89256198943973E-05
 2.255E-05  3.99836370925866E-05
 2.286E-05  4.10704048987843E-05
 2.317E-05  4.21867043026219E-05
 2.349E-05  4.33333374971888E-05
 2.381E-05  4.45111284542101E-05
 2.413E-05  4.57209235148250E-05
 2.446E-05  4.69635919963528E-05
 2.480E-05  4.82400268155075E-05
 2.514E-05  4.95511451284965E-05
 2.548E-05  5.08978889884442E-05
 2.583E-05  5.22812260206330E-05
 2.618E-05  5.37021501160313E-05
 2.654E-05  5.51616821436078E-05
 2.690E-05  5.66608706819265E-05
 2.727E-05  5.82007927705558E-05
 2.764E-05  5.97825546818349E-05
 2.802E-05  6.14072927135247E-05
 2.840E-05  6.30761740029235E-05
 2.879E-05  6.47903973630284E-05
 2.918E-05  6.65511941413213E-05
 2.958E-05  6.83598291018189E-05
 2.998E-05  7.02176013309883E-05
 3.039E-05  7.21258451681750E-05
 3.080E-05  7.40859311612338E-05
 3.123E-05  7.60992670480048E-05
 3.165E-05  7.81672987643577E-05
 3.208E-05  8.02915114795031E-05
 3.252E-05  8.24734306593350E-05
 3.297E-05  8.47146231585353E-05
 3.342E-05  8.70166983422083E-05
 3.387E-05  8.93813092378791E-05
 3.433E-05  9.18101537186542E-05
 3.480E-05  9.43049757183639E-05
 3.528E-05  9.68675664795909E-05
 3.576E-05  9.94997658354449E-05
 3.625E-05  1.02203463525983E-04
 3.674E-05  1.04980600550259E-04
 3.724E-05  1.07833170554908E-04
 3.775E-05  1.10763221260259E-04
 3.827E-05  1.13772855925042E-04
 3.879E-05  1.16864234850654E-04
 3.932E-05  1.20039576926084E-04
 3.986E-05  1.23301161214631E-04
 4.040E-05  1.26651328583449E-04
 4.095E-05  1.30092483377166E-04
 4.151E-05  1.33627095136717E-04
 4.208E-05  1.37257700364603E-04
 4.265E-05  1.40986904337849E-04
 4.324E-05  1.44817382969940E-04
 4.383E-05  1.48751884723052E-04
 4.442E-05  1.52793232571895E-04
 4.503E-05  1.56944326020635E-04
 4.565E-05  1.61208143174269E-04
 4.627E-05  1.65587742865888E-04
 4.690E-05  1.70086266841435E-04
 4.754E-05  1.74706942003390E-04
 4.819E-05  1.79453082715041E-04
 4.885E-05  1.84328093166944E-04
 4.951E-05  1.89335469807233E-04
 5.019E-05  1.94478803837537E-04
 5.088E-05  1.99761783776210E-04
 5.157E-05  2.05188198090714E-04
 5.227E-05  2.10761937901049E-04
 5.299E-05  2.16486999756048E-04
 5.371E-05  2.22367488484576E-04
 5.445E-05  2.28407620123639E-04
 5.519E-05  2.34611724925365E-04
 5.594E-05  2.40984250445144E-04
 5.671E-05  2.47529764712969E-04
 5.748E-05  2.54252959490226E-04
 5.826E-05  2.61158653614319E-04
 5.906E-05  2.68251796433386E-04
 5.987E-05  2.75537471333563E-04
 6.068E-05  2.83020899361252E-04
 6.151E-05  2.90707442942990E-04
 6.235E-05  2.98602609705531E-04
 6.320E-05  3.06712056398713E-04
 6.407E-05  3.15041592923995E-04
 6.494E-05  3.23597186471516E-04
 6.583E-05  3.32384965768431E-04
 6.673E-05  3.41411225441578E-04
 6.764E-05  3.50682430497624E-04
 6.856E-05  3.60205220923728E-04
 6.950E-05  3.69986416411930E-04
 7.045E-05  3.80033021210665E-04
 7.141E-05  3.90352229106779E-04
 7.238E-05  4.00951428541440E-04
 7.337E-05  4.11838207863670E-04
 7.437E-05  4.23020360725079E-04
 7.539E-05  4.34505891619574E-04
 7.642E-05  4.46303021571940E-04
 7.746E-05  4.58420193979366E-04
 7.852E-05  4.70866080609781E-04
 7.959E-05  4.83649587761325E-04
 8.068E-05  4.96779862587319E-04
 8.178E-05  5.10266299590987E-04
 8.289E-05  5.24118547294554E-04
 8.403E-05  5.38346515087351E-04
 8.517E-05  5.52960380257780E-04
 8.634E-05  5.67970595213801E-04
 8.751E-05  5.83387894897252E-04
 8.871E-05  5.99223304396995E-04
 8.992E-05  6.15488146766215E-04
 9.115E-05  6.32194051049302E-04
 9.239E-05  6.49352960523879E-04
 9.365E-05  6.66977141163836E-04
 9.493E-05  6.85079190328994E-04
 9.623E-05  7.03672045687672E-04
 9.754E-05  7.22768994378128E-04
 9.887E-05  7.42383682415406E-04
 1.002E-04  7.62530124350071E-04
 1.016E-04  7.83222713185372E-04
 1.030E-04  8.04476230559855E-04
 1.044E-04  8.26305857202455E-04
 1.058E-04  8.48727183667137E-04
 1.073E-04  8.71756221354774E-04
 1.087E-04  8.95409413829577E-04
 1.102E-04  9.19703648437979E-04
 1.117E-04  9.44656268238320E-04
 1.132E-04  9.70285084248894E-04
 1.148E-04  9.96608388023232E-04
 1.163E-04  1.02364496456154E-03
 1.179E-04  1.05141410556636E-03
 1.195E-04  1.07993562305228E-03
 1.212E-04  1.10922986331886E-03
 1.228E-04  1.13931772129609E-03
 1.245E-04  1.17022065527262E-03
 1.262E-04  1.20196070201664E-03
 1.279E-04  1.23456049229974E-03
 1.297E-04  1.26804326683444E-03
 1.314E-04  1.30243289263635E-03
 1.332E-04  1.33775387982213E-03
 1.351E-04  1.37403139885450E-03
 1.369E-04  1.41129129824635E-03
 1.388E-04  1.44956012273610E-03
 1.407E-04  1.48886513194614E-03
 1.426E-04  1.52923431953779E-03
 1.445E-04  1.57069643287527E-03
 1.465E-04  1.61328099321234E-03
 1.485E-04  1.65701831641513E-03
 1.505E-04  1.70193953423540E-03
 1.526E-04  1.74807661614860E-03
 1.547E-04  1.79546239177134E-03
 1.568E-04  1.84413057387379E-03
 1.589E-04  1.89411578200245E-03
 1.611E-04  1.94545356672889E-03
 1.633E-04  1.99818043454146E-03
 1.655E-04  2.05233387339653E-03
 1.678E-04  2.10795237894601E-03
 1.701E-04  2.16507548145932E-03
 1.724E-04  2.22374377345823E-03
 1.748E-04  2.28399893808229E-03
 1.771E-04  2.34588377820416E-03
 1.796E-04  2.40944224631511E-03
 1.820E-04  2.47471947519962E-03
 1.845E-04  2.54176180942050E-03
 1.870E-04  2.61061683763494E-03
 1.896E-04  2.68133342576329E-03
 1.922E-04  2.75396175103317E-03
 1.948E-04  2.82855333692057E-03
 1.974E-04  2.90516108901239E-03
 2.001E-04  2.98383933181333E-03
 2.029E-04  3.06464384652192E-03
 2.056E-04  3.14763190980126E-03
 2.084E-04  3.23286233356877E-03
 2.113E-04  3.32039550583310E-03
 2.142E-04  3.41029343260364E-03
 2.171E-04  3.50261978090115E-03
 2.201E-04  3.59743992289797E-03
 2.231E-04  3.69482098121569E-03
 2.261E-04  3.79483187541202E-03
 2.292E-04  3.89754336968570E-03
 2.323E-04  4.00302812183102E-03
 2.355E-04  4.11136073347506E-03
 2.387E-04  4.22261780162977E-03
 2.420E-04  4.33687797159181E-03
 2.453E-04  4.45422199122614E-03
 2.486E-04  4.57473276666795E-03
 2.520E-04  4.69849541947867E-03
 2.555E-04  4.82559734529450E-03
 2.589E-04  4.95612827400451E-03
 2.625E-04  5.09018033149636E-03
 2.661E-04  5.22784810301253E-03
 2.697E-04  5.36922869815468E-03
 2.734E-04  5.51442181757946E-03
 2.771E-04  5.66352982142985E-03
 2.809E-04  5.81665779954291E-03
 2.847E-04  5.97391364348251E-03
 2.886E-04  6.13540812044002E-03
 2.926E-04  6.30125494905230E-03
 2.965E-04  6.47157087718487E-03
 3.006E-04  6.64647576172831E-03
 3.047E-04  6.82609265046085E-03
 3.089E-04  7.01054786602754E-03
 3.131E-04  7.19997109208961E-03
 3.174E-04  7.39449546169866E-03
 3.217E-04  7.59425764795032E-03
 3.261E-04  7.79939795697609E-03
 3.305E-04  8.01006042333141E-03
 3.350E-04  8.22639290783749E-03
 3.396E-04  8.44854719794119E-03
 3.442E-04  8.67667911065362E-03
 3.489E-04  8.91094859813203E-03
 3.537E-04  9.15151985597208E-03
 3.585E-04  9.39856143427355E-03
 3.634E-04  9.65224635155288E-03
 3.684E-04  9.91275221157089E-03
 3.734E-04  1.01802613231451E-02
 3.785E-04  1.04549608230261E-02
 3.837E-04  1.07370428019058E-02
 3.889E-04  1.10267044336420E-02
 3.942E-04  1.13241481077719E-02
 3.996E-04  1.16295815653990E-02
 4.051E-04  1.19432180385339E-02
 4.106E-04  1.22652763929735E-02
 4.162E-04  1.25959812748065E-02
 4.219E-04  1.29355632606295E-02
 4.277E-04  1.32842590115680E-02
 4.335E-04  1.36423114311918E-02
 4.394E-04  1.40099698274190E-02
 4.454E-04  1.43874900785065E-02
 4.515E-04  1.47751348032236E-02
 4.577E-04  1.51731735353097E-02
 4.639E-04  1.55818829023208E-02
 4.702E-04  1.60015468089642E-02
 4.767E-04  1.64324566250369E-02
 4.832E-04  1.68749113780710E-02
 4.898E-04  1.73292179507976E-02
 4.965E-04  1.77956912835501E-02
 5.032E-04  1.82746545817176E-02
 5.101E-04  1.87664395283681E-02
 5.171E-04  1.92713865021663E-02
 5.241E-04  1.97898448007100E-02
 5.313E-04  2.03221728694089E-02
 5.385E-04  2.08687385360388E-02
 5.459E-04  2.14299192511018E-02
 5.533E-04  2.20061023341277E-02
 5.609E-04  2.25976852260567E-02
 5.686E-04  2.32050757478406E-02
 5.763E-04  2.38286923654075E-02
 5.842E-04  2.44689644611371E-02
 5.922E-04  2.51263326119959E-02
 6.002E-04  2.58012488744839E-02
 6.084E-04  2.64941770765466E-02
 6.167E-04  2.72055931166163E-02
 6.252E-04  2.79359852699362E-02
 6.337E-04  2.86858545023378E-02
 6.423E-04  2.94557147916394E-02
 6.511E-04  3.02460934568326E-02
 6.600E-04  3.10575314952323E-02
 6.690E-04  3.18905839277716E-02
 6.782E-04  3.27458201526192E-02
 6.874E-04  3.36238243073003E-02
 6.968E-04  3.45251956395141E-02
 7.063E-04  3.54505488868380E-02
 7.160E-04  3.64005146655075E-02
 7.257E-04  3.73757398684750E-02
 7.356E-04  3.83768880729497E-02
 7.457E-04  3.94046399576122E-02
 7.559E-04  4.04596937297287E-02
 7.662E-04  4.15427655623670E-02
 7.766E-04  4.26545900419227E-02
 7.872E-04  4.37959206261905E-02
 7.980E-04  4.49675301131903E-02
 8.089E-04  4.61702111209806E-02
 8.199E-04  4.74047765786842E-02
 8.311E-04  4.86720602289614E-02
 8.425E-04  4.99729171421701E-02
 8.540E-04  5.13082242424471E-02
 8.656E-04  5.26788808459573E-02
 8.774E-04  5.40858092115596E-02
 8.894E-04  5.55299551041419E-02
 9.016E-04  5.70122883708697E-02
 9.139E-04  5.85338035306157E-02
 9.264E-04  6.00955203768333E-02
 9.390E-04  6.16984845941264E-02
 9.518E-04  6.33437683887964E-02
 9.648E-04  6.50324711336306E-02
 9.780E-04  6.67657200272100E-02
 9.913E-04  6.85446707680066E-02
 1.005E-03  7.03705082435652E-02
 1.019E-03  7.22444472350414E-02
 1.032E-03  7.41677331373828E-02
 1.047E-03  7.61416426954544E-02
 1.061E-03  7.81674847563841E-02
 1.075E-03  8.02466010384399E-02
 1.090E-03  8.23803669167237E-02
 1.105E-03  8.45701922259874E-02
 1.120E-03  8.68175220808762E-02
 1.135E-03  8.91238377138929E-02
 1.151E-03  9.14906573314025E-02
 1.167E-03  9.39195369879773E-02
 1.182E-03  9.64120714793923E-02
 1.199E-03  9.89698952545854E-02
 1.215E-03  1.01594683346894E-01
 1.232E-03  1.04288152324872E-01
 1.248E-03  1.07052061263020E-01
 1.265E-03  1.09888212732728E-01
 1.283E-03  1.12798453813736E-01
 1.300E-03  1.15784677126462E-01
 1.318E-03  1.18848821885472E-01
 1.336E-03  1.21992874974426E-01
 1.354E-03  1.25218872042816E-01
 1.373E-03  1.28528898624783E-01
 1.391E-03  1.31925091280351E-01
 1.410E-03  1.35409638759369E-01
 1.430E-03  1.38984783188460E-01
 1.449E-03  1.42652821281292E-01
 1.469E-03  1.46416105572456E-01
 1.489E-03  1.50277045675251E-01
 1.509E-03  1.54238109563669E-01
 1.530E-03  1.58301824878842E-01
 1.551E-03  1.62470780260257E-01
 1.572E-03  1.66747626701991E-01
 1.593E-03  1.71135078934240E-01
 1.615E-03  1.75635916830392E-01
 1.637E-03  1.80252986839891E-01
 1.660E-03  1.84989203447153E-01
 1.682E-03  1.89847550656726E-01
 1.705E-03  1.94831083504947E-01
 1.729E-03  1.99942929598281E-01
 1.752E-03  2.05186290678553E-01
 1.776E-03  2.10564444215247E-01
 1.800E-03  2.16080745025039E-01
 1.825E-03  2.21738626918718E-01
 1.850E-03  2.27541604375629E-01
 1.875E-03  2.33493274245769E-01
 1.901E-03  2.39597317479622E-01
 1.927E-03  2.45857500885809E-01
 1.953E-03  2.52277678916649E-01
 1.980E-03  2.58861795481612E-01
 2.007E-03  2.65613885788729E-01
 2.034E-03  2.72538078213938E-01
 2.062E-03  2.79638596198292E-01
 2.090E-03  2.86919760173026E-01
 2.118E-03  2.94385989512336E-01
 2.147E-03  3.02041804513771E-01
 2.177E-03  3.09891828406089E-01
 2.206E-03  3.17940789384359E-01
 2.236E-03  3.26193522672102E-01
 2.267E-03  3.34654972610201E-01
 2.298E-03  3.43330194772276E-01
 2.329E-03  3.52224358106161E-01
 2.361E-03  3.61342747101121E-01
 2.393E-03  3.70690763980352E-01
 2.426E-03  3.80273930918272E-01
 2.459E-03  3.90097892282081E-01
 2.493E-03  4.00168416897006E-01
 2.527E-03  4.10491400334561E-01
 2.561E-03  4.21072867223142E-01
 2.596E-03  4.31918973580182E-01
 2.632E-03  4.43036009165042E-01
 2.668E-03  4.54430399851747E-01
 2.704E-03  4.66108710020603E-01
 2.741E-03  4.78077644967646E-01
 2.778E-03  4.90344053330858E-01
 2.816E-03  5.02914929531895E-01
 2.855E-03  5.15797416232122E-01
 2.894E-03  5.28998806801561E-01
 2.933E-03  5.42526547799324E-01
 2.973E-03  5.56388241464003E-01
 3.014E-03  5.70591648212362E-01
 3.055E-03  5.85144689144648E-01
 3.097E-03  6.00055448554631E-01
 3.139E-03  6.15332176442491E-01
 3.182E-03  6.30983291028460E-01
 3.225E-03  6.47017381265072E-01
 3.269E-03  6.63443209345763E-01
 3.314E-03  6.80269713207353E-01
 3.359E-03  6.97506009023921E-01
 3.405E-03  7.15161393689409E-01
 3.452E-03  7.33245347286120E-01
 3.499E-03  7.51767535536185E-01
 3.546E-03  7.70737812232899E-01
 3.595E-03  7.90166221648676E-01
 3.644E-03  8.10063000916244E-01
 3.694E-03  8.30438582379481E-01
 3.744E-03  8.51303595910208E-01
 3.795E-03  8.72668871187006E-01
 3.847E-03  8.94545439931952E-01
 3.900E-03  9.16944538101103E-01
 3.953E-03  9.39877608024207E-01
 4.007E-03  9.63356300488973E-01
 4.061E-03  9.87392476765178E-01
 4.117E-03  1.01199821056342E+00
 4.173E-03  1.03718578992334E+00
 4.230E-03  1.06296771902590E+00
 4.288E-03  1.08935671992385E+00
 4.346E-03  1.11636573418461E+00
 4.406E-03  1.14400792443941E+00
 4.466E-03  1.17229667583214E+00
 4.527E-03  1.20124559736154E+00
 4.589E-03  1.23086852310950E+00
 4.651E-03  1.26117951334863E+00
 4.715E-03  1.29219285552160E+00
 4.779E-03  1.32392306508436E+00
 4.844E-03  1.35638488620569E+00
 4.911E-03  1.38959329231451E+00
 4.978E-03  1.42356348648661E+00
 5.046E-03  1.45831090166195E+00
 5.114E-03  1.49385120068348E+00
 5.184E-03  1.53020027614799E+00
 5.255E-03  1.56737425005947E+00
 5.327E-03  1.60538947327478E+00
 5.400E-03  1.64426252473139E+00
 5.473E-03  1.68401021044674E+00
 5.548E-03  1.72464956227791E+00
 5.624E-03  1.76619783643062E+00
 5.700E-03  1.80867251170593E+00
 5.778E-03  1.85209128747253E+00
 5.857E-03  1.89647208135259E+00
 5.937E-03  1.94183302660844E+00
 6.018E-03  1.98819246921719E+00
 6.100E-03  2.03556896462012E+00
 6.184E-03  2.08398127413308E+00
 6.268E-03  2.13344836100419E+00
 6.354E-03  2.18398938610435E+00
 6.440E-03  2.23562370323624E+00
 6.528E-03  2.28837085404670E+00
 6.617E-03  2.34225056252734E+00
 6.708E-03  2.39728272908776E+00
 6.799E-03  2.45348742418570E+00
 6.892E-03  2.51088488149770E+00
 6.986E-03  2.56949549061394E+00
 7.082E-03  2.62933978924054E+00
 7.178E-03  2.69043845489212E+00
 7.276E-03  2.75281229605746E+00
 7.376E-03  2.81648224282055E+00
 7.476E-03  2.88146933691940E+00
 7.578E-03  2.94779472122429E+00
 7.682E-03  3.01547962861745E+00
 7.787E-03  3.08454537025561E+00
 7.893E-03  3.15501332319669E+00
 8.001E-03  3.22690491737210E+00
 8.110E-03  3.30024162188541E+00
 8.221E-03  3.37504493061864E+00
 8.333E-03  3.45133634712689E+00
 8.447E-03  3.52913736880228E+00
 8.562E-03  3.60846947028794E+00
 8.679E-03  3.68935408612296E+00
 8.798E-03  3.77181259259919E+00
 8.918E-03  3.85586628881085E+00
 9.039E-03  3.94153637687814E+00
 9.163E-03  4.02884394132611E+00
 9.288E-03  4.11780992760030E+00
 9.415E-03  4.20845511970103E+00
 9.543E-03  4.30080011691836E+00
 9.674E-03  4.39486530965034E+00
 9.806E-03  4.49067085428734E+00
 9.940E-03  4.58823664714610E+00
 1.008E-02  4.68758229743733E+00
 1.021E-02  4.78872709925158E+00
 1.035E-02  4.89169000254876E+00
 1.049E-02  4.99648958313737E+00
 1.064E-02  5.10314401163044E+00
 1.078E-02  5.21167102136611E+00
 1.093E-02  5.32208787528187E+00
 1.108E-02  5.43441133173228E+00
 1.123E-02  5.54865760924188E+00
 1.138E-02  5.66484235018541E+00
 1.154E-02  5.78298058338962E+00
 1.170E-02  5.90308668565213E+00
 1.186E-02  6.02517434217433E+00
 1.202E-02  6.14925650590743E+00
 1.218E-02  6.27534535581218E+00
 1.235E-02  6.40345225403493E+00
 1.252E-02  6.53358770200512E+00
 1.269E-02  6.66576129546078E+00
 1.286E-02  6.79998167841188E+00
 1.304E-02  6.93625649605300E+00
 1.321E-02  7.07459234664018E+00
 1.339E-02  7.21499473234901E+00
 1.358E-02  7.35746800913437E+00
 1.376E-02  7.50201533561493E+00
 1.395E-02  7.64863862100918E+00
 1.414E-02  7.79733847215270E+00
 1.433E-02  7.94811413963029E+00
 1.453E-02  8.10096346306010E+00
 1.473E-02  8.25588281557074E+00
 1.493E-02  8.41286704751660E+00
 1.513E-02  8.57190942948046E+00
 1.534E-02  8.73300159461725E+00
 1.555E-02  8.89613348039698E+00
 1.576E-02  9.06129326980990E+00
 1.598E-02  9.22846733210138E+00
 1.619E-02  9.39764016310961E+00
 1.642E-02  9.56879432528391E+00
 1.664E-02  9.74191038746702E+00
 1.687E-02  9.91696686453040E+00
 1.710E-02  1.00939401569568E+01
 1.733E-02  1.02728044904710E+01
 1.757E-02  1.04535318558241E+01
 1.781E-02  1.06360919488455E+01
 1.805E-02  1.08204521108792E+01
 1.830E-02  1.10065772697315E+01
 1.855E-02  1.11944298812601E+01
 1.880E-02  1.13839698717441E+01
 1.906E-02  1.15751545811789E+01
 1.932E-02  1.17679387076483E+01
 1.958E-02  1.19622742529314E+01
 1.985E-02  1.21581104695113E+01
 2.012E-02  1.23553938091562E+01
 2.039E-02  1.25540678732539E+01
 2.067E-02  1.27540733650845E+01
 2.095E-02  1.29553480442261E+01
 2.124E-02  1.31578266832924E+01
 2.153E-02  1.33614410272103E+01
 2.182E-02  1.35661197552504E+01
 2.212E-02  1.37717884460318E+01
 2.242E-02  1.39783695457274E+01
 2.273E-02  1.41857823397041E+01
 2.304E-02  1.43939429278357E+01
 2.335E-02  1.46027642037360E+01
 2.367E-02  1.48121558381615E+01
 2.400E-02  1.50220242668407E+01
 2.432E-02  1.52322726829914E+01
 2.466E-02  1.54428010347917E+01
 2.499E-02  1.56535060280753E+01
 2.533E-02  1.58642811345238E+01
 2.568E-02  1.60750166056343E+01
 2.603E-02  1.62855994927410E+01
 2.639E-02  1.64959136733724E+01
 2.675E-02  1.67058398842270E+01
 2.711E-02  1.69152557610521E+01
 2.748E-02  1.71240358857064E+01
 2.786E-02  1.73320518406917E+01
 2.824E-02  1.75391722714326E+01
 2.862E-02  1.77452629565814E+01
 2.901E-02  1.79501868866237E+01
 2.941E-02  1.81538043510522E+01
 2.981E-02  1.83559730343731E+01
 3.022E-02  1.85565481211999E+01
 3.063E-02  1.87553824106833E+01
 3.105E-02  1.89523264405148E+01
 3.147E-02  1.91472286207306E+01
 3.190E-02  1.93399353775323E+01
 3.234E-02  1.95302913073231E+01
 3.278E-02  1.97181393411472E+01
 3.323E-02  1.99033209197001E+01
 3.368E-02  2.00856761790603E+01
 3.414E-02  2.02650441472737E+01
 3.461E-02  2.04412629518979E+01
 3.508E-02  2.06141700385923E+01
 3.556E-02  2.07836024008134E+01
 3.604E-02  2.09493968206480E+01
 3.654E-02  2.11113901207880E+01
 3.703E-02  2.12694194276195E+01
 3.754E-02  2.14233224453664E+01
 3.805E-02  2.15729377411956E+01
 3.857E-02  2.17181050411507E+01
 3.910E-02  2.18586655367470E+01
 3.963E-02  2.19944622020191E+01
 4.017E-02  2.21253401207685E+01
 4.072E-02  2.22511468237178E+01
 4.128E-02  2.23717326352304E+01
 4.184E-02  2.24869510292090E+01
 4.241E-02  2.25966589937358E+01
 4.299E-02  2.27007174039676E+01
 4.358E-02  2.27989914027478E+01
 4.417E-02  2.28913507883424E+01
 4.478E-02  2.29776704086541E+01
 4.539E-02  2.30578305612115E+01
 4.601E-02  2.31317173981750E+01
 4.664E-02  2.31992233355430E+01
 4.727E-02  2.32602474656829E+01
 4.792E-02  2.33146959722542E+01
 4.857E-02  2.33624825465315E+01
 4.924E-02  2.34035288040755E+01
 4.991E-02  2.34377647006420E+01
 5.059E-02  2.34651289461607E+01
 5.128E-02  2.34855694155571E+01
 5.198E-02  2.34990435551347E+01
 5.269E-02  2.35055187831787E+01
 5.341E-02  2.35049728833893E+01
 5.414E-02  2.34973943896998E+01
 5.488E-02  2.34827829609851E+01
 5.563E-02  2.34611497441205E+01
 5.639E-02  2.34325177238034E+01
 5.716E-02  2.33969220575133E+01
 5.794E-02  2.33544103939456E+01
 5.873E-02  2.33050431732230E+01
 5.953E-02  2.32488939071595E+01
 6.034E-02  2.31860494378278E+01
 6.116E-02  2.31166101726643E+01
 6.200E-02  2.30406902943306E+01
 6.285E-02  2.29584179435474E+01
 6.370E-02  2.28699353731137E+01
 6.457E-02  2.27753990713337E+01
 6.546E-02  2.26749798530863E+01
 6.635E-02  2.25688629167962E+01
 6.725E-02  2.24572478655946E+01
 6.817E-02  2.23403486909957E+01
 6.910E-02  2.22183937174656E+01
 7.005E-02  2.20916255063121E+01
 7.100E-02  2.19603007173949E+01
 7.197E-02  2.18246899272270E+01
 7.296E-02  2.16850774021260E+01
 7.395E-02  2.15417608251687E+01
 7.496E-02  2.13950509758075E+01
 7.598E-02  2.12452713611226E+01
 7.702E-02  2.10927577978115E+01
 7.807E-02  2.09378579441508E+01
 7.914E-02  2.07809307813149E+01
 8.022E-02  2.06223460435892E+01
 8.132E-02  2.04624835971844E+01
 8.243E-02  2.03017327675335E+01
 8.355E-02  2.01404916151366E+01
 8.469E-02  1.99791661602160E+01
 8.585E-02  1.98181695566439E+01
 8.702E-02  1.96579212158156E+01
 8.821E-02  1.94988458813609E+01
 8.941E-02  1.93413726558084E+01
 9.063E-02  1.91859339805495E+01
 9.187E-02  1.90329645706834E+01
 9.312E-02  1.88829003065635E+01
 9.440E-02  1.87361770841105E+01
 9.568E-02  1.85932296262006E+01
 9.699E-02  1.84544902576843E+01
 9.831E-02  1.83203876468385E+01
 9.966E-02  1.81913455162972E+01
 1.010E-01  1.80677813267535E+01
 1.024E-01  1.79501049369600E+01
 1.038E-01  1.78387172437919E+01
 1.052E-01  1.77340088063652E+01
 1.066E-01  1.76363584584210E+01
 1.081E-01  1.75461319134010E+01
 1.096E-01  1.74636803668369E+01
 1.111E-01  1.73893391008704E+01
 1.126E-01  1.73234260958929E+01
 1.141E-01  1.72662406544569E+01
 1.157E-01  1.72180620427588E+01
 1.173E-01  1.71791481551212E+01
 1.189E-01  1.71497342070108E+01
 1.205E-01  1.71300314622239E+01
 1.221E-01  1.71202259999394E+01
 1.238E-01  1.71204775273867E+01
 1.255E-01  1.71309182439043E+01
 1.272E-01  1.71516517621662E+01
 1.289E-01  1.71827520923284E+01
 1.307E-01  1.72242626948015E+01
 1.325E-01  1.72761956072800E+01
 1.343E-01  1.73385306515556E+01
 1.361E-01  1.74112147255143E+01
 1.380E-01  1.74941611855577E+01
 1.399E-01  1.75872493245040E+01
 1.418E-01  1.76903239498091E+01
 1.437E-01  1.78031950667051E+01
 1.457E-01  1.79256376705806E+01
 1.477E-01  1.80573916526299E+01
 1.497E-01  1.81981618224648E+01
 1.517E-01  1.83476180510324E+01
 1.538E-01  1.85053955367954E+01
 1.559E-01  1.86710951977246E+01
 1.580E-01  1.88442841912204E+01
 1.602E-01  1.90244965636216E+01
 1.624E-01  1.92112340304804E+01
 1.646E-01  1.94039668882843E+01
 1.668E-01  1.96021350577842E+01
 1.691E-01  1.98051492585543E+01
 1.714E-01  2.00123923138553E+01
 1.738E-01  2.02232205843131E+01
 1.761E-01  2.04369655283468E+01
 1.785E-01  2.06529353867021E+01
 1.810E-01  2.08704169878543E+01
 1.834E-01  2.10886776704620E+01
 1.860E-01  2.13069673184563E+01
 1.885E-01  2.15245205037706E+01
 1.911E-01  2.17405587311304E+01
 1.937E-01  2.19542927787574E+01
 1.963E-01  2.21649251282772E+01
 1.990E-01  2.23716524765806E+01
 2.017E-01  2.25736683218602E+01
 2.045E-01  2.27701656155379E+01
 2.073E-01  2.29603394713194E+01
 2.101E-01  2.31433899221549E+01
 2.130E-01  2.33185247154581E+01
 2.159E-01  2.34849621365437E+01
 2.188E-01  2.36419338498797E+01
 2.218E-01  2.37886877474302E+01
 2.248E-01  2.39244907930753E+01
 2.279E-01  2.40486318518536E+01
 2.310E-01  2.41604244925673E+01
 2.342E-01  2.42592097521358E+01
 2.374E-01  2.43443588499667E+01
 2.406E-01  2.44152758405550E+01
 2.439E-01  2.44714001924987E+01
 2.472E-01  2.45122092821570E+01
 2.506E-01  2.45372207902599E+01
 2.540E-01  2.45459949899107E+01
 2.575E-01  2.45381369146152E+01
 2.610E-01  2.45132983952039E+01
 2.646E-01  2.44711799548095E+01
 2.682E-01  2.44115325514030E+01
 2.718E-01  2.43341591577895E+01
 2.755E-01  2.42389161694097E+01
 2.793E-01  2.41257146307966E+01
 2.831E-01  2.39945212720838E+01
 2.870E-01  2.38453593475653E+01
 2.909E-01  2.36783092689546E+01
 2.949E-01  2.34935090266940E+01
 2.989E-01  2.32911543934060E+01
 3.030E-01  2.30714989043756E+01
 3.071E-01  2.28348536107862E+01
 3.113E-01  2.25815866023128E+01
 3.156E-01  2.23121222965970E+01
 3.199E-01  2.20269404940854E+01
 3.242E-01  2.17265751977129E+01
 3.287E-01  2.14116131979364E+01
 3.331E-01  2.10826924246904E+01
 3.377E-01  2.07405000689219E+01
 3.423E-01  2.03857704774726E+01
 3.470E-01  2.00192828262141E+01
 3.517E-01  1.96418585774874E+01
 3.565E-01  1.92543587290597E+01
 3.614E-01  1.88576808629788E+01
 3.663E-01  1.84527560038749E+01
 3.713E-01  1.80405452974209E+01
 3.764E-01  1.76220365208139E+01
 3.815E-01  1.71982404382782E+01
 3.867E-01  1.67701870156908E+01
 3.920E-01  1.63389215095110E+01
 3.974E-01  1.59055004462234E+01
 4.028E-01  1.54709875094855E+01
 4.083E-01  1.50364493530934E+01
 4.139E-01  1.46029513587272E+01
 4.195E-01  1.41715533582123E+01
 4.252E-01  1.37433053407121E+01
 4.311E-01  1.33192431658516E+01
 4.369E-01  1.29003843042419E+01
 4.429E-01  1.24877236272284E+01
 4.489E-01  1.20822292679078E+01
 4.551E-01  1.16848385755427E+01
 4.613E-01  1.12964541854368E+01
 4.676E-01  1.09179402261182E+01
 4.740E-01  1.05501186852942E+01
 4.804E-01  1.01937659554950E+01
 4.870E-01  9.84960957960919E+00
 4.936E-01  9.51832521562156E+00
 5.004E-01  9.20053383880840E+00
 5.072E-01  8.89679919841861E+00
 5.141E-01  8.60762554448222E+00
 5.212E-01  8.33345563885045E+00
 5.283E-01  8.07466906289289E+00
 5.355E-01  7.83158083247552E+00
 5.428E-01  7.60444032893523E+00
 5.502E-01  7.39343055277307E+00
 5.577E-01  7.19866770473417E+00
 5.653E-01  7.02020109685078E+00
 5.731E-01  6.85801339392375E+00
 5.809E-01  6.71202118383180E+00
 5.888E-01  6.58207587301246E+00
 5.969E-01  6.46796490147666E+00
 6.050E-01  6.36941326981949E+00
 6.133E-01  6.28608536888784E+00
 6.216E-01  6.21758710107309E+00
 6.301E-01  6.16346828061771E+00
 6.387E-01  6.12322529886144E+00
 6.474E-01  6.09630403900055E+00
 6.563E-01  6.08210302368857E+00
 6.652E-01  6.07997677765880E+00
 6.743E-01  6.08923938649203E+00
 6.835E-01  6.10916823167775E+00
 6.929E-01  6.13900788122149E+00
 7.023E-01  6.17797411423108E+00
 7.119E-01  6.22525805717367E+00
 7.216E-01  6.28003040883849E+00
 7.315E-01  6.34144573047658E+00
 7.415E-01  6.40864677712945E+00
 7.516E-01  6.48076884581769E+00
 7.618E-01  6.55694411605164E+00
 7.723E-01  6.63630595806414E+00
 7.828E-01  6.71799318426306E+00
 7.935E-01  6.80115421967002E+00
 8.043E-01  6.88495116756100E+00
 8.153E-01  6.96856374715952E+00
 8.264E-01  7.05119308105741E+00
 8.377E-01  7.13206531105062E+00
 8.491E-01  7.21043502227366E+00
 8.607E-01  7.28558845688943E+00
 8.725E-01  7.35684650012915E+00
 8.844E-01  7.42356742316733E+00
 8.965E-01  7.48514936914179E+00
 9.087E-01  7.54103257057023E+00
 9.211E-01  7.59070128845213E+00
 9.337E-01  7.63368546545532E+00
 9.464E-01  7.66956208774769E+00
 9.594E-01  7.69795625222162E+00
 9.725E-01  7.71854193804881E+00
 9.857E-01  7.73104248367173E+00
 9.992E-01  7.73523077246195E+00
 1.013E+00  7.73092913233367E+00
 1.027E+00  7.71800895657134E+00
 1.041E+00  7.69639005499459E+00
 1.055E+00  7.66603974632509E+00
 1.069E+00  7.62697170422273E+00
 1.084E+00  7.57924457091010E+00
 1.099E+00  7.52296035359477E+00
 1.114E+00  7.45826262002009E+00
 1.129E+00  7.38533451042147E+00
 1.144E+00  7.30439658393435E+00
 1.160E+00  7.21570451809072E+00
 1.176E+00  7.11954668045570E+00
 1.192E+00  7.01624159169763E+00
 1.208E+00  6.90613529946019E+00
 1.225E+00  6.78959868232114E+00
 1.241E+00  6.66702470288774E+00
 1.258E+00  6.53882562870459E+00
 1.275E+00  6.40543023914626E+00
 1.293E+00  6.26728103584746E+00
 1.310E+00  6.12483147349907E+00
 1.328E+00  5.97854322702354E+00
 1.347E+00  5.82888351024865E+00
 1.365E+00  5.67632246024034E+00
 1.384E+00  5.52133060044174E+00
 1.402E+00  5.36437639471288E+00
 1.422E+00  5.20592390328137E+00
 1.441E+00  5.04643055051170E+00
 1.461E+00  4.88634501328874E+00
 1.481E+00  4.72610523769757E+00
 1.501E+00  4.56613659057640E+00
 1.521E+00  4.40685015142764E+00
 1.542E+00  4.24864114910127E+00
 1.563E+00  4.09188754661911E+00
 1.584E+00  3.93694877649295E+00
 1.606E+00  3.78416462790786E+00
 1.628E+00  3.63385428619622E+00
 1.650E+00  3.48631552412181E+00
 1.673E+00  3.34182404362715E+00
 1.696E+00  3.20063296587394E+00
 1.719E+00  3.06297246662558E+00
 1.742E+00  2.92904955328503E+00
 1.766E+00  2.79904797920972E+00
 1.790E+00  2.67312829028002E+00
 1.815E+00  2.55142799809878E+00
 1.839E+00  2.43406187364838E+00
 1.864E+00  2.32112235472844E+00
 1.890E+00  2.21268006004454E+00
 1.916E+00  2.10878440241602E+00
 1.942E+00  2.00946429322130E+00
 1.968E+00  1.91472892990420E+00
 1.995E+00  1.82456865812567E+00
 2.022E+00  1.73895589996451E+00
 2.050E+00  1.65784613944973E+00
 2.078E+00  1.58117895664860E+00
 2.106E+00  1.50887910153870E+00
 2.135E+00  1.44085759896205E+00
 2.164E+00  1.37701287609428E+00
 2.194E+00  1.31723190406279E+00
 2.224E+00  1.26139134561414E+00
 2.254E+00  1.20935870106045E+00
 2.285E+00  1.16099344512539E+00
 2.316E+00  1.11614814775771E+00
 2.348E+00  1.07466957247958E+00
 2.380E+00  1.03639974638072E+00
 2.412E+00  1.00117699645041E+00
 2.445E+00  9.68836947547750E-01
 2.479E+00  9.39213477936685E-01
 2.513E+00  9.12139628945069E-01
 2.547E+00  8.87448465935385E-01
 2.582E+00  8.64973888388103E-01
 2.617E+00  8.44551387486555E-01
 2.653E+00  8.26018750145770E-01
 2.689E+00  8.09216708939247E-01
 2.725E+00  7.93989537841392E-01
 2.763E+00  7.80185594115440E-01
 2.800E+00  7.67657807035252E-01
 2.839E+00  7.56264114434538E-01
 2.877E+00  7.45867848330504E-01
 2.917E+00  7.36338071073960E-01
 2.956E+00  7.27549863638820E-01
 2.997E+00  7.19384567785788E-01
 3.038E+00  7.11729983923246E-01
 3.079E+00  7.04480526548571E-01
 3.121E+00  6.97537339190511E-01
 3.164E+00  6.90808370792966E-01
 3.207E+00  6.84208415486742E-01
 3.251E+00  6.77659117692497E-01
 3.295E+00  6.71088944488246E-01
 3.340E+00  6.64433127160798E-01
 3.386E+00  6.57633573844361E-01
 3.432E+00  6.50638755132411E-01
 3.479E+00  6.43403564531711E-01
 3.526E+00  6.35889155610398E-01
 3.575E+00  6.28062757675568E-01
 3.623E+00  6.19897471799505E-01
 3.673E+00  6.11372048997462E-01
 3.723E+00  6.02470652343172E-01
 3.774E+00  5.93182604790670E-01
 3.825E+00  5.83502124451979E-01
 3.878E+00  5.73428049059301E-01
 3.930E+00  5.62963551317119E-01
 3.984E+00  5.52115846823587E-01
 4.039E+00  5.40895896211494E-01
 4.094E+00  5.29318103126612E-01
 4.150E+00  5.17400009625147E-01
 4.206E+00  5.05161990532171E-01
 4.264E+00  4.92626948259218E-01
 4.322E+00  4.79820009531601E-01
 4.381E+00  4.66768225424495E-01
 4.441E+00  4.53500276051418E-01
 4.501E+00  4.40046181189537E-01
 4.563E+00  4.26437018063284E-01
 4.625E+00  4.12704647441168E-01
 4.688E+00  3.98881449130693E-01
 4.752E+00  3.85000067882859E-01
 4.817E+00  3.71093170641200E-01
 4.883E+00  3.57193215990730E-01
 4.950E+00  3.43332236579779E-01
 5.017E+00  3.29541635202662E-01
 5.086E+00  3.15851995143772E-01
 5.155E+00  3.02292905294028E-01
 5.225E+00  2.88892800459308E-01
 5.297E+00  2.75678817187431E-01
 5.369E+00  2.62676665346111E-01
 5.442E+00  2.49910515589325E-01
 5.517E+00  2.37402902754237E-01
 5.592E+00  2.25174645135546E-01
 5.668E+00  2.13244779489606E-01
 5.746E+00  2.01630511527317E-01
 5.824E+00  1.90347181563385E-01
 5.904E+00  1.79408244900586E-01
 5.984E+00  1.68825266441990E-01
 6.066E+00  1.58607928942336E-01
 6.149E+00  1.48764054232671E-01
 6.233E+00  1.39299636680658E-01
 6.318E+00  1.30218888083389E-01
 6.404E+00  1.21524293130787E-01
 6.491E+00  1.13216674526357E-01
 6.580E+00  1.05295266808749E-01
 6.670E+00  9.77577978829311E-02
 6.761E+00  9.06005772440232E-02
 6.853E+00  8.38185898604421E-02
 6.947E+00  7.74055946761059E-02
 7.042E+00  7.13542266942263E-02
 7.138E+00  6.56561016175550E-02
 7.235E+00  6.03019220417282E-02
 7.334E+00  5.52815842292500E-02
 7.434E+00  5.05842845312474E-02
 7.536E+00  4.61986245718415E-02
 7.639E+00  4.21127143651396E-02
 7.743E+00  3.83142725966521E-02
 7.849E+00  3.47907233685029E-02
 7.956E+00  3.15292887801383E-02
 8.064E+00  2.85170767923733E-02
 8.174E+00  2.57411639013500E-02
 8.286E+00  2.31886722293481E-02
 8.399E+00  2.08468407202153E-02
 8.514E+00  1.87030902074078E-02
 8.630E+00  1.67450822012024E-02
 8.748E+00  1.49607713175791E-02
 8.867E+00  1.33384513436692E-02
 8.988E+00  1.18667950026954E-02
 9.111E+00  1.05348875442896E-02
 9.235E+00  9.33225434335336E-03
 9.362E+00  8.24888274174765E-03
 9.489E+00  7.27523841171144E-03
 9.619E+00  6.40227655778775E-03
 9.750E+00  5.62144830505443E-03
 9.883E+00  4.92470264566156E-03
 1.002E+01  4.30448433318796E-03
 1.016E+01  3.75372812537763E-03
 1.029E+01  3.26584978073476E-03
 1.043E+01  2.83473421365410E-03
 1.058E+01  2.45472120671868E-03
 1.072E+01  2.12058906804080E-03
 1.087E+01  1.82753660662587E-03
 1.102E+01  1.57116378029699E-03
 1.117E+01  1.34745134934176E-03
 1.132E+01  1.15273984532480E-03
 1.147E+01  9.83708139054987E-04
 1.163E+01  8.37351865064839E-04
 1.179E+01  7.10961932685182E-04
 1.195E+01  6.02103326373254E-04
 1.211E+01  5.08594370822518E-04
 1.228E+01  4.28486609941013E-04
 1.245E+01  3.60045423372230E-04
 1.262E+01  3.01731480132430E-04
 1.279E+01  2.52183106381501E-04
 1.296E+01  2.10199623502928E-04
 1.314E+01  1.74725693670241E-04
 1.332E+01  1.44836692996455E-04
 1.350E+01  1.19725117231717E-04
 1.368E+01  9.86880117853957E-05
 1.387E+01  8.11154065606673E-05
 1.406E+01  6.64797266310526E-05
 1.425E+01  5.43261420648191E-05
 1.445E+01  4.42638140994415E-05
 1.464E+01  3.59579902574673E-05
 1.484E+01  2.91228977385753E-05
 1.505E+01  2.35153823770555E-05
 1.525E+01  1.89292394742816E-05
 1.546E+01  1.51901827584897E-05
 1.567E+01  1.21513984494730E-05
 1.589E+01  9.68963278127569E-06
 1.610E+01  7.70176323665170E-06
 1.632E+01  6.10180605795013E-06
 1.655E+01  4.81831521564408E-06
 1.677E+01  3.79213084446533E-06
 1.700E+01  2.97443811561728E-06
 1.723E+01  2.32510053081087E-06
 1.747E+01  1.81123463945982E-06
 1.771E+01  1.40599614409870E-06
 1.795E+01  1.08755023053412E-06
 1.819E+01  8.38201706626488E-07
 1.844E+01  6.43663133063654E-07
 1.869E+01  4.92441564886244E-07
 1.895E+01  3.75329759803682E-07
 1.921E+01  2.84999486268158E-07
 1.947E+01  2.15590893193443E-07
 1.974E+01  1.62461496637906E-07
 2.000E+01  1.21950136077889E-07
 2.028E+01  9.11808590066049E-08
 2.055E+01  6.79034776257639E-08
 2.084E+01  5.03644788038716E-08
 2.112E+01  3.72029471140728E-08
 2.141E+01  2.73670094934157E-08
 2.170E+01  2.00470418818372E-08
 2.200E+01  1.46225057982386E-08
 2.230E+01  1.06198181317253E-08
 2.260E+01  7.67911159088090E-09
 2.291E+01  5.52812651236333E-09
 2.322E+01  3.96179643404190E-09
 2.354E+01  2.82635844142672E-09
 2.386E+01  2.00704237542659E-09
 2.419E+01  1.41857727771088E-09
 2.452E+01  9.97904883908314E-10
 2.485E+01  6.98613749122723E-10
 2.519E+01  4.86708216397814E-10
 2.554E+01  3.37407807059574E-10
 2.588E+01  2.32738053171379E-10
 2.624E+01  1.59726138880510E-10
 2.660E+01  1.09056361092964E-10
 2.696E+01  7.40733671217816E-11
 2.733E+01  5.00470496437390E-11
 2.770E+01  3.36332614842377E-11
 2.808E+01  2.24802926079578E-11
 2.846E+01  1.49432591270269E-11
 2.885E+01  9.87794395169862E-12
 2.924E+01  6.49280959470680E-12
 2.964E+01  4.24336328041254E-12
 3.005E+01  2.75718108973357E-12
 3.046E+01  1.78099836917448E-12
 3.087E+01  1.14358921886566E-12
 3.130E+01  7.29876780607028E-13
 3.172E+01  4.62984215040355E-13
 3.216E+01  2.91866093207287E-13
 3.259E+01  1.82837431160743E-13
 3.304E+01  1.13808122139131E-13
 3.349E+01  7.03834005874493E-14
 3.395E+01  4.32431894188996E-14
 3.441E+01  2.63922725779566E-14
 3.488E+01  1.59995598908126E-14
 3.536E+01  9.63322054873961E-15
 3.584E+01  5.76005566881441E-15
 3.633E+01  3.42005039189518E-15
 3.683E+01  2.01626378911651E-15
 3.733E+01  1.18012774504765E-15
 3.784E+01  6.85700935705403E-16
 3.835E+01  3.95476930582153E-16
 3.888E+01  2.26383258096273E-16
 3.941E+01  1.28605529307425E-16
 3.995E+01  7.24973273605356E-17
 4.049E+01  4.05495080776489E-17
 4.104E+01  2.25011136862412E-17
 4.161E+01  1.23859757685750E-17
 4.217E+01  6.76264424244415E-18
 4.275E+01  3.66196867069420E-18
 4.333E+01  1.96641637235775E-18
 4.392E+01  1.04700668502873E-18
 4.452E+01  5.52695868760578E-19
 4.513E+01  2.89224302300593E-19
 4.575E+01  1.50018045854500E-19
 4.637E+01  7.71187762942730E-20
 4.701E+01  3.92854634284101E-20
 4.765E+01  1.98292208218669E-20
 4.830E+01  9.91581499850851E-21
 4.896E+01  4.91188442853298E-21
 4.963E+01  2.40999241260381E-21
 5.030E+01  1.17108628298598E-21
 5.099E+01  5.63561944504180E-22
 5.169E+01  2.68586079380189E-22
 5.239E+01  1.26795294749886E-22
 5.311E+01  5.93287919535610E-23
 5.383E+01  2.75568257458688E-23
 5.457E+01  1.27506912570479E-23
 5.531E+01  5.92485754207037E-24
 5.607E+01  0.00000000000000E+00
 5.683E+01  0.00000000000000E+00
 5.761E+01  0.00000000000000E+00
 5.839E+01  0.00000000000000E+00
 5.919E+01  0.00000000000000E+00
 6.000E+01  0.00000000000000E+00
