line2: Z,NR,R(1),R(NR) /line3,4,...: R(N),RHO*4*PI*R(N)**2
 2.00  2000  1.01365245284744E-10  6.00000000000000E+01
 1.014E-10  4.57397679291543E-19
 1.027E-10  4.69970776371575E-19
 1.042E-10  4.82889486858353E-19
 1.056E-10  4.96216160860621E-19
 1.070E-10  5.09856313063454E-19
 1.085E-10  5.23871410233395E-19
 1.100E-10  5.38271758980422E-19
 1.115E-10  5.53067949225933E-19
 1.130E-10  5.68270861990535E-19
 1.145E-10  5.83891677395970E-19
 1.161E-10  5.99941882886744E-19
 1.177E-10  6.16433281678015E-19
 1.193E-10  6.33378001435620E-19
 1.209E-10  6.50788503194606E-19
 1.226E-10  6.68677590523064E-19
 1.242E-10  6.87058418937712E-19
 1.259E-10  7.05944505578390E-19
 1.276E-10  7.25349739148601E-19
 1.294E-10  7.45288390128995E-19
 1.312E-10  7.65775121271863E-19
 1.329E-10  7.86824998384096E-19
 1.348E-10  8.08453501406322E-19
 1.366E-10  8.30676535796932E-19
 1.385E-10  8.53510444228727E-19
 1.404E-10  8.76972018607185E-19
 1.423E-10  9.01078512419275E-19
 1.442E-10  9.25847653421421E-19
 1.462E-10  9.51297656676370E-19
 1.482E-10  9.77447237948550E-19
 1.502E-10  1.00431562746737E-18
 1.523E-10  1.03192258406915E-18
 1.543E-10  1.06028840972754E-18
 1.564E-10  1.08943396448345E-18
 1.586E-10  1.11938068178548E-18
 1.607E-10  1.15015058425184E-18
 1.629E-10  1.18176629986569E-18
 1.652E-10  1.21425107861556E-18
 1.674E-10  1.24762880959329E-18
 1.697E-10  1.28192403856197E-18
 1.720E-10  1.31716198600654E-18
 1.744E-10  1.35336856568092E-18
 1.767E-10  1.39057040366487E-18
 1.792E-10  1.42879485794441E-18
 1.816E-10  1.46807003853083E-18
 1.841E-10  1.50842482813269E-18
 1.866E-10  1.54988890339593E-18
 1.891E-10  1.59249275672769E-18
 1.917E-10  1.63626771872051E-18
 1.943E-10  1.68124598119245E-18
 1.970E-10  1.72746062086079E-18
 1.997E-10  1.77494562366656E-18
 2.024E-10  1.82373590976726E-18
 2.052E-10  1.87386735921719E-18
 2.080E-10  1.92537683835338E-18
 2.108E-10  1.97830222690666E-18
 2.137E-10  2.03268244585848E-18
 2.166E-10  2.08855748606283E-18
 2.196E-10  2.14596843765533E-18
 2.226E-10  2.20495752027095E-18
 2.256E-10  2.26556811409147E-18
 2.287E-10  2.32784479174745E-18
 2.318E-10  2.39183335109669E-18
 2.350E-10  2.45758084890310E-18
 2.382E-10  2.52513563544256E-18
 2.414E-10  2.59454739005923E-18
 2.447E-10  2.66586715769908E-18
 2.481E-10  2.73914738644854E-18
 2.515E-10  2.81444196610399E-18
 2.549E-10  2.89180626780215E-18
 2.584E-10  2.97129718473984E-18
 2.619E-10  3.05297317401255E-18
 2.655E-10  3.13689429960362E-18
 2.691E-10  3.22312227655479E-18
 2.728E-10  3.31172051635098E-18
 2.765E-10  3.40275417355286E-18
 2.803E-10  3.49629019371094E-18
 2.841E-10  3.59239736259687E-18
 2.880E-10  3.69114635678825E-18
 2.919E-10  3.79260979564345E-18
 2.959E-10  3.89686229470540E-18
 2.999E-10  4.00398052057378E-18
 3.040E-10  4.11404324728462E-18
 3.082E-10  4.22713141424050E-18
 3.124E-10  4.34332818573294E-18
 3.166E-10  4.46271901210032E-18
 3.210E-10  4.58539169256828E-18
 3.253E-10  4.71143643981597E-18
 3.298E-10  4.84094594631852E-18
 3.343E-10  4.97401545251209E-18
 3.389E-10  5.11074281683264E-18
 3.435E-10  5.25122858768123E-18
 3.482E-10  5.39557607736643E-18
 3.529E-10  5.54389143807891E-18
 3.577E-10  5.69628373995568E-18
 3.626E-10  5.85286505128978E-18
 3.676E-10  6.01375052094350E-18
 3.726E-10  6.17905846302882E-18
 3.777E-10  6.34891044391508E-18
 3.828E-10  6.52343137162770E-18
 3.881E-10  6.70274958770437E-18
 3.934E-10  6.88699696157760E-18
 3.987E-10  7.07630898754938E-18
 4.042E-10  7.27082488443354E-18
 4.097E-10  7.47068769793693E-18
 4.153E-10  7.67604440585244E-18
 4.210E-10  7.88704602614686E-18
 4.267E-10  8.10384772801942E-18
 4.325E-10  8.32660894600982E-18
 4.384E-10  8.55549349724653E-18
 4.444E-10  8.79066970191773E-18
 4.505E-10  9.03231050705132E-18
 4.566E-10  9.28059361370029E-18
 4.629E-10  9.53570160762122E-18
 4.692E-10  9.79782209354810E-18
 4.756E-10  1.00671478331566E-17
 4.821E-10  1.03438768868169E-17
 4.887E-10  1.06282127592473E-17
 4.953E-10  1.09203645491717E-17
 5.021E-10  1.12205471030865E-17
 5.090E-10  1.15289811732597E-17
 5.159E-10  1.18458935800707E-17
 5.230E-10  1.21715173788106E-17
 5.301E-10  1.25060920310700E-17
 5.373E-10  1.28498635808393E-17
 5.447E-10  1.32030848354465E-17
 5.521E-10  1.35660155514694E-17
 5.596E-10  1.39389226257606E-17
 5.673E-10  1.43220802917192E-17
 5.750E-10  1.47157703209631E-17
 5.829E-10  1.51202822305398E-17
 5.908E-10  1.55359134958360E-17
 5.989E-10  1.59629697693404E-17
 6.071E-10  1.64017651054162E-17
 6.154E-10  1.68526221912553E-17
 6.238E-10  1.73158725841814E-17
 6.323E-10  1.77918569554749E-17
 6.409E-10  1.82809253408986E-17
 6.497E-10  1.87834373981135E-17
 6.585E-10  1.92997626711679E-17
 6.675E-10  1.98302808622574E-17
 6.766E-10  2.03753821109568E-17
 6.859E-10  2.09354672811245E-17
 6.952E-10  2.15109482556952E-17
 7.047E-10  2.21022482395769E-17
 7.144E-10  2.27098020708726E-17
 7.241E-10  2.33340565406580E-17
 7.340E-10  2.39754707215467E-17
 7.440E-10  2.46345163052918E-17
 7.542E-10  2.53116779496635E-17
 7.645E-10  2.60074536348613E-17
 7.749E-10  2.67223550297298E-17
 7.855E-10  2.74569078680322E-17
 7.962E-10  2.82116523350749E-17
 8.071E-10  2.89871434649537E-17
 8.181E-10  2.97839515487245E-17
 8.293E-10  3.06026625537885E-17
 8.406E-10  3.14438785548107E-17
 8.521E-10  3.23082181764833E-17
 8.637E-10  3.31963170484547E-17
 8.755E-10  3.41088282727700E-17
 8.874E-10  3.50464229041530E-17
 8.996E-10  3.60097904435057E-17
 9.118E-10  3.69996393449521E-17
 9.243E-10  3.80166975368349E-17
 9.369E-10  3.90617129570337E-17
 9.497E-10  4.01354541029817E-17
 9.627E-10  4.12387105968269E-17
 9.758E-10  4.23722937661079E-17
 9.891E-10  4.35370372403982E-17
 1.003E-09  4.47337975643544E-17
 1.016E-09  4.59634548276139E-17
 1.030E-09  4.72269133120049E-17
 1.044E-09  4.85251021565499E-17
 1.059E-09  4.98589760407490E-17
 1.073E-09  5.12295158866450E-17
 1.088E-09  5.26377295801870E-17
 1.102E-09  5.40846527124206E-17
 1.118E-09  5.55713493410606E-17
 1.133E-09  5.70989127729848E-17
 1.148E-09  5.86684663682472E-17
 1.164E-09  6.02811643661939E-17
 1.180E-09  6.19381927342767E-17
 1.196E-09  6.36407700402097E-17
 1.212E-09  6.53901483480995E-17
 1.229E-09  6.71876141391905E-17
 1.246E-09  6.90344892579493E-17
 1.263E-09  7.09321318841358E-17
 1.280E-09  7.28819375316027E-17
 1.297E-09  7.48853400745378E-17
 1.315E-09  7.69438128019294E-17
 1.333E-09  7.90588695010287E-17
 1.351E-09  8.12320655705506E-17
 1.370E-09  8.34649991645241E-17
 1.388E-09  8.57593123675583E-17
 1.407E-09  8.81166924024250E-17
 1.426E-09  9.05388728708250E-17
 1.446E-09  9.30276350282639E-17
 1.466E-09  9.55848090939884E-17
 1.486E-09  9.82122755969082E-17
 1.506E-09  1.00911966758525E-16
 1.527E-09  1.03685867913878E-16
 1.547E-09  1.06536018971544E-16
 1.568E-09  1.09464515913774E-16
 1.590E-09  1.12473512337868E-16
 1.612E-09  1.15565221039908E-16
 1.634E-09  1.18741915642036E-16
 1.656E-09  1.22005932264469E-16
 1.679E-09  1.25359671243459E-16
 1.701E-09  1.28805598896481E-16
 1.725E-09  1.32346249335960E-16
 1.748E-09  1.35984226332820E-16
 1.772E-09  1.39722205231306E-16
 1.796E-09  1.43562934916388E-16
 1.821E-09  1.47509239835280E-16
 1.846E-09  1.51564022074538E-16
 1.871E-09  1.55730263494219E-16
 1.896E-09  1.60011027920721E-16
 1.922E-09  1.64409463399905E-16
 1.949E-09  1.68928804512143E-16
 1.975E-09  1.73572374751004E-16
 2.002E-09  1.78343588967354E-16
 2.029E-09  1.83245955880584E-16
 2.057E-09  1.88283080658897E-16
 2.085E-09  1.93458667570554E-16
 2.114E-09  1.98776522707961E-16
 2.143E-09  2.04240556786617E-16
 2.172E-09  2.09854788021046E-16
 2.201E-09  2.15623345079788E-16
 2.232E-09  2.21550470121560E-16
 2.262E-09  2.27640521914918E-16
 2.293E-09  2.33897979043677E-16
 2.324E-09  2.40327443200434E-16
 2.356E-09  2.46933642570605E-16
 2.388E-09  2.53721435309526E-16
 2.421E-09  2.60695813115088E-16
 2.454E-09  2.67861904898593E-16
 2.487E-09  2.75224980556541E-16
 2.521E-09  2.82790454846085E-16
 2.556E-09  2.90563891366983E-16
 2.590E-09  2.98551006653008E-16
 2.626E-09  3.06757674375915E-16
 2.662E-09  3.15189929664880E-16
 2.698E-09  3.23853973544658E-16
 2.735E-09  3.32756177495808E-16
 2.772E-09  3.41903088140210E-16
 2.810E-09  3.51301432055448E-16
 2.848E-09  3.60958120721467E-16
 2.887E-09  3.70880255603201E-16
 2.927E-09  3.81075133373028E-16
 2.967E-09  3.91550251276575E-16
 3.007E-09  4.02313312646244E-16
 3.048E-09  4.13372232566167E-16
 3.090E-09  4.24735143692854E-16
 3.132E-09  4.36410402235966E-16
 3.175E-09  4.48406594103375E-16
 3.218E-09  4.60732541215185E-16
 3.262E-09  4.73397307991335E-16
 3.307E-09  4.86410208017501E-16
 3.352E-09  4.99780810894197E-16
 3.398E-09  5.13518949274340E-16
 3.444E-09  5.27634726093929E-16
 3.491E-09  5.42138522001779E-16
 3.539E-09  5.57041002993444E-16
 3.587E-09  5.72353128254753E-16
 3.636E-09  5.88086158221270E-16
 3.685E-09  6.04251662859065E-16
 3.736E-09  6.20861530173246E-16
 3.787E-09  6.37927974950229E-16
 3.838E-09  6.55463547740532E-16
 3.891E-09  6.73481144088301E-16
 3.944E-09  6.91994014014530E-16
 3.998E-09  7.11015771761191E-16
 4.052E-09  7.30560405802965E-16
 4.108E-09  7.50642289134302E-16
 4.164E-09  7.71276189839160E-16
 4.221E-09  7.92477281951503E-16
 4.278E-09  8.14261156614031E-16
 4.337E-09  8.36643833543839E-16
 4.396E-09  8.59641772813311E-16
 4.456E-09  8.83271886954634E-16
 4.517E-09  9.07551553397246E-16
 4.578E-09  9.32498627246905E-16
 4.641E-09  9.58131454416434E-16
 4.704E-09  9.84468885117199E-16
 4.769E-09  1.01153028772116E-15
 4.834E-09  1.03933556300445E-15
 4.900E-09  1.06790515878228E-15
 4.967E-09  1.09726008494601E-15
 5.034E-09  1.12742192891380E-15
 5.103E-09  1.15841287150581E-15
 5.173E-09  1.19025570325582E-15
 5.243E-09  1.22297384117116E-15
 5.315E-09  1.25659134595359E-15
 5.388E-09  1.29113293969331E-15
 5.461E-09  1.32662402404926E-15
 5.536E-09  1.36309069892958E-15
 5.611E-09  1.40055978168524E-15
 5.688E-09  1.43905882683120E-15
 5.765E-09  1.47861614630991E-15
 5.844E-09  1.51926083031180E-15
 5.924E-09  1.56102276866798E-15
 6.005E-09  1.60393267283081E-15
 6.087E-09  1.64802209845919E-15
 6.170E-09  1.69332346862431E-15
 6.254E-09  1.73987009765326E-15
 6.340E-09  1.78769621562811E-15
 6.426E-09  1.83683699355875E-15
 6.514E-09  1.88732856924716E-15
 6.603E-09  1.93920807386313E-15
 6.693E-09  1.99251365924993E-15
 6.784E-09  2.04728452598130E-15
 6.877E-09  2.10356095218922E-15
 6.971E-09  2.16138432318377E-15
 7.066E-09  2.22079716188809E-15
 7.162E-09  2.28184316010941E-15
 7.260E-09  2.34456721066954E-15
 7.359E-09  2.40901544041869E-15
 7.460E-09  2.47523524415707E-15
 7.562E-09  2.54327531948845E-15
 7.665E-09  2.61318570263250E-15
 7.770E-09  2.68501780522053E-15
 7.876E-09  2.75882445210351E-15
 7.983E-09  2.83465992019944E-15
 8.092E-09  2.91257997840754E-15
 8.203E-09  2.99264192862088E-15
 8.315E-09  3.07490464786556E-15
 8.428E-09  3.15942863159864E-15
 8.543E-09  3.24627603819606E-15
 8.660E-09  3.33551073466317E-15
 8.778E-09  3.42719834360252E-15
 8.898E-09  3.52140629147227E-15
 9.019E-09  3.61820385817102E-15
 9.142E-09  3.71766222798530E-15
 9.267E-09  3.81985454193892E-15
 9.394E-09  3.92485595158000E-15
 9.522E-09  4.03274367424663E-15
 9.652E-09  4.14359704985233E-15
 9.784E-09  4.25749759923202E-15
 9.917E-09  4.37452908409189E-15
 1.005E-08  4.49477756860696E-15
 1.019E-08  4.61833148271245E-15
 1.033E-08  4.74528168713450E-15
 1.047E-08  4.87572154020806E-15
 1.061E-08  5.00974696653290E-15
 1.076E-08  5.14745652751517E-15
 1.090E-08  5.28895149384882E-15
 1.105E-08  5.43433591998946E-15
 1.120E-08  5.58371672067597E-15
 1.136E-08  5.73720374955443E-15
 1.151E-08  5.89490987996238E-15
 1.167E-08  6.05695108793773E-15
 1.183E-08  6.22344653750491E-15
 1.199E-08  6.39451866830771E-15
 1.215E-08  6.57029328565103E-15
 1.232E-08  6.75089965301597E-15
 1.249E-08  6.93647058712125E-15
 1.266E-08  7.12714255559437E-15
 1.283E-08  7.32305577732890E-15
 1.301E-08  7.52435432560155E-15
 1.318E-08  7.73118623402184E-15
 1.336E-08  7.94370360539447E-15
 1.355E-08  8.16206272357632E-15
 1.373E-08  8.38642416840581E-15
 1.392E-08  8.61695293379116E-15
 1.411E-08  8.85381854904743E-15
 1.430E-08  9.09719520356658E-15
 1.450E-08  9.34726187491466E-15
 1.470E-08  9.60420246045166E-15
 1.490E-08  9.86820591256755E-15
 1.510E-08  1.01394663776370E-14
 1.531E-08  1.04181833387928E-14
 1.551E-08  1.07045617626248E-14
 1.573E-08  1.09988122499123E-14
 1.594E-08  1.13011511904956E-14
 1.616E-08  1.16118009224095E-14
 1.638E-08  1.19309898953889E-14
 1.660E-08  1.22589528388697E-14
 1.683E-08  1.25959309346058E-14
 1.706E-08  1.29421719940332E-14
 1.729E-08  1.32979306405091E-14
 1.753E-08  1.36634684965609E-14
 1.777E-08  1.40390543762804E-14
 1.801E-08  1.44249644830066E-14
 1.826E-08  1.48214826124477E-14
 1.851E-08  1.52289003613792E-14
 1.876E-08  1.56475173420833E-14
 1.901E-08  1.60776414026813E-14
 1.927E-08  1.65195888535233E-14
 1.954E-08  1.69736846998020E-14
 1.980E-08  1.74402628805556E-14
 2.007E-08  1.79196665142486E-14
 2.035E-08  1.84122481510967E-14
 2.063E-08  1.89183700323282E-14
 2.091E-08  1.94384043565777E-14
 2.119E-08  1.99727335535950E-14
 2.148E-08  2.05217505654830E-14
 2.178E-08  2.10858591356639E-14
 2.207E-08  2.16654741057888E-14
 2.237E-08  2.22610217208126E-14
 2.268E-08  2.28729399424456E-14
 2.299E-08  2.35016787712329E-14
 2.330E-08  2.41477005774824E-14
 2.362E-08  2.48114804412821E-14
 2.394E-08  2.54935065018766E-14
 2.427E-08  2.61942803166407E-14
 2.460E-08  2.69143172299183E-14
 2.494E-08  2.76541467520065E-14
 2.528E-08  2.84143129485511E-14
 2.562E-08  2.91953748406498E-14
 2.597E-08  2.99979068159546E-14
 2.633E-08  3.08224990510688E-14
 2.669E-08  3.16697579455594E-14
 2.705E-08  3.25403065678999E-14
 2.742E-08  3.34347851136757E-14
 2.779E-08  3.43538513763701E-14
 2.817E-08  3.52981812311038E-14
 2.856E-08  3.62684691316734E-14
 2.895E-08  3.72654286212487E-14
 2.934E-08  3.82897928570978E-14
 2.974E-08  3.93423151497512E-14
 3.015E-08  4.04237695169896E-14
 3.056E-08  4.15349512530343E-14
 3.098E-08  4.26766775134145E-14
 3.140E-08  4.38497879158929E-14
 3.183E-08  4.50551451579121E-14
 3.227E-08  4.62936356510242E-14
 3.271E-08  4.75661701727437E-14
 3.315E-08  4.88736845363306E-14
 3.361E-08  5.02171402789810E-14
 3.406E-08  5.15975253689328E-14
 3.453E-08  5.30158549320110E-14
 3.500E-08  5.44731719981462E-14
 3.548E-08  5.59705482684143E-14
 3.596E-08  5.75090849031479E-14
 3.645E-08  5.90899133317269E-14
 3.695E-08  6.07141960846311E-14
 3.746E-08  6.23831276483462E-14
 3.797E-08  6.40979353437877E-14
 3.849E-08  6.58598802288569E-14
 3.901E-08  6.76702580258208E-14
 3.954E-08  6.95304000741798E-14
 4.008E-08  7.14416743097120E-14
 4.063E-08  7.34054862704566E-14
 4.119E-08  7.54232801303291E-14
 4.175E-08  7.74965397611583E-14
 4.232E-08  7.96267898239211E-14
 4.290E-08  8.18155968899637E-14
 4.348E-08  8.40645705930307E-14
 4.408E-08  8.63753648130065E-14
 4.468E-08  8.87496788921559E-14
 4.529E-08  9.11892588847930E-14
 4.591E-08  9.36958988413382E-14
 4.653E-08  9.62714421276452E-14
 4.717E-08  9.89177827805849E-14
 4.781E-08  1.01636866900923E-13
 4.846E-08  1.04430694084465E-13
 4.913E-08  1.07301318892536E-13
 4.980E-08  1.10250852362906E-13
 5.048E-08  1.13281463562206E-13
 5.117E-08  1.16395381181081E-13
 5.186E-08  1.19594895173122E-13
 5.257E-08  1.22882358438877E-13
 5.329E-08  1.26260188556197E-13
 5.402E-08  1.29730869558071E-13
 5.475E-08  1.33296953759368E-13
 5.550E-08  1.36961063633801E-13
 5.626E-08  1.40725893742475E-13
 5.703E-08  1.44594212715442E-13
 5.781E-08  1.48568865287735E-13
 5.860E-08  1.52652774391356E-13
 5.940E-08  1.56848943304796E-13
 6.021E-08  1.61160457861620E-13
 6.103E-08  1.65590488719738E-13
 6.186E-08  1.70142293693127E-13
 6.271E-08  1.74819220147585E-13
 6.356E-08  1.79624707462339E-13
 6.443E-08  1.84562289559376E-13
 6.531E-08  1.89635597502238E-13
 6.620E-08  1.94848362166275E-13
 6.711E-08  2.00204416982327E-13
 6.802E-08  2.05707700755791E-13
 6.895E-08  2.11362260563176E-13
 6.989E-08  2.17172254728301E-13
 7.085E-08  2.23141955880306E-13
 7.181E-08  2.29275754095696E-13
 7.279E-08  2.35578160126778E-13
 7.379E-08  2.42053808718834E-13
 7.479E-08  2.48707462018488E-13
 7.582E-08  2.55544013075719E-13
 7.685E-08  2.62568489442207E-13
 7.790E-08  2.69786056868573E-13
 7.896E-08  2.77202023103168E-13
 8.004E-08  2.84821841795402E-13
 8.113E-08  2.92651116506303E-13
 8.224E-08  3.00695604829330E-13
 8.336E-08  3.08961222624492E-13
 8.450E-08  3.17454048368781E-13
 8.566E-08  3.26180327626235E-13
 8.683E-08  3.35146477640967E-13
 8.801E-08  3.44359092056226E-13
 8.921E-08  3.53824945763394E-13
 9.043E-08  3.63550999884200E-13
 9.167E-08  3.73544406889817E-13
 9.292E-08  3.83812515860794E-13
 9.419E-08  3.94362877891439E-13
 9.547E-08  4.05203251642930E-13
 9.677E-08  4.16341609048902E-13
 9.810E-08  4.27786141177946E-13
 9.944E-08  4.39545264257321E-13
 1.008E-07  4.51627625862105E-13
 1.022E-07  4.64042111274613E-13
 1.036E-07  4.76797850018502E-13
 1.050E-07  4.89904222572630E-13
 1.064E-07  5.03370867269329E-13
 1.079E-07  5.17207687382346E-13
 1.093E-07  5.31424858409709E-13
 1.108E-07  5.46032835556629E-13
 1.123E-07  5.61042361424224E-13
 1.139E-07  5.76464473909490E-13
 1.154E-07  5.92310514322521E-13
 1.170E-07  6.08592135726819E-13
 1.186E-07  6.25321311508908E-13
 1.202E-07  6.42510344183334E-13
 1.219E-07  6.60171874439929E-13
 1.235E-07  6.78318890439715E-13
 1.252E-07  6.96964737366173E-13
 1.269E-07  7.16123127239284E-13
 1.287E-07  7.35808148999148E-13
 1.304E-07  7.56034278866974E-13
 1.322E-07  7.76816390990721E-13
 1.340E-07  7.98169768383415E-13
 1.358E-07  8.20110114162204E-13
 1.377E-07  8.42653563096166E-13
 1.396E-07  8.65816693471883E-13
 1.415E-07  8.89616539284836E-13
 1.434E-07  9.14070602766075E-13
 1.454E-07  9.39196867253265E-13
 1.473E-07  9.65013810415482E-13
 1.494E-07  9.91540417841435E-13
 1.514E-07  1.01879619700136E-12
 1.535E-07  1.04680119159287E-12
 1.556E-07  1.07557599628058E-12
 1.577E-07  1.10514177184138E-12
 1.598E-07  1.13552026072589E-12
 1.620E-07  1.16673380304773E-12
 1.642E-07  1.19880535301222E-12
 1.665E-07  1.23175849579667E-12
 1.687E-07  1.26561746489462E-12
 1.710E-07  1.30040715993725E-12
 1.734E-07  1.33615316500407E-12
 1.757E-07  1.37288176743722E-12
 1.781E-07  1.41061997717316E-12
 1.806E-07  1.44939554660545E-12
 1.830E-07  1.48923699099350E-12
 1.855E-07  1.53017360943261E-12
 1.881E-07  1.57223550640015E-12
 1.906E-07  1.61545361389412E-12
 1.932E-07  1.65985971418046E-12
 1.959E-07  1.70548646316515E-12
 1.986E-07  1.75236741440923E-12
 2.013E-07  1.80053704380386E-12
 2.040E-07  1.85003077492335E-12
 2.068E-07  1.90088500507558E-12
 2.096E-07  1.95313713206817E-12
 2.125E-07  2.00682558171040E-12
 2.154E-07  2.06198983607123E-12
 2.183E-07  2.11867046251408E-12
 2.213E-07  2.17690914352973E-12
 2.243E-07  2.23674870738917E-12
 2.274E-07  2.29823315963912E-12
 2.305E-07  2.36140771546331E-12
 2.336E-07  2.42631883293342E-12
 2.368E-07  2.49301424717359E-12
 2.401E-07  2.56154300546460E-12
 2.433E-07  2.63195550331301E-12
 2.467E-07  2.70430352151100E-12
 2.500E-07  2.77864026421581E-12
 2.534E-07  2.85502039807549E-12
 2.569E-07  2.93350009243042E-12
 2.604E-07  3.01413706061920E-12
 2.640E-07  3.09699060242091E-12
 2.676E-07  3.18212164766354E-12
 2.712E-07  3.26959280103110E-12
 2.749E-07  3.35946838810231E-12
 2.787E-07  3.45181450265519E-12
 2.825E-07  3.54669905527209E-12
 2.863E-07  3.64419182327969E-12
 2.903E-07  3.74436450206297E-12
 2.942E-07  3.84729075778969E-12
 2.982E-07  3.95304628158295E-12
 3.023E-07  4.06170884518388E-12
 3.064E-07  4.17335835814459E-12
 3.106E-07  4.28807692659257E-12
 3.149E-07  4.40594891361054E-12
 3.192E-07  4.52706100127642E-12
 3.235E-07  4.65150225440836E-12
 3.279E-07  4.77936418606173E-12
 3.324E-07  4.91074082482739E-12
 3.369E-07  5.04572878397921E-12
 3.415E-07  5.18442733252179E-12
 3.462E-07  5.32693846819320E-12
 3.509E-07  5.47336699247120E-12
 3.557E-07  5.62382058764444E-12
 3.606E-07  5.77840989600078E-12
 3.655E-07  5.93724860119135E-12
 3.705E-07  6.10045351183364E-12
 3.756E-07  6.26814464741048E-12
 3.807E-07  6.44044532653063E-12
 3.859E-07  6.61748225761708E-12
 3.911E-07  6.79938563208639E-12
 3.965E-07  6.98628922008898E-12
 4.019E-07  7.17833046888426E-12
 4.074E-07  7.37565060391584E-12
 4.129E-07  7.57839473266815E-12
 4.186E-07  7.78671195137666E-12
 4.243E-07  8.00075545467090E-12
 4.301E-07  8.22068264823272E-12
 4.360E-07  8.44665526455028E-12
 4.419E-07  8.67883948185456E-12
 4.479E-07  8.91740604632421E-12
 4.541E-07  9.16253039765015E-12
 4.603E-07  9.41439279805243E-12
 4.665E-07  9.67317846484318E-12
 4.729E-07  9.93907770663161E-12
 4.794E-07  1.02122860632758E-11
 4.859E-07  1.04930044496805E-11
 4.926E-07  1.07814393035470E-11
 4.993E-07  1.10778027371848E-11
 5.061E-07  1.13823126934949E-11
 5.130E-07  1.16951931062452E-11
 5.200E-07  1.20166740647469E-11
 5.271E-07  1.23469919830585E-11
 5.343E-07  1.26863897738430E-11
 5.416E-07  1.30351170270016E-11
 5.490E-07  1.33934301932194E-11
 5.565E-07  1.37615927725564E-11
 5.641E-07  1.41398755082203E-11
 5.718E-07  1.45285565856689E-11
 5.796E-07  1.49279218371832E-11
 5.875E-07  1.53382649520645E-11
 5.955E-07  1.57598876926103E-11
 6.037E-07  1.61931001160252E-11
 6.119E-07  1.66382208024323E-11
 6.202E-07  1.70955770891547E-11
 6.287E-07  1.75655053114317E-11
 6.373E-07  1.80483510497574E-11
 6.460E-07  1.85444693840150E-11
 6.548E-07  1.90542251545961E-11
 6.638E-07  1.95779932307014E-11
 6.728E-07  2.01161587860109E-11
 6.820E-07  2.06691175819365E-11
 6.913E-07  2.12372762586618E-11
 7.008E-07  2.18210526341759E-11
 7.103E-07  2.24208760115287E-11
 7.200E-07  2.30371874945394E-11
 7.298E-07  2.36704403121724E-11
 7.398E-07  2.43211001518357E-11
 7.499E-07  2.49896455018457E-11
 7.602E-07  2.56765680032913E-11
 7.705E-07  2.63823728115835E-11
 7.811E-07  2.71075789679416E-11
 7.917E-07  2.78527197810823E-11
 8.025E-07  2.86183432194069E-11
 8.135E-07  2.94050123139714E-11
 8.246E-07  3.02133055725293E-11
 8.358E-07  3.10438174049559E-11
 8.473E-07  3.18971585603667E-11
 8.588E-07  3.27739565762527E-11
 8.705E-07  3.36748562399614E-11
 8.824E-07  3.46005200628612E-11
 8.945E-07  3.55516287675409E-11
 9.067E-07  3.65288817884022E-11
 9.191E-07  3.75329977860126E-11
 9.316E-07  3.85647151755901E-11
 9.443E-07  3.96247926700257E-11
 9.572E-07  4.07140098378263E-11
 9.703E-07  4.18331676763951E-11
 9.835E-07  4.29830892010699E-11
 9.970E-07  4.41646200503484E-11
 1.011E-06  4.53786291077666E-11
 1.024E-06  4.66260091408493E-11
 1.038E-06  4.79076774576348E-11
 1.053E-06  4.92245765812532E-11
 1.067E-06  5.05776749430303E-11
 1.081E-06  5.19679675946595E-11
 1.096E-06  5.33964769399429E-11
 1.111E-06  5.48642534866399E-11
 1.126E-06  5.63723766189982E-11
 1.142E-06  5.79219553915078E-11
 1.157E-06  5.95141293444708E-11
 1.173E-06  6.11500693420064E-11
 1.189E-06  6.28309784330769E-11
 1.205E-06  6.45580927361765E-11
 1.222E-06  6.63326823483561E-11
 1.239E-06  6.81560522792235E-11
 1.255E-06  7.00295434106111E-11
 1.273E-06  7.19545334826438E-11
 1.290E-06  7.39324381068908E-11
 1.308E-06  7.59647118073757E-11
 1.325E-06  7.80528490902008E-11
 1.344E-06  8.01983855425753E-11
 1.362E-06  8.24028989620497E-11
 1.380E-06  8.46680105167902E-11
 1.399E-06  8.69953859377430E-11
 1.418E-06  8.93867367435885E-11
 1.438E-06  9.18438214993423E-11
 1.457E-06  9.43684471095468E-11
 1.477E-06  9.69624701470546E-11
 1.497E-06  9.96277982182878E-11
 1.518E-06  1.02366391366044E-10
 1.539E-06  1.05180263510867E-10
 1.560E-06  1.08071483932031E-10
 1.581E-06  1.11042178789244E-10
 1.603E-06  1.14094532686164E-10
 1.624E-06  1.17230790276888E-10
 1.647E-06  1.20453257916630E-10
 1.669E-06  1.23764305357751E-10
 1.692E-06  1.27166367492391E-10
 1.715E-06  1.30661946143055E-10
 1.738E-06  1.34253611902362E-10
 1.762E-06  1.37944006023387E-10
 1.786E-06  1.41735842361972E-10
 1.811E-06  1.45631909372418E-10
 1.835E-06  1.49635072158035E-10
 1.860E-06  1.53748274578050E-10
 1.886E-06  1.57974541412447E-10
 1.911E-06  1.62316980586292E-10
 1.938E-06  1.66778785455201E-10
 1.964E-06  1.71363237153643E-10
 1.991E-06  1.76073707007811E-10
 2.018E-06  1.80913659014747E-10
 2.046E-06  1.85886652389687E-10
 2.073E-06  1.90996344183400E-10
 2.102E-06  1.96246491971436E-10
 2.130E-06  2.01640956617363E-10
 2.160E-06  2.07183705111892E-10
 2.189E-06  2.12878813490088E-10
 2.219E-06  2.18730469828746E-10
 2.249E-06  2.24742977326164E-10
 2.280E-06  2.30920757466552E-10
 2.311E-06  2.37268353271482E-10
 2.343E-06  2.43790432640619E-10
 2.375E-06  2.50491791784342E-10
 2.407E-06  2.57377358750741E-10
 2.440E-06  2.64452197049488E-10
 2.473E-06  2.71721509375384E-10
 2.507E-06  2.79190641434219E-10
 2.541E-06  2.86865085873793E-10
 2.576E-06  2.94750486322995E-10
 2.611E-06  3.02852641542012E-10
 2.647E-06  3.11177509686360E-10
 2.683E-06  3.19731212688365E-10
 2.719E-06  3.28520040759047E-10
 2.757E-06  3.37550457013554E-10
 2.794E-06  3.46829102223986E-10
 2.832E-06  3.56362799702719E-10
 2.871E-06  3.66158560319994E-10
 2.910E-06  3.76223587659381E-10
 2.950E-06  3.86565283315021E-10
 2.990E-06  3.97191252334480E-10
 3.031E-06  4.08109308811118E-10
 3.072E-06  4.19327481630247E-10
 3.114E-06  4.30854020373256E-10
 3.157E-06  4.42697401383919E-10
 3.200E-06  4.54866334001570E-10
 3.244E-06  4.67369766965573E-10
 3.288E-06  4.80216894995734E-10
 3.333E-06  4.93417165553731E-10
 3.378E-06  5.06980285790335E-10
 3.424E-06  5.20916229683517E-10
 3.471E-06  5.35235245372938E-10
 3.519E-06  5.49947862695853E-10
 3.567E-06  5.65064900930216E-10
 3.615E-06  5.80597476750728E-10
 3.665E-06  5.96557012403400E-10
 3.715E-06  6.12955244104890E-10
 3.765E-06  6.29804230672759E-10
 3.817E-06  6.47116362392839E-10
 3.869E-06  6.64904370130412E-10
 3.922E-06  6.83181334691854E-10
 3.975E-06  7.01960696443447E-10
 4.030E-06  7.21256265194795E-10
 4.085E-06  7.41082230353712E-10
 4.140E-06  7.61453171360341E-10
 4.197E-06  7.82384068408029E-10
 4.254E-06  8.03890313458952E-10
 4.312E-06  8.25987721562403E-10
 4.371E-06  8.48692542484207E-10
 4.431E-06  8.72021472656023E-10
 4.491E-06  8.95991667452642E-10
 4.553E-06  9.20620753807111E-10
 4.615E-06  9.45926843172558E-10
 4.678E-06  9.71928544840123E-10
 4.742E-06  9.98644979623059E-10
 4.806E-06  1.02609579391692E-09
 4.872E-06  1.05430117414637E-09
 4.938E-06  1.08328186160881E-09
 5.006E-06  1.11305916772625E-09
 5.074E-06  1.14365498971616E-09
 5.144E-06  1.17509182669333E-09
 5.214E-06  1.20739279621408E-09
 5.285E-06  1.24058165127528E-09
 5.357E-06  1.27468279778074E-09
 5.430E-06  1.30972131248742E-09
 5.504E-06  1.34572296144508E-09
 5.579E-06  1.38271421894279E-09
 5.656E-06  1.42072228697616E-09
 5.733E-06  1.45977511524958E-09
 5.811E-06  1.49990142172822E-09
 5.890E-06  1.54113071375525E-09
 5.971E-06  1.58349330974903E-09
 6.052E-06  1.62702036149691E-09
 6.135E-06  1.67174387706176E-09
 6.219E-06  1.71769674431814E-09
 6.304E-06  1.76491275513529E-09
 6.390E-06  1.81342663022487E-09
 6.477E-06  1.86327404467168E-09
 6.565E-06  1.91449165416591E-09
 6.655E-06  1.96711712195692E-09
 6.746E-06  2.02118914654709E-09
 6.838E-06  2.07674749014742E-09
 6.931E-06  2.13383300791529E-09
 7.026E-06  2.19248767799527E-09
 7.122E-06  2.25275463238620E-09
 7.219E-06  2.31467818865658E-09
 7.318E-06  2.37830388253118E-09
 7.418E-06  2.44367850137381E-09
 7.519E-06  2.51085011859036E-09
 7.622E-06  2.57986812897699E-09
 7.726E-06  2.65078328504044E-09
 7.831E-06  2.72364773431615E-09
 7.938E-06  2.79851505771209E-09
 8.046E-06  2.87544030890717E-09
 8.156E-06  2.95448005483138E-09
 8.268E-06  3.03569241725938E-09
 8.380E-06  3.11913711554714E-09
 8.495E-06  3.20487551054286E-09
 8.611E-06  3.29297064970494E-09
 8.728E-06  3.38348731346026E-09
 8.848E-06  3.47649206283655E-09
 8.968E-06  3.57205328840327E-09
 9.091E-06  3.67024126055839E-09
 9.215E-06  3.77112818119708E-09
 9.341E-06  3.87478823680041E-09
 9.468E-06  3.98129765298321E-09
 9.597E-06  4.09073475054070E-09
 9.729E-06  4.20318000303604E-09
 9.861E-06  4.31871609597150E-09
 9.996E-06  4.43742798758348E-09
 1.013E-05  4.55940297131066E-09
 1.027E-05  4.68473073997847E-09
 1.041E-05  4.81350345174673E-09
 1.055E-05  4.94581579787113E-09
 1.070E-05  5.08176507232582E-09
 1.084E-05  5.22145124334074E-09
 1.099E-05  5.36497702690361E-09
 1.114E-05  5.51244796228331E-09
 1.129E-05  5.66397248962915E-09
 1.145E-05  5.81966202970063E-09
 1.160E-05  5.97963106579084E-09
 1.176E-05  6.14399722790108E-09
 1.192E-05  6.31288137922758E-09
 1.209E-05  6.48640770502588E-09
 1.225E-05  6.66470380391802E-09
 1.242E-05  6.84790078170904E-09
 1.259E-05  7.03613334778048E-09
 1.276E-05  7.22953991413485E-09
 1.293E-05  7.42826269716127E-09
 1.311E-05  7.63244782219843E-09
 1.329E-05  7.84224543097039E-09
 1.347E-05  8.05780979197534E-09
 1.365E-05  8.27929941390937E-09
 1.384E-05  8.50687716220527E-09
 1.403E-05  8.74071037877600E-09
 1.422E-05  8.98097100504748E-09
 1.442E-05  9.22783570837456E-09
 1.461E-05  9.48148601192932E-09
 1.481E-05  9.74210842816018E-09
 1.501E-05  1.00098945959172E-08
 1.522E-05  1.02850414213482E-08
 1.543E-05  1.05677512226657E-08
 1.564E-05  1.08582318788915E-08
 1.585E-05  1.11566969826909E-08
 1.607E-05  1.14633659974064E-08
 1.629E-05  1.17784644184059E-08
 1.651E-05  1.21022239388655E-08
 1.673E-05  1.24348826201093E-08
 1.696E-05  1.27766850666302E-08
 1.719E-05  1.31278826059197E-08
 1.743E-05  1.34887334732376E-08
 1.767E-05  1.38595030014650E-08
 1.791E-05  1.42404638161699E-08
 1.815E-05  1.46318960360345E-08
 1.840E-05  1.50340874787920E-08
 1.865E-05  1.54473338728194E-08
 1.891E-05  1.58719390745490E-08
 1.916E-05  1.63082152918522E-08
 1.943E-05  1.67564833135610E-08
 1.969E-05  1.72170727452996E-08
 1.996E-05  1.76903222517950E-08
 2.023E-05  1.81765798058458E-08
 2.051E-05  1.86762029441338E-08
 2.079E-05  1.91895590300659E-08
 2.107E-05  1.97170255238367E-08
 2.136E-05  2.02589902599126E-08
 2.165E-05  2.08158517321447E-08
 2.195E-05  2.13880193867112E-08
 2.225E-05  2.19759139231118E-08
 2.255E-05  2.25799676034370E-08
 2.286E-05  2.32006245701266E-08
 2.317E-05  2.38383411724702E-08
 2.349E-05  2.44935863020745E-08
 2.381E-05  2.51668417375452E-08
 2.413E-05  2.58586024986492E-08
 2.446E-05  2.65693772102005E-08
 2.480E-05  2.72996884759489E-08
 2.514E-05  2.80500732627407E-08
 2.548E-05  2.88210832952383E-08
 2.583E-05  2.96132854614839E-08
 2.618E-05  3.04272622296047E-08
 2.654E-05  3.12636120759723E-08
 2.690E-05  3.21229499251242E-08
 2.727E-05  3.30059076017763E-08
 2.764E-05  3.39131342952505E-08
 2.802E-05  3.48452970366663E-08
 2.840E-05  3.58030811892445E-08
 2.879E-05  3.67871909520815E-08
 2.918E-05  3.77983498777668E-08
 2.958E-05  3.88373014042209E-08
 2.998E-05  3.99048094011482E-08
 3.039E-05  4.10016587315031E-08
 3.080E-05  4.21286558283795E-08
 3.123E-05  4.32866292877589E-08
 3.165E-05  4.44764304775390E-08
 3.208E-05  4.56989341632927E-08
 3.252E-05  4.69550391512255E-08
 3.297E-05  4.82456689487965E-08
 3.342E-05  4.95717724434909E-08
 3.387E-05  5.09343246002350E-08
 3.433E-05  5.23343271779810E-08
 3.480E-05  5.37728094659768E-08
 3.528E-05  5.52508290402570E-08
 3.576E-05  5.67694725409273E-08
 3.625E-05  5.83298564708001E-08
 3.674E-05  5.99331280159690E-08
 3.724E-05  6.15804658889331E-08
 3.775E-05  6.32730811948730E-08
 3.827E-05  6.50122183217385E-08
 3.879E-05  6.67991558547866E-08
 3.932E-05  6.86352075162311E-08
 3.986E-05  7.05217231307287E-08
 4.040E-05  7.24600896173691E-08
 4.095E-05  7.44517320089241E-08
 4.151E-05  7.64981144991029E-08
 4.208E-05  7.86007415185665E-08
 4.265E-05  8.07611588405041E-08
 4.324E-05  8.29809547165876E-08
 4.383E-05  8.52617610441262E-08
 4.442E-05  8.76052545652756E-08
 4.503E-05  9.00131580991994E-08
 4.565E-05  9.24872418080845E-08
 4.627E-05  9.50293244979128E-08
 4.690E-05  9.76412749549741E-08
 4.754E-05  1.00325013319101E-07
 4.819E-05  1.03082512494612E-07
 4.885E-05  1.05915799600016E-07
 4.951E-05  1.08826957457537E-07
 5.019E-05  1.11818126123554E-07
 5.088E-05  1.14891504461077E-07
 5.157E-05  1.18049351755412E-07
 5.227E-05  1.21293989374212E-07
 5.299E-05  1.24627802473118E-07
 5.371E-05  1.28053241748250E-07
 5.445E-05  1.31572825236824E-07
 5.519E-05  1.35189140167237E-07
 5.594E-05  1.38904844859964E-07
 5.671E-05  1.42722670680656E-07
 5.748E-05  1.46645424046880E-07
 5.826E-05  1.50675988489989E-07
 5.906E-05  1.54817326773595E-07
 5.987E-05  1.59072483070241E-07
 6.068E-05  1.63444585197855E-07
 6.151E-05  1.67936846917606E-07
 6.235E-05  1.72552570294882E-07
 6.320E-05  1.77295148125111E-07
 6.407E-05  1.82168066426173E-07
 6.494E-05  1.87174906999296E-07
 6.583E-05  1.92319350060241E-07
 6.673E-05  1.97605176942782E-07
 6.764E-05  2.03036272876383E-07
 6.856E-05  2.08616629840182E-07
 6.950E-05  2.14350349495344E-07
 7.045E-05  2.20241646197906E-07
 7.141E-05  2.26294850094401E-07
 7.238E-05  2.32514410302433E-07
 7.337E-05  2.38904898178628E-07
 7.437E-05  2.45471010676283E-07
 7.539E-05  2.52217573795242E-07
 7.642E-05  2.59149546126468E-07
 7.746E-05  2.66272022493933E-07
 7.852E-05  2.73590237696551E-07
 7.959E-05  2.81109570352783E-07
 8.068E-05  2.88835546850844E-07
 8.178E-05  2.96773845407336E-07
 8.289E-05  3.04930300237334E-07
 8.403E-05  3.13310905838941E-07
 8.517E-05  3.21921821395460E-07
 8.634E-05  3.30769375298463E-07
 8.751E-05  3.39860069794968E-07
 8.871E-05  3.49200585762238E-07
 8.992E-05  3.58797787613660E-07
 9.115E-05  3.68658728339260E-07
 9.239E-05  3.78790654684584E-07
 9.365E-05  3.89201012471810E-07
 9.493E-05  3.99897452066841E-07
 9.623E-05  4.10887833996476E-07
 9.754E-05  4.22180234719832E-07
 9.887E-05  4.33782952558105E-07
 1.002E-04  4.45704513787115E-07
 1.016E-04  4.57953678897094E-07
 1.030E-04  4.70539449024248E-07
 1.044E-04  4.83471072558850E-07
 1.058E-04  4.96758051934720E-07
 1.073E-04  5.10410150604996E-07
 1.087E-04  5.24437400209381E-07
 1.102E-04  5.38850107938081E-07
 1.117E-04  5.53658864097801E-07
 1.132E-04  5.68874549885414E-07
 1.148E-04  5.84508345374902E-07
 1.163E-04  6.00571737723539E-07
 1.179E-04  6.17076529603175E-07
 1.195E-04  6.34034847862894E-07
 1.212E-04  6.51459152429415E-07
 1.228E-04  6.69362245451641E-07
 1.245E-04  6.87757280696157E-07
 1.262E-04  7.06657773200464E-07
 1.279E-04  7.26077609191127E-07
 1.297E-04  7.46031056274002E-07
 1.314E-04  7.66532773903968E-07
 1.332E-04  7.87597824142020E-07
 1.351E-04  8.09241682707354E-07
 1.369E-04  8.31480250332648E-07
 1.388E-04  8.54329864430911E-07
 1.407E-04  8.77807311082285E-07
 1.426E-04  9.01929837349720E-07
 1.445E-04  9.26715163932395E-07
 1.465E-04  9.52181498166229E-07
 1.485E-04  9.78347547381019E-07
 1.505E-04  1.00523253262383E-06
 1.526E-04  1.03285620275884E-06
 1.547E-04  1.06123884895386E-06
 1.568E-04  1.09040131956409E-06
 1.589E-04  1.12036503542414E-06
 1.611E-04  1.15115200555935E-06
 1.633E-04  1.18278484332781E-06
 1.655E-04  1.21528678300530E-06
 1.678E-04  1.24868169682477E-06
 1.701E-04  1.28299411248297E-06
 1.724E-04  1.31824923112737E-06
 1.748E-04  1.35447294583593E-06
 1.771E-04  1.39169186060362E-06
 1.796E-04  1.42993330984957E-06
 1.820E-04  1.46922537845880E-06
 1.845E-04  1.50959692237349E-06
 1.870E-04  1.55107758974868E-06
 1.896E-04  1.59369784268780E-06
 1.922E-04  1.63748897957407E-06
 1.948E-04  1.68248315801393E-06
 1.974E-04  1.72871341840927E-06
 2.001E-04  1.77621370817579E-06
 2.029E-04  1.82501890662496E-06
 2.056E-04  1.87516485052797E-06
 2.084E-04  1.92668836038018E-06
 2.113E-04  1.97962726738518E-06
 2.142E-04  2.03402044117846E-06
 2.171E-04  2.08990781831047E-06
 2.201E-04  2.14733043151016E-06
 2.231E-04  2.20633043975041E-06
 2.261E-04  2.26695115913688E-06
 2.292E-04  2.32923709464324E-06
 2.323E-04  2.39323397271569E-06
 2.355E-04  2.45898877477062E-06
 2.387E-04  2.52654977160967E-06
 2.420E-04  2.59596655877768E-06
 2.453E-04  2.66729009288874E-06
 2.486E-04  2.74057272894725E-06
 2.520E-04  2.81586825869105E-06
 2.555E-04  2.89323194998456E-06
 2.589E-04  2.97272058729042E-06
 2.625E-04  3.05439251324958E-06
 2.661E-04  3.13830767139967E-06
 2.697E-04  3.22452765006285E-06
 2.734E-04  3.31311572743547E-06
 2.771E-04  3.40413691791175E-06
 2.809E-04  3.49765801967570E-06
 2.847E-04  3.59374766359566E-06
 2.886E-04  3.69247636345716E-06
 2.926E-04  3.79391656757058E-06
 2.965E-04  3.89814271179111E-06
 3.006E-04  4.00523127398982E-06
 3.047E-04  4.11526083001501E-06
 3.089E-04  4.22831211118501E-06
 3.131E-04  4.34446806335401E-06
 3.174E-04  4.46381390759364E-06
 3.217E-04  4.58643720253489E-06
 3.261E-04  4.71242790841528E-06
 3.305E-04  4.84187845287785E-06
 3.350E-04  4.97488379857010E-06
 3.396E-04  5.11154151259149E-06
 3.442E-04  5.25195183784032E-06
 3.489E-04  5.39621776631160E-06
 3.537E-04  5.54444511439919E-06
 3.585E-04  5.69674260025681E-06
 3.634E-04  5.85322192327424E-06
 3.684E-04  6.01399784572596E-06
 3.734E-04  6.17918827665193E-06
 3.785E-04  6.34891435803118E-06
 3.837E-04  6.52330055331049E-06
 3.889E-04  6.70247473835256E-06
 3.942E-04  6.88656829486973E-06
 3.996E-04  7.07571620641048E-06
 4.051E-04  7.27005715696877E-06
 4.106E-04  7.46973363228749E-06
 4.162E-04  7.67489202392900E-06
 4.219E-04  7.88568273618892E-06
 4.277E-04  8.10226029592979E-06
 4.335E-04  8.32478346541453E-06
 4.394E-04  8.55341535822114E-06
 4.454E-04  8.78832355832286E-06
 4.515E-04  9.02968024241933E-06
 4.577E-04  9.27766230560768E-06
 4.639E-04  9.53245149048434E-06
 4.702E-04  9.79423451977089E-06
 4.767E-04  1.00632032325594E-05
 4.832E-04  1.03395547242763E-05
 4.898E-04  1.06234914904655E-05
 4.965E-04  1.09152215744946E-05
 5.032E-04  1.12149587192910E-05
 5.101E-04  1.15229225232175E-05
 5.171E-04  1.18393386001990E-05
 5.241E-04  1.21644387442171E-05
 5.313E-04  1.24984610982910E-05
 5.385E-04  1.28416503280646E-05
 5.459E-04  1.31942578001284E-05
 5.533E-04  1.35565417652014E-05
 5.609E-04  1.39287675463067E-05
 5.686E-04  1.43112077320762E-05
 5.763E-04  1.47041423753230E-05
 5.842E-04  1.51078591970247E-05
 5.922E-04  1.55226537958647E-05
 6.002E-04  1.59488298634818E-05
 6.084E-04  1.63866994055826E-05
 6.167E-04  1.68365829690767E-05
 6.252E-04  1.72988098753970E-05
 6.337E-04  1.77737184601729E-05
 6.423E-04  1.82616563194287E-05
 6.511E-04  1.87629805624841E-05
 6.600E-04  1.92780580717378E-05
 6.690E-04  1.98072657695210E-05
 6.782E-04  2.03509908922120E-05
 6.874E-04  2.09096312718088E-05
 6.968E-04  2.14835956251608E-05
 7.063E-04  2.20733038510675E-05
 7.160E-04  2.26791873354562E-05
 7.257E-04  2.33016892648591E-05
 7.356E-04  2.39412649484103E-05
 7.457E-04  2.45983821485982E-05
 7.559E-04  2.52735214210051E-05
 7.662E-04  2.59671764632798E-05
 7.766E-04  2.66798544735911E-05
 7.872E-04  2.74120765188198E-05
 7.980E-04  2.81643779127494E-05
 8.089E-04  2.89373086045283E-05
 8.199E-04  2.97314335776794E-05
 8.311E-04  3.05473332599406E-05
 8.425E-04  3.13856039442300E-05
 8.540E-04  3.22468582210351E-05
 8.656E-04  3.31317254225336E-05
 8.774E-04  3.40408520787620E-05
 8.894E-04  3.49749023861574E-05
 9.016E-04  3.59345586888047E-05
 9.139E-04  3.69205219727307E-05
 9.264E-04  3.79335123735995E-05
 9.390E-04  3.89742696981651E-05
 9.518E-04  4.00435539598554E-05
 9.648E-04  4.11421459288643E-05
 9.780E-04  4.22708476971459E-05
 9.913E-04  4.34304832587067E-05
 1.005E-03  4.46218991056092E-05
 1.019E-03  4.58459648401108E-05
 1.032E-03  4.71035738033664E-05
 1.047E-03  4.83956437211438E-05
 1.061E-03  4.97231173670059E-05
 1.075E-03  5.10869632434291E-05
 1.090E-03  5.24881762813379E-05
 1.105E-03  5.39277785585509E-05
 1.120E-03  5.54068200376432E-05
 1.135E-03  5.69263793237465E-05
 1.151E-03  5.84875644428199E-05
 1.167E-03  6.00915136409396E-05
 1.182E-03  6.17393962051703E-05
 1.199E-03  6.34324133065941E-05
 1.215E-03  6.51717988660909E-05
 1.232E-03  6.69588204434770E-05
 1.248E-03  6.87947801506263E-05
 1.265E-03  7.06810155892155E-05
 1.283E-03  7.26189008137477E-05
 1.300E-03  7.46098473205319E-05
 1.318E-03  7.66553050633089E-05
 1.336E-03  7.87567634962337E-05
 1.354E-03  8.09157526449443E-05
 1.373E-03  8.31338442064646E-05
 1.391E-03  8.54126526787079E-05
 1.410E-03  8.77538365203698E-05
 1.430E-03  9.01590993420190E-05
 1.449E-03  9.26301911292130E-05
 1.469E-03  9.51689094984928E-05
 1.489E-03  9.77771009871279E-05
 1.509E-03  1.00456662377507E-04
 1.530E-03  1.03209542057094E-04
 1.551E-03  1.06037741414896E-04
 1.572E-03  1.08943316275403E-04
 1.593E-03  1.11928378370998E-04
 1.615E-03  1.14995096853858E-04
 1.637E-03  1.18145699848383E-04
 1.660E-03  1.21382476045228E-04
 1.682E-03  1.24707776338049E-04
 1.705E-03  1.28124015504066E-04
 1.729E-03  1.31633673929629E-04
 1.752E-03  1.35239299381949E-04
 1.776E-03  1.38943508828232E-04
 1.800E-03  1.42748990303452E-04
 1.825E-03  1.46658504828044E-04
 1.850E-03  1.50674888376847E-04
 1.875E-03  1.54801053900615E-04
 1.901E-03  1.59039993401520E-04
 1.927E-03  1.63394780064015E-04
 1.953E-03  1.67868570442558E-04
 1.980E-03  1.72464606707662E-04
 2.007E-03  1.77186218951795E-04
 2.034E-03  1.82036827556726E-04
 2.062E-03  1.87019945623899E-04
 2.090E-03  1.92139181469494E-04
 2.118E-03  1.97398241185870E-04
 2.147E-03  2.02800931271114E-04
 2.177E-03  2.08351161328490E-04
 2.206E-03  2.14052946837589E-04
 2.236E-03  2.19910411999073E-04
 2.267E-03  2.25927792654909E-04
 2.298E-03  2.32109439286076E-04
 2.329E-03  2.38459820089736E-04
 2.361E-03  2.44983524137967E-04
 2.393E-03  2.51685264620138E-04
 2.426E-03  2.58569882171124E-04
 2.459E-03  2.65642348287574E-04
 2.493E-03  2.72907768834508E-04
 2.527E-03  2.80371387644593E-04
 2.561E-03  2.88038590212476E-04
 2.596E-03  2.95914907486646E-04
 2.632E-03  3.04006019761331E-04
 2.668E-03  3.12317760671004E-04
 2.704E-03  3.20856121290154E-04
 2.741E-03  3.29627254341022E-04
 2.778E-03  3.38637478512069E-04
 2.816E-03  3.47893282890035E-04
 2.855E-03  3.57401331508488E-04
 2.894E-03  3.67168468015853E-04
 2.933E-03  3.77201720465985E-04
 2.973E-03  3.87508306234398E-04
 3.014E-03  3.98095637063390E-04
 3.055E-03  4.08971324239320E-04
 3.097E-03  4.20143183905427E-04
 3.139E-03  4.31619242513625E-04
 3.182E-03  4.43407742418822E-04
 3.225E-03  4.55517147619361E-04
 3.269E-03  4.67956149647310E-04
 3.314E-03  4.80733673612382E-04
 3.359E-03  4.93858884403370E-04
 3.405E-03  5.07341193051088E-04
 3.452E-03  5.21190263256881E-04
 3.499E-03  5.35416018090880E-04
 3.546E-03  5.50028646864272E-04
 3.595E-03  5.65038612179958E-04
 3.644E-03  5.80456657166079E-04
 3.694E-03  5.96293812896977E-04
 3.744E-03  6.12561406006302E-04
 3.795E-03  6.29271066497049E-04
 3.847E-03  6.46434735753445E-04
 3.900E-03  6.64064674759707E-04
 3.953E-03  6.82173472530821E-04
 4.007E-03  7.00774054760611E-04
 4.061E-03  7.19879692692470E-04
 4.117E-03  7.39504012218274E-04
 4.173E-03  7.59661003211117E-04
 4.230E-03  7.80365029097630E-04
 4.288E-03  8.01630836675786E-04
 4.346E-03  8.23473566184217E-04
 4.406E-03  8.45908761629234E-04
 4.466E-03  8.68952381375830E-04
 4.527E-03  8.92620809009157E-04
 4.589E-03  9.16930864473033E-04
 4.651E-03  9.41899815492264E-04
 4.715E-03  9.67545389285659E-04
 4.779E-03  9.93885784576783E-04
 4.844E-03  1.02093968390968E-03
 4.911E-03  1.04872626627689E-03
 4.978E-03  1.07726522006734E-03
 5.046E-03  1.10657675634175E-03
 5.114E-03  1.13668162244348E-03
 5.184E-03  1.16760111595273E-03
 5.255E-03  1.19935709899247E-03
 5.327E-03  1.23197201289430E-03
 5.400E-03  1.26546889323293E-03
 5.473E-03  1.29987138523800E-03
 5.548E-03  1.33520375959206E-03
 5.624E-03  1.37149092862397E-03
 5.700E-03  1.40875846290696E-03
 5.778E-03  1.44703260827086E-03
 5.857E-03  1.48634030323811E-03
 5.937E-03  1.52670919689365E-03
 6.018E-03  1.56816766719853E-03
 6.100E-03  1.61074483975784E-03
 6.184E-03  1.65447060705310E-03
 6.268E-03  1.69937564815025E-03
 6.354E-03  1.74549144889384E-03
 6.440E-03  1.79285032259875E-03
 6.528E-03  1.84148543125075E-03
 6.617E-03  1.89143080722753E-03
 6.708E-03  1.94272137555201E-03
 6.799E-03  1.99539297668991E-03
 6.892E-03  2.04948238990405E-03
 6.986E-03  2.10502735717758E-03
 7.082E-03  2.16206660771917E-03
 7.178E-03  2.22063988306307E-03
 7.276E-03  2.28078796277707E-03
 7.376E-03  2.34255269079210E-03
 7.476E-03  2.40597700236699E-03
 7.578E-03  2.47110495170237E-03
 7.682E-03  2.53798174021798E-03
 7.787E-03  2.60665374550769E-03
 7.893E-03  2.67716855098707E-03
 8.001E-03  2.74957497624838E-03
 8.110E-03  2.82392310813810E-03
 8.221E-03  2.90026433257267E-03
 8.333E-03  2.97865136710783E-03
 8.447E-03  3.05913829427777E-03
 8.562E-03  3.14178059572019E-03
 8.679E-03  3.22663518710375E-03
 8.798E-03  3.31376045387455E-03
 8.918E-03  3.40321628783877E-03
 9.039E-03  3.49506412459854E-03
 9.163E-03  3.58936698185857E-03
 9.288E-03  3.68618949862128E-03
 9.415E-03  3.78559797528837E-03
 9.543E-03  3.88766041468710E-03
 9.674E-03  3.99244656403962E-03
 9.806E-03  4.10002795789424E-03
 9.940E-03  4.21047796203743E-03
 1.008E-02  4.32387181840575E-03
 1.021E-02  4.44028669101723E-03
 1.035E-02  4.55980171294167E-03
 1.049E-02  4.68249803432983E-03
 1.064E-02  4.80845887152159E-03
 1.078E-02  4.93776955725320E-03
 1.093E-02  5.07051759198437E-03
 1.108E-02  5.20679269636559E-03
 1.123E-02  5.34668686486676E-03
 1.138E-02  5.49029442058810E-03
 1.154E-02  5.63771207127450E-03
 1.170E-02  5.78903896655478E-03
 1.186E-02  5.94437675642729E-03
 1.202E-02  6.10382965101360E-03
 1.218E-02  6.26750448160197E-03
 1.235E-02  6.43551076300256E-03
 1.252E-02  6.60796075723637E-03
 1.269E-02  6.78496953857987E-03
 1.286E-02  6.96665505998770E-03
 1.304E-02  7.15313822091528E-03
 1.321E-02  7.34454293656393E-03
 1.339E-02  7.54099620857037E-03
 1.358E-02  7.74262819716307E-03
 1.376E-02  7.94957229480750E-03
 1.395E-02  8.16196520136247E-03
 1.414E-02  8.37994700076952E-03
 1.433E-02  8.60366123929745E-03
 1.453E-02  8.83325500536360E-03
 1.473E-02  9.06887901095371E-03
 1.493E-02  9.31068767466167E-03
 1.513E-02  9.55883920637049E-03
 1.534E-02  9.81349569359534E-03
 1.555E-02  1.00748231895095E-02
 1.576E-02  1.03429918026734E-02
 1.598E-02  1.06181757884867E-02
 1.619E-02  1.09005536423834E-02
 1.642E-02  1.11903081947881E-02
 1.664E-02  1.14876267078532E-02
 1.687E-02  1.17927009739944E-02
 1.710E-02  1.21057274162421E-02
 1.733E-02  1.24269071904251E-02
 1.757E-02  1.27564462892038E-02
 1.781E-02  1.30945556479671E-02
 1.805E-02  1.34414512526078E-02
 1.830E-02  1.37973542491908E-02
 1.855E-02  1.41624910555258E-02
 1.880E-02  1.45370934746570E-02
 1.906E-02  1.49213988102796E-02
 1.932E-02  1.53156499840937E-02
 1.958E-02  1.57200956551022E-02
 1.985E-02  1.61349903408605E-02
 2.012E-02  1.65605945406844E-02
 2.039E-02  1.69971748608177E-02
 2.067E-02  1.74450041415642E-02
 2.095E-02  1.79043615863839E-02
 2.124E-02  1.83755328929518E-02
 2.153E-02  1.88588103861781E-02
 2.182E-02  1.93544931531827E-02
 2.212E-02  1.98628871802186E-02
 2.242E-02  2.03843054915345E-02
 2.273E-02  2.09190682901649E-02
 2.304E-02  2.14675031006344E-02
 2.335E-02  2.20299449135585E-02
 2.367E-02  2.26067363321229E-02
 2.400E-02  2.31982277204190E-02
 2.432E-02  2.38047773536091E-02
 2.466E-02  2.44267515698961E-02
 2.499E-02  2.50645249242628E-02
 2.533E-02  2.57184803439485E-02
 2.568E-02  2.63890092856237E-02
 2.603E-02  2.70765118942198E-02
 2.639E-02  2.77813971633690E-02
 2.675E-02  2.85040830974030E-02
 2.711E-02  2.92449968748573E-02
 2.748E-02  3.00045750134200E-02
 2.786E-02  3.07832635362634E-02
 2.824E-02  3.15815181396891E-02
 2.862E-02  3.23998043620122E-02
 2.901E-02  3.32385977536067E-02
 2.941E-02  3.40983840480272E-02
 2.981E-02  3.49796593341162E-02
 3.022E-02  3.58829302290019E-02
 3.063E-02  3.68087140518833E-02
 3.105E-02  3.77575389984931E-02
 3.147E-02  3.87299443161250E-02
 3.190E-02  3.97264804791006E-02
 3.234E-02  4.07477093645478E-02
 3.278E-02  4.17942044283519E-02
 3.323E-02  4.28665508811367E-02
 3.368E-02  4.39653458641203E-02
 3.414E-02  4.50911986246854E-02
 3.461E-02  4.62447306914944E-02
 3.508E-02  4.74265760489698E-02
 3.556E-02  4.86373813109520E-02
 3.604E-02  4.98778058933370E-02
 3.654E-02  5.11485221854861E-02
 3.703E-02  5.24502157201914E-02
 3.754E-02  5.37835853419656E-02
 3.805E-02  5.51493433734220E-02
 3.857E-02  5.65482157794902E-02
 3.910E-02  5.79809423292074E-02
 3.963E-02  5.94482767548134E-02
 4.017E-02  6.09509869078601E-02
 4.072E-02  6.24898549120413E-02
 4.128E-02  6.40656773124273E-02
 4.184E-02  6.56792652207846E-02
 4.241E-02  6.73314444566371E-02
 4.299E-02  6.90230556837231E-02
 4.358E-02  7.07549545414749E-02
 4.417E-02  7.25280117711458E-02
 4.478E-02  7.43431133361844E-02
 4.539E-02  7.62011605364460E-02
 4.601E-02  7.81030701158137E-02
 4.664E-02  8.00497743627854E-02
 4.727E-02  8.20422212035653E-02
 4.792E-02  8.40813742871860E-02
 4.857E-02  8.61682130621628E-02
 4.924E-02  8.83037328441721E-02
 4.991E-02  9.04889448742224E-02
 5.059E-02  9.27248763667695E-02
 5.128E-02  9.50125705472117E-02
 5.198E-02  9.73530866781773E-02
 5.269E-02  9.97475000740015E-02
 5.341E-02  1.02196902102769E-01
 5.414E-02  1.04702400175280E-01
 5.488E-02  1.07265117720271E-01
 5.563E-02  1.09886194145216E-01
 5.639E-02  1.12566784781997E-01
 5.716E-02  1.15308060816724E-01
 5.794E-02  1.18111209202956E-01
 5.873E-02  1.20977432557561E-01
 5.953E-02  1.23907949038429E-01
 6.034E-02  1.26903992203226E-01
 6.116E-02  1.29966810848367E-01
 6.200E-02  1.33097668827355E-01
 6.285E-02  1.36297844847615E-01
 6.370E-02  1.39568632244934E-01
 6.457E-02  1.42911338734603E-01
 6.546E-02  1.46327286138310E-01
 6.635E-02  1.49817810085849E-01
 6.725E-02  1.53384259690669E-01
 6.817E-02  1.57027997198268E-01
 6.910E-02  1.60750397606414E-01
 7.005E-02  1.64552848256185E-01
 7.100E-02  1.68436748392754E-01
 7.197E-02  1.72403508694867E-01
 7.296E-02  1.76454550771937E-01
 7.395E-02  1.80591306627636E-01
 7.496E-02  1.84815218088885E-01
 7.598E-02  1.89127736199115E-01
 7.702E-02  1.93530320574648E-01
 7.807E-02  1.98024438723039E-01
 7.914E-02  2.02611565322234E-01
 8.022E-02  2.07293181459349E-01
 8.132E-02  2.12070773827888E-01
 8.243E-02  2.16945833882222E-01
 8.355E-02  2.21919856948120E-01
 8.469E-02  2.26994341288139E-01
 8.585E-02  2.32170787120667E-01
 8.702E-02  2.37450695591425E-01
 8.821E-02  2.42835567696229E-01
 8.941E-02  2.48326903153809E-01
 9.063E-02  2.53926199227520E-01
 9.187E-02  2.59634949494746E-01
 9.312E-02  2.65454642562854E-01
 9.440E-02  2.71386760730536E-01
 9.568E-02  2.77432778593427E-01
 9.699E-02  2.83594161592872E-01
 9.831E-02  2.89872364506780E-01
 9.966E-02  2.96268829881504E-01
 1.010E-01  3.02784986403726E-01
 1.024E-01  3.09422247211369E-01
 1.038E-01  3.16182008142595E-01
 1.052E-01  3.23065645921978E-01
 1.066E-01  3.30074516283027E-01
 1.081E-01  3.37209952026244E-01
 1.096E-01  3.44473261011993E-01
 1.111E-01  3.51865724087513E-01
 1.126E-01  3.59388592947455E-01
 1.141E-01  3.67043087927441E-01
 1.157E-01  3.74830395730172E-01
 1.173E-01  3.82751667083750E-01
 1.189E-01  3.90808014331921E-01
 1.205E-01  3.99000508956083E-01
 1.221E-01  4.07330179028984E-01
 1.238E-01  4.15798006600165E-01
 1.255E-01  4.24404925013290E-01
 1.272E-01  4.33151816155671E-01
 1.289E-01  4.42039507640386E-01
 1.307E-01  4.51068769921565E-01
 1.325E-01  4.60240313343519E-01
 1.343E-01  4.69554785124596E-01
 1.361E-01  4.79012766276747E-01
 1.380E-01  4.88614768462017E-01
 1.399E-01  4.98361230787291E-01
 1.418E-01  5.08252516538847E-01
 1.437E-01  5.18288909858459E-01
 1.457E-01  5.28470612362959E-01
 1.477E-01  5.38797739709416E-01
 1.497E-01  5.49270318108272E-01
 1.517E-01  5.59888280787012E-01
 1.538E-01  5.70651464407176E-01
 1.559E-01  5.81559605437751E-01
 1.580E-01  5.92612336488226E-01
 1.602E-01  6.03809182604855E-01
 1.624E-01  6.15149557533920E-01
 1.646E-01  6.26632759956058E-01
 1.668E-01  6.38257969695986E-01
 1.691E-01  6.50024243912248E-01
 1.714E-01  6.61930513271872E-01
 1.738E-01  6.73975578115122E-01
 1.761E-01  6.86158104615858E-01
 1.785E-01  6.98476620943255E-01
 1.810E-01  7.10929513430998E-01
 1.834E-01  7.23515022760334E-01
 1.860E-01  7.36231240163700E-01
 1.885E-01  7.49076103655948E-01
 1.911E-01  7.62047394300508E-01
 1.937E-01  7.75142732518132E-01
 1.963E-01  7.88359574446204E-01
 1.990E-01  8.01695208356890E-01
 2.017E-01  8.15146751142737E-01
 2.045E-01  8.28711144878621E-01
 2.073E-01  8.42385153469260E-01
 2.101E-01  8.56165359391828E-01
 2.130E-01  8.70048160543452E-01
 2.159E-01  8.84029767203733E-01
 2.188E-01  8.98106199122640E-01
 2.218E-01  9.12273282744449E-01
 2.248E-01  9.26526648578638E-01
 2.279E-01  9.40861728728891E-01
 2.310E-01  9.55273754591593E-01
 2.342E-01  9.69757754735449E-01
 2.374E-01  9.84308552974004E-01
 2.406E-01  9.98920766643060E-01
 2.439E-01  1.01358880509515E+00
 2.472E-01  1.02830686842332E+00
 2.506E-01  1.04306894642667E+00
 2.540E-01  1.05786881783005E+00
 2.575E-01  1.07270004977056E+00
 2.610E-01  1.08755599756336E+00
 2.646E-01  1.10242980475942E+00
 2.682E-01  1.11731440350764E+00
 2.718E-01  1.13220251523406E+00
 2.755E-01  1.14708665165021E+00
 2.793E-01  1.16195911610314E+00
 2.831E-01  1.17681200527902E+00
 2.870E-01  1.19163721127220E+00
 2.909E-01  1.20642642403122E+00
 2.949E-01  1.22117113419325E+00
 2.989E-01  1.23586263631761E+00
 3.030E-01  1.25049203252905E+00
 3.071E-01  1.26505023658083E+00
 3.113E-01  1.27952797834713E+00
 3.156E-01  1.29391580875384E+00
 3.199E-01  1.30820410515615E+00
 3.242E-01  1.32238307717065E+00
 3.287E-01  1.33644277296914E+00
 3.331E-01  1.35037308604030E+00
 3.377E-01  1.36416376242483E+00
 3.423E-01  1.37780440842864E+00
 3.470E-01  1.39128449881787E+00
 3.517E-01  1.40459338549830E+00
 3.565E-01  1.41772030668124E+00
 3.614E-01  1.43065439653605E+00
 3.663E-01  1.44338469532934E+00
 3.713E-01  1.45590016004876E+00
 3.764E-01  1.46818967550875E+00
 3.815E-01  1.48024206593412E+00
 3.867E-01  1.49204610701577E+00
 3.920E-01  1.50359053843212E+00
 3.974E-01  1.51486407682760E+00
 4.028E-01  1.52585542923901E+00
 4.083E-01  1.53655330695832E+00
 4.139E-01  1.54694643981947E+00
 4.195E-01  1.55702359089510E+00
 4.252E-01  1.56677357158742E+00
 4.311E-01  1.57618525709620E+00
 4.369E-01  1.58524760224493E+00
 4.429E-01  1.59394965764489E+00
 4.489E-01  1.60228058617522E+00
 4.551E-01  1.61022967975536E+00
 4.613E-01  1.61778637638487E+00
 4.676E-01  1.62494027742394E+00
 4.740E-01  1.63168116508635E+00
 4.804E-01  1.63799902011529E+00
 4.870E-01  1.64388403961066E+00
 4.936E-01  1.64932665497535E+00
 5.004E-01  1.65431754994647E+00
 5.072E-01  1.65884767867592E+00
 5.141E-01  1.66290828382385E+00
 5.212E-01  1.66649091462693E+00
 5.283E-01  1.66958744490232E+00
 5.355E-01  1.67219009094727E+00
 5.428E-01  1.67429142929302E+00
 5.502E-01  1.67588441427100E+00
 5.577E-01  1.67696239534834E+00
 5.653E-01  1.67751913418911E+00
 5.731E-01  1.67754882139694E+00
 5.809E-01  1.67704609289436E+00
 5.888E-01  1.67600604589373E+00
 5.969E-01  1.67442425441424E+00
 6.050E-01  1.67229678429964E+00
 6.133E-01  1.66962020769105E+00
 6.216E-01  1.66639161690955E+00
 6.301E-01  1.66260863770342E+00
 6.387E-01  1.65826944181531E+00
 6.474E-01  1.65337275882534E+00
 6.563E-01  1.64791788722659E+00
 6.652E-01  1.64190470469059E+00
 6.743E-01  1.63533367748109E+00
 6.835E-01  1.62820586897599E+00
 6.929E-01  1.62052294725814E+00
 7.023E-01  1.61228719173755E+00
 7.119E-01  1.60350149876896E+00
 7.216E-01  1.59416938623063E+00
 7.315E-01  1.58429499703188E+00
 7.415E-01  1.57388310151915E+00
 7.516E-01  1.56293909875261E+00
 7.618E-01  1.55146901662717E+00
 7.723E-01  1.53947951081495E+00
 7.828E-01  1.52697786250804E+00
 7.935E-01  1.51397197494370E+00
 8.043E-01  1.50047036869651E+00
 8.153E-01  1.48648217572519E+00
 8.264E-01  1.47201713216454E+00
 8.377E-01  1.45708556985624E+00
 8.491E-01  1.44169840661536E+00
 8.607E-01  1.42586713523265E+00
 8.725E-01  1.40960381121606E+00
 8.844E-01  1.39292103927817E+00
 8.965E-01  1.37583195857990E+00
 9.087E-01  1.35835022674400E+00
 9.211E-01  1.34049000265565E+00
 9.337E-01  1.32226592807067E+00
 9.464E-01  1.30369310805568E+00
 9.594E-01  1.28478709028789E+00
 9.725E-01  1.26556384324573E+00
 9.857E-01  1.24603973332507E+00
 9.992E-01  1.22623150091926E+00
 1.013E+00  1.20615623550455E+00
 1.027E+00  1.18583134977601E+00
 1.041E+00  1.16527455288207E+00
 1.055E+00  1.14450382280940E+00
 1.069E+00  1.12353737797283E+00
 1.084E+00  1.10239364806802E+00
 1.099E+00  1.08109124424763E+00
 1.114E+00  1.05964892868470E+00
 1.129E+00  1.03808558358954E+00
 1.144E+00  1.01642017974891E+00
 1.160E+00  9.94671744659173E-01
 1.176E+00  9.72859330326885E-01
 1.192E+00  9.51001980812682E-01
 1.208E+00  9.29118699596356E-01
 1.225E+00  9.07228416842607E-01
 1.241E+00  8.85349956648645E-01
 1.258E+00  8.63502004356180E-01
 1.275E+00  8.41703074011490E-01
 1.293E+00  8.19971476058203E-01
 1.310E+00  7.98325285348124E-01
 1.328E+00  7.76782309555917E-01
 1.347E+00  7.55360058083626E-01
 1.365E+00  7.34075711540988E-01
 1.384E+00  7.12946091887149E-01
 1.402E+00  6.91987633318771E-01
 1.422E+00  6.71216353988644E-01
 1.441E+00  6.50647828637679E-01
 1.461E+00  6.30297162221698E-01
 1.481E+00  6.10178964612592E-01
 1.501E+00  5.90307326451302E-01
 1.521E+00  5.70695796227630E-01
 1.542E+00  5.51357358659114E-01
 1.563E+00  5.32304414438099E-01
 1.584E+00  5.13548761412718E-01
 1.606E+00  4.95101577263745E-01
 1.628E+00  4.76973403735197E-01
 1.650E+00  4.59174132472203E-01
 1.673E+00  4.41712992514903E-01
 1.696E+00  4.24598539492178E-01
 1.719E+00  4.07838646553676E-01
 1.742E+00  3.91440497073027E-01
 1.766E+00  3.75410579149267E-01
 1.790E+00  3.59754681927423E-01
 1.815E+00  3.44477893752838E-01
 1.839E+00  3.29584602167293E-01
 1.864E+00  3.15078495748268E-01
 1.890E+00  3.00962567785781E-01
 1.916E+00  2.87239121784274E-01
 1.942E+00  2.73909778769887E-01
 1.968E+00  2.60975486376338E-01
 1.995E+00  2.48436529675442E-01
 2.022E+00  2.36292543711143E-01
 2.050E+00  2.24542527688866E-01
 2.078E+00  2.13184860764973E-01
 2.106E+00  2.02217319374299E-01
 2.135E+00  1.91637096027051E-01
 2.164E+00  1.81440819499976E-01
 2.194E+00  1.71624576340535E-01
 2.224E+00  1.62183933597035E-01
 2.254E+00  1.53113962682205E-01
 2.285E+00  1.44409264272710E-01
 2.316E+00  1.36063994142489E-01
 2.348E+00  1.28071889823758E-01
 2.380E+00  1.20426297985965E-01
 2.412E+00  1.13120202420003E-01
 2.445E+00  1.06146252512617E-01
 2.479E+00  9.94967920941859E-02
 2.513E+00  9.31638885419390E-02
 2.547E+00  8.71393620202408E-02
 2.582E+00  8.14148147397945E-02
 2.617E+00  7.59816601185380E-02
 2.653E+00  7.08311517286057E-02
 2.689E+00  6.59544119160125E-02
 2.725E+00  6.13424599826717E-02
 2.763E+00  5.69862398239657E-02
 2.800E+00  5.28766469193378E-02
 2.839E+00  4.90045545782158E-02
 2.877E+00  4.53608393490070E-02
 2.917E+00  4.19364055048531E-02
 2.956E+00  3.87222085262830E-02
 2.997E+00  3.57092775077838E-02
 3.038E+00  3.28887364225798E-02
 3.079E+00  3.02518241875179E-02
 3.121E+00  2.77899134778198E-02
 3.164E+00  2.54945282495478E-02
 3.207E+00  2.33573599358434E-02
 3.251E+00  2.13702822912989E-02
 3.295E+00  1.95253648671205E-02
 3.340E+00  1.78148851079906E-02
 3.386E+00  1.62313390696553E-02
 3.432E+00  1.47674507642015E-02
 3.479E+00  1.34161801476666E-02
 3.526E+00  1.21707297720040E-02
 3.575E+00  1.10245501304390E-02
 3.623E+00  9.97134373184740E-03
 3.673E+00  9.00506794592888E-03
 3.723E+00  8.11993666658537E-03
 3.774E+00  7.31042084601720E-03
 3.825E+00  6.57124795658858E-03
 3.878E+00  5.89740044146622E-03
 3.930E+00  5.28411321838367E-03
 3.984E+00  4.72687030362090E-03
 4.039E+00  4.22140062540974E-03
 4.094E+00  3.76367309748490E-03
 4.150E+00  3.34989102440650E-03
 4.206E+00  2.97648591059928E-03
 4.264E+00  2.64011074480651E-03
 4.322E+00  2.33763283087009E-03
 4.381E+00  2.06612623445197E-03
 4.441E+00  1.82286391354323E-03
 4.501E+00  1.60530959840202E-03
 4.563E+00  1.41110948396467E-03
 4.625E+00  1.23808379482720E-03
 4.688E+00  1.08421827964573E-03
 4.752E+00  9.47655688298559E-04
 4.817E+00  8.26687281439711E-04
 4.883E+00  7.19744418199244E-04
 4.950E+00  6.25390263797624E-04
 5.017E+00  5.42311654784454E-04
 5.086E+00  4.69311155530204E-04
 5.155E+00  4.05299335534220E-04
 5.225E+00  3.49287293102264E-04
 5.297E+00  3.00379447027619E-04
 5.369E+00  2.57766614113993E-04
 5.442E+00  2.20719386734818E-04
 5.517E+00  1.88581821157230E-04
 5.592E+00  1.60765444091508E-04
 5.668E+00  1.36743581875402E-04
 5.746E+00  1.16046013881475E-04
 5.824E+00  9.82539491541505E-05
 5.904E+00  8.29953229480612E-05
 5.984E+00  6.99404077534005E-05
 6.066E+00  5.87977315570310E-05
 6.149E+00  4.93102944968359E-05
 6.233E+00  4.12520737152548E-05
 6.318E+00  3.44248050977924E-05
 6.404E+00  2.86550296830964E-05
 6.491E+00  2.37913918407897E-05
 6.580E+00  1.97021758179878E-05
 6.670E+00  1.62730669406022E-05
 6.761E+00  1.34051236055688E-05
 6.853E+00  1.10129461990013E-05
 6.947E+00  9.02302920663497E-06
 7.042E+00  7.37228303054625E-06
 7.138E+00  6.00671237397047E-06
 7.235E+00  4.88023848853724E-06
 7.334E+00  3.95365308048083E-06
 7.434E+00  3.19369223022297E-06
 7.536E+00  2.57221927994459E-06
 7.639E+00  2.06550627414422E-06
 7.743E+00  1.65360418757603E-06
 7.849E+00  1.31979283334145E-06
 7.956E+00  1.05010200237805E-06
 8.064E+00  8.32896036385550E-07
 8.174E+00  6.58514672699516E-07
 8.286E+00  5.18963616189598E-07
 8.399E+00  4.07648885367580E-07
 8.514E+00  3.19149543944740E-07
 8.630E+00  2.49023962372695E-07
 8.748E+00  1.93645254540922E-07
 8.867E+00  1.50062001615989E-07
 8.988E+00  1.15880807592942E-07
 9.111E+00  8.91677938533377E-08
 9.235E+00  6.83670525436382E-08
 9.362E+00  5.22285340265646E-08
 9.489E+00  3.97529735551792E-08
 9.619E+00  3.01446722425088E-08
 9.750E+00  2.27723959929442E-08
 9.883E+00  1.71372781101349E-08
 1.002E+01  1.28465747018579E-08
 1.016E+01  9.59229095389151E-09
 1.029E+01  7.13384425030139E-09
 1.043E+01  5.28405889552415E-09
 1.058E+01  3.89789875963880E-09
 1.072E+01  2.86344033813298E-09
 1.087E+01  2.09467120098613E-09
 1.102E+01  1.52576919666472E-09
 1.117E+01  1.10657754657653E-09
 1.132E+01  7.99041462418564E-10
 1.147E+01  5.74414366636485E-10
 1.163E+01  4.11077297702816E-10
 1.179E+01  2.92844623263014E-10
 1.195E+01  2.07653640761908E-10
 1.211E+01  1.46555788450086E-10
 1.228E+01  1.02943694909405E-10
 1.245E+01  7.19617493659425E-11
 1.262E+01  5.00587848434789E-11
 1.279E+01  3.46502663007097E-11
 1.296E+01  2.38644366463376E-11
 1.314E+01  1.63525084629480E-11
 1.332E+01  1.11474620984730E-11
 1.350E+01  7.55954188436259E-12
 1.368E+01  5.09931461171700E-12
 1.387E+01  3.42131903156414E-12
 1.406E+01  2.28301583202716E-12
 1.425E+01  1.51504512535492E-12
 1.445E+01  9.99794577655124E-13
 1.464E+01  6.56041583948103E-13
 1.484E+01  4.28009794502111E-13
 1.505E+01  2.77615491974532E-13
 1.525E+01  1.79005665310394E-13
 1.546E+01  1.14732882868028E-13
 1.567E+01  7.30922905276377E-14
 1.589E+01  4.62787660697300E-14
 1.610E+01  2.91193722630054E-14
 1.632E+01  1.82068699726091E-14
 1.655E+01  1.13110811218167E-14
 1.677E+01  6.98152785118165E-15
 1.700E+01  4.28090737344358E-15
 1.723E+01  2.60748083980780E-15
 1.747E+01  1.57749054692305E-15
 1.771E+01  9.47834723061238E-16
 1.795E+01  5.65559093431272E-16
 1.819E+01  3.35090141182950E-16
 1.844E+01  1.97125039512799E-16
 1.869E+01  1.15126696565120E-16
 1.895E+01  6.67454162188639E-17
 1.921E+01  3.84091290193276E-17
 1.947E+01  2.19366823600981E-17
 1.974E+01  1.24332930158433E-17
 2.000E+01  6.99253700774086E-18
 2.028E+01  3.90185197442300E-18
 2.055E+01  2.15996948889650E-18
 2.084E+01  1.18609101938522E-18
 2.112E+01  6.46002367991081E-19
 2.141E+01  3.48937267588163E-19
 2.170E+01  1.86899678496502E-19
 2.200E+01  9.92585281625785E-20
 2.230E+01  5.22606287048326E-20
 2.260E+01  2.72758129694096E-20
 2.291E+01  1.41099379476540E-20
 2.322E+01  7.23376125316704E-21
 2.354E+01  3.67486615329247E-21
 2.386E+01  1.84970750320727E-21
 2.419E+01  9.22346105098742E-22
 2.452E+01  4.55573553048445E-22
 2.485E+01  2.22864274096887E-22
 2.519E+01  1.07964912374164E-22
 2.554E+01  5.17877607433803E-23
 2.588E+01  2.45932109553123E-23
 2.624E+01  1.15607878081843E-23
 2.660E+01  5.37877514499739E-24
 2.696E+01  2.47652067563081E-24
 2.733E+01  1.12822076248385E-24
 2.770E+01  5.08500111569050E-25
 2.808E+01  2.26705515560920E-25
 2.846E+01  9.99637663662352E-26
 2.885E+01  4.35880220707120E-26
 2.924E+01  1.87918431121567E-26
 2.964E+01  8.00906807853406E-27
 3.005E+01  3.37393558823830E-27
 3.046E+01  1.40463876713678E-27
 3.087E+01  5.77823887632844E-28
 3.130E+01  2.34832534336987E-28
 3.172E+01  9.42716149170021E-29
 3.216E+01  3.73758022453858E-29
 3.259E+01  1.46323127743483E-29
 3.304E+01  5.65552943548144E-30
 3.349E+01  2.15772118679311E-30
 3.395E+01  8.12460083484343E-31
 3.441E+01  3.01866699237078E-31
 3.488E+01  1.10651061231442E-31
 3.536E+01  4.00076286582486E-32
 3.584E+01  1.42657767087439E-32
 3.633E+01  5.01569162325141E-33
 3.683E+01  1.73846236256968E-33
 3.733E+01  5.93900822300453E-34
 3.784E+01  1.99935844245316E-34
 3.835E+01  6.63144595377766E-35
 3.888E+01  2.16659719073394E-35
 3.941E+01  6.97125203307225E-36
 3.995E+01  2.20859005705722E-36
 4.049E+01  6.88809215033215E-37
 4.104E+01  2.11431063726673E-37
 4.161E+01  6.38601376626816E-38
 4.217E+01  1.89751837909604E-38
 4.275E+01  5.54548773123571E-39
 4.333E+01  1.59364759334782E-39
 4.392E+01  4.50239300303479E-40
 4.452E+01  1.25023442632968E-40
 4.513E+01  3.41140589904556E-41
 4.575E+01  9.14460024245179E-42
 4.637E+01  2.40757298826646E-42
 4.701E+01  6.22400785594664E-43
 4.765E+01  1.57952948844828E-43
 4.830E+01  3.93406686815396E-44
 4.896E+01  9.61390919528995E-45
 4.963E+01  2.30456447664365E-45
 5.030E+01  5.41742552711248E-46
 5.099E+01  1.24851945138517E-46
 5.169E+01  2.82018365931100E-47
 5.239E+01  6.24193574549056E-48
 5.311E+01  1.35332204666695E-48
 5.383E+01  2.87349121064468E-49
 5.457E+01  5.97409950021150E-50
 5.531E+01  1.21653502309665E-50
 5.607E+01  0.00000000000000E+00
 5.683E+01  0.00000000000000E+00
 5.761E+01  0.00000000000000E+00
 5.839E+01  0.00000000000000E+00
 5.919E+01  0.00000000000000E+00
 6.000E+01  0.00000000000000E+00
