line2: Z,NR,R(1),R(NR) /line3,4,...: R(N),RHO*4*PI*R(N)**2
73.00  2000  1.01365245284744E-10  6.00000000000000E+01
 1.014E-10  1.03984513860022E-11
 1.027E-10  1.06398747043823E-11
 1.042E-10  1.08869032055664E-11
 1.056E-10  1.31905234701913E-11
 1.070E-10  1.34967709901897E-11
 1.085E-10  1.38101287321968E-11
 1.100E-10  1.41307617750374E-11
 1.115E-10  1.44588390315340E-11
 1.130E-10  1.47945333356404E-11
 1.145E-10  1.51380215341756E-11
 1.161E-10  1.54894845798365E-11
 1.177E-10  1.58491076265408E-11
 1.193E-10  1.62170801269701E-11
 1.209E-10  1.65935959323748E-11
 1.226E-10  1.69788533946933E-11
 1.242E-10  1.73730554710490E-11
 1.259E-10  1.77764098306703E-11
 1.276E-10  1.81891289642892E-11
 1.294E-10  1.86114302960857E-11
 1.312E-10  1.90435362982300E-11
 1.329E-10  1.94856746080801E-11
 1.348E-10  1.99380781481046E-11
 1.366E-10  2.04009852485890E-11
 1.385E-10  2.08746397731890E-11
 1.404E-10  2.13592912473998E-11
 1.423E-10  2.18551949900097E-11
 1.442E-10  2.23626122476051E-11
 1.462E-10  2.28818103321947E-11
 1.482E-10  2.34130627620325E-11
 1.502E-10  2.39566494057123E-11
 1.523E-10  2.45128566296043E-11
 1.543E-10  2.50819774487120E-11
 1.564E-10  2.56643116810388E-11
 1.586E-10  2.62601661055337E-11
 1.607E-10  2.68698546237042E-11
 1.629E-10  2.74936984249859E-11
 1.652E-10  2.81320261559430E-11
 1.674E-10  2.87851740934048E-11
 1.697E-10  2.94534863216208E-11
 1.720E-10  3.01373149135258E-11
 1.744E-10  3.08370201162142E-11
 1.767E-10  3.15529705407229E-11
 1.792E-10  3.22855433562185E-11
 1.816E-10  3.30351244886940E-11
 1.841E-10  3.38021088242765E-11
 1.866E-10  3.45869004172568E-11
 1.891E-10  3.53899127029538E-11
 1.917E-10  3.62115687155069E-11
 1.943E-10  3.70523013107414E-11
 1.970E-10  3.79125533942001E-11
 1.997E-10  3.87927781544647E-11
 2.024E-10  3.96934393019074E-11
 2.052E-10  4.06150113129727E-11
 2.080E-10  4.15579796801329E-11
 2.108E-10  4.25228411676590E-11
 2.137E-10  4.35101040733148E-11
 2.166E-10  4.45202884961294E-11
 2.196E-10  4.55539266103984E-11
 2.226E-10  4.66115629460299E-11
 2.256E-10  4.76937546754145E-11
 2.287E-10  4.88010719069467E-11
 2.318E-10  4.99340979853565E-11
 2.350E-10  5.10934297990333E-11
 2.382E-10  5.22796780944614E-11
 2.414E-10  5.34934677979688E-11
 2.447E-10  5.47354383449502E-11
 2.481E-10  5.60062440167196E-11
 2.515E-10  5.73065542851912E-11
 2.549E-10  5.86370541655746E-11
 2.584E-10  5.99984445772380E-11
 2.619E-10  6.13914427129523E-11
 2.655E-10  6.28167824167299E-11
 2.691E-10  6.42752145704083E-11
 2.728E-10  6.57675074892263E-11
 2.765E-10  6.72944473265820E-11
 2.803E-10  6.88568384881799E-11
 2.841E-10  7.04555040557998E-11
 2.880E-10  7.20912862209071E-11
 2.919E-10  7.37650467283304E-11
 2.959E-10  7.54776673302190E-11
 2.999E-10  7.72300502505749E-11
 3.040E-10  7.90231186605518E-11
 3.082E-10  8.08578171647807E-11
 3.124E-10  8.27351122990054E-11
 3.166E-10  8.46559930392506E-11
 3.210E-10  8.66214713228335E-11
 3.253E-10  8.86325825814649E-11
 3.298E-10  9.06903862867079E-11
 3.343E-10  9.27959665081265E-11
 3.389E-10  9.49504324843905E-11
 3.435E-10  9.71549192076147E-11
 3.482E-10  9.94105880213031E-11
 3.529E-10  1.01718627232140E-10
 3.577E-10  1.04080252736006E-10
 3.626E-10  1.06496708658520E-10
 3.676E-10  1.08969268010455E-10
 3.726E-10  1.11499233358393E-10
 3.777E-10  1.14087937510888E-10
 3.828E-10  1.16736744220627E-10
 3.881E-10  1.19447048902878E-10
 3.934E-10  1.22220279370579E-10
 3.987E-10  1.25057896586537E-10
 4.042E-10  1.27961395433088E-10
 4.097E-10  1.30932305499591E-10
 4.153E-10  1.33972191888232E-10
 4.210E-10  1.37082656038568E-10
 4.267E-10  1.40265336571129E-10
 4.325E-10  1.43521910150689E-10
 4.384E-10  1.46854092369548E-10
 4.444E-10  1.50263638651314E-10
 4.505E-10  1.53752345175662E-10
 4.566E-10  1.57322049824613E-10
 4.629E-10  1.60974633150714E-10
 4.692E-10  1.64712019367734E-10
 4.756E-10  1.68536177364382E-10
 4.821E-10  1.72449121741493E-10
 4.887E-10  1.76452913873386E-10
 4.953E-10  1.80549662993780E-10
 5.021E-10  1.84741527306957E-10
 5.090E-10  1.89030715124751E-10
 5.159E-10  1.93419486029874E-10
 5.230E-10  1.97910152066302E-10
 5.301E-10  2.02505078957282E-10
 5.373E-10  2.07206687351607E-10
 5.447E-10  2.12017454098836E-10
 5.521E-10  2.16939913554127E-10
 5.596E-10  2.21976658913342E-10
 5.673E-10  2.27130343579193E-10
 5.750E-10  2.32403682559070E-10
 5.829E-10  2.37799453895286E-10
 5.908E-10  2.43320500128631E-10
 5.989E-10  2.48969729795852E-10
 6.071E-10  2.54750118961841E-10
 6.154E-10  2.60664712787476E-10
 6.238E-10  2.66716627133890E-10
 6.323E-10  2.72909050203834E-10
 6.409E-10  2.79245244221331E-10
 6.497E-10  2.85728547150236E-10
 6.585E-10  2.92362374452668E-10
 6.675E-10  2.99150220888319E-10
 6.766E-10  3.06095662355530E-10
 6.859E-10  3.13202357775128E-10
 6.952E-10  3.20474051017942E-10
 7.047E-10  3.27914572877102E-10
 7.144E-10  3.35527843086179E-10
 7.241E-10  3.43317872384105E-10
 7.340E-10  3.51288764628049E-10
 7.440E-10  3.59444718955394E-10
 7.542E-10  3.67790031995894E-10
 7.645E-10  3.76329100135136E-10
 7.749E-10  3.85066421830580E-10
 7.855E-10  3.94006599981456E-10
 7.962E-10  4.03154344353568E-10
 8.071E-10  4.12514474060421E-10
 8.181E-10  4.22091920102000E-10
 8.293E-10  4.31891727962479E-10
 8.406E-10  4.41919060268188E-10
 8.521E-10  4.52179199507348E-10
 8.637E-10  4.62677550812925E-10
 8.755E-10  4.73419644810113E-10
 8.874E-10  4.84411140529928E-10
 8.996E-10  4.95657828390360E-10
 9.118E-10  5.07165633246918E-10
 9.243E-10  5.18940617513862E-10
 9.369E-10  5.30988984357854E-10
 9.497E-10  5.43317080965978E-10
 9.627E-10  5.55931401889385E-10
 9.758E-10  5.68838592464720E-10
 9.891E-10  5.82045452314935E-10
 1.003E-09  5.95558938931397E-10
 1.016E-09  6.09386171339159E-10
 1.030E-09  6.23534433847276E-10
 1.044E-09  6.38011179886334E-10
 1.059E-09  6.52824035934919E-10
 1.073E-09  6.67980805537288E-10
 1.088E-09  6.83489473414400E-10
 1.102E-09  6.99358209670307E-10
 1.118E-09  7.15595374096205E-10
 1.133E-09  7.32209520574525E-10
 1.148E-09  7.49209401585158E-10
 1.164E-09  7.66603972816272E-10
 1.180E-09  7.84402397882293E-10
 1.196E-09  8.02614053151426E-10
 1.212E-09  8.21248532685111E-10
 1.229E-09  8.40315653292332E-10
 1.246E-09  8.59825459701169E-10
 1.263E-09  8.79788229850411E-10
 1.280E-09  9.00214480304104E-10
 1.297E-09  9.21114971791808E-10
 1.315E-09  9.42500714877322E-10
 1.333E-09  9.64382975759203E-10
 1.351E-09  9.86773282205999E-10
 1.370E-09  1.00968342962903E-09
 1.388E-09  1.03312548729622E-09
 1.407E-09  1.05711180469066E-09
 1.426E-09  1.08165501801608E-09
 1.446E-09  1.10676805685370E-09
 1.466E-09  1.13246415097396E-09
 1.486E-09  1.15875683730578E-09
 1.506E-09  1.18565996706798E-09
 1.527E-09  1.21318771306629E-09
 1.547E-09  1.24135457715969E-09
 1.568E-09  1.27017539790003E-09
 1.590E-09  1.29966535834925E-09
 1.612E-09  1.32983999407785E-09
 1.634E-09  1.36071520134904E-09
 1.656E-09  1.39230724549331E-09
 1.679E-09  1.42463276947691E-09
 1.701E-09  1.45770880266950E-09
 1.725E-09  1.49155276981554E-09
 1.748E-09  1.52618250021377E-09
 1.772E-09  1.56161623710947E-09
 1.796E-09  1.59787264730571E-09
 1.821E-09  1.63497083099678E-09
 1.846E-09  1.67293033183037E-09
 1.871E-09  1.71177114720363E-09
 1.896E-09  1.75151373879756E-09
 1.922E-09  1.79217904335652E-09
 1.949E-09  1.83378848371802E-09
 1.975E-09  1.87636398009838E-09
 2.002E-09  1.91992796164037E-09
 2.029E-09  1.96450337822926E-09
 2.057E-09  2.01011371258269E-09
 2.085E-09  2.05678299262199E-09
 2.114E-09  2.10453580412999E-09
 2.143E-09  2.15339730370288E-09
 2.172E-09  2.20339323200332E-09
 2.201E-09  2.25454992732057E-09
 2.232E-09  2.30689433944568E-09
 2.262E-09  2.36045404386899E-09
 2.293E-09  2.41525725630703E-09
 2.324E-09  2.47133284756692E-09
 2.356E-09  2.52871035875544E-09
 2.388E-09  2.58742001684178E-09
 2.421E-09  2.64749275058161E-09
 2.454E-09  2.70896020680978E-09
 2.487E-09  2.77185476711293E-09
 2.521E-09  2.83620956488794E-09
 2.556E-09  2.90205850279702E-09
 2.590E-09  2.96943627062790E-09
 2.626E-09  3.03837836356846E-09
 2.662E-09  3.10892110090633E-09
 2.698E-09  3.18110164516169E-09
 2.735E-09  3.25495802166518E-09
 2.772E-09  3.33052913858960E-09
 2.810E-09  3.40785480744712E-09
 2.848E-09  3.48697576406254E-09
 2.887E-09  3.56793369003306E-09
 2.927E-09  3.65077123468637E-09
 2.967E-09  3.73553203754875E-09
 3.007E-09  3.82226075133505E-09
 3.048E-09  3.91100306547138E-09
 3.090E-09  4.00180573016477E-09
 3.132E-09  4.09471658103223E-09
 3.175E-09  4.18978456430054E-09
 3.218E-09  4.28705976259100E-09
 3.262E-09  4.38659342130419E-09
 3.307E-09  4.48843797561563E-09
 3.352E-09  4.59264707809959E-09
 3.398E-09  4.69927562699357E-09
 3.444E-09  4.80837979511882E-09
 3.491E-09  4.92001705947270E-09
 3.539E-09  5.03424623150856E-09
 3.587E-09  5.15112748811729E-09
 3.636E-09  5.27072240332885E-09
 3.685E-09  5.39309398075095E-09
 3.736E-09  5.51830668675910E-09
 3.787E-09  5.64642648445775E-09
 3.838E-09  5.77752086843060E-09
 3.891E-09  5.91165890029701E-09
 3.944E-09  6.04891124509425E-09
 3.998E-09  6.18935020850452E-09
 4.052E-09  6.33304977494564E-09
 4.108E-09  6.48008564654744E-09
 4.164E-09  6.63053528303085E-09
 4.221E-09  6.78447794251507E-09
 4.278E-09  6.94199472327179E-09
 4.337E-09  7.10316860644775E-09
 4.396E-09  7.26808449977929E-09
 4.456E-09  7.43682928232280E-09
 4.517E-09  7.60949185022407E-09
 4.578E-09  7.78616316354820E-09
 4.641E-09  7.96693629419839E-09
 4.704E-09  8.15190647494675E-09
 4.769E-09  8.34117114960396E-09
 4.834E-09  8.53483002435338E-09
 4.900E-09  8.73298512027602E-09
 4.967E-09  8.93574082709685E-09
 5.034E-09  9.14320395817803E-09
 5.103E-09  9.35548380678857E-09
 5.173E-09  9.57269220368045E-09
 5.243E-09  9.79494357600270E-09
 5.315E-09  1.00223550075816E-08
 5.388E-09  1.02550463006017E-08
 5.461E-09  1.04931400387180E-08
 5.536E-09  1.07367616516337E-08
 5.611E-09  1.09860394811785E-08
 5.688E-09  1.12411048489185E-08
 5.765E-09  1.15020921253378E-08
 5.844E-09  1.17691388006261E-08
 5.924E-09  1.20423855571093E-08
 6.005E-09  1.23219763433614E-08
 6.087E-09  1.26080584500370E-08
 6.170E-09  1.29007825874664E-08
 6.254E-09  1.32003029650502E-08
 6.340E-09  1.35067773724984E-08
 6.426E-09  1.38203672629527E-08
 6.514E-09  1.41412378380422E-08
 6.603E-09  1.44695581349147E-08
 6.693E-09  1.48055011152833E-08
 6.784E-09  1.51492437565455E-08
 6.877E-09  1.55009671450162E-08
 6.971E-09  1.58608565713221E-08
 7.066E-09  1.62291016280187E-08
 7.162E-09  1.66058963094654E-08
 7.260E-09  1.69914391140230E-08
 7.359E-09  1.73859331486246E-08
 7.460E-09  1.77895862357738E-08
 7.562E-09  1.82026110230268E-08
 7.665E-09  1.86252250950134E-08
 7.770E-09  1.90576510880667E-08
 7.876E-09  1.95001168075058E-08
 7.983E-09  1.99528553476449E-08
 8.092E-09  2.04161052145905E-08
 8.203E-09  2.08901104518857E-08
 8.315E-09  2.13751207690760E-08
 8.428E-09  2.18713916732548E-08
 8.543E-09  2.23791846036668E-08
 8.660E-09  2.28987670694372E-08
 8.778E-09  2.34304127904952E-08
 8.898E-09  2.39744018417705E-08
 9.019E-09  2.45310208007416E-08
 9.142E-09  2.51005628984008E-08
 9.267E-09  2.56833281737339E-08
 9.394E-09  2.62796236317820E-08
 9.522E-09  2.68897634053696E-08
 9.652E-09  2.75140689205959E-08
 9.784E-09  2.81528690661603E-08
 9.917E-09  2.88065003666238E-08
 1.005E-08  2.94753071596913E-08
 1.019E-08  3.01596417776105E-08
 1.033E-08  3.08598647327817E-08
 1.047E-08  3.15763449076783E-08
 1.061E-08  3.23094597491739E-08
 1.076E-08  3.30595954673837E-08
 1.090E-08  3.38271472391219E-08
 1.105E-08  3.46125194160829E-08
 1.120E-08  3.54161257378549E-08
 1.136E-08  3.62383895498761E-08
 1.151E-08  3.70797440264622E-08
 1.167E-08  3.79406323989979E-08
 1.183E-08  3.88215081894346E-08
 1.199E-08  3.97228354492091E-08
 1.215E-08  4.06450890037032E-08
 1.232E-08  4.15887547023906E-08
 1.249E-08  4.25543296747756E-08
 1.266E-08  4.35423225922878E-08
 1.283E-08  4.45532539362534E-08
 1.301E-08  4.55876562720811E-08
 1.318E-08  4.66460745298215E-08
 1.336E-08  4.77290662912376E-08
 1.355E-08  4.88372020835448E-08
 1.373E-08  4.99710656799593E-08
 1.392E-08  5.11312544072324E-08
 1.411E-08  5.23183794603313E-08
 1.430E-08  5.35330662244110E-08
 1.450E-08  5.47759546042673E-08
 1.470E-08  5.60476993614494E-08
 1.490E-08  5.73489704591775E-08
 1.510E-08  5.86804534152918E-08
 1.531E-08  6.00428496633786E-08
 1.551E-08  6.14368769222851E-08
 1.573E-08  6.28632695742249E-08
 1.594E-08  6.43227790516394E-08
 1.616E-08  6.58161742330643E-08
 1.638E-08  6.73442418481686E-08
 1.660E-08  6.89077868922064E-08
 1.683E-08  7.05076330500939E-08
 1.706E-08  7.21446231303211E-08
 1.729E-08  7.38196195089524E-08
 1.753E-08  7.55335045839213E-08
 1.777E-08  7.72871812398770E-08
 1.801E-08  7.90815733238289E-08
 1.826E-08  8.09176261318256E-08
 1.851E-08  8.27963069069474E-08
 1.876E-08  8.47186053488414E-08
 1.901E-08  8.66855341350904E-08
 1.927E-08  8.86981294547058E-08
 1.954E-08  9.07574515539846E-08
 1.980E-08  9.28645852950451E-08
 2.007E-08  9.50206407273412E-08
 2.035E-08  9.72267536724216E-08
 2.063E-08  9.94840863222950E-08
 2.091E-08  1.01793827851662E-07
 2.119E-08  1.04157195044371E-07
 2.148E-08  1.06575432934438E-07
 2.178E-08  1.09049815461903E-07
 2.207E-08  1.11581646143956E-07
 2.237E-08  1.14172258761623E-07
 2.268E-08  1.16823018062399E-07
 2.299E-08  1.19535320479202E-07
 2.330E-08  1.22310594866008E-07
 2.362E-08  1.25150303250568E-07
 2.394E-08  1.28055941604588E-07
 2.427E-08  1.31029040631841E-07
 2.460E-08  1.34071166574498E-07
 2.494E-08  1.37183922038239E-07
 2.528E-08  1.40368946836511E-07
 2.562E-08  1.43627918854357E-07
 2.597E-08  1.46962554932322E-07
 2.633E-08  1.50374611770911E-07
 2.669E-08  1.53865886855978E-07
 2.705E-08  1.57438219405644E-07
 2.742E-08  1.61093491339206E-07
 2.779E-08  1.64833628268498E-07
 2.817E-08  1.68660600512325E-07
 2.856E-08  1.72576424134409E-07
 2.895E-08  1.76583162005424E-07
 2.934E-08  1.80682924889739E-07
 2.974E-08  1.84877872557342E-07
 3.015E-08  1.89170214921587E-07
 3.056E-08  1.93562213203385E-07
 3.098E-08  1.98056181122397E-07
 3.140E-08  2.02654486115885E-07
 3.183E-08  2.07359550585855E-07
 3.227E-08  2.12173853175202E-07
 3.271E-08  2.17099930073414E-07
 3.315E-08  2.22140376352610E-07
 3.361E-08  2.27297847334626E-07
 3.406E-08  2.32575059989833E-07
 3.453E-08  2.37974794368402E-07
 3.500E-08  2.43499895064808E-07
 3.548E-08  2.49153272716376E-07
 3.596E-08  2.54937905536531E-07
 3.645E-08  2.60856840883743E-07
 3.695E-08  2.66913196866831E-07
 3.746E-08  2.73110163987565E-07
 3.797E-08  2.79451006821405E-07
 3.849E-08  2.85939065737207E-07
 3.901E-08  2.92577758656956E-07
 3.954E-08  2.99370582856262E-07
 4.008E-08  3.06321116806711E-07
 4.063E-08  3.13433022060960E-07
 4.119E-08  3.20710045181612E-07
 4.175E-08  3.28156019714857E-07
 4.232E-08  3.35774868209950E-07
 4.290E-08  3.43570604285579E-07
 4.348E-08  3.51547334744183E-07
 4.408E-08  3.59709261735384E-07
 4.468E-08  3.68060684969620E-07
 4.529E-08  3.76606003983157E-07
 4.591E-08  3.85349720455761E-07
 4.653E-08  3.94296440582133E-07
 4.717E-08  4.03450877498323E-07
 4.781E-08  4.12817853764609E-07
 4.846E-08  4.22402303905950E-07
 4.913E-08  4.32209277011433E-07
 4.980E-08  4.42243939394034E-07
 5.048E-08  4.52511577312167E-07
 5.117E-08  4.63017599754444E-07
 5.186E-08  4.73767541289048E-07
 5.257E-08  4.84767064979180E-07
 5.329E-08  4.96021965366370E-07
 5.402E-08  5.07538171522906E-07
 5.475E-08  5.19321750175168E-07
 5.550E-08  5.31378908899534E-07
 5.626E-08  5.43715999392352E-07
 5.703E-08  5.56339520815966E-07
 5.781E-08  5.69256123222301E-07
 5.860E-08  5.82472611056070E-07
 5.940E-08  5.95995946739191E-07
 6.021E-08  6.09833254338414E-07
 6.103E-08  6.23991823318220E-07
 6.186E-08  6.38479112380748E-07
 6.271E-08  6.53302753394906E-07
 6.356E-08  6.68470555416614E-07
 6.443E-08  6.83990508802570E-07
 6.531E-08  6.99870789419307E-07
 6.620E-08  7.16119762950121E-07
 6.711E-08  7.32745989301886E-07
 6.802E-08  7.49758227114264E-07
 6.895E-08  7.67165438373602E-07
 6.989E-08  7.84976793133724E-07
 7.085E-08  8.03201674346713E-07
 7.181E-08  8.21849682805514E-07
 7.279E-08  8.40930642201440E-07
 7.379E-08  8.60454604298954E-07
 7.479E-08  8.80431854230821E-07
 7.582E-08  9.00872915916053E-07
 7.685E-08  9.21788557603429E-07
 7.790E-08  9.43189797544200E-07
 7.896E-08  9.65087909795982E-07
 8.004E-08  9.87494430161735E-07
 8.113E-08  1.01042116226649E-06
 8.224E-08  1.03388018377514E-06
 8.336E-08  1.05788385275461E-06
 8.450E-08  1.08244481418370E-06
 8.566E-08  1.10757600661410E-06
 8.683E-08  1.13329066898600E-06
 8.801E-08  1.15960234760206E-06
 8.921E-08  1.18652490326292E-06
 9.043E-08  1.21407251856890E-06
 9.167E-08  1.24225970539078E-06
 9.292E-08  1.27110131251418E-06
 9.419E-08  1.30061253346143E-06
 9.547E-08  1.33080891449493E-06
 9.677E-08  1.36170636280642E-06
 9.810E-08  1.39332115489649E-06
 9.944E-08  1.42566994514788E-06
 1.008E-07  1.45876977459905E-06
 1.022E-07  1.49263807992058E-06
 1.036E-07  1.52729270259981E-06
 1.050E-07  1.56275189833937E-06
 1.064E-07  1.59903434667342E-06
 1.079E-07  1.63615916080740E-06
 1.093E-07  1.67414589768596E-06
 1.108E-07  1.71301456829473E-06
 1.123E-07  1.75278564820146E-06
 1.139E-07  1.79348008834130E-06
 1.154E-07  1.83511932605313E-06
 1.170E-07  1.87772529637189E-06
 1.186E-07  1.92132044358257E-06
 1.202E-07  1.96592773304320E-06
 1.219E-07  2.01157066328167E-06
 1.235E-07  2.05827327837368E-06
 1.252E-07  2.10606018060829E-06
 1.269E-07  2.15495654344677E-06
 1.287E-07  2.20498812478307E-06
 1.304E-07  2.25618128051145E-06
 1.322E-07  2.30856297840965E-06
 1.340E-07  2.36216081234412E-06
 1.358E-07  2.41700301680477E-06
 1.377E-07  2.47311848177774E-06
 1.396E-07  2.53053676796260E-06
 1.415E-07  2.58928812234358E-06
 1.434E-07  2.64940349412209E-06
 1.454E-07  2.71091455101858E-06
 1.473E-07  2.77385369595360E-06
 1.494E-07  2.83825408411543E-06
 1.514E-07  2.90414964042449E-06
 1.535E-07  2.97157507740296E-06
 1.556E-07  3.04056591345885E-06
 1.577E-07  3.11115849159494E-06
 1.598E-07  3.18338999855239E-06
 1.620E-07  3.25729848439768E-06
 1.642E-07  3.33292288256504E-06
 1.665E-07  3.41030303036447E-06
 1.687E-07  3.48947968996448E-06
 1.710E-07  3.57049456986325E-06
 1.734E-07  3.65339034685792E-06
 1.757E-07  3.73821068852315E-06
 1.781E-07  3.82500027621242E-06
 1.806E-07  3.91380482859290E-06
 1.830E-07  4.00467112572635E-06
 1.855E-07  4.09764703370947E-06
 1.881E-07  4.19278152988583E-06
 1.906E-07  4.29012472864392E-06
 1.932E-07  4.38972790781287E-06
 1.959E-07  4.49164353567120E-06
 1.986E-07  4.59592529858382E-06
 2.013E-07  4.70262812927870E-06
 2.040E-07  4.81180823578071E-06
 2.068E-07  4.92352313101792E-06
 2.096E-07  5.03783166311412E-06
 2.125E-07  5.15479404638449E-06
 2.154E-07  5.27447189305115E-06
 2.183E-07  5.39692824569512E-06
 2.213E-07  5.52222761046149E-06
 2.243E-07  5.65043599103493E-06
 2.274E-07  5.78162092340374E-06
 2.305E-07  5.91585151143194E-06
 2.336E-07  6.05319846325667E-06
 2.368E-07  6.19373412852880E-06
 2.401E-07  6.33753253652090E-06
 2.433E-07  6.48466943511821E-06
 2.467E-07  6.63522233071337E-06
 2.500E-07  6.78927052902973E-06
 2.534E-07  6.94689517689117E-06
 2.569E-07  7.10817930496086E-06
 2.604E-07  7.27320787147310E-06
 2.640E-07  7.44206780697927E-06
 2.676E-07  7.61484806013401E-06
 2.712E-07  7.79163964454207E-06
 2.749E-07  7.97253568669352E-06
 2.787E-07  8.15763147501316E-06
 2.825E-07  8.34702451004514E-06
 2.863E-07  8.54081455580586E-06
 2.903E-07  8.73910369232642E-06
 2.942E-07  8.94199636941543E-06
 2.982E-07  9.14959946167079E-06
 3.023E-07  9.36202232476677E-06
 3.064E-07  9.57937685304737E-06
 3.106E-07  9.80177753845880E-06
 3.149E-07  1.00293415308481E-05
 3.192E-07  1.02621886996603E-05
 3.235E-07  1.05004416970704E-05
 3.279E-07  1.07442260225789E-05
 3.324E-07  1.09936700891062E-05
 3.369E-07  1.12489052906228E-05
 3.415E-07  1.15100660713479E-05
 3.462E-07  1.17772899965537E-05
 3.509E-07  1.20507178250154E-05
 3.557E-07  1.23304935831403E-05
 3.606E-07  1.26167646408184E-05
 3.655E-07  1.29096817890337E-05
 3.705E-07  1.32093993192767E-05
 3.756E-07  1.35160751047997E-05
 3.807E-07  1.38298706837591E-05
 3.859E-07  1.41509513442858E-05
 3.911E-07  1.44794862115297E-05
 3.965E-07  1.48156483367287E-05
 4.019E-07  1.51596147883399E-05
 4.074E-07  1.55115667452864E-05
 4.129E-07  1.58716895923722E-05
 4.186E-07  1.62401730179082E-05
 4.243E-07  1.66172111136056E-05
 4.301E-07  1.70030024767831E-05
 4.360E-07  1.73977503149543E-05
 4.419E-07  1.78016625528384E-05
 4.479E-07  1.82149519418502E-05
 4.541E-07  1.86378361721370E-05
 4.603E-07  1.90705379872159E-05
 4.665E-07  1.95132853012684E-05
 4.729E-07  1.99663113191541E-05
 4.794E-07  2.04298546592187E-05
 4.859E-07  2.09041594789486E-05
 4.926E-07  2.13894756035342E-05
 4.993E-07  2.18860586574260E-05
 5.061E-07  2.23941701989410E-05
 5.130E-07  2.29140778579926E-05
 5.200E-07  2.34460554770157E-05
 5.271E-07  2.39903832551632E-05
 5.343E-07  2.45473478958490E-05
 5.416E-07  2.51172427577147E-05
 5.490E-07  2.57003680090998E-05
 5.565E-07  2.62970307860968E-05
 5.641E-07  2.69075453542742E-05
 5.718E-07  2.75322332741499E-05
 5.796E-07  2.81714235705087E-05
 5.875E-07  2.88254529056476E-05
 5.955E-07  2.94946657566391E-05
 6.037E-07  3.01794145967069E-05
 6.119E-07  3.08800600808187E-05
 6.202E-07  3.15969712355784E-05
 6.287E-07  3.23305256535208E-05
 6.373E-07  3.30811096919273E-05
 6.460E-07  3.38491186762454E-05
 6.548E-07  3.46349571082299E-05
 6.638E-07  3.54390388789160E-05
 6.728E-07  3.62617874865330E-05
 6.820E-07  3.71036362594753E-05
 6.913E-07  3.79650285844431E-05
 7.008E-07  3.88464181398861E-05
 7.103E-07  3.97482691348514E-05
 7.200E-07  4.06710565533836E-05
 7.298E-07  4.16152664045893E-05
 7.398E-07  4.25813959785041E-05
 7.499E-07  4.35699541079083E-05
 7.602E-07  4.45814614361971E-05
 7.705E-07  4.56164506914801E-05
 7.811E-07  4.66754669670322E-05
 7.917E-07  4.77590680082655E-05
 8.025E-07  4.88678245063410E-05
 8.135E-07  5.00023203986001E-05
 8.246E-07  5.11631531759743E-05
 8.358E-07  5.23509341975132E-05
 8.473E-07  5.35662890122228E-05
 8.588E-07  5.48098576883527E-05
 8.705E-07  5.60822951503491E-05
 8.824E-07  5.73842715235992E-05
 8.945E-07  5.87164724871884E-05
 9.067E-07  6.00795996348304E-05
 9.191E-07  6.14743708441918E-05
 9.316E-07  6.29015206547612E-05
 9.443E-07  6.43618006544797E-05
 9.572E-07  6.58559798753810E-05
 9.703E-07  6.73848451983644E-05
 9.835E-07  6.89492017673764E-05
 9.970E-07  7.05498734132067E-05
 1.011E-06  7.21877030871043E-05
 1.024E-06  7.38635533044521E-05
 1.038E-06  7.55783065987448E-05
 1.053E-06  7.73328659860801E-05
 1.067E-06  7.91281554404379E-05
 1.081E-06  8.09651203799864E-05
 1.096E-06  8.28447281646521E-05
 1.111E-06  8.47679686052382E-05
 1.126E-06  8.67358544843710E-05
 1.142E-06  8.87494220894988E-05
 1.157E-06  9.08097317582538E-05
 1.173E-06  9.29178684365161E-05
 1.189E-06  9.50749422493476E-05
 1.205E-06  9.72820890852097E-05
 1.222E-06  9.95404711937340E-05
 1.239E-06  1.01851277797321E-04
 1.255E-06  1.04215725716981E-04
 1.273E-06  1.06635060012632E-04
 1.290E-06  1.09110554638273E-04
 1.308E-06  1.11643513112371E-04
 1.325E-06  1.14235269203740E-04
 1.344E-06  1.16887187633388E-04
 1.362E-06  1.19600664792608E-04
 1.380E-06  1.22377129477712E-04
 1.399E-06  1.25218043641823E-04
 1.418E-06  1.28124903164093E-04
 1.438E-06  1.31099238636772E-04
 1.457E-06  1.34142616170485E-04
 1.477E-06  1.37256638218242E-04
 1.497E-06  1.40442944418511E-04
 1.518E-06  1.43703212457840E-04
 1.539E-06  1.47039158953519E-04
 1.560E-06  1.50452540356660E-04
 1.581E-06  1.53945153876243E-04
 1.603E-06  1.57518838424584E-04
 1.624E-06  1.61175475584721E-04
 1.647E-06  1.64916990600215E-04
 1.669E-06  1.68745353387922E-04
 1.692E-06  1.72662579574246E-04
 1.715E-06  1.76670731555363E-04
 1.738E-06  1.80771919582102E-04
 1.762E-06  1.84968302869934E-04
 1.786E-06  1.89262090734674E-04
 1.811E-06  1.93655543754559E-04
 1.835E-06  1.98150974959216E-04
 1.860E-06  2.02750751046230E-04
 1.886E-06  2.07457293625871E-04
 1.911E-06  2.12273080494731E-04
 1.938E-06  2.17200646938807E-04
 1.964E-06  2.22242587066840E-04
 1.991E-06  2.27401555174583E-04
 2.018E-06  2.32680267140578E-04
 2.046E-06  2.38081501854418E-04
 2.073E-06  2.43608102678015E-04
 2.102E-06  2.49262978940790E-04
 2.130E-06  2.55049107469450E-04
 2.160E-06  2.60969534153290E-04
 2.189E-06  2.67027375545735E-04
 2.219E-06  2.73225820502961E-04
 2.249E-06  2.79568131860574E-04
 2.280E-06  2.86057648149046E-04
 2.311E-06  2.92697785348938E-04
 2.343E-06  2.99492038686847E-04
 2.375E-06  3.06443984472833E-04
 2.407E-06  3.13557281980576E-04
 2.440E-06  3.20835675371002E-04
 2.473E-06  3.28282995660438E-04
 2.507E-06  3.35903162734456E-04
 2.541E-06  3.43700187408351E-04
 2.576E-06  3.51678173535320E-04
 2.611E-06  3.59841320163452E-04
 2.647E-06  3.68193923742764E-04
 2.683E-06  3.76740380383321E-04
 2.719E-06  3.85485188165632E-04
 2.757E-06  3.94432949504594E-04
 2.794E-06  4.03588373568216E-04
 2.832E-06  4.12956278752266E-04
 2.871E-06  4.22541595212345E-04
 2.910E-06  4.32349367454567E-04
 2.950E-06  4.42384756986142E-04
 2.990E-06  4.52653045027494E-04
 3.031E-06  4.63159635287088E-04
 3.072E-06  4.73910056800484E-04
 3.114E-06  4.84909966835236E-04
 3.157E-06  4.96165153862979E-04
 3.200E-06  5.07681540600342E-04
 3.244E-06  5.19465187120255E-04
 3.288E-06  5.31522294035294E-04
 3.333E-06  5.43859205754794E-04
 3.378E-06  5.56482413817201E-04
 3.424E-06  5.69398560299757E-04
 3.471E-06  5.82614441307000E-04
 3.519E-06  5.96137010539972E-04
 3.567E-06  6.09973382948207E-04
 3.615E-06  6.24130838466045E-04
 3.665E-06  6.38616825835563E-04
 3.715E-06  6.53438966517955E-04
 3.765E-06  6.68605058695354E-04
 3.817E-06  6.84123081365404E-04
 3.869E-06  7.00001198530372E-04
 3.922E-06  7.16247763483401E-04
 3.975E-06  7.32871323193884E-04
 4.030E-06  7.49880622794174E-04
 4.085E-06  7.67284610170213E-04
 4.140E-06  7.85092440658451E-04
 4.197E-06  8.03313481851254E-04
 4.254E-06  8.21957318513432E-04
 4.312E-06  8.41033757612729E-04
 4.371E-06  8.60552833466570E-04
 4.431E-06  8.80524813007675E-04
 4.491E-06  9.00960201171632E-04
 4.553E-06  9.21869746409172E-04
 4.615E-06  9.43264446325598E-04
 4.678E-06  9.65155553450839E-04
 4.742E-06  9.87554581142963E-04
 4.806E-06  1.01047330962797E-03
 4.872E-06  1.03392379217944E-03
 4.938E-06  1.05791836144105E-03
 5.006E-06  1.08246963589505E-03
 5.074E-06  1.10759052648034E-03
 5.144E-06  1.13329424336379E-03
 5.214E-06  1.15959430286761E-03
 5.285E-06  1.18650453455714E-03
 5.357E-06  1.21403908849237E-03
 5.430E-06  1.24221244264711E-03
 5.504E-06  1.27103941049941E-03
 5.579E-06  1.30053514879740E-03
 5.656E-06  1.33071516550489E-03
 5.733E-06  1.36159532792990E-03
 5.811E-06  1.39319187104170E-03
 5.890E-06  1.42552140597947E-03
 5.971E-06  1.45860092875744E-03
 6.052E-06  1.49244782917172E-03
 6.135E-06  1.52707989991192E-03
 6.219E-06  1.56251534588403E-03
 6.304E-06  1.59877279374814E-03
 6.390E-06  1.63587130167618E-03
 6.477E-06  1.67383036933558E-03
 6.565E-06  1.71266994810303E-03
 6.655E-06  1.75241045151369E-03
 6.746E-06  1.79307276595234E-03
 6.838E-06  1.83467826159084E-03
 6.931E-06  1.87724880357784E-03
 7.026E-06  1.92080676348713E-03
 7.122E-06  1.96537503103012E-03
 7.219E-06  2.01097702603821E-03
 7.318E-06  2.05763671072177E-03
 7.418E-06  2.10537860221217E-03
 7.519E-06  2.15422778539293E-03
 7.622E-06  2.20420992602676E-03
 7.726E-06  2.25535128418518E-03
 7.831E-06  2.30767872798848E-03
 7.938E-06  2.36121974766189E-03
 8.046E-06  2.41600246991584E-03
 8.156E-06  2.47205567265831E-03
 8.268E-06  2.52940880004569E-03
 8.380E-06  2.58809197788093E-03
 8.495E-06  2.64813602936651E-03
 8.611E-06  2.70957249122031E-03
 8.728E-06  2.77243363016311E-03
 8.848E-06  2.83675245978558E-03
 8.968E-06  2.90256275780410E-03
 9.091E-06  2.96989908371424E-03
 9.215E-06  3.03879679685036E-03
 9.341E-06  3.10929207486169E-03
 9.468E-06  3.18142193261352E-03
 9.597E-06  3.25522424152346E-03
 9.729E-06  3.33073774934331E-03
 9.861E-06  3.40800210039640E-03
 9.996E-06  3.48705785627973E-03
 1.013E-05  3.56794651704346E-03
 1.027E-05  3.65071054285846E-03
 1.041E-05  3.73539337618002E-03
 1.055E-05  3.82203946442408E-03
 1.070E-05  3.91069428316376E-03
 1.084E-05  4.00140435985904E-03
 1.099E-05  4.09421729813382E-03
 1.114E-05  4.18918180260895E-03
 1.129E-05  4.28634770430779E-03
 1.145E-05  4.38576598664596E-03
 1.160E-05  4.48748881201716E-03
 1.176E-05  4.59156954899062E-03
 1.192E-05  4.69806280013419E-03
 1.209E-05  4.80702443047588E-03
 1.225E-05  4.91851159661881E-03
 1.242E-05  5.03258277652569E-03
 1.259E-05  5.14929779998774E-03
 1.276E-05  5.26871787979206E-03
 1.293E-05  5.39090564360392E-03
 1.311E-05  5.51592516658435E-03
 1.329E-05  5.64384200475165E-03
 1.347E-05  5.77472322911167E-03
 1.365E-05  5.90863746057115E-03
 1.384E-05  6.04565490564900E-03
 1.403E-05  6.18584739301058E-03
 1.422E-05  6.32928841083681E-03
 1.442E-05  6.47605314505120E-03
 1.461E-05  6.62621851842418E-03
 1.481E-05  6.77986323057100E-03
 1.501E-05  6.93706779886842E-03
 1.522E-05  7.09791460030945E-03
 1.543E-05  7.26248791431434E-03
 1.564E-05  7.43087396652354E-03
 1.585E-05  7.60316097359400E-03
 1.607E-05  7.77943918902021E-03
 1.629E-05  7.95980095000380E-03
 1.651E-05  8.14434072539657E-03
 1.673E-05  8.33315516474053E-03
 1.696E-05  8.52634314842925E-03
 1.719E-05  8.72400583901557E-03
 1.743E-05  8.92624673369536E-03
 1.767E-05  9.13317171798772E-03
 1.791E-05  9.34488912064491E-03
 1.815E-05  9.56150976981557E-03
 1.840E-05  9.78314705049096E-03
 1.865E-05  1.00099169632655E-02
 1.891E-05  1.02419381844350E-02
 1.916E-05  1.04793321274719E-02
 1.943E-05  1.07222230059005E-02
 1.969E-05  1.09707378976071E-02
 1.996E-05  1.12250068106192E-02
 2.023E-05  1.14851627503836E-02
 2.051E-05  1.17513417885798E-02
 2.079E-05  1.20236831335005E-02
 2.107E-05  1.23023292020376E-02
 2.136E-05  1.25874256933087E-02
 2.165E-05  1.28791216639590E-02
 2.195E-05  1.31775696051806E-02
 2.225E-05  1.34829255214829E-02
 2.255E-05  1.37953490112581E-02
 2.286E-05  1.41150033491795E-02
 2.317E-05  1.44420555704722E-02
 2.349E-05  1.47766765571039E-02
 2.381E-05  1.51190411259308E-02
 2.413E-05  1.54693281188516E-02
 2.446E-05  1.58277204950084E-02
 2.480E-05  1.61944054250799E-02
 2.514E-05  1.65695743877173E-02
 2.548E-05  1.69534232681716E-02
 2.583E-05  1.73461524591550E-02
 2.618E-05  1.77479669639955E-02
 2.654E-05  1.81590765021249E-02
 2.690E-05  1.85796956169627E-02
 2.727E-05  1.90100437862457E-02
 2.764E-05  1.94503455348541E-02
 2.802E-05  1.99008305501964E-02
 2.840E-05  2.03617338002028E-02
 2.879E-05  2.08332956539922E-02
 2.918E-05  2.13157620052688E-02
 2.958E-05  2.18093843985081E-02
 2.998E-05  2.23144201579968E-02
 3.039E-05  2.28311325197915E-02
 3.080E-05  2.33597907666520E-02
 3.123E-05  2.39006703660262E-02
 3.165E-05  2.44540531111524E-02
 3.208E-05  2.50202272653357E-02
 3.252E-05  2.55994877094918E-02
 3.297E-05  2.61921360930068E-02
 3.342E-05  2.67984809879987E-02
 3.387E-05  2.74188380470630E-02
 3.433E-05  2.80535301645558E-02
 3.480E-05  2.87028876415145E-02
 3.528E-05  2.93672483542945E-02
 3.576E-05  3.00469579269873E-02
 3.625E-05  3.07423699077179E-02
 3.674E-05  3.14538459489080E-02
 3.724E-05  3.21817559915812E-02
 3.775E-05  3.29264784538071E-02
 3.827E-05  3.36884004233712E-02
 3.879E-05  3.44679178547725E-02
 3.932E-05  3.52654357706240E-02
 3.986E-05  3.60813684675756E-02
 4.040E-05  3.69161397268433E-02
 4.095E-05  3.77701830294463E-02
 4.151E-05  3.86439417762689E-02
 4.208E-05  3.95378695130282E-02
 4.265E-05  4.04524301602727E-02
 4.324E-05  4.13880982485250E-02
 4.383E-05  4.23453591586644E-02
 4.442E-05  4.33247093676645E-02
 4.503E-05  4.43266566998242E-02
 4.565E-05  4.53517205835842E-02
 4.627E-05  4.64004323140664E-02
 4.690E-05  4.74733353214541E-02
 4.754E-05  4.85709854453383E-02
 4.819E-05  4.96939512151661E-02
 4.885E-05  5.08428141369096E-02
 4.951E-05  5.20181689861099E-02
 5.019E-05  5.32206241074095E-02
 5.088E-05  5.44508017207278E-02
 5.157E-05  5.57093382342183E-02
 5.227E-05  5.69968845641658E-02
 5.299E-05  5.83141064619390E-02
 5.371E-05  5.96616848481773E-02
 5.445E-05  6.10403161543778E-02
 5.519E-05  6.24507126719922E-02
 5.594E-05  6.38936029092478E-02
 5.671E-05  6.53697319558272E-02
 5.748E-05  6.68798618555665E-02
 5.826E-05  6.84247719873717E-02
 5.906E-05  7.00052594545072E-02
 5.987E-05  7.16221394824319E-02
 6.068E-05  7.32762458253741E-02
 6.151E-05  7.49684311818290E-02
 6.235E-05  7.66995676191492E-02
 6.320E-05  7.84705470074454E-02
 6.407E-05  8.02822814629849E-02
 6.494E-05  8.21357038012624E-02
 6.583E-05  8.40317679999894E-02
 6.673E-05  8.59714496721765E-02
 6.764E-05  8.79557465495226E-02
 6.856E-05  8.99856789763554E-02
 6.950E-05  9.20622904142906E-02
 7.045E-05  9.41866479578723E-02
 7.141E-05  9.63598428614388E-02
 7.238E-05  9.85829910773786E-02
 7.337E-05  1.00857233806071E-01
 7.437E-05  1.03183738057745E-01
 7.539E-05  1.05563697226468E-01
 7.642E-05  1.07998331676549E-01
 7.746E-05  1.10488889341608E-01
 7.852E-05  1.13036646336539E-01
 7.959E-05  1.15642907582657E-01
 8.068E-05  1.18309007446316E-01
 8.178E-05  1.21036310391206E-01
 8.289E-05  1.23826211644692E-01
 8.403E-05  1.26680137878407E-01
 8.517E-05  1.29599547903405E-01
 8.634E-05  1.32585933380235E-01
 8.751E-05  1.35640819544114E-01
 8.871E-05  1.38765765945598E-01
 8.992E-05  1.41962367207014E-01
 9.115E-05  1.45232253795021E-01
 9.239E-05  1.48577092809535E-01
 9.365E-05  1.51998588789403E-01
 9.493E-05  1.55498484535167E-01
 9.623E-05  1.59078561949219E-01
 9.754E-05  1.62740642893699E-01
 9.887E-05  1.66486590066494E-01
 1.002E-04  1.70318307895684E-01
 1.016E-04  1.74237743452812E-01
 1.030E-04  1.78246887385305E-01
 1.044E-04  1.82347774868475E-01
 1.058E-04  1.86542486577418E-01
 1.073E-04  1.90833149679226E-01
 1.087E-04  1.95221938845939E-01
 1.102E-04  1.99711077288519E-01
 1.117E-04  2.04302837812396E-01
 1.132E-04  2.08999543894885E-01
 1.148E-04  2.13803570784924E-01
 1.163E-04  2.18717346625560E-01
 1.179E-04  2.23743353599618E-01
 1.195E-04  2.28884129098974E-01
 1.212E-04  2.34142266917845E-01
 1.228E-04  2.39520418470598E-01
 1.245E-04  2.45021294034493E-01
 1.262E-04  2.50647664017848E-01
 1.279E-04  2.56402360254046E-01
 1.297E-04  2.62288277321918E-01
 1.314E-04  2.68308373892893E-01
 1.332E-04  2.74465674105510E-01
 1.351E-04  2.80763268967742E-01
 1.369E-04  2.87204317787492E-01
 1.388E-04  2.93792049632072E-01
 1.407E-04  3.00529764816858E-01
 1.426E-04  3.07420836423790E-01
 1.445E-04  3.14468711850328E-01
 1.465E-04  3.21676914389114E-01
 1.485E-04  3.29049044839186E-01
 1.505E-04  3.36588783149133E-01
 1.526E-04  3.44299890092677E-01
 1.547E-04  3.52186208977406E-01
 1.568E-04  3.60251667387053E-01
 1.589E-04  3.68500278958013E-01
 1.611E-04  3.76936145190576E-01
 1.633E-04  3.85563457295506E-01
 1.655E-04  3.94386498076524E-01
 1.678E-04  4.03409643849256E-01
 1.701E-04  4.12637366397369E-01
 1.724E-04  4.22074234966266E-01
 1.748E-04  4.31724918295133E-01
 1.771E-04  4.41594186687891E-01
 1.796E-04  4.51686914123588E-01
 1.820E-04  4.62008080406967E-01
 1.845E-04  4.72562773359719E-01
 1.870E-04  4.83356191053097E-01
 1.896E-04  4.94393644082546E-01
 1.922E-04  5.05680557884885E-01
 1.948E-04  5.17222475098695E-01
 1.974E-04  5.29025057968662E-01
 2.001E-04  5.41094090794369E-01
 2.029E-04  5.53435482424166E-01
 2.056E-04  5.66055268794847E-01
 2.084E-04  5.78959615517859E-01
 2.113E-04  5.92154820512276E-01
 2.142E-04  6.05647316685626E-01
 2.171E-04  6.19443674663167E-01
 2.201E-04  6.33550605565763E-01
 2.231E-04  6.47974963837615E-01
 2.261E-04  6.62723750124096E-01
 2.292E-04  6.77804114200437E-01
 2.323E-04  6.93223357951958E-01
 2.355E-04  7.08988938406149E-01
 2.387E-04  7.25108470817697E-01
 2.420E-04  7.41589731806750E-01
 2.453E-04  7.58440662550924E-01
 2.486E-04  7.75669372032030E-01
 2.520E-04  7.93284140337804E-01
 2.555E-04  8.11293422019184E-01
 2.589E-04  8.29705849503945E-01
 2.625E-04  8.48530236567145E-01
 2.661E-04  8.67775581858796E-01
 2.697E-04  8.87451072489390E-01
 2.734E-04  9.07566087673867E-01
 2.771E-04  9.28130202434477E-01
 2.809E-04  9.49153191362828E-01
 2.847E-04  9.70645032442015E-01
 2.886E-04  9.92615910928776E-01
 2.926E-04  1.01507622329647E+00
 2.965E-04  1.03803658123918E+00
 3.006E-04  1.06150781573709E+00
 3.047E-04  1.08550098118411E+00
 3.089E-04  1.11002735957717E+00
 3.131E-04  1.13509846476821E+00
 3.174E-04  1.16072604677913E+00
 3.217E-04  1.18692209617917E+00
 3.261E-04  1.21369884852602E+00
 3.305E-04  1.24106878886988E+00
 3.350E-04  1.26904465632111E+00
 3.396E-04  1.29763944868159E+00
 3.442E-04  1.32686642713942E+00
 3.489E-04  1.35673912102737E+00
 3.537E-04  1.38727133264500E+00
 3.585E-04  1.41847714214396E+00
 3.634E-04  1.45037091247694E+00
 3.684E-04  1.48296729440957E+00
 3.734E-04  1.51628123159514E+00
 3.785E-04  1.55032796571191E+00
 3.837E-04  1.58512304166289E+00
 3.889E-04  1.62068231283670E+00
 3.942E-04  1.65702194643023E+00
 3.996E-04  1.69415842883171E+00
 4.051E-04  1.73210857106349E+00
 4.106E-04  1.77088951428450E+00
 4.162E-04  1.81051873535076E+00
 4.219E-04  1.85101405243337E+00
 4.277E-04  1.89239363069309E+00
 4.335E-04  1.93467598801016E+00
 4.394E-04  1.97788000076824E+00
 4.454E-04  2.02202490969165E+00
 4.515E-04  2.06713032573333E+00
 4.577E-04  2.11321623601330E+00
 4.639E-04  2.16030300980521E+00
 4.702E-04  2.20841140456948E+00
 4.767E-04  2.25756257203103E+00
 4.832E-04  2.30777806429975E+00
 4.898E-04  2.35907984003127E+00
 4.965E-04  2.41149027062623E+00
 5.032E-04  2.46503214646517E+00
 5.101E-04  2.51972868317618E+00
 5.171E-04  2.57560352793368E+00
 5.241E-04  2.63268076578431E+00
 5.313E-04  2.69098492599731E+00
 5.385E-04  2.75054098843555E+00
 5.459E-04  2.81137438994522E+00
 5.533E-04  2.87351103075892E+00
 5.609E-04  2.93697728090884E+00
 5.686E-04  3.00179998664664E+00
 5.763E-04  3.06800647686487E+00
 5.842E-04  3.13562456951582E+00
 5.922E-04  3.20468257802335E+00
 6.002E-04  3.27520931768255E+00
 6.084E-04  3.34723411204155E+00
 6.167E-04  3.42078679926133E+00
 6.252E-04  3.49589773844619E+00
 6.337E-04  3.57259781594037E+00
 6.423E-04  3.65091845158423E+00
 6.511E-04  3.73089160492217E+00
 6.600E-04  3.81254978135784E+00
 6.690E-04  3.89592603824771E+00
 6.782E-04  3.98105399092554E+00
 6.874E-04  4.06796781865195E+00
 6.968E-04  4.15670227047851E+00
 7.063E-04  4.24729267101926E+00
 7.160E-04  4.33977492612143E+00
 7.257E-04  4.43418552842447E+00
 7.356E-04  4.53056156279956E+00
 7.457E-04  4.62894071165931E+00
 7.559E-04  4.72936126012619E+00
 7.662E-04  4.83186210105101E+00
 7.766E-04  4.93648273986865E+00
 7.872E-04  5.04326329928005E+00
 7.980E-04  5.15224452374938E+00
 8.089E-04  5.26346778380240E+00
 8.199E-04  5.37697508011415E+00
 8.311E-04  5.49280904737282E+00
 8.425E-04  5.61101295790502E+00
 8.540E-04  5.73163072504901E+00
 8.656E-04  5.85470690626056E+00
 8.774E-04  5.98028670593662E+00
 8.894E-04  6.10841597794007E+00
 9.016E-04  6.23914122780992E+00
 9.139E-04  6.37250961464012E+00
 9.264E-04  6.50856895260783E+00
 9.390E-04  6.64736771213586E+00
 9.518E-04  6.78895502066817E+00
 9.648E-04  6.93338066303965E+00
 9.780E-04  7.08069508142149E+00
 9.913E-04  7.23094937481985E+00
 1.005E-03  7.38419529810825E+00
 1.019E-03  7.54048526057102E+00
 1.032E-03  7.69987232393557E+00
 1.047E-03  7.86241019987043E+00
 1.061E-03  8.02815324692508E+00
 1.075E-03  8.19715646688757E+00
 1.090E-03  8.36947550053501E+00
 1.105E-03  8.54516662274958E+00
 1.120E-03  8.72428673697492E+00
 1.135E-03  8.90689336898699E+00
 1.151E-03  9.09304465994767E+00
 1.167E-03  9.28279935871506E+00
 1.182E-03  9.47621681338257E+00
 1.199E-03  9.67335696201196E+00
 1.215E-03  9.87428032253463E+00
 1.232E-03  1.00790479817862E+01
 1.248E-03  1.02877215836426E+01
 1.265E-03  1.05003633162277E+01
 1.283E-03  1.07170358981528E+01
 1.300E-03  1.09378025637590E+01
 1.318E-03  1.11627270473257E+01
 1.336E-03  1.13918735662070E+01
 1.354E-03  1.16253068028620E+01
 1.373E-03  1.18630918857408E+01
 1.391E-03  1.21052943689886E+01
 1.410E-03  1.23519802109279E+01
 1.430E-03  1.26032157512806E+01
 1.449E-03  1.28590676870901E+01
 1.469E-03  1.31196030473022E+01
 1.489E-03  1.33848891659635E+01
 1.509E-03  1.36549936539958E+01
 1.530E-03  1.39299843695047E+01
 1.551E-03  1.42099293865778E+01
 1.572E-03  1.44948969625311E+01
 1.593E-03  1.47849555035588E+01
 1.615E-03  1.50801735287419E+01
 1.637E-03  1.53806196323720E+01
 1.660E-03  1.56863624445437E+01
 1.682E-03  1.59974705899731E+01
 1.705E-03  1.63140126449944E+01
 1.729E-03  1.66360570926889E+01
 1.752E-03  1.69636722761032E+01
 1.776E-03  1.72969263495090E+01
 1.800E-03  1.76358872276580E+01
 1.825E-03  1.79806225329870E+01
 1.850E-03  1.83311995407306E+01
 1.875E-03  1.86876851218914E+01
 1.901E-03  1.90501456840234E+01
 1.927E-03  1.94186471097904E+01
 1.953E-03  1.97932546932480E+01
 1.980E-03  2.01740330738087E+01
 2.007E-03  2.05610461678496E+01
 2.034E-03  2.09543570979192E+01
 2.062E-03  2.13540281195025E+01
 2.090E-03  2.17601205453064E+01
 2.118E-03  2.21726946670259E+01
 2.147E-03  2.25918096745565E+01
 2.177E-03  2.30175235726152E+01
 2.206E-03  2.34498930947376E+01
 2.236E-03  2.38889736146237E+01
 2.267E-03  2.43348190547952E+01
 2.298E-03  2.47874817925424E+01
 2.329E-03  2.52470125631401E+01
 2.361E-03  2.57134603603003E+01
 2.393E-03  2.61868723338517E+01
 2.426E-03  2.66672936846266E+01
 2.459E-03  2.71547675565420E+01
 2.493E-03  2.76493349258696E+01
 2.527E-03  2.81510344876831E+01
 2.561E-03  2.86599025394885E+01
 2.596E-03  2.91759728620395E+01
 2.632E-03  2.96992765973398E+01
 2.668E-03  3.02298421238528E+01
 2.704E-03  3.07676949289326E+01
 2.741E-03  3.13128574785012E+01
 2.778E-03  3.18653490839996E+01
 2.816E-03  3.24251857666497E+01
 2.855E-03  3.29923801190692E+01
 2.894E-03  3.35669411642851E+01
 2.933E-03  3.41488742122059E+01
 2.973E-03  3.47381807136134E+01
 3.014E-03  3.53348581117434E+01
 3.055E-03  3.59388996915377E+01
 3.097E-03  3.65502944266539E+01
 3.139E-03  3.71690268243319E+01
 3.182E-03  3.77950767682189E+01
 3.225E-03  3.84284193592717E+01
 3.269E-03  3.90690247548658E+01
 3.314E-03  3.97168580062411E+01
 3.359E-03  4.03718788944379E+01
 3.405E-03  4.10340417648800E+01
 3.452E-03  4.17032953607754E+01
 3.499E-03  4.23795826555232E+01
 3.546E-03  4.30628406843123E+01
 3.595E-03  4.37530003751323E+01
 3.644E-03  4.44499863794148E+01
 3.694E-03  4.51537169025405E+01
 3.744E-03  4.58641035344634E+01
 3.795E-03  4.65810510807220E+01
 3.847E-03  4.73044573941187E+01
 3.900E-03  4.80342132073522E+01
 3.953E-03  4.87702019669366E+01
 4.007E-03  4.95122996687179E+01
 4.061E-03  5.02603746953403E+01
 4.117E-03  5.10142876560325E+01
 4.173E-03  5.17738912290814E+01
 4.230E-03  5.25390300073988E+01
 4.288E-03  5.33095403475965E+01
 4.346E-03  5.40852502230066E+01
 4.406E-03  5.48659790810874E+01
 4.466E-03  5.56515377057030E+01
 4.527E-03  5.64417280847582E+01
 4.589E-03  5.72363432836917E+01
 4.651E-03  5.80351673253690E+01
 4.715E-03  5.88379750769098E+01
 4.779E-03  5.96445321440218E+01
 4.844E-03  6.04545947734249E+01
 4.911E-03  6.12679097639681E+01
 4.978E-03  6.20842143870608E+01
 5.046E-03  6.29032363170593E+01
 5.114E-03  6.37246935722687E+01
 5.184E-03  6.45482944672316E+01
 5.255E-03  6.53737375769996E+01
 5.327E-03  6.62007117140979E+01
 5.400E-03  6.70288959189047E+01
 5.473E-03  6.78579594641873E+01
 5.548E-03  6.86875618745510E+01
 5.624E-03  6.95173529615669E+01
 5.700E-03  7.03469728753574E+01
 5.778E-03  7.11760521734337E+01
 5.857E-03  7.20042119075867E+01
 5.937E-03  7.28310637296334E+01
 6.018E-03  7.36562100168459E+01
 6.100E-03  7.44792440178757E+01
 6.184E-03  7.52997500199977E+01
 6.268E-03  7.61173035385119E+01
 6.354E-03  7.69314715291095E+01
 6.440E-03  7.77418126240412E+01
 6.528E-03  7.85478773928986E+01
 6.617E-03  7.93492086288165E+01
 6.708E-03  8.01453416608960E+01
 6.799E-03  8.09358046936325E+01
 6.892E-03  8.17201191741219E+01
 6.986E-03  8.24978001877794E+01
 7.082E-03  8.32683568833145E+01
 7.178E-03  8.40312929276419E+01
 7.276E-03  8.47861069914086E+01
 7.376E-03  8.55322932657606E+01
 7.476E-03  8.62693420109492E+01
 7.578E-03  8.69967401373232E+01
 7.682E-03  8.77139718192088E+01
 7.787E-03  8.84205191421338E+01
 7.893E-03  8.91158627837767E+01
 8.001E-03  8.97994827289919E+01
 8.110E-03  9.04708590191472E+01
 8.221E-03  9.11294725359882E+01
 8.333E-03  9.17748058201351E+01
 8.447E-03  9.24063439242292E+01
 8.562E-03  9.30235753006854E+01
 8.679E-03  9.36259927238833E+01
 8.798E-03  9.42130942465454E+01
 8.918E-03  9.47843841899320E+01
 9.039E-03  9.53393741673781E+01
 9.163E-03  9.58775841405752E+01
 9.288E-03  9.63985435078709E+01
 9.415E-03  9.69017922237294E+01
 9.543E-03  9.73868819483644E+01
 9.674E-03  9.78533772264007E+01
 9.806E-03  9.83008566932755E+01
 9.940E-03  9.87289143079341E+01
 1.008E-02  9.91371606102137E+01
 1.021E-02  9.95252240011396E+01
 1.035E-02  9.98927520441777E+01
 1.049E-02  1.00239412785321E+02
 1.064E-02  1.00564896089697E+02
 1.078E-02  1.00868914992194E+02
 1.093E-02  1.01151207059412E+02
 1.108E-02  1.01411535760047E+02
 1.123E-02  1.01649691840629E+02
 1.138E-02  1.01865494703293E+02
 1.154E-02  1.02058793782129E+02
 1.170E-02  1.02229469914359E+02
 1.186E-02  1.02377436702457E+02
 1.202E-02  1.02502641863087E+02
 1.218E-02  1.02605068558514E+02
 1.235E-02  1.02684736705968E+02
 1.252E-02  1.02741704260217E+02
 1.269E-02  1.02776068464400E+02
 1.286E-02  1.02787967063998E+02
 1.304E-02  1.02777579478586E+02
 1.321E-02  1.02745127925893E+02
 1.339E-02  1.02690878492431E+02
 1.358E-02  1.02615142144878E+02
 1.376E-02  1.02518275676162E+02
 1.395E-02  1.02400682580107E+02
 1.414E-02  1.02262813848339E+02
 1.433E-02  1.02105168683028E+02
 1.453E-02  1.01928295118970E+02
 1.473E-02  1.01732790548389E+02
 1.493E-02  1.01519302141811E+02
 1.513E-02  1.01288527158298E+02
 1.534E-02  1.01041213138314E+02
 1.555E-02  1.00778157972497E+02
 1.576E-02  1.00500209839655E+02
 1.598E-02  1.00208267007337E+02
 1.619E-02  9.99032774884499E+01
 1.642E-02  9.95862385474774E+01
 1.664E-02  9.92581960500428E+01
 1.687E-02  9.89202436497208E+01
 1.710E-02  9.85735218062390E+01
 1.733E-02  9.82192166294698E+01
 1.757E-02  9.78585585439126E+01
 1.781E-02  9.74928207687126E+01
 1.805E-02  9.71233176086408E+01
 1.830E-02  9.67514025518971E+01
 1.855E-02  9.63784661710568E+01
 1.880E-02  9.60059338240129E+01
 1.906E-02  9.56352631523228E+01
 1.932E-02  9.52679413749738E+01
 1.958E-02  9.49054823762517E+01
 1.985E-02  9.45494235870892E+01
 2.012E-02  9.42013226600283E+01
 2.039E-02  9.38627539387303E+01
 2.067E-02  9.35353047238083E+01
 2.095E-02  9.32205713376501E+01
 2.124E-02  9.29201549918348E+01
 2.153E-02  9.26356574617196E+01
 2.182E-02  9.23686765737986E+01
 2.212E-02  9.21208015124885E+01
 2.242E-02  9.18936079540926E+01
 2.273E-02  9.16886530368215E+01
 2.304E-02  9.15074701769101E+01
 2.335E-02  9.13515637420528E+01
 2.367E-02  9.12224035945929E+01
 2.400E-02  9.11214195181238E+01
 2.432E-02  9.10499955424047E+01
 2.466E-02  9.10094641827456E+01
 2.499E-02  9.10011006112636E+01
 2.533E-02  9.10261167786689E+01
 2.568E-02  9.10856555064756E+01
 2.603E-02  9.11807845707619E+01
 2.639E-02  9.13124907998007E+01
 2.675E-02  9.14816742090550E+01
 2.711E-02  9.16891421981665E+01
 2.748E-02  9.19356038356440E+01
 2.786E-02  9.22216642579947E+01
 2.824E-02  9.25478192109992E+01
 2.862E-02  9.29144497617249E+01
 2.901E-02  9.33218172106783E+01
 2.941E-02  9.37700582342119E+01
 2.981E-02  9.42591802879090E+01
 3.022E-02  9.47890573021740E+01
 3.063E-02  9.53594257016288E+01
 3.105E-02  9.59698807801586E+01
 3.147E-02  9.66198734635570E+01
 3.190E-02  9.73087074916635E+01
 3.234E-02  9.80355370516825E+01
 3.278E-02  9.87993648939799E+01
 3.323E-02  9.95990409611023E+01
 3.368E-02  1.00433261560004E+02
 3.414E-02  1.01300569106520E+02
 3.461E-02  1.02199352469988E+02
 3.508E-02  1.03127847944524E+02
 3.556E-02  1.04084140871926E+02
 3.604E-02  1.05066167939340E+02
 3.654E-02  1.06071720172819E+02
 3.703E-02  1.07098446645634E+02
 3.754E-02  1.08143858917736E+02
 3.805E-02  1.09205336220016E+02
 3.857E-02  1.10280131394082E+02
 3.910E-02  1.11365377595100E+02
 3.963E-02  1.12458095761815E+02
 4.017E-02  1.13555202854264E+02
 4.072E-02  1.14653520855852E+02
 4.128E-02  1.15749786532401E+02
 4.184E-02  1.16840661936573E+02
 4.241E-02  1.17922745641596E+02
 4.299E-02  1.18992584683698E+02
 4.358E-02  1.20046687187834E+02
 4.417E-02  1.21081535646484E+02
 4.478E-02  1.22093600816249E+02
 4.539E-02  1.23079356191940E+02
 4.601E-02  1.24035293012656E+02
 4.664E-02  1.24957935749202E+02
 4.727E-02  1.25843858016969E+02
 4.792E-02  1.26689698853225E+02
 4.857E-02  1.27492179292640E+02
 4.924E-02  1.28248119169839E+02
 4.991E-02  1.28954454072837E+02
 5.059E-02  1.29608252366479E+02
 5.128E-02  1.30206732200469E+02
 5.198E-02  1.30747278412244E+02
 5.269E-02  1.31227459230968E+02
 5.341E-02  1.31645042685217E+02
 5.414E-02  1.31998012613664E+02
 5.488E-02  1.32284584175155E+02
 5.563E-02  1.32503218752217E+02
 5.639E-02  1.32652638140120E+02
 5.716E-02  1.32731837912318E+02
 5.794E-02  1.32740099852401E+02
 5.873E-02  1.32677003342606E+02
 5.953E-02  1.32542435599634E+02
 6.034E-02  1.32336600649884E+02
 6.116E-02  1.32060026938392E+02
 6.200E-02  1.31713573468769E+02
 6.285E-02  1.31298434375248E+02
 6.370E-02  1.30816141832710E+02
 6.457E-02  1.30268567216119E+02
 6.546E-02  1.29657920427409E+02
 6.635E-02  1.28986747315273E+02
 6.725E-02  1.28257925121779E+02
 6.817E-02  1.27474655899058E+02
 6.910E-02  1.26640457849600E+02
 7.005E-02  1.25759154554920E+02
 7.100E-02  1.24834862069411E+02
 7.197E-02  1.23871973869167E+02
 7.296E-02  1.22875143659321E+02
 7.395E-02  1.21849266057897E+02
 7.496E-02  1.20799455189449E+02
 7.598E-02  1.19731021237462E+02
 7.702E-02  1.18649445020919E+02
 7.807E-02  1.17560350677085E+02
 7.914E-02  1.16469476549703E+02
 8.022E-02  1.15382644398989E+02
 8.132E-02  1.14305727067179E+02
 8.243E-02  1.13244614750575E+02
 8.355E-02  1.12205180046091E+02
 8.469E-02  1.11193241956909E+02
 8.585E-02  1.10214529057928E+02
 8.702E-02  1.09274642037100E+02
 8.821E-02  1.08379015843170E+02
 8.941E-02  1.07532881683789E+02
 9.063E-02  1.06741229130118E+02
 9.187E-02  1.06008768594806E+02
 9.312E-02  1.05339894459354E+02
 9.440E-02  1.04738649134290E+02
 9.568E-02  1.04208688341034E+02
 9.699E-02  1.03753247907713E+02
 9.831E-02  1.03375112372346E+02
 9.966E-02  1.03076585685603E+02
 1.010E-01  1.02859464301694E+02
 1.024E-01  1.02725012939649E+02
 1.038E-01  1.02673943288392E+02
 1.052E-01  1.02706395917338E+02
 1.066E-01  1.02821925639893E+02
 1.081E-01  1.03019490560064E+02
 1.096E-01  1.03297445012479E+02
 1.111E-01  1.03653536583487E+02
 1.126E-01  1.04084907375715E+02
 1.141E-01  1.04588099650647E+02
 1.157E-01  1.05159065953520E+02
 1.173E-01  1.05793183792339E+02
 1.189E-01  1.06485274908249E+02
 1.205E-01  1.07229629138124E+02
 1.221E-01  1.08020032832270E+02
 1.238E-01  1.08849801750908E+02
 1.255E-01  1.09711818322973E+02
 1.272E-01  1.10598573109920E+02
 1.289E-01  1.11502210276302E+02
 1.307E-01  1.12414576828003E+02
 1.325E-01  1.13327275338769E+02
 1.343E-01  1.14231719846445E+02
 1.361E-01  1.15119194562482E+02
 1.380E-01  1.15980915002370E+02
 1.399E-01  1.16808091110973E+02
 1.418E-01  1.17591991925857E+02
 1.437E-01  1.18324011293929E+02
 1.457E-01  1.18995734132433E+02
 1.477E-01  1.19599002705071E+02
 1.497E-01  1.20125982367864E+02
 1.517E-01  1.20569226227885E+02
 1.538E-01  1.20921738151230E+02
 1.559E-01  1.21177033554975E+02
 1.580E-01  1.21329197421371E+02
 1.602E-01  1.21372938981521E+02
 1.624E-01  1.21303642530089E+02
 1.646E-01  1.21117413852489E+02
 1.668E-01  1.20811121771272E+02
 1.691E-01  1.20382434349107E+02
 1.714E-01  1.19829849321644E+02
 1.738E-01  1.19152718374497E+02
 1.761E-01  1.18351264924331E+02
 1.785E-01  1.17426595114243E+02
 1.810E-01  1.16380701788051E+02
 1.834E-01  1.15216461266176E+02
 1.860E-01  1.13937622807246E+02
 1.885E-01  1.12548790703729E+02
 1.911E-01  1.11055399026371E+02
 1.937E-01  1.09463679100295E+02
 1.963E-01  1.07780619864834E+02
 1.990E-01  1.06013921338692E+02
 2.017E-01  1.04171941481320E+02
 2.045E-01  1.02263636809700E+02
 2.073E-01  1.00298497196253E+02
 2.101E-01  9.82864753377651E+01
 2.130E-01  9.62379114460632E+01
 2.159E-01  9.41634537681689E+01
 2.188E-01  9.20739755958979E+01
 2.218E-01  8.99804894717035E+01
 2.248E-01  8.78940593382866E+01
 2.279E-01  8.58257114134269E+01
 2.310E-01  8.37863445980437E+01
 2.342E-01  8.17866412440999E+01
 2.374E-01  7.98369791191620E+01
 2.406E-01  7.79473454058216E+01
 2.439E-01  7.61272535664902E+01
 2.472E-01  7.43856638871238E+01
 2.506E-01  7.27309084871583E+01
 2.540E-01  7.11706215474393E+01
 2.575E-01  6.97116754633991E+01
 2.610E-01  6.83601235775606E+01
 2.646E-01  6.71211500840959E+01
 2.682E-01  6.59990276292919E+01
 2.718E-01  6.49970830561014E+01
 2.755E-01  6.41176716593575E+01
 2.793E-01  6.33621602316454E+01
 2.831E-01  6.27309190892652E+01
 2.870E-01  6.22233231742625E+01
 2.909E-01  6.18377622332392E+01
 2.949E-01  6.15716599776953E+01
 2.989E-01  6.14215020351179E+01
 3.030E-01  6.13828724060185E+01
 3.071E-01  6.14504980507257E+01
 3.113E-01  6.16183011420342E+01
 3.156E-01  6.18794584368496E+01
 3.199E-01  6.22264671427784E+01
 3.242E-01  6.26512165851883E+01
 3.287E-01  6.31450649175625E+01
 3.331E-01  6.36989200638944E+01
 3.377E-01  6.43033240372296E+01
 3.423E-01  6.49485397440054E+01
 3.470E-01  6.56246393601563E+01
 3.517E-01  6.63215933525292E+01
 3.565E-01  6.70293592182757E+01
 3.614E-01  6.77379690257018E+01
 3.663E-01  6.84376148624674E+01
 3.713E-01  6.91187313307914E+01
 3.764E-01  6.97720742739427E+01
 3.815E-01  7.03887949731255E+01
 3.867E-01  7.09605091180423E+01
 3.920E-01  7.14793599269112E+01
 3.974E-01  7.19380748713640E+01
 4.028E-01  7.23300155471599E+01
 4.083E-01  7.26492203216341E+01
 4.139E-01  7.28904394818154E+01
 4.195E-01  7.30491627017188E+01
 4.252E-01  7.31216387419730E+01
 4.311E-01  7.31048873882433E+01
 4.369E-01  7.29967037254807E+01
 4.429E-01  7.27956549315894E+01
 4.489E-01  7.25010698554783E+01
 4.551E-01  7.21130217196239E+01
 4.613E-01  7.16323043553234E+01
 4.676E-01  7.10604024390441E+01
 4.740E-01  7.03994562501089E+01
 4.804E-01  6.96522215130219E+01
 4.870E-01  6.88220249218026E+01
 4.936E-01  6.79127159687109E+01
 5.004E-01  6.69286157158039E+01
 5.072E-01  6.58744631551023E+01
 5.141E-01  6.47553598021290E+01
 5.212E-01  6.35767131586863E+01
 5.283E-01  6.23441796645294E+01
 5.355E-01  6.10636077347196E+01
 5.428E-01  5.97409814505947E+01
 5.502E-01  5.83823654382239E+01
 5.577E-01  5.69938514296809E+01
 5.653E-01  5.55815069602366E+01
 5.731E-01  5.41513266094227E+01
 5.809E-01  5.27091861465733E+01
 5.888E-01  5.12607998926544E+01
 5.969E-01  4.98116815606023E+01
 6.050E-01  4.83671087866611E+01
 6.133E-01  4.69320915159192E+01
 6.216E-01  4.55113443569330E+01
 6.301E-01  4.41092629734785E+01
 6.387E-01  4.27299045365125E+01
 6.474E-01  4.13769722167407E+01
 6.563E-01  4.00538036580912E+01
 6.652E-01  3.87633633351643E+01
 6.743E-01  3.75082386635898E+01
 6.835E-01  3.62906397013537E+01
 6.929E-01  3.51124022516928E+01
 7.023E-01  3.39749941541856E+01
 7.119E-01  3.28795245302552E+01
 7.216E-01  3.18267557324458E+01
 7.315E-01  3.08171177335322E+01
 7.415E-01  2.98507246817070E+01
 7.516E-01  2.89273933416776E+01
 7.618E-01  2.80466631383806E+01
 7.723E-01  2.72078175200282E+01
 7.828E-01  2.64099063601740E+01
 7.935E-01  2.56517691242221E+01
 8.043E-01  2.49320585340801E+01
 8.153E-01  2.42492644752464E+01
 8.264E-01  2.36017379032602E+01
 8.377E-01  2.29877145208795E+01
 8.491E-01  2.24053380133110E+01
 8.607E-01  2.18526826460335E+01
 8.725E-01  2.13277750479600E+01
 8.844E-01  2.08286150216168E+01
 8.965E-01  2.03531952414234E+01
 9.087E-01  1.98995197207967E+01
 9.211E-01  1.94656209484529E+01
 9.337E-01  1.90495756137226E+01
 9.464E-01  1.86495188597484E+01
 9.594E-01  1.82636570219119E+01
 9.725E-01  1.78902788265900E+01
 9.857E-01  1.75277650422291E+01
 9.992E-01  1.71745965906300E+01
 1.013E+00  1.68293611411472E+01
 1.027E+00  1.64907582241564E+01
 1.041E+00  1.61576029125420E+01
 1.055E+00  1.58288281310715E+01
 1.069E+00  1.55034856633108E+01
 1.084E+00  1.51807459341707E+01
 1.099E+00  1.48598966532699E+01
 1.114E+00  1.45403404100411E+01
 1.129E+00  1.42215913159439E+01
 1.144E+00  1.39032707922929E+01
 1.160E+00  1.35851026041269E+01
 1.176E+00  1.32669072412879E+01
 1.192E+00  1.29485957475156E+01
 1.208E+00  1.26301630969732E+01
 1.225E+00  1.23116812152878E+01
 1.241E+00  1.19932917390044E+01
 1.258E+00  1.16751986034071E+01
 1.275E+00  1.13576605440583E+01
 1.293E+00  1.10409835922375E+01
 1.310E+00  1.07255136388264E+01
 1.328E+00  1.04116291351857E+01
 1.347E+00  1.00997339932874E+01
 1.365E+00  9.79025074090177E+00
 1.384E+00  9.48361398106887E+00
 1.402E+00  9.18026419849446E+00
 1.422E+00  8.88064194896804E+00
 1.441E+00  8.58518246147640E+00
 1.461E+00  8.29431067643683E+00
 1.481E+00  8.00843673745241E+00
 1.501E+00  7.72795194824405E+00
 1.521E+00  7.45322520097709E+00
 1.542E+00  7.18459987710751E+00
 1.563E+00  6.92239121714753E+00
 1.584E+00  6.66688415141409E+00
 1.606E+00  6.41833157988781E+00
 1.628E+00  6.17695308578460E+00
 1.650E+00  5.94293406432976E+00
 1.673E+00  5.71642524552487E+00
 1.696E+00  5.49754258740686E+00
 1.719E+00  5.28636751440773E+00
 1.742E+00  5.08294747392149E+00
 1.766E+00  4.88729678305929E+00
 1.790E+00  4.69939773680629E+00
 1.815E+00  4.51920194836860E+00
 1.839E+00  4.34663189239333E+00
 1.864E+00  4.18158262193956E+00
 1.890E+00  4.02392363054852E+00
 1.916E+00  3.87350083148397E+00
 1.942E+00  3.73013862716325E+00
 1.968E+00  3.59364204295021E+00
 1.995E+00  3.46379890080621E+00
 2.022E+00  3.34038200976890E+00
 2.050E+00  3.22315135182330E+00
 2.078E+00  3.11185624341960E+00
 2.106E+00  3.00623745465160E+00
 2.135E+00  2.90602926991353E+00
 2.164E+00  2.81096147567757E+00
 2.194E+00  2.72076126285702E+00
 2.224E+00  2.63515503302058E+00
 2.254E+00  2.55387009948209E+00
 2.285E+00  2.47663627599086E+00
 2.316E+00  2.40318734737633E+00
 2.348E+00  2.33326241804389E+00
 2.380E+00  2.26660713566782E+00
 2.412E+00  2.20297478877357E+00
 2.445E+00  2.14212727814059E+00
 2.479E+00  2.08383596308484E+00
 2.513E+00  2.02788238469600E+00
 2.547E+00  1.97405886900827E+00
 2.582E+00  1.92216901387755E+00
 2.617E+00  1.87202806402495E+00
 2.653E+00  1.82346317929058E+00
 2.689E+00  1.77631360162800E+00
 2.725E+00  1.73043072676350E+00
 2.763E+00  1.68567808675145E+00
 2.800E+00  1.64193124988390E+00
 2.839E+00  1.59907764456460E+00
 2.877E+00  1.55701631384229E+00
 2.917E+00  1.51565760731989E+00
 2.956E+00  1.47492281712247E+00
 2.997E+00  1.43474376452271E+00
 3.038E+00  1.39506234369314E+00
 3.079E+00  1.35583002888609E+00
 3.121E+00  1.31700735113884E+00
 3.164E+00  1.27856335036871E+00
 3.207E+00  1.24047500846446E+00
 3.251E+00  1.20272666870133E+00
 3.295E+00  1.16530944651094E+00
 3.340E+00  1.12822063632791E+00
 3.386E+00  1.09146311891634E+00
 3.432E+00  1.05504477325358E+00
 3.479E+00  1.01897789672041E+00
 3.526E+00  9.83278637017263E-01
 3.575E+00  9.47966438898581E-01
 3.623E+00  9.13063508494570E-01
 3.673E+00  8.78594297672192E-01
 3.723E+00  8.44585010578462E-01
 3.774E+00  8.11063134209387E-01
 3.825E+00  7.78056994559174E-01
 3.878E+00  7.45595339627262E-01
 3.930E+00  7.13706950296477E-01
 3.984E+00  6.82420279844506E-01
 4.039E+00  6.51763122613635E-01
 4.094E+00  6.21762312140317E-01
 4.150E+00  5.92443448837062E-01
 4.206E+00  5.63830657123971E-01
 4.264E+00  5.35946371726258E-01
 4.322E+00  5.08811152686742E-01
 4.381E+00  4.82443528488546E-01
 4.441E+00  4.56859866542599E-01
 4.501E+00  4.32074270166668E-01
 4.563E+00  4.08098501067263E-01
 4.625E+00  3.84941926232344E-01
 4.688E+00  3.62611488051047E-01
 4.752E+00  3.41111696396200E-01
 4.817E+00  3.20444641336003E-01
 4.883E+00  3.00610025082495E-01
 4.950E+00  2.81605211736120E-01
 5.017E+00  2.63425293347651E-01
 5.086E+00  2.46063170790618E-01
 5.155E+00  2.29509647919174E-01
 5.225E+00  2.13753537477702E-01
 5.297E+00  1.98781777229441E-01
 5.369E+00  1.84579554781609E-01
 5.442E+00  1.71130439603914E-01
 5.517E+00  1.58416520765667E-01
 5.592E+00  1.46418548953670E-01
 5.668E+00  1.35116081378440E-01
 5.746E+00  1.24487628229650E-01
 5.824E+00  1.14510799402601E-01
 5.904E+00  1.05162450285529E-01
 5.984E+00  9.64188254720093E-02
 6.066E+00  8.82556993430992E-02
 6.149E+00  8.06485125492761E-02
 6.233E+00  7.35725035120870E-02
 6.318E+00  6.70028341587221E-02
 6.404E+00  6.09147091986837E-02
 6.491E+00  5.52834883493342E-02
 6.580E+00  5.00847910154616E-02
 6.670E+00  4.52945930261101E-02
 6.761E+00  4.08893151288242E-02
 6.853E+00  3.68459030362057E-02
 6.947E+00  3.31418989113664E-02
 7.042E+00  2.97555042666209E-02
 7.138E+00  2.66656343327982E-02
 7.235E+00  2.38519640341466E-02
 7.334E+00  2.12949657753250E-02
 7.434E+00  1.89759393118881E-02
 7.536E+00  1.68770340335513E-02
 7.639E+00  1.49812640400489E-02
 7.743E+00  1.32725164323711E-02
 7.849E+00  1.17355532774981E-02
 7.956E+00  1.03560077324576E-02
 8.064E+00  9.12037483374746E-03
 8.174E+00  8.01599747112535E-03
 8.286E+00  7.03104807078124E-03
 8.399E+00  6.15450651239554E-03
 8.514E+00  5.37613479801564E-03
 8.630E+00  4.68644897859475E-03
 8.748E+00  4.07668882701534E-03
 8.867E+00  3.53878572507804E-03
 8.988E+00  3.06532920691867E-03
 9.111E+00  2.64953257326551E-03
 9.235E+00  2.28519796050852E-03
 9.362E+00  1.96668121635241E-03
 9.489E+00  1.68885690046665E-03
 9.619E+00  1.44708369460012E-03
 9.750E+00  1.23717047262312E-03
 9.883E+00  1.05534324737732E-03
 1.002E+01  8.98213178484278E-04
 1.016E+01  7.62745793760645E-04
 1.029E+01  6.46231546931257E-04
 1.043E+01  5.46257806182172E-04
 1.058E+01  4.60682341958713E-04
 1.072E+01  3.87608358440212E-04
 1.087E+01  3.25361091412694E-04
 1.102E+01  2.72465975864624E-04
 1.117E+01  2.27628369557108E-04
 1.132E+01  1.89714804036908E-04
 1.147E+01  1.57735722003573E-04
 1.163E+01  1.30829649516351E-04
 1.179E+01  1.08248743114545E-04
 1.195E+01  8.93456453899139E-05
 1.211E+01  7.35615777410639E-05
 1.228E+01  6.04155957978168E-05
 1.245E+01  4.94949311632369E-05
 1.262E+01  4.04463425160894E-05
 1.279E+01  3.29683995826576E-05
 1.296E+01  2.68046248645037E-05
 1.314E+01  2.17374201454771E-05
 1.332E+01  1.75827075536881E-05
 1.350E+01  1.41852181893713E-05
 1.368E+01  1.14143649260882E-05
 1.387E+01  9.16063984130038E-06
 1.406E+01  7.33248073602858E-06
 1.425E+01  5.85355527753448E-06
 1.445E+01  4.66041537125915E-06
 1.464E+01  3.70047837772558E-06
 1.484E+01  2.93029568679474E-06
 1.505E+01  2.31407290572459E-06
 1.525E+01  1.82240947832077E-06
 1.546E+01  1.43122890779970E-06
 1.567E+01  1.12087389086487E-06
 1.589E+01  8.75343576378777E-07
 1.610E+01  6.81652835792371E-07
 1.632E+01  5.29295875605935E-07
 1.655E+01  4.09798740216418E-07
 1.677E+01  3.16349265987504E-07
 1.700E+01  2.43501563018591E-07
 1.723E+01  1.86881915176124E-07
 1.747E+01  1.43005224203163E-07
 1.771E+01  1.09104751722941E-07
 1.795E+01  8.29908261276718E-08
 1.819E+01  6.29358579278809E-08
 1.844E+01  4.75810791122876E-08
 1.869E+01  3.58611565137686E-08
 1.895E+01  2.69434588167116E-08
 1.921E+01  2.01792940322521E-08
 1.947E+01  1.50648905636356E-08
 1.974E+01  1.12102808592081E-08
 2.000E+01  8.31457155055400E-09
 2.028E+01  6.14635635106026E-09
 2.055E+01  4.52825535762144E-09
 2.084E+01  3.32475338614980E-09
 2.112E+01  2.43266639528815E-09
 2.141E+01  1.77369398049547E-09
 2.170E+01  1.28862174300705E-09
 2.200E+01  9.32823836178119E-10
 2.230E+01  6.72786403112365E-10
 2.260E+01  4.83429701203372E-10
 2.291E+01  3.46052796072569E-10
 2.322E+01  2.46761766107754E-10
 2.354E+01  1.75272037427988E-10
 2.386E+01  1.23999141515146E-10
 2.419E+01  8.73709935307054E-11
 2.452E+01  6.13096690007901E-11
 2.485E+01  4.28423825499096E-11
 2.519E+01  2.98105760443500E-11
 2.554E+01  2.06532184425682E-11
 2.588E+01  1.42460216470865E-11
 2.624E+01  9.78262079639804E-12
 2.660E+01  6.68712252254736E-12
 2.696E+01  4.55000536937770E-12
 2.733E+01  3.08133343731583E-12
 2.770E+01  2.07675241213285E-12
 2.808E+01  1.39288281748154E-12
 2.846E+01  9.29592031447745E-13
 2.885E+01  6.17279468360284E-13
 2.924E+01  4.07798988103315E-13
 2.964E+01  2.68008246380461E-13
 3.005E+01  1.75206535026331E-13
 3.046E+01  1.13923840392747E-13
 3.087E+01  7.36720524690695E-14
 3.130E+01  4.73779271115987E-14
 3.172E+01  3.02967059071047E-14
 3.216E+01  1.92628887591809E-14
 3.259E+01  1.21762708368420E-14
 3.304E+01  7.65127720816462E-15
 3.349E+01  4.77903107791518E-15
 3.395E+01  2.96682019616065E-15
 3.441E+01  1.83040364029907E-15
 3.488E+01  1.12218702956540E-15
 3.536E+01  6.83603755742278E-16
 3.584E+01  4.13734917693184E-16
 3.633E+01  2.48757273106847E-16
 3.683E+01  1.48566955232327E-16
 3.733E+01  8.81288346959131E-17
 3.784E+01  5.19181651634976E-17
 3.835E+01  3.03725921378404E-17
 3.888E+01  1.76425302500839E-17
 3.941E+01  1.01744560655078E-17
 3.995E+01  5.82488310736473E-18
 4.049E+01  3.31011287150397E-18
 4.104E+01  1.86694433556238E-18
 4.161E+01  1.04497479109653E-18
 4.217E+01  5.80388128387233E-19
 4.275E+01  3.19831581026137E-19
 4.333E+01  1.74849985398948E-19
 4.392E+01  9.48204579888792E-20
 4.452E+01  5.10012586068894E-20
 4.513E+01  2.72051912878700E-20
 4.575E+01  1.43901006096509E-20
 4.637E+01  7.54684896436509E-21
 4.701E+01  3.92378791448856E-21
 4.765E+01  2.02223478906280E-21
 4.830E+01  1.03298111560446E-21
 4.896E+01  5.22923372651894E-22
 4.963E+01  2.62314687626460E-22
 5.030E+01  1.30379387243074E-22
 5.099E+01  6.42065504383626E-23
 5.169E+01  3.13298443322965E-23
 5.239E+01  1.51516838139013E-23
 5.311E+01  7.26774532095981E-24
 5.383E+01  3.46350557027941E-24
 5.457E+01  1.64620036815944E-24
 5.531E+01  7.87036224175402E-25
 5.607E+01  0.00000000000000E+00
 5.683E+01  0.00000000000000E+00
 5.761E+01  0.00000000000000E+00
 5.839E+01  0.00000000000000E+00
 5.919E+01  0.00000000000000E+00
 6.000E+01  0.00000000000000E+00
