line2: Z,NR,R(1),R(NR) /line3,4,...: R(N),RHO*4*PI*R(N)**2
11.00  2000  1.01365245284744E-10  6.00000000000000E+01
 1.014E-10  1.21568962712024E-16
 1.027E-10  1.24900119890629E-16
 1.042E-10  1.28322555368345E-16
 1.056E-10  1.32270112085272E-16
 1.070E-10  1.35894495509401E-16
 1.085E-10  1.39618192035997E-16
 1.100E-10  1.43443922981029E-16
 1.115E-10  1.47374484228200E-16
 1.130E-10  1.51412748272313E-16
 1.145E-10  1.55561666318489E-16
 1.161E-10  1.59824270438935E-16
 1.177E-10  1.64203675788797E-16
 1.193E-10  1.68703082882796E-16
 1.209E-10  1.73325779934158E-16
 1.226E-10  1.78075145257664E-16
 1.242E-10  1.82954649738602E-16
 1.259E-10  1.87967859369308E-16
 1.276E-10  1.93118437855203E-16
 1.294E-10  1.98410149292284E-16
 1.312E-10  2.03846860917987E-16
 1.329E-10  2.09432545937378E-16
 1.348E-10  2.15171286426815E-16
 1.366E-10  2.21067276317167E-16
 1.385E-10  2.27124824458812E-16
 1.404E-10  2.33348357770559E-16
 1.423E-10  2.39742424474881E-16
 1.442E-10  2.46311697421840E-16
 1.462E-10  2.53060977504011E-16
 1.482E-10  2.59995197165044E-16
 1.502E-10  2.67119424004372E-16
 1.523E-10  2.74438864480610E-16
 1.543E-10  2.81958867716528E-16
 1.564E-10  2.89684929408234E-16
 1.586E-10  2.97622695841472E-16
 1.607E-10  3.05777968018015E-16
 1.629E-10  3.14156705895076E-16
 1.652E-10  3.22765032740917E-16
 1.674E-10  3.31609239609777E-16
 1.697E-10  3.40695789939466E-16
 1.720E-10  3.50031324274899E-16
 1.744E-10  3.59622665121068E-16
 1.767E-10  3.69476821929011E-16
 1.792E-10  3.79600996218371E-16
 1.816E-10  3.90002586840403E-16
 1.841E-10  4.00689195385044E-16
 1.866E-10  4.11668631736273E-16
 1.891E-10  4.22948919779672E-16
 1.917E-10  4.34538303266364E-16
 1.943E-10  4.46445251837585E-16
 1.970E-10  4.58678467214408E-16
 1.997E-10  4.71246889557122E-16
 2.024E-10  4.84159703998646E-16
 2.052E-10  4.97426347357269E-16
 2.080E-10  5.11056515033075E-16
 2.108E-10  5.25060168093482E-16
 2.137E-10  5.39447540552929E-16
 2.166E-10  5.54229146851854E-16
 2.196E-10  5.69415789540959E-16
 2.226E-10  5.85018567175711E-16
 2.256E-10  6.01048882427223E-16
 2.287E-10  6.17518450415578E-16
 2.318E-10  6.34439307271288E-16
 2.350E-10  6.51823818931447E-16
 2.382E-10  6.69684690176829E-16
 2.414E-10  6.88034973916756E-16
 2.447E-10  7.06888080728227E-16
 2.481E-10  7.26257788656541E-16
 2.515E-10  7.46158253284439E-16
 2.549E-10  7.66604018077147E-16
 2.584E-10  7.87610025010883E-16
 2.619E-10  8.09191625492599E-16
 2.655E-10  8.31364591578992E-16
 2.691E-10  8.54145127502769E-16
 2.728E-10  8.77549881515035E-16
 2.765E-10  9.01595958051907E-16
 2.803E-10  9.26300930234578E-16
 2.841E-10  9.51682852712002E-16
 2.880E-10  9.77760274855489E-16
 2.919E-10  1.00455225431461E-15
 2.959E-10  1.03207837094475E-15
 2.999E-10  1.06035874111646E-15
 3.040E-10  1.08941403241645E-15
 3.082E-10  1.11926547875184E-15
 3.124E-10  1.14993489586809E-15
 3.166E-10  1.18144469729212E-15
 3.210E-10  1.21381791071243E-15
 3.253E-10  1.24707819480785E-15
 3.298E-10  1.28124985653770E-15
 3.343E-10  1.31635786890545E-15
 3.389E-10  1.35242788920926E-15
 3.435E-10  1.38948627779263E-15
 3.482E-10  1.42756011730891E-15
 3.529E-10  1.46667723251335E-15
 3.577E-10  1.50686621059792E-15
 3.626E-10  1.54815642208301E-15
 3.676E-10  1.59057804228169E-15
 3.726E-10  1.63416207335240E-15
 3.777E-10  1.67894036695523E-15
 3.828E-10  1.72494564752980E-15
 3.881E-10  1.77221153621047E-15
 3.934E-10  1.82077257539685E-15
 3.987E-10  1.87066425399823E-15
 4.042E-10  1.92192303336860E-15
 4.097E-10  1.97458637395345E-15
 4.153E-10  2.02869276266611E-15
 4.210E-10  2.08428174101432E-15
 4.267E-10  2.14139393399788E-15
 4.325E-10  2.20007107979718E-15
 4.384E-10  2.26035606027641E-15
 4.444E-10  2.32229293232224E-15
 4.505E-10  2.38592696004033E-15
 4.566E-10  2.45130464783544E-15
 4.629E-10  2.51847377439719E-15
 4.692E-10  2.58748342761688E-15
 4.756E-10  2.65838404046188E-15
 4.821E-10  2.73122742783224E-15
 4.887E-10  2.80606682442795E-15
 4.953E-10  2.88295692365290E-15
 5.021E-10  2.96195391758567E-15
 5.090E-10  3.04311553804543E-15
 5.159E-10  3.12650109878230E-15
 5.230E-10  3.21217153882523E-15
 5.301E-10  3.30018946701662E-15
 5.373E-10  3.39061920776722E-15
 5.447E-10  3.48352684806538E-15
 5.521E-10  3.57898028577412E-15
 5.596E-10  3.67704927925120E-15
 5.673E-10  3.77780549832969E-15
 5.750E-10  3.88132257669495E-15
 5.829E-10  3.98767616569661E-15
 5.908E-10  4.09694398963550E-15
 5.989E-10  4.20920590256578E-15
 6.071E-10  4.32454394665224E-15
 6.154E-10  4.44304241212831E-15
 6.238E-10  4.56478789889599E-15
 6.323E-10  4.68986937981384E-15
 6.409E-10  4.81837826571941E-15
 6.497E-10  4.95040847223303E-15
 6.585E-10  5.08605648839258E-15
 6.675E-10  5.22542144716867E-15
 6.766E-10  5.36860519791162E-15
 6.859E-10  5.51571238078445E-15
 6.952E-10  5.66685050323487E-15
 7.047E-10  5.82213001856252E-15
 7.144E-10  5.98166440664004E-15
 7.241E-10  6.14557025684471E-15
 7.340E-10  6.31396735326368E-15
 7.440E-10  6.48697876223298E-15
 7.542E-10  6.66473092227562E-15
 7.645E-10  6.84735373650418E-15
 7.749E-10  7.03498066755656E-15
 7.855E-10  7.22774883512947E-15
 7.962E-10  7.42579911618919E-15
 8.071E-10  7.62927624792482E-15
 8.181E-10  7.83832893352354E-15
 8.293E-10  8.05310995084546E-15
 8.406E-10  8.27377626407304E-15
 8.521E-10  8.50048913842583E-15
 8.637E-10  8.73341425801033E-15
 8.755E-10  8.97272184690738E-15
 8.874E-10  9.21858679357209E-15
 8.996E-10  9.47118877864232E-15
 9.118E-10  9.73071240625602E-15
 9.243E-10  9.99734733895645E-15
 9.369E-10  1.02712884363026E-14
 9.497E-10  1.05527358972747E-14
 9.627E-10  1.08418954065793E-14
 9.758E-10  1.11389782849680E-14
 9.891E-10  1.14442016436728E-14
 1.003E-09  1.17577885430713E-14
 1.016E-09  1.20799681557033E-14
 1.030E-09  1.24109759337527E-14
 1.044E-09  1.27510537811160E-14
 1.059E-09  1.31004502301913E-14
 1.073E-09  1.34594206235058E-14
 1.088E-09  1.38282273003238E-14
 1.102E-09  1.42071397883678E-14
 1.118E-09  1.45964350007892E-14
 1.133E-09  1.49963974385435E-14
 1.148E-09  1.54073193983023E-14
 1.164E-09  1.58295011860701E-14
 1.180E-09  1.62632513366490E-14
 1.196E-09  1.67088868391186E-14
 1.212E-09  1.71667333684983E-14
 1.229E-09  1.76371255237506E-14
 1.246E-09  1.81204070723087E-14
 1.263E-09  1.86169312013093E-14
 1.280E-09  1.91270607757034E-14
 1.297E-09  1.96511686034384E-14
 1.315E-09  2.01896377079159E-14
 1.333E-09  2.07428616079053E-14
 1.351E-09  2.13112446051315E-14
 1.370E-09  2.18952020797452E-14
 1.388E-09  2.24951607938838E-14
 1.407E-09  2.31115592035551E-14
 1.426E-09  2.37448477790660E-14
 1.446E-09  2.43954893342308E-14
 1.466E-09  2.50639593645987E-14
 1.486E-09  2.57507463949520E-14
 1.506E-09  2.64563523363250E-14
 1.527E-09  2.71812928528047E-14
 1.547E-09  2.79260977383858E-14
 1.568E-09  2.86913113041461E-14
 1.590E-09  2.94774927760374E-14
 1.612E-09  3.02852167035748E-14
 1.634E-09  3.11150733797175E-14
 1.656E-09  3.19676692722660E-14
 1.679E-09  3.28436274670747E-14
 1.701E-09  3.37435881234089E-14
 1.725E-09  3.46682089417776E-14
 1.748E-09  3.56181656445866E-14
 1.772E-09  3.65941524699719E-14
 1.796E-09  3.75968826791482E-14
 1.821E-09  3.86270890776670E-14
 1.846E-09  3.96855245509646E-14
 1.871E-09  4.07729626145711E-14
 1.896E-09  4.18901979794094E-14
 1.922E-09  4.30380471325767E-14
 1.949E-09  4.42173489340370E-14
 1.975E-09  4.54289652296762E-14
 2.002E-09  4.66737814811432E-14
 2.029E-09  4.79527074129513E-14
 2.057E-09  4.92666776773206E-14
 2.085E-09  5.06166525372303E-14
 2.114E-09  5.20036185681872E-14
 2.143E-09  5.34285893792194E-14
 2.172E-09  5.48926063536436E-14
 2.201E-09  5.63967394101097E-14
 2.232E-09  5.79420877845115E-14
 2.262E-09  5.95297808333223E-14
 2.293E-09  6.11609788589308E-14
 2.324E-09  6.28368739576150E-14
 2.356E-09  6.45586908907312E-14
 2.388E-09  6.63276879797745E-14
 2.421E-09  6.81451580259882E-14
 2.454E-09  7.00124292551482E-14
 2.487E-09  7.19308662882392E-14
 2.521E-09  7.39018711387473E-14
 2.556E-09  7.59268842372509E-14
 2.590E-09  7.80073854841110E-14
 2.626E-09  8.01448953309952E-14
 2.662E-09  8.23409758920352E-14
 2.698E-09  8.45972320854432E-14
 2.735E-09  8.69153128063951E-14
 2.772E-09  8.92969121320656E-14
 2.810E-09  9.17437705596777E-14
 2.848E-09  9.42576762784698E-14
 2.887E-09  9.68404664765263E-14
 2.927E-09  9.94940286834080E-14
 2.967E-09  1.02220302149590E-13
 3.007E-09  1.05021279263673E-13
 3.048E-09  1.07899007008449E-13
 3.090E-09  1.10855588456850E-13
 3.132E-09  1.13893184308900E-13
 3.175E-09  1.17014014470783E-13
 3.218E-09  1.20220359677156E-13
 3.262E-09  1.23514563157951E-13
 3.307E-09  1.26899032350814E-13
 3.352E-09  1.30376240660498E-13
 3.398E-09  1.33948729266454E-13
 3.444E-09  1.37619108979930E-13
 3.491E-09  1.41390062152004E-13
 3.539E-09  1.45264344633867E-13
 3.587E-09  1.49244787790808E-13
 3.636E-09  1.53334300571419E-13
 3.685E-09  1.57535871633493E-13
 3.736E-09  1.61852571528153E-13
 3.787E-09  1.66287554943835E-13
 3.838E-09  1.70844063011786E-13
 3.891E-09  1.75525425674694E-13
 3.944E-09  1.80335064120275E-13
 3.998E-09  1.85276493281471E-13
 4.052E-09  1.90353324405225E-13
 4.108E-09  1.95569267691618E-13
 4.164E-09  2.00928135005292E-13
 4.221E-09  2.06433842661238E-13
 4.278E-09  2.12090414286849E-13
 4.337E-09  2.17901983762454E-13
 4.396E-09  2.23872798242366E-13
 4.456E-09  2.30007221258764E-13
 4.517E-09  2.36309735910615E-13
 4.578E-09  2.42784948139962E-13
 4.641E-09  2.49437590097979E-13
 4.704E-09  2.56272523603273E-13
 4.769E-09  2.63294743694979E-13
 4.834E-09  2.70509382283165E-13
 4.900E-09  2.77921711899269E-13
 4.967E-09  2.85537149549333E-13
 5.034E-09  2.93361260672850E-13
 5.103E-09  3.01399763209934E-13
 5.173E-09  3.09658531780142E-13
 5.243E-09  3.18143601975700E-13
 5.315E-09  3.26861174772294E-13
 5.388E-09  3.35817621060921E-13
 5.461E-09  3.45019486303687E-13
 5.536E-09  3.54473495317383E-13
 5.611E-09  3.64186557187985E-13
 5.688E-09  3.74165770319927E-13
 5.765E-09  3.84418427623683E-13
 5.844E-09  3.94952021845449E-13
 5.924E-09  4.05774251042988E-13
 6.005E-09  4.16893024211381E-13
 6.087E-09  4.28316467063066E-13
 6.170E-09  4.40052927966120E-13
 6.254E-09  4.52110984045367E-13
 6.340E-09  4.64499447450643E-13
 6.426E-09  4.77227371796764E-13
 6.514E-09  4.90304058780016E-13
 6.603E-09  5.03739064975949E-13
 6.693E-09  5.17542208823335E-13
 6.784E-09  5.31723577799697E-13
 6.877E-09  5.46293535793292E-13
 6.971E-09  5.61262730677045E-13
 7.066E-09  5.76642102090256E-13
 7.162E-09  5.92442889433347E-13
 7.260E-09  6.08676640081758E-13
 7.359E-09  6.25355217824775E-13
 7.460E-09  6.42490811535834E-13
 7.562E-09  6.60095944080185E-13
 7.665E-09  6.78183481466752E-13
 7.770E-09  6.96766642250791E-13
 7.876E-09  7.15859007194029E-13
 7.983E-09  7.35474529189719E-13
 8.092E-09  7.55627543459493E-13
 8.203E-09  7.76332778029683E-13
 8.315E-09  7.97605364494785E-13
 8.428E-09  8.19460849075667E-13
 8.543E-09  8.41915203980887E-13
 8.660E-09  8.64984839079519E-13
 8.778E-09  8.88686613893505E-13
 8.898E-09  9.13037849918723E-13
 9.019E-09  9.38056343283796E-13
 9.142E-09  9.63760377755617E-13
 9.267E-09  9.90168738101387E-13
 9.394E-09  1.01730072381661E-12
 9.522E-09  1.04517616322931E-12
 9.652E-09  1.07381542799100E-12
 9.784E-09  1.10323944796426E-12
 9.917E-09  1.13346972651850E-12
 1.005E-08  1.16452835624492E-12
 1.019E-08  1.19643803510196E-12
 1.033E-08  1.22922208300316E-12
 1.047E-08  1.26290445885963E-12
 1.061E-08  1.29750977808941E-12
 1.076E-08  1.33306333060656E-12
 1.090E-08  1.36959109930350E-12
 1.105E-08  1.40711977903944E-12
 1.120E-08  1.44567679614913E-12
 1.136E-08  1.48529032848639E-12
 1.151E-08  1.52598932601693E-12
 1.167E-08  1.56780353197498E-12
 1.183E-08  1.61076350459991E-12
 1.199E-08  1.65490063946885E-12
 1.215E-08  1.70024719244044E-12
 1.232E-08  1.74683630322807E-12
 1.249E-08  1.79470201961839E-12
 1.266E-08  1.84387932235402E-12
 1.283E-08  1.89440415069776E-12
 1.301E-08  1.94631342869711E-12
 1.318E-08  1.99964509216912E-12
 1.336E-08  2.05443811642368E-12
 1.355E-08  2.11073254474761E-12
 1.373E-08  2.16856951766841E-12
 1.392E-08  2.22799130302028E-12
 1.411E-08  2.28904132683363E-12
 1.430E-08  2.35176420507119E-12
 1.450E-08  2.41620577623424E-12
 1.470E-08  2.48241313486130E-12
 1.490E-08  2.55043466594553E-12
 1.510E-08  2.62032008029488E-12
 1.531E-08  2.69212045086110E-12
 1.551E-08  2.76588825006463E-12
 1.573E-08  2.84167738814156E-12
 1.594E-08  2.91954325254186E-12
 1.616E-08  2.99954274840733E-12
 1.638E-08  3.08173434015809E-12
 1.660E-08  3.16617809421887E-12
 1.683E-08  3.25293572291619E-12
 1.706E-08  3.34207062957875E-12
 1.729E-08  3.43364795487218E-12
 1.753E-08  3.52773462440538E-12
 1.777E-08  3.62439939764001E-12
 1.801E-08  3.72371291814006E-12
 1.826E-08  3.82574776520006E-12
 1.851E-08  3.93057850688535E-12
 1.876E-08  4.03828175452766E-12
 1.901E-08  4.14893621871358E-12
 1.927E-08  4.26262276680653E-12
 1.954E-08  4.37942448204568E-12
 1.980E-08  4.49942672426410E-12
 2.007E-08  4.62271719227000E-12
 2.035E-08  4.74938598793785E-12
 2.063E-08  4.87952568205616E-12
 2.091E-08  5.01323138197845E-12
 2.119E-08  5.15060080112904E-12
 2.148E-08  5.29173433041259E-12
 2.178E-08  5.43673511158051E-12
 2.207E-08  5.58570911260860E-12
 2.237E-08  5.73876520513856E-12
 2.268E-08  5.89601524404243E-12
 2.299E-08  6.05757414916803E-12
 2.330E-08  6.22355998932245E-12
 2.362E-08  6.39409406855773E-12
 2.394E-08  6.56930101482143E-12
 2.427E-08  6.74930887103600E-12
 2.460E-08  6.93424918867285E-12
 2.494E-08  7.12425712389173E-12
 2.528E-08  7.31947153631444E-12
 2.562E-08  7.52003509050428E-12
 2.597E-08  7.72609436022590E-12
 2.633E-08  7.93779993556379E-12
 2.669E-08  8.15530653297449E-12
 2.705E-08  8.37877310835371E-12
 2.742E-08  8.60836297320451E-12
 2.779E-08  8.84424391398546E-12
 2.817E-08  9.08658831472970E-12
 2.856E-08  9.33557328302596E-12
 2.895E-08  9.59138077945116E-12
 2.934E-08  9.85419775054615E-12
 2.974E-08  1.01242162654394E-11
 3.015E-08  1.04016336562130E-11
 3.056E-08  1.06866526621128E-11
 3.098E-08  1.09794815777141E-11
 3.140E-08  1.12803344051446E-11
 3.183E-08  1.15894310104773E-11
 3.227E-08  1.19069972844117E-11
 3.271E-08  1.22332653073574E-11
 3.315E-08  1.25684735190393E-11
 3.361E-08  1.29128668927507E-11
 3.406E-08  1.32666971143817E-11
 3.453E-08  1.36302227663561E-11
 3.500E-08  1.40037095166022E-11
 3.548E-08  1.43874303127056E-11
 3.596E-08  1.47816655813839E-11
 3.645E-08  1.51867034334221E-11
 3.695E-08  1.56028398742270E-11
 3.746E-08  1.60303790201500E-11
 3.797E-08  1.64696333207393E-11
 3.849E-08  1.69209237870791E-11
 3.901E-08  1.73845802263870E-11
 3.954E-08  1.78609414830392E-11
 4.008E-08  1.83503556862024E-11
 4.063E-08  1.88531805042487E-11
 4.119E-08  1.93697834061391E-11
 4.175E-08  1.99005419299772E-11
 4.232E-08  2.04458439589156E-11
 4.290E-08  2.10060880046212E-11
 4.348E-08  2.15816834985136E-11
 4.408E-08  2.21730510909813E-11
 4.468E-08  2.27806229587914E-11
 4.529E-08  2.34048431209319E-11
 4.591E-08  2.40461677631026E-11
 4.653E-08  2.47050655710986E-11
 4.717E-08  2.53820180733310E-11
 4.781E-08  2.60775199927265E-11
 4.846E-08  2.67920796082820E-11
 4.913E-08  2.75262191265147E-11
 4.980E-08  2.82804750630883E-11
 5.048E-08  2.90553986349130E-11
 5.117E-08  2.98515561629739E-11
 5.186E-08  3.06695294861992E-11
 5.257E-08  3.15099163866771E-11
 5.329E-08  3.23733310265176E-11
 5.402E-08  3.32604043966829E-11
 5.475E-08  3.41717847781258E-11
 5.550E-08  3.51081382155523E-11
 5.626E-08  3.60701490041742E-11
 5.703E-08  3.70585201897990E-11
 5.781E-08  3.80739740826125E-11
 5.860E-08  3.91172527850560E-11
 5.940E-08  4.01891187341573E-11
 6.021E-08  4.12903552587195E-11
 6.103E-08  4.24217671517882E-11
 6.186E-08  4.35841812588027E-11
 6.271E-08  4.47784470818478E-11
 6.356E-08  4.60054374004839E-11
 6.443E-08  4.72660489095810E-11
 6.531E-08  4.85612028746218E-11
 6.620E-08  4.98918458049740E-11
 6.711E-08  5.12589501456020E-11
 6.802E-08  5.26635149877375E-11
 6.895E-08  5.41065667990176E-11
 6.989E-08  5.55891601736375E-11
 7.085E-08  5.71123786030492E-11
 7.181E-08  5.86773352677879E-11
 7.279E-08  6.02851738509886E-11
 7.379E-08  6.19370693741923E-11
 7.479E-08  6.36342290560641E-11
 7.582E-08  6.53778931946338E-11
 7.685E-08  6.71693360737092E-11
 7.790E-08  6.90098668941301E-11
 7.896E-08  7.09008307305414E-11
 8.004E-08  7.28436095143753E-11
 8.113E-08  7.48396230437857E-11
 8.224E-08  7.68903300212279E-11
 8.336E-08  7.89972291194913E-11
 8.450E-08  8.11618600769473E-11
 8.566E-08  8.33858048227806E-11
 8.683E-08  8.56706886330771E-11
 8.801E-08  8.80181813185895E-11
 8.921E-08  9.04299984450328E-11
 9.043E-08  9.29079025868285E-11
 9.167E-08  9.54537046152135E-11
 9.292E-08  9.80692650216145E-11
 9.419E-08  1.00756495277313E-10
 9.547E-08  1.03517359230351E-10
 9.677E-08  1.06353874540736E-10
 9.810E-08  1.09268114154933E-10
 9.944E-08  1.12262207820779E-10
 1.008E-07  1.15338343643940E-10
 1.022E-07  1.18498769686956E-10
 1.036E-07  1.21745795612152E-10
 1.050E-07  1.25081794369531E-10
 1.064E-07  1.28509203930951E-10
 1.079E-07  1.32030529071794E-10
 1.093E-07  1.35648343201459E-10
 1.108E-07  1.39365290244025E-10
 1.123E-07  1.43184086570438E-10
 1.139E-07  1.47107522983634E-10
 1.154E-07  1.51138466758083E-10
 1.170E-07  1.55279863735180E-10
 1.186E-07  1.59534740476083E-10
 1.202E-07  1.63906206473527E-10
 1.219E-07  1.68397456424262E-10
 1.235E-07  1.73011772563747E-10
 1.252E-07  1.77752527064769E-10
 1.269E-07  1.82623184501885E-10
 1.287E-07  1.87627304383331E-10
 1.304E-07  1.92768543752286E-10
 1.322E-07  1.98050659859488E-10
 1.340E-07  2.03477512908999E-10
 1.358E-07  2.09053068879259E-10
 1.377E-07  2.14781402421455E-10
 1.396E-07  2.20666699837250E-10
 1.415E-07  2.26713262138147E-10
 1.434E-07  2.32925508188659E-10
 1.454E-07  2.39307977935653E-10
 1.473E-07  2.45865335726107E-10
 1.494E-07  2.52602373715837E-10
 1.514E-07  2.59524015371610E-10
 1.535E-07  2.66635319069178E-10
 1.556E-07  2.73941481790019E-10
 1.577E-07  2.81447842919193E-10
 1.598E-07  2.89159888147428E-10
 1.620E-07  2.97083253480052E-10
 1.642E-07  3.05223729355753E-10
 1.665E-07  3.13587264878281E-10
 1.687E-07  3.22179972163990E-10
 1.710E-07  3.31008130808584E-10
 1.734E-07  3.40078192476276E-10
 1.757E-07  3.49396785614618E-10
 1.781E-07  3.58970720298558E-10
 1.806E-07  3.68806993207260E-10
 1.830E-07  3.78912792737243E-10
 1.855E-07  3.89295504255669E-10
 1.881E-07  3.99962715497515E-10
 1.906E-07  4.10922222110684E-10
 1.932E-07  4.22182033353108E-10
 1.959E-07  4.33750377945811E-10
 1.986E-07  4.45635710086453E-10
 2.013E-07  4.57846715627682E-10
 2.040E-07  4.70392318424693E-10
 2.068E-07  4.83281686856722E-10
 2.096E-07  4.96524240527279E-10
 2.125E-07  5.10129657148063E-10
 2.154E-07  5.24107879611216E-10
 2.183E-07  5.38469123255683E-10
 2.213E-07  5.53223883332533E-10
 2.243E-07  5.68382942674690E-10
 2.274E-07  5.83957379577196E-10
 2.305E-07  5.99958575893058E-10
 2.336E-07  6.16398225351026E-10
 2.368E-07  6.33288342101353E-10
 2.401E-07  6.50641269495690E-10
 2.433E-07  6.68469689107470E-10
 2.467E-07  6.86786629999552E-10
 2.500E-07  7.05605478245829E-10
 2.534E-07  7.24939986713630E-10
 2.569E-07  7.44804285114239E-10
 2.604E-07  7.65212890328782E-10
 2.640E-07  7.86180717017099E-10
 2.676E-07  8.07723088517222E-10
 2.712E-07  8.29855748043557E-10
 2.749E-07  8.52594870191967E-10
 2.787E-07  8.75957072759953E-10
 2.825E-07  8.99959428890846E-10
 2.863E-07  9.24619479550664E-10
 2.903E-07  9.49955246346994E-10
 2.942E-07  9.75985244698972E-10
 2.982E-07  1.00272849736810E-09
 3.023E-07  1.03020454836000E-09
 3.064E-07  1.05843347720691E-09
 3.106E-07  1.08743591364172E-09
 3.149E-07  1.11723305267382E-09
 3.192E-07  1.14784667007818E-09
 3.235E-07  1.17929913830906E-09
 3.279E-07  1.21161344284929E-09
 3.324E-07  1.24481319900797E-09
 3.369E-07  1.27892266917816E-09
 3.415E-07  1.31396678056750E-09
 3.462E-07  1.34997114341484E-09
 3.509E-07  1.38696206970587E-09
 3.557E-07  1.42496659240139E-09
 3.606E-07  1.46401248519282E-09
 3.655E-07  1.50412828279874E-09
 3.705E-07  1.54534330181767E-09
 3.756E-07  1.58768766215221E-09
 3.807E-07  1.63119230902034E-09
 3.859E-07  1.67588903556949E-09
 3.911E-07  1.72181050611063E-09
 3.965E-07  1.76899027998889E-09
 4.019E-07  1.81746283610795E-09
 4.074E-07  1.86726359812696E-09
 4.129E-07  1.91842896034724E-09
 4.186E-07  1.97099631430880E-09
 4.243E-07  2.02500407611553E-09
 4.301E-07  2.08049171450865E-09
 4.360E-07  2.13749977970992E-09
 4.419E-07  2.19606993305517E-09
 4.479E-07  2.25624497743921E-09
 4.541E-07  2.31806888859573E-09
 4.603E-07  2.38158684723352E-09
 4.665E-07  2.44684527205384E-09
 4.729E-07  2.51389185367238E-09
 4.794E-07  2.58277558947010E-09
 4.859E-07  2.65354681939990E-09
 4.926E-07  2.72625726277356E-09
 4.993E-07  2.80096005605725E-09
 5.061E-07  2.87770979170264E-09
 5.130E-07  2.95656255804144E-09
 5.200E-07  3.03757598027340E-09
 5.271E-07  3.12080926257749E-09
 5.343E-07  3.20632323137700E-09
 5.416E-07  3.29418037978965E-09
 5.490E-07  3.38444491329634E-09
 5.565E-07  3.47718279666040E-09
 5.641E-07  3.57246180213302E-09
 5.718E-07  3.67035155897935E-09
 5.796E-07  3.77092360436174E-09
 5.875E-07  3.87425143561697E-09
 5.955E-07  3.98041056396585E-09
 6.037E-07  4.08947856969472E-09
 6.119E-07  4.20153515884878E-09
 6.202E-07  4.31666222147916E-09
 6.287E-07  4.43494389148450E-09
 6.373E-07  4.55646660809509E-09
 6.460E-07  4.68131917903821E-09
 6.548E-07  4.80959284543652E-09
 6.638E-07  4.94138134848468E-09
 6.728E-07  5.07678099795094E-09
 6.820E-07  5.21589074255798E-09
 6.913E-07  5.35881224229088E-09
 7.008E-07  5.50564994268634E-09
 7.103E-07  5.65651115115767E-09
 7.200E-07  5.81150611541172E-09
 7.298E-07  5.97074810401259E-09
 7.398E-07  6.13435348915502E-09
 7.499E-07  6.30244183170407E-09
 7.602E-07  6.47513596856509E-09
 7.705E-07  6.65256210244937E-09
 7.811E-07  6.83484989409621E-09
 7.917E-07  7.02213255702423E-09
 8.025E-07  7.21454695487819E-09
 8.135E-07  7.41223370144305E-09
 8.246E-07  7.61533726339829E-09
 8.358E-07  7.82400606588745E-09
 8.473E-07  8.03839260098089E-09
 8.588E-07  8.25865353910932E-09
 8.705E-07  8.48494984355145E-09
 8.824E-07  8.71744688805867E-09
 8.945E-07  8.95631457770163E-09
 9.067E-07  9.20172747302765E-09
 9.191E-07  9.45386491762324E-09
 9.316E-07  9.71291116916651E-09
 9.443E-07  9.97905553407460E-09
 9.572E-07  1.02524925058388E-08
 9.703E-07  1.05334219071483E-08
 9.835E-07  1.08220490359126E-08
 9.970E-07  1.11185848152793E-08
 1.011E-06  1.14232459477661E-08
 1.024E-06  1.17362550736138E-08
 1.038E-06  1.20578409334799E-08
 1.053E-06  1.23882385355872E-08
 1.067E-06  1.27276893274546E-08
 1.081E-06  1.30764413723336E-08
 1.096E-06  1.34347495304740E-08
 1.111E-06  1.38028756453632E-08
 1.126E-06  1.41810887350634E-08
 1.142E-06  1.45696651887905E-08
 1.157E-06  1.49688889688851E-08
 1.173E-06  1.53790518183103E-08
 1.189E-06  1.58004534738371E-08
 1.205E-06  1.62334018850732E-08
 1.222E-06  1.66782134394902E-08
 1.239E-06  1.71352131936162E-08
 1.255E-06  1.76047351105648E-08
 1.273E-06  1.80871223040696E-08
 1.290E-06  1.85827272892063E-08
 1.308E-06  1.90919122399850E-08
 1.325E-06  1.96150492539970E-08
 1.344E-06  2.01525206243157E-08
 1.362E-06  2.07047191188477E-08
 1.380E-06  2.12720482673317E-08
 1.399E-06  2.18549226562083E-08
 1.418E-06  2.24537682315639E-08
 1.438E-06  2.30690226103763E-08
 1.457E-06  2.37011354002882E-08
 1.477E-06  2.43505685281398E-08
 1.497E-06  2.50177965775065E-08
 1.518E-06  2.57033071354786E-08
 1.539E-06  2.64076011489474E-08
 1.560E-06  2.71311932906500E-08
 1.581E-06  2.78746123352461E-08
 1.603E-06  2.86384015456941E-08
 1.624E-06  2.94231190702115E-08
 1.647E-06  3.02293383501220E-08
 1.669E-06  3.10576485388640E-08
 1.692E-06  3.19086549324847E-08
 1.715E-06  3.27829794119301E-08
 1.738E-06  3.36812608974495E-08
 1.762E-06  3.46041558154510E-08
 1.786E-06  3.55523385781462E-08
 1.811E-06  3.65265020763372E-08
 1.835E-06  3.75273581857074E-08
 1.860E-06  3.85556382869741E-08
 1.886E-06  3.96120938003040E-08
 1.911E-06  4.06974967343617E-08
 1.938E-06  4.18126402504007E-08
 1.964E-06  4.29583392418153E-08
 1.991E-06  4.41354309295610E-08
 2.018E-06  4.53447754738958E-08
 2.046E-06  4.65872566028806E-08
 2.073E-06  4.78637822580901E-08
 2.102E-06  4.91752852580211E-08
 2.130E-06  5.05227239796769E-08
 2.160E-06  5.19070830588226E-08
 2.189E-06  5.33293741094217E-08
 2.219E-06  5.47906364627893E-08
 2.249E-06  5.62919379269903E-08
 2.280E-06  5.78343755670413E-08
 2.311E-06  5.94190765064949E-08
 2.343E-06  6.10471987509726E-08
 2.375E-06  6.27199320342704E-08
 2.407E-06  6.44384986876376E-08
 2.440E-06  6.62041545328763E-08
 2.473E-06  6.80181897998948E-08
 2.507E-06  6.98819300694118E-08
 2.541E-06  7.17967372414916E-08
 2.576E-06  7.37640105305825E-08
 2.611E-06  7.57851874878553E-08
 2.647E-06  7.78617450515220E-08
 2.683E-06  7.99952006259280E-08
 2.719E-06  8.21871131902288E-08
 2.757E-06  8.44390844374113E-08
 2.794E-06  8.67527599445461E-08
 2.832E-06  8.91298303750716E-08
 2.871E-06  9.15720327140295E-08
 2.910E-06  9.40811515371439E-08
 2.950E-06  9.66590203146539E-08
 2.990E-06  9.93075227508776E-08
 3.031E-06  1.02028594160455E-07
 3.072E-06  1.04824222882313E-07
 3.114E-06  1.07696451732352E-07
 3.157E-06  1.10647379495926E-07
 3.200E-06  1.13679162461218E-07
 3.244E-06  1.16794015994624E-07
 3.288E-06  1.19994216159265E-07
 3.333E-06  1.23282101377868E-07
 3.378E-06  1.26660074141198E-07
 3.424E-06  1.30130602763248E-07
 3.471E-06  1.33696223184578E-07
 3.519E-06  1.37359540825006E-07
 3.567E-06  1.41123232487044E-07
 3.615E-06  1.44990048311517E-07
 3.665E-06  1.48962813786717E-07
 3.715E-06  1.53044431812602E-07
 3.765E-06  1.57237884821577E-07
 3.817E-06  1.61546236957263E-07
 3.869E-06  1.65972636313097E-07
 3.922E-06  1.70520317232149E-07
 3.975E-06  1.75192602669935E-07
 4.030E-06  1.79992906622030E-07
 4.085E-06  1.84924736618100E-07
 4.140E-06  1.89991696284290E-07
 4.197E-06  1.95197487975782E-07
 4.254E-06  2.00545915481505E-07
 4.312E-06  2.06040886802862E-07
 4.371E-06  2.11686417008626E-07
 4.431E-06  2.17486631168047E-07
 4.491E-06  2.23445767364203E-07
 4.553E-06  2.29568179790029E-07
 4.615E-06  2.35858341929054E-07
 4.678E-06  2.42320849823259E-07
 4.742E-06  2.48960425430518E-07
 4.806E-06  2.55781920073938E-07
 4.872E-06  2.62790317985682E-07
 4.938E-06  2.69990739947881E-07
 5.006E-06  2.77388447033262E-07
 5.074E-06  2.84988844448232E-07
 5.144E-06  2.92797485481220E-07
 5.214E-06  3.00820075559176E-07
 5.285E-06  3.09062476415152E-07
 5.357E-06  3.17530710370025E-07
 5.430E-06  3.26230964731552E-07
 5.504E-06  3.35169596313844E-07
 5.579E-06  3.44353136080640E-07
 5.656E-06  3.53788293915821E-07
 5.733E-06  3.63481963524425E-07
 5.811E-06  3.73441227468059E-07
 5.890E-06  3.83673362338165E-07
 5.971E-06  3.94185844070906E-07
 6.052E-06  4.04986353407698E-07
 6.135E-06  4.16082781505260E-07
 6.219E-06  4.27483235699309E-07
 6.304E-06  4.39196045426108E-07
 6.390E-06  4.51229768306218E-07
 6.477E-06  4.63593196394770E-07
 6.565E-06  4.76295362603027E-07
 6.655E-06  4.89345547295767E-07
 6.746E-06  5.02753285069289E-07
 6.838E-06  5.16528371715110E-07
 6.931E-06  5.30680871374379E-07
 7.026E-06  5.45221123888110E-07
 7.122E-06  5.60159752348872E-07
 7.219E-06  5.75507670859134E-07
 7.318E-06  5.91276092502067E-07
 7.418E-06  6.07476537530836E-07
 7.519E-06  6.24120841781925E-07
 7.622E-06  6.41221165318858E-07
 7.726E-06  6.58790001312823E-07
 7.831E-06  6.76840185166257E-07
 7.938E-06  6.95384903886355E-07
 8.046E-06  7.14437705715405E-07
 8.156E-06  7.34012510024506E-07
 8.268E-06  7.54123617478391E-07
 8.380E-06  7.74785720478757E-07
 8.495E-06  7.96013913893281E-07
 8.611E-06  8.17823706078428E-07
 8.728E-06  8.40231030204312E-07
 8.848E-06  8.63252255889438E-07
 8.968E-06  8.86904201154125E-07
 9.091E-06  9.11204144701238E-07
 9.215E-06  9.36169838532966E-07
 9.341E-06  9.61819520913367E-07
 9.468E-06  9.88171929685612E-07
 9.597E-06  1.01524631595395E-06
 9.729E-06  1.04306245814017E-06
 9.861E-06  1.07164067642508E-06
 9.996E-06  1.10100184758529E-06
 1.013E-05  1.13116742023601E-06
 1.027E-05  1.16215943049173E-06
 1.041E-05  1.19400051805495E-06
 1.055E-05  1.22671394274582E-06
 1.070E-05  1.26032360148437E-06
 1.084E-05  1.29485404573735E-06
 1.099E-05  1.33033049944284E-06
 1.114E-05  1.36677887742580E-06
 1.129E-05  1.40422580431741E-06
 1.145E-05  1.44269863399246E-06
 1.160E-05  1.48222546953896E-06
 1.176E-05  1.52283518377438E-06
 1.192E-05  1.56455744032328E-06
 1.209E-05  1.60742271527225E-06
 1.225E-05  1.65146231941761E-06
 1.242E-05  1.69670842112166E-06
 1.259E-05  1.74319406979509E-06
 1.276E-05  1.79095322002211E-06
 1.293E-05  1.84002075634550E-06
 1.311E-05  1.89043251873060E-06
 1.329E-05  1.94222532872604E-06
 1.347E-05  1.99543701634040E-06
 1.365E-05  2.05010644765488E-06
 1.384E-05  2.10627355319130E-06
 1.403E-05  2.16397935705689E-06
 1.422E-05  2.22326600688636E-06
 1.442E-05  2.28417680460392E-06
 1.461E-05  2.34675623802711E-06
 1.481E-05  2.41105001333491E-06
 1.501E-05  2.47710508842529E-06
 1.522E-05  2.54496970718553E-06
 1.543E-05  2.61469343469975E-06
 1.564E-05  2.68632719342060E-06
 1.585E-05  2.75992330033071E-06
 1.607E-05  2.83553550512063E-06
 1.629E-05  2.91321902941226E-06
 1.651E-05  2.99303060705478E-06
 1.673E-05  3.07502852552374E-06
 1.696E-05  3.15927266845286E-06
 1.719E-05  3.24582455932975E-06
 1.743E-05  3.33474740638672E-06
 1.767E-05  3.42610614872033E-06
 1.791E-05  3.51996750367323E-06
 1.815E-05  3.61640001551109E-06
 1.840E-05  3.71547410543267E-06
 1.865E-05  3.81726212294762E-06
 1.891E-05  3.92183839865945E-06
 1.916E-05  4.02927929849307E-06
 1.943E-05  4.13966327940657E-06
 1.969E-05  4.25307094662549E-06
 1.996E-05  4.36958511244353E-06
 2.023E-05  4.48929085663273E-06
 2.051E-05  4.61227558850482E-06
 2.079E-05  4.73862911067098E-06
 2.107E-05  4.86844368454542E-06
 2.136E-05  5.00181409764113E-06
 2.165E-05  5.13883773270499E-06
 2.195E-05  5.27961463874598E-06
 2.225E-05  5.42424760400492E-06
 2.255E-05  5.57284223091928E-06
 2.286E-05  5.72550701313946E-06
 2.317E-05  5.88235341465107E-06
 2.349E-05  6.04349595106141E-06
 2.381E-05  6.20905227310730E-06
 2.413E-05  6.37914325244924E-06
 2.446E-05  6.55389306980958E-06
 2.480E-05  6.73342930552162E-06
 2.514E-05  6.91788303255528E-06
 2.548E-05  7.10738891208563E-06
 2.583E-05  7.30208529167477E-06
 2.618E-05  7.50211430613796E-06
 2.654E-05  7.70762198116998E-06
 2.690E-05  7.91875833980034E-06
 2.727E-05  8.13567751176201E-06
 2.764E-05  8.35853784585152E-06
 2.802E-05  8.58750202535589E-06
 2.840E-05  8.82273718663997E-06
 2.879E-05  9.06441504097266E-06
 2.918E-05  9.31271199968474E-06
 2.958E-05  9.56780930274786E-06
 2.998E-05  9.82989315086589E-06
 3.039E-05  1.00991548411806E-05
 3.080E-05  1.03757909066827E-05
 3.123E-05  1.06600032594346E-05
 3.165E-05  1.09519993377094E-05
 3.208E-05  1.12519922571473E-05
 3.252E-05  1.15602009660451E-05
 3.297E-05  1.18768504048902E-05
 3.342E-05  1.22021716702517E-05
 3.387E-05  1.25364021831505E-05
 3.433E-05  1.28797858620323E-05
 3.480E-05  1.32325733004631E-05
 3.528E-05  1.35950219496817E-05
 3.576E-05  1.39673963061410E-05
 3.625E-05  1.43499681041682E-05
 3.674E-05  1.47430165138947E-05
 3.724E-05  1.51468283445876E-05
 3.775E-05  1.55616982535366E-05
 3.827E-05  1.59879289606507E-05
 3.879E-05  1.64258314689101E-05
 3.932E-05  1.68757252908432E-05
 3.986E-05  1.73379386811884E-05
 4.040E-05  1.78128088759102E-05
 4.095E-05  1.83006823377410E-05
 4.151E-05  1.88019150084309E-05
 4.208E-05  1.93168725678826E-05
 4.265E-05  1.98459307003619E-05
 4.324E-05  2.03894753679839E-05
 4.383E-05  2.09479030916541E-05
 4.442E-05  2.15216212396882E-05
 4.503E-05  2.21110483243109E-05
 4.565E-05  2.27166143062430E-05
 4.627E-05  2.33387609076101E-05
 4.690E-05  2.39779419333867E-05
 4.754E-05  2.46346236016155E-05
 4.819E-05  2.53092848826402E-05
 4.885E-05  2.60024178475971E-05
 4.951E-05  2.67145280264147E-05
 5.019E-05  2.74461347755815E-05
 5.088E-05  2.81977716559561E-05
 5.157E-05  2.89699868208740E-05
 5.227E-05  2.97633434148545E-05
 5.299E-05  3.05784199831809E-05
 5.371E-05  3.14158108926503E-05
 5.445E-05  3.22761267638068E-05
 5.519E-05  3.31599949149633E-05
 5.594E-05  3.40680598183307E-05
 5.671E-05  3.50009835685884E-05
 5.748E-05  3.59594463642394E-05
 5.826E-05  3.69441470020838E-05
 5.906E-05  3.79558033851795E-05
 5.987E-05  3.89951530446528E-05
 6.068E-05  4.00629536757376E-05
 6.151E-05  4.11599836884236E-05
 6.235E-05  4.22870427731189E-05
 6.320E-05  4.34449524817362E-05
 6.407E-05  4.46345568246058E-05
 6.494E-05  4.58567228836693E-05
 6.583E-05  4.71123414423748E-05
 6.673E-05  4.84023276327466E-05
 6.764E-05  4.97276216000841E-05
 6.856E-05  5.10891891857615E-05
 6.950E-05  5.24880226286406E-05
 7.045E-05  5.39251412855936E-05
 7.141E-05  5.54015923716467E-05
 7.238E-05  5.69184517202786E-05
 7.337E-05  5.84768245644426E-05
 7.437E-05  6.00778463388452E-05
 7.539E-05  6.17226835040706E-05
 7.642E-05  6.34125343931565E-05
 7.746E-05  6.51486300812138E-05
 7.852E-05  6.69322352787109E-05
 7.959E-05  6.87646492490886E-05
 8.068E-05  7.06472067513487E-05
 8.178E-05  7.25812790082863E-05
 8.289E-05  7.45682747010875E-05
 8.403E-05  7.66096409909781E-05
 8.517E-05  7.87068645686762E-05
 8.634E-05  8.08614727323997E-05
 8.751E-05  8.30750344951885E-05
 8.871E-05  8.53491617223597E-05
 8.992E-05  8.76855102998916E-05
 9.115E-05  9.00857813345802E-05
 9.239E-05  9.25517223868392E-05
 9.365E-05  9.50851287370130E-05
 9.493E-05  9.76878446861147E-05
 9.623E-05  1.00361764891934E-04
 9.754E-05  1.03108835741443E-04
 9.887E-05  1.05931056760525E-04
 1.002E-04  1.08830482061988E-04
 1.016E-04  1.11809221832928E-04
 1.030E-04  1.14869443862526E-04
 1.044E-04  1.18013375111312E-04
 1.058E-04  1.21243303323078E-04
 1.073E-04  1.24561578680558E-04
 1.087E-04  1.27970615506064E-04
 1.102E-04  1.31472894008307E-04
 1.117E-04  1.35070962076646E-04
 1.132E-04  1.38767437124025E-04
 1.148E-04  1.42565007979936E-04
 1.163E-04  1.46466436834768E-04
 1.179E-04  1.50474561236884E-04
 1.195E-04  1.54592296143903E-04
 1.212E-04  1.58822636029637E-04
 1.228E-04  1.63168657048132E-04
 1.245E-04  1.67633519256436E-04
 1.262E-04  1.72220468897628E-04
 1.279E-04  1.76932840745733E-04
 1.297E-04  1.81774060514204E-04
 1.314E-04  1.86747647329681E-04
 1.332E-04  1.91857216272809E-04
 1.351E-04  1.97106480987871E-04
 1.369E-04  2.02499256363113E-04
 1.388E-04  2.08039461283706E-04
 1.407E-04  2.13731121459229E-04
 1.426E-04  2.19578372327734E-04
 1.445E-04  2.25585462038424E-04
 1.465E-04  2.31756754515072E-04
 1.485E-04  2.38096732602352E-04
 1.505E-04  2.44610001297293E-04
 1.526E-04  2.51301291068177E-04
 1.547E-04  2.58175461263209E-04
 1.568E-04  2.65237503611369E-04
 1.589E-04  2.72492545817923E-04
 1.611E-04  2.79945855257154E-04
 1.633E-04  2.87602842764923E-04
 1.655E-04  2.95469066533661E-04
 1.678E-04  3.03550236112671E-04
 1.701E-04  3.11852216516480E-04
 1.724E-04  3.20381032444105E-04
 1.748E-04  3.29142872612335E-04
 1.771E-04  3.38144094205954E-04
 1.796E-04  3.47391227448077E-04
 1.820E-04  3.56890980293874E-04
 1.845E-04  3.66650243250888E-04
 1.870E-04  3.76676094329424E-04
 1.896E-04  3.86975804126421E-04
 1.922E-04  3.97556841046393E-04
 1.948E-04  4.08426876663175E-04
 1.974E-04  4.19593791226098E-04
 2.001E-04  4.31065679314604E-04
 2.029E-04  4.42850855645085E-04
 2.056E-04  4.54957861034252E-04
 2.084E-04  4.67395468522983E-04
 2.113E-04  4.80172689665010E-04
 2.142E-04  4.93298780984899E-04
 2.171E-04  5.06783250609798E-04
 2.201E-04  5.20635865079540E-04
 2.231E-04  5.34866656339834E-04
 2.261E-04  5.49485928923627E-04
 2.292E-04  5.64504267325297E-04
 2.323E-04  5.79932543573122E-04
 2.355E-04  5.95781925005127E-04
 2.387E-04  6.12063882253745E-04
 2.420E-04  6.28790197444890E-04
 2.453E-04  6.45972972617079E-04
 2.486E-04  6.63624638366428E-04
 2.520E-04  6.81757962723587E-04
 2.555E-04  7.00386060268763E-04
 2.589E-04  7.19522401490995E-04
 2.625E-04  7.39180822398365E-04
 2.661E-04  7.59375534385618E-04
 2.697E-04  7.80121134366132E-04
 2.734E-04  8.01432615175125E-04
 2.771E-04  8.23325376251330E-04
 2.809E-04  8.45815234604481E-04
 2.847E-04  8.68918436076189E-04
 2.886E-04  8.92651666901892E-04
 2.926E-04  9.17032065581828E-04
 2.965E-04  9.42077235069308E-04
 3.006E-04  9.67805255284517E-04
 3.047E-04  9.94234695962304E-04
 3.089E-04  1.02138462984314E-03
 3.131E-04  1.04927464621594E-03
 3.174E-04  1.07792486482199E-03
 3.217E-04  1.10735595012974E-03
 3.261E-04  1.13758912598993E-03
 3.305E-04  1.16864619068120E-03
 3.350E-04  1.20054953235637E-03
 3.396E-04  1.23332214489979E-03
 3.442E-04  1.26698764420676E-03
 3.489E-04  1.30157028489596E-03
 3.537E-04  1.33709497746594E-03
 3.585E-04  1.37358730590787E-03
 3.634E-04  1.41107354578598E-03
 3.684E-04  1.44958068279800E-03
 3.734E-04  1.48913643182834E-03
 3.785E-04  1.52976925650656E-03
 3.837E-04  1.57150838928447E-03
 3.889E-04  1.61438385204540E-03
 3.942E-04  1.65842647725936E-03
 3.996E-04  1.70366792969821E-03
 4.051E-04  1.75014072872576E-03
 4.106E-04  1.79787827117722E-03
 4.162E-04  1.84691485484366E-03
 4.219E-04  1.89728570257699E-03
 4.277E-04  1.94902698703154E-03
 4.335E-04  2.00217585605883E-03
 4.394E-04  2.05677045877202E-03
 4.454E-04  2.11284997229804E-03
 4.515E-04  2.17045462923447E-03
 4.577E-04  2.22962574582949E-03
 4.639E-04  2.29040575090387E-03
 4.702E-04  2.35283821553372E-03
 4.767E-04  2.41696788351365E-03
 4.832E-04  2.48284070262049E-03
 4.898E-04  2.55050385669788E-03
 4.965E-04  2.62000579858319E-03
 5.032E-04  2.69139628389779E-03
 5.101E-04  2.76472640572303E-03
 5.171E-04  2.84004863018495E-03
 5.241E-04  2.91741683297001E-03
 5.313E-04  2.99688633679620E-03
 5.385E-04  3.07851394986421E-03
 5.459E-04  3.16235800531254E-03
 5.533E-04  3.24847840170296E-03
 5.609E-04  3.33693664456223E-03
 5.686E-04  3.42779588900651E-03
 5.763E-04  3.52112098347651E-03
 5.842E-04  3.61697851461092E-03
 5.922E-04  3.71543685328711E-03
 6.002E-04  3.81656620185869E-03
 6.084E-04  3.92043864261959E-03
 6.167E-04  4.02712818752616E-03
 6.252E-04  4.13671082920858E-03
 6.337E-04  4.24926459330378E-03
 6.423E-04  4.36486959214330E-03
 6.511E-04  4.48360807982998E-03
 6.600E-04  4.60556450873774E-03
 6.690E-04  4.73082558747071E-03
 6.782E-04  4.85948034031763E-03
 6.874E-04  4.99162016823854E-03
 6.968E-04  5.12733891142219E-03
 7.063E-04  5.26673291345320E-03
 7.160E-04  5.40990108712836E-03
 7.257E-04  5.55694498196351E-03
 7.356E-04  5.70796885343210E-03
 7.457E-04  5.86307973397846E-03
 7.559E-04  6.02238750584962E-03
 7.662E-04  6.18600497578978E-03
 7.766E-04  6.35404795164375E-03
 7.872E-04  6.52663532091551E-03
 7.980E-04  6.70388913133023E-03
 8.089E-04  6.88593467344812E-03
 8.199E-04  7.07290056538034E-03
 8.311E-04  7.26491883965793E-03
 8.425E-04  7.46212503230602E-03
 8.540E-04  7.66465827417654E-03
 8.656E-04  7.87266138459435E-03
 8.774E-04  8.08628096737215E-03
 8.894E-04  8.30566750925116E-03
 9.016E-04  8.53097548082620E-03
 9.139E-04  8.76236344001393E-03
 9.264E-04  8.99999413812581E-03
 9.390E-04  9.24403462860771E-03
 9.518E-04  9.49465637850861E-03
 9.648E-04  9.75203538274471E-03
 9.780E-04  1.00163522812238E-02
 9.913E-04  1.02877924788980E-02
 1.005E-03  1.05665462688146E-02
 1.019E-03  1.08528089582326E-02
 1.032E-03  1.11467809978813E-02
 1.047E-03  1.14486681144298E-02
 1.061E-03  1.17586814462451E-02
 1.075E-03  1.20770376825143E-02
 1.090E-03  1.24039592058091E-02
 1.105E-03  1.27396742381712E-02
 1.120E-03  1.30844169908010E-02
 1.135E-03  1.34384278174318E-02
 1.151E-03  1.38019533714738E-02
 1.167E-03  1.41752467670133E-02
 1.182E-03  1.45585677437563E-02
 1.199E-03  1.49521828360045E-02
 1.215E-03  1.53563655457561E-02
 1.232E-03  1.57713965200223E-02
 1.248E-03  1.61975637324561E-02
 1.265E-03  1.66351626693895E-02
 1.283E-03  1.70844965203756E-02
 1.300E-03  1.75458763733368E-02
 1.318E-03  1.80196214144221E-02
 1.336E-03  1.85060591326748E-02
 1.354E-03  1.90055255296166E-02
 1.373E-03  1.95183653338574E-02
 1.391E-03  2.00449322208371E-02
 1.410E-03  2.05855890378127E-02
 1.430E-03  2.11407080342029E-02
 1.449E-03  2.17106710974047E-02
 1.469E-03  2.22958699941996E-02
 1.489E-03  2.28967066178671E-02
 1.509E-03  2.35135932411273E-02
 1.530E-03  2.41469527750346E-02
 1.551E-03  2.47972190339462E-02
 1.572E-03  2.54648370066933E-02
 1.593E-03  2.61502631340819E-02
 1.615E-03  2.68539655928548E-02
 1.637E-03  2.75764245862455E-02
 1.660E-03  2.83181326412584E-02
 1.682E-03  2.90795949128124E-02
 1.705E-03  2.98613294948843E-02
 1.729E-03  3.06638677387918E-02
 1.752E-03  3.14877545787574E-02
 1.776E-03  3.23335488648982E-02
 1.800E-03  3.32018237037835E-02
 1.825E-03  3.40931668067094E-02
 1.850E-03  3.50081808458387E-02
 1.875E-03  3.59474838183551E-02
 1.901E-03  3.69117094187830E-02
 1.927E-03  3.79015074196291E-02
 1.953E-03  3.89175440604979E-02
 1.980E-03  3.99605024458386E-02
 2.007E-03  4.10310829514807E-02
 2.034E-03  4.21300036401188E-02
 2.062E-03  4.32580006859040E-02
 2.090E-03  4.44158288083075E-02
 2.118E-03  4.56042617154165E-02
 2.147E-03  4.68240925568264E-02
 2.177E-03  4.80761343862950E-02
 2.206E-03  4.93612206343230E-02
 2.236E-03  5.06802055908294E-02
 2.267E-03  5.20339648980861E-02
 2.298E-03  5.34233960540793E-02
 2.329E-03  5.48494189264688E-02
 2.361E-03  5.63129762773096E-02
 2.393E-03  5.78150342987035E-02
 2.426E-03  5.93565831595537E-02
 2.459E-03  6.09386375635841E-02
 2.493E-03  6.25622373187943E-02
 2.527E-03  6.42284479185168E-02
 2.561E-03  6.59383611342403E-02
 2.596E-03  6.76930956203662E-02
 2.632E-03  6.94937975310607E-02
 2.668E-03  7.13416411493667E-02
 2.704E-03  7.32378295287319E-02
 2.741E-03  7.51835951471166E-02
 2.778E-03  7.71802005738343E-02
 2.816E-03  7.92289391492797E-02
 2.855E-03  8.13311356776958E-02
 2.894E-03  8.34881471331265E-02
 2.933E-03  8.57013633787018E-02
 2.973E-03  8.79722078993928E-02
 3.014E-03  9.03021385483749E-02
 3.055E-03  9.26926483071314E-02
 3.097E-03  9.51452660594231E-02
 3.139E-03  9.76615573792481E-02
 3.182E-03  1.00243125332904E-01
 3.225E-03  1.02891611295263E-01
 3.269E-03  1.05608695780367E-01
 3.314E-03  1.08396099286432E-01
 3.359E-03  1.11255583155356E-01
 3.405E-03  1.14188950446801E-01
 3.452E-03  1.17198046826931E-01
 3.499E-03  1.20284761471860E-01
 3.546E-03  1.23451027985866E-01
 3.595E-03  1.26698825334399E-01
 3.644E-03  1.30030178791937E-01
 3.694E-03  1.33447160904679E-01
 3.744E-03  1.36951892468105E-01
 3.795E-03  1.40546543519366E-01
 3.847E-03  1.44233334344512E-01
 3.900E-03  1.48014536500496E-01
 3.953E-03  1.51892473851908E-01
 4.007E-03  1.55869523622364E-01
 4.061E-03  1.59948117460473E-01
 4.117E-03  1.64130742520260E-01
 4.173E-03  1.68419942555914E-01
 4.230E-03  1.72818319030743E-01
 4.288E-03  1.77328532240124E-01
 4.346E-03  1.81953302448283E-01
 4.406E-03  1.86695411038694E-01
 4.466E-03  1.91557701677822E-01
 4.527E-03  1.96543081491978E-01
 4.589E-03  2.01654522256971E-01
 4.651E-03  2.06895061600236E-01
 4.715E-03  2.12267804215088E-01
 4.779E-03  2.17775923086699E-01
 4.844E-03  2.23422660729413E-01
 4.911E-03  2.29211330434903E-01
 4.978E-03  2.35145317530714E-01
 5.046E-03  2.41228080648642E-01
 5.114E-03  2.47463153002399E-01
 5.184E-03  2.53854143673944E-01
 5.255E-03  2.60404738907840E-01
 5.327E-03  2.67118703412933E-01
 5.400E-03  2.73999881670616E-01
 5.473E-03  2.81052199248898E-01
 5.548E-03  2.88279664121430E-01
 5.624E-03  2.95686367990586E-01
 5.700E-03  3.03276487613696E-01
 5.778E-03  3.11054286131374E-01
 5.857E-03  3.19024114396935E-01
 5.937E-03  3.27190412305742E-01
 6.018E-03  3.35557710123335E-01
 6.100E-03  3.44130629811072E-01
 6.184E-03  3.52913886347970E-01
 6.268E-03  3.61912289047388E-01
 6.354E-03  3.71130742867067E-01
 6.440E-03  3.80574249711019E-01
 6.528E-03  3.90247909721642E-01
 6.617E-03  4.00156922560392E-01
 6.708E-03  4.10306588675240E-01
 6.799E-03  4.20702310553048E-01
 6.892E-03  4.31349593954942E-01
 6.986E-03  4.42254049132637E-01
 7.082E-03  4.53421392023602E-01
 7.178E-03  4.64857445422837E-01
 7.276E-03  4.76568140128942E-01
 7.376E-03  4.88559516062064E-01
 7.476E-03  5.00837723351190E-01
 7.578E-03  5.13409023388158E-01
 7.682E-03  5.26279789845628E-01
 7.787E-03  5.39456509656181E-01
 7.893E-03  5.52945783949541E-01
 8.001E-03  5.66754328944840E-01
 8.110E-03  5.80888976794710E-01
 8.221E-03  5.95356676377853E-01
 8.333E-03  6.10164494036612E-01
 8.447E-03  6.25319614255933E-01
 8.562E-03  6.40829340280003E-01
 8.679E-03  6.56701094662647E-01
 8.798E-03  6.72942419747487E-01
 8.918E-03  6.89560978073691E-01
 9.039E-03  7.06564552703005E-01
 9.163E-03  7.23961047463592E-01
 9.288E-03  7.41758487106073E-01
 9.415E-03  7.59965017367008E-01
 9.543E-03  7.78588904934862E-01
 9.674E-03  7.97638537313391E-01
 9.806E-03  8.17122422577184E-01
 9.940E-03  8.37049189013954E-01
 1.008E-02  8.57427584647964E-01
 1.021E-02  8.78266476638881E-01
 1.035E-02  8.99574850550083E-01
 1.049E-02  9.21361809480361E-01
 1.064E-02  9.43636573052709E-01
 1.078E-02  9.66408476253779E-01
 1.093E-02  9.89686968117373E-01
 1.108E-02  1.01348161024515E+00
 1.123E-02  1.03780207515760E+00
 1.138E-02  1.06265814446810E+00
 1.154E-02  1.08805970687274E+00
 1.170E-02  1.11401675594838E+00
 1.186E-02  1.14053938775131E+00
 1.202E-02  1.16763779820856E+00
 1.218E-02  1.19532228029391E+00
 1.235E-02  1.22360322098036E+00
 1.252E-02  1.25249109796064E+00
 1.269E-02  1.28199647612740E+00
 1.286E-02  1.31213000380407E+00
 1.304E-02  1.34290240871787E+00
 1.321E-02  1.37432449370574E+00
 1.339E-02  1.40640713214412E+00
 1.358E-02  1.43916126309327E+00
 1.376E-02  1.47259788614670E+00
 1.395E-02  1.50672805597618E+00
 1.414E-02  1.54156287656265E+00
 1.433E-02  1.57711349510323E+00
 1.453E-02  1.61339109558446E+00
 1.473E-02  1.65040689201186E+00
 1.493E-02  1.68817212128574E+00
 1.513E-02  1.72669803571312E+00
 1.534E-02  1.76599589514570E+00
 1.555E-02  1.80607695873365E+00
 1.576E-02  1.84695247628502E+00
 1.598E-02  1.88863367922066E+00
 1.619E-02  1.93113177111434E+00
 1.642E-02  1.97445791780809E+00
 1.664E-02  2.01862323709260E+00
 1.687E-02  2.06363878794271E+00
 1.710E-02  2.10951555929810E+00
 1.733E-02  2.15626445837952E+00
 1.757E-02  2.20389629853085E+00
 1.781E-02  2.25242178657768E+00
 1.805E-02  2.30185150969321E+00
 1.830E-02  2.35219592176257E+00
 1.855E-02  2.40346532923682E+00
 1.880E-02  2.45566987646843E+00
 1.906E-02  2.50881953052023E+00
 1.932E-02  2.56292406544018E+00
 1.958E-02  2.61799304599495E+00
 1.985E-02  2.67403581085550E+00
 2.012E-02  2.73106145522865E+00
 2.039E-02  2.78907881292901E+00
 2.067E-02  2.84809643788623E+00
 2.095E-02  2.90812258508340E+00
 2.124E-02  2.96916519092298E+00
 2.153E-02  3.03123185301736E+00
 2.182E-02  3.09432980940220E+00
 2.212E-02  3.15846591717134E+00
 2.242E-02  3.22364663053319E+00
 2.273E-02  3.28987797828945E+00
 2.304E-02  3.35716554073796E+00
 2.335E-02  3.42551442600294E+00
 2.367E-02  3.49492924579665E+00
 2.400E-02  3.56541409061821E+00
 2.432E-02  3.63697250439625E+00
 2.466E-02  3.70960745858381E+00
 2.499E-02  3.78332132571522E+00
 2.533E-02  3.85811585243632E+00
 2.568E-02  3.93399213202092E+00
 2.603E-02  4.01095057638833E+00
 2.639E-02  4.08899088763839E+00
 2.675E-02  4.16811202912237E+00
 2.711E-02  4.24831219607018E+00
 2.748E-02  4.32958878579619E+00
 2.786E-02  4.41193836750828E+00
 2.824E-02  4.49535665174678E+00
 2.862E-02  4.57983845948243E+00
 2.901E-02  4.66537769090471E+00
 2.941E-02  4.75196729393446E+00
 2.981E-02  4.83959923249723E+00
 3.022E-02  4.92826445459639E+00
 3.063E-02  5.01795286022779E+00
 3.105E-02  5.10865326918054E+00
 3.147E-02  5.20035338877127E+00
 3.190E-02  5.29303978156229E+00
 3.234E-02  5.38669783311697E+00
 3.278E-02  5.48131171984879E+00
 3.323E-02  5.57686437702363E+00
 3.368E-02  5.67333746697814E+00
 3.414E-02  5.77071134762003E+00
 3.461E-02  5.86896504127997E+00
 3.508E-02  5.96807620398743E+00
 3.556E-02  6.06802109524673E+00
 3.604E-02  6.16877454839283E+00
 3.654E-02  6.27030994160973E+00
 3.703E-02  6.37259916969785E+00
 3.754E-02  6.47561261668042E+00
 3.805E-02  6.57931912934208E+00
 3.857E-02  6.68368599179651E+00
 3.910E-02  6.78867890118335E+00
 3.963E-02  6.89426194459804E+00
 4.017E-02  7.00039757736135E+00
 4.072E-02  7.10704660273912E+00
 4.128E-02  7.21416815322535E+00
 4.184E-02  7.32171967350549E+00
 4.241E-02  7.42965690521918E+00
 4.299E-02  7.53793387364516E+00
 4.358E-02  7.64650287643337E+00
 4.417E-02  7.75531447451212E+00
 4.478E-02  7.86431748530047E+00
 4.539E-02  7.97345897835824E+00
 4.601E-02  8.08268427360816E+00
 4.664E-02  8.19193694226614E+00
 4.727E-02  8.30115881061758E+00
 4.792E-02  8.41028996677841E+00
 4.857E-02  8.51926877058083E+00
 4.924E-02  8.62803186672409E+00
 4.991E-02  8.73651420133095E+00
 5.059E-02  8.84464904205040E+00
 5.128E-02  8.95236800184653E+00
 5.198E-02  9.05960106661248E+00
 5.269E-02  9.16627662674732E+00
 5.341E-02  9.27232151283104E+00
 5.414E-02  9.37766103553141E+00
 5.488E-02  9.48221902987264E+00
 5.563E-02  9.58591790399281E+00
 5.639E-02  9.68867869251274E+00
 5.716E-02  9.79042111463430E+00
 5.794E-02  9.89106363708094E+00
 5.873E-02  9.99052354198689E+00
 5.953E-02  1.00887169998354E+01
 6.034E-02  1.01855591475383E+01
 6.116E-02  1.02809641717417E+01
 6.200E-02  1.03748453974334E+01
 6.285E-02  1.04671153819176E+01
 6.370E-02  1.05576860142138E+01
 6.457E-02  1.06464686199230E+01
 6.546E-02  1.07333740715939E+01
 6.635E-02  1.08183129046098E+01
 6.725E-02  1.09011954386005E+01
 6.817E-02  1.09819319043715E+01
 6.910E-02  1.10604325763267E+01
 7.005E-02  1.11366079103442E+01
 7.100E-02  1.12103686870472E+01
 7.197E-02  1.12816261603974E+01
 7.296E-02  1.13502922115136E+01
 7.395E-02  1.14162795076063E+01
 7.496E-02  1.14795016658917E+01
 7.598E-02  1.15398734223320E+01
 7.702E-02  1.15973108050266E+01
 7.807E-02  1.16517313120539E+01
 7.914E-02  1.17030540935431E+01
 8.022E-02  1.17512001377304E+01
 8.132E-02  1.17960924607308E+01
 8.243E-02  1.18376562997285E+01
 8.355E-02  1.18758193092706E+01
 8.469E-02  1.19105117603143E+01
 8.585E-02  1.19416667416611E+01
 8.702E-02  1.19692203633771E+01
 8.821E-02  1.19931119617797E+01
 8.941E-02  1.20132843055388E+01
 9.063E-02  1.20296838024184E+01
 9.187E-02  1.20422607061571E+01
 9.312E-02  1.20509693229596E+01
 9.440E-02  1.20557682170491E+01
 9.568E-02  1.20566204147004E+01
 9.699E-02  1.20534936061563E+01
 9.831E-02  1.20463603448011E+01
 9.966E-02  1.20351982429452E+01
 1.010E-01  1.20199901635540E+01
 1.024E-01  1.20007244072336E+01
 1.038E-01  1.19773948937670E+01
 1.052E-01  1.19500013374800E+01
 1.066E-01  1.19185494156962E+01
 1.081E-01  1.18830509295339E+01
 1.096E-01  1.18435239562795E+01
 1.111E-01  1.17999929925685E+01
 1.126E-01  1.17524890875970E+01
 1.141E-01  1.17010499655804E+01
 1.157E-01  1.16457201366791E+01
 1.173E-01  1.15865509956092E+01
 1.189E-01  1.15236009071635E+01
 1.205E-01  1.14569352778730E+01
 1.221E-01  1.13866266130553E+01
 1.238E-01  1.13127545585057E+01
 1.255E-01  1.12354059261105E+01
 1.272E-01  1.11546747026794E+01
 1.289E-01  1.10706620413245E+01
 1.307E-01  1.09834762347410E+01
 1.325E-01  1.08932326697780E+01
 1.343E-01  1.08000537627298E+01
 1.361E-01  1.07040688748151E+01
 1.380E-01  1.06054142073640E+01
 1.399E-01  1.05042326762774E+01
 1.418E-01  1.04006737653836E+01
 1.437E-01  1.02948933583706E+01
 1.457E-01  1.01870535490421E+01
 1.477E-01  1.00773224297037E+01
 1.497E-01  9.96587385756488E+00
 1.517E-01  9.85288719911132E+00
 1.538E-01  9.73854705248100E+00
 1.559E-01  9.62304294796057E+00
 1.580E-01  9.50656902680036E+00
 1.602E-01  9.38932369863460E+00
 1.624E-01  9.27150927788235E+00
 1.646E-01  9.15333159959631E+00
 1.668E-01  9.03499961531981E+00
 1.691E-01  8.91672496960699E+00
 1.714E-01  8.79872155795657E+00
 1.738E-01  8.68120506700595E+00
 1.761E-01  8.56439249792794E+00
 1.785E-01  8.44850167406833E+00
 1.810E-01  8.33375073395688E+00
 1.834E-01  8.22035761091708E+00
 1.860E-01  8.10853950059104E+00
 1.885E-01  7.99851231778378E+00
 1.911E-01  7.89049014411607E+00
 1.937E-01  7.78468466805600E+00
 1.963E-01  7.68130461897573E+00
 1.990E-01  7.58055519695173E+00
 2.017E-01  7.48263750009229E+00
 2.045E-01  7.38774795123657E+00
 2.073E-01  7.29607772592194E+00
 2.101E-01  7.20781218356304E+00
 2.130E-01  7.12313030382437E+00
 2.159E-01  7.04220413019862E+00
 2.188E-01  6.96519822282547E+00
 2.218E-01  6.89226912259909E+00
 2.248E-01  6.82356482861722E+00
 2.279E-01  6.75922429102017E+00
 2.310E-01  6.69937692125476E+00
 2.342E-01  6.64414212177453E+00
 2.374E-01  6.59362883715572E+00
 2.406E-01  6.54793512856613E+00
 2.439E-01  6.50714777347329E+00
 2.472E-01  6.47134189241782E+00
 2.506E-01  6.44058060460877E+00
 2.540E-01  6.41491471401974E+00
 2.575E-01  6.39438242757829E+00
 2.610E-01  6.37900910694655E+00
 2.646E-01  6.36880705528873E+00
 2.682E-01  6.36377534031143E+00
 2.718E-01  6.36389965474617E+00
 2.755E-01  6.36915221532000E+00
 2.793E-01  6.37949170113085E+00
 2.831E-01  6.39486323220917E+00
 2.870E-01  6.41519838890685E+00
 2.909E-01  6.44041527260983E+00
 2.949E-01  6.47041860812107E+00
 2.989E-01  6.50509988790831E+00
 3.030E-01  6.54433755825435E+00
 3.071E-01  6.58799724718997E+00
 3.113E-01  6.63593203392836E+00
 3.156E-01  6.68798275935905E+00
 3.199E-01  6.74397837699663E+00
 3.242E-01  6.80373634361771E+00
 3.287E-01  6.86706304865802E+00
 3.331E-01  6.93375428128228E+00
 3.377E-01  7.00359573388148E+00
 3.423E-01  7.07636354059850E+00
 3.470E-01  7.15182484933228E+00
 3.517E-01  7.22973842552535E+00
 3.565E-01  7.30985528589899E+00
 3.614E-01  7.39191936016698E+00
 3.663E-01  7.47566817863147E+00
 3.713E-01  7.56083358344574E+00
 3.764E-01  7.64714246121810E+00
 3.815E-01  7.73431749452961E+00
 3.867E-01  7.82207792984675E+00
 3.920E-01  7.91014035922904E+00
 3.974E-01  7.99821951316096E+00
 4.028E-01  8.08602906177891E+00
 4.083E-01  8.17328242171614E+00
 4.139E-01  8.25969356575380E+00
 4.195E-01  8.34497783244292E+00
 4.252E-01  8.42885273285175E+00
 4.311E-01  8.51103875159503E+00
 4.369E-01  8.59126013931617E+00
 4.429E-01  8.66924569382070E+00
 4.489E-01  8.74472952709873E+00
 4.551E-01  8.81745181552617E+00
 4.613E-01  8.88715953059798E+00
 4.676E-01  8.95360714762228E+00
 4.740E-01  9.01655732989066E+00
 4.804E-01  9.07578158593753E+00
 4.870E-01  9.13106089760890E+00
 4.936E-01  9.18218631677863E+00
 5.004E-01  9.22895952867666E+00
 5.072E-01  9.27119337992872E+00
 5.141E-01  9.30871236955011E+00
 5.212E-01  9.34135310128620E+00
 5.283E-01  9.36896469584844E+00
 5.355E-01  9.39140916175717E+00
 5.428E-01  9.40856172366895E+00
 5.502E-01  9.42031110723762E+00
 5.577E-01  9.42655977973206E+00
 5.653E-01  9.42722414581055E+00
 5.731E-01  9.42223469803000E+00
 5.809E-01  9.41153612184721E+00
 5.888E-01  9.39508735504852E+00
 5.969E-01  9.37286160172266E+00
 6.050E-01  9.34484630106807E+00
 6.133E-01  9.31104305150023E+00
 6.216E-01  9.27146749069584E+00
 6.301E-01  9.22614913237762E+00
 6.387E-01  9.17513116080587E+00
 6.474E-01  9.11847018410037E+00
 6.563E-01  9.05623594766653E+00
 6.652E-01  8.98851100914455E+00
 6.743E-01  8.91539037643672E+00
 6.835E-01  8.83698111049693E+00
 6.929E-01  8.75340189468696E+00
 7.023E-01  8.66478257261524E+00
 7.119E-01  8.57126365647552E+00
 7.216E-01  8.47299580799514E+00
 7.315E-01  8.37013929418366E+00
 7.415E-01  8.26286342014438E+00
 7.516E-01  8.15134594127080E+00
 7.618E-01  8.03577245720002E+00
 7.723E-01  7.91633578993266E+00
 7.828E-01  7.79323534855622E+00
 7.935E-01  7.66667648302442E+00
 8.043E-01  7.53686982944968E+00
 8.153E-01  7.40403064935990E+00
 8.264E-01  7.26837816535319E+00
 8.377E-01  7.13013489555722E+00
 8.491E-01  6.98952598926151E+00
 8.607E-01  6.84677856604399E+00
 8.725E-01  6.70212106065591E+00
 8.844E-01  6.55578257586359E+00
 8.965E-01  6.40799224537132E+00
 9.087E-01  6.25897860886791E+00
 9.211E-01  6.10896900115018E+00
 9.337E-01  5.95818895718153E+00
 9.464E-01  5.80686163484174E+00
 9.594E-01  5.65520725701814E+00
 9.725E-01  5.50344257457688E+00
 9.857E-01  5.35178035163818E+00
 9.992E-01  5.20042887446161E+00
 1.013E+00  5.04959148512702E+00
 1.027E+00  4.89946614107461E+00
 1.041E+00  4.75024500144421E+00
 1.055E+00  4.60211404103062E+00
 1.069E+00  4.45525269254771E+00
 1.084E+00  4.30983351777159E+00
 1.099E+00  4.16602190801121E+00
 1.114E+00  4.02397581423504E+00
 1.129E+00  3.88384550706454E+00
 1.144E+00  3.74577336673007E+00
 1.160E+00  3.60989370297276E+00
 1.176E+00  3.47633260476669E+00
 1.192E+00  3.34520781963070E+00
 1.208E+00  3.21662866219741E+00
 1.225E+00  3.09069595160971E+00
 1.241E+00  2.96750197722169E+00
 1.258E+00  2.84713049199221E+00
 1.275E+00  2.72965673287494E+00
 1.293E+00  2.61514746742900E+00
 1.310E+00  2.50366106579933E+00
 1.328E+00  2.39524759714558E+00
 1.347E+00  2.28994894953287E+00
 1.365E+00  2.18779897223706E+00
 1.384E+00  2.08882363936134E+00
 1.402E+00  1.99304123360998E+00
 1.422E+00  1.90046254901896E+00
 1.441E+00  1.81109111140200E+00
 1.461E+00  1.72492341523424E+00
 1.481E+00  1.64194917566426E+00
 1.501E+00  1.56215159431877E+00
 1.521E+00  1.48550763754272E+00
 1.542E+00  1.41198832570101E+00
 1.563E+00  1.34155903215632E+00
 1.584E+00  1.27417979053109E+00
 1.606E+00  1.20980560886003E+00
 1.628E+00  1.14838678924333E+00
 1.650E+00  1.08986925161899E+00
 1.673E+00  1.03419486028688E+00
 1.696E+00  9.81301751835926E-01
 1.719E+00  9.31124663149866E-01
 1.742E+00  8.83595258196713E-01
 1.766E+00  8.38642452341373E-01
 1.790E+00  7.96192732960989E-01
 1.815E+00  7.56170475187631E-01
 1.839E+00  7.18498251653393E-01
 1.864E+00  6.83097135168620E-01
 1.890E+00  6.49886993324786E-01
 1.916E+00  6.18786774079520E-01
 1.942E+00  5.89714781452149E-01
 1.968E+00  5.62588940533914E-01
 1.995E+00  5.37327051097278E-01
 2.022E+00  5.13847029173348E-01
 2.050E+00  4.92067136054807E-01
 2.078E+00  4.71906194273510E-01
 2.106E+00  4.53283790196223E-01
 2.135E+00  4.36120462978268E-01
 2.164E+00  4.20337879711974E-01
 2.194E+00  4.05858996703930E-01
 2.224E+00  3.92608206910761E-01
 2.254E+00  3.80511473656381E-01
 2.285E+00  3.69496450842984E-01
 2.316E+00  3.59492589952193E-01
 2.348E+00  3.50431234210450E-01
 2.380E+00  3.42245700362788E-01
 2.412E+00  3.34871348560560E-01
 2.445E+00  3.28245640920731E-01
 2.479E+00  3.22308189356386E-01
 2.513E+00  3.17000793310029E-01
 2.547E+00  3.12267468042836E-01
 2.582E+00  3.08054464144858E-01
 2.617E+00  3.04310278933506E-01
 2.653E+00  3.00985660401420E-01
 2.689E+00  2.98033604360846E-01
 2.725E+00  2.95409345410974E-01
 2.763E+00  2.93070342328371E-01
 2.800E+00  2.90976258449869E-01
 2.839E+00  2.89088937582972E-01
 2.877E+00  2.87372375942184E-01
 2.917E+00  2.85792690571476E-01
 2.956E+00  2.84318084674306E-01
 2.997E+00  2.82918810233797E-01
 3.038E+00  2.81567128267656E-01
 3.079E+00  2.80237267025485E-01
 3.121E+00  2.78905378400867E-01
 3.164E+00  2.77549492797206E-01
 3.207E+00  2.76149472655082E-01
 3.251E+00  2.74686964819879E-01
 3.295E+00  2.73145351901973E-01
 3.340E+00  2.71509702757617E-01
 3.386E+00  2.69766722197073E-01
 3.432E+00  2.67904700007374E-01
 3.479E+00  2.65913459360340E-01
 3.526E+00  2.63784304662084E-01
 3.575E+00  2.61509968888094E-01
 3.623E+00  2.59084560438092E-01
 3.673E+00  2.56503509536990E-01
 3.723E+00  2.53763514202474E-01
 3.774E+00  2.50862485795786E-01
 3.825E+00  2.47799494170176E-01
 3.878E+00  2.44574712430984E-01
 3.930E+00  2.41189361322508E-01
 3.984E+00  2.37645653259299E-01
 4.039E+00  2.33946736023521E-01
 4.094E+00  2.30096636155092E-01
 4.150E+00  2.26100202067549E-01
 4.206E+00  2.21963046929799E-01
 4.264E+00  2.17691491361884E-01
 4.322E+00  2.13292506001640E-01
 4.381E+00  2.08773654008365E-01
 4.441E+00  2.04143033579266E-01
 4.501E+00  1.99409220564408E-01
 4.563E+00  1.94581211275869E-01
 4.625E+00  1.89668365596778E-01
 4.688E+00  1.84680350505685E-01
 4.752E+00  1.79627084141041E-01
 4.817E+00  1.74518680539447E-01
 4.883E+00  1.69365395189439E-01
 4.950E+00  1.64177571549905E-01
 5.017E+00  1.58965588688477E-01
 5.086E+00  1.53739810200430E-01
 5.155E+00  1.48510534572478E-01
 5.225E+00  1.43287947158313E-01
 5.297E+00  1.38082073933632E-01
 5.369E+00  1.32902737197766E-01
 5.442E+00  1.27759513386591E-01
 5.517E+00  1.22661693157279E-01
 5.592E+00  1.17618243899485E-01
 5.668E+00  1.12637774819768E-01
 5.746E+00  1.07728504736458E-01
 5.824E+00  1.02898232710765E-01
 5.904E+00  9.81543116267988E-02
 5.984E+00  9.35036248183811E-02
 6.066E+00  8.89525658241814E-02
 6.149E+00  8.45070213349673E-02
 6.233E+00  8.01723573777391E-02
 6.318E+00  7.59534087615000E-02
 6.404E+00  7.18544717884241E-02
 6.491E+00  6.78793002126188E-02
 6.580E+00  6.40311044067203E-02
 6.670E+00  6.03125536744462E-02
 6.761E+00  5.67257816252537E-02
 6.853E+00  5.32723945056645E-02
 6.947E+00  4.99534823609095E-02
 7.042E+00  4.67696328805762E-02
 7.138E+00  4.37209477631813E-02
 7.235E+00  4.08070614172860E-02
 7.334E+00  3.80271618011601E-02
 7.434E+00  3.53800131892893E-02
 7.536E+00  3.28639806424017E-02
 7.639E+00  3.04770559483774E-02
 7.743E+00  2.82168847943703E-02
 7.849E+00  2.60807949259868E-02
 7.956E+00  2.40658250473918E-02
 8.064E+00  2.21687542167888E-02
 8.174E+00  2.03861314948236E-02
 8.286E+00  1.87143056090314E-02
 8.399E+00  1.71494544053868E-02
 8.514E+00  1.56876138682010E-02
 8.630E+00  1.43247065018626E-02
 8.748E+00  1.30565688820498E-02
 8.867E+00  1.18789781998282E-02
 8.988E+00  1.07876776392395E-02
 9.111E+00  9.77840044736126E-03
 9.235E+00  8.84689257499994E-03
 9.362E+00  7.98893378600045E-03
 9.489E+00  7.20035715327229E-03
 9.619E+00  6.47706687977942E-03
 9.750E+00  5.81505440263861E-03
 9.883E+00  5.21041275786515E-03
 1.002E+01  4.65934920195300E-03
 1.016E+01  4.15819610415675E-03
 1.029E+01  3.70342013986119E-03
 1.043E+01  3.29162983060944E-03
 1.058E+01  2.91958149007483E-03
 1.072E+01  2.58418364741246E-03
 1.087E+01  2.28250002988845E-03
 1.102E+01  2.01175119546681E-03
 1.117E+01  1.76931491309286E-03
 1.132E+01  1.55272539376462E-03
 1.147E+01  1.35967147916958E-03
 1.163E+01  1.18799389675076E-03
 1.179E+01  1.03568169063868E-03
 1.195E+01  9.00867937051043E-04
 1.211E+01  7.81824850642209E-04
 1.228E+01  6.76958385011801E-04
 1.245E+01  5.84802426307011E-04
 1.262E+01  5.04012673705800E-04
 1.279E+01  4.33360294719741E-04
 1.296E+01  3.71725436844975E-04
 1.314E+01  3.18090670264804E-04
 1.332E+01  2.71534429208203E-04
 1.350E+01  2.31224512326670E-04
 1.368E+01  1.96411695188988E-04
 1.387E+01  1.66423500819721E-04
 1.406E+01  1.40658167222613E-04
 1.425E+01  1.18578844112641E-04
 1.445E+01  9.97080447090206E-05
 1.464E+01  8.36223724698187E-05
 1.484E+01  6.99475371218750E-05
 1.505E+01  5.83536692896070E-05
 1.525E+01  4.85509384730782E-05
 1.546E+01  4.02854750786255E-05
 1.567E+01  3.33355936644625E-05
 1.589E+01  2.75083115176260E-05
 1.610E+01  2.26361541132472E-05
 1.632E+01  1.85742368981137E-05
 1.655E+01  1.51976111600770E-05
 1.677E+01  1.23988604613615E-05
 1.700E+01  1.00859331930946E-05
 1.723E+01  8.18019621338354E-06
 1.747E+01  6.61469422624823E-06
 1.771E+01  5.33259950627365E-06
 1.795E+01  4.28583673805115E-06
 1.819E+01  3.43386808585052E-06
 1.844E+01  2.74262410434633E-06
 1.869E+01  2.18356671559947E-06
 1.895E+01  1.73287118266906E-06
 1.921E+01  1.37071478061305E-06
 1.947E+01  1.08066067907178E-06
 1.974E+01  8.49126387213132E-07
 2.000E+01  6.64926954354295E-07
 2.028E+01  5.18883954515289E-07
 2.055E+01  4.03495755216210E-07
 2.084E+01  3.12677721883080E-07
 2.112E+01  2.41450866889060E-07
 2.141E+01  1.85786679567944E-07
 2.170E+01  1.42440714556771E-07
 2.200E+01  1.08809534086719E-07
 2.230E+01  8.28117834263552E-08
 2.260E+01  6.27897160629302E-08
 2.291E+01  4.74279745118728E-08
 2.322E+01  3.56868701913577E-08
 2.354E+01  2.67477945496224E-08
 2.386E+01  1.99687370805189E-08
 2.419E+01  1.48481875860695E-08
 2.452E+01  1.09959636509174E-08
 2.485E+01  8.10973334473012E-09
 2.519E+01  5.95620112325855E-09
 2.554E+01  4.35609506587887E-09
 2.588E+01  3.17223909262637E-09
 2.624E+01  2.30011756539270E-09
 2.660E+01  1.66044439250706E-09
 2.696E+01  1.19333689049980E-09
 2.733E+01  8.53768448331940E-10
 2.770E+01  6.08035498504234E-10
 2.808E+01  4.31025218940935E-10
 2.846E+01  3.04112355194623E-10
 2.885E+01  2.13547956552809E-10
 2.924E+01  1.49230875341364E-10
 2.964E+01  1.03775635943604E-10
 3.005E+01  7.18086408311774E-11
 3.046E+01  4.94394149837736E-11
 3.087E+01  3.38653498825092E-11
 3.130E+01  2.30777430892568E-11
 3.172E+01  1.56442986814455E-11
 3.216E+01  1.05490392178146E-11
 3.259E+01  7.07509656525313E-12
 3.304E+01  4.71935524102769E-12
 3.349E+01  3.13062848429728E-12
 3.395E+01  2.06512453027933E-12
 3.441E+01  1.35454562840771E-12
 3.488E+01  8.83364788904415E-13
 3.536E+01  5.72732050130830E-13
 3.584E+01  3.69141848037321E-13
 3.633E+01  2.36499609266930E-13
 3.683E+01  1.50600841367660E-13
 3.733E+01  9.53121309793628E-14
 3.784E+01  5.99454551395159E-14
 3.835E+01  3.74640421732528E-14
 3.888E+01  2.32640742230447E-14
 3.941E+01  1.43526353362299E-14
 3.995E+01  8.79657693831115E-15
 4.049E+01  5.35541161430353E-15
 4.104E+01  3.23839250369369E-15
 4.161E+01  1.94483802878226E-15
 4.217E+01  1.15988254974916E-15
 4.275E+01  6.86878576683203E-16
 4.333E+01  4.03868071507318E-16
 4.392E+01  2.35749262105396E-16
 4.452E+01  1.36605946488806E-16
 4.513E+01  7.85695048996472E-17
 4.575E+01  4.48497390624071E-17
 4.637E+01  2.54064204484292E-17
 4.701E+01  1.42810794048453E-17
 4.765E+01  7.96470617465502E-18
 4.830E+01  4.40685696034350E-18
 4.896E+01  2.41881404602379E-18
 4.963E+01  1.31693239367086E-18
 5.030E+01  7.11219267558764E-19
 5.099E+01  3.81022352649966E-19
 5.169E+01  2.02536680514342E-19
 5.239E+01  1.06881809206864E-19
 5.311E+01  5.60623102311459E-20
 5.383E+01  2.93008201772509E-20
 5.457E+01  1.53355085166152E-20
 5.531E+01  8.11735694930741E-21
 5.607E+01  0.00000000000000E+00
 5.683E+01  0.00000000000000E+00
 5.761E+01  0.00000000000000E+00
 5.839E+01  0.00000000000000E+00
 5.919E+01  0.00000000000000E+00
 6.000E+01  0.00000000000000E+00
