line2: Z,NR,R(1),R(NR) /line3,4,...: R(N),RHO*4*PI*R(N)**2
34.00  2000  1.01365245284744E-10  6.00000000000000E+01
 1.014E-10  1.15687619949433E-14
 1.027E-10  1.18767265333470E-14
 1.042E-10  1.21928891967390E-14
 1.056E-10  1.29320733838292E-14
 1.070E-10  1.32763297538138E-14
 1.085E-10  1.36297503501879E-14
 1.100E-10  1.39925791278842E-14
 1.115E-10  1.43650665360252E-14
 1.130E-10  1.47474696907680E-14
 1.145E-10  1.51400525527950E-14
 1.161E-10  1.55430861095152E-14
 1.177E-10  1.59568485621182E-14
 1.193E-10  1.63816255176074E-14
 1.209E-10  1.68177101859454E-14
 1.226E-10  1.72654035824488E-14
 1.242E-10  1.77250147355679E-14
 1.259E-10  1.81968609001983E-14
 1.276E-10  1.86812677766748E-14
 1.294E-10  1.91785697355899E-14
 1.312E-10  1.96891100485991E-14
 1.329E-10  2.02132411253712E-14
 1.348E-10  2.07513247568437E-14
 1.366E-10  2.13037323649582E-14
 1.385E-10  2.18708452590392E-14
 1.404E-10  2.24530548990003E-14
 1.423E-10  2.30507631655572E-14
 1.442E-10  2.36643826376292E-14
 1.462E-10  2.42943368771363E-14
 1.482E-10  2.49410607213660E-14
 1.502E-10  2.56050005831251E-14
 1.523E-10  2.62866147588887E-14
 1.543E-10  2.69863737451470E-14
 1.564E-10  2.77047605631717E-14
 1.586E-10  2.84422710924334E-14
 1.607E-10  2.91994144128878E-14
 1.629E-10  2.99767131563783E-14
 1.652E-10  3.07747038673954E-14
 1.674E-10  3.15939373734318E-14
 1.697E-10  3.24349791652027E-14
 1.720E-10  3.32984097869855E-14
 1.744E-10  3.41848252373529E-14
 1.767E-10  3.50948373805699E-14
 1.792E-10  3.60290743689435E-14
 1.816E-10  3.69881810764177E-14
 1.841E-10  3.79728195437104E-14
 1.866E-10  3.89836694352950E-14
 1.891E-10  4.00214285085531E-14
 1.917E-10  4.10868130954162E-14
 1.943E-10  4.21805585968242E-14
 1.970E-10  4.33034199903496E-14
 1.997E-10  4.44561723513346E-14
 2.024E-10  4.56396113879021E-14
 2.052E-10  4.68545539902054E-14
 2.080E-10  4.81018387943009E-14
 2.108E-10  4.93823267610358E-14
 2.137E-10  5.06969017703384E-14
 2.166E-10  5.20464712313320E-14
 2.196E-10  5.34319667086929E-14
 2.226E-10  5.48543445656773E-14
 2.256E-10  5.63145866242644E-14
 2.287E-10  5.78137008428915E-14
 2.318E-10  5.93527220121999E-14
 2.350E-10  6.09327124693184E-14
 2.382E-10  6.25547628311735E-14
 2.414E-10  6.42199927472975E-14
 2.447E-10  6.59295516726898E-14
 2.481E-10  6.76846196612425E-14
 2.515E-10  6.94864081803010E-14
 2.549E-10  7.13361609469013E-14
 2.584E-10  7.32351547862673E-14
 2.619E-10  7.51847005131574E-14
 2.655E-10  7.71861438366842E-14
 2.691E-10  7.92408662892136E-14
 2.728E-10  8.13502861799863E-14
 2.765E-10  8.35158595741377E-14
 2.803E-10  8.57390812977752E-14
 2.841E-10  8.80214859698003E-14
 2.880E-10  9.03646490612125E-14
 2.919E-10  9.27701879826062E-14
 2.959E-10  9.52397632006164E-14
 2.999E-10  9.77750793840879E-14
 3.040E-10  1.00377886580746E-13
 3.082E-10  1.03049981425213E-13
 3.124E-10  1.05793208379152E-13
 3.166E-10  1.08609461004452E-13
 3.210E-10  1.11500683270285E-13
 3.253E-10  1.14468870894963E-13
 3.298E-10  1.17516072723537E-13
 3.343E-10  1.20644392142025E-13
 3.389E-10  1.23855988529326E-13
 3.435E-10  1.27153078747764E-13
 3.482E-10  1.30537938673329E-13
 3.529E-10  1.34012904766634E-13
 3.577E-10  1.37580375685681E-13
 3.626E-10  1.41242813941615E-13
 3.676E-10  1.45002747598484E-13
 3.726E-10  1.48862772018289E-13
 3.777E-10  1.52825551652498E-13
 3.828E-10  1.56893821881206E-13
 3.881E-10  1.61070390901297E-13
 3.934E-10  1.65358141664843E-13
 3.987E-10  1.69760033869112E-13
 4.042E-10  1.74279105999569E-13
 4.097E-10  1.78918477427225E-13
 4.153E-10  1.83681350561842E-13
 4.210E-10  1.88571013062473E-13
 4.267E-10  1.93590840106813E-13
 4.325E-10  1.98744296720965E-13
 4.384E-10  2.04034940171268E-13
 4.444E-10  2.09466422419722E-13
 4.505E-10  2.15042492644850E-13
 4.566E-10  2.20766999829639E-13
 4.629E-10  2.26643895418359E-13
 4.692E-10  2.32677236044113E-13
 4.756E-10  2.38871186328999E-13
 4.821E-10  2.45230021758841E-13
 4.887E-10  2.51758131634387E-13
 4.953E-10  2.58460022101130E-13
 5.021E-10  2.65340319259734E-13
 5.090E-10  2.72403772359301E-13
 5.159E-10  2.79655257075613E-13
 5.230E-10  2.87099778876650E-13
 5.301E-10  2.94742476477736E-13
 5.373E-10  3.02588625388588E-13
 5.447E-10  3.10643641554860E-13
 5.521E-10  3.18913085096569E-13
 5.596E-10  3.27402664146110E-13
 5.673E-10  3.36118238788367E-13
 5.750E-10  3.45065825105721E-13
 5.829E-10  3.54251599330809E-13
 5.908E-10  3.63681902109773E-13
 5.989E-10  3.73363242878955E-13
 6.071E-10  3.83302304358173E-13
 6.154E-10  3.93505947163650E-13
 6.238E-10  4.03981214543591E-13
 6.323E-10  4.14735337239939E-13
 6.409E-10  4.25775738479557E-13
 6.497E-10  4.37110039098212E-13
 6.585E-10  4.48746062801001E-13
 6.675E-10  4.60691841562798E-13
 6.766E-10  4.72955621172464E-13
 6.859E-10  4.85545866924687E-13
 6.952E-10  4.98471269463274E-13
 7.047E-10  5.11740750779992E-13
 7.144E-10  5.25363470373216E-13
 7.241E-10  5.39348831570341E-13
 7.340E-10  5.53706488018689E-13
 7.440E-10  5.68446350349035E-13
 7.542E-10  5.83578593016639E-13
 7.645E-10  5.99113661324343E-13
 7.749E-10  6.15062278632598E-13
 7.855E-10  6.31435453761530E-13
 7.962E-10  6.48244488589879E-13
 8.071E-10  6.65500985856358E-13
 8.181E-10  6.83216857168727E-13
 8.293E-10  7.01404331225875E-13
 8.406E-10  7.20075962258951E-13
 8.521E-10  7.39244638697206E-13
 8.637E-10  7.58923592064298E-13
 8.755E-10  7.79126406111779E-13
 8.874E-10  7.99867026195454E-13
 8.996E-10  8.21159768901270E-13
 9.118E-10  8.43019331927835E-13
 9.243E-10  8.65460804231672E-13
 9.369E-10  8.88499676442515E-13
 9.497E-10  9.12151851556132E-13
 9.627E-10  9.36433655911710E-13
 9.758E-10  9.61361850461192E-13
 9.891E-10  9.86953642338983E-13
 1.003E-09  1.01322669673947E-12
 1.016E-09  1.04019914911069E-12
 1.030E-09  1.06788961767268E-12
 1.044E-09  1.09631721626897E-12
 1.059E-09  1.12550156756042E-12
 1.073E-09  1.15546281656990E-12
 1.088E-09  1.18622164458782E-12
 1.102E-09  1.21779928344786E-12
 1.118E-09  1.25021753018258E-12
 1.133E-09  1.28349876206914E-12
 1.148E-09  1.31766595207563E-12
 1.164E-09  1.35274268471864E-12
 1.180E-09  1.38875317234282E-12
 1.196E-09  1.42572227183389E-12
 1.212E-09  1.46367550177667E-12
 1.229E-09  1.50263906006959E-12
 1.246E-09  1.54263984200822E-12
 1.263E-09  1.58370545885042E-12
 1.280E-09  1.62586425687541E-12
 1.297E-09  1.66914533695015E-12
 1.315E-09  1.71357857461696E-12
 1.333E-09  1.75919464071556E-12
 1.351E-09  1.80602502255400E-12
 1.370E-09  1.85410204564366E-12
 1.388E-09  1.90345889601230E-12
 1.407E-09  1.95412964311127E-12
 1.426E-09  2.00614926333264E-12
 1.446E-09  2.05955366415212E-12
 1.466E-09  2.11437970891522E-12
 1.486E-09  2.17066524228249E-12
 1.506E-09  2.22844911635248E-12
 1.527E-09  2.28777121748026E-12
 1.547E-09  2.34867249380948E-12
 1.568E-09  2.41119498353783E-12
 1.590E-09  2.47538184393428E-12
 1.612E-09  2.54127738112951E-12
 1.634E-09  2.60892708069895E-12
 1.656E-09  2.67837763905954E-12
 1.679E-09  2.74967699570336E-12
 1.701E-09  2.82287436628862E-12
 1.725E-09  2.89802027661130E-12
 1.748E-09  2.97516659748152E-12
 1.772E-09  3.05436658052875E-12
 1.796E-09  3.13567489495934E-12
 1.821E-09  3.21914766529279E-12
 1.846E-09  3.30484251010293E-12
 1.871E-09  3.39281858178995E-12
 1.896E-09  3.48313660741171E-12
 1.922E-09  3.57585893060140E-12
 1.949E-09  3.67104955460125E-12
 1.975E-09  3.76877418644225E-12
 2.002E-09  3.86910028229951E-12
 2.029E-09  3.97209709405459E-12
 2.057E-09  4.07783571709840E-12
 2.085E-09  4.18638913940599E-12
 2.114E-09  4.29783229191720E-12
 2.143E-09  4.41224210025997E-12
 2.172E-09  4.52969753784888E-12
 2.201E-09  4.65027968039834E-12
 2.232E-09  4.77407176188645E-12
 2.262E-09  4.90115923200835E-12
 2.293E-09  5.03162981516004E-12
 2.324E-09  5.16557357099101E-12
 2.356E-09  5.30308295657036E-12
 2.388E-09  5.44425289020582E-12
 2.421E-09  5.58918081696346E-12
 2.454E-09  5.73796677593091E-12
 2.487E-09  5.89071346927075E-12
 2.521E-09  6.04752633311304E-12
 2.556E-09  6.20851361033327E-12
 2.590E-09  6.37378642527045E-12
 2.626E-09  6.54345886043196E-12
 2.662E-09  6.71764803524034E-12
 2.698E-09  6.89647418687795E-12
 2.735E-09  7.08006075328217E-12
 2.772E-09  7.26853445835112E-12
 2.810E-09  7.46202539941708E-12
 2.848E-09  7.66066713704762E-12
 2.887E-09  7.86459678723892E-12
 2.927E-09  8.07395511606221E-12
 2.967E-09  8.28888663683004E-12
 3.007E-09  8.50953970984941E-12
 3.048E-09  8.73606664482892E-12
 3.090E-09  8.96862380601466E-12
 3.132E-09  9.20737172012302E-12
 3.175E-09  9.45247518714580E-12
 3.218E-09  9.70410339410793E-12
 3.262E-09  9.96243003185122E-12
 3.307E-09  1.02276334149268E-11
 3.352E-09  1.04998966046802E-11
 3.398E-09  1.07794075356138E-11
 3.444E-09  1.10663591451098E-11
 3.491E-09  1.13609495066100E-11
 3.539E-09  1.16633819663397E-11
 3.587E-09  1.19738652836691E-11
 3.636E-09  1.22926137752151E-11
 3.685E-09  1.26198474627771E-11
 3.736E-09  1.29557922252082E-11
 3.787E-09  1.33006799543347E-11
 3.838E-09  1.36547487150233E-11
 3.891E-09  1.40182429095073E-11
 3.944E-09  1.43914134460917E-11
 3.998E-09  1.47745179123460E-11
 4.052E-09  1.51678207529089E-11
 4.108E-09  1.55715934520255E-11
 4.164E-09  1.59861147209434E-11
 4.221E-09  1.64116706902986E-11
 4.278E-09  1.68485551076224E-11
 4.337E-09  1.72970695401058E-11
 4.396E-09  1.77575235827594E-11
 4.456E-09  1.82302350721189E-11
 4.517E-09  1.87155303056373E-11
 4.578E-09  1.92137442669159E-11
 4.641E-09  1.97252208569322E-11
 4.704E-09  2.02503131314250E-11
 4.769E-09  2.07893835445966E-11
 4.834E-09  2.13428041993030E-11
 4.900E-09  2.19109571039039E-11
 4.967E-09  2.24942344359491E-11
 5.034E-09  2.30930388128902E-11
 5.103E-09  2.37077835699897E-11
 5.173E-09  2.43388930456326E-11
 5.243E-09  2.49868028742384E-11
 5.315E-09  2.56519602869594E-11
 5.388E-09  2.63348244203912E-11
 5.461E-09  2.70358666335015E-11
 5.536E-09  2.77555708329930E-11
 5.611E-09  2.84944338073237E-11
 5.688E-09  2.92529655696298E-11
 5.765E-09  3.00316897097703E-11
 5.844E-09  3.08311437557362E-11
 5.924E-09  3.16518795446978E-11
 6.005E-09  3.24944636039166E-11
 6.087E-09  3.33594775417954E-11
 6.170E-09  3.42475184493493E-11
 6.254E-09  3.51591993123563E-11
 6.340E-09  3.60951494344785E-11
 6.426E-09  3.70560148716506E-11
 6.514E-09  3.80424588780358E-11
 6.603E-09  3.90551623638392E-11
 6.693E-09  4.00948243653220E-11
 6.784E-09  4.11621625273286E-11
 6.877E-09  4.22579135986401E-11
 6.971E-09  4.33828339405386E-11
 7.066E-09  4.45377000488949E-11
 7.162E-09  4.57233090901531E-11
 7.260E-09  4.69404794515953E-11
 7.359E-09  4.81900513062418E-11
 7.460E-09  4.94728871927946E-11
 7.562E-09  5.07898726110238E-11
 7.665E-09  5.21419166329909E-11
 7.770E-09  5.35299525305588E-11
 7.876E-09  5.49549384195918E-11
 7.983E-09  5.64178579213120E-11
 8.092E-09  5.79197208412626E-11
 8.203E-09  5.94615638663433E-11
 8.315E-09  6.10444512803988E-11
 8.428E-09  6.26694756988484E-11
 8.543E-09  6.43377588229039E-11
 8.660E-09  6.60504522138203E-11
 8.778E-09  6.78087380877879E-11
 8.898E-09  6.96138301319837E-11
 9.019E-09  7.14669743423255E-11
 9.142E-09  7.33694498835520E-11
 9.267E-09  7.53225699721801E-11
 9.394E-09  7.73276827829729E-11
 9.522E-09  7.93861723795391E-11
 9.652E-09  8.14994596697173E-11
 9.784E-09  8.36690033863666E-11
 9.917E-09  8.58963010942798E-11
 1.005E-08  8.81828902239139E-11
 1.019E-08  9.05303491326152E-11
 1.033E-08  9.29402981941076E-11
 1.047E-08  9.54144009169855E-11
 1.061E-08  9.79543650929723E-11
 1.076E-08  1.00561943975753E-10
 1.090E-08  1.03238937491186E-10
 1.105E-08  1.05987193479725E-10
 1.120E-08  1.08808608971932E-10
 1.136E-08  1.11705131497920E-10
 1.151E-08  1.14678760431664E-10
 1.167E-08  1.17731548371122E-10
 1.183E-08  1.20865602555051E-10
 1.199E-08  1.24083086317568E-10
 1.215E-08  1.27386220581426E-10
 1.232E-08  1.30777285391036E-10
 1.249E-08  1.34258621486312E-10
 1.266E-08  1.37832631918395E-10
 1.283E-08  1.41501783708406E-10
 1.301E-08  1.45268609550335E-10
 1.318E-08  1.49135709559265E-10
 1.336E-08  1.53105753066161E-10
 1.355E-08  1.57181480460413E-10
 1.373E-08  1.61365705081413E-10
 1.392E-08  1.65661315160523E-10
 1.411E-08  1.70071275814719E-10
 1.430E-08  1.74598631093301E-10
 1.450E-08  1.79246506079096E-10
 1.470E-08  1.84018109045595E-10
 1.490E-08  1.88916733671508E-10
 1.510E-08  1.93945761314292E-10
 1.531E-08  1.99108663344160E-10
 1.551E-08  2.04409003540250E-10
 1.573E-08  2.09850440550601E-10
 1.594E-08  2.15436730417553E-10
 1.616E-08  2.21171729170435E-10
 1.638E-08  2.27059395487229E-10
 1.660E-08  2.33103793427135E-10
 1.683E-08  2.39309095235817E-10
 1.706E-08  2.45679584225352E-10
 1.729E-08  2.52219657730896E-10
 1.753E-08  2.58933830145947E-10
 1.777E-08  2.65826736038518E-10
 1.801E-08  2.72903133350177E-10
 1.826E-08  2.80167906680311E-10
 1.851E-08  2.87626070657783E-10
 1.876E-08  2.95282773402352E-10
 1.901E-08  3.03143300078224E-10
 1.927E-08  3.11213076542211E-10
 1.954E-08  3.19497673089059E-10
 1.980E-08  3.28002808296328E-10
 2.007E-08  3.36734352971775E-10
 2.035E-08  3.45698334205791E-10
 2.063E-08  3.54900939531604E-10
 2.091E-08  3.64348521196370E-10
 2.119E-08  3.74047600545893E-10
 2.148E-08  3.84004872526040E-10
 2.178E-08  3.94227210304034E-10
 2.207E-08  4.04721670012770E-10
 2.237E-08  4.15495495621406E-10
 2.268E-08  4.26556123935585E-10
 2.299E-08  4.37911189730769E-10
 2.330E-08  4.49568531022305E-10
 2.362E-08  4.61536194475699E-10
 2.394E-08  4.73822440960882E-10
 2.427E-08  4.86435751254456E-10
 2.460E-08  4.99384831893626E-10
 2.494E-08  5.12678621185986E-10
 2.528E-08  5.26326295379319E-10
 2.562E-08  5.40337274995643E-10
 2.597E-08  5.54721231333786E-10
 2.633E-08  5.69488093145198E-10
 2.669E-08  5.84648053487322E-10
 2.705E-08  6.00211576759482E-10
 2.742E-08  6.16189405926180E-10
 2.779E-08  6.32592569932421E-10
 2.817E-08  6.49432391316650E-10
 2.856E-08  6.66720494026229E-10
 2.895E-08  6.84468811441035E-10
 2.934E-08  7.02689594610674E-10
 2.974E-08  7.21395420710806E-10
 3.015E-08  7.40599201724771E-10
 3.056E-08  7.60314193356162E-10
 3.098E-08  7.80554004178813E-10
 3.140E-08  8.01332605030257E-10
 3.183E-08  8.22664338655187E-10
 3.227E-08  8.44563929605778E-10
 3.271E-08  8.67046494405426E-10
 3.315E-08  8.90127551983157E-10
 3.361E-08  9.13823034385706E-10
 3.406E-08  9.38149297774795E-10
 3.453E-08  9.63123133717095E-10
 3.500E-08  9.88761780774904E-10
 3.548E-08  1.01508293640516E-09
 3.596E-08  1.04210476917531E-09
 3.645E-08  1.06984593130437E-09
 3.695E-08  1.09832557153780E-09
 3.746E-08  1.12756334836521E-09
 3.797E-08  1.15757944358969E-09
 3.849E-08  1.18839457625861E-09
 3.901E-08  1.22003001696514E-09
 3.954E-08  1.25250760253046E-09
 4.008E-08  1.28584975107678E-09
 4.063E-08  1.32007947750184E-09
 4.119E-08  1.35522040936502E-09
 4.175E-08  1.39129680319644E-09
 4.232E-08  1.42833356124045E-09
 4.290E-08  1.46635624864456E-09
 4.348E-08  1.50539111110587E-09
 4.408E-08  1.54546509298753E-09
 4.468E-08  1.58660585591746E-09
 4.529E-08  1.62884179788170E-09
 4.591E-08  1.67220207282660E-09
 4.653E-08  1.71671661078260E-09
 4.717E-08  1.76241613852349E-09
 4.781E-08  1.80933220077602E-09
 4.846E-08  1.85749718199383E-09
 4.913E-08  1.90694432871099E-09
 4.980E-08  1.95770777249088E-09
 5.048E-08  2.00982255348551E-09
 5.117E-08  2.06332464462248E-09
 5.186E-08  2.11825097643542E-09
 5.257E-08  2.17463946255566E-09
 5.329E-08  2.23252902588233E-09
 5.402E-08  2.29195962544897E-09
 5.475E-08  2.35297228400600E-09
 5.550E-08  2.41560911633651E-09
 5.626E-08  2.47991335832629E-09
 5.703E-08  2.54592939680809E-09
 5.781E-08  2.61370280019946E-09
 5.860E-08  2.68328034995668E-09
 5.940E-08  2.75471007286632E-09
 6.021E-08  2.82804127419546E-09
 6.103E-08  2.90332457172509E-09
 6.186E-08  2.98061193068988E-09
 6.271E-08  3.05995669964647E-09
 6.356E-08  3.14141364729824E-09
 6.443E-08  3.22503900029967E-09
 6.531E-08  3.31089048206651E-09
 6.620E-08  3.39902735262063E-09
 6.711E-08  3.48951044949334E-09
 6.802E-08  3.58240222971933E-09
 6.895E-08  3.67776681294815E-09
 6.989E-08  3.77567002570231E-09
 7.085E-08  3.87617944681500E-09
 7.181E-08  3.97936445407622E-09
 7.279E-08  4.08529627212104E-09
 7.379E-08  4.19404802159243E-09
 7.479E-08  4.30569476961368E-09
 7.582E-08  4.42031358160282E-09
 7.685E-08  4.53798357446770E-09
 7.790E-08  4.65878597121661E-09
 7.896E-08  4.78280415702198E-09
 8.004E-08  4.91012373677821E-09
 8.113E-08  5.04083259418952E-09
 8.224E-08  5.17502095243242E-09
 8.336E-08  5.31278143643249E-09
 8.450E-08  5.45420913679800E-09
 8.566E-08  5.59940167545682E-09
 8.683E-08  5.74845927304017E-09
 8.801E-08  5.90148481805912E-09
 8.921E-08  6.05858393792438E-09
 9.043E-08  6.21986507185460E-09
 9.167E-08  6.38543954572694E-09
 9.292E-08  6.55542164892004E-09
 9.419E-08  6.72992871320160E-09
 9.547E-08  6.90908119371613E-09
 9.677E-08  7.09300275212895E-09
 9.810E-08  7.28182034198494E-09
 9.944E-08  7.47566429633612E-09
 1.008E-07  7.67466841770373E-09
 1.022E-07  7.87897007043649E-09
 1.036E-07  8.08871027552453E-09
 1.050E-07  8.30403380793925E-09
 1.064E-07  8.52508929656370E-09
 1.079E-07  8.75202932678244E-09
 1.093E-07  8.98501054580393E-09
 1.108E-07  9.22419377078501E-09
 1.123E-07  9.46974409983357E-09
 1.139E-07  9.72183102596788E-09
 1.154E-07  9.98062855410725E-09
 1.170E-07  1.02463153211778E-08
 1.186E-07  1.05190747194164E-08
 1.202E-07  1.07990950229551E-08
 1.219E-07  1.10865695177760E-08
 1.235E-07  1.13816966351263E-08
 1.252E-07  1.16846800884838E-08
 1.269E-07  1.19957290141668E-08
 1.287E-07  1.23150581156914E-08
 1.304E-07  1.26428878119673E-08
 1.322E-07  1.29794443894382E-08
 1.340E-07  1.33249601582780E-08
 1.358E-07  1.36796736127368E-08
 1.377E-07  1.40438295957613E-08
 1.396E-07  1.44176794679945E-08
 1.415E-07  1.48014812812734E-08
 1.434E-07  1.51954999567493E-08
 1.454E-07  1.56000074677425E-08
 1.473E-07  1.60152830274727E-08
 1.494E-07  1.64416132817798E-08
 1.514E-07  1.68792925069761E-08
 1.535E-07  1.73286228129712E-08
 1.556E-07  1.77899143517956E-08
 1.577E-07  1.82634855316788E-08
 1.598E-07  1.87496632368271E-08
 1.620E-07  1.92487830530507E-08
 1.642E-07  1.97611894993956E-08
 1.665E-07  2.02872362659416E-08
 1.687E-07  2.08272864579333E-08
 1.710E-07  2.13817128464041E-08
 1.734E-07  2.19508981254794E-08
 1.757E-07  2.25352351765205E-08
 1.781E-07  2.31351273393032E-08
 1.806E-07  2.37509886904196E-08
 1.830E-07  2.43832443290826E-08
 1.855E-07  2.50323306705422E-08
 1.881E-07  2.56986957473152E-08
 1.906E-07  2.63827995184289E-08
 1.932E-07  2.70851141868931E-08
 1.959E-07  2.78061245256370E-08
 1.986E-07  2.85463282121049E-08
 2.013E-07  2.93062361717684E-08
 2.040E-07  3.00863729307836E-08
 2.068E-07  3.08872769780282E-08
 2.096E-07  3.17095011367836E-08
 2.125E-07  3.25536129463041E-08
 2.154E-07  3.34201950535471E-08
 2.183E-07  3.43098456153319E-08
 2.213E-07  3.52231787111956E-08
 2.243E-07  3.61608247672503E-08
 2.274E-07  3.71234309913131E-08
 2.305E-07  3.81116618196228E-08
 2.336E-07  3.91261993754499E-08
 2.368E-07  4.01677439399042E-08
 2.401E-07  4.12370144352903E-08
 2.433E-07  4.23347489213165E-08
 2.467E-07  4.34617051045161E-08
 2.500E-07  4.46186608612313E-08
 2.534E-07  4.58064147745151E-08
 2.569E-07  4.70257866853247E-08
 2.604E-07  4.82776182583865E-08
 2.640E-07  4.95627735631286E-08
 2.676E-07  5.08821396700699E-08
 2.712E-07  5.22366272630876E-08
 2.749E-07  5.36271712679830E-08
 2.787E-07  5.50547314977751E-08
 2.825E-07  5.65202933151745E-08
 2.863E-07  5.80248683126893E-08
 2.903E-07  5.95694950108384E-08
 2.942E-07  6.11552395749392E-08
 2.982E-07  6.27831965509899E-08
 3.023E-07  6.44544896211267E-08
 3.064E-07  6.61702723791938E-08
 3.106E-07  6.79317291269623E-08
 3.149E-07  6.97400756915393E-08
 3.192E-07  7.15965602645366E-08
 3.235E-07  7.35024642635633E-08
 3.279E-07  7.54591032166754E-08
 3.324E-07  7.74678276703471E-08
 3.369E-07  7.95300241216142E-08
 3.415E-07  8.16471159750359E-08
 3.462E-07  8.38205645251224E-08
 3.509E-07  8.60518699649109E-08
 3.557E-07  8.83425724213961E-08
 3.606E-07  9.06942530185142E-08
 3.655E-07  9.31085349684263E-08
 3.705E-07  9.55870846918484E-08
 3.756E-07  9.81316129681769E-08
 3.807E-07  1.00743876116291E-07
 3.859E-07  1.03425677206723E-07
 3.911E-07  1.06178867306099E-07
 3.965E-07  1.09005346754756E-07
 4.019E-07  1.11907066478294E-07
 4.074E-07  1.14886029334105E-07
 4.129E-07  1.17944291493689E-07
 4.186E-07  1.21083963861791E-07
 4.243E-07  1.24307213533327E-07
 4.301E-07  1.27616265289041E-07
 4.360E-07  1.31013403131014E-07
 4.419E-07  1.34500971859032E-07
 4.479E-07  1.38081378688908E-07
 4.541E-07  1.41757094913879E-07
 4.603E-07  1.45530657610237E-07
 4.665E-07  1.49404671388327E-07
 4.729E-07  1.53381810190209E-07
 4.794E-07  1.57464819135097E-07
 4.859E-07  1.61656516413955E-07
 4.926E-07  1.65959795234546E-07
 4.993E-07  1.70377625818214E-07
 5.061E-07  1.74913057449814E-07
 5.130E-07  1.79569220582202E-07
 5.200E-07  1.84349328996788E-07
 5.271E-07  1.89256682021543E-07
 5.343E-07  1.94294666808042E-07
 5.416E-07  1.99466760669144E-07
 5.490E-07  2.04776533478887E-07
 5.565E-07  2.10227650136232E-07
 5.641E-07  2.15823873094397E-07
 5.718E-07  2.21569064957553E-07
 5.796E-07  2.27467191146552E-07
 5.875E-07  2.33522322635678E-07
 5.955E-07  2.39738638762209E-07
 6.037E-07  2.46120430110756E-07
 6.119E-07  2.52672101474369E-07
 6.202E-07  2.59398174894469E-07
 6.287E-07  2.66303292781725E-07
 6.373E-07  2.73392221119897E-07
 6.460E-07  2.80669852755020E-07
 6.548E-07  2.88141210772145E-07
 6.638E-07  2.95811451961914E-07
 6.728E-07  3.03685870379435E-07
 6.820E-07  3.11769900997828E-07
 6.913E-07  3.20069123459034E-07
 7.008E-07  3.28589265924513E-07
 7.103E-07  3.37336209028337E-07
 7.200E-07  3.46315989935516E-07
 7.298E-07  3.55534806508410E-07
 7.398E-07  3.64999021583921E-07
 7.499E-07  3.74715167364606E-07
 7.602E-07  3.84689949926628E-07
 7.705E-07  3.94930253847660E-07
 7.811E-07  4.05443146957994E-07
 7.917E-07  4.16235885218112E-07
 8.025E-07  4.27315917726029E-07
 8.135E-07  4.38690891857925E-07
 8.246E-07  4.50368658545578E-07
 8.358E-07  4.62357277694272E-07
 8.473E-07  4.74665023744926E-07
 8.588E-07  4.87300391384138E-07
 8.705E-07  5.00272101406323E-07
 8.824E-07  5.13589106731879E-07
 8.945E-07  5.27260598585298E-07
 9.067E-07  5.41296012837997E-07
 9.191E-07  5.55705036519832E-07
 9.316E-07  5.70497614503754E-07
 9.443E-07  5.85683956368639E-07
 9.572E-07  6.01274543444577E-07
 9.703E-07  6.17280136045705E-07
 9.835E-07  6.33711780895552E-07
 9.970E-07  6.50580818749934E-07
 1.011E-06  6.67898892222797E-07
 1.024E-06  6.85677953820334E-07
 1.038E-06  7.03930274188807E-07
 1.053E-06  7.22668450581903E-07
 1.067E-06  7.41905415553518E-07
 1.081E-06  7.61654445881814E-07
 1.096E-06  7.81929171730724E-07
 1.111E-06  8.02743586055353E-07
 1.126E-06  8.24112054257513E-07
 1.142E-06  8.46049324098499E-07
 1.157E-06  8.68570535875451E-07
 1.173E-06  8.91691232868442E-07
 1.189E-06  9.15427372065826E-07
 1.205E-06  9.39795335174917E-07
 1.222E-06  9.64811939925516E-07
 1.239E-06  9.90494451674430E-07
 1.255E-06  1.01686059531888E-06
 1.273E-06  1.04392856752657E-06
 1.290E-06  1.07171704929154E-06
 1.308E-06  1.10024521882418E-06
 1.325E-06  1.12953276478382E-06
 1.344E-06  1.15959989986404E-06
 1.362E-06  1.19046737473903E-06
 1.380E-06  1.22215649238121E-06
 1.399E-06  1.25468912276003E-06
 1.418E-06  1.28808771793162E-06
 1.438E-06  1.32237532753005E-06
 1.457E-06  1.35757561467090E-06
 1.477E-06  1.39371287227815E-06
 1.497E-06  1.43081203984493E-06
 1.518E-06  1.46889872064112E-06
 1.539E-06  1.50799919937816E-06
 1.560E-06  1.54814046034399E-06
 1.581E-06  1.58935020602106E-06
 1.603E-06  1.63165687619890E-06
 1.624E-06  1.67508966759617E-06
 1.647E-06  1.71967855400388E-06
 1.669E-06  1.76545430696535E-06
 1.692E-06  1.81244851700614E-06
 1.715E-06  1.86069361542873E-06
 1.738E-06  1.91022289668736E-06
 1.762E-06  1.96107054135784E-06
 1.786E-06  2.01327163971899E-06
 1.811E-06  2.06686221596129E-06
 1.835E-06  2.12187925303943E-06
 1.860E-06  2.17836071818654E-06
 1.886E-06  2.23634558910721E-06
 1.911E-06  2.29587388086666E-06
 1.938E-06  2.35698667349644E-06
 1.964E-06  2.41972614033409E-06
 1.991E-06  2.48413557711640E-06
 2.018E-06  2.55025943184740E-06
 2.046E-06  2.61814333546101E-06
 2.073E-06  2.68783413329864E-06
 2.102E-06  2.75937991742482E-06
 2.130E-06  2.83283005980327E-06
 2.160E-06  2.90823524635396E-06
 2.189E-06  2.98564751191779E-06
 2.219E-06  3.06512027615079E-06
 2.249E-06  3.14670838037302E-06
 2.280E-06  3.23046812539850E-06
 2.311E-06  3.31645731037079E-06
 2.343E-06  3.40473527263225E-06
 2.375E-06  3.49536292865360E-06
 2.407E-06  3.58840281605287E-06
 2.440E-06  3.68391913673126E-06
 2.473E-06  3.78197780115760E-06
 2.507E-06  3.88264647382986E-06
 2.541E-06  3.98599461994627E-06
 2.576E-06  4.09209355331905E-06
 2.611E-06  4.20101648556085E-06
 2.647E-06  4.31283857658121E-06
 2.683E-06  4.42763698642542E-06
 2.719E-06  4.54549092849230E-06
 2.757E-06  4.66648172416800E-06
 2.794E-06  4.79069285891309E-06
 2.832E-06  4.91821003984116E-06
 2.871E-06  5.04912125482881E-06
 2.910E-06  5.18351683319893E-06
 2.950E-06  5.32148950801676E-06
 2.990E-06  5.46313448004404E-06
 3.031E-06  5.60854948339361E-06
 3.072E-06  5.75783485293016E-06
 3.114E-06  5.91109359346476E-06
 3.157E-06  6.06843145078821E-06
 3.200E-06  6.22995698459467E-06
 3.244E-06  6.39578164334483E-06
 3.288E-06  6.56601984112014E-06
 3.333E-06  6.74078903651972E-06
 3.378E-06  6.92020981365786E-06
 3.424E-06  7.10440596531489E-06
 3.471E-06  7.29350457829759E-06
 3.519E-06  7.48763612107232E-06
 3.567E-06  7.68693453372775E-06
 3.615E-06  7.89153732032897E-06
 3.665E-06  8.10158564372997E-06
 3.715E-06  8.31722442290548E-06
 3.765E-06  8.53860243287086E-06
 3.817E-06  8.76587240726175E-06
 3.869E-06  8.99919114363909E-06
 3.922E-06  9.23871961159443E-06
 3.975E-06  9.48462306373141E-06
 4.030E-06  9.73707114959783E-06
 4.085E-06  9.99623803264607E-06
 4.140E-06  1.02623025103050E-05
 4.197E-06  1.05354481372435E-05
 4.254E-06  1.08158633519128E-05
 4.312E-06  1.11037416064517E-05
 4.371E-06  1.13992815000468E-05
 4.431E-06  1.17026869158390E-05
 4.491E-06  1.20141671614681E-05
 4.553E-06  1.23339371133573E-05
 4.615E-06  1.26622173648299E-05
 4.678E-06  1.29992343781666E-05
 4.742E-06  1.33452206407049E-05
 4.806E-06  1.37004148250885E-05
 4.872E-06  1.40650619537744E-05
 4.938E-06  1.44394135679176E-05
 5.006E-06  1.48237279007425E-05
 5.074E-06  1.52182700555227E-05
 5.144E-06  1.56233121882962E-05
 5.214E-06  1.60391336954303E-05
 5.285E-06  1.64660214061803E-05
 5.357E-06  1.69042697803608E-05
 5.430E-06  1.73541811112730E-05
 5.504E-06  1.78160657340288E-05
 5.579E-06  1.82902422394068E-05
 5.656E-06  1.87770376933963E-05
 5.733E-06  1.92767878625747E-05
 5.811E-06  1.97898374454760E-05
 5.890E-06  2.03165403101072E-05
 5.971E-06  2.08572597377798E-05
 6.052E-06  2.14123686734183E-05
 6.135E-06  2.19822499825205E-05
 6.219E-06  2.25672967149503E-05
 6.304E-06  2.31679123757380E-05
 6.390E-06  2.37845112030775E-05
 6.477E-06  2.44175184537073E-05
 6.565E-06  2.50673706958826E-05
 6.655E-06  2.57345161101251E-05
 6.746E-06  2.64194147979644E-05
 6.838E-06  2.71225390988899E-05
 6.931E-06  2.78443739157134E-05
 7.026E-06  2.85854170485863E-05
 7.122E-06  2.93461795378857E-05
 7.219E-06  3.01271860162084E-05
 7.318E-06  3.09289750697213E-05
 7.418E-06  3.17520996091097E-05
 7.519E-06  3.25971272503814E-05
 7.622E-06  3.34646407057797E-05
 7.726E-06  3.43552381850893E-05
 7.831E-06  3.52695338075983E-05
 7.938E-06  3.62081580250052E-05
 8.046E-06  3.71717580555555E-05
 8.156E-06  3.81609983297089E-05
 8.268E-06  3.91765609476472E-05
 8.380E-06  4.02191461489361E-05
 8.495E-06  4.12894727946483E-05
 8.611E-06  4.23882788623021E-05
 8.728E-06  4.35163219539434E-05
 8.848E-06  4.46743798177078E-05
 8.968E-06  4.58632508832516E-05
 9.091E-06  4.70837548113842E-05
 9.215E-06  4.83367330583047E-05
 9.341E-06  4.96230494548165E-05
 9.468E-06  5.09435908009189E-05
 9.597E-06  5.22992674761947E-05
 9.729E-06  5.36910140663887E-05
 9.861E-06  5.51197900066257E-05
 9.996E-06  5.65865802417197E-05
 1.013E-05  5.80923959039908E-05
 1.027E-05  5.96382750090800E-05
 1.041E-05  6.12252831702465E-05
 1.055E-05  6.28545143316075E-05
 1.070E-05  6.45270915208505E-05
 1.084E-05  6.62441676219189E-05
 1.099E-05  6.80069261682154E-05
 1.114E-05  6.98165821568370E-05
 1.129E-05  7.16743828844299E-05
 1.145E-05  7.35816088052367E-05
 1.160E-05  7.55395744118804E-05
 1.176E-05  7.75496291395511E-05
 1.192E-05  7.96131582941725E-05
 1.209E-05  8.17315840051806E-05
 1.225E-05  8.39063662036108E-05
 1.242E-05  8.61390036261056E-05
 1.259E-05  8.84310348455621E-05
 1.276E-05  9.07840393291396E-05
 1.293E-05  9.31996385243095E-05
 1.311E-05  9.56794969737152E-05
 1.329E-05  9.82253234596118E-05
 1.347E-05  1.00838872178651E-04
 1.365E-05  1.03521943947828E-04
 1.384E-05  1.06276387442398E-04
 1.403E-05  1.09104100466633E-04
 1.422E-05  1.12007031258262E-04
 1.442E-05  1.14987179827507E-04
 1.461E-05  1.18046599331625E-04
 1.481E-05  1.21187397485882E-04
 1.501E-05  1.24411738011934E-04
 1.522E-05  1.27721842124609E-04
 1.543E-05  1.31119990058103E-04
 1.564E-05  1.34608522632611E-04
 1.585E-05  1.38189842862495E-04
 1.607E-05  1.41866417607097E-04
 1.629E-05  1.45640779265236E-04
 1.651E-05  1.49515527514677E-04
 1.673E-05  1.53493331097650E-04
 1.696E-05  1.57576929653694E-04
 1.719E-05  1.61769135601068E-04
 1.743E-05  1.66072836067983E-04
 1.767E-05  1.70490994875018E-04
 1.791E-05  1.75026654570036E-04
 1.815E-05  1.79682938517008E-04
 1.840E-05  1.84463053040148E-04
 1.865E-05  1.89370289624859E-04
 1.891E-05  1.94408027176938E-04
 1.916E-05  1.99579734341599E-04
 1.943E-05  2.04888971883944E-04
 1.969E-05  2.10339395132413E-04
 1.996E-05  2.15934756486931E-04
 2.023E-05  2.21678907993491E-04
 2.051E-05  2.27575803986848E-04
 2.079E-05  2.33629503803144E-04
 2.107E-05  2.39844174564364E-04
 2.136E-05  2.46224094036502E-04
 2.165E-05  2.52773653563277E-04
 2.195E-05  2.59497361077534E-04
 2.225E-05  2.66399844192306E-04
 2.255E-05  2.73485853373670E-04
 2.286E-05  2.80760265197498E-04
 2.317E-05  2.88228085692357E-04
 2.349E-05  2.95894453770873E-04
 2.381E-05  3.03764644751757E-04
 2.413E-05  3.11844073975055E-04
 2.446E-05  3.20138300512904E-04
 2.480E-05  3.28653030978477E-04
 2.514E-05  3.37394123435558E-04
 2.548E-05  3.46367591411488E-04
 2.583E-05  3.55579608016172E-04
 2.618E-05  3.65036510169969E-04
 2.654E-05  3.74744802943275E-04
 2.690E-05  3.84711164010739E-04
 2.727E-05  3.94942448223339E-04
 2.764E-05  4.05445692300938E-04
 2.802E-05  4.16228119649083E-04
 2.840E-05  4.27297145302875E-04
 2.879E-05  4.38660381001412E-04
 2.918E-05  4.50325640396303E-04
 2.958E-05  4.62300944397587E-04
 2.998E-05  4.74594526660931E-04
 3.039E-05  4.87214839219555E-04
 3.080E-05  5.00170558264845E-04
 3.123E-05  5.13470590079573E-04
 3.165E-05  5.27124077127568E-04
 3.208E-05  5.41140404304214E-04
 3.252E-05  5.55529205351747E-04
 3.297E-05  5.70300369443741E-04
 3.342E-05  5.85464047943426E-04
 3.387E-05  6.01030661340025E-04
 3.433E-05  6.17010906368115E-04
 3.480E-05  6.33415763314704E-04
 3.528E-05  6.50256503518869E-04
 3.576E-05  6.67544697069051E-04
 3.625E-05  6.85292220703275E-04
 3.674E-05  7.03511265917541E-04
 3.724E-05  7.22214347287784E-04
 3.775E-05  7.41414311011073E-04
 3.827E-05  7.61124343671856E-04
 3.879E-05  7.81357981238927E-04
 3.932E-05  8.02129118299385E-04
 3.986E-05  8.23452017535762E-04
 4.040E-05  8.45341319452512E-04
 4.095E-05  8.67812052358422E-04
 4.151E-05  8.90879642611889E-04
 4.208E-05  9.14559925135787E-04
 4.265E-05  9.38869154208640E-04
 4.324E-05  9.63824014539941E-04
 4.383E-05  9.89441632636666E-04
 4.442E-05  1.01573958846840E-03
 4.503E-05  1.04273592743952E-03
 4.565E-05  1.07044917267577E-03
 4.627E-05  1.09889833763379E-03
 4.690E-05  1.12810293904219E-03
 4.754E-05  1.15808301018198E-03
 4.819E-05  1.18885911451657E-03
 4.885E-05  1.22045235967927E-03
 4.951E-05  1.25288441182797E-03
 5.019E-05  1.28617751037693E-03
 5.088E-05  1.32035448311501E-03
 5.157E-05  1.35543876172058E-03
 5.227E-05  1.39145439768374E-03
 5.299E-05  1.42842607864576E-03
 5.371E-05  1.46637914516722E-03
 5.445E-05  1.50533960793604E-03
 5.519E-05  1.54533416542592E-03
 5.594E-05  1.58639022201828E-03
 5.671E-05  1.62853590659867E-03
 5.748E-05  1.67180009164024E-03
 5.826E-05  1.71621241278728E-03
 5.906E-05  1.76180328895138E-03
 5.987E-05  1.80860394293362E-03
 6.068E-05  1.85664642258659E-03
 6.151E-05  1.90596362253004E-03
 6.235E-05  1.95658930643484E-03
 6.320E-05  2.00855812988932E-03
 6.407E-05  2.06190566386373E-03
 6.494E-05  2.11666841878821E-03
 6.583E-05  2.17288386925963E-03
 6.673E-05  2.23059047939424E-03
 6.764E-05  2.28982772884237E-03
 6.856E-05  2.35063613948262E-03
 6.950E-05  2.41305730281255E-03
 7.045E-05  2.47713390805447E-03
 7.141E-05  2.54290977099495E-03
 7.238E-05  2.61042986357561E-03
 7.337E-05  2.67974034425670E-03
 7.437E-05  2.75088858917104E-03
 7.539E-05  2.82392322409067E-03
 7.642E-05  2.89889415722638E-03
 7.746E-05  2.97585261288074E-03
 7.852E-05  3.05485116597856E-03
 7.959E-05  3.13594377749501E-03
 8.068E-05  3.21918583080633E-03
 8.178E-05  3.30463416898592E-03
 8.289E-05  3.39234713307002E-03
 8.403E-05  3.48238460131899E-03
 8.517E-05  3.57480802949774E-03
 8.634E-05  3.66968049220339E-03
 8.751E-05  3.76706672526619E-03
 8.871E-05  3.86703316925028E-03
 8.992E-05  3.96964801408464E-03
 9.115E-05  4.07498124485102E-03
 9.239E-05  4.18310468875949E-03
 9.365E-05  4.29409206334123E-03
 9.493E-05  4.40801902589121E-03
 9.623E-05  4.52496322419087E-03
 9.754E-05  4.64500434854344E-03
 9.887E-05  4.76822418515817E-03
 1.002E-04  4.89470667091383E-03
 1.016E-04  5.02453794953914E-03
 1.030E-04  5.15780642924533E-03
 1.044E-04  5.29460284184840E-03
 1.058E-04  5.43502030341945E-03
 1.073E-04  5.57915437649738E-03
 1.087E-04  5.72710313391146E-03
 1.102E-04  5.87896722424848E-03
 1.117E-04  6.03484993900562E-03
 1.132E-04  6.19485728147864E-03
 1.148E-04  6.35909803742140E-03
 1.163E-04  6.52768384752483E-03
 1.179E-04  6.70072928176371E-03
 1.195E-04  6.87835191565302E-03
 1.212E-04  7.06067240846655E-03
 1.228E-04  7.24781458346549E-03
 1.245E-04  7.43990551018767E-03
 1.262E-04  7.63707558884986E-03
 1.279E-04  7.83945863691375E-03
 1.297E-04  8.04719197787468E-03
 1.314E-04  8.26041653232465E-03
 1.332E-04  8.47927691134844E-03
 1.351E-04  8.70392151231110E-03
 1.369E-04  8.93450261709680E-03
 1.388E-04  9.17117649285984E-03
 1.407E-04  9.41410349535029E-03
 1.426E-04  9.66344817488150E-03
 1.445E-04  9.91937938499957E-03
 1.465E-04  1.01820703939276E-02
 1.485E-04  1.04516989988517E-02
 1.505E-04  1.07284476431184E-02
 1.526E-04  1.10125035364172E-02
 1.547E-04  1.13040587780223E-02
 1.568E-04  1.16033104831675E-02
 1.589E-04  1.19104609126342E-02
 1.611E-04  1.22257176056315E-02
 1.633E-04  1.25492935160480E-02
 1.655E-04  1.28814071521591E-02
 1.678E-04  1.32222827198780E-02
 1.701E-04  1.35721502696331E-02
 1.724E-04  1.39312458469620E-02
 1.748E-04  1.42998116469170E-02
 1.771E-04  1.46780961723722E-02
 1.796E-04  1.50663543963265E-02
 1.820E-04  1.54648479283034E-02
 1.845E-04  1.58738451849471E-02
 1.870E-04  1.62936215649181E-02
 1.896E-04  1.67244596281856E-02
 1.922E-04  1.71666492798362E-02
 1.948E-04  1.76204879585009E-02
 1.974E-04  1.80862808295092E-02
 2.001E-04  1.85643409828943E-02
 2.029E-04  1.90549896363603E-02
 2.056E-04  1.95585563433299E-02
 2.084E-04  2.00753792062037E-02
 2.113E-04  2.06058050949450E-02
 2.142E-04  2.11501898711252E-02
 2.171E-04  2.17088986175631E-02
 2.201E-04  2.22823058736855E-02
 2.231E-04  2.28707958767490E-02
 2.261E-04  2.34747628090642E-02
 2.292E-04  2.40946110513630E-02
 2.323E-04  2.47307554424599E-02
 2.355E-04  2.53836215453492E-02
 2.387E-04  2.60536459198956E-02
 2.420E-04  2.67412764022760E-02
 2.453E-04  2.74469723913274E-02
 2.486E-04  2.81712051419689E-02
 2.520E-04  2.89144580658551E-02
 2.555E-04  2.96772270394413E-02
 2.589E-04  3.04600207196331E-02
 2.625E-04  3.12633608671855E-02
 2.661E-04  3.20877826780472E-02
 2.697E-04  3.29338351228287E-02
 2.734E-04  3.38020812945837E-02
 2.771E-04  3.46930987650931E-02
 2.809E-04  3.56074799498518E-02
 2.847E-04  3.65458324819655E-02
 2.886E-04  3.75087795951476E-02
 2.926E-04  3.84969605160306E-02
 2.965E-04  3.95110308660207E-02
 3.006E-04  4.05516630728931E-02
 3.047E-04  4.16195467923513E-02
 3.089E-04  4.27153893397969E-02
 3.131E-04  4.38399161325175E-02
 3.174E-04  4.49938711425423E-02
 3.217E-04  4.61780173604031E-02
 3.261E-04  4.73931372700373E-02
 3.305E-04  4.86400333351011E-02
 3.350E-04  4.99195284969242E-02
 3.396E-04  5.12324666843884E-02
 3.442E-04  5.25797133359785E-02
 3.489E-04  5.39621559342772E-02
 3.537E-04  5.53807045531890E-02
 3.585E-04  5.68362924181558E-02
 3.634E-04  5.83298764796677E-02
 3.684E-04  5.98624380003487E-02
 3.734E-04  6.14349831559022E-02
 3.785E-04  6.30485436502421E-02
 3.837E-04  6.47041773451006E-02
 3.889E-04  6.64029689044087E-02
 3.942E-04  6.81460304538079E-02
 3.996E-04  6.99345022555684E-02
 4.051E-04  7.17695533992721E-02
 4.106E-04  7.36523825085893E-02
 4.162E-04  7.55842184644719E-02
 4.219E-04  7.75663211451303E-02
 4.277E-04  7.95999821831272E-02
 4.335E-04  8.16865257399513E-02
 4.394E-04  8.38273092984319E-02
 4.454E-04  8.60237244733573E-02
 4.515E-04  8.82771978406753E-02
 4.577E-04  9.05891917856551E-02
 4.639E-04  9.29612053703834E-02
 4.702E-04  9.53947752209964E-02
 4.767E-04  9.78914764350448E-02
 4.832E-04  1.00452923509376E-01
 4.898E-04  1.03080771288958E-01
 4.965E-04  1.05776715937050E-01
 5.032E-04  1.08542495927136E-01
 5.101E-04  1.11379893057040E-01
 5.171E-04  1.14290733485654E-01
 5.241E-04  1.17276888792740E-01
 5.313E-04  1.20340277062189E-01
 5.385E-04  1.23482863989233E-01
 5.459E-04  1.26706664012006E-01
 5.533E-04  1.30013741467986E-01
 5.609E-04  1.33406211775695E-01
 5.686E-04  1.36886242642150E-01
 5.763E-04  1.40456055296578E-01
 5.842E-04  1.44117925750777E-01
 5.922E-04  1.47874186086683E-01
 6.002E-04  1.51727225771574E-01
 6.084E-04  1.55679493001406E-01
 6.167E-04  1.59733496072793E-01
 6.252E-04  1.63891804784061E-01
 6.337E-04  1.68157051865960E-01
 6.423E-04  1.72531934442436E-01
 6.511E-04  1.77019215522019E-01
 6.600E-04  1.81621725520340E-01
 6.690E-04  1.86342363814200E-01
 6.782E-04  1.91184100327805E-01
 6.874E-04  1.96149977151586E-01
 6.968E-04  2.01243110194141E-01
 7.063E-04  2.06466690867818E-01
 7.160E-04  2.11823987808422E-01
 7.257E-04  2.17318348629586E-01
 7.356E-04  2.22953201712223E-01
 7.457E-04  2.28732058029699E-01
 7.559E-04  2.34658513009126E-01
 7.662E-04  2.40736248429259E-01
 7.766E-04  2.46969034355604E-01
 7.872E-04  2.53360731113075E-01
 7.980E-04  2.59915291296823E-01
 8.089E-04  2.66636761821640E-01
 8.199E-04  2.73529286010391E-01
 8.311E-04  2.80597105722028E-01
 8.425E-04  2.87844563519559E-01
 8.540E-04  2.95276104878451E-01
 8.656E-04  3.02896280435926E-01
 8.774E-04  3.10709748281514E-01
 8.894E-04  3.18721276289385E-01
 9.016E-04  3.26935744492756E-01
 9.139E-04  3.35358147500798E-01
 9.264E-04  3.43993596958466E-01
 9.390E-04  3.52847324049516E-01
 9.518E-04  3.61924682043149E-01
 9.648E-04  3.71231148884496E-01
 9.780E-04  3.80772329829331E-01
 9.913E-04  3.90553960123266E-01
 1.005E-03  4.00581907725619E-01
 1.019E-03  4.10862176078293E-01
 1.032E-03  4.21400906919756E-01
 1.047E-03  4.32204383144384E-01
 1.061E-03  4.43279031707242E-01
 1.075E-03  4.54631426574445E-01
 1.090E-03  4.66268291719224E-01
 1.105E-03  4.78196504163557E-01
 1.120E-03  4.90423097065609E-01
 1.135E-03  5.02955262852771E-01
 1.151E-03  5.15800356400236E-01
 1.167E-03  5.28965898255050E-01
 1.182E-03  5.42459577905400E-01
 1.199E-03  5.56289257094966E-01
 1.215E-03  5.70462973181911E-01
 1.232E-03  5.84988942542401E-01
 1.248E-03  5.99875564018081E-01
 1.265E-03  6.15131422407117E-01
 1.283E-03  6.30765291998246E-01
 1.300E-03  6.46786140147274E-01
 1.318E-03  6.63203130895376E-01
 1.336E-03  6.80025628628394E-01
 1.354E-03  6.97263201776388E-01
 1.373E-03  7.14925626552496E-01
 1.391E-03  7.33022890730078E-01
 1.410E-03  7.51565197457235E-01
 1.430E-03  7.70562969107347E-01
 1.449E-03  7.90026851164401E-01
 1.469E-03  8.09967716141867E-01
 1.489E-03  8.30396667533489E-01
 1.509E-03  8.51325043794496E-01
 1.530E-03  8.72764422351510E-01
 1.551E-03  8.94726623639250E-01
 1.572E-03  9.17223715162242E-01
 1.593E-03  9.40268015579284E-01
 1.615E-03  9.63872098808603E-01
 1.637E-03  9.88048798151150E-01
 1.660E-03  1.01281121042966E+00
 1.682E-03  1.03817270014091E+00
 1.705E-03  1.06414690361807E+00
 1.729E-03  1.09074773320041E+00
 1.752E-03  1.11798938140703E+00
 1.776E-03  1.14588632511152E+00
 1.800E-03  1.17445332971366E+00
 1.825E-03  1.20370545330481E+00
 1.850E-03  1.23365805082284E+00
 1.875E-03  1.26432677819256E+00
 1.901E-03  1.29572759644742E+00
 1.927E-03  1.32787677582768E+00
 1.953E-03  1.36079089985052E+00
 1.980E-03  1.39448686934702E+00
 2.007E-03  1.42898190646058E+00
 2.034E-03  1.46429355860159E+00
 2.062E-03  1.50043970235229E+00
 2.090E-03  1.53743854731590E+00
 2.118E-03  1.57530863990381E+00
 2.147E-03  1.61406886705413E+00
 2.177E-03  1.65373845987467E+00
 2.206E-03  1.69433699720336E+00
 2.236E-03  1.73588440907837E+00
 2.267E-03  1.77840098011034E+00
 2.298E-03  1.82190735274847E+00
 2.329E-03  1.86642453043195E+00
 2.361E-03  1.91197388061818E+00
 2.393E-03  1.95857713767805E+00
 2.426E-03  2.00625640564940E+00
 2.459E-03  2.05503416083833E+00
 2.493E-03  2.10493325425808E+00
 2.527E-03  2.15597691389511E+00
 2.561E-03  2.20818874679079E+00
 2.596E-03  2.26159274092765E+00
 2.632E-03  2.31621326690809E+00
 2.668E-03  2.37207507941317E+00
 2.704E-03  2.42920331842875E+00
 2.741E-03  2.48762351022572E+00
 2.778E-03  2.54736156808076E+00
 2.816E-03  2.60844379272325E+00
 2.855E-03  2.67089687249386E+00
 2.894E-03  2.73474788319982E+00
 2.933E-03  2.80002428765105E+00
 2.973E-03  2.86675393486124E+00
 3.014E-03  2.93496505889724E+00
 3.055E-03  3.00468627735971E+00
 3.097E-03  3.07594658947731E+00
 3.139E-03  3.14877537379650E+00
 3.182E-03  3.22320238544827E+00
 3.225E-03  3.29925775297226E+00
 3.269E-03  3.37697197467915E+00
 3.314E-03  3.45637591453070E+00
 3.359E-03  3.53750079751671E+00
 3.405E-03  3.62037820450753E+00
 3.452E-03  3.70504006656036E+00
 3.499E-03  3.79151865865709E+00
 3.546E-03  3.87984659285023E+00
 3.595E-03  3.97005681079384E+00
 3.644E-03  4.06218257563548E+00
 3.694E-03  4.15625746324436E+00
 3.744E-03  4.25231535275072E+00
 3.795E-03  4.35039041637104E+00
 3.847E-03  4.45051710849256E+00
 3.900E-03  4.55273015399104E+00
 3.953E-03  4.65706453575426E+00
 4.007E-03  4.76355548138374E+00
 4.061E-03  4.87223844904713E+00
 4.117E-03  4.98314911245216E+00
 4.173E-03  5.09632334491359E+00
 4.230E-03  5.21179720248428E+00
 4.288E-03  5.32960690611994E+00
 4.346E-03  5.44978882284829E+00
 4.406E-03  5.57237944591211E+00
 4.466E-03  5.69741537385537E+00
 4.527E-03  5.82493328852208E+00
 4.589E-03  5.95496993193630E+00
 4.651E-03  6.08756208203272E+00
 4.715E-03  6.22274652720594E+00
 4.779E-03  6.36056003964728E+00
 4.844E-03  6.50103934743792E+00
 4.911E-03  6.64422110536634E+00
 4.978E-03  6.79014186443969E+00
 5.046E-03  6.93883804005703E+00
 5.114E-03  7.09034587881387E+00
 5.184E-03  7.24470142390767E+00
 5.255E-03  7.40194047911369E+00
 5.327E-03  7.56209857130101E+00
 5.400E-03  7.72521091146028E+00
 5.473E-03  7.89131235421381E+00
 5.548E-03  8.06043735578015E+00
 5.624E-03  8.23261993036645E+00
 5.700E-03  8.40789360496162E+00
 5.778E-03  8.58629137250562E+00
 5.857E-03  8.76784564341082E+00
 5.937E-03  8.95258819541214E+00
 6.018E-03  9.14055012172546E+00
 6.100E-03  9.33176177749314E+00
 6.184E-03  9.52625272449992E+00
 6.268E-03  9.72405167414176E+00
 6.354E-03  9.92518642863357E+00
 6.440E-03  1.01296838204435E+01
 6.528E-03  1.03375696499441E+01
 6.617E-03  1.05488686212721E+01
 6.708E-03  1.07636042763930E+01
 6.799E-03  1.09817989273676E+01
 6.892E-03  1.12034735868214E+01
 6.986E-03  1.14286478966217E+01
 7.082E-03  1.16573400547699E+01
 7.178E-03  1.18895667405198E+01
 7.276E-03  1.21253430377369E+01
 7.376E-03  1.23646823565194E+01
 7.476E-03  1.26075963531023E+01
 7.578E-03  1.28540948480747E+01
 7.682E-03  1.31041857429410E+01
 7.787E-03  1.33578749350663E+01
 7.893E-03  1.36151662310477E+01
 8.001E-03  1.38760612585599E+01
 8.110E-03  1.41405593767313E+01
 8.221E-03  1.44086575851101E+01
 8.333E-03  1.46803504312877E+01
 8.447E-03  1.49556299172526E+01
 8.562E-03  1.52344854045570E+01
 8.679E-03  1.55169035183814E+01
 8.798E-03  1.58028680505953E+01
 8.918E-03  1.60923598619144E+01
 9.039E-03  1.63853567832673E+01
 9.163E-03  1.66818335164904E+01
 9.288E-03  1.69817615344782E+01
 9.415E-03  1.72851089809284E+01
 9.543E-03  1.75918405698248E+01
 9.674E-03  1.79019174848155E+01
 9.806E-03  1.82152972786520E+01
 9.940E-03  1.85319337728622E+01
 1.008E-02  1.88517769578460E+01
 1.021E-02  1.91747728935857E+01
 1.035E-02  1.95008636111810E+01
 1.049E-02  1.98299870154244E+01
 1.064E-02  2.01620767886462E+01
 1.078E-02  2.04970622960679E+01
 1.093E-02  2.08348684929179E+01
 1.108E-02  2.11754158335688E+01
 1.123E-02  2.15186201829743E+01
 1.138E-02  2.18643927306907E+01
 1.154E-02  2.22126399077805E+01
 1.170E-02  2.25632633069107E+01
 1.186E-02  2.29161596059658E+01
 1.202E-02  2.32712204955105E+01
 1.218E-02  2.36283326104492E+01
 1.235E-02  2.39873774662383E+01
 1.252E-02  2.43482314000210E+01
 1.269E-02  2.47107655170675E+01
 1.286E-02  2.50748456429090E+01
 1.304E-02  2.54403322815713E+01
 1.321E-02  2.58070805803210E+01
 1.339E-02  2.61749403013455E+01
 1.358E-02  2.65437558008041E+01
 1.376E-02  2.69133660156885E+01
 1.395E-02  2.72836044589466E+01
 1.414E-02  2.76542992233274E+01
 1.433E-02  2.80252729944126E+01
 1.453E-02  2.83963430733088E+01
 1.473E-02  2.87673214094766E+01
 1.493E-02  2.91380146441800E+01
 1.513E-02  2.95082241650419E+01
 1.534E-02  2.98777461721935E+01
 1.555E-02  3.02463717565070E+01
 1.576E-02  3.06138869904006E+01
 1.598E-02  3.09800730317033E+01
 1.619E-02  3.13447062410626E+01
 1.642E-02  3.17075583133755E+01
 1.664E-02  3.20683964237148E+01
 1.687E-02  3.24269833882143E+01
 1.710E-02  3.27830778403689E+01
 1.733E-02  3.31364344231878E+01
 1.757E-02  3.34868039976310E+01
 1.781E-02  3.38339338677372E+01
 1.805E-02  3.41775680228351E+01
 1.830E-02  3.45174473972079E+01
 1.855E-02  3.48533101475543E+01
 1.880E-02  3.51848919485682E+01
 1.906E-02  3.55119263069218E+01
 1.932E-02  3.58341448939121E+01
 1.958E-02  3.61512778969898E+01
 1.985E-02  3.64630543903540E+01
 2.012E-02  3.67692027247547E+01
 2.039E-02  3.70694509365971E+01
 2.067E-02  3.73635271763998E+01
 2.095E-02  3.76511601566006E+01
 2.124E-02  3.79320796186544E+01
 2.153E-02  3.82060168193073E+01
 2.182E-02  3.84727050358694E+01
 2.212E-02  3.87318800902454E+01
 2.242E-02  3.89832808914111E+01
 2.273E-02  3.92266499959548E+01
 2.304E-02  3.94617341862253E+01
 2.335E-02  3.96882850655513E+01
 2.367E-02  3.99060596699133E+01
 2.400E-02  4.01148210953645E+01
 2.432E-02  4.03143391404101E+01
 2.466E-02  4.05043909624609E+01
 2.499E-02  4.06847617473847E+01
 2.533E-02  4.08552453910805E+01
 2.568E-02  4.10156451919026E+01
 2.603E-02  4.11657745526583E+01
 2.639E-02  4.13054576908000E+01
 2.675E-02  4.14345303553267E+01
 2.711E-02  4.15528405488025E+01
 2.748E-02  4.16602492527904E+01
 2.786E-02  4.17566311548930E+01
 2.824E-02  4.18418753754791E+01
 2.862E-02  4.19158861920666E+01
 2.901E-02  4.19785837592245E+01
 2.941E-02  4.20299048217439E+01
 2.981E-02  4.20698034187274E+01
 3.022E-02  4.20982515761334E+01
 3.063E-02  4.21152399852170E+01
 3.105E-02  4.21207786642025E+01
 3.147E-02  4.21148976004335E+01
 3.190E-02  4.20976473701476E+01
 3.234E-02  4.20690997329456E+01
 3.278E-02  4.20293481979339E+01
 3.323E-02  4.19785085584545E+01
 3.368E-02  4.19167193922431E+01
 3.414E-02  4.18441425238016E+01
 3.461E-02  4.17609634457173E+01
 3.508E-02  4.16673916956248E+01
 3.556E-02  4.15636611854733E+01
 3.604E-02  4.14500304797446E+01
 3.654E-02  4.13267830192612E+01
 3.703E-02  4.11942272872291E+01
 3.754E-02  4.10526969141786E+01
 3.805E-02  4.09025507185042E+01
 3.857E-02  4.07441726793515E+01
 3.910E-02  4.05779718386651E+01
 3.963E-02  4.04043821292946E+01
 4.017E-02  4.02238621261561E+01
 4.072E-02  4.00368947175633E+01
 4.128E-02  3.98439866939790E+01
 4.184E-02  3.96456682515964E+01
 4.241E-02  3.94424924083305E+01
 4.299E-02  3.92350343300008E+01
 4.358E-02  3.90238905646994E+01
 4.417E-02  3.88096781835765E+01
 4.478E-02  3.85930338265346E+01
 4.539E-02  3.83746126515995E+01
 4.601E-02  3.81550871870384E+01
 4.664E-02  3.79351460856138E+01
 4.727E-02  3.77154927807057E+01
 4.792E-02  3.74968440443933E+01
 4.857E-02  3.72799284479713E+01
 4.924E-02  3.70654847257724E+01
 4.991E-02  3.68542600435895E+01
 5.059E-02  3.66470081734239E+01
 5.128E-02  3.64444875767371E+01
 5.198E-02  3.62474593988528E+01
 5.269E-02  3.60566853776327E+01
 5.341E-02  3.58729256700422E+01
 5.414E-02  3.56969366007267E+01
 5.488E-02  3.55294683372253E+01
 5.563E-02  3.53712624969704E+01
 5.639E-02  3.52230496917395E+01
 5.716E-02  3.50855470157510E+01
 5.794E-02  3.49594554841167E+01
 5.873E-02  3.48454574288881E+01
 5.953E-02  3.47442138604409E+01
 6.034E-02  3.46563618024557E+01
 6.116E-02  3.45825116092436E+01
 6.200E-02  3.45232442746461E+01
 6.285E-02  3.44791087422033E+01
 6.370E-02  3.44506192267269E+01
 6.457E-02  3.44382525578336E+01
 6.546E-02  3.44424455563850E+01
 6.635E-02  3.44635924551458E+01
 6.725E-02  3.45020423752954E+01
 6.817E-02  3.45580968707249E+01
 6.910E-02  3.46320075522979E+01
 7.005E-02  3.47239738044633E+01
 7.100E-02  3.48341406067705E+01
 7.197E-02  3.49625964729454E+01
 7.296E-02  3.51093715202456E+01
 7.395E-02  3.52744356818140E+01
 7.496E-02  3.54576970746954E+01
 7.598E-02  3.56590005360574E+01
 7.702E-02  3.58781263399798E+01
 7.807E-02  3.61147891069246E+01
 7.914E-02  3.63686369176809E+01
 8.022E-02  3.66392506431954E+01
 8.132E-02  3.69261435012332E+01
 8.243E-02  3.72287608502886E+01
 8.355E-02  3.75464802305543E+01
 8.469E-02  3.78786116610780E+01
 8.585E-02  3.82243982014824E+01
 8.702E-02  3.85830167857914E+01
 8.821E-02  3.89535793350064E+01
 8.941E-02  3.93351341540974E+01
 9.063E-02  3.97266676180298E+01
 9.187E-02  4.01271061503319E+01
 9.312E-02  4.05353184965254E+01
 9.440E-02  4.09501182934983E+01
 9.568E-02  4.13702669345934E+01
 9.699E-02  4.17944767288253E+01
 9.831E-02  4.22214143512291E+01
 9.966E-02  4.26497045798827E+01
 1.010E-01  4.30779343136484E+01
 1.024E-01  4.35046568631450E+01
 1.038E-01  4.39283965058997E+01
 1.052E-01  4.43476532950442E+01
 1.066E-01  4.47609081093233E+01
 1.081E-01  4.51666279305786E+01
 1.096E-01  4.55632713332659E+01
 1.111E-01  4.59492941689742E+01
 1.126E-01  4.63231554273352E+01
 1.141E-01  4.66833232531710E+01
 1.157E-01  4.70282810982121E+01
 1.173E-01  4.73565339842578E+01
 1.189E-01  4.76666148532443E+01
 1.205E-01  4.79570909783412E+01
 1.221E-01  4.82265704089393E+01
 1.238E-01  4.84737084212055E+01
 1.255E-01  4.86972139448087E+01
 1.272E-01  4.88958559354357E+01
 1.289E-01  4.90684696618664E+01
 1.307E-01  4.92139628756368E+01
 1.325E-01  4.93313218307310E+01
 1.343E-01  4.94196171202845E+01
 1.361E-01  4.94780092969943E+01
 1.380E-01  4.95057542437916E+01
 1.399E-01  4.95022082613806E+01
 1.418E-01  4.94668328394620E+01
 1.437E-01  4.93991990788738E+01
 1.457E-01  4.92989917324796E+01
 1.477E-01  4.91660128334419E+01
 1.497E-01  4.90001848805253E+01
 1.517E-01  4.88015535512933E+01
 1.538E-01  4.85702899154970E+01
 1.559E-01  4.83066921226001E+01
 1.580E-01  4.80111865392526E+01
 1.602E-01  4.76843283146070E+01
 1.624E-01  4.73268013536696E+01
 1.646E-01  4.69394176813896E+01
 1.668E-01  4.65231161829096E+01
 1.691E-01  4.60789607083187E+01
 1.714E-01  4.56081375333691E+01
 1.738E-01  4.51119521709109E+01
 1.761E-01  4.45918255312763E+01
 1.785E-01  4.40492894334704E+01
 1.810E-01  4.34859814728028E+01
 1.834E-01  4.29036392544870E+01
 1.860E-01  4.23040940067411E+01
 1.885E-01  4.16892635910033E+01
 1.911E-01  4.10611449310192E+01
 1.937E-01  4.04218058867287E+01
 1.963E-01  3.97733766030543E+01
 1.990E-01  3.91180403678344E+01
 2.017E-01  3.84580240172327E+01
 2.045E-01  3.77955879309383E+01
 2.073E-01  3.71330156633260E+01
 2.101E-01  3.64726032604395E+01
 2.130E-01  3.58166483161361E+01
 2.159E-01  3.51674388239759E+01
 2.188E-01  3.45272418843961E+01
 2.218E-01  3.38982923293515E+01
 2.248E-01  3.32827813288915E+01
 2.279E-01  3.26828450460406E+01
 2.310E-01  3.21005534078319E+01
 2.342E-01  3.15378990613673E+01
 2.374E-01  3.09967865843332E+01
 2.406E-01  3.04790220194539E+01
 2.439E-01  2.99863028018989E+01
 2.472E-01  2.95202081476695E+01
 2.506E-01  2.90821899694561E+01
 2.540E-01  2.86735643843860E+01
 2.575E-01  2.82955038754705E+01
 2.610E-01  2.79490301654183E+01
 2.646E-01  2.76350078578274E+01
 2.682E-01  2.73541388966143E+01
 2.718E-01  2.71069578899139E+01
 2.755E-01  2.68938283396145E+01
 2.793E-01  2.67149398122130E+01
 2.831E-01  2.65703060808169E+01
 2.870E-01  2.64597642619329E+01
 2.909E-01  2.63829749641936E+01
 2.949E-01  2.63394234594398E+01
 2.989E-01  2.63284218796398E+01
 3.030E-01  2.63491124360340E+01
 3.071E-01  2.64004716496990E+01
 3.113E-01  2.64813155754774E+01
 3.156E-01  2.65903059939809E+01
 3.199E-01  2.67259575391892E+01
 3.242E-01  2.68866457221113E+01
 3.287E-01  2.70706158040958E+01
 3.331E-01  2.72759924667425E+01
 3.377E-01  2.75007902190443E+01
 3.423E-01  2.77429244764382E+01
 3.470E-01  2.80002232409266E+01
 3.517E-01  2.82704393064209E+01
 3.565E-01  2.85512629090024E+01
 3.614E-01  2.88403347379634E+01
 3.663E-01  2.91352592203200E+01
 3.713E-01  2.94336179890401E+01
 3.764E-01  2.97329834435284E+01
 3.815E-01  3.00309323099978E+01
 3.867E-01  3.03250591092455E+01
 3.920E-01  3.06129894400638E+01
 3.974E-01  3.08923929880438E+01
 4.028E-01  3.11609961718677E+01
 4.083E-01  3.14165943423237E+01
 4.139E-01  3.16570634531660E+01
 4.195E-01  3.18803711275664E+01
 4.252E-01  3.20845870491940E+01
 4.311E-01  3.22678926128689E+01
 4.369E-01  3.24285897761958E+01
 4.429E-01  3.25651090605219E+01
 4.489E-01  3.26760166568964E+01
 4.551E-01  3.27600206003667E+01
 4.613E-01  3.28159759838234E+01
 4.676E-01  3.28428891906340E+01
 4.740E-01  3.28399211333811E+01
 4.804E-01  3.28063894940614E+01
 4.870E-01  3.27417699690279E+01
 4.936E-01  3.26456965296734E+01
 5.004E-01  3.25179607172964E+01
 5.072E-01  3.23585099976786E+01
 5.141E-01  3.21674452075755E+01
 5.212E-01  3.19450171315196E+01
 5.283E-01  3.16916222530093E+01
 5.355E-01  3.14077977292665E+01
 5.428E-01  3.10942156432525E+01
 5.502E-01  3.07516765905230E+01
 5.577E-01  3.03811026617512E+01
 5.653E-01  2.99835298843551E+01
 5.731E-01  2.95601001886275E+01
 5.809E-01  2.91120529651016E+01
 5.888E-01  2.86407162805960E+01
 5.969E-01  2.81474978205061E+01
 6.050E-01  2.76338756244656E+01
 6.133E-01  2.71013886815283E+01
 6.216E-01  2.65516274495516E+01
 6.301E-01  2.59862243615491E+01
 6.387E-01  2.54068443794479E+01
 6.474E-01  2.48151756530012E+01
 6.563E-01  2.42129203385990E+01
 6.652E-01  2.36017856294418E+01
 6.743E-01  2.29834750450394E+01
 6.835E-01  2.23596800243149E+01
 6.929E-01  2.17320718627666E+01
 7.023E-01  2.11022940302214E+01
 7.119E-01  2.04719549017287E+01
 7.216E-01  1.98426209301344E+01
 7.315E-01  1.92158102848685E+01
 7.415E-01  1.85929869775140E+01
 7.516E-01  1.79755554908105E+01
 7.618E-01  1.73648559239210E+01
 7.723E-01  1.67621596630654E+01
 7.828E-01  1.61686655830197E+01
 7.935E-01  1.55854967815045E+01
 8.043E-01  1.50136978451661E+01
 8.153E-01  1.44542326426774E+01
 8.264E-01  1.39079826374851E+01
 8.377E-01  1.33757457098902E+01
 8.491E-01  1.28582354754927E+01
 8.607E-01  1.23560810845512E+01
 8.725E-01  1.18698274845187E+01
 8.844E-01  1.13999361259062E+01
 8.965E-01  1.09467860897175E+01
 9.087E-01  1.05106756129759E+01
 9.211E-01  1.00918239873436E+01
 9.337E-01  9.69037380451224E+00
 9.464E-01  9.30639352092180E+00
 9.594E-01  8.93988031345175E+00
 9.725E-01  8.59076319701903E+00
 9.857E-01  8.25890637451764E+00
 9.992E-01  7.94411278924421E+00
 1.013E+00  7.64612784987268E+00
 1.027E+00  7.36464329816790E+00
 1.041E+00  7.09930118995984E+00
 1.055E+00  6.84969796043261E+00
 1.069E+00  6.61538854550895E+00
 1.084E+00  6.39589053202168E+00
 1.099E+00  6.19068831044816E+00
 1.114E+00  5.99923720522793E+00
 1.129E+00  5.82096755907037E+00
 1.144E+00  5.65528874917080E+00
 1.160E+00  5.50159311486876E+00
 1.176E+00  5.35925977797984E+00
 1.192E+00  5.22765833878834E+00
 1.208E+00  5.10615243248094E+00
 1.225E+00  4.99410313260624E+00
 1.241E+00  4.89087218994180E+00
 1.258E+00  4.79582509691766E+00
 1.275E+00  4.70833396946586E+00
 1.293E+00  4.62778023982353E+00
 1.310E+00  4.55355715540098E+00
 1.328E+00  4.48507208032483E+00
 1.347E+00  4.42174859767489E+00
 1.365E+00  4.36302841174645E+00
 1.384E+00  4.30837305088702E+00
 1.402E+00  4.25726537257728E+00
 1.422E+00  4.20921087345409E+00
 1.441E+00  4.16373880790983E+00
 1.461E+00  4.12040311975360E+00
 1.481E+00  4.07878319218830E+00
 1.501E+00  4.03848442204886E+00
 1.521E+00  3.99913862486497E+00
 1.542E+00  3.96040427786054E+00
 1.563E+00  3.92196660848473E+00
 1.584E+00  3.88353753649003E+00
 1.606E+00  3.84485547793216E+00
 1.628E+00  3.80568501976849E+00
 1.650E+00  3.76581647397632E+00
 1.673E+00  3.72506532030184E+00
 1.696E+00  3.68327154688644E+00
 1.719E+00  3.64029889809908E+00
 1.742E+00  3.59603403893423E+00
 1.766E+00  3.55038564531449E+00
 1.790E+00  3.50328342956736E+00
 1.815E+00  3.45467711022799E+00
 1.839E+00  3.40453533515576E+00
 1.864E+00  3.35284456674506E+00
 1.890E+00  3.29960793776034E+00
 1.916E+00  3.24484408603733E+00
 1.942E+00  3.18858597596695E+00
 1.968E+00  3.13087971432031E+00
 1.995E+00  3.07178336758582E+00
 2.022E+00  3.01136578757522E+00
 2.050E+00  2.94970545161953E+00
 2.078E+00  2.88688932322123E+00
 2.106E+00  2.82301173855970E+00
 2.135E+00  2.75817332376751E+00
 2.164E+00  2.69247994740837E+00
 2.194E+00  2.62604171209845E+00
 2.224E+00  2.55897198872434E+00
 2.254E+00  2.49138649622681E+00
 2.285E+00  2.42340242944361E+00
 2.316E+00  2.35513763703956E+00
 2.348E+00  2.28670985110090E+00
 2.380E+00  2.21823596953701E+00
 2.412E+00  2.14983139201713E+00
 2.445E+00  2.08160940977596E+00
 2.479E+00  2.01368064925123E+00
 2.513E+00  1.94615256917006E+00
 2.547E+00  1.87912901038061E+00
 2.582E+00  1.81270979743178E+00
 2.617E+00  1.74699039063757E+00
 2.653E+00  1.68206158712400E+00
 2.689E+00  1.61800926914567E+00
 2.725E+00  1.55491419777593E+00
 2.763E+00  1.49285184991824E+00
 2.800E+00  1.43189229645706E+00
 2.839E+00  1.37210011926228E+00
 2.877E+00  1.31353436468222E+00
 2.917E+00  1.25624853110407E+00
 2.956E+00  1.20029058812709E+00
 2.997E+00  1.14570302488075E+00
 3.038E+00  1.09252292502612E+00
 3.079E+00  1.04078206600268E+00
 3.121E+00  9.90507040122250E-01
 3.164E+00  9.41719395166076E-01
 3.207E+00  8.94435792207366E-01
 3.251E+00  8.48668178459716E-01
 3.295E+00  8.04423973038540E-01
 3.340E+00  7.61706263617679E-01
 3.386E+00  7.20514012064321E-01
 3.432E+00  6.80842267241321E-01
 3.479E+00  6.42682383275256E-01
 3.526E+00  6.06022241699987E-01
 3.575E+00  5.70846475997830E-01
 3.623E+00  5.37136697172595E-01
 3.673E+00  5.04871719099773E-01
 3.723E+00  4.74027782508112E-01
 3.774E+00  4.44578776552968E-01
 3.825E+00  4.16496457044534E-01
 3.878E+00  3.89750660492685E-01
 3.930E+00  3.64309513224400E-01
 3.984E+00  3.40139634919116E-01
 4.039E+00  3.17206335991719E-01
 4.094E+00  2.95473808332018E-01
 4.150E+00  2.74905308983409E-01
 4.206E+00  2.55463336412066E-01
 4.264E+00  2.37109799081412E-01
 4.322E+00  2.19806176104989E-01
 4.381E+00  2.03513669804391E-01
 4.441E+00  1.88193350047833E-01
 4.501E+00  1.73806290289471E-01
 4.563E+00  1.60313695270125E-01
 4.625E+00  1.47677020376803E-01
 4.688E+00  1.35858082691769E-01
 4.752E+00  1.24819163792161E-01
 4.817E+00  1.14523104388598E-01
 4.883E+00  1.04933390916192E-01
 4.950E+00  9.60142342141683E-02
 5.017E+00  8.77306404510918E-02
 5.086E+00  8.00484744718434E-02
 5.155E+00  7.29345157600792E-02
 5.225E+00  6.63565072261919E-02
 5.297E+00  6.02831970458603E-02
 5.369E+00  5.46843737882573E-02
 5.442E+00  4.95308950859430E-02
 5.517E+00  4.47947101104586E-02
 5.592E+00  4.04488761286507E-02
 5.668E+00  3.64675694248003E-02
 5.746E+00  3.28260908826740E-02
 5.824E+00  2.95008665295922E-02
 5.904E+00  2.64694433514806E-02
 5.984E+00  2.37104806935462E-02
 6.066E+00  2.12037375656351E-02
 6.149E+00  1.89300561744061E-02
 6.233E+00  1.68713420061242E-02
 6.318E+00  1.50105407840785E-02
 6.404E+00  1.33316126233077E-02
 6.491E+00  1.18195037024464E-02
 6.580E+00  1.04601157680617E-02
 6.670E+00  9.24027378083777E-03
 6.761E+00  8.14769200540924E-03
 6.853E+00  7.17093883658588E-03
 6.947E+00  6.29940064421451E-03
 7.042E+00  5.52324490707901E-03
 7.138E+00  4.83338289314701E-03
 7.235E+00  4.22143212925739E-03
 7.334E+00  3.67967888814479E-03
 7.434E+00  3.20104090466415E-03
 7.536E+00  2.77903051637617E-03
 7.639E+00  2.40771840644893E-03
 7.743E+00  2.08169810929675E-03
 7.849E+00  1.79605142168810E-03
 7.956E+00  1.54631484438189E-03
 8.064E+00  1.32844716186335E-03
 8.174E+00  1.13879825060632E-03
 8.286E+00  9.74079189636158E-04
 8.399E+00  8.31333731144811E-04
 8.514E+00  7.07911173638434E-04
 8.630E+00  6.01440665684547E-04
 8.748E+00  5.09806954861391E-04
 8.867E+00  4.31127584068640E-04
 8.988E+00  3.63731525991194E-04
 9.111E+00  3.06139236253893E-04
 9.235E+00  2.57044096684961E-04
 9.362E+00  2.15295212123920E-04
 9.489E+00  1.79881517354253E-04
 9.619E+00  1.49917144987028E-04
 9.750E+00  1.24628000431189E-04
 9.883E+00  1.03339486410162E-04
 1.002E+01  8.54653167650022E-05
 1.016E+01  7.04973574555414E-05
 1.029E+01  5.79964316612896E-05
 1.043E+01  4.75840256175189E-05
 1.058E+01  3.89348322205671E-05
 1.072E+01  3.17700704206676E-05
 1.087E+01  2.58515199115422E-05
 1.102E+01  2.09762125461529E-05
 1.117E+01  1.69717241828080E-05
 1.132E+01  1.36920132241859E-05
 1.147E+01  1.10137548871395E-05
 1.163E+01  8.83312317173409E-06
 1.179E+01  7.06297552761166E-06
 1.195E+01  5.63039829391499E-06
 1.211E+01  4.47457407094178E-06
 1.228E+01  3.54493522856143E-06
 1.245E+01  2.79957073506219E-06
 1.262E+01  2.20385637290678E-06
 1.279E+01  1.72928117250964E-06
 1.296E+01  1.35244552416312E-06
 1.314E+01  1.05420890872406E-06
 1.332E+01  8.18967510800670E-07
 1.350E+01  6.34044138781504E-07
 1.368E+01  4.89174872163083E-07
 1.387E+01  3.76078689033496E-07
 1.406E+01  2.88097998672050E-07
 1.425E+01  2.19900517959200E-07
 1.445E+01  1.67237559295617E-07
 1.464E+01  1.26719611696890E-07
 1.484E+01  9.56609643880528E-08
 1.505E+01  7.19423688416624E-08
 1.525E+01  5.38978697167452E-08
 1.546E+01  4.02228521356719E-08
 1.567E+01  2.98996223087264E-08
 1.589E+01  2.21374183710707E-08
 1.610E+01  1.63242483602719E-08
 1.632E+01  1.19883813114583E-08
 1.655E+01  8.76768380019374E-09
 1.677E+01  6.38530556904728E-09
 1.700E+01  4.63048112295984E-09
 1.723E+01  3.34343570886704E-09
 1.747E+01  2.40356961018926E-09
 1.771E+01  1.72024928226276E-09
 1.795E+01  1.22566205104423E-09
 1.819E+01  8.69296877475542E-10
 1.844E+01  6.13700539806150E-10
 1.869E+01  4.31229537120269E-10
 1.895E+01  3.01575688018859E-10
 1.921E+01  2.09890036880002E-10
 1.947E+01  1.45367204049671E-10
 1.974E+01  1.00182351408680E-10
 2.000E+01  6.86968506943740E-11
 2.028E+01  4.68676855899252E-11
 2.055E+01  3.18105443408919E-11
 2.084E+01  2.14782569137708E-11
 2.112E+01  1.44253483941168E-11
 2.141E+01  9.63654861241676E-12
 2.170E+01  6.40254739861209E-12
 2.200E+01  4.23046283957597E-12
 2.230E+01  2.77967511511138E-12
 2.260E+01  1.81609304357721E-12
 2.291E+01  1.17974033604766E-12
 2.322E+01  7.61912253203293E-13
 2.354E+01  4.89169237253621E-13
 2.386E+01  3.12186378726907E-13
 2.419E+01  1.98031329278122E-13
 2.452E+01  1.24848410912284E-13
 2.485E+01  7.82212646596117E-14
 2.519E+01  4.86992624326169E-14
 2.554E+01  3.01257734659722E-14
 2.588E+01  1.85154523322007E-14
 2.624E+01  1.13050439304085E-14
 2.660E+01  6.85666571038707E-15
 2.696E+01  4.13063621595169E-15
 2.733E+01  2.47140595373576E-15
 2.770E+01  1.46843176217565E-15
 2.808E+01  8.66372806358545E-16
 2.846E+01  5.07522705218855E-16
 2.885E+01  2.95164045259016E-16
 2.924E+01  1.70406384147206E-16
 2.964E+01  9.76515702418439E-17
 3.005E+01  5.55391852062898E-17
 3.046E+01  3.13474357238982E-17
 3.087E+01  1.75566443880801E-17
 3.130E+01  9.75600681620405E-18
 3.172E+01  5.37832766857718E-18
 3.216E+01  2.94116815611317E-18
 3.259E+01  1.59529902550895E-18
 3.304E+01  8.58154632577984E-19
 3.349E+01  4.57763443763174E-19
 3.395E+01  2.42113494883898E-19
 3.441E+01  1.26954694887248E-19
 3.488E+01  6.59901740048682E-20
 3.536E+01  3.39984155378507E-20
 3.584E+01  1.73593887020976E-20
 3.633E+01  8.78320974414252E-21
 3.683E+01  4.40312643876363E-21
 3.733E+01  2.18677145984684E-21
 3.784E+01  1.07578252679141E-21
 3.835E+01  5.24165186929305E-22
 3.888E+01  2.52916659785767E-22
 3.941E+01  1.20835480813719E-22
 3.995E+01  5.71558498384123E-23
 4.049E+01  2.67618832145073E-23
 4.104E+01  1.24022920476332E-23
 4.161E+01  5.68795306240999E-24
 4.217E+01  2.58115319898049E-24
 4.275E+01  1.15882627473634E-24
 4.333E+01  5.14639558121801E-25
 4.392E+01  2.26049629465638E-25
 4.452E+01  9.81871985815218E-26
 4.513E+01  4.21686897813946E-26
 4.575E+01  1.79036811054364E-26
 4.637E+01  7.51351995718101E-27
 4.701E+01  3.11619339381530E-27
 4.765E+01  1.27707157630474E-27
 4.830E+01  5.17064914787760E-28
 4.896E+01  2.06796016653790E-28
 4.963E+01  8.16834697071270E-29
 5.030E+01  3.18602138418159E-29
 5.099E+01  1.22691602942046E-29
 5.169E+01  4.66409875986939E-30
 5.239E+01  1.75009108537553E-30
 5.311E+01  6.48185551290173E-31
 5.383E+01  2.37049769100820E-31
 5.457E+01  8.57169573643342E-32
 5.531E+01  3.07754713626958E-32
 5.607E+01  0.00000000000000E+00
 5.683E+01  0.00000000000000E+00
 5.761E+01  0.00000000000000E+00
 5.839E+01  0.00000000000000E+00
 5.919E+01  0.00000000000000E+00
 6.000E+01  0.00000000000000E+00
