line2: Z,NR,R(1),R(NR) /line3,4,...: R(N),RHO*4*PI*R(N)**2
13.00  2000  1.01365245284744E-10  6.00000000000000E+01
 1.014E-10  2.15386524731401E-16
 1.027E-10  2.21280712831056E-16
 1.042E-10  2.27336199105556E-16
 1.056E-10  2.34629533560710E-16
 1.070E-10  2.41050318733372E-16
 1.085E-10  2.47646812741870E-16
 1.100E-10  2.54423823969394E-16
 1.115E-10  2.61386292383464E-16
 1.130E-10  2.68539293136960E-16
 1.145E-10  2.75888040267508E-16
 1.161E-10  2.83437890498182E-16
 1.177E-10  2.91194347142137E-16
 1.193E-10  2.99163064114168E-16
 1.209E-10  3.07349850052027E-16
 1.226E-10  3.15760672550492E-16
 1.242E-10  3.24401662511333E-16
 1.259E-10  3.33279266489250E-16
 1.276E-10  3.42399663822179E-16
 1.294E-10  3.51769646580334E-16
 1.312E-10  3.61396044826288E-16
 1.329E-10  3.71285875531570E-16
 1.348E-10  3.81446347691555E-16
 1.366E-10  3.91884867580345E-16
 1.385E-10  4.02609044149398E-16
 1.404E-10  4.13626694573897E-16
 1.423E-10  4.24945849950996E-16
 1.442E-10  4.36574761153871E-16
 1.462E-10  4.48521904846033E-16
 1.482E-10  4.60795989660231E-16
 1.502E-10  4.73405962546487E-16
 1.523E-10  4.86361015293691E-16
 1.543E-10  4.99670591229864E-16
 1.564E-10  5.13344392105652E-16
 1.586E-10  5.27392385166200E-16
 1.607E-10  5.41824810416703E-16
 1.629E-10  5.56652188086388E-16
 1.652E-10  5.71885326297281E-16
 1.674E-10  5.87535328942562E-16
 1.697E-10  6.03613603780286E-16
 1.720E-10  6.20131870749091E-16
 1.744E-10  6.37102170511147E-16
 1.767E-10  6.54536873228879E-16
 1.792E-10  6.72448687582037E-16
 1.816E-10  6.90850670031420E-16
 1.841E-10  7.09756234336067E-16
 1.866E-10  7.29179161331013E-16
 1.891E-10  7.49133608972533E-16
 1.917E-10  7.69634122658332E-16
 1.943E-10  7.90695645830064E-16
 1.970E-10  8.12333530866060E-16
 1.997E-10  8.34563550272197E-16
 2.024E-10  8.57401908178945E-16
 2.052E-10  8.80865252152950E-16
 2.080E-10  9.04970685332109E-16
 2.108E-10  9.29735778892419E-16
 2.137E-10  9.55178584856154E-16
 2.166E-10  9.81317649250628E-16
 2.196E-10  1.00817202562681E-15
 2.226E-10  1.03576128894817E-15
 2.256E-10  1.06410554985936E-15
 2.287E-10  1.09322546934556E-15
 2.318E-10  1.12314227379274E-15
 2.350E-10  1.15387777046034E-15
 2.382E-10  1.18545436337730E-15
 2.414E-10  1.21789506967279E-15
 2.447E-10  1.25122353635432E-15
 2.481E-10  1.28546405754470E-15
 2.515E-10  1.32064159219059E-15
 2.549E-10  1.35678178225604E-15
 2.584E-10  1.39391097141374E-15
 2.619E-10  1.43205622424733E-15
 2.655E-10  1.47124534598005E-15
 2.691E-10  1.51150690274254E-15
 2.728E-10  1.55287024239556E-15
 2.765E-10  1.59536551592272E-15
 2.803E-10  1.63902369940818E-15
 2.841E-10  1.68387661661618E-15
 2.880E-10  1.72995696218839E-15
 2.919E-10  1.77729832547586E-15
 2.959E-10  1.82593521502354E-15
 2.999E-10  1.87590308372448E-15
 3.040E-10  1.92723835466227E-15
 3.082E-10  1.97997844766137E-15
 3.124E-10  2.03416180656332E-15
 3.166E-10  2.08982792724944E-15
 3.210E-10  2.14701738643092E-15
 3.253E-10  2.20577187122619E-15
 3.298E-10  2.26613420954775E-15
 3.343E-10  2.32814840132125E-15
 3.389E-10  2.39185965055793E-15
 3.435E-10  2.45731439830515E-15
 3.482E-10  2.52456035649894E-15
 3.529E-10  2.59364654274238E-15
 3.577E-10  2.66462331603653E-15
 3.626E-10  2.73754241348787E-15
 3.676E-10  2.81245698802140E-15
 3.726E-10  2.88942164712577E-15
 3.777E-10  2.96849249265766E-15
 3.828E-10  3.04972716173658E-15
 3.881E-10  3.13318486875807E-15
 3.934E-10  3.21892644855695E-15
 3.987E-10  3.30701440075159E-15
 4.042E-10  3.39751293530185E-15
 4.097E-10  3.49048801931378E-15
 4.153E-10  3.58600742512464E-15
 4.210E-10  3.68414077970425E-15
 4.267E-10  3.78495961540867E-15
 4.325E-10  3.88853742212203E-15
 4.384E-10  3.99494970082524E-15
 4.444E-10  4.10427401863097E-15
 4.505E-10  4.21659006532522E-15
 4.566E-10  4.33197971145514E-15
 4.629E-10  4.45052706800668E-15
 4.692E-10  4.57231854771608E-15
 4.756E-10  4.69744292805854E-15
 4.821E-10  4.82599141596114E-15
 4.887E-10  4.95805771428579E-15
 4.953E-10  5.09373809013164E-15
 5.021E-10  5.23313144500875E-15
 5.090E-10  5.37633938692906E-15
 5.159E-10  5.52346630447096E-15
 5.230E-10  5.67461944287282E-15
 5.301E-10  5.82990898220646E-15
 5.373E-10  5.98944811769088E-15
 5.447E-10  6.15335314220312E-15
 5.521E-10  6.32174353104832E-15
 5.596E-10  6.49474202904890E-15
 5.673E-10  6.67247474001619E-15
 5.750E-10  6.85507121867225E-15
 5.829E-10  7.04266456508549E-15
 5.908E-10  7.23539152169142E-15
 5.989E-10  7.43339257296870E-15
 6.071E-10  7.63681204784235E-15
 6.154E-10  7.84579822488879E-15
 6.238E-10  8.06050344042157E-15
 6.323E-10  8.28108419953395E-15
 6.409E-10  8.50770129017824E-15
 6.497E-10  8.74051990037185E-15
 6.585E-10  8.97970973860544E-15
 6.675E-10  9.22544515754937E-15
 6.766E-10  9.47790528114522E-15
 6.859E-10  9.73727413517382E-15
 6.952E-10  1.00037407813975E-14
 7.047E-10  1.02774994553723E-14
 7.144E-10  1.05587497080337E-14
 7.241E-10  1.08476965511530E-14
 7.340E-10  1.11445506067784E-14
 7.440E-10  1.14495282607634E-14
 7.542E-10  1.17628518204961E-14
 7.645E-10  1.20847496769462E-14
 7.749E-10  1.24154564711467E-14
 7.855E-10  1.27552132652307E-14
 7.962E-10  1.31042677181463E-14
 8.071E-10  1.34628742661868E-14
 8.181E-10  1.38312943084540E-14
 8.293E-10  1.42097963974014E-14
 8.406E-10  1.45986564345887E-14
 8.521E-10  1.49981578717952E-14
 8.637E-10  1.54085919176386E-14
 8.755E-10  1.58302577498420E-14
 8.874E-10  1.62634627333148E-14
 8.996E-10  1.67085226442028E-14
 9.118E-10  1.71657619000639E-14
 9.243E-10  1.76355137963458E-14
 9.369E-10  1.81181207493374E-14
 9.497E-10  1.86139345457642E-14
 9.627E-10  1.91233165992166E-14
 9.758E-10  1.96466382135964E-14
 9.891E-10  2.01842808537696E-14
 1.003E-09  2.07366364236286E-14
 1.016E-09  2.13041075517635E-14
 1.030E-09  2.18871078849485E-14
 1.044E-09  2.24860623896617E-14
 1.059E-09  2.31014076618558E-14
 1.073E-09  2.37335922452088E-14
 1.088E-09  2.43830769580779E-14
 1.102E-09  2.50503352294038E-14
 1.118E-09  2.57358534438085E-14
 1.133E-09  2.64401312961357E-14
 1.148E-09  2.71636821556927E-14
 1.164E-09  2.79070334404617E-14
 1.180E-09  2.86707270015495E-14
 1.196E-09  2.94553195181574E-14
 1.212E-09  3.02613829033680E-14
 1.229E-09  3.10895047210223E-14
 1.246E-09  3.19402886140140E-14
 1.263E-09  3.28143547443074E-14
 1.280E-09  3.37123402449867E-14
 1.297E-09  3.46348996846874E-14
 1.315E-09  3.55827055447244E-14
 1.333E-09  3.65564487092860E-14
 1.351E-09  3.75568389690464E-14
 1.370E-09  3.85846055385434E-14
 1.388E-09  3.96404975877273E-14
 1.407E-09  4.07252847880631E-14
 1.426E-09  4.18397578735535E-14
 1.446E-09  4.29847292171346E-14
 1.466E-09  4.41610334228429E-14
 1.486E-09  4.53695279341762E-14
 1.506E-09  4.66110936591125E-14
 1.527E-09  4.78866356122341E-14
 1.547E-09  4.91970835744135E-14
 1.568E-09  5.05433927705610E-14
 1.590E-09  5.19265445659196E-14
 1.612E-09  5.33475471814085E-14
 1.634E-09  5.48074364285452E-14
 1.656E-09  5.63072764644837E-14
 1.679E-09  5.78481605677017E-14
 1.701E-09  5.94312119349350E-14
 1.725E-09  6.10575844999067E-14
 1.748E-09  6.27284637744511E-14
 1.772E-09  6.44450677126911E-14
 1.796E-09  6.62086475988240E-14
 1.821E-09  6.80204889592220E-14
 1.846E-09  6.98819124995045E-14
 1.871E-09  7.17942750672224E-14
 1.896E-09  7.37589706409115E-14
 1.922E-09  7.57774313462145E-14
 1.949E-09  7.78511284997829E-14
 1.975E-09  7.99815736817789E-14
 2.002E-09  8.21703198377080E-14
 2.029E-09  8.44189624103973E-14
 2.057E-09  8.67291405029738E-14
 2.085E-09  8.91025380736537E-14
 2.114E-09  9.15408851632255E-14
 2.143E-09  9.40459591561232E-14
 2.172E-09  9.66195860760342E-14
 2.201E-09  9.92636419169283E-14
 2.232E-09  1.01980054010526E-13
 2.262E-09  1.04770802431186E-13
 2.293E-09  1.07637921439255E-13
 2.324E-09  1.10583500963885E-13
 2.356E-09  1.13609688126456E-13
 2.388E-09  1.16718688805674E-13
 2.421E-09  1.19912769245486E-13
 2.454E-09  1.23194257707052E-13
 2.487E-09  1.26565546165848E-13
 2.521E-09  1.30029092055247E-13
 2.556E-09  1.33587420057853E-13
 2.590E-09  1.37243123945777E-13
 2.626E-09  1.40998868471335E-13
 2.662E-09  1.44857391309469E-13
 2.698E-09  1.48821505053310E-13
 2.735E-09  1.52894099264363E-13
 2.772E-09  1.57078142578800E-13
 2.810E-09  1.61376684871383E-13
 2.848E-09  1.65792859478600E-13
 2.887E-09  1.70329885482673E-13
 2.927E-09  1.74991070058034E-13
 2.967E-09  1.79779810882001E-13
 3.007E-09  1.84699598611468E-13
 3.048E-09  1.89754019427332E-13
 3.090E-09  1.94946757648599E-13
 3.132E-09  2.00281598417978E-13
 3.175E-09  2.05762430460949E-13
 3.218E-09  2.11393248920441E-13
 3.262E-09  2.17178158268958E-13
 3.307E-09  2.23121375300443E-13
 3.352E-09  2.29227232204088E-13
 3.398E-09  2.35500179722153E-13
 3.444E-09  2.41944790394218E-13
 3.491E-09  2.48565761890290E-13
 3.539E-09  2.55367920435066E-13
 3.587E-09  2.62356224325904E-13
 3.636E-09  2.69535767547068E-13
 3.685E-09  2.76911783482890E-13
 3.736E-09  2.84489648732556E-13
 3.787E-09  2.92274887029240E-13
 3.838E-09  3.00273173266534E-13
 3.891E-09  3.08490337635066E-13
 3.944E-09  3.16932369872267E-13
 3.998E-09  3.25605423628471E-13
 4.052E-09  3.34515820952523E-13
 4.108E-09  3.43670056900084E-13
 4.164E-09  3.53074804268084E-13
 4.221E-09  3.62736918458701E-13
 4.278E-09  3.72663442476499E-13
 4.337E-09  3.82861612062256E-13
 4.396E-09  3.93338860967332E-13
 4.456E-09  4.04102826372331E-13
 4.517E-09  4.15161354454086E-13
 4.578E-09  4.26522506104987E-13
 4.641E-09  4.38194562808760E-13
 4.704E-09  4.50186032677092E-13
 4.769E-09  4.62505656651496E-13
 4.834E-09  4.75162414874813E-13
 4.900E-09  4.88165533237077E-13
 4.967E-09  5.01524490100598E-13
 5.034E-09  5.15249023208999E-13
 5.103E-09  5.29349136785283E-13
 5.173E-09  5.43835108824315E-13
 5.243E-09  5.58717498584697E-13
 5.315E-09  5.74007154285721E-13
 5.388E-09  5.89715221015004E-13
 5.461E-09  6.05853148852397E-13
 5.536E-09  6.22432701216405E-13
 5.611E-09  6.39465963438742E-13
 5.688E-09  6.56965351573777E-13
 5.765E-09  6.74943621449022E-13
 5.844E-09  6.93413877963128E-13
 5.924E-09  7.12389584638422E-13
 6.005E-09  7.31884573434948E-13
 6.087E-09  7.51913054833003E-13
 6.170E-09  7.72489628191478E-13
 6.254E-09  7.93629292389843E-13
 6.340E-09  8.15347456761273E-13
 6.426E-09  8.37659952324920E-13
 6.514E-09  8.60583043325610E-13
 6.603E-09  8.84133439089440E-13
 6.693E-09  9.08328306203545E-13
 6.784E-09  9.33185281029397E-13
 6.877E-09  9.58722482558570E-13
 6.971E-09  9.84958525620052E-13
 7.066E-09  1.01191253444924E-12
 7.162E-09  1.03960415662813E-12
 7.260E-09  1.06805357740697E-12
 7.359E-09  1.09728153441799E-12
 7.460E-09  1.12730933279160E-12
 7.562E-09  1.15815886068637E-12
 7.665E-09  1.18985260524391E-12
 7.770E-09  1.22241366898048E-12
 7.876E-09  1.25586578662694E-12
 7.983E-09  1.29023334242995E-12
 8.092E-09  1.32554138792619E-12
 8.203E-09  1.36181566020305E-12
 8.315E-09  1.39908260065948E-12
 8.428E-09  1.43736937427967E-12
 8.543E-09  1.47670388943447E-12
 8.660E-09  1.51711481822453E-12
 8.778E-09  1.55863161738030E-12
 8.898E-09  1.60128454973416E-12
 9.019E-09  1.64510470627951E-12
 9.142E-09  1.69012402883392E-12
 9.267E-09  1.73637533332274E-12
 9.394E-09  1.78389233369953E-12
 9.522E-09  1.83270966652089E-12
 9.652E-09  1.88286291619436E-12
 9.784E-09  1.93438864091679E-12
 9.917E-09  1.98732439932259E-12
 1.005E-08  2.04170877786157E-12
 1.019E-08  2.09758141892570E-12
 1.033E-08  2.15498304974544E-12
 1.047E-08  2.21395551207687E-12
 1.061E-08  2.27454179270199E-12
 1.076E-08  2.33678605476236E-12
 1.090E-08  2.40073366995120E-12
 1.105E-08  2.46643125158642E-12
 1.120E-08  2.53392668858774E-12
 1.136E-08  2.60326918038494E-12
 1.151E-08  2.67450927278071E-12
 1.167E-08  2.74769889479439E-12
 1.183E-08  2.82289139651538E-12
 1.199E-08  2.90014158799097E-12
 1.215E-08  2.97950577917903E-12
 1.232E-08  3.06104182099453E-12
 1.249E-08  3.14480914747785E-12
 1.266E-08  3.23086881911880E-12
 1.283E-08  3.31928356736511E-12
 1.301E-08  3.41011784034892E-12
 1.318E-08  3.50343784986536E-12
 1.336E-08  3.59931161963590E-12
 1.355E-08  3.69780903489302E-12
 1.373E-08  3.79900189332154E-12
 1.392E-08  3.90296395739376E-12
 1.411E-08  4.00977100813774E-12
 1.430E-08  4.11950090037591E-12
 1.450E-08  4.23223361947520E-12
 1.470E-08  4.34805133965127E-12
 1.490E-08  4.46703848386790E-12
 1.510E-08  4.58928178537480E-12
 1.531E-08  4.71487035093010E-12
 1.551E-08  4.84389572575310E-12
 1.573E-08  4.97645196025386E-12
 1.594E-08  5.11263567858934E-12
 1.616E-08  5.25254614909628E-12
 1.638E-08  5.39628535664942E-12
 1.660E-08  5.54395807700201E-12
 1.683E-08  5.69567195316013E-12
 1.706E-08  5.85153757384612E-12
 1.729E-08  6.01166855411026E-12
 1.753E-08  6.17618161814778E-12
 1.777E-08  6.34519668438317E-12
 1.801E-08  6.51883695288127E-12
 1.826E-08  6.69722899515173E-12
 1.851E-08  6.88050284641047E-12
 1.876E-08  7.06879210036662E-12
 1.901E-08  7.26223400660224E-12
 1.927E-08  7.46096957061753E-12
 1.954E-08  7.66514365661366E-12
 1.980E-08  7.87490509308874E-12
 2.007E-08  8.09040678132350E-12
 2.035E-08  8.31180580683444E-12
 2.063E-08  8.53926355387792E-12
 2.091E-08  8.77294582308944E-12
 2.119E-08  9.01302295233926E-12
 2.148E-08  9.25966994089478E-12
 2.178E-08  9.51306657698562E-12
 2.207E-08  9.77339756885545E-12
 2.237E-08  1.00408526793990E-11
 2.268E-08  1.03156268644884E-11
 2.299E-08  1.05979204150805E-11
 2.330E-08  1.08879391032149E-11
 2.362E-08  1.11858943320070E-11
 2.394E-08  1.14920032897452E-11
 2.427E-08  1.18064891082080E-11
 2.460E-08  1.21295810253068E-11
 2.494E-08  1.24615145521876E-11
 2.528E-08  1.28025316449000E-11
 2.562E-08  1.31528808807667E-11
 2.597E-08  1.35128176395769E-11
 2.633E-08  1.38826042897413E-11
 2.669E-08  1.42625103795395E-11
 2.705E-08  1.46528128336000E-11
 2.742E-08  1.50537961547615E-11
 2.779E-08  1.54657526314506E-11
 2.817E-08  1.58889825507422E-11
 2.856E-08  1.63237944172464E-11
 2.895E-08  1.67705051779856E-11
 2.934E-08  1.72294404534266E-11
 2.974E-08  1.77009347748328E-11
 3.015E-08  1.81853318281170E-11
 3.056E-08  1.86829847043590E-11
 3.098E-08  1.91942561571864E-11
 3.140E-08  1.97195188671952E-11
 3.183E-08  2.02591557136055E-11
 3.227E-08  2.08135600533567E-11
 3.271E-08  2.13831360078320E-11
 3.315E-08  2.19682987574341E-11
 3.361E-08  2.25694748442247E-11
 3.406E-08  2.31871024828393E-11
 3.453E-08  2.38216318799158E-11
 3.500E-08  2.44735255622616E-11
 3.548E-08  2.51432587140026E-11
 3.596E-08  2.58313195229581E-11
 3.645E-08  2.65382095364919E-11
 3.695E-08  2.72644440271071E-11
 3.746E-08  2.80105523680406E-11
 3.797E-08  2.87770784191373E-11
 3.849E-08  2.95645809232862E-11
 3.901E-08  3.03736339137007E-11
 3.954E-08  3.12048271323475E-11
 4.008E-08  3.20587664598271E-11
 4.063E-08  3.29360743570147E-11
 4.119E-08  3.38373903187888E-11
 4.175E-08  3.47633713401788E-11
 4.232E-08  3.57146923952644E-11
 4.290E-08  3.66920469291786E-11
 4.348E-08  3.76961473635826E-11
 4.408E-08  3.87277256159715E-11
 4.468E-08  3.97875336331847E-11
 4.529E-08  4.08763439395147E-11
 4.591E-08  4.19949501998326E-11
 4.653E-08  4.31441677981044E-11
 4.717E-08  4.43248344317448E-11
 4.781E-08  4.55378107222384E-11
 4.846E-08  4.67839808424701E-11
 4.913E-08  4.80642531612229E-11
 4.980E-08  4.93795609053090E-11
 5.048E-08  5.07308628398259E-11
 5.117E-08  5.21191439670251E-11
 5.186E-08  5.35454162443022E-11
 5.257E-08  5.50107193218410E-11
 5.329E-08  5.65161213004472E-11
 5.402E-08  5.80627195101036E-11
 5.475E-08  5.96516413098527E-11
 5.550E-08  6.12840449095508E-11
 5.626E-08  6.29611202141220E-11
 5.703E-08  6.46840896909093E-11
 5.781E-08  6.64542092607573E-11
 5.860E-08  6.82727692134891E-11
 5.940E-08  7.01410951484333E-11
 6.021E-08  7.20605489406837E-11
 6.103E-08  7.40325297338041E-11
 6.186E-08  7.60584749597059E-11
 6.271E-08  7.81398613864189E-11
 6.356E-08  8.02782061945527E-11
 6.443E-08  8.24750680832047E-11
 6.531E-08  8.47320484061275E-11
 6.620E-08  8.70507923390089E-11
 6.711E-08  8.94329900786777E-11
 6.802E-08  9.18803780751202E-11
 6.895E-08  9.43947402972315E-11
 6.989E-08  9.69779095331988E-11
 7.085E-08  9.96317687264488E-11
 7.181E-08  1.02358252348185E-10
 7.279E-08  1.05159347807469E-10
 7.379E-08  1.08037096899886E-10
 7.479E-08  1.10993597295869E-10
 7.582E-08  1.14031004069724E-10
 7.685E-08  1.17151531270544E-10
 7.790E-08  1.20357453536052E-10
 7.896E-08  1.23651107750654E-10
 8.004E-08  1.27034894748852E-10
 8.113E-08  1.30511281065259E-10
 8.224E-08  1.34082800732532E-10
 8.336E-08  1.37752057128477E-10
 8.450E-08  1.41521724873699E-10
 8.566E-08  1.45394551781220E-10
 8.683E-08  1.49373360859416E-10
 8.801E-08  1.53461052369765E-10
 8.921E-08  1.57660605940919E-10
 9.043E-08  1.61975082740629E-10
 9.167E-08  1.66407627707094E-10
 9.292E-08  1.70961471841382E-10
 9.419E-08  1.75639934562588E-10
 9.547E-08  1.80446426127414E-10
 9.677E-08  1.85384450116004E-10
 9.810E-08  1.90457605985761E-10
 9.944E-08  1.95669591695087E-10
 1.008E-07  2.01024206398897E-10
 1.022E-07  2.06525353217925E-10
 1.036E-07  2.12177042083778E-10
 1.050E-07  2.17983392661857E-10
 1.064E-07  2.23948637354298E-10
 1.079E-07  2.30077124385031E-10
 1.093E-07  2.36373320969321E-10
 1.108E-07  2.42841816570002E-10
 1.123E-07  2.49487326242828E-10
 1.139E-07  2.56314694073397E-10
 1.154E-07  2.63328896708091E-10
 1.170E-07  2.70535046981654E-10
 1.186E-07  2.77938397644062E-10
 1.202E-07  2.85544345189374E-10
 1.219E-07  2.93358433789285E-10
 1.235E-07  3.01386359334450E-10
 1.252E-07  3.09633973586326E-10
 1.269E-07  3.18107288442592E-10
 1.287E-07  3.26812480319410E-10
 1.304E-07  3.35755894653479E-10
 1.322E-07  3.44944050527365E-10
 1.340E-07  3.54383645421430E-10
 1.358E-07  3.64081560095703E-10
 1.377E-07  3.74044863605411E-10
 1.396E-07  3.84280818453769E-10
 1.415E-07  3.94796885885748E-10
 1.434E-07  4.05600731326714E-10
 1.454E-07  4.16700229969887E-10
 1.473E-07  4.28103472516744E-10
 1.494E-07  4.39818771074470E-10
 1.514E-07  4.51854665214796E-10
 1.535E-07  4.64219928198646E-10
 1.556E-07  4.76923573371154E-10
 1.577E-07  4.89974860731598E-10
 1.598E-07  5.03383303683251E-10
 1.620E-07  5.17158675967776E-10
 1.642E-07  5.31311018789530E-10
 1.665E-07  5.45850648134819E-10
 1.687E-07  5.60788162291304E-10
 1.710E-07  5.76134449573282E-10
 1.734E-07  5.91900696258421E-10
 1.757E-07  6.08098394741555E-10
 1.781E-07  6.24739351911727E-10
 1.806E-07  6.41835697758365E-10
 1.830E-07  6.59399894213106E-10
 1.855E-07  6.77444744233418E-10
 1.881E-07  6.95983401134852E-10
 1.906E-07  7.15029378178847E-10
 1.932E-07  7.34596558422536E-10
 1.959E-07  7.54699204838471E-10
 1.986E-07  7.75351970711033E-10
 2.013E-07  7.96569910317469E-10
 2.040E-07  8.18368489901175E-10
 2.068E-07  8.40763598945158E-10
 2.096E-07  8.63771561754217E-10
 2.125E-07  8.87409149353921E-10
 2.154E-07  9.11693591715157E-10
 2.183E-07  9.36642590313357E-10
 2.213E-07  9.62274331031359E-10
 2.243E-07  9.88607497415248E-10
 2.274E-07  1.01566128429303E-09
 2.305E-07  1.04345541176600E-09
 2.336E-07  1.07201013958300E-09
 2.368E-07  1.10134628190791E-09
 2.401E-07  1.13148522249141E-09
 2.433E-07  1.16244893025773E-09
 2.467E-07  1.19425997531806E-09
 2.500E-07  1.22694154542226E-09
 2.534E-07  1.26051746286052E-09
 2.569E-07  1.29501220182777E-09
 2.604E-07  1.33045090626299E-09
 2.640E-07  1.36685940817703E-09
 2.676E-07  1.40426424648184E-09
 2.712E-07  1.44269268633473E-09
 2.749E-07  1.48217273901228E-09
 2.787E-07  1.52273318232804E-09
 2.825E-07  1.56440358160879E-09
 2.863E-07  1.60721431124513E-09
 2.903E-07  1.65119657683137E-09
 2.942E-07  1.69638243791165E-09
 2.982E-07  1.74280483134835E-09
 3.023E-07  1.79049759532996E-09
 3.064E-07  1.83949549403592E-09
 3.106E-07  1.88983424297649E-09
 3.149E-07  1.94155053502594E-09
 3.192E-07  1.99468206716813E-09
 3.235E-07  2.04926756797424E-09
 3.279E-07  2.10534682583195E-09
 3.324E-07  2.16296071794747E-09
 3.369E-07  2.22215124014107E-09
 3.415E-07  2.28296153745811E-09
 3.462E-07  2.34543593561715E-09
 3.509E-07  2.40961997331973E-09
 3.557E-07  2.47556043544326E-09
 3.606E-07  2.54330538714251E-09
 3.655E-07  2.61290420888483E-09
 3.705E-07  2.68440763244295E-09
 3.756E-07  2.75786777787401E-09
 3.807E-07  2.83333819150979E-09
 3.859E-07  2.91087388498632E-09
 3.911E-07  2.99053137534200E-09
 3.965E-07  3.07236872621302E-09
 4.019E-07  3.15644559015566E-09
 4.074E-07  3.24282325212689E-09
 4.129E-07  3.33156467415501E-09
 4.186E-07  3.42273454123255E-09
 4.243E-07  3.51639930846461E-09
 4.301E-07  3.61262724950817E-09
 4.360E-07  3.71148850633626E-09
 4.419E-07  3.81305514036419E-09
 4.479E-07  3.91740118497488E-09
 4.541E-07  4.02460269948120E-09
 4.603E-07  4.13473782456527E-09
 4.665E-07  4.24788683923465E-09
 4.729E-07  4.36413221933713E-09
 4.794E-07  4.48355869767718E-09
 4.859E-07  4.60625332577650E-09
 4.926E-07  4.73230553732492E-09
 4.993E-07  4.86180721336896E-09
 5.061E-07  4.99485274928209E-09
 5.130E-07  5.13153912356849E-09
 5.200E-07  5.27196596855031E-09
 5.271E-07  5.41623564298838E-09
 5.343E-07  5.56445330668990E-09
 5.416E-07  5.71672699715872E-09
 5.490E-07  5.87316770834267E-09
 5.565E-07  6.03388947153379E-09
 5.641E-07  6.19900943848654E-09
 5.718E-07  6.36864796680713E-09
 5.796E-07  6.54292870767932E-09
 5.875E-07  6.72197869599372E-09
 5.955E-07  6.90592844293952E-09
 6.037E-07  7.09491203113334E-09
 6.119E-07  7.28906721234877E-09
 6.202E-07  7.48853550792153E-09
 6.287E-07  7.69346231190208E-09
 6.373E-07  7.90399699702887E-09
 6.460E-07  8.12029302360566E-09
 6.548E-07  8.34250805135327E-09
 6.638E-07  8.57080405432484E-09
 6.728E-07  8.80534743896639E-09
 6.820E-07  9.04630916540509E-09
 6.913E-07  9.29386487205856E-09
 7.008E-07  9.54819500365314E-09
 7.103E-07  9.80948494274643E-09
 7.200E-07  1.00779251448465E-08
 7.298E-07  1.03537112772304E-08
 7.398E-07  1.06370443615613E-08
 7.499E-07  1.09281309204059E-08
 7.602E-07  1.12271831277640E-08
 7.705E-07  1.15344189637152E-08
 7.811E-07  1.18500623732981E-08
 7.917E-07  1.21743434297371E-08
 8.025E-07  1.25074985021338E-08
 8.135E-07  1.28497704277502E-08
 8.246E-07  1.32014086890040E-08
 8.358E-07  1.35626695953067E-08
 8.473E-07  1.39338164698792E-08
 8.588E-07  1.43151198416791E-08
 8.705E-07  1.47068576425764E-08
 8.824E-07  1.51093154099299E-08
 8.945E-07  1.55227864947033E-08
 9.067E-07  1.59475722752757E-08
 9.191E-07  1.63839823771047E-08
 9.316E-07  1.68323348983998E-08
 9.443E-07  1.72929566419693E-08
 9.572E-07  1.77661833534122E-08
 9.703E-07  1.82523599658287E-08
 9.835E-07  1.87518408512254E-08
 9.970E-07  1.92649900787997E-08
 1.011E-06  1.97921816802922E-08
 1.024E-06  2.03337999226011E-08
 1.038E-06  2.08902395878532E-08
 1.053E-06  2.14619062611404E-08
 1.067E-06  2.20492166261299E-08
 1.081E-06  2.26525987687599E-08
 1.096E-06  2.32724924892510E-08
 1.111E-06  2.39093496226504E-08
 1.126E-06  2.45636343681470E-08
 1.142E-06  2.52358236274009E-08
 1.157E-06  2.59264073521258E-08
 1.173E-06  2.66358889011869E-08
 1.189E-06  2.73647854074675E-08
 1.205E-06  2.81136281547718E-08
 1.222E-06  2.88829629650452E-08
 1.239E-06  2.96733505961875E-08
 1.255E-06  3.04853671507516E-08
 1.273E-06  3.13196044958211E-08
 1.290E-06  3.21766706943853E-08
 1.308E-06  3.30571904485103E-08
 1.325E-06  3.39618055546355E-08
 1.344E-06  3.48911753713386E-08
 1.362E-06  3.58459772998847E-08
 1.380E-06  3.68269072779360E-08
 1.399E-06  3.78346802867612E-08
 1.418E-06  3.88700308723313E-08
 1.438E-06  3.99337136806710E-08
 1.457E-06  4.10265040078514E-08
 1.477E-06  4.21491983650439E-08
 1.497E-06  4.33026150590219E-08
 1.518E-06  4.44875947885589E-08
 1.539E-06  4.57050012571295E-08
 1.560E-06  4.69557218023915E-08
 1.581E-06  4.82406680428851E-08
 1.603E-06  4.95607765424102E-08
 1.624E-06  5.09170094926135E-08
 1.647E-06  5.23103554142351E-08
 1.669E-06  5.37418298775272E-08
 1.692E-06  5.52124762424127E-08
 1.715E-06  5.67233664188799E-08
 1.738E-06  5.82756016481758E-08
 1.762E-06  5.98703133053989E-08
 1.786E-06  6.15086637240224E-08
 1.811E-06  6.31918470429879E-08
 1.835E-06  6.49210900769876E-08
 1.860E-06  6.66976532105430E-08
 1.886E-06  6.85228313165544E-08
 1.911E-06  7.03979546999747E-08
 1.938E-06  7.23243900673070E-08
 1.964E-06  7.43035415226378E-08
 1.991E-06  7.63368515909049E-08
 2.018E-06  7.84258022691659E-08
 2.046E-06  8.05719161066490E-08
 2.073E-06  8.27767573143217E-08
 2.102E-06  8.50419329048418E-08
 2.130E-06  8.73690938636956E-08
 2.160E-06  8.97599363523617E-08
 2.189E-06  9.22162029444122E-08
 2.219E-06  9.47396838954202E-08
 2.249E-06  9.73322184476215E-08
 2.280E-06  9.99956961702604E-08
 2.311E-06  1.02732058336616E-07
 2.343E-06  1.05543299338706E-07
 2.375E-06  1.08431468140679E-07
 2.407E-06  1.11398669771981E-07
 2.440E-06  1.14447066861380E-07
 2.473E-06  1.17578881212954E-07
 2.507E-06  1.20796395425194E-07
 2.541E-06  1.24101954554399E-07
 2.576E-06  1.27497967823601E-07
 2.611E-06  1.30986910378215E-07
 2.647E-06  1.34571325089746E-07
 2.683E-06  1.38253824408822E-07
 2.719E-06  1.42037092268936E-07
 2.757E-06  1.45923886042283E-07
 2.794E-06  1.49917038549077E-07
 2.832E-06  1.54019460121839E-07
 2.871E-06  1.58234140726199E-07
 2.910E-06  1.62564152139680E-07
 2.950E-06  1.67012650190099E-07
 2.990E-06  1.71582877055218E-07
 3.031E-06  1.76278163625292E-07
 3.072E-06  1.81101931930261E-07
 3.114E-06  1.86057697633321E-07
 3.157E-06  1.91149072592750E-07
 3.200E-06  1.96379767493793E-07
 3.244E-06  2.01753594552541E-07
 3.288E-06  2.07274470293830E-07
 3.333E-06  2.12946418405023E-07
 3.378E-06  2.18773572667996E-07
 3.424E-06  2.24760179971274E-07
 3.471E-06  2.30910603404510E-07
 3.519E-06  2.37229325437728E-07
 3.567E-06  2.43720951187466E-07
 3.615E-06  2.50390211772256E-07
 3.665E-06  2.57241967759967E-07
 3.715E-06  2.64281212709399E-07
 3.765E-06  2.71513076808748E-07
 3.817E-06  2.78942830613638E-07
 3.869E-06  2.86575888887406E-07
 3.922E-06  2.94417814546420E-07
 3.975E-06  3.02474322713327E-07
 4.030E-06  3.10751284881179E-07
 4.085E-06  3.19254733191472E-07
 4.140E-06  3.27990864829228E-07
 4.197E-06  3.36966046538244E-07
 4.254E-06  3.46186819259872E-07
 4.312E-06  3.55659902898753E-07
 4.371E-06  3.65392201218869E-07
 4.431E-06  3.75390806873468E-07
 4.491E-06  3.85663006572672E-07
 4.553E-06  3.96216286392345E-07
 4.615E-06  4.07058337228244E-07
 4.678E-06  4.18197060399350E-07
 4.742E-06  4.29640573404428E-07
 4.806E-06  4.41397215836098E-07
 4.872E-06  4.53475555456595E-07
 4.938E-06  4.65884394439810E-07
 5.006E-06  4.78632775784023E-07
 5.074E-06  4.91729989899966E-07
 5.144E-06  5.05185581379262E-07
 5.214E-06  5.19009355947784E-07
 5.285E-06  5.33211387609291E-07
 5.357E-06  5.47802025984580E-07
 5.430E-06  5.62791903851146E-07
 5.504E-06  5.78191944889145E-07
 5.579E-06  5.94013371639290E-07
 5.656E-06  6.10267713678373E-07
 5.733E-06  6.26966816018271E-07
 5.811E-06  6.44122847734803E-07
 5.890E-06  6.61748310832534E-07
 5.971E-06  6.79856049352050E-07
 6.052E-06  6.98459258726307E-07
 6.135E-06  7.17571495392795E-07
 6.219E-06  7.37206686668678E-07
 6.304E-06  7.57379140896008E-07
 6.390E-06  7.78103557864371E-07
 6.477E-06  7.99395039518526E-07
 6.565E-06  8.21269100958993E-07
 6.655E-06  8.43741681743336E-07
 6.746E-06  8.66829157496589E-07
 6.838E-06  8.90548351839343E-07
 6.931E-06  9.14916548641682E-07
 7.026E-06  9.39951504612547E-07
 7.122E-06  9.65671462233289E-07
 7.219E-06  9.92095163044828E-07
 7.318E-06  1.01924186129816E-06
 7.418E-06  1.04713133797829E-06
 7.519E-06  1.07578391521164E-06
 7.622E-06  1.10522047106722E-06
 7.726E-06  1.13546245476274E-06
 7.831E-06  1.16653190228648E-06
 7.938E-06  1.19845145244640E-06
 8.046E-06  1.23124436335791E-06
 8.156E-06  1.26493452938257E-06
 8.268E-06  1.29954649853019E-06
 8.380E-06  1.33510549033631E-06
 8.495E-06  1.37163741422894E-06
 8.611E-06  1.40916888839714E-06
 8.728E-06  1.44772725917578E-06
 8.848E-06  1.48734062096030E-06
 8.968E-06  1.52803783666564E-06
 9.091E-06  1.56984855874499E-06
 9.215E-06  1.61280325078291E-06
 9.341E-06  1.65693320967909E-06
 9.468E-06  1.70227058843830E-06
 9.597E-06  1.74884841958369E-06
 9.729E-06  1.79670063921001E-06
 9.861E-06  1.84586211169455E-06
 9.996E-06  1.89636865508382E-06
 1.013E-05  1.94825706717363E-06
 1.027E-05  2.00156515230303E-06
 1.041E-05  2.05633174888000E-06
 1.055E-05  2.11259675766017E-06
 1.070E-05  2.17040117079813E-06
 1.084E-05  2.22978710169321E-06
 1.099E-05  2.29079781565135E-06
 1.114E-05  2.35347776138418E-06
 1.129E-05  2.41787260337051E-06
 1.145E-05  2.48402925510142E-06
 1.160E-05  2.55199591323437E-06
 1.176E-05  2.62182209268084E-06
 1.192E-05  2.69355866265357E-06
 1.209E-05  2.76725788369826E-06
 1.225E-05  2.84297344573784E-06
 1.242E-05  2.92076050715705E-06
 1.259E-05  3.00067573495402E-06
 1.276E-05  3.08277734599098E-06
 1.293E-05  3.16712514937107E-06
 1.311E-05  3.25378058997348E-06
 1.329E-05  3.34280679317954E-06
 1.347E-05  3.43426861081917E-06
 1.365E-05  3.52823266837516E-06
 1.384E-05  3.62476741347634E-06
 1.403E-05  3.72394316571531E-06
 1.422E-05  3.82583216782936E-06
 1.442E-05  3.93050863827887E-06
 1.461E-05  4.03804882526208E-06
 1.481E-05  4.14853106220721E-06
 1.501E-05  4.26203582478006E-06
 1.522E-05  4.37864578944907E-06
 1.543E-05  4.49844589365167E-06
 1.564E-05  4.62152339760380E-06
 1.585E-05  4.74796794779805E-06
 1.607E-05  4.87787164223769E-06
 1.629E-05  5.01132909745291E-06
 1.651E-05  5.14843751734693E-06
 1.673E-05  5.28929676392400E-06
 1.696E-05  5.43400942994960E-06
 1.719E-05  5.58268091359580E-06
 1.743E-05  5.73541949512551E-06
 1.767E-05  5.89233641567210E-06
 1.791E-05  6.05354595817073E-06
 1.815E-05  6.21916553049975E-06
 1.840E-05  6.38931575089563E-06
 1.865E-05  6.56412053569891E-06
 1.891E-05  6.74370718949698E-06
 1.916E-05  6.92820649772989E-06
 1.943E-05  7.11775282182655E-06
 1.969E-05  7.31248419693686E-06
 1.996E-05  7.51254243233476E-06
 2.023E-05  7.71807321456388E-06
 2.051E-05  7.92922621339863E-06
 2.079E-05  8.14615519070057E-06
 2.107E-05  8.36901811224702E-06
 2.136E-05  8.59797726261328E-06
 2.165E-05  8.83319936319189E-06
 2.195E-05  9.07485569343626E-06
 2.225E-05  9.32312221541367E-06
 2.255E-05  9.57817970175718E-06
 2.286E-05  9.84021386711652E-06
 2.317E-05  1.01094155031942E-05
 2.349E-05  1.03859806174678E-05
 2.381E-05  1.06701105757031E-05
 2.413E-05  1.09620122483546E-05
 2.446E-05  1.12618981609661E-05
 2.480E-05  1.15699866486740E-05
 2.514E-05  1.18865020149297E-05
 2.548E-05  1.22116746945564E-05
 2.583E-05  1.25457414212526E-05
 2.618E-05  1.28889453996724E-05
 2.654E-05  1.32415364822013E-05
 2.690E-05  1.36037713505527E-05
 2.727E-05  1.39759137023286E-05
 2.764E-05  1.43582344426642E-05
 2.802E-05  1.47510118811077E-05
 2.840E-05  1.51545319338714E-05
 2.879E-05  1.55690883316006E-05
 2.918E-05  1.59949828328143E-05
 2.958E-05  1.64325254431679E-05
 2.998E-05  1.68820346407015E-05
 3.039E-05  1.73438376072299E-05
 3.080E-05  1.78182704660504E-05
 3.123E-05  1.83056785261319E-05
 3.165E-05  1.88064165329672E-05
 3.208E-05  1.93208489262701E-05
 3.252E-05  1.98493501046991E-05
 3.297E-05  2.03923046978031E-05
 3.342E-05  2.09501078453891E-05
 3.387E-05  2.15231654845031E-05
 3.433E-05  2.21118946442416E-05
 3.480E-05  2.27167237486025E-05
 3.528E-05  2.33380929275974E-05
 3.576E-05  2.39764543368467E-05
 3.625E-05  2.46322724858840E-05
 3.674E-05  2.53060245754237E-05
 3.724E-05  2.59982008438171E-05
 3.775E-05  2.67093049229545E-05
 3.827E-05  2.74398542038724E-05
 3.879E-05  2.81903802123292E-05
 3.932E-05  2.89614289946173E-05
 3.986E-05  2.97535615138912E-05
 4.040E-05  3.05673540573017E-05
 4.095E-05  3.14033986542237E-05
 4.151E-05  3.22623035058845E-05
 4.208E-05  3.31446934267033E-05
 4.265E-05  3.40512102976517E-05
 4.324E-05  3.49825135319735E-05
 4.383E-05  3.59392805535961E-05
 4.442E-05  3.69222072885665E-05
 4.503E-05  3.79320086698935E-05
 4.565E-05  3.89694191561299E-05
 4.627E-05  4.00351932640862E-05
 4.690E-05  4.11301061160572E-05
 4.754E-05  4.22549540019533E-05
 4.819E-05  4.34105549567418E-05
 4.885E-05  4.45977493536136E-05
 4.951E-05  4.58174005133102E-05
 5.019E-05  4.70703953300346E-05
 5.088E-05  4.83576449144118E-05
 5.157E-05  4.96800852539512E-05
 5.227E-05  5.10386778914993E-05
 5.299E-05  5.24344106221488E-05
 5.371E-05  5.38682982091308E-05
 5.445E-05  5.53413831191942E-05
 5.519E-05  5.68547362779834E-05
 5.594E-05  5.84094578460005E-05
 5.671E-05  6.00066780156677E-05
 5.748E-05  6.16475578300719E-05
 5.826E-05  6.33332900240147E-05
 5.906E-05  6.50650998879162E-05
 5.987E-05  6.68442461552410E-05
 6.068E-05  6.86720219140589E-05
 6.151E-05  7.05497555433909E-05
 6.235E-05  7.24788116750445E-05
 6.320E-05  7.44605921815908E-05
 6.407E-05  7.64965371912106E-05
 6.494E-05  7.85881261301429E-05
 6.583E-05  8.07368787934739E-05
 6.673E-05  8.29443564450292E-05
 6.764E-05  8.52121629471822E-05
 6.856E-05  8.75419459213685E-05
 6.950E-05  8.99353979401185E-05
 7.045E-05  9.23942577515274E-05
 7.141E-05  9.49203115369783E-05
 7.238E-05  9.75153942030148E-05
 7.337E-05  1.00181390708369E-04
 7.437E-05  1.02920237426999E-04
 7.539E-05  1.05733923548141E-04
 7.642E-05  1.08624492514439E-04
 7.746E-05  1.11594043499087E-04
 7.852E-05  1.14644732923098E-04
 7.959E-05  1.17778776013769E-04
 8.068E-05  1.20998448405465E-04
 8.178E-05  1.24306087783847E-04
 8.289E-05  1.27704095574727E-04
 8.403E-05  1.31194938678790E-04
 8.517E-05  1.34781151253356E-04
 8.634E-05  1.38465336542502E-04
 8.751E-05  1.42250168756830E-04
 8.871E-05  1.46138395004251E-04
 8.992E-05  1.50132837273125E-04
 9.115E-05  1.54236394469171E-04
 9.239E-05  1.58452044507646E-04
 9.365E-05  1.62782846462232E-04
 9.493E-05  1.67231942772176E-04
 9.623E-05  1.71802561509277E-04
 9.754E-05  1.76498018706317E-04
 9.887E-05  1.81321720748575E-04
 1.002E-04  1.86277166830139E-04
 1.016E-04  1.91367951476819E-04
 1.030E-04  1.96597767137346E-04
 1.044E-04  2.01970406844761E-04
 1.058E-04  2.07489766949902E-04
 1.073E-04  2.13159849928912E-04
 1.087E-04  2.18984767266739E-04
 1.102E-04  2.24968742418665E-04
 1.117E-04  2.31116113852049E-04
 1.132E-04  2.37431338170358E-04
 1.148E-04  2.43918993321688E-04
 1.163E-04  2.50583781894165E-04
 1.179E-04  2.57430534500409E-04
 1.195E-04  2.64464213253541E-04
 1.212E-04  2.71689915337239E-04
 1.228E-04  2.79112876672231E-04
 1.245E-04  2.86738475681943E-04
 1.262E-04  2.94572237159911E-04
 1.279E-04  3.02619836241706E-04
 1.297E-04  3.10887102484140E-04
 1.314E-04  3.19380024054665E-04
 1.332E-04  3.28104752033948E-04
 1.351E-04  3.37067604834597E-04
 1.369E-04  3.46275072739151E-04
 1.388E-04  3.55733822560647E-04
 1.407E-04  3.65450702428870E-04
 1.426E-04  3.75432746705776E-04
 1.445E-04  3.85687181033558E-04
 1.465E-04  3.96221427518767E-04
 1.485E-04  4.07043110056311E-04
 1.505E-04  4.18160059796973E-04
 1.526E-04  4.29580320762272E-04
 1.547E-04  4.41312155610634E-04
 1.568E-04  4.53364051558970E-04
 1.589E-04  4.65744726463724E-04
 1.611E-04  4.78463135065684E-04
 1.633E-04  4.91528475402972E-04
 1.655E-04  5.04950195396607E-04
 1.678E-04  5.18737999613379E-04
 1.701E-04  5.32901856210635E-04
 1.724E-04  5.47452004067846E-04
 1.748E-04  5.62398960110083E-04
 1.771E-04  5.77753526828286E-04
 1.796E-04  5.93526800001754E-04
 1.820E-04  6.09730176628146E-04
 1.845E-04  6.26375363066490E-04
 1.870E-04  6.43474383398972E-04
 1.896E-04  6.61039588017263E-04
 1.922E-04  6.79083662439368E-04
 1.948E-04  6.97619636363011E-04
 1.974E-04  7.16660892961976E-04
 2.001E-04  7.36221178431947E-04
 2.029E-04  7.56314611792190E-04
 2.056E-04  7.76955694949932E-04
 2.084E-04  7.98159323034740E-04
 2.113E-04  8.19940795009532E-04
 2.142E-04  8.42315824565914E-04
 2.171E-04  8.65300551311332E-04
 2.201E-04  8.88911552255520E-04
 2.231E-04  9.13165853604495E-04
 2.261E-04  9.38080942870013E-04
 2.292E-04  9.63674781302806E-04
 2.323E-04  9.89965816658325E-04
 2.355E-04  1.01697299630366E-03
 2.387E-04  1.04471578067456E-03
 2.420E-04  1.07321415709187E-03
 2.453E-04  1.10248865394698E-03
 2.486E-04  1.13256035526579E-03
 2.520E-04  1.16345091566120E-03
 2.555E-04  1.19518257568452E-03
 2.589E-04  1.22777817758605E-03
 2.625E-04  1.26126118149579E-03
 2.661E-04  1.29565568203515E-03
 2.697E-04  1.33098642537116E-03
 2.734E-04  1.36727882672449E-03
 2.771E-04  1.40455898834355E-03
 2.809E-04  1.44285371795670E-03
 2.847E-04  1.48219054771491E-03
 2.886E-04  1.52259775363809E-03
 2.926E-04  1.56410437557793E-03
 2.965E-04  1.60674023771097E-03
 3.006E-04  1.65053596957552E-03
 3.047E-04  1.69552302766693E-03
 3.089E-04  1.74173371760550E-03
 3.131E-04  1.78920121689207E-03
 3.174E-04  1.83795959826653E-03
 3.217E-04  1.88804385368518E-03
 3.261E-04  1.93948991893272E-03
 3.305E-04  1.99233469888534E-03
 3.350E-04  2.04661609344234E-03
 3.396E-04  2.10237302414300E-03
 3.442E-04  2.15964546148663E-03
 3.489E-04  2.21847445297442E-03
 3.537E-04  2.27890215189126E-03
 3.585E-04  2.34097184684682E-03
 3.634E-04  2.40472799209577E-03
 3.684E-04  2.47021623865690E-03
 3.734E-04  2.53748346625192E-03
 3.785E-04  2.60657781608506E-03
 3.837E-04  2.67754872448516E-03
 3.889E-04  2.75044695743229E-03
 3.942E-04  2.82532464599175E-03
 3.996E-04  2.90223532267905E-03
 4.051E-04  2.98123395877894E-03
 4.106E-04  3.06237700264360E-03
 4.162E-04  3.14572241899537E-03
 4.219E-04  3.23132972925863E-03
 4.277E-04  3.31926005294813E-03
 4.335E-04  3.40957615014031E-03
 4.394E-04  3.50234246505516E-03
 4.454E-04  3.59762517077723E-03
 4.515E-04  3.69549221514446E-03
 4.577E-04  3.79601336783458E-03
 4.639E-04  3.89926026867983E-03
 4.702E-04  4.00530647724056E-03
 4.767E-04  4.11422752367000E-03
 4.832E-04  4.22610096090290E-03
 4.898E-04  4.34100641820137E-03
 4.965E-04  4.45902565609191E-03
 5.032E-04  4.58024262272907E-03
 5.101E-04  4.70474351172196E-03
 5.171E-04  4.83261682145959E-03
 5.241E-04  4.96395341597293E-03
 5.313E-04  5.09884658737289E-03
 5.385E-04  5.23739211990278E-03
 5.459E-04  5.37968835564620E-03
 5.533E-04  5.52583626193143E-03
 5.609E-04  5.67593950047481E-03
 5.686E-04  5.83010449830653E-03
 5.763E-04  5.98844052052223E-03
 5.842E-04  6.15105974490751E-03
 5.922E-04  6.31807733848003E-03
 6.002E-04  6.48961153599734E-03
 6.084E-04  6.66578372047966E-03
 6.167E-04  6.84671850579612E-03
 6.252E-04  7.03254382136628E-03
 6.337E-04  7.22339099902812E-03
 6.423E-04  7.41939486212634E-03
 6.511E-04  7.62069381687597E-03
 6.600E-04  7.82742994605457E-03
 6.690E-04  8.03974910508232E-03
 6.782E-04  8.25780102054801E-03
 6.874E-04  8.48173939123831E-03
 6.968E-04  8.71172199173365E-03
 7.063E-04  8.94791077863161E-03
 7.160E-04  9.19047199946117E-03
 7.257E-04  9.43957630435366E-03
 7.356E-04  9.69539886053619E-03
 7.457E-04  9.95811946971552E-03
 7.559E-04  1.02279226884218E-02
 7.662E-04  1.05049979513827E-02
 7.766E-04  1.07895396980012E-02
 7.872E-04  1.10817475020101E-02
 7.980E-04  1.13818262043782E-02
 8.089E-04  1.16899860495476E-02
 8.199E-04  1.20064428250779E-02
 8.311E-04  1.23314180047806E-02
 8.425E-04  1.26651388954241E-02
 8.540E-04  1.30078387870924E-02
 8.656E-04  1.33597571072857E-02
 8.774E-04  1.37211395788490E-02
 8.894E-04  1.40922383818155E-02
 9.016E-04  1.44733123192612E-02
 9.139E-04  1.48646269872573E-02
 9.264E-04  1.52664549490197E-02
 9.390E-04  1.56790759133515E-02
 9.518E-04  1.61027769174738E-02
 9.648E-04  1.65378525143497E-02
 9.780E-04  1.69846049646020E-02
 9.913E-04  1.74433444331273E-02
 1.005E-03  1.79143891905170E-02
 1.019E-03  1.83980658193904E-02
 1.032E-03  1.88947094257514E-02
 1.047E-03  1.94046638554819E-02
 1.061E-03  1.99282819160880E-02
 1.075E-03  2.04659256038127E-02
 1.090E-03  2.10179663362366E-02
 1.105E-03  2.15847851904887E-02
 1.120E-03  2.21667731471873E-02
 1.135E-03  2.27643313402403E-02
 1.151E-03  2.33778713126313E-02
 1.167E-03  2.40078152783215E-02
 1.182E-03  2.46545963903991E-02
 1.199E-03  2.53186590156138E-02
 1.215E-03  2.60004590154299E-02
 1.232E-03  2.67004640337384E-02
 1.248E-03  2.74191537913713E-02
 1.265E-03  2.81570203875595E-02
 1.283E-03  2.89145686084814E-02
 1.300E-03  2.96923162430510E-02
 1.318E-03  3.04907944060952E-02
 1.336E-03  3.13105478690759E-02
 1.354E-03  3.21521353985074E-02
 1.373E-03  3.30161301022310E-02
 1.391E-03  3.39031197837063E-02
 1.410E-03  3.48137073044775E-02
 1.430E-03  3.57485109549845E-02
 1.449E-03  3.67081648338805E-02
 1.469E-03  3.76933192360283E-02
 1.489E-03  3.87046410493452E-02
 1.509E-03  3.97428141606666E-02
 1.530E-03  4.08085398708099E-02
 1.551E-03  4.19025373190106E-02
 1.572E-03  4.30255439169092E-02
 1.593E-03  4.41783157922771E-02
 1.615E-03  4.53616282426553E-02
 1.637E-03  4.65762761990989E-02
 1.660E-03  4.78230747002087E-02
 1.682E-03  4.91028593766420E-02
 1.705E-03  5.04164869462902E-02
 1.729E-03  5.17648357203161E-02
 1.752E-03  5.31488061202470E-02
 1.776E-03  5.45693212063092E-02
 1.800E-03  5.60273272172116E-02
 1.825E-03  5.75237941215686E-02
 1.850E-03  5.90597161811575E-02
 1.875E-03  6.06361125262193E-02
 1.901E-03  6.22540277429924E-02
 1.927E-03  6.39145324736855E-02
 1.953E-03  6.56187240290918E-02
 1.980E-03  6.73677270140373E-02
 2.007E-03  6.91626939658769E-02
 2.034E-03  7.10048060062299E-02
 2.062E-03  7.28952735061601E-02
 2.090E-03  7.48353367650014E-02
 2.118E-03  7.68262667030280E-02
 2.147E-03  7.88693655681696E-02
 2.177E-03  8.09659676569669E-02
 2.206E-03  8.31174400499691E-02
 2.236E-03  8.53251833617636E-02
 2.267E-03  8.75906325058338E-02
 2.298E-03  8.99152574744352E-02
 2.329E-03  9.23005641336778E-02
 2.361E-03  9.47480950340023E-02
 2.393E-03  9.72594302362282E-02
 2.426E-03  9.98361881533568E-02
 2.459E-03  1.02480026408301E-01
 2.493E-03  1.05192642707716E-01
 2.527E-03  1.07975775732088E-01
 2.561E-03  1.10831206042248E-01
 2.596E-03  1.13760757002473E-01
 2.632E-03  1.16766295720295E-01
 2.668E-03  1.19849734003198E-01
 2.704E-03  1.23013029332298E-01
 2.741E-03  1.26258185853167E-01
 2.778E-03  1.29587255383891E-01
 2.816E-03  1.33002338440492E-01
 2.855E-03  1.36505585279800E-01
 2.894E-03  1.40099196959864E-01
 2.933E-03  1.43785426417993E-01
 2.973E-03  1.47566579566477E-01
 3.014E-03  1.51445016406049E-01
 3.055E-03  1.55423152157135E-01
 3.097E-03  1.59503458408899E-01
 3.139E-03  1.63688464286122E-01
 3.182E-03  1.67980757633873E-01
 3.225E-03  1.72382986219996E-01
 3.269E-03  1.76897858955337E-01
 3.314E-03  1.81528147131660E-01
 3.359E-03  1.86276685677202E-01
 3.405E-03  1.91146374429724E-01
 3.452E-03  1.96140179426973E-01
 3.499E-03  2.01261134214402E-01
 3.546E-03  2.06512341169964E-01
 3.595E-03  2.11896972845816E-01
 3.644E-03  2.17418273326687E-01
 3.694E-03  2.23079559604671E-01
 3.744E-03  2.28884222970174E-01
 3.795E-03  2.34835730418694E-01
 3.847E-03  2.40937626073100E-01
 3.900E-03  2.47193532621036E-01
 3.953E-03  2.53607152767025E-01
 4.007E-03  2.60182270698855E-01
 4.061E-03  2.66922753567718E-01
 4.117E-03  2.73832552981616E-01
 4.173E-03  2.80915706511435E-01
 4.230E-03  2.88176339209083E-01
 4.288E-03  2.95618665137032E-01
 4.346E-03  3.03246988908561E-01
 4.406E-03  3.11065707237919E-01
 4.466E-03  3.19079310499626E-01
 4.527E-03  3.27292384296029E-01
 4.589E-03  3.35709611032187E-01
 4.651E-03  3.44335771497119E-01
 4.715E-03  3.53175746450359E-01
 4.779E-03  3.62234518212719E-01
 4.844E-03  3.71517172260093E-01
 4.911E-03  3.81028898819038E-01
 4.978E-03  3.90774994462852E-01
 5.046E-03  4.00760863706736E-01
 5.114E-03  4.10992020600600E-01
 5.184E-03  4.21474090317947E-01
 5.255E-03  4.32212810739236E-01
 5.327E-03  4.43214034027994E-01
 5.400E-03  4.54483728197893E-01
 5.473E-03  4.66027978668903E-01
 5.548E-03  4.77852989810523E-01
 5.624E-03  4.89965086470041E-01
 5.700E-03  5.02370715483606E-01
 5.778E-03  5.15076447167858E-01
 5.857E-03  5.28088976789716E-01
 5.937E-03  5.41415126011807E-01
 6.018E-03  5.55061844310946E-01
 6.100E-03  5.69036210366920E-01
 6.184E-03  5.83345433418721E-01
 6.268E-03  5.97996854585265E-01
 6.354E-03  6.12997948147467E-01
 6.440E-03  6.28356322788458E-01
 6.528E-03  6.44079722788576E-01
 6.617E-03  6.60176029171573E-01
 6.708E-03  6.76653260798461E-01
 6.799E-03  6.93519575405124E-01
 6.892E-03  7.10783270579797E-01
 6.986E-03  7.28452784676281E-01
 7.082E-03  7.46536697658658E-01
 7.178E-03  7.65043731873050E-01
 7.276E-03  7.83982752741874E-01
 7.376E-03  8.03362769375825E-01
 7.476E-03  8.23192935098650E-01
 7.578E-03  8.43482547879634E-01
 7.682E-03  8.64241050668497E-01
 7.787E-03  8.85478031627265E-01
 7.893E-03  9.07203224253450E-01
 8.001E-03  9.29426507388709E-01
 8.110E-03  9.52157905106961E-01
 8.221E-03  9.75407586475743E-01
 8.333E-03  9.99185865184365E-01
 8.447E-03  1.02350319903228E+00
 8.562E-03  1.04837018927083E+00
 8.679E-03  1.07379757979133E+00
 8.798E-03  1.09979625615228E+00
 8.918E-03  1.12637724443826E+00
 9.039E-03  1.15355170994287E+00
 9.163E-03  1.18133095566780E+00
 9.288E-03  1.20972642063000E+00
 9.415E-03  1.23874967796871E+00
 9.543E-03  1.26841243284370E+00
 9.674E-03  1.29872652011621E+00
 9.806E-03  1.32970390180344E+00
 9.940E-03  1.36135666429766E+00
 1.008E-02  1.39369701534042E+00
 1.021E-02  1.42673728074245E+00
 1.035E-02  1.46048990083932E+00
 1.049E-02  1.49496742667309E+00
 1.064E-02  1.53018251588955E+00
 1.078E-02  1.56614792834095E+00
 1.093E-02  1.60287652138341E+00
 1.108E-02  1.64038124485842E+00
 1.123E-02  1.67867513574755E+00
 1.138E-02  1.71777131248907E+00
 1.154E-02  1.75768296894549E+00
 1.170E-02  1.79842336801044E+00
 1.186E-02  1.84000583484330E+00
 1.202E-02  1.88244374972013E+00
 1.218E-02  1.92575054048877E+00
 1.235E-02  1.96993967461645E+00
 1.252E-02  2.01502465081769E+00
 1.269E-02  2.06101899025063E+00
 1.286E-02  2.10793622726931E+00
 1.304E-02  2.15578989972001E+00
 1.321E-02  2.20459353876914E+00
 1.339E-02  2.25436065825069E+00
 1.358E-02  2.30510474352077E+00
 1.376E-02  2.35683923980715E+00
 1.395E-02  2.40957754004178E+00
 1.414E-02  2.46333297216400E+00
 1.433E-02  2.51811878588270E+00
 1.453E-02  2.57394813888563E+00
 1.473E-02  2.63083408248420E+00
 1.493E-02  2.68878954668239E+00
 1.513E-02  2.74782732465862E+00
 1.534E-02  2.80796005664987E+00
 1.555E-02  2.86920021322720E+00
 1.576E-02  2.93156007795288E+00
 1.598E-02  2.99505172940903E+00
 1.619E-02  3.05968702258872E+00
 1.642E-02  3.12547756964059E+00
 1.664E-02  3.19243471995874E+00
 1.687E-02  3.26056953961032E+00
 1.710E-02  3.32989279009375E+00
 1.733E-02  3.40041490642139E+00
 1.757E-02  3.47214597452106E+00
 1.781E-02  3.54509570795180E+00
 1.805E-02  3.61927342393016E+00
 1.830E-02  3.69468801866420E+00
 1.855E-02  3.77134794199332E+00
 1.880E-02  3.84926117133355E+00
 1.906E-02  3.92843518492861E+00
 1.932E-02  4.00887693440858E+00
 1.958E-02  4.09059281665944E+00
 1.985E-02  4.17358864500787E+00
 2.012E-02  4.25786961972748E+00
 2.039E-02  4.34344029787410E+00
 2.067E-02  4.43030456245933E+00
 2.095E-02  4.51846559097367E+00
 2.124E-02  4.60792582327188E+00
 2.153E-02  4.69868692883572E+00
 2.182E-02  4.79074977343084E+00
 2.212E-02  4.88411438517690E+00
 2.242E-02  4.97877992005238E+00
 2.273E-02  5.07474462685752E+00
 2.304E-02  5.17200581166167E+00
 2.335E-02  5.27055980176356E+00
 2.367E-02  5.37040190919586E+00
 2.400E-02  5.47152639380796E+00
 2.432E-02  5.57392642596390E+00
 2.466E-02  5.67759404889533E+00
 2.499E-02  5.78252014075219E+00
 2.533E-02  5.88869437639734E+00
 2.568E-02  5.99610518899429E+00
 2.603E-02  6.10473973144070E+00
 2.639E-02  6.21458383770374E+00
 2.675E-02  6.32562198411685E+00
 2.711E-02  6.43783725070129E+00
 2.748E-02  6.55121128257918E+00
 2.786E-02  6.66572425154908E+00
 2.824E-02  6.78135481789851E+00
 2.862E-02  6.89808009253209E+00
 2.901E-02  7.01587559949785E+00
 2.941E-02  7.13471523899840E+00
 2.981E-02  7.25457125097768E+00
 3.022E-02  7.37541417937834E+00
 3.063E-02  7.49721283716883E+00
 3.105E-02  7.61993427224358E+00
 3.147E-02  7.74354373430408E+00
 3.190E-02  7.86800464283246E+00
 3.234E-02  7.99327855627399E+00
 3.278E-02  8.11932514254871E+00
 3.323E-02  8.24610215101676E+00
 3.368E-02  8.37356538602618E+00
 3.414E-02  8.50166868217584E+00
 3.461E-02  8.63036388143038E+00
 3.508E-02  8.75960081222770E+00
 3.556E-02  8.88932727072365E+00
 3.604E-02  9.01948900432173E+00
 3.654E-02  9.15002969763964E+00
 3.703E-02  9.28089096106739E+00
 3.754E-02  9.41201232207496E+00
 3.805E-02  9.54333121943049E+00
 3.857E-02  9.67478300049229E+00
 3.910E-02  9.80630092174070E+00
 3.963E-02  9.93781615271753E+00
 4.017E-02  1.00692577835427E+01
 4.072E-02  1.02005528361791E+01
 4.128E-02  1.03316262796177E+01
 4.184E-02  1.04624010491546E+01
 4.241E-02  1.05927980699342E+01
 4.299E-02  1.07227362849291E+01
 4.358E-02  1.08521326875289E+01
 4.417E-02  1.09809023589071E+01
 4.478E-02  1.11089585103355E+01
 4.539E-02  1.12362125306095E+01
 4.601E-02  1.13625740387473E+01
 4.664E-02  1.14879509421213E+01
 4.727E-02  1.16122495001749E+01
 4.792E-02  1.17353743938722E+01
 4.857E-02  1.18572288010235E+01
 4.924E-02  1.19777144776214E+01
 4.991E-02  1.20967318453137E+01
 5.059E-02  1.22141800851337E+01
 5.128E-02  1.23299572375939E+01
 5.198E-02  1.24439603092453E+01
 5.269E-02  1.25560853857863E+01
 5.341E-02  1.26662277517972E+01
 5.414E-02  1.27742820171627E+01
 5.488E-02  1.28801422502270E+01
 5.563E-02  1.29837021177157E+01
 5.639E-02  1.30848550314376E+01
 5.716E-02  1.31834943017655E+01
 5.794E-02  1.32795132978736E+01
 5.873E-02  1.33728056146930E+01
 5.953E-02  1.34632652465217E+01
 6.034E-02  1.35507867672079E+01
 6.116E-02  1.36352655168002E+01
 6.200E-02  1.37165977945353E+01
 6.285E-02  1.37946810580085E+01
 6.370E-02  1.38694141283466E+01
 6.457E-02  1.39406974011776E+01
 6.546E-02  1.40084330631606E+01
 6.635E-02  1.40725253138141E+01
 6.725E-02  1.41328805923497E+01
 6.817E-02  1.41894078091883E+01
 6.910E-02  1.42420185818055E+01
 7.005E-02  1.42906274745216E+01
 7.100E-02  1.43351522418185E+01
 7.197E-02  1.43755140747352E+01
 7.296E-02  1.44116378498580E+01
 7.395E-02  1.44434523803936E+01
 7.496E-02  1.44708906687721E+01
 7.598E-02  1.44938901602036E+01
 7.702E-02  1.45123929965698E+01
 7.807E-02  1.45263462700056E+01
 7.914E-02  1.45357022754909E+01
 8.022E-02  1.45404187617403E+01
 8.132E-02  1.45404591796497E+01
 8.243E-02  1.45357929275252E+01
 8.355E-02  1.45263955922956E+01
 8.469E-02  1.45122491858754E+01
 8.585E-02  1.44933423758262E+01
 8.702E-02  1.44696707094325E+01
 8.821E-02  1.44412368302912E+01
 8.941E-02  1.44080506864895E+01
 9.063E-02  1.43701297294282E+01
 9.187E-02  1.43274991023329E+01
 9.312E-02  1.42801918174800E+01
 9.440E-02  1.42282489211558E+01
 9.568E-02  1.41717196453594E+01
 9.699E-02  1.41106615452558E+01
 9.831E-02  1.40451406213846E+01
 9.966E-02  1.39752314256364E+01
 1.010E-01  1.39010171500119E+01
 1.024E-01  1.38225896971945E+01
 1.038E-01  1.37400497319799E+01
 1.052E-01  1.36535067126304E+01
 1.066E-01  1.35630789012430E+01
 1.081E-01  1.34688933522536E+01
 1.096E-01  1.33710858782338E+01
 1.111E-01  1.32698009921761E+01
 1.126E-01  1.31651918255116E+01
 1.141E-01  1.30574200211510E+01
 1.157E-01  1.29466556009008E+01
 1.173E-01  1.28330768066632E+01
 1.189E-01  1.27168699148998E+01
 1.205E-01  1.25982290239078E+01
 1.221E-01  1.24773558135371E+01
 1.238E-01  1.23544592770587E+01
 1.255E-01  1.22297554249836E+01
 1.272E-01  1.21034669607218E+01
 1.289E-01  1.19758229280722E+01
 1.307E-01  1.18470583306324E+01
 1.325E-01  1.17174137233260E+01
 1.343E-01  1.15871347763538E+01
 1.361E-01  1.14564718119894E+01
 1.380E-01  1.13256793147566E+01
 1.399E-01  1.11950154156442E+01
 1.418E-01  1.10647413511353E+01
 1.437E-01  1.09351208979550E+01
 1.457E-01  1.08064197845582E+01
 1.477E-01  1.06789050805111E+01
 1.497E-01  1.05528445650393E+01
 1.517E-01  1.04285060761437E+01
 1.538E-01  1.03061568418058E+01
 1.559E-01  1.01860627949256E+01
 1.580E-01  1.00684878737541E+01
 1.602E-01  9.95369330969496E+00
 1.624E-01  9.84193690446354E+00
 1.646E-01  9.73347229869357E+00
 1.668E-01  9.62854823418416E+00
 1.691E-01  9.52740781207227E+00
 1.714E-01  9.43028774930242E+00
 1.738E-01  9.33741763584452E+00
 1.761E-01  9.24901919518083E+00
 1.785E-01  9.16530555064484E+00
 1.810E-01  9.08648050024675E+00
 1.834E-01  9.01273780266223E+00
 1.860E-01  8.94426047709261E+00
 1.885E-01  8.88122011972511E+00
 1.911E-01  8.82377623953104E+00
 1.937E-01  8.77207561613753E+00
 1.963E-01  8.72625168249397E+00
 1.990E-01  8.68642393502831E+00
 2.017E-01  8.65269737394986E+00
 2.045E-01  8.62516197630451E+00
 2.073E-01  8.60389220432556E+00
 2.101E-01  8.58894655154806E+00
 2.130E-01  8.58036712906754E+00
 2.159E-01  8.57817929422480E+00
 2.188E-01  8.58239132388721E+00
 2.218E-01  8.59299413437506E+00
 2.248E-01  8.60996104994710E+00
 2.279E-01  8.63324762161541E+00
 2.310E-01  8.66279149790397E+00
 2.342E-01  8.69851234900060E+00
 2.374E-01  8.74031184557648E+00
 2.406E-01  8.78807369336387E+00
 2.439E-01  8.84166372438974E+00
 2.472E-01  8.90093004556289E+00
 2.506E-01  8.96570324510411E+00
 2.540E-01  9.03579665709505E+00
 2.575E-01  9.11100668420159E+00
 2.610E-01  9.19111317840277E+00
 2.646E-01  9.27587987932805E+00
 2.682E-01  9.36505490957417E+00
 2.718E-01  9.45837132613956E+00
 2.755E-01  9.55554772688044E+00
 2.793E-01  9.65628891065869E+00
 2.831E-01  9.76028658961980E+00
 2.870E-01  9.86722015180898E+00
 2.909E-01  9.97675747210872E+00
 2.949E-01  1.00885557692594E+01
 2.989E-01  1.02022625065114E+01
 3.030E-01  1.03175163332493E+01
 3.071E-01  1.04339480647314E+01
 3.113E-01  1.05511816968994E+01
 3.156E-01  1.06688354530350E+01
 3.199E-01  1.07865228588766E+01
 3.242E-01  1.09038538426548E+01
 3.287E-01  1.10204358563692E+01
 3.331E-01  1.11358750145049E+01
 3.377E-01  1.12497772462780E+01
 3.423E-01  1.13617494574103E+01
 3.470E-01  1.14714006973573E+01
 3.517E-01  1.15783433278563E+01
 3.565E-01  1.16821941886236E+01
 3.614E-01  1.17825757560073E+01
 3.663E-01  1.18791172903993E+01
 3.713E-01  1.19714559682278E+01
 3.764E-01  1.20592379943821E+01
 3.815E-01  1.21421196909770E+01
 3.867E-01  1.22197685584331E+01
 3.920E-01  1.22918643049367E+01
 3.974E-01  1.23580998404495E+01
 4.028E-01  1.24181822315602E+01
 4.083E-01  1.24718336136082E+01
 4.139E-01  1.25187920566628E+01
 4.195E-01  1.25588123821131E+01
 4.252E-01  1.25916669268011E+01
 4.311E-01  1.26171462518323E+01
 4.369E-01  1.26350597934009E+01
 4.429E-01  1.26452364531892E+01
 4.489E-01  1.26475251261281E+01
 4.551E-01  1.26417951635444E+01
 4.613E-01  1.26279367699662E+01
 4.676E-01  1.26058613321125E+01
 4.740E-01  1.25755016788484E+01
 4.804E-01  1.25368122711537E+01
 4.870E-01  1.24897693214179E+01
 4.936E-01  1.24343708416417E+01
 5.004E-01  1.23706366203988E+01
 5.072E-01  1.22986081286764E+01
 5.141E-01  1.22183483549855E+01
 5.212E-01  1.21299415703961E+01
 5.283E-01  1.20334930244149E+01
 5.355E-01  1.19291285728821E+01
 5.428E-01  1.18169942393162E+01
 5.502E-01  1.16972557113823E+01
 5.577E-01  1.15700977743981E+01
 5.653E-01  1.14357236840218E+01
 5.731E-01  1.12943544804897E+01
 5.809E-01  1.11462282469797E+01
 5.888E-01  1.09915993148821E+01
 5.969E-01  1.08307374189453E+01
 6.050E-01  1.06639268054432E+01
 6.133E-01  1.04914652966788E+01
 6.216E-01  1.03136633152869E+01
 6.301E-01  1.01308428719409E+01
 6.387E-01  9.94333652019517E+00
 6.474E-01  9.75148628230083E+00
 6.563E-01  9.55564254993673E+00
 6.652E-01  9.35616296387366E+00
 6.743E-01  9.15341127666157E+00
 6.835E-01  8.94775620248063E+00
 6.929E-01  8.73957025833541E+00
 7.023E-01  8.52922860079455E+00
 7.119E-01  8.31710786248598E+00
 7.216E-01  8.10358499255101E+00
 7.315E-01  7.88903610523865E+00
 7.415E-01  7.67383534078479E+00
 7.516E-01  7.45835374266942E+00
 7.618E-01  7.24295815527877E+00
 7.723E-01  7.02801014591885E+00
 7.828E-01  6.81386495503140E+00
 7.935E-01  6.60087047835404E+00
 8.043E-01  6.38936628464277E+00
 8.153E-01  6.17968267243730E+00
 8.264E-01  5.97213976919817E+00
 8.377E-01  5.76704667597963E+00
 8.491E-01  5.56470066062316E+00
 8.607E-01  5.36538640226505E+00
 8.725E-01  5.16937528974588E+00
 8.844E-01  4.97692477629226E+00
 8.965E-01  4.78827779261099E+00
 9.087E-01  4.60366222029333E+00
 9.211E-01  4.42329042717344E+00
 9.337E-01  4.24735886602037E+00
 9.464E-01  4.07604773766771E+00
 9.594E-01  3.90952071940040E+00
 9.725E-01  3.74792475912520E+00
 9.857E-01  3.59138993555006E+00
 9.992E-01  3.44002938429058E+00
 1.013E+00  3.29393928950943E+00
 1.027E+00  3.15319894037870E+00
 1.041E+00  3.01787085133752E+00
 1.055E+00  2.88800094479996E+00
 1.069E+00  2.76361879465280E+00
 1.084E+00  2.64473792857248E+00
 1.099E+00  2.53135618688681E+00
 1.114E+00  2.42345613541357E+00
 1.129E+00  2.32100552942731E+00
 1.144E+00  2.22395782564076E+00
 1.160E+00  2.13225273884123E+00
 1.176E+00  2.04581683959912E+00
 1.192E+00  1.96456418926732E+00
 1.208E+00  1.88839700832187E+00
 1.225E+00  1.81720637395658E+00
 1.241E+00  1.75087294274259E+00
 1.258E+00  1.68926769409840E+00
 1.275E+00  1.63225269029041E+00
 1.293E+00  1.57968184869771E+00
 1.310E+00  1.53140172213060E+00
 1.328E+00  1.48725228308661E+00
 1.347E+00  1.44706770796198E+00
 1.365E+00  1.41067715740539E+00
 1.384E+00  1.37790554920252E+00
 1.402E+00  1.34857432030871E+00
 1.422E+00  1.32250217489777E+00
 1.441E+00  1.29950581556213E+00
 1.461E+00  1.27940065507533E+00
 1.481E+00  1.26200150640815E+00
 1.501E+00  1.24712324896609E+00
 1.521E+00  1.23458146928507E+00
 1.542E+00  1.22419307467808E+00
 1.563E+00  1.21577687856523E+00
 1.584E+00  1.20915415644078E+00
 1.606E+00  1.20414917163100E+00
 1.628E+00  1.20058967017730E+00
 1.650E+00  1.19830734433867E+00
 1.673E+00  1.19713826434914E+00
 1.696E+00  1.19692327819033E+00
 1.719E+00  1.19750837924869E+00
 1.742E+00  1.19874504182498E+00
 1.766E+00  1.20049052455081E+00
 1.790E+00  1.20260814184722E+00
 1.815E+00  1.20496750363491E+00
 1.839E+00  1.20744472357661E+00
 1.864E+00  1.20992259620072E+00
 1.890E+00  1.21229074332302E+00
 1.916E+00  1.21444573025069E+00
 1.942E+00  1.21629115232059E+00
 1.968E+00  1.21773769239206E+00
 1.995E+00  1.21870314998331E+00
 2.022E+00  1.21911244280967E+00
 2.050E+00  1.21889758155137E+00
 2.078E+00  1.21799761874694E+00
 2.106E+00  1.21635857277669E+00
 2.135E+00  1.21393332796628E+00
 2.164E+00  1.21068151190480E+00
 2.194E+00  1.20656935113243E+00
 2.224E+00  1.20156950641034E+00
 2.254E+00  1.19566088883881E+00
 2.285E+00  1.18882845813777E+00
 2.316E+00  1.18106300444758E+00
 2.348E+00  1.17236091504519E+00
 2.380E+00  1.16272392740232E+00
 2.412E+00  1.15215887003728E+00
 2.445E+00  1.14067739263040E+00
 2.479E+00  1.12829568688453E+00
 2.513E+00  1.11503419961634E+00
 2.547E+00  1.10091733956177E+00
 2.582E+00  1.08597317936936E+00
 2.617E+00  1.07023315423845E+00
 2.653E+00  1.05373175863619E+00
 2.689E+00  1.03650624249716E+00
 2.725E+00  1.01859630827315E+00
 2.763E+00  1.00004381015820E+00
 2.800E+00  9.80892456765889E-01
 2.839E+00  9.61187518482341E-01
 2.877E+00  9.40975540659664E-01
 2.917E+00  9.20304063751607E-01
 2.956E+00  8.99221351425713E-01
 2.997E+00  8.77776127615335E-01
 3.038E+00  8.56017323400582E-01
 3.079E+00  8.33993834530267E-01
 3.121E+00  8.11754290317650E-01
 3.164E+00  7.89346834561699E-01
 3.207E+00  7.66818919063257E-01
 3.251E+00  7.44217110222244E-01
 3.295E+00  7.21586909118578E-01
 3.340E+00  6.98972585396077E-01
 3.386E+00  6.76417025185758E-01
 3.432E+00  6.53961593223215E-01
 3.479E+00  6.31646009234417E-01
 3.526E+00  6.09508238585887E-01
 3.575E+00  5.87584397119030E-01
 3.623E+00  5.65908670014984E-01
 3.673E+00  5.44513244465922E-01
 3.723E+00  5.23428255861709E-01
 3.774E+00  5.02681747137483E-01
 3.825E+00  4.82299640868458E-01
 3.878E+00  4.62305723643130E-01
 3.930E+00  4.42721642195650E-01
 3.984E+00  4.23566910732253E-01
 4.039E+00  4.04858928845882E-01
 4.094E+00  3.86613009377314E-01
 4.150E+00  3.68842415550583E-01
 4.206E+00  3.51558406685214E-01
 4.264E+00  3.34770291767883E-01
 4.322E+00  3.18485490151538E-01
 4.381E+00  3.02709598640832E-01
 4.441E+00  2.87446464218729E-01
 4.501E+00  2.72698261670404E-01
 4.563E+00  2.58465575366824E-01
 4.625E+00  2.44747484481482E-01
 4.688E+00  2.31541650929533E-01
 4.752E+00  2.18844409338712E-01
 4.817E+00  2.06650858385646E-01
 4.883E+00  1.94954952859247E-01
 4.950E+00  1.83749595844271E-01
 5.017E+00  1.73026730452722E-01
 5.086E+00  1.62777430567948E-01
 5.155E+00  1.52991990105748E-01
 5.225E+00  1.43660010338098E-01
 5.297E+00  1.34770484867825E-01
 5.369E+00  1.26311881886179E-01
 5.442E+00  1.18272223389483E-01
 5.517E+00  1.10639161075264E-01
 5.592E+00  1.03400048682317E-01
 5.668E+00  9.65420105823164E-02
 5.746E+00  9.00520064727489E-02
 5.824E+00  8.39168920616396E-02
 5.904E+00  7.81234756734174E-02
 5.984E+00  7.26585707421064E-02
 6.066E+00  6.75090441925258E-02
 6.149E+00  6.26618607421280E-02
 6.233E+00  5.81041231853440E-02
 6.318E+00  5.38231087486719E-02
 6.404E+00  4.98063016281788E-02
 6.491E+00  4.60414218415067E-02
 6.580E+00  4.25164505438897E-02
 6.670E+00  3.92196519721184E-02
 6.761E+00  3.61395921919235E-02
 6.853E+00  3.32651548329251E-02
 6.947E+00  3.05855540013130E-02
 7.042E+00  2.80903445639076E-02
 7.138E+00  2.57694299983888E-02
 7.235E+00  2.36130680034688E-02
 7.334E+00  2.16118740598496E-02
 7.434E+00  1.97568231281583E-02
 7.536E+00  1.80392496639457E-02
 7.639E+00  1.64508461224819E-02
 7.743E+00  1.49836601177303E-02
 7.849E+00  1.36300903907560E-02
 7.956E+00  1.23828817331328E-02
 8.064E+00  1.12351190008715E-02
 8.174E+00  1.01802203441960E-02
 8.286E+00  9.21192976828165E-03
 8.399E+00  8.32430913003622E-03
 8.514E+00  7.51172966626224E-03
 8.630E+00  6.76886313920336E-03
 8.748E+00  6.09067267663914E-03
 8.867E+00  5.47240337542420E-03
 8.988E+00  4.90957272971735E-03
 9.111E+00  4.39796093814700E-03
 9.235E+00  3.93360113782314E-03
 9.362E+00  3.51276960743173E-03
 9.489E+00  3.13197597661678E-03
 9.619E+00  2.78795347443994E-03
 9.750E+00  2.47764924587380E-03
 9.883E+00  2.19821476197025E-03
 1.002E+01  1.94699634651447E-03
 1.016E+01  1.72152583956369E-03
 1.029E+01  1.51951141622001E-03
 1.043E+01  1.33882857724070E-03
 1.058E+01  1.17751132659098E-03
 1.072E+01  1.03374354974034E-03
 1.087E+01  9.05850605343618E-04
 1.102E+01  7.92291141889461E-04
 1.117E+01  6.91649149901365E-04
 1.132E+01  6.02626259309125E-04
 1.147E+01  5.24034290646030E-04
 1.163E+01  4.54788067744947E-04
 1.179E+01  3.93898498596831E-04
 1.195E+01  3.40465929987398E-04
 1.211E+01  2.93673780439109E-04
 1.228E+01  2.52782454858474E-04
 1.245E+01  2.17123543128820E-04
 1.262E+01  1.86094303705338E-04
 1.279E+01  1.59152432073832E-04
 1.296E+01  1.35811112740781E-04
 1.314E+01  1.15634352244872E-04
 1.332E+01  9.82325895322007E-05
 1.350E+01  8.32585789354322E-05
 1.368E+01  7.04035399543189E-05
 1.387E+01  5.93935670635377E-05
 1.406E+01  4.99862918851735E-05
 1.425E+01  4.19677892664635E-05
 1.445E+01  3.51497181059547E-05
 1.464E+01  2.93666871781389E-05
 1.484E+01  2.44738357211920E-05
 1.505E+01  2.03446181750329E-05
 1.525E+01  1.68687821872849E-05
 1.546E+01  1.39505288396845E-05
 1.567E+01  1.15068439826929E-05
 1.589E+01  9.46598959571198E-06
 1.610E+01  7.76614420743639E-06
 1.632E+01  6.35418160763936E-06
 1.655E+01  5.18457734934427E-06
 1.677E+01  4.21843287010828E-06
 1.700E+01  3.42260744370508E-06
 1.723E+01  2.76894859963280E-06
 1.747E+01  2.23361210860181E-06
 1.771E+01  1.79646311867834E-06
 1.795E+01  1.44055053098588E-06
 1.819E+01  1.15164721811623E-06
 1.844E+01  9.17849205646229E-07
 1.869E+01  7.29227451209161E-07
 1.895E+01  5.77526361530580E-07
 1.921E+01  4.55907598381470E-07
 1.947E+01  3.58751821962805E-07
 1.974E+01  2.81390281287266E-07
 2.000E+01  2.19990012672190E-07
 2.028E+01  1.71418089880207E-07
 2.055E+01  1.33122294785094E-07
 2.084E+01  1.03030487167291E-07
 2.112E+01  7.94660437887772E-08
 2.141E+01  6.10770546664496E-08
 2.170E+01  4.67772525618487E-08
 2.200E+01  3.56969112810259E-08
 2.230E+01  2.71421811081101E-08
 2.260E+01  2.05615373160336E-08
 2.291E+01  1.55182020030693E-08
 2.322E+01  1.16675623106192E-08
 2.354E+01  8.73875119312743E-09
 2.386E+01  6.51968210647485E-09
 2.419E+01  4.84493797111205E-09
 2.452E+01  3.58600919044955E-09
 2.485E+01  2.64345691604668E-09
 2.519E+01  1.94064760416311E-09
 2.554E+01  1.41876455516495E-09
 2.588E+01  1.03285281330968E-09
 2.624E+01  7.48696667261449E-10
 2.660E+01  5.40365062743742E-10
 2.696E+01  3.88290446202268E-10
 2.733E+01  2.77771731493439E-10
 2.770E+01  1.97812956179569E-10
 2.808E+01  1.40226418329706E-10
 2.846E+01  9.89432263027273E-11
 2.885E+01  6.94857463395043E-11
 2.924E+01  4.85658223220377E-11
 2.964E+01  3.37802348550885E-11
 3.005E+01  2.33809752122339E-11
 3.046E+01  1.61027984546269E-11
 3.087E+01  1.10344122803566E-11
 3.130E+01  7.52274071336863E-12
 3.172E+01  5.10213006609322E-12
 3.216E+01  3.44226730107320E-12
 3.259E+01  2.31006368007685E-12
 3.304E+01  1.54190578412302E-12
 3.349E+01  1.02356173479838E-12
 3.395E+01  6.75709329683515E-13
 3.441E+01  4.43570200183515E-13
 3.488E+01  2.89526173414881E-13
 3.536E+01  1.87889413690124E-13
 3.584E+01  1.21219176291197E-13
 3.633E+01  7.77427565403381E-14
 3.683E+01  4.95601608300313E-14
 3.733E+01  3.14017415438268E-14
 3.784E+01  1.97736398411212E-14
 3.835E+01  1.23735542290283E-14
 3.888E+01  7.69378197639216E-15
 3.941E+01  4.75318741915637E-15
 3.995E+01  2.91736811855381E-15
 4.049E+01  1.77877005369042E-15
 4.104E+01  1.07728644097317E-15
 4.161E+01  6.48015474275386E-16
 4.217E+01  3.87116614750074E-16
 4.275E+01  2.29646277942813E-16
 4.333E+01  1.35268461842781E-16
 4.392E+01  7.91063020233706E-17
 4.452E+01  4.59261830478240E-17
 4.513E+01  2.64667890636366E-17
 4.575E+01  1.51387612417808E-17
 4.637E+01  8.59377520947950E-18
 4.701E+01  4.84104140375401E-18
 4.765E+01  2.70590314765257E-18
 4.830E+01  1.50059685685161E-18
 4.896E+01  8.25578834307789E-19
 4.963E+01  4.50577731741685E-19
 5.030E+01  2.43944102878049E-19
 5.099E+01  1.31023784614557E-19
 5.169E+01  6.98315469025030E-20
 5.239E+01  3.69522174866995E-20
 5.311E+01  1.94377000136995E-20
 5.383E+01  1.01894654828227E-20
 5.457E+01  5.34988748837181E-21
 5.531E+01  2.84138560688582E-21
 5.607E+01  0.00000000000000E+00
 5.683E+01  0.00000000000000E+00
 5.761E+01  0.00000000000000E+00
 5.839E+01  0.00000000000000E+00
 5.919E+01  0.00000000000000E+00
 6.000E+01  0.00000000000000E+00
