line2: Z,NR,R(1),R(NR) /line3,4,...: R(N),RHO*4*PI*R(N)**2
71.00  2000  1.01365245284744E-10  6.00000000000000E+01
 1.014E-10  6.91403981723480E-12
 1.027E-10  7.07629417420036E-12
 1.042E-10  7.24235621493348E-12
 1.056E-10  8.68546754511520E-12
 1.070E-10  8.88929265882902E-12
 1.085E-10  9.09790101296541E-12
 1.100E-10  9.31140485711688E-12
 1.115E-10  9.52991907581975E-12
 1.130E-10  9.75356124933639E-12
 1.145E-10  9.98245171730694E-12
 1.161E-10  1.02167136434168E-11
 1.177E-10  1.04564730816801E-11
 1.193E-10  1.07018590442670E-11
 1.209E-10  1.09530035709258E-11
 1.226E-10  1.12100418000290E-11
 1.242E-10  1.14731120412931E-11
 1.259E-10  1.17423558502002E-11
 1.276E-10  1.20179181041667E-11
 1.294E-10  1.22999470805028E-11
 1.312E-10  1.25885945361963E-11
 1.329E-10  1.28840157895738E-11
 1.348E-10  1.31863698038745E-11
 1.366E-10  1.34958192727877E-11
 1.385E-10  1.38125307079958E-11
 1.404E-10  1.41366745287726E-11
 1.423E-10  1.44684251536852E-11
 1.442E-10  1.48079610944458E-11
 1.462E-10  1.51554650519682E-11
 1.482E-10  1.55111240146755E-11
 1.502E-10  1.58751293591195E-11
 1.523E-10  1.62476769529553E-11
 1.543E-10  1.66289672603384E-11
 1.564E-10  1.70192054497907E-11
 1.586E-10  1.74186015046001E-11
 1.607E-10  1.78273703358122E-11
 1.629E-10  1.82457318978681E-11
 1.652E-10  1.86739113069630E-11
 1.674E-10  1.91121389621775E-11
 1.697E-10  1.95606506694523E-11
 1.720E-10  2.00196877684754E-11
 1.744E-10  2.04894972625440E-11
 1.767E-10  2.09703319514711E-11
 1.792E-10  2.14624505676195E-11
 1.816E-10  2.19661179151192E-11
 1.841E-10  2.24816050123578E-11
 1.866E-10  2.30091892378127E-11
 1.891E-10  2.35491544793050E-11
 1.917E-10  2.41017912867582E-11
 1.943E-10  2.46673970285377E-11
 1.970E-10  2.52462760514625E-11
 1.997E-10  2.58387398445740E-11
 2.024E-10  2.64451072067421E-11
 2.052E-10  2.70657044182079E-11
 2.080E-10  2.77008654161523E-11
 2.108E-10  2.83509319743852E-11
 2.137E-10  2.90162538872497E-11
 2.166E-10  2.96971891578423E-11
 2.196E-10  3.03941041906522E-11
 2.226E-10  3.11073739887182E-11
 2.256E-10  3.18373823554154E-11
 2.287E-10  3.25845221009786E-11
 2.318E-10  3.33491952538622E-11
 2.350E-10  3.41318132770716E-11
 2.382E-10  3.49327972895725E-11
 2.414E-10  3.57525782928815E-11
 2.447E-10  3.65915974029904E-11
 2.481E-10  3.74503060877253E-11
 2.515E-10  3.83291664096735E-11
 2.549E-10  3.92286512748178E-11
 2.584E-10  4.01492446870006E-11
 2.619E-10  4.10914420083646E-11
 2.655E-10  4.20557502258988E-11
 2.691E-10  4.30426882242435E-11
 2.728E-10  4.40527870649004E-11
 2.765E-10  4.50865902719879E-11
 2.803E-10  4.61446541247059E-11
 2.841E-10  4.72275479566655E-11
 2.880E-10  4.83358544622432E-11
 2.919E-10  4.94701700101203E-11
 2.959E-10  5.06311049641810E-11
 2.999E-10  5.18192840119474E-11
 3.040E-10  5.30353465007180E-11
 3.082E-10  5.42799467815895E-11
 3.124E-10  5.55537545615587E-11
 3.166E-10  5.68574552638885E-11
 3.210E-10  5.81917503969216E-11
 3.253E-10  5.95573579315563E-11
 3.298E-10  6.09550126875847E-11
 3.343E-10  6.23854667290838E-11
 3.389E-10  6.38494897690986E-11
 3.435E-10  6.53478695838193E-11
 3.482E-10  6.68814124364687E-11
 3.529E-10  6.84509435111504E-11
 3.577E-10  7.00573073568675E-11
 3.626E-10  7.17013683419708E-11
 3.676E-10  7.33840111192604E-11
 3.726E-10  7.51061411020157E-11
 3.777E-10  7.68686849511867E-11
 3.828E-10  7.86725910740133E-11
 3.881E-10  8.05188301343637E-11
 3.934E-10  8.24083955750381E-11
 3.987E-10  8.43423041523265E-11
 4.042E-10  8.63215964831123E-11
 4.097E-10  8.83473376048220E-11
 4.153E-10  9.04206175485108E-11
 4.210E-10  9.25425519253990E-11
 4.267E-10  9.47142825271679E-11
 4.325E-10  9.69369779403499E-11
 4.384E-10  9.92118341751235E-11
 4.444E-10  1.01540075308887E-10
 4.505E-10  1.03922954144916E-10
 4.566E-10  1.06361752886486E-10
 4.629E-10  1.08857783826809E-10
 4.692E-10  1.11412390055167E-10
 4.756E-10  1.14026946179622E-10
 4.821E-10  1.16702859066664E-10
 4.887E-10  1.19441568598248E-10
 4.953E-10  1.22244548446567E-10
 5.021E-10  1.25113306867025E-10
 5.090E-10  1.28049387509811E-10
 5.159E-10  1.31054370250539E-10
 5.230E-10  1.34129872040328E-10
 5.301E-10  1.37277547775894E-10
 5.373E-10  1.40499091190038E-10
 5.447E-10  1.43796235763002E-10
 5.521E-10  1.47170755655261E-10
 5.596E-10  1.50624466662156E-10
 5.673E-10  1.54159227190977E-10
 5.750E-10  1.57776939260944E-10
 5.829E-10  1.61479549526666E-10
 5.908E-10  1.65269050325610E-10
 5.989E-10  1.69147480750166E-10
 6.071E-10  1.73116927744865E-10
 6.154E-10  1.77179527229321E-10
 6.238E-10  1.81337465247572E-10
 6.323E-10  1.85592979144366E-10
 6.409E-10  1.89948358769025E-10
 6.497E-10  1.94405947707628E-10
 6.585E-10  1.98968144544051E-10
 6.675E-10  2.03637404150618E-10
 6.766E-10  2.08416239009057E-10
 6.859E-10  2.13307220562403E-10
 6.952E-10  2.18312980598728E-10
 7.047E-10  2.23436212667227E-10
 7.144E-10  2.28679673527611E-10
 7.241E-10  2.34046184633485E-10
 7.340E-10  2.39538633650537E-10
 7.440E-10  2.45159976010391E-10
 7.542E-10  2.50913236500860E-10
 7.645E-10  2.56801510893559E-10
 7.749E-10  2.62827967609726E-10
 7.855E-10  2.68995849425099E-10
 7.962E-10  2.75308475214840E-10
 8.071E-10  2.81769241739368E-10
 8.181E-10  2.88381625472122E-10
 8.293E-10  2.95149184470226E-10
 8.406E-10  3.02075560289039E-10
 8.521E-10  3.09164479941642E-10
 8.637E-10  3.16419757904294E-10
 8.755E-10  3.23845298168984E-10
 8.874E-10  3.31445096344091E-10
 8.996E-10  3.39223241804417E-10
 9.118E-10  3.47183919891634E-10
 9.243E-10  3.55331414166337E-10
 9.369E-10  3.63670108713034E-10
 9.497E-10  3.72204490499137E-10
 9.627E-10  3.80939151789374E-10
 9.758E-10  3.89878792616834E-10
 9.891E-10  3.99028223311993E-10
 1.003E-09  4.08392367091122E-10
 1.016E-09  4.17976262705421E-10
 1.030E-09  4.27785067152314E-10
 1.044E-09  4.37824058450336E-10
 1.059E-09  4.48098638479255E-10
 1.073E-09  4.58614335886698E-10
 1.088E-09  4.69376809063106E-10
 1.102E-09  4.80391849186437E-10
 1.118E-09  4.91665383338310E-10
 1.133E-09  5.03203477693393E-10
 1.148E-09  5.15012340783453E-10
 1.164E-09  5.27098326838108E-10
 1.180E-09  5.39467939204052E-10
 1.196E-09  5.52127833844368E-10
 1.212E-09  5.65084822920065E-10
 1.229E-09  5.78345878455615E-10
 1.246E-09  5.91918136090498E-10
 1.263E-09  6.05808898918892E-10
 1.280E-09  6.20025641419345E-10
 1.297E-09  6.34576013476678E-10
 1.315E-09  6.49467844498376E-10
 1.333E-09  6.64709147627437E-10
 1.351E-09  6.80308124054221E-10
 1.370E-09  6.96273167429457E-10
 1.388E-09  7.12612868380683E-10
 1.407E-09  7.29336019134778E-10
 1.426E-09  7.46451618249024E-10
 1.446E-09  7.63968875453160E-10
 1.466E-09  7.81897216604980E-10
 1.486E-09  8.00246288762206E-10
 1.506E-09  8.19025965373688E-10
 1.527E-09  8.38246351592047E-10
 1.547E-09  8.57917789711121E-10
 1.568E-09  8.78050864731156E-10
 1.590E-09  8.98656410054393E-10
 1.612E-09  9.19745513314524E-10
 1.634E-09  9.41329522342652E-10
 1.656E-09  9.63420051273572E-10
 1.679E-09  9.86028986795185E-10
 1.701E-09  1.00916849454456E-09
 1.725E-09  1.03285102565422E-09
 1.748E-09  1.05708932345181E-09
 1.772E-09  1.08189643031734E-09
 1.796E-09  1.10728569470099E-09
 1.821E-09  1.13327077830583E-09
 1.846E-09  1.15986566343911E-09
 1.871E-09  1.18708466053583E-09
 1.896E-09  1.21494241585907E-09
 1.922E-09  1.24345391938117E-09
 1.949E-09  1.27263451284943E-09
 1.975E-09  1.30249989804151E-09
 2.002E-09  1.33306614521429E-09
 2.029E-09  1.36434970175105E-09
 2.057E-09  1.39636740101180E-09
 2.085E-09  1.42913647139103E-09
 2.114E-09  1.46267454558816E-09
 2.143E-09  1.49699967009536E-09
 2.172E-09  1.53213031490840E-09
 2.201E-09  1.56808538346499E-09
 2.232E-09  1.60488422281656E-09
 2.262E-09  1.64254663403872E-09
 2.293E-09  1.68109288288586E-09
 2.324E-09  1.72054371069628E-09
 2.356E-09  1.76092034555256E-09
 2.388E-09  1.80224451370408E-09
 2.421E-09  1.84453845125805E-09
 2.454E-09  1.88782491614422E-09
 2.487E-09  1.93212720036076E-09
 2.521E-09  1.97746914250744E-09
 2.556E-09  2.02387514061290E-09
 2.590E-09  2.07137016526296E-09
 2.626E-09  2.11997977303703E-09
 2.662E-09  2.16973012025974E-09
 2.698E-09  2.22064797707549E-09
 2.735E-09  2.27276074185322E-09
 2.772E-09  2.32609645592897E-09
 2.810E-09  2.38068381869454E-09
 2.848E-09  2.43655220304073E-09
 2.887E-09  2.49373167116221E-09
 2.927E-09  2.55225299073362E-09
 2.967E-09  2.61214765146556E-09
 3.007E-09  2.67344788204871E-09
 3.048E-09  2.73618666749592E-09
 3.090E-09  2.80039776689053E-09
 3.132E-09  2.86611573155230E-09
 3.175E-09  2.93337592362897E-09
 3.218E-09  3.00221453512396E-09
 3.262E-09  3.07266860737131E-09
 3.307E-09  3.14477605096685E-09
 3.352E-09  3.21857566616754E-09
 3.398E-09  3.29410716376954E-09
 3.444E-09  3.37141118647598E-09
 3.491E-09  3.45052933076648E-09
 3.539E-09  3.53150416927980E-09
 3.587E-09  3.61437927372129E-09
 3.636E-09  3.69919923830887E-09
 3.685E-09  3.78600970376837E-09
 3.736E-09  3.87485738189229E-09
 3.787E-09  3.96579008067459E-09
 3.838E-09  4.05885673003631E-09
 3.891E-09  4.15410740815377E-09
 3.944E-09  4.25159336840455E-09
 3.998E-09  4.35136706694758E-09
 4.052E-09  4.45348219094810E-09
 4.108E-09  4.55799368746643E-09
 4.164E-09  4.66495779302463E-09
 4.221E-09  4.77443206386582E-09
 4.278E-09  4.88647540692569E-09
 4.337E-09  5.00114811152919E-09
 4.396E-09  5.11851188183098E-09
 4.456E-09  5.23862987001832E-09
 4.517E-09  5.36156671029203E-09
 4.578E-09  5.48738855364605E-09
 4.641E-09  5.61616310346187E-09
 4.704E-09  5.74795965193907E-09
 4.769E-09  5.88284911738065E-09
 4.834E-09  6.02090408235365E-09
 4.900E-09  6.16219883274422E-09
 4.967E-09  6.30680939773051E-09
 5.034E-09  6.45481359069354E-09
 5.103E-09  6.60629105108596E-09
 5.173E-09  6.76132328728673E-09
 5.243E-09  6.91999372045937E-09
 5.315E-09  7.08238772943889E-09
 5.388E-09  7.24859269667438E-09
 5.461E-09  7.41869805524804E-09
 5.536E-09  7.59279533699765E-09
 5.611E-09  7.77097822176884E-09
 5.688E-09  7.95334258782335E-09
 5.765E-09  8.13998656342952E-09
 5.844E-09  8.33101057966446E-09
 5.924E-09  8.52651742445423E-09
 6.005E-09  8.72661229788285E-09
 6.087E-09  8.93140286879881E-09
 6.170E-09  9.14099933275129E-09
 6.254E-09  9.35551447128460E-09
 6.340E-09  9.57506371262309E-09
 6.426E-09  9.79976519378370E-09
 6.514E-09  1.00297398241428E-08
 6.603E-09  1.02651113504963E-08
 6.693E-09  1.05060064236464E-08
 6.784E-09  1.07525546665502E-08
 6.877E-09  1.10048887440682E-08
 6.971E-09  1.12631444343500E-08
 7.066E-09  1.15274607018945E-08
 7.162E-09  1.17979797723252E-08
 7.260E-09  1.20748472089188E-08
 7.359E-09  1.23582119909327E-08
 7.460E-09  1.26482265937672E-08
 7.562E-09  1.29450470710109E-08
 7.665E-09  1.32488331384119E-08
 7.770E-09  1.35597482598171E-08
 7.876E-09  1.38779597351314E-08
 7.983E-09  1.42036387903390E-08
 8.092E-09  1.45369606696376E-08
 8.203E-09  1.48781047297350E-08
 8.315E-09  1.52272545363593E-08
 8.428E-09  1.55845979630312E-08
 8.543E-09  1.59503272921578E-08
 8.660E-09  1.63246393184972E-08
 8.778E-09  1.67077354550500E-08
 8.898E-09  1.70998218414376E-08
 9.019E-09  1.75011094548220E-08
 9.142E-09  1.79118142234321E-08
 9.267E-09  1.83321571427484E-08
 9.394E-09  1.87623643944200E-08
 9.522E-09  1.92026674679688E-08
 9.652E-09  1.96533032853511E-08
 9.784E-09  2.01145143284413E-08
 9.917E-09  2.05865487695089E-08
 1.005E-08  2.10696606047553E-08
 1.019E-08  2.15641097909852E-08
 1.033E-08  2.20701623854888E-08
 1.047E-08  2.25880906891980E-08
 1.061E-08  2.31181733932124E-08
 1.076E-08  2.36606957287570E-08
 1.090E-08  2.42159496206611E-08
 1.105E-08  2.47842338444375E-08
 1.120E-08  2.53658541870499E-08
 1.136E-08  2.59611236114547E-08
 1.151E-08  2.65703624249982E-08
 1.167E-08  2.71938984517690E-08
 1.183E-08  2.78320672089981E-08
 1.199E-08  2.84852120875967E-08
 1.215E-08  2.91536845369226E-08
 1.232E-08  2.98378442538959E-08
 1.249E-08  3.05380593765463E-08
 1.266E-08  3.12547066820983E-08
 1.283E-08  3.19881717897132E-08
 1.301E-08  3.27388493679818E-08
 1.318E-08  3.35071433472923E-08
 1.336E-08  3.42934671371759E-08
 1.355E-08  3.50982438487588E-08
 1.373E-08  3.59219065224281E-08
 1.392E-08  3.67648983608445E-08
 1.411E-08  3.76276729674287E-08
 1.430E-08  3.85106945904269E-08
 1.450E-08  3.94144383727250E-08
 1.470E-08  4.03393906075110E-08
 1.490E-08  4.12860489999415E-08
 1.510E-08  4.22549229349503E-08
 1.531E-08  4.32465337513335E-08
 1.551E-08  4.42614150222842E-08
 1.573E-08  4.53001128424904E-08
 1.594E-08  4.63631861219796E-08
 1.616E-08  4.74512068868665E-08
 1.638E-08  4.85647605871412E-08
 1.660E-08  4.97044464116950E-08
 1.683E-08  5.08708776107312E-08
 1.706E-08  5.20646818257447E-08
 1.729E-08  5.32865014272484E-08
 1.753E-08  5.45369938604151E-08
 1.777E-08  5.58168319988416E-08
 1.801E-08  5.71267045066093E-08
 1.826E-08  5.84673162088397E-08
 1.851E-08  5.98393884709506E-08
 1.876E-08  6.12436595868091E-08
 1.901E-08  6.26808851759907E-08
 1.927E-08  6.41518385903736E-08
 1.954E-08  6.56573113302515E-08
 1.980E-08  6.71981134702312E-08
 2.007E-08  6.87750740951309E-08
 2.035E-08  7.03890417460714E-08
 2.063E-08  7.20408848770755E-08
 2.091E-08  7.37314923223642E-08
 2.119E-08  7.54617737746176E-08
 2.148E-08  7.72326602744690E-08
 2.178E-08  7.90451047114706E-08
 2.207E-08  8.09000823368342E-08
 2.237E-08  8.27985912881903E-08
 2.268E-08  8.47416531266599E-08
 2.299E-08  8.67303133865490E-08
 2.330E-08  8.87656421379177E-08
 2.362E-08  9.08487345623690E-08
 2.394E-08  9.29807115423471E-08
 2.427E-08  9.51627202642449E-08
 2.460E-08  9.73959348357015E-08
 2.494E-08  9.96815569173549E-08
 2.528E-08  1.02020816369431E-07
 2.562E-08  1.04414971913500E-07
 2.597E-08  1.06865311809774E-07
 2.633E-08  1.09373154550297E-07
 2.669E-08  1.11939849568383E-07
 2.705E-08  1.14566777964728E-07
 2.742E-08  1.17255353250547E-07
 2.779E-08  1.20007022108147E-07
 2.817E-08  1.22823265169366E-07
 2.856E-08  1.25705597812252E-07
 2.895E-08  1.28655570976465E-07
 2.934E-08  1.31674771997803E-07
 2.974E-08  1.34764825462301E-07
 3.015E-08  1.37927394080386E-07
 3.056E-08  1.41164179581560E-07
 3.098E-08  1.44476923630029E-07
 3.140E-08  1.47867408761873E-07
 3.183E-08  1.51337459344182E-07
 3.227E-08  1.54888942556695E-07
 3.271E-08  1.58523769396505E-07
 3.315E-08  1.62243895706291E-07
 3.361E-08  1.66051323226726E-07
 3.406E-08  1.69948100673566E-07
 3.453E-08  1.73936324839995E-07
 3.500E-08  1.78018141724876E-07
 3.548E-08  1.82195747687450E-07
 3.596E-08  1.86471390629126E-07
 3.645E-08  1.90847371203048E-07
 3.695E-08  1.95326044051990E-07
 3.746E-08  1.99909819075332E-07
 3.797E-08  2.04601162725784E-07
 3.849E-08  2.09402599336482E-07
 3.901E-08  2.14316712479281E-07
 3.954E-08  2.19346146354912E-07
 4.008E-08  2.24493607215739E-07
 4.063E-08  2.29761864821933E-07
 4.119E-08  2.35153753931783E-07
 4.175E-08  2.40672175827010E-07
 4.232E-08  2.46320099873860E-07
 4.290E-08  2.52100565120846E-07
 4.348E-08  2.58016681933939E-07
 4.408E-08  2.64071633670206E-07
 4.468E-08  2.70268678390662E-07
 4.529E-08  2.76611150613308E-07
 4.591E-08  2.83102463107392E-07
 4.653E-08  2.89746108729656E-07
 4.717E-08  2.96545662303768E-07
 4.781E-08  3.03504782543821E-07
 4.846E-08  3.10627214022955E-07
 4.913E-08  3.17916789188235E-07
 4.980E-08  3.25377430422691E-07
 5.048E-08  3.33013152155908E-07
 5.117E-08  3.40828063024021E-07
 5.186E-08  3.48826368080424E-07
 5.257E-08  3.57012371058407E-07
 5.329E-08  3.65390476686811E-07
 5.402E-08  3.73965193060072E-07
 5.475E-08  3.82741134063905E-07
 5.550E-08  3.91723021857857E-07
 5.626E-08  4.00915689416095E-07
 5.703E-08  4.10324083127922E-07
 5.781E-08  4.19953265459243E-07
 5.860E-08  4.29808417676436E-07
 5.940E-08  4.39894842634273E-07
 6.021E-08  4.50217967629186E-07
 6.103E-08  4.60783347319428E-07
 6.186E-08  4.71596666713904E-07
 6.271E-08  4.82663744231044E-07
 6.356E-08  4.93990534829419E-07
 6.443E-08  5.05583133211923E-07
 6.531E-08  5.17447777105109E-07
 6.620E-08  5.29590850615399E-07
 6.711E-08  5.42018887664191E-07
 6.802E-08  5.54738575503480E-07
 6.895E-08  5.67756758313950E-07
 6.989E-08  5.81080440887601E-07
 7.085E-08  5.94716792396701E-07
 7.181E-08  6.08673150251292E-07
 7.279E-08  6.22957024047026E-07
 7.379E-08  6.37576099605837E-07
 7.479E-08  6.52538243111357E-07
 7.582E-08  6.67851505341268E-07
 7.685E-08  6.83524125999219E-07
 7.790E-08  6.99564538148139E-07
 7.896E-08  7.15981372747681E-07
 8.004E-08  7.32783463298239E-07
 8.113E-08  7.49979850593784E-07
 8.224E-08  7.67579787586279E-07
 8.336E-08  7.85592744364313E-07
 8.450E-08  8.04028413248452E-07
 8.566E-08  8.22896714006268E-07
 8.683E-08  8.42207799189636E-07
 8.801E-08  8.61972059597341E-07
 8.921E-08  8.82200129865893E-07
 9.043E-08  9.02902894191396E-07
 9.167E-08  9.24091492185849E-07
 9.292E-08  9.45777324870828E-07
 9.419E-08  9.67972060811752E-07
 9.547E-08  9.90687642396089E-07
 9.677E-08  1.01393629225901E-06
 9.810E-08  1.03773051985963E-06
 9.944E-08  1.06208312821177E-06
 1.008E-07  1.08700722077248E-06
 1.022E-07  1.11251620849232E-06
 1.036E-07  1.13862381703111E-06
 1.050E-07  1.16534409414279E-06
 1.064E-07  1.19269141723379E-06
 1.079E-07  1.22068050109872E-06
 1.093E-07  1.24932640583747E-06
 1.108E-07  1.27864454495820E-06
 1.123E-07  1.30865069367043E-06
 1.139E-07  1.33936099737268E-06
 1.154E-07  1.37079198033936E-06
 1.170E-07  1.40296055461138E-06
 1.186E-07  1.43588402909570E-06
 1.202E-07  1.46958011887792E-06
 1.219E-07  1.50406695475356E-06
 1.235E-07  1.53936309298337E-06
 1.252E-07  1.57548752527706E-06
 1.269E-07  1.61245968901137E-06
 1.287E-07  1.65029947768827E-06
 1.304E-07  1.68902725163821E-06
 1.322E-07  1.72866384897439E-06
 1.340E-07  1.76923059680465E-06
 1.358E-07  1.81074932270597E-06
 1.377E-07  1.85324236646818E-06
 1.396E-07  1.89673259211355E-06
 1.415E-07  1.94124340019830E-06
 1.434E-07  1.98679874040246E-06
 1.454E-07  2.03342312441579E-06
 1.473E-07  2.08114163912541E-06
 1.494E-07  2.12997996011308E-06
 1.514E-07  2.17996436546954E-06
 1.535E-07  2.23112174993247E-06
 1.556E-07  2.28347963935640E-06
 1.577E-07  2.33706620552230E-06
 1.598E-07  2.39191028129453E-06
 1.620E-07  2.44804137613336E-06
 1.642E-07  2.50548969197177E-06
 1.665E-07  2.56428613946416E-06
 1.687E-07  2.62446235461709E-06
 1.710E-07  2.68605071580992E-06
 1.734E-07  2.74908436121449E-06
 1.757E-07  2.81359720662416E-06
 1.781E-07  2.87962396370085E-06
 1.806E-07  2.94720015865010E-06
 1.830E-07  3.01636215133453E-06
 1.855E-07  3.08714715483596E-06
 1.881E-07  3.15959325547576E-06
 1.906E-07  3.23373943330588E-06
 1.932E-07  3.30962558308044E-06
 1.959E-07  3.38729253571902E-06
 1.986E-07  3.46678208027351E-06
 2.013E-07  3.54813698641105E-06
 2.040E-07  3.63140102742390E-06
 2.068E-07  3.71661900377930E-06
 2.096E-07  3.80383676722249E-06
 2.125E-07  3.89310124544409E-06
 2.154E-07  3.98446046732719E-06
 2.183E-07  4.07796358878686E-06
 2.213E-07  4.17366091921491E-06
 2.243E-07  4.27160394854662E-06
 2.274E-07  4.37184537496155E-06
 2.305E-07  4.47443913323411E-06
 2.336E-07  4.57944042375033E-06
 2.368E-07  4.68690574220407E-06
 2.401E-07  4.79689290999167E-06
 2.433E-07  4.90946110531823E-06
 2.467E-07  5.02467089503420E-06
 2.500E-07  5.14258426721983E-06
 2.534E-07  5.26326466453264E-06
 2.569E-07  5.38677701833795E-06
 2.604E-07  5.51318778364141E-06
 2.640E-07  5.64256497483835E-06
 2.676E-07  5.77497820230467E-06
 2.712E-07  5.91049870984519E-06
 2.749E-07  6.04919941301977E-06
 2.787E-07  6.19115493837007E-06
 2.825E-07  6.33644166356556E-06
 2.863E-07  6.48513775849218E-06
 2.903E-07  6.63732322730437E-06
 2.942E-07  6.79307995146466E-06
 2.982E-07  6.95249173379177E-06
 3.023E-07  7.11564434354274E-06
 3.064E-07  7.28262556255385E-06
 3.106E-07  7.45352523246193E-06
 3.149E-07  7.62843530303479E-06
 3.192E-07  7.80744988163620E-06
 3.235E-07  7.99066528385033E-06
 3.279E-07  8.17818008529377E-06
 3.324E-07  8.37009517464322E-06
 3.369E-07  8.56651380790905E-06
 3.415E-07  8.76754166397923E-06
 3.462E-07  8.97328690146814E-06
 3.509E-07  9.18386021689954E-06
 3.557E-07  9.39937490425282E-06
 3.606E-07  9.61994691590739E-06
 3.655E-07  9.84569492501741E-06
 3.705E-07  1.00767403893481E-05
 3.756E-07  1.03132076166111E-05
 3.807E-07  1.05552238313333E-05
 3.859E-07  1.08029192432910E-05
 3.911E-07  1.10564271175532E-05
 3.965E-07  1.13158838461674E-05
 4.019E-07  1.15814290215246E-05
 4.074E-07  1.18532055114492E-05
 4.129E-07  1.21313595360476E-05
 4.186E-07  1.24160407463601E-05
 4.243E-07  1.27074023048600E-05
 4.301E-07  1.30056009678376E-05
 4.360E-07  1.33107971697203E-05
 4.419E-07  1.36231551093690E-05
 4.479E-07  1.39428428383983E-05
 4.541E-07  1.42700323515698E-05
 4.603E-07  1.46048996793072E-05
 4.665E-07  1.49476249823781E-05
 4.729E-07  1.52983926487990E-05
 4.794E-07  1.56573913930148E-05
 4.859E-07  1.60248143574016E-05
 4.926E-07  1.64008592161541E-05
 4.993E-07  1.67857282816067E-05
 5.061E-07  1.71796286130514E-05
 5.130E-07  1.75827721281071E-05
 5.200E-07  1.79953757167006E-05
 5.271E-07  1.84176613577227E-05
 5.343E-07  1.88498562384194E-05
 5.416E-07  1.92921928765857E-05
 5.490E-07  1.97449092456238E-05
 5.565E-07  2.02082489025352E-05
 5.641E-07  2.06824611189138E-05
 5.718E-07  2.11678010150173E-05
 5.796E-07  2.16645296969747E-05
 5.875E-07  2.21729143972180E-05
 5.955E-07  2.26932286182087E-05
 6.037E-07  2.32257522795301E-05
 6.119E-07  2.37707718684359E-05
 6.202E-07  2.43285805939260E-05
 6.287E-07  2.48994785444368E-05
 6.373E-07  2.54837728492310E-05
 6.460E-07  2.60817778435744E-05
 6.548E-07  2.66938152377845E-05
 6.638E-07  2.73202142902415E-05
 6.728E-07  2.79613119844635E-05
 6.820E-07  2.86174532103327E-05
 6.913E-07  2.92889909495693E-05
 7.008E-07  2.99762864655575E-05
 7.103E-07  3.06797094976251E-05
 7.200E-07  3.13996384598767E-05
 7.298E-07  3.21364606446911E-05
 7.398E-07  3.28905724309961E-05
 7.499E-07  3.36623794974197E-05
 7.602E-07  3.44522970404462E-05
 7.705E-07  3.52607499976888E-05
 7.811E-07  3.60881732763925E-05
 7.917E-07  3.69350119873055E-05
 8.025E-07  3.78017216840258E-05
 8.135E-07  3.86887686079661E-05
 8.246E-07  3.95966299390681E-05
 8.358E-07  4.05257940523819E-05
 8.473E-07  4.14767607806767E-05
 8.588E-07  4.24500416832088E-05
 8.705E-07  4.34461603207826E-05
 8.824E-07  4.44656525372675E-05
 8.945E-07  4.55090667477223E-05
 9.067E-07  4.65769642332703E-05
 9.191E-07  4.76699194428817E-05
 9.316E-07  4.87885203022515E-05
 9.443E-07  4.99333685299067E-05
 9.572E-07  5.11050799607213E-05
 9.703E-07  5.23042848770357E-05
 9.835E-07  5.35316283475276E-05
 9.970E-07  5.47877705740255E-05
 1.011E-06  5.60733872464597E-05
 1.024E-06  5.73891699061479E-05
 1.038E-06  5.87358263175802E-05
 1.053E-06  6.01140808489225E-05
 1.067E-06  6.15246748614578E-05
 1.081E-06  6.29683671081476E-05
 1.096E-06  6.44459341415365E-05
 1.111E-06  6.59581707312243E-05
 1.126E-06  6.75058902911257E-05
 1.142E-06  6.90899253167469E-05
 1.157E-06  7.07111278327192E-05
 1.173E-06  7.23703698508150E-05
 1.189E-06  7.40685438387077E-05
 1.205E-06  7.58065631997304E-05
 1.222E-06  7.75853627638567E-05
 1.239E-06  7.94058992902221E-05
 1.255E-06  8.12691519814111E-05
 1.273E-06  8.31761230097930E-05
 1.290E-06  8.51278380562213E-05
 1.308E-06  8.71253468613294E-05
 1.325E-06  8.91697237897769E-05
 1.344E-06  9.12620684077150E-05
 1.362E-06  9.34035060737792E-05
 1.380E-06  9.55951885439415E-05
 1.399E-06  9.78382945905549E-05
 1.418E-06  1.00134030635881E-04
 1.438E-06  1.02483631400489E-04
 1.457E-06  1.04888360566848E-04
 1.477E-06  1.07349511458469E-04
 1.497E-06  1.09868407734976E-04
 1.518E-06  1.12446404103443E-04
 1.539E-06  1.15084887046435E-04
 1.560E-06  1.17785275567106E-04
 1.581E-06  1.20549021951735E-04
 1.603E-06  1.23377612550153E-04
 1.624E-06  1.26272568574484E-04
 1.647E-06  1.29235446916551E-04
 1.669E-06  1.32267840984487E-04
 1.692E-06  1.35371381558927E-04
 1.715E-06  1.38547737669256E-04
 1.738E-06  1.41798617490445E-04
 1.762E-06  1.45125769260829E-04
 1.786E-06  1.48530982221435E-04
 1.811E-06  1.52016087577330E-04
 1.835E-06  1.55582959481461E-04
 1.860E-06  1.59233516041584E-04
 1.886E-06  1.62969720350764E-04
 1.911E-06  1.66793581542020E-04
 1.938E-06  1.70707155867683E-04
 1.964E-06  1.74712547804072E-04
 1.991E-06  1.78811911182025E-04
 2.018E-06  1.83007450343894E-04
 2.046E-06  1.87301421327697E-04
 2.073E-06  1.91696133078988E-04
 2.102E-06  1.96193948691112E-04
 2.130E-06  2.00797286674539E-04
 2.160E-06  2.05508622255893E-04
 2.189E-06  2.10330488707454E-04
 2.219E-06  2.15265478707784E-04
 2.249E-06  2.20316245734226E-04
 2.280E-06  2.25485505488020E-04
 2.311E-06  2.30776037352800E-04
 2.343E-06  2.36190685887277E-04
 2.375E-06  2.41732362352853E-04
 2.407E-06  2.47404046277014E-04
 2.440E-06  2.53208787053349E-04
 2.473E-06  2.59149705579063E-04
 2.507E-06  2.65229995930817E-04
 2.541E-06  2.71452927079822E-04
 2.576E-06  2.77821844647060E-04
 2.611E-06  2.84340172699679E-04
 2.647E-06  2.91011415589419E-04
 2.683E-06  2.97839159834060E-04
 2.719E-06  3.04827076043003E-04
 2.757E-06  3.11978920887830E-04
 2.794E-06  3.19298539119080E-04
 2.832E-06  3.26789865630254E-04
 2.871E-06  3.34456927570097E-04
 2.910E-06  3.42303846504336E-04
 2.950E-06  3.50334840628087E-04
 2.990E-06  3.58554227029974E-04
 3.031E-06  3.66966424009303E-04
 3.072E-06  3.75575953447470E-04
 3.114E-06  3.84387443234888E-04
 3.157E-06  3.93405629754703E-04
 3.200E-06  4.02635360424592E-04
 3.244E-06  4.12081596298233E-04
 3.288E-06  4.21749414727469E-04
 3.333E-06  4.31644012086810E-04
 3.378E-06  4.41770706561855E-04
 3.424E-06  4.52134941002772E-04
 3.471E-06  4.62742285844618E-04
 3.519E-06  4.73598442096094E-04
 3.567E-06  4.84709244398116E-04
 3.615E-06  4.96080664153954E-04
 3.665E-06  5.07718812732697E-04
 3.715E-06  5.19629944747626E-04
 3.765E-06  5.31820461411239E-04
 3.817E-06  5.44296913968833E-04
 3.869E-06  5.57066007212390E-04
 3.922E-06  5.70134603076668E-04
 3.975E-06  5.83509724319394E-04
 4.030E-06  5.97198558287522E-04
 4.085E-06  6.11208460771640E-04
 4.140E-06  6.25546959950498E-04
 4.197E-06  6.40221760427763E-04
 4.254E-06  6.55240747363274E-04
 4.312E-06  6.70611990700736E-04
 4.371E-06  6.86343749494446E-04
 4.431E-06  7.02444476337129E-04
 4.491E-06  7.18922821891281E-04
 4.553E-06  7.35787639526451E-04
 4.615E-06  7.53047990065046E-04
 4.678E-06  7.70713146638944E-04
 4.742E-06  7.88792599659726E-04
 4.806E-06  8.07296061905095E-04
 4.872E-06  8.26233473724124E-04
 4.938E-06  8.45615008364293E-04
 5.006E-06  8.65451077422812E-04
 5.074E-06  8.85752336425638E-04
 5.144E-06  9.06529690536608E-04
 5.214E-06  9.27794300400193E-04
 5.285E-06  9.49557588120573E-04
 5.357E-06  9.71831243380596E-04
 5.430E-06  9.94627229703635E-04
 5.504E-06  1.01795779086164E-03
 5.579E-06  1.04183545743314E-03
 5.656E-06  1.06627305351421E-03
 5.733E-06  1.09128370358615E-03
 5.811E-06  1.11688083954385E-03
 5.890E-06  1.14307820788818E-03
 5.971E-06  1.16988987708606E-03
 6.052E-06  1.19733024510299E-03
 6.135E-06  1.22541404711089E-03
 6.219E-06  1.25415636337628E-03
 6.304E-06  1.28357262733249E-03
 6.390E-06  1.31367863384020E-03
 6.477E-06  1.34449054764130E-03
 6.565E-06  1.37602491200940E-03
 6.655E-06  1.40829865760271E-03
 6.746E-06  1.44132911152339E-03
 6.838E-06  1.47513400658849E-03
 6.931E-06  1.50973149081693E-03
 7.026E-06  1.54514013713807E-03
 7.122E-06  1.58137895332672E-03
 7.219E-06  1.61846739216982E-03
 7.318E-06  1.65642536187078E-03
 7.418E-06  1.69527323669578E-03
 7.519E-06  1.73503186786887E-03
 7.622E-06  1.77572259472108E-03
 7.726E-06  1.81736725609960E-03
 7.831E-06  1.85998820204274E-03
 7.938E-06  1.90360830572723E-03
 8.046E-06  1.94825097569448E-03
 8.156E-06  1.99394016836099E-03
 8.268E-06  2.04070040082113E-03
 8.380E-06  2.08855676394810E-03
 8.495E-06  2.13753493580010E-03
 8.611E-06  2.18766119533892E-03
 8.728E-06  2.23896243646831E-03
 8.848E-06  2.29146618239954E-03
 8.968E-06  2.34520060035107E-03
 9.091E-06  2.40019451659138E-03
 9.215E-06  2.45647743183165E-03
 9.341E-06  2.51407953697712E-03
 9.468E-06  2.57303172924522E-03
 9.597E-06  2.63336562865895E-03
 9.729E-06  2.69511359492429E-03
 9.861E-06  2.75830874470083E-03
 9.996E-06  2.82298496927362E-03
 1.013E-05  2.88917695263692E-03
 1.027E-05  2.95692018999920E-03
 1.041E-05  3.02625100671720E-03
 1.055E-05  3.09720657767225E-03
 1.070E-05  3.16982494709641E-03
 1.084E-05  3.24414504885971E-03
 1.099E-05  3.32020672722977E-03
 1.114E-05  3.39805075811371E-03
 1.129E-05  3.47771887079426E-03
 1.145E-05  3.55925377017093E-03
 1.160E-05  3.64269915951838E-03
 1.176E-05  3.72809976377380E-03
 1.192E-05  3.81550135336534E-03
 1.209E-05  3.90495076859437E-03
 1.225E-05  3.99649594458402E-03
 1.242E-05  4.09018593680746E-03
 1.259E-05  4.18607094720901E-03
 1.276E-05  4.28420235093221E-03
 1.293E-05  4.38463272366782E-03
 1.311E-05  4.48741586963719E-03
 1.329E-05  4.59260685022570E-03
 1.347E-05  4.70026201327978E-03
 1.365E-05  4.81043902308454E-03
 1.384E-05  4.92319689103614E-03
 1.403E-05  5.03859600702714E-03
 1.422E-05  5.15669817155891E-03
 1.442E-05  5.27756662859793E-03
 1.461E-05  5.40126609919594E-03
 1.481E-05  5.52786281588826E-03
 1.501E-05  5.65742455788916E-03
 1.522E-05  5.79002068710370E-03
 1.543E-05  5.92572218497433E-03
 1.564E-05  6.06460169017987E-03
 1.585E-05  6.20673353720877E-03
 1.607E-05  6.35219379582535E-03
 1.629E-05  6.50106031145012E-03
 1.651E-05  6.65341274647439E-03
 1.673E-05  6.80933262253181E-03
 1.696E-05  6.96890336374833E-03
 1.719E-05  7.13221034099161E-03
 1.743E-05  7.29934091714528E-03
 1.767E-05  7.47038449342995E-03
 1.791E-05  7.64543255679567E-03
 1.815E-05  7.82457872840895E-03
 1.840E-05  8.00791881326198E-03
 1.865E-05  8.19555085092698E-03
 1.891E-05  8.38757516748441E-03
 1.916E-05  8.58409442865004E-03
 1.943E-05  8.78521369412859E-03
 1.969E-05  8.99104047322300E-03
 1.996E-05  9.20168478172715E-03
 2.023E-05  9.41725920013148E-03
 2.051E-05  9.63787893317162E-03
 2.079E-05  9.86366187075112E-03
 2.107E-05  1.00947286502684E-02
 2.136E-05  1.03312027203822E-02
 2.165E-05  1.05732104062439E-02
 2.195E-05  1.08208809762361E-02
 2.225E-05  1.10743467102484E-02
 2.255E-05  1.13337429695245E-02
 2.286E-05  1.15992082681189E-02
 2.317E-05  1.18708843459960E-02
 2.349E-05  1.21489162438171E-02
 2.381E-05  1.24334523794418E-02
 2.413E-05  1.27246446261926E-02
 2.446E-05  1.30226483929209E-02
 2.480E-05  1.33276227059076E-02
 2.514E-05  1.36397302926531E-02
 2.548E-05  1.39591376675875E-02
 2.583E-05  1.42860152197515E-02
 2.618E-05  1.46205373024903E-02
 2.654E-05  1.49628823252061E-02
 2.690E-05  1.53132328472180E-02
 2.727E-05  1.56717756737711E-02
 2.764E-05  1.60387019542510E-02
 2.802E-05  1.64142072826504E-02
 2.840E-05  1.67984918003342E-02
 2.879E-05  1.71917603011626E-02
 2.918E-05  1.75942223390209E-02
 2.958E-05  1.80060923378109E-02
 2.998E-05  1.84275897039595E-02
 3.039E-05  1.88589389415027E-02
 3.080E-05  1.93003697697997E-02
 3.123E-05  1.97521172439389E-02
 3.165E-05  2.02144218778968E-02
 3.208E-05  2.06875297705111E-02
 3.252E-05  2.11716927343261E-02
 3.297E-05  2.16671684273840E-02
 3.342E-05  2.21742204880246E-02
 3.387E-05  2.26931186727522E-02
 3.433E-05  2.32241389972544E-02
 3.480E-05  2.37675638806315E-02
 3.528E-05  2.43236822929114E-02
 3.576E-05  2.48927899059233E-02
 3.625E-05  2.54751892476054E-02
 3.674E-05  2.60711898598301E-02
 3.724E-05  2.66811084598077E-02
 3.775E-05  2.73052691051640E-02
 3.827E-05  2.79440033627748E-02
 3.879E-05  2.85976504814263E-02
 3.932E-05  2.92665575683962E-02
 3.986E-05  2.99510797700483E-02
 4.040E-05  3.06515804565165E-02
 4.095E-05  3.13684314105760E-02
 4.151E-05  3.21020130207921E-02
 4.208E-05  3.28527144790539E-02
 4.265E-05  3.36209339825650E-02
 4.324E-05  3.44070789404076E-02
 4.383E-05  3.52115661847872E-02
 4.442E-05  3.60348221870313E-02
 4.503E-05  3.68772832784895E-02
 4.565E-05  3.77393958764049E-02
 4.627E-05  3.86216167148824E-02
 4.690E-05  3.95244130810717E-02
 4.754E-05  4.04482630566671E-02
 4.819E-05  4.13936557648508E-02
 4.885E-05  4.23610916227903E-02
 4.951E-05  4.33510825998162E-02
 5.019E-05  4.43641524814081E-02
 5.088E-05  4.54008371391122E-02
 5.157E-05  4.64616848065086E-02
 5.227E-05  4.75472563613824E-02
 5.299E-05  4.86581256142252E-02
 5.371E-05  4.97948796031840E-02
 5.445E-05  5.09581188956321E-02
 5.519E-05  5.21484578964839E-02
 5.594E-05  5.33665251634023E-02
 5.671E-05  5.46129637290587E-02
 5.748E-05  5.58884314305724E-02
 5.826E-05  5.71936012463204E-02
 5.906E-05  5.85291616402472E-02
 5.987E-05  5.98958169138517E-02
 6.068E-05  6.12942875660057E-02
 6.151E-05  6.27253106607888E-02
 6.235E-05  6.41896402034872E-02
 6.320E-05  6.56880475249500E-02
 6.407E-05  6.72213216744858E-02
 6.494E-05  6.87902698214562E-02
 6.583E-05  7.03957176657795E-02
 6.673E-05  7.20385098575239E-02
 6.764E-05  7.37195104257743E-02
 6.856E-05  7.54396032169800E-02
 6.950E-05  7.71996923429937E-02
 7.045E-05  7.90007026389831E-02
 7.141E-05  8.08435801314318E-02
 7.238E-05  8.27292925164538E-02
 7.337E-05  8.46588296486414E-02
 7.437E-05  8.66332040406430E-02
 7.539E-05  8.86534513737051E-02
 7.642E-05  9.07206310194301E-02
 7.746E-05  9.28358265729666E-02
 7.852E-05  9.50001463978590E-02
 7.959E-05  9.72147241828132E-02
 8.068E-05  9.94807195106539E-02
 8.178E-05  1.01799318439657E-01
 8.289E-05  1.04171734097561E-01
 8.403E-05  1.06599207288561E-01
 8.517E-05  1.09083007113440E-01
 8.634E-05  1.11624431603196E-01
 8.751E-05  1.14224808366441E-01
 8.871E-05  1.16885495250792E-01
 8.992E-05  1.19607881018603E-01
 9.115E-05  1.22393386037307E-01
 9.239E-05  1.25243462984657E-01
 9.365E-05  1.28159597569175E-01
 9.493E-05  1.31143309266117E-01
 9.623E-05  1.34196152069282E-01
 9.754E-05  1.37319715258953E-01
 9.887E-05  1.40515624186314E-01
 1.002E-04  1.43785541074690E-01
 1.016E-04  1.47131165837887E-01
 1.030E-04  1.50554236916060E-01
 1.044E-04  1.54056532129376E-01
 1.058E-04  1.57639869549861E-01
 1.073E-04  1.61306108391818E-01
 1.087E-04  1.65057149921099E-01
 1.102E-04  1.68894938383698E-01
 1.117E-04  1.72821461954001E-01
 1.132E-04  1.76838753703022E-01
 1.148E-04  1.80948892587127E-01
 1.163E-04  1.85154004457538E-01
 1.179E-04  1.89456263091103E-01
 1.195E-04  1.93857891242672E-01
 1.212E-04  1.98361161719504E-01
 1.228E-04  2.02968398478196E-01
 1.245E-04  2.07681977744491E-01
 1.262E-04  2.12504329156395E-01
 1.279E-04  2.17437936931089E-01
 1.297E-04  2.22485341056071E-01
 1.314E-04  2.27649138504940E-01
 1.332E-04  2.32931984478354E-01
 1.351E-04  2.38336593670586E-01
 1.369E-04  2.43865741562119E-01
 1.388E-04  2.49522265738823E-01
 1.407E-04  2.55309067238210E-01
 1.426E-04  2.61229111923163E-01
 1.445E-04  2.67285431883719E-01
 1.465E-04  2.73481126867438E-01
 1.485E-04  2.79819365738782E-01
 1.505E-04  2.86303387968084E-01
 1.526E-04  2.92936505150630E-01
 1.547E-04  2.99722102556333E-01
 1.568E-04  3.06663640710659E-01
 1.589E-04  3.13764657007172E-01
 1.611E-04  3.21028767352438E-01
 1.633E-04  3.28459667843711E-01
 1.655E-04  3.36061136479956E-01
 1.678E-04  3.43837034906977E-01
 1.701E-04  3.51791310196897E-01
 1.724E-04  3.59927996662899E-01
 1.748E-04  3.68251217709602E-01
 1.771E-04  3.76765187719690E-01
 1.796E-04  3.85474213977562E-01
 1.820E-04  3.94382698630289E-01
 1.845E-04  4.03495140686822E-01
 1.870E-04  4.12816138055853E-01
 1.896E-04  4.22350389622966E-01
 1.922E-04  4.32102697367787E-01
 1.948E-04  4.42077968521683E-01
 1.974E-04  4.52281217766664E-01
 2.001E-04  4.62717569476097E-01
 2.029E-04  4.73392259997885E-01
 2.056E-04  4.84310639980800E-01
 2.084E-04  4.95478176744472E-01
 2.113E-04  5.06900456693829E-01
 2.142E-04  5.18583187778547E-01
 2.171E-04  5.30532201998155E-01
 2.201E-04  5.42753457953487E-01
 2.231E-04  5.55253043445089E-01
 2.261E-04  5.68037178119240E-01
 2.292E-04  5.81112216162213E-01
 2.323E-04  5.94484649043538E-01
 2.355E-04  6.08161108308653E-01
 2.387E-04  6.22148368421896E-01
 2.420E-04  6.36453349660285E-01
 2.453E-04  6.51083121058703E-01
 2.486E-04  6.66044903407284E-01
 2.520E-04  6.81346072301502E-01
 2.555E-04  6.96994161245477E-01
 2.589E-04  7.12996864809492E-01
 2.625E-04  7.29362041841933E-01
 2.661E-04  7.46097718736253E-01
 2.697E-04  7.63212092754145E-01
 2.734E-04  7.80713535404619E-01
 2.771E-04  7.98610595880147E-01
 2.809E-04  8.16912004550416E-01
 2.847E-04  8.35626676513956E-01
 2.886E-04  8.54763715208350E-01
 2.926E-04  8.74332416079555E-01
 2.965E-04  8.94342270310797E-01
 3.006E-04  9.14802968611554E-01
 3.047E-04  9.35724405066914E-01
 3.089E-04  9.57116681048022E-01
 3.131E-04  9.78990109184068E-01
 3.174E-04  1.00135521739567E+00
 3.217E-04  1.02422275299079E+00
 3.261E-04  1.04760368682303E+00
 3.305E-04  1.07150921751263E+00
 3.350E-04  1.09595077573081E+00
 3.396E-04  1.12094002854725E+00
 3.442E-04  1.14648888384139E+00
 3.489E-04  1.17260949477736E+00
 3.537E-04  1.19931426434285E+00
 3.585E-04  1.22661584995223E+00
 3.634E-04  1.25452716811346E+00
 3.684E-04  1.28306139915919E+00
 3.734E-04  1.31223199204238E+00
 3.785E-04  1.34205266919540E+00
 3.837E-04  1.37253743145319E+00
 3.889E-04  1.40370056304055E+00
 3.942E-04  1.43555663662241E+00
 3.996E-04  1.46812051841727E+00
 4.051E-04  1.50140737337408E+00
 4.106E-04  1.53543267041090E+00
 4.162E-04  1.57021218771566E+00
 4.219E-04  1.60576201810833E+00
 4.277E-04  1.64209857446363E+00
 4.335E-04  1.67923859519383E+00
 4.394E-04  1.71719914979061E+00
 4.454E-04  1.75599764442532E+00
 4.515E-04  1.79565182760606E+00
 4.577E-04  1.83617979589147E+00
 4.639E-04  1.87759999965928E+00
 4.702E-04  1.91993124892838E+00
 4.767E-04  1.96319271923342E+00
 4.832E-04  2.00740395755019E+00
 4.898E-04  2.05258488826996E+00
 4.965E-04  2.09875581922157E+00
 5.032E-04  2.14593744773886E+00
 5.101E-04  2.19415086677127E+00
 5.171E-04  2.24341757103648E+00
 5.241E-04  2.29375946321198E+00
 5.313E-04  2.34519886016279E+00
 5.385E-04  2.39775849920371E+00
 5.459E-04  2.45146154439288E+00
 5.533E-04  2.50633159285346E+00
 5.609E-04  2.56239268112070E+00
 5.686E-04  2.61966929151106E+00
 5.763E-04  2.67818635850986E+00
 5.842E-04  2.73796927517378E+00
 5.922E-04  2.79904389954443E+00
 6.002E-04  2.86143656106882E+00
 6.084E-04  2.92517406702263E+00
 6.167E-04  2.99028370893162E+00
 6.252E-04  3.05679326898642E+00
 6.337E-04  3.12473102644628E+00
 6.423E-04  3.19412576402530E+00
 6.511E-04  3.26500677425686E+00
 6.600E-04  3.33740386583073E+00
 6.690E-04  3.41134736989527E+00
 6.782E-04  3.48686814632013E+00
 6.874E-04  3.56399758991167E+00
 6.968E-04  3.64276763657533E+00
 7.063E-04  3.72321076941678E+00
 7.160E-04  3.80536002477475E+00
 7.257E-04  3.88924899817811E+00
 7.356E-04  3.97491185021794E+00
 7.457E-04  4.06238331232766E+00
 7.559E-04  4.15169869246090E+00
 7.662E-04  4.24289388065878E+00
 7.766E-04  4.33600535449652E+00
 7.872E-04  4.43107018439947E+00
 7.980E-04  4.52812603881842E+00
 8.089E-04  4.62721118925344E+00
 8.199E-04  4.72836451511405E+00
 8.311E-04  4.83162550840552E+00
 8.425E-04  4.93703427822779E+00
 8.540E-04  5.04463155507585E+00
 8.656E-04  5.15445869492723E+00
 8.774E-04  5.26655768310354E+00
 8.894E-04  5.38097113789291E+00
 9.016E-04  5.49774231391691E+00
 9.139E-04  5.61691510522959E+00
 9.264E-04  5.73853404813017E+00
 9.390E-04  5.86264432367549E+00
 9.518E-04  5.98929175987461E+00
 9.648E-04  6.11852283354891E+00
 9.780E-04  6.25038467183872E+00
 9.913E-04  6.38492505333957E+00
 1.005E-03  6.52219240884887E+00
 1.019E-03  6.66223582170225E+00
 1.032E-03  6.80510502768079E+00
 1.047E-03  6.95085041446765E+00
 1.061E-03  7.09952302063270E+00
 1.075E-03  7.25117453412292E+00
 1.090E-03  7.40585729023699E+00
 1.105E-03  7.56362426905842E+00
 1.120E-03  7.72452909232480E+00
 1.135E-03  7.88862601970878E+00
 1.151E-03  8.05596994448324E+00
 1.167E-03  8.22661638854599E+00
 1.182E-03  8.40062149677792E+00
 1.199E-03  8.57804203070440E+00
 1.215E-03  8.75893536143357E+00
 1.232E-03  8.94335946184204E+00
 1.248E-03  9.13137289797802E+00
 1.265E-03  9.32303481965194E+00
 1.283E-03  9.51840495018131E+00
 1.300E-03  9.71754357526073E+00
 1.318E-03  9.92051153092236E+00
 1.336E-03  1.01273701905532E+01
 1.354E-03  1.03381814509369E+01
 1.373E-03  1.05530077172823E+01
 1.391E-03  1.07719118872059E+01
 1.410E-03  1.09949573336295E+01
 1.430E-03  1.12222078865574E+01
 1.449E-03  1.14537278136950E+01
 1.469E-03  1.16895817998693E+01
 1.489E-03  1.19298349252141E+01
 1.509E-03  1.21745526420785E+01
 1.530E-03  1.24238007506185E+01
 1.551E-03  1.26776453730300E+01
 1.572E-03  1.29361529263849E+01
 1.593E-03  1.31993900940219E+01
 1.615E-03  1.34674237954556E+01
 1.637E-03  1.37403211547564E+01
 1.660E-03  1.40181494673584E+01
 1.682E-03  1.43009761652526E+01
 1.705E-03  1.45888687805189E+01
 1.729E-03  1.48818949071521E+01
 1.752E-03  1.51801221611377E+01
 1.776E-03  1.54836181387321E+01
 1.800E-03  1.57924503728996E+01
 1.825E-03  1.61066862878613E+01
 1.850E-03  1.64263931517120E+01
 1.875E-03  1.67516380270550E+01
 1.901E-03  1.70824877196131E+01
 1.927E-03  1.74190087247673E+01
 1.953E-03  1.77612671719793E+01
 1.980E-03  1.81093287670511E+01
 2.007E-03  1.84632587321779E+01
 2.034E-03  1.88231217437521E+01
 2.062E-03  1.91889818678704E+01
 2.090E-03  1.95609024935031E+01
 2.118E-03  1.99389462632870E+01
 2.147E-03  2.03231750018945E+01
 2.177E-03  2.07136496419444E+01
 2.206E-03  2.11104301474125E+01
 2.236E-03  2.15135754345075E+01
 2.267E-03  2.19231432899715E+01
 2.298E-03  2.23391902867785E+01
 2.329E-03  2.27617716971925E+01
 2.361E-03  2.31909414031560E+01
 2.393E-03  2.36267518039868E+01
 2.426E-03  2.40692537213483E+01
 2.459E-03  2.45184963014779E+01
 2.493E-03  2.49745269146518E+01
 2.527E-03  2.54373910518674E+01
 2.561E-03  2.59071322187312E+01
 2.596E-03  2.63837918265437E+01
 2.632E-03  2.68674090805697E+01
 2.668E-03  2.73580208654995E+01
 2.704E-03  2.78556616280958E+01
 2.741E-03  2.83603632570385E+01
 2.778E-03  2.88721549599738E+01
 2.816E-03  2.93910631377897E+01
 2.855E-03  2.99171112561333E+01
 2.894E-03  3.04503197142046E+01
 2.933E-03  3.09907057108577E+01
 2.973E-03  3.15382831080452E+01
 3.014E-03  3.20930622916620E+01
 3.055E-03  3.26550500298356E+01
 3.097E-03  3.32242493287258E+01
 3.139E-03  3.38006592859042E+01
 3.182E-03  3.43842749413925E+01
 3.225E-03  3.49750871264396E+01
 3.269E-03  3.55730823101426E+01
 3.314E-03  3.61782424440060E+01
 3.359E-03  3.67905448045585E+01
 3.405E-03  3.74099618341505E+01
 3.452E-03  3.80364609800706E+01
 3.499E-03  3.86700045321192E+01
 3.546E-03  3.93105494588035E+01
 3.595E-03  3.99580472423209E+01
 3.644E-03  4.06124437125109E+01
 3.694E-03  4.12736788799704E+01
 3.744E-03  4.19416867685390E+01
 3.795E-03  4.26163952473783E+01
 3.847E-03  4.32977258628735E+01
 3.900E-03  4.39855936706127E+01
 3.953E-03  4.46799070677019E+01
 4.007E-03  4.53805676256997E+01
 4.061E-03  4.60874699244665E+01
 4.117E-03  4.68005013872288E+01
 4.173E-03  4.75195421171996E+01
 4.230E-03  4.82444647360925E+01
 4.288E-03  4.89751342248833E+01
 4.346E-03  4.97114077672076E+01
 4.406E-03  5.04531345957876E+01
 4.466E-03  5.12001558422955E+01
 4.527E-03  5.19523043910905E+01
 4.589E-03  5.27094047372825E+01
 4.651E-03  5.34712728495819E+01
 4.715E-03  5.42377160384327E+01
 4.779E-03  5.50085328299302E+01
 4.844E-03  5.57835128460494E+01
 4.911E-03  5.65624366917289E+01
 4.978E-03  5.73450758493730E+01
 5.046E-03  5.81311925813561E+01
 5.114E-03  5.89205398411245E+01
 5.184E-03  5.97128611935241E+01
 5.255E-03  6.05078907449835E+01
 5.327E-03  6.13053530842079E+01
 5.400E-03  6.21049632340661E+01
 5.473E-03  6.29064266153479E+01
 5.548E-03  6.37094390231071E+01
 5.624E-03  6.45136866163092E+01
 5.700E-03  6.53188459215183E+01
 5.778E-03  6.61245838513812E+01
 5.857E-03  6.69305577386648E+01
 5.937E-03  6.77364153866310E+01
 6.018E-03  6.85417951365297E+01
 6.100E-03  6.93463259530111E+01
 6.184E-03  7.01496275282626E+01
 6.268E-03  7.09513104056794E+01
 6.354E-03  7.17509761238876E+01
 6.440E-03  7.25482173819381E+01
 6.528E-03  7.33426182264964E+01
 6.617E-03  7.41337542618404E+01
 6.708E-03  7.49211928834904E+01
 6.799E-03  7.57044935362814E+01
 6.892E-03  7.64832079976732E+01
 6.986E-03  7.72568806870992E+01
 7.082E-03  7.80250490021274E+01
 7.178E-03  7.87872436821906E+01
 7.276E-03  7.95429892006338E+01
 7.376E-03  8.02918041857888E+01
 7.476E-03  8.10332018717655E+01
 7.578E-03  8.17666905796217E+01
 7.682E-03  8.24917742295288E+01
 7.787E-03  8.32079528845213E+01
 7.893E-03  8.39147233263588E+01
 8.001E-03  8.46115796640103E+01
 8.110E-03  8.52980139751803E+01
 8.221E-03  8.59735169812627E+01
 8.333E-03  8.66375787560488E+01
 8.447E-03  8.72896894684223E+01
 8.562E-03  8.79293401592314E+01
 8.679E-03  8.85560235524291E+01
 8.798E-03  8.91692349004918E+01
 8.918E-03  8.97684728640437E+01
 9.039E-03  9.03532404255125E+01
 9.163E-03  9.09230458365373E+01
 9.288E-03  9.14774035987454E+01
 9.415E-03  9.20158354774065E+01
 9.543E-03  9.25378715473396E+01
 9.674E-03  9.30430512703290E+01
 9.806E-03  9.35309246031770E+01
 9.940E-03  9.40010531353709E+01
 1.008E-02  9.44530112552099E+01
 1.021E-02  9.48863873430808E+01
 1.035E-02  9.53007849904048E+01
 1.049E-02  9.56958242426392E+01
 1.064E-02  9.60711428645269E+01
 1.078E-02  9.64263976256233E+01
 1.093E-02  9.67612656039501E+01
 1.108E-02  9.70754455054427E+01
 1.123E-02  9.73686589966738E+01
 1.138E-02  9.76406520481318E+01
 1.154E-02  9.78911962851495E+01
 1.170E-02  9.81200903433730E+01
 1.186E-02  9.83271612254666E+01
 1.202E-02  9.85122656555327E+01
 1.218E-02  9.86752914275315E+01
 1.235E-02  9.88161587437800E+01
 1.252E-02  9.89348215393925E+01
 1.269E-02  9.90312687883347E+01
 1.286E-02  9.91055257865492E+01
 1.304E-02  9.91576554074120E+01
 1.321E-02  9.91877593245873E+01
 1.339E-02  9.91959791971472E+01
 1.358E-02  9.91824978116409E+01
 1.376E-02  9.91475401756214E+01
 1.395E-02  9.90913745569540E+01
 1.414E-02  9.90143134630851E+01
 1.433E-02  9.89167145542851E+01
 1.453E-02  9.87989814847398E+01
 1.473E-02  9.86615646652565E+01
 1.493E-02  9.85049619412134E+01
 1.513E-02  9.83297191793099E+01
 1.534E-02  9.81364307565869E+01
 1.555E-02  9.79257399451400E+01
 1.576E-02  9.76983391859036E+01
 1.598E-02  9.74549702448795E+01
 1.619E-02  9.71964242452030E+01
 1.642E-02  9.69235415684676E+01
 1.664E-02  9.66372116188077E+01
 1.687E-02  9.63383724433364E+01
 1.710E-02  9.60280102026648E+01
 1.733E-02  9.57071584853932E+01
 1.757E-02  9.53768974606659E+01
 1.781E-02  9.50383528631161E+01
 1.805E-02  9.46926948048005E+01
 1.830E-02  9.43411364090368E+01
 1.855E-02  9.39849322614131E+01
 1.880E-02  9.36253766736303E+01
 1.906E-02  9.32638017562860E+01
 1.932E-02  9.29015752971772E+01
 1.958E-02  9.25400984422437E+01
 1.985E-02  9.21808031768404E+01
 2.012E-02  9.18251496056394E+01
 2.039E-02  9.14746230301430E+01
 2.067E-02  9.11307308234929E+01
 2.095E-02  9.07949991030171E+01
 2.124E-02  9.04689692017677E+01
 2.153E-02  9.01541939411479E+01
 2.182E-02  8.98522337076179E+01
 2.212E-02  8.95646523374132E+01
 2.242E-02  8.92930128141772E+01
 2.273E-02  8.90388727854329E+01
 2.304E-02  8.88037799048726E+01
 2.335E-02  8.85892670085278E+01
 2.367E-02  8.83968471340065E+01
 2.400E-02  8.82280083931329E+01
 2.432E-02  8.80842087094927E+01
 2.466E-02  8.79668704335850E+01
 2.499E-02  8.78773748494896E+01
 2.533E-02  8.78170565881746E+01
 2.568E-02  8.77871979638014E+01
 2.603E-02  8.77890232506018E+01
 2.639E-02  8.78236929191288E+01
 2.675E-02  8.78922978518843E+01
 2.711E-02  8.79958535595158E+01
 2.748E-02  8.81352944199351E+01
 2.786E-02  8.83114679638392E+01
 2.824E-02  8.85251292311950E+01
 2.862E-02  8.87769352242859E+01
 2.901E-02  8.90674394838914E+01
 2.941E-02  8.93970868160775E+01
 2.981E-02  8.97662081979066E+01
 3.022E-02  9.01750158911168E+01
 3.063E-02  9.06235987934719E+01
 3.105E-02  9.11119180580218E+01
 3.147E-02  9.16398030109437E+01
 3.190E-02  9.22069473989374E+01
 3.234E-02  9.28129059973151E+01
 3.278E-02  9.34570916099546E+01
 3.323E-02  9.41387724921536E+01
 3.368E-02  9.48570702271366E+01
 3.414E-02  9.56109580865020E+01
 3.461E-02  9.63992599042593E+01
 3.508E-02  9.72206494932765E+01
 3.556E-02  9.80736506319364E+01
 3.604E-02  9.89566376475761E+01
 3.654E-02  9.98678366218513E+01
 3.703E-02  1.00805327241521E+02
 3.754E-02  1.01767045316287E+02
 3.805E-02  1.02750785983235E+02
 3.857E-02  1.03754207615121E+02
 3.910E-02  1.04774836447206E+02
 3.963E-02  1.05810071934601E+02
 4.017E-02  1.06857192849075E+02
 4.072E-02  1.07913364121114E+02
 4.128E-02  1.08975644429563E+02
 4.184E-02  1.10040994537595E+02
 4.241E-02  1.11106286369878E+02
 4.299E-02  1.12168312821815E+02
 4.358E-02  1.13223798287525E+02
 4.417E-02  1.14269409888830E+02
 4.478E-02  1.15301769383012E+02
 4.539E-02  1.16317465722414E+02
 4.601E-02  1.17313068234178E+02
 4.664E-02  1.18285140383529E+02
 4.727E-02  1.19230254079039E+02
 4.792E-02  1.20145004473306E+02
 4.857E-02  1.21026025207442E+02
 4.924E-02  1.21870004042731E+02
 4.991E-02  1.22673698817823E+02
 5.059E-02  1.23433953664919E+02
 5.128E-02  1.24147715413557E+02
 5.198E-02  1.24812050105959E+02
 5.269E-02  1.25424159543382E+02
 5.341E-02  1.25981397778626E+02
 5.414E-02  1.26481287465869E+02
 5.488E-02  1.26921535975229E+02
 5.563E-02  1.27300051176127E+02
 5.639E-02  1.27614956790518E+02
 5.716E-02  1.27864607214504E+02
 5.794E-02  1.28047601704802E+02
 5.873E-02  1.28162797824966E+02
 5.953E-02  1.28209324045302E+02
 6.034E-02  1.28186591390055E+02
 6.116E-02  1.28094304025721E+02
 6.200E-02  1.27932468685352E+02
 6.285E-02  1.27701402825415E+02
 6.370E-02  1.27401741414266E+02
 6.457E-02  1.27034442254622E+02
 6.546E-02  1.26600789746486E+02
 6.635E-02  1.26102397002031E+02
 6.725E-02  1.25541206229757E+02
 6.817E-02  1.24919487312027E+02
 6.910E-02  1.24239834507740E+02
 7.005E-02  1.23505161220455E+02
 7.100E-02  1.22718692781760E+02
 7.197E-02  1.21883957210017E+02
 7.296E-02  1.21004773915857E+02
 7.395E-02  1.20085240337834E+02
 7.496E-02  1.19129716504518E+02
 7.598E-02  1.18142807532921E+02
 7.702E-02  1.17129344087427E+02
 7.807E-02  1.16094360838343E+02
 7.914E-02  1.15043072974649E+02
 8.022E-02  1.13980850841435E+02
 8.132E-02  1.12913192788791E+02
 8.243E-02  1.11845696335443E+02
 8.355E-02  1.10784027767053E+02
 8.469E-02  1.09733890305724E+02
 8.585E-02  1.08700991003763E+02
 8.702E-02  1.07691006530905E+02
 8.821E-02  1.06709548039976E+02
 8.941E-02  1.05762125311073E+02
 9.063E-02  1.04854110388731E+02
 9.187E-02  1.03990700939940E+02
 9.312E-02  1.03176883573203E+02
 9.440E-02  1.02417397369840E+02
 9.568E-02  1.01716697888343E+02
 9.699E-02  1.01078921910544E+02
 9.831E-02  1.00507853204579E+02
 9.966E-02  1.00006889583872E+02
 1.010E-01  9.95790115436395E+01
 1.024E-01  9.92267527563650E+01
 1.038E-01  9.89521727054670E+01
 1.052E-01  9.87568317316221E+01
 1.066E-01  9.86417687590261E+01
 1.081E-01  9.86074819590811E+01
 1.096E-01  9.86539125966026E+01
 1.111E-01  9.87804322886051E+01
 1.126E-01  9.89858338880458E+01
 1.141E-01  9.92683261846151E+01
 1.157E-01  9.96255325918098E+01
 1.173E-01  1.00054493964192E+02
 1.189E-01  1.00551675661036E+02
 1.205E-01  1.01112978942634E+02
 1.221E-01  1.01733756753554E+02
 1.238E-01  1.02408833913309E+02
 1.255E-01  1.03132531699441E+02
 1.272E-01  1.03898696771244E+02
 1.289E-01  1.04700734344470E+02
 1.307E-01  1.05531645488794E+02
 1.325E-01  1.06384068380795E+02
 1.343E-01  1.07250323306242E+02
 1.361E-01  1.08122461166772E+02
 1.380E-01  1.08992315208158E+02
 1.399E-01  1.09851555650647E+02
 1.418E-01  1.10691746866623E+02
 1.437E-01  1.11504406717710E+02
 1.457E-01  1.12281067632605E+02
 1.477E-01  1.13013338978918E+02
 1.497E-01  1.13692970257472E+02
 1.517E-01  1.14311914626165E+02
 1.538E-01  1.14862392243058E+02
 1.559E-01  1.15336952905073E+02
 1.580E-01  1.15728537449784E+02
 1.602E-01  1.16030537383665E+02
 1.624E-01  1.16236852200746E+02
 1.646E-01  1.16341943861373E+02
 1.668E-01  1.16340887911487E+02
 1.691E-01  1.16229420738788E+02
 1.714E-01  1.16003982483180E+02
 1.738E-01  1.15661755145080E+02
 1.761E-01  1.15200695466309E+02
 1.785E-01  1.14619562194216E+02
 1.810E-01  1.13917937380341E+02
 1.834E-01  1.13096241409800E+02
 1.860E-01  1.12155741506641E+02
 1.885E-01  1.11098553513082E+02
 1.911E-01  1.09927636796550E+02
 1.937E-01  1.08646782197318E+02
 1.963E-01  1.07260592990736E+02
 1.990E-01  1.05774458901160E+02
 2.017E-01  1.04194523269047E+02
 2.045E-01  1.02527643537776E+02
 2.073E-01  1.00781345291952E+02
 2.101E-01  9.89637701435596E+01
 2.130E-01  9.70836178258105E+01
 2.159E-01  9.51500829160405E+01
 2.188E-01  9.31727866680383E+01
 2.218E-01  9.11617044899098E+01
 2.248E-01  8.91270896553850E+01
 2.279E-01  8.70793938836572E+01
 2.310E-01  8.50291854647447E+01
 2.342E-01  8.29870656433638E+01
 2.374E-01  8.09635840037884E+01
 2.406E-01  7.89691536206148E+01
 2.439E-01  7.70139667552465E+01
 2.472E-01  7.51079118848608E+01
 2.506E-01  7.32604928492768E+01
 2.540E-01  7.14807508912743E+01
 2.575E-01  6.97771903473932E+01
 2.610E-01  6.81577087190537E+01
 2.646E-01  6.66295318180828E+01
 2.682E-01  6.51991546366746E+01
 2.718E-01  6.38722885397951E+01
 2.755E-01  6.26538153185850E+01
 2.793E-01  6.15477485770398E+01
 2.831E-01  6.05572028518806E+01
 2.870E-01  5.96843707879134E+01
 2.909E-01  5.89305086092311E+01
 2.949E-01  5.82959300412798E+01
 2.989E-01  5.77800087511610E+01
 3.030E-01  5.73811892845412E+01
 3.071E-01  5.70970063882868E+01
 3.113E-01  5.69241125194233E+01
 3.156E-01  5.68583132542703E+01
 3.199E-01  5.68946102276127E+01
 3.242E-01  5.70272511514934E+01
 3.287E-01  5.72497863876076E+01
 3.331E-01  5.75551314772532E+01
 3.377E-01  5.79356349692283E+01
 3.423E-01  5.83831508298224E+01
 3.470E-01  5.88891146709048E+01
 3.517E-01  5.94446229928169E+01
 3.565E-01  6.00405146089559E+01
 3.614E-01  6.06674533991385E+01
 3.663E-01  6.13160115294615E+01
 3.713E-01  6.19767522776846E+01
 3.764E-01  6.26403116152462E+01
 3.815E-01  6.32974777198009E+01
 3.867E-01  6.39392676253532E+01
 3.920E-01  6.45570002602173E+01
 3.974E-01  6.51423651754996E+01
 4.028E-01  6.56874863277762E+01
 4.083E-01  6.61849803481556E+01
 4.139E-01  6.66280088048728E+01
 4.195E-01  6.70103240467444E+01
 4.252E-01  6.73263082989323E+01
 4.311E-01  6.75710057691616E+01
 4.369E-01  6.77401476104526E+01
 4.429E-01  6.78301696741801E+01
 4.489E-01  6.78382230735414E+01
 4.551E-01  6.77621776610287E+01
 4.613E-01  6.76006186030724E+01
 4.676E-01  6.73528363095898E+01
 4.740E-01  6.70188100447817E+01
 4.804E-01  6.65991856073739E+01
 4.870E-01  6.60952475229448E+01
 4.936E-01  6.55088862375217E+01
 5.004E-01  6.48425608399365E+01
 5.072E-01  6.40992578703213E+01
 5.141E-01  6.32824467935811E+01
 5.212E-01  6.23960327298114E+01
 5.283E-01  6.14443070386898E+01
 5.355E-01  6.04318963522216E+01
 5.428E-01  5.93637106403316E+01
 5.502E-01  5.82448908772199E+01
 5.577E-01  5.70807568537537E+01
 5.653E-01  5.58767556531325E+01
 5.731E-01  5.46384112743369E+01
 5.809E-01  5.33712758511814E+01
 5.888E-01  5.20808828748711E+01
 5.969E-01  5.07727027855281E+01
 6.050E-01  4.94521012539080E+01
 6.133E-01  4.81243004291429E+01
 6.216E-01  4.67943433824587E+01
 6.301E-01  4.54670619310039E+01
 6.387E-01  4.41470479807467E+01
 6.474E-01  4.28386284833284E+01
 6.563E-01  4.15458440592437E+01
 6.652E-01  4.02724312991344E+01
 6.743E-01  3.90218087166692E+01
 6.835E-01  3.77970662907077E+01
 6.929E-01  3.66009585014521E+01
 7.023E-01  3.54359007352517E+01
 7.119E-01  3.43039689057820E+01
 7.216E-01  3.32069021155751E+01
 7.315E-01  3.21461081613727E+01
 7.415E-01  3.11226716695493E+01
 7.516E-01  3.01373646338707E+01
 7.618E-01  2.91906591170902E+01
 7.723E-01  2.82827418702415E+01
 7.828E-01  2.74135306188760E+01
 7.935E-01  2.65826917637722E+01
 8.043E-01  2.57896592446609E+01
 8.153E-01  2.50336543190966E+01
 8.264E-01  2.43137060145502E+01
 8.377E-01  2.36286720199131E+01
 8.491E-01  2.29772597926432E+01
 8.607E-01  2.23580476695351E+01
 8.725E-01  2.17695057823081E+01
 8.844E-01  2.12100165936457E+01
 8.965E-01  2.06778948847442E+01
 9.087E-01  2.01714070415996E+01
 9.211E-01  1.96887895039595E+01
 9.337E-01  1.92282662578629E+01
 9.464E-01  1.87880652697903E+01
 9.594E-01  1.83664337774469E+01
 9.725E-01  1.79616523689399E+01
 9.857E-01  1.75720477984143E+01
 9.992E-01  1.71960045019484E+01
 1.013E+00  1.68319747925499E+01
 1.027E+00  1.64784877273294E+01
 1.041E+00  1.61341566532666E+01
 1.055E+00  1.57976854503561E+01
 1.069E+00  1.54678735022530E+01
 1.084E+00  1.51436194348006E+01
 1.099E+00  1.48239236719725E+01
 1.114E+00  1.45078898667868E+01
 1.129E+00  1.41947252716394E+01
 1.144E+00  1.38837401182737E+01
 1.160E+00  1.35743460822575E+01
 1.176E+00  1.32660539104185E+01
 1.192E+00  1.29584702922249E+01
 1.208E+00  1.26512940576367E+01
 1.225E+00  1.23443117845514E+01
 1.241E+00  1.20373928986880E+01
 1.258E+00  1.17304843476549E+01
 1.275E+00  1.14236049291150E+01
 1.293E+00  1.11168393504534E+01
 1.310E+00  1.08103320942659E+01
 1.328E+00  1.05042811603817E+01
 1.347E+00  1.01989317511014E+01
 1.365E+00  9.89456996194321E+00
 1.384E+00  9.59151653552535E+00
 1.402E+00  9.29012073134302E+00
 1.422E+00  8.99075435918934E+00
 1.441E+00  8.69380601889305E+00
 1.461E+00  8.39967558395478E+00
 1.481E+00  8.10876896161637E+00
 1.501E+00  7.82149315694140E+00
 1.521E+00  7.53825166366348E+00
 1.542E+00  7.25944019990835E+00
 1.563E+00  6.98544280244866E+00
 1.584E+00  6.71662828893192E+00
 1.606E+00  6.45334709355294E+00
 1.628E+00  6.19592847793853E+00
 1.650E+00  5.94467811558431E+00
 1.673E+00  5.69987604503922E+00
 1.696E+00  5.46177498417540E+00
 1.719E+00  5.23059899530939E+00
 1.742E+00  5.00654248865374E+00
 1.766E+00  4.78976954956882E+00
 1.790E+00  4.58041357334896E+00
 1.815E+00  4.37857718980390E+00
 1.839E+00  4.18433245867851E+00
 1.864E+00  3.99772131597925E+00
 1.890E+00  3.81875625053432E+00
 1.916E+00  3.64742118959509E+00
 1.942E+00  3.48367257197595E+00
 1.968E+00  3.32744058711887E+00
 1.995E+00  3.17863055854298E+00
 2.022E+00  3.03712445038882E+00
 2.050E+00  2.90278247617779E+00
 2.078E+00  2.77544478946831E+00
 2.106E+00  2.65493323678832E+00
 2.135E+00  2.54105315404661E+00
 2.164E+00  2.43359518855936E+00
 2.194E+00  2.33233712986009E+00
 2.224E+00  2.23704573357670E+00
 2.254E+00  2.14747852384355E+00
 2.285E+00  2.06338556095578E+00
 2.316E+00  1.98451116225033E+00
 2.348E+00  1.91059556550001E+00
 2.380E+00  1.84137652541629E+00
 2.412E+00  1.77659083515960E+00
 2.445E+00  1.71597576603705E+00
 2.479E+00  1.65927041981401E+00
 2.513E+00  1.60621698926456E+00
 2.547E+00  1.55656192372548E+00
 2.582E+00  1.51005699748996E+00
 2.617E+00  1.46646027987259E+00
 2.653E+00  1.42553700669097E+00
 2.689E+00  1.38706035373783E+00
 2.725E+00  1.35081211355902E+00
 2.763E+00  1.31658327750760E+00
 2.800E+00  1.28417452561408E+00
 2.839E+00  1.25339662730111E+00
 2.877E+00  1.22407075638228E+00
 2.917E+00  1.19602872412336E+00
 2.956E+00  1.16911313441817E+00
 2.997E+00  1.14317746534399E+00
 3.038E+00  1.11808608152142E+00
 3.079E+00  1.09371418181521E+00
 3.121E+00  1.06994768698283E+00
 3.164E+00  1.04668307191042E+00
 3.207E+00  1.02382714707738E+00
 3.251E+00  1.00129679386418E+00
 3.295E+00  9.79018658267498E-01
 3.340E+00  9.56928807515536E-01
 3.386E+00  9.34972353986679E-01
 3.432E+00  9.13103050729259E-01
 3.479E+00  8.91282862760828E-01
 3.526E+00  8.69481518193590E-01
 3.575E+00  8.47676043090089E-01
 3.623E+00  8.25850283800982E-01
 3.673E+00  8.03994420375991E-01
 3.723E+00  7.82104474470808E-01
 3.774E+00  7.60181814997960E-01
 3.825E+00  7.38232664589189E-01
 3.878E+00  7.16267609751805E-01
 3.930E+00  6.94301117412591E-01
 3.984E+00  6.72351060351055E-01
 4.039E+00  6.50438253830036E-01
 4.094E+00  6.28586005536818E-01
 4.150E+00  6.06819680752704E-01
 4.206E+00  5.85166284474481E-01
 4.264E+00  5.63654062017996E-01
 4.322E+00  5.42312119443072E-01
 4.381E+00  5.21170064950804E-01
 4.441E+00  5.00257672219759E-01
 4.501E+00  4.79604566467158E-01
 4.563E+00  4.59239933845524E-01
 4.625E+00  4.39192254614946E-01
 4.688E+00  4.19489060366503E-01
 4.752E+00  4.00156715414069E-01
 4.817E+00  3.81220222319862E-01
 4.883E+00  3.62703051374324E-01
 4.950E+00  3.44626993713256E-01
 5.017E+00  3.27012037625168E-01
 5.086E+00  3.09876267479547E-01
 5.155E+00  2.93235784592737E-01
 5.225E+00  2.77104649242328E-01
 5.297E+00  2.61494842943870E-01
 5.369E+00  2.46416250015434E-01
 5.442E+00  2.31876657376281E-01
 5.517E+00  2.17881771456012E-01
 5.592E+00  2.04435251030036E-01
 5.668E+00  1.91538754746443E-01
 5.746E+00  1.79192002068300E-01
 5.824E+00  1.67392846324357E-01
 5.904E+00  1.56137358540042E-01
 5.984E+00  1.45419920709589E-01
 6.066E+00  1.35233327169047E-01
 6.149E+00  1.25568892738772E-01
 6.233E+00  1.16416566322480E-01
 6.318E+00  1.07765048677925E-01
 6.404E+00  9.96019131113062E-02
 6.491E+00  9.19137278932078E-02
 6.580E+00  8.46861792477115E-02
 6.670E+00  7.79041938276661E-02
 6.761E+00  7.15520596572391E-02
 6.853E+00  6.56135445970546E-02
 6.947E+00  6.00720114665707E-02
 7.042E+00  5.49105290419605E-02
 7.138E+00  5.01119782346713E-02
 7.235E+00  4.56591528450469E-02
 7.334E+00  4.15348543758969E-02
 7.434E+00  3.77219804816608E-02
 7.536E+00  3.42036067188322E-02
 7.639E+00  3.09630613516116E-02
 7.743E+00  2.79839930523942E-02
 7.849E+00  2.52504314188207E-02
 7.956E+00  2.27468403068959E-02
 8.064E+00  2.04581640524197E-02
 8.174E+00  1.83698667200533E-02
 8.286E+00  1.64679645802430E-02
 8.399E+00  1.47390520685457E-02
 8.514E+00  1.31703215293521E-02
 8.630E+00  1.17495770864162E-02
 8.748E+00  1.04652430159002E-02
 8.867E+00  9.30636702389594E-03
 8.988E+00  8.26261884972098E-03
 9.111E+00  7.32428462897399E-03
 9.235E+00  6.48225745668425E-03
 9.362E+00  5.72802459132561E-03
 9.489E+00  5.05365173545069E-03
 9.619E+00  4.45176481875923E-03
 9.750E+00  3.91552969510383E-03
 9.883E+00  3.43863014684369E-03
 1.002E+01  3.01524456867665E-03
 1.016E+01  2.64002167921333E-03
 1.029E+01  2.30805558268846E-03
 1.043E+01  2.01486047590501E-03
 1.058E+01  1.75634526731022E-03
 1.072E+01  1.52878834651470E-03
 1.087E+01  1.32881271404380E-03
 1.102E+01  1.15336165306673E-03
 1.117E+01  9.99675097644924E-04
 1.132E+01  8.65266825986805E-04
 1.147E+01  7.47902582547054E-04
 1.163E+01  6.45579209770963E-04
 1.179E+01  5.56504849011310E-04
 1.195E+01  4.79080250743343E-04
 1.211E+01  4.11881216735164E-04
 1.228E+01  3.53642181317713E-04
 1.245E+01  3.03240925325648E-04
 1.262E+01  2.59684404601965E-04
 1.279E+01  2.22095665102212E-04
 1.296E+01  1.89701808503897E-04
 1.314E+01  1.61822965711179E-04
 1.332E+01  1.37862230618794E-04
 1.350E+01  1.17296502829155E-04
 1.368E+01  9.96681855638518E-05
 1.387E+01  8.45776836352258E-05
 1.406E+01  7.16766459065471E-05
 1.425E+01  6.06618970359049E-05
 1.445E+01  5.12700043405197E-05
 1.464E+01  4.32724272135798E-05
 1.484E+01  3.64711985630489E-05
 1.505E+01  3.06950901186857E-05
 1.525E+01  2.57962160777831E-05
 1.546E+01  2.16470323502870E-05
 1.567E+01  1.81376915489812E-05
 1.589E+01  1.51737167892316E-05
 1.610E+01  1.26739602643079E-05
 1.632E+01  1.05688154043029E-05
 1.655E+01  8.79865417545675E-06
 1.677E+01  7.31246370612973E-06
 1.700E+01  6.06665891650583E-06
 1.723E+01  5.02405016798536E-06
 1.747E+01  4.15294712710184E-06
 1.771E+01  3.42638205391744E-06
 1.795E+01  2.82143757618052E-06
 1.819E+01  2.31866570094204E-06
 1.844E+01  1.90158635012501E-06
 1.869E+01  1.55625509273100E-06
 1.895E+01  1.27089099228291E-06
 1.921E+01  1.03555660289461E-06
 1.947E+01  8.41883140721692E-07
 1.974E+01  6.82834739297816E-07
 2.000E+01  5.52506477765141E-07
 2.028E+01  4.45955656855577E-07
 2.055E+01  3.59081238146169E-07
 2.084E+01  2.88417791078137E-07
 2.112E+01  2.31077194661377E-07
 2.141E+01  1.84661051661094E-07
 2.170E+01  1.47181842728121E-07
 2.200E+01  1.16996126694538E-07
 2.230E+01  9.27480356396459E-08
 2.260E+01  7.33215573876379E-08
 2.291E+01  5.78003093931615E-08
 2.322E+01  4.54336905291994E-08
 2.354E+01  3.56084549588553E-08
 2.386E+01  2.78248883753133E-08
 2.419E+01  2.16768843296984E-08
 2.452E+01  1.68353196502959E-08
 2.485E+01  1.30342152688731E-08
 2.519E+01  1.00592439975491E-08
 2.554E+01  7.73821157449310E-09
 2.588E+01  5.93319302906952E-09
 2.624E+01  4.53405432608033E-09
 2.660E+01  3.45313038875062E-09
 2.696E+01  2.62086588339952E-09
 2.733E+01  1.98225536551607E-09
 2.770E+01  1.49394522232735E-09
 2.808E+01  1.12188189549786E-09
 2.846E+01  8.39409645899230E-10
 2.885E+01  6.25737079555640E-10
 2.924E+01  4.64705180625905E-10
 2.964E+01  3.43801033631732E-10
 3.005E+01  2.53371058945208E-10
 3.046E+01  1.85995690138788E-10
 3.087E+01  1.35994212816231E-10
 3.130E+01  9.90341560952302E-11
 3.172E+01  7.18243482140316E-11
 3.216E+01  5.18746622561489E-11
 3.259E+01  3.73087122352799E-11
 3.304E+01  2.67184217408620E-11
 3.349E+01  1.90515696401553E-11
 3.395E+01  1.35251991532649E-11
 3.441E+01  9.55922541923907E-12
 3.488E+01  6.72574969620094E-12
 3.536E+01  4.71053396465070E-12
 3.584E+01  3.28384864452745E-12
 3.633E+01  2.27851250650213E-12
 3.683E+01  1.57342610860152E-12
 3.733E+01  1.08128184030004E-12
 3.784E+01  7.39434421096138E-13
 3.835E+01  5.03151521052386E-13
 3.888E+01  3.40648168228674E-13
 3.941E+01  2.29451460166088E-13
 3.995E+01  1.53752447588682E-13
 4.049E+01  1.02486868882375E-13
 4.104E+01  6.79512586461988E-14
 4.161E+01  4.48102735722291E-14
 4.217E+01  2.93883921019001E-14
 4.275E+01  1.91672220978516E-14
 4.333E+01  1.24306640254816E-14
 4.392E+01  8.01581661779597E-15
 4.452E+01  5.13908692332809E-15
 4.513E+01  3.27548486426771E-15
 4.575E+01  2.07531522888756E-15
 4.637E+01  1.30701407743117E-15
 4.701E+01  8.18155435804913E-16
 4.765E+01  5.09011216863150E-16
 4.830E+01  3.14731475773033E-16
 4.896E+01  1.93408111866476E-16
 4.963E+01  1.18129205096594E-16
 5.030E+01  7.17231372009548E-17
 5.099E+01  4.33041578231079E-17
 5.169E+01  2.60166620109126E-17
 5.239E+01  1.55718974407319E-17
 5.311E+01  9.30505455593888E-18
 5.383E+01  5.57180196491601E-18
 5.457E+01  3.36475148746554E-18
 5.531E+01  2.07146729472167E-18
 5.607E+01  0.00000000000000E+00
 5.683E+01  0.00000000000000E+00
 5.761E+01  0.00000000000000E+00
 5.839E+01  0.00000000000000E+00
 5.919E+01  0.00000000000000E+00
 6.000E+01  0.00000000000000E+00
