line2: Z,NR,R(1),R(NR) /line3,4,...: R(N),RHO*4*PI*R(N)**2
57.00  2000  1.01365245284744E-10  6.00000000000000E+01
 1.014E-10  5.01119971176951E-13
 1.027E-10  5.13632645723424E-13
 1.042E-10  5.26457754486301E-13
 1.056E-10  5.94643554035544E-13
 1.070E-10  6.09491458111663E-13
 1.085E-10  6.24710105732475E-13
 1.100E-10  6.40308754136803E-13
 1.115E-10  6.56296891729297E-13
 1.130E-10  6.72684243826895E-13
 1.145E-10  6.89480778584001E-13
 1.161E-10  7.06696713053794E-13
 1.177E-10  7.24342519403311E-13
 1.193E-10  7.42428931283513E-13
 1.209E-10  7.60966950358398E-13
 1.226E-10  7.79967852997119E-13
 1.242E-10  7.99443197133239E-13
 1.259E-10  8.19404829295121E-13
 1.276E-10  8.39864891812132E-13
 1.294E-10  8.60835830200498E-13
 1.312E-10  8.82330400733712E-13
 1.329E-10  9.04361678202128E-13
 1.348E-10  9.26943063865865E-13
 1.366E-10  9.50088293606802E-13
 1.385E-10  9.73811446283785E-13
 1.404E-10  9.98126952296522E-13
 1.423E-10  1.02304960236348E-12
 1.442E-10  1.04859455651873E-12
 1.462E-10  1.07477735333360E-12
 1.482E-10  1.10161391936844E-12
 1.502E-10  1.12912057886064E-12
 1.523E-10  1.15731406365425E-12
 1.543E-10  1.18621152337772E-12
 1.564E-10  1.21583053587577E-12
 1.586E-10  1.24618911790170E-12
 1.607E-10  1.27730573607659E-12
 1.629E-10  1.30919931812240E-12
 1.652E-10  1.34188926437521E-12
 1.674E-10  1.37539545958623E-12
 1.697E-10  1.40973828501737E-12
 1.720E-10  1.44493863083877E-12
 1.744E-10  1.48101790883597E-12
 1.767E-10  1.51799806543434E-12
 1.792E-10  1.55590159504868E-12
 1.816E-10  1.59475155376631E-12
 1.841E-10  1.63457157337160E-12
 1.866E-10  1.67538587572083E-12
 1.891E-10  1.71721928747589E-12
 1.917E-10  1.76009725520606E-12
 1.943E-10  1.80404586086659E-12
 1.970E-10  1.84909183766388E-12
 1.997E-10  1.89526258631719E-12
 2.024E-10  1.94258619172566E-12
 2.052E-10  1.99109144005186E-12
 2.080E-10  2.04080783623227E-12
 2.108E-10  2.09176562192452E-12
 2.137E-10  2.14399579390261E-12
 2.166E-10  2.19753012291208E-12
 2.196E-10  2.25240117299552E-12
 2.226E-10  2.30864232130065E-12
 2.256E-10  2.36628777838309E-12
 2.287E-10  2.42537260901632E-12
 2.318E-10  2.48593275352061E-12
 2.350E-10  2.54800504962506E-12
 2.382E-10  2.61162725487560E-12
 2.414E-10  2.67683806960211E-12
 2.447E-10  2.74367716045903E-12
 2.481E-10  2.81218518455393E-12
 2.515E-10  2.88240381417907E-12
 2.549E-10  2.95437576215941E-12
 2.584E-10  3.02814480783424E-12
 2.619E-10  3.10375582368747E-12
 2.655E-10  3.18125480264268E-12
 2.691E-10  3.26068888604018E-12
 2.728E-10  3.34210639231199E-12
 2.765E-10  3.42555684637331E-12
 2.803E-10  3.51109100974754E-12
 2.841E-10  3.59876091144394E-12
 2.880E-10  3.68861987960552E-12
 2.919E-10  3.78072257394810E-12
 2.959E-10  3.87512501900871E-12
 2.999E-10  3.97188463822461E-12
 3.040E-10  4.07106028886275E-12
 3.082E-10  4.17271229782166E-12
 3.124E-10  4.27690249832757E-12
 3.166E-10  4.38369426754621E-12
 3.210E-10  4.49315256513419E-12
 3.253E-10  4.60534397275284E-12
 3.298E-10  4.72033673456897E-12
 3.343E-10  4.83820079876631E-12
 3.389E-10  4.95900786009383E-12
 3.435E-10  5.08283140347723E-12
 3.482E-10  5.20974674871728E-12
 3.529E-10  5.33983109630645E-12
 3.577E-10  5.47316357438899E-12
 3.626E-10  5.60982528689199E-12
 3.676E-10  5.74989936286098E-12
 3.726E-10  5.89347100702485E-12
 3.777E-10  6.04062755162526E-12
 3.828E-10  6.19145850953899E-12
 3.881E-10  6.34605562872678E-12
 3.934E-10  6.50451294804282E-12
 3.987E-10  6.66692685443644E-12
 4.042E-10  6.83339614158322E-12
 4.097E-10  7.00402206997905E-12
 4.153E-10  7.17890842853500E-12
 4.210E-10  7.35816159771114E-12
 4.267E-10  7.54189061422559E-12
 4.325E-10  7.73020723737938E-12
 4.384E-10  7.92322601703796E-12
 4.444E-10  8.12106436331122E-12
 4.505E-10  8.32384261796998E-12
 4.566E-10  8.53168412764859E-12
 4.629E-10  8.74471531887603E-12
 4.692E-10  8.96306577497712E-12
 4.756E-10  9.18686831489677E-12
 4.821E-10  9.41625907399129E-12
 4.887E-10  9.65137758683788E-12
 4.953E-10  9.89236687211087E-12
 5.021E-10  1.01393735195763E-11
 5.090E-10  1.03925477792623E-11
 5.159E-10  1.06520436528520E-11
 5.230E-10  1.09180189873602E-11
 5.301E-10  1.11906355711504E-11
 5.373E-10  1.14700592323460E-11
 5.447E-10  1.17564599397030E-11
 5.521E-10  1.20500119059969E-11
 5.596E-10  1.23508936939954E-11
 5.673E-10  1.26592883250738E-11
 5.750E-10  1.29753833905440E-11
 5.829E-10  1.32993711657636E-11
 5.908E-10  1.36314487270937E-11
 5.989E-10  1.39718180717764E-11
 6.071E-10  1.43206862408075E-11
 6.154E-10  1.46782654448763E-11
 6.238E-10  1.50447731934467E-11
 6.323E-10  1.54204324270685E-11
 6.409E-10  1.58054716529870E-11
 6.497E-10  1.62001250841385E-11
 6.585E-10  1.66046327816204E-11
 6.675E-10  1.70192408007151E-11
 6.766E-10  1.74442013405612E-11
 6.859E-10  1.78797728975631E-11
 6.952E-10  1.83262204226279E-11
 7.047E-10  1.87838154823329E-11
 7.144E-10  1.92528364241149E-11
 7.241E-10  1.97335685455813E-11
 7.340E-10  2.02263042680554E-11
 7.440E-10  2.07313433144487E-11
 7.542E-10  2.12489928915799E-11
 7.645E-10  2.17795678770416E-11
 7.749E-10  2.23233910107350E-11
 7.855E-10  2.28807930911875E-11
 7.962E-10  2.34521131767722E-11
 8.071E-10  2.40376987919529E-11
 8.181E-10  2.46379061386742E-11
 8.293E-10  2.52531003130357E-11
 8.406E-10  2.58836555273715E-11
 8.521E-10  2.65299553378788E-11
 8.637E-10  2.71923928779304E-11
 8.755E-10  2.78713710972068E-11
 8.874E-10  2.85673030068061E-11
 8.996E-10  2.92806119304718E-11
 9.118E-10  3.00117317620942E-11
 9.243E-10  3.07611072296392E-11
 9.369E-10  3.15291941656684E-11
 9.497E-10  3.23164597846157E-11
 9.627E-10  3.31233829669856E-11
 9.758E-10  3.39504545506504E-11
 9.891E-10  3.47981776294108E-11
 1.003E-09  3.56670678590284E-11
 1.016E-09  3.65576537708871E-11
 1.030E-09  3.74704770934882E-11
 1.044E-09  3.84060930819754E-11
 1.059E-09  3.93650708558871E-11
 1.073E-09  4.03479937453439E-11
 1.088E-09  4.13554596458763E-11
 1.102E-09  4.23880813821161E-11
 1.118E-09  4.34464870805636E-11
 1.133E-09  4.45313205516739E-11
 1.148E-09  4.56432416814665E-11
 1.164E-09  4.67829268329265E-11
 1.180E-09  4.79510692574296E-11
 1.196E-09  4.91483795164293E-11
 1.212E-09  5.03755859136788E-11
 1.229E-09  5.16334349382492E-11
 1.246E-09  5.29226917186083E-11
 1.263E-09  5.42441404880254E-11
 1.280E-09  5.55985850616162E-11
 1.297E-09  5.69868493252896E-11
 1.315E-09  5.84097777368958E-11
 1.333E-09  5.98682358399053E-11
 1.351E-09  6.13631107898983E-11
 1.370E-09  6.28953118942069E-11
 1.388E-09  6.44657711650298E-11
 1.407E-09  6.60754438863643E-11
 1.426E-09  6.77253091950879E-11
 1.446E-09  6.94163706765441E-11
 1.466E-09  7.11496569750145E-11
 1.486E-09  7.29262224194260E-11
 1.506E-09  7.47471476646702E-11
 1.527E-09  7.66135403489551E-11
 1.547E-09  7.85265357675676E-11
 1.568E-09  8.04872975634426E-11
 1.590E-09  8.24970184349932E-11
 1.612E-09  8.45569208616102E-11
 1.634E-09  8.66682578472715E-11
 1.656E-09  8.88323136827262E-11
 1.679E-09  9.10504047267051E-11
 1.701E-09  9.33238802066403E-11
 1.725E-09  9.56541230393713E-11
 1.748E-09  9.80425506723531E-11
 1.772E-09  1.00490615945878E-10
 1.796E-09  1.02999807976791E-10
 1.821E-09  1.05571653064297E-10
 1.846E-09  1.08207715618412E-10
 1.871E-09  1.10909599111528E-10
 1.896E-09  1.13678947053791E-10
 1.922E-09  1.16517443992837E-10
 1.949E-09  1.19426816538449E-10
 1.975E-09  1.22408834412832E-10
 2.002E-09  1.25465311527116E-10
 2.029E-09  1.28598107084710E-10
 2.057E-09  1.31809126712236E-10
 2.085E-09  1.35100323618673E-10
 2.114E-09  1.38473699783476E-10
 2.143E-09  1.41931307174342E-10
 2.172E-09  1.45475248995386E-10
 2.201E-09  1.49107680966476E-10
 2.232E-09  1.52830812634521E-10
 2.262E-09  1.56646908717520E-10
 2.293E-09  1.60558290482121E-10
 2.324E-09  1.64567337155620E-10
 2.356E-09  1.68676487373220E-10
 2.388E-09  1.72888240661380E-10
 2.421E-09  1.77205158958254E-10
 2.454E-09  1.81629868172062E-10
 2.487E-09  1.86165059778414E-10
 2.521E-09  1.90813492457434E-10
 2.556E-09  1.95577993771848E-10
 2.590E-09  2.00461461886959E-10
 2.626E-09  2.05466867333512E-10
 2.662E-09  2.10597254814646E-10
 2.698E-09  2.15855745057918E-10
 2.735E-09  2.21245536713593E-10
 2.772E-09  2.26769908300307E-10
 2.810E-09  2.32432220199377E-10
 2.848E-09  2.38235916698824E-10
 2.887E-09  2.44184528088472E-10
 2.927E-09  2.50281672807383E-10
 2.967E-09  2.56531059644880E-10
 3.007E-09  2.62936489996534E-10
 3.048E-09  2.69501860176489E-10
 3.090E-09  2.76231163787519E-10
 3.132E-09  2.83128494150281E-10
 3.175E-09  2.90198046793166E-10
 3.218E-09  2.97444122004430E-10
 3.262E-09  3.04871127447938E-10
 3.307E-09  3.12483580844257E-10
 3.352E-09  3.20286112718763E-10
 3.398E-09  3.28283469218236E-10
 3.444E-09  3.36480514997910E-10
 3.491E-09  3.44882236180530E-10
 3.539E-09  3.53493743389338E-10
 3.587E-09  3.62320274856758E-10
 3.636E-09  3.71367199610709E-10
 3.685E-09  3.80640020740542E-10
 3.736E-09  3.90144378744401E-10
 3.787E-09  3.99886054960293E-10
 3.838E-09  4.09870975082757E-10
 3.891E-09  4.20105212767309E-10
 3.944E-09  4.30594993325007E-10
 3.998E-09  4.41346697509177E-10
 4.052E-09  4.52366865396677E-10
 4.108E-09  4.63662200366153E-10
 4.164E-09  4.75239573175543E-10
 4.221E-09  4.87106026141453E-10
 4.278E-09  4.99268777422914E-10
 4.337E-09  5.11735225411964E-10
 4.396E-09  5.24512953234027E-10
 4.456E-09  5.37609733360567E-10
 4.517E-09  5.51033532336949E-10
 4.578E-09  5.64792515628344E-10
 4.641E-09  5.78895052586604E-10
 4.704E-09  5.93349721541251E-10
 4.769E-09  6.08165315017447E-10
 4.834E-09  6.23350845084352E-10
 4.900E-09  6.38915548837044E-10
 4.967E-09  6.54868894015198E-10
 5.034E-09  6.71220584762171E-10
 5.103E-09  6.87980567527896E-10
 5.173E-09  7.05159037119071E-10
 5.243E-09  7.22766442900473E-10
 5.315E-09  7.40813495151171E-10
 5.388E-09  7.59311171579321E-10
 5.461E-09  7.78270723999721E-10
 5.536E-09  7.97703685178082E-10
 5.611E-09  8.17621875846256E-10
 5.688E-09  8.38037411892495E-10
 5.765E-09  8.58962711731350E-10
 5.844E-09  8.80410503857524E-10
 5.924E-09  9.02393834588414E-10
 6.005E-09  9.24926075999967E-10
 6.087E-09  9.48020934060601E-10
 6.170E-09  9.71692456968337E-10
 6.254E-09  9.95955043696048E-10
 6.340E-09  1.02082345275004E-09
 6.426E-09  1.04631281114740E-09
 6.514E-09  1.07243862361752E-09
 6.603E-09  1.09921678203331E-09
 6.693E-09  1.12666357507782E-09
 6.784E-09  1.15479569815250E-09
 6.877E-09  1.18363026353257E-09
 6.971E-09  1.21318481077618E-09
 7.066E-09  1.24347731739330E-09
 7.162E-09  1.27452620978116E-09
 7.260E-09  1.30635037443274E-09
 7.359E-09  1.33896916942484E-09
 7.460E-09  1.37240243619345E-09
 7.562E-09  1.40667051160285E-09
 7.665E-09  1.44179424031606E-09
 7.770E-09  1.47779498747432E-09
 7.876E-09  1.51469465169310E-09
 7.983E-09  1.55251567838251E-09
 8.092E-09  1.59128107340052E-09
 8.203E-09  1.63101441704701E-09
 8.315E-09  1.67173987840696E-09
 8.428E-09  1.71348223005223E-09
 8.543E-09  1.75626686311026E-09
 8.660E-09  1.80011980270901E-09
 8.778E-09  1.84506772380727E-09
 8.898E-09  1.89113796742075E-09
 9.019E-09  1.93835855725314E-09
 9.142E-09  1.98675821674217E-09
 9.267E-09  2.03636638653162E-09
 9.394E-09  2.08721324237944E-09
 9.522E-09  2.13932971351318E-09
 9.652E-09  2.19274750144336E-09
 9.784E-09  2.24749909924704E-09
 9.917E-09  2.30361781133285E-09
 1.005E-08  2.36113777369914E-09
 1.019E-08  2.42009397469829E-09
 1.033E-08  2.48052227631958E-09
 1.047E-08  2.54245943600295E-09
 1.061E-08  2.60594312899813E-09
 1.076E-08  2.67101197128184E-09
 1.090E-08  2.73770554304652E-09
 1.105E-08  2.80606441277673E-09
 1.120E-08  2.87613016192590E-09
 1.136E-08  2.94794541020939E-09
 1.151E-08  3.02155384152948E-09
 1.167E-08  3.09700023054723E-09
 1.183E-08  3.17433046991752E-09
 1.199E-08  3.25359159820533E-09
 1.215E-08  3.33483182849810E-09
 1.232E-08  3.41810057773231E-09
 1.249E-08  3.50344849675346E-09
 1.266E-08  3.59092750112532E-09
 1.283E-08  3.68059080270935E-09
 1.301E-08  3.77249294203246E-09
 1.318E-08  3.86668982146261E-09
 1.336E-08  3.96323873921299E-09
 1.355E-08  4.06219842419562E-09
 1.373E-08  4.16362907174469E-09
 1.392E-08  4.26759238023201E-09
 1.411E-08  4.37415158859715E-09
 1.430E-08  4.48337151481374E-09
 1.450E-08  4.59531859531744E-09
 1.470E-08  4.71006092541743E-09
 1.490E-08  4.82766830071751E-09
 1.510E-08  4.94821225957075E-09
 1.531E-08  5.07176612659527E-09
 1.551E-08  5.19840505727615E-09
 1.573E-08  5.32820608367993E-09
 1.594E-08  5.46124816131228E-09
 1.616E-08  5.59761221714460E-09
 1.638E-08  5.73738119884045E-09
 1.660E-08  5.88064012521007E-09
 1.683E-08  6.02747613792594E-09
 1.706E-08  6.17797855452912E-09
 1.729E-08  6.33223892275889E-09
 1.753E-08  6.49035107623909E-09
 1.777E-08  6.65241119155496E-09
 1.801E-08  6.81851784675555E-09
 1.826E-08  6.98877208131567E-09
 1.851E-08  7.16327745759711E-09
 1.876E-08  7.34214012384257E-09
 1.901E-08  7.52546887874221E-09
 1.927E-08  7.71337523761491E-09
 1.954E-08  7.90597350023996E-09
 1.980E-08  8.10338082038252E-09
 2.007E-08  8.30571727705543E-09
 2.035E-08  8.51310594756091E-09
 2.063E-08  8.72567298235601E-09
 2.091E-08  8.94354768178519E-09
 2.119E-08  9.16686257473222E-09
 2.148E-08  9.39575349923402E-09
 2.178E-08  9.63035968510682E-09
 2.207E-08  9.87082383863754E-09
 2.237E-08  1.01172922293872E-08
 2.268E-08  1.03699147791645E-08
 2.299E-08  1.06288451532180E-08
 2.330E-08  1.08942408537082E-08
 2.362E-08  1.11662633155118E-08
 2.394E-08  1.14450780044180E-08
 2.427E-08  1.17308545177785E-08
 2.460E-08  1.20237666876674E-08
 2.494E-08  1.23239926866194E-08
 2.528E-08  1.26317151360098E-08
 2.562E-08  1.29471212171359E-08
 2.597E-08  1.32704027850749E-08
 2.633E-08  1.36017564853857E-08
 2.669E-08  1.39413838737210E-08
 2.705E-08  1.42894915384314E-08
 2.742E-08  1.46462912262254E-08
 2.779E-08  1.50119999709702E-08
 2.817E-08  1.53868402257071E-08
 2.856E-08  1.57710399979645E-08
 2.895E-08  1.61648329884486E-08
 2.934E-08  1.65684587331967E-08
 2.974E-08  1.69821627492811E-08
 3.015E-08  1.74061966841506E-08
 3.056E-08  1.78408184687003E-08
 3.098E-08  1.82862924741638E-08
 3.140E-08  1.87428896729243E-08
 3.183E-08  1.92108878033367E-08
 3.227E-08  1.96905715386707E-08
 3.271E-08  2.01822326602691E-08
 3.315E-08  2.06861702350299E-08
 3.361E-08  2.12026907973196E-08
 3.406E-08  2.17321085354302E-08
 3.453E-08  2.22747454826898E-08
 3.500E-08  2.28309317133478E-08
 3.548E-08  2.34010055433488E-08
 3.596E-08  2.39853137361200E-08
 3.645E-08  2.45842117134970E-08
 3.695E-08  2.51980637719163E-08
 3.746E-08  2.58272433040089E-08
 3.797E-08  2.64721330257194E-08
 3.849E-08  2.71331252091016E-08
 3.901E-08  2.78106219209304E-08
 3.954E-08  2.85050352672603E-08
 4.008E-08  2.92167876440991E-08
 4.063E-08  2.99463119943439E-08
 4.119E-08  3.06940520711167E-08
 4.175E-08  3.14604627076924E-08
 4.232E-08  3.22460100941617E-08
 4.290E-08  3.30511720609903E-08
 4.348E-08  3.38764383696772E-08
 4.408E-08  3.47223110106586E-08
 4.468E-08  3.55893045086508E-08
 4.529E-08  3.64779462356163E-08
 4.591E-08  3.73887767315543E-08
 4.653E-08  3.83223500332892E-08
 4.717E-08  3.92792340114707E-08
 4.781E-08  4.02600107159968E-08
 4.846E-08  4.12652767300449E-08
 4.913E-08  4.22956435329661E-08
 4.980E-08  4.33517378722173E-08
 5.048E-08  4.44342021445946E-08
 5.117E-08  4.55436947869833E-08
 5.186E-08  4.66808906768521E-08
 5.257E-08  4.78464815427717E-08
 5.329E-08  4.90411763851578E-08
 5.402E-08  5.02657019075334E-08
 5.475E-08  5.15208029585658E-08
 5.550E-08  5.28072429851156E-08
 5.626E-08  5.41258044966199E-08
 5.703E-08  5.54772895410763E-08
 5.781E-08  5.68625201928794E-08
 5.860E-08  5.82823390528679E-08
 5.940E-08  5.97376097608527E-08
 6.021E-08  6.12292175209255E-08
 6.103E-08  6.27580696399030E-08
 6.186E-08  6.43250960792018E-08
 6.271E-08  6.59312500204994E-08
 6.356E-08  6.75775084455225E-08
 6.443E-08  6.92648727302959E-08
 6.531E-08  7.09943692542520E-08
 6.620E-08  7.27670500245314E-08
 6.711E-08  7.45839933158731E-08
 6.802E-08  7.64463043264916E-08
 6.895E-08  7.83551158503211E-08
 6.989E-08  8.03115889660471E-08
 7.085E-08  8.23169137433427E-08
 7.181E-08  8.43723099667413E-08
 7.279E-08  8.64790278775757E-08
 7.379E-08  8.86383489344504E-08
 7.479E-08  9.08515865926916E-08
 7.582E-08  9.31200871032743E-08
 7.685E-08  9.54452303316914E-08
 7.790E-08  9.78284305972479E-08
 7.896E-08  1.00271137533339E-07
 8.004E-08  1.02774836969203E-07
 8.113E-08  1.05341051833678E-07
 8.224E-08  1.07971343081533E-07
 8.336E-08  1.10667310642922E-07
 8.450E-08  1.13430594396548E-07
 8.566E-08  1.16262875167131E-07
 8.683E-08  1.19165875747758E-07
 8.801E-08  1.22141361947803E-07
 8.921E-08  1.25191143666967E-07
 9.043E-08  1.28317075996144E-07
 9.167E-08  1.31521060345803E-07
 9.292E-08  1.34805045602512E-07
 9.419E-08  1.38171029314356E-07
 9.547E-08  1.41621058905937E-07
 9.677E-08  1.45157232923712E-07
 9.810E-08  1.48781702312461E-07
 9.944E-08  1.52496671723565E-07
 1.008E-07  1.56304400855985E-07
 1.022E-07  1.60207205830756E-07
 1.036E-07  1.64207460599702E-07
 1.050E-07  1.68307598389434E-07
 1.064E-07  1.72510113181323E-07
 1.079E-07  1.76817561228461E-07
 1.093E-07  1.81232562610502E-07
 1.108E-07  1.85757802827279E-07
 1.123E-07  1.90396034432276E-07
 1.139E-07  1.95150078706836E-07
 1.154E-07  2.00022827376204E-07
 1.170E-07  2.05017244368362E-07
 1.186E-07  2.10136367616832E-07
 1.202E-07  2.15383310908486E-07
 1.219E-07  2.20761265777468E-07
 1.235E-07  2.26273503446408E-07
 1.252E-07  2.31923376816103E-07
 1.269E-07  2.37714322504909E-07
 1.287E-07  2.43649862938992E-07
 1.304E-07  2.49733608494828E-07
 1.322E-07  2.55969259695158E-07
 1.340E-07  2.62360609459761E-07
 1.358E-07  2.68911545412476E-07
 1.377E-07  2.75626052245776E-07
 1.396E-07  2.82508214144396E-07
 1.415E-07  2.89562217269471E-07
 1.434E-07  2.96792352304700E-07
 1.454E-07  3.04203017066098E-07
 1.473E-07  3.11798719176850E-07
 1.494E-07  3.19584078809007E-07
 1.514E-07  3.27563831493633E-07
 1.535E-07  3.35742831001069E-07
 1.556E-07  3.44126052293152E-07
 1.577E-07  3.52718594549108E-07
 1.598E-07  3.61525684267037E-07
 1.620E-07  3.70552678442795E-07
 1.642E-07  3.79805067828269E-07
 1.665E-07  3.89288480270982E-07
 1.687E-07  3.99008684137077E-07
 1.710E-07  4.08971591819781E-07
 1.734E-07  4.19183263335480E-07
 1.757E-07  4.29649910009529E-07
 1.781E-07  4.40377898254099E-07
 1.806E-07  4.51373753440382E-07
 1.830E-07  4.62644163867436E-07
 1.855E-07  4.74195984830143E-07
 1.881E-07  4.86036242788707E-07
 1.906E-07  4.98172139642267E-07
 1.932E-07  5.10611057109223E-07
 1.959E-07  5.23360561216883E-07
 1.986E-07  5.36428406903234E-07
 2.013E-07  5.49822542733605E-07
 2.040E-07  5.63551115735039E-07
 2.068E-07  5.77622476351463E-07
 2.096E-07  5.92045183522519E-07
 2.125E-07  6.06828009889125E-07
 2.154E-07  6.21979947129063E-07
 2.183E-07  6.37510211425883E-07
 2.213E-07  6.53428249074097E-07
 2.243E-07  6.69743742224567E-07
 2.274E-07  6.86466614773253E-07
 2.305E-07  7.03607038396819E-07
 2.336E-07  7.21175438739146E-07
 2.368E-07  7.39182501752240E-07
 2.401E-07  7.57639180195374E-07
 2.433E-07  7.76556700296583E-07
 2.467E-07  7.95946568580338E-07
 2.500E-07  8.15820578865845E-07
 2.534E-07  8.36190819439993E-07
 2.569E-07  8.57069680409268E-07
 2.604E-07  8.78469861235463E-07
 2.640E-07  9.00404378459258E-07
 2.676E-07  9.22886573616776E-07
 2.712E-07  9.45930121353813E-07
 2.749E-07  9.69549037742534E-07
 2.787E-07  9.93757688805797E-07
 2.825E-07  1.01857079925449E-06
 2.863E-07  1.04400346144271E-06
 2.903E-07  1.07007114454665E-06
 2.942E-07  1.09678970397282E-06
 2.982E-07  1.12417539100084E-06
 3.023E-07  1.15224486266707E-06
 3.064E-07  1.18101519189516E-06
 3.106E-07  1.21050387787924E-06
 3.149E-07  1.24072885672651E-06
 3.192E-07  1.27170851236548E-06
 3.235E-07  1.30346168772653E-06
 3.279E-07  1.33600769620157E-06
 3.324E-07  1.36936633338979E-06
 3.369E-07  1.40355788913679E-06
 3.415E-07  1.43860315987393E-06
 3.462E-07  1.47452346126601E-06
 3.509E-07  1.51134064117474E-06
 3.557E-07  1.54907709294553E-06
 3.606E-07  1.58775576902635E-06
 3.655E-07  1.62740019492615E-06
 3.705E-07  1.66803448352218E-06
 3.756E-07  1.70968334972421E-06
 3.807E-07  1.75237212550495E-06
 3.859E-07  1.79612677530551E-06
 3.911E-07  1.84097391182580E-06
 3.965E-07  1.88694081220879E-06
 4.019E-07  1.93405543462881E-06
 4.074E-07  1.98234643529424E-06
 4.129E-07  2.03184318587431E-06
 4.186E-07  2.08257579136124E-06
 4.243E-07  2.13457510837798E-06
 4.301E-07  2.18787276394320E-06
 4.360E-07  2.24250117470467E-06
 4.419E-07  2.29849356665286E-06
 4.479E-07  2.35588399532638E-06
 4.541E-07  2.41470736652189E-06
 4.603E-07  2.47499945752145E-06
 4.665E-07  2.53679693884917E-06
 4.729E-07  2.60013739657113E-06
 4.794E-07  2.66505935515230E-06
 4.859E-07  2.73160230088350E-06
 4.926E-07  2.79980670589376E-06
 4.993E-07  2.86971405276163E-06
 5.061E-07  2.94136685974057E-06
 5.130E-07  3.01480870661528E-06
 5.200E-07  3.09008426120219E-06
 5.271E-07  3.16723930651179E-06
 5.343E-07  3.24632076858916E-06
 5.416E-07  3.32737674504962E-06
 5.490E-07  3.41045653432645E-06
 5.565E-07  3.49561066564846E-06
 5.641E-07  3.58289092976625E-06
 5.718E-07  3.67235041044526E-06
 5.796E-07  3.76404351674507E-06
 5.875E-07  3.85802601610431E-06
 5.955E-07  3.95435506825141E-06
 6.037E-07  4.05308925996167E-06
 6.119E-07  4.15428864068220E-06
 6.202E-07  4.25801475904632E-06
 6.287E-07  4.36433070029855E-06
 6.373E-07  4.47330112465429E-06
 6.460E-07  4.58499230661713E-06
 6.548E-07  4.69947217527729E-06
 6.638E-07  4.81681035561590E-06
 6.728E-07  4.93707821084018E-06
 6.820E-07  5.06034888577588E-06
 6.913E-07  5.18669735134202E-06
 7.008E-07  5.31620045013584E-06
 7.103E-07  5.44893694315657E-06
 7.200E-07  5.58498755769408E-06
 7.298E-07  5.72443503641302E-06
 7.398E-07  5.86736418766281E-06
 7.499E-07  6.01386193704288E-06
 7.602E-07  6.16401738025479E-06
 7.705E-07  6.31792183727357E-06
 7.811E-07  6.47566890787158E-06
 7.917E-07  6.63735452852701E-06
 8.025E-07  6.80307703075418E-06
 8.135E-07  6.97293720088895E-06
 8.246E-07  7.14703834136553E-06
 8.358E-07  7.32548633352461E-06
 8.473E-07  7.50838970198686E-06
 8.588E-07  7.69585968063379E-06
 8.705E-07  7.88801028023643E-06
 8.824E-07  8.08495835777123E-06
 8.945E-07  8.28682368746459E-06
 9.067E-07  8.49372903361114E-06
 9.191E-07  8.70580022521170E-06
 9.316E-07  8.92316623247062E-06
 9.443E-07  9.14595924520326E-06
 9.572E-07  9.37431475320141E-06
 9.703E-07  9.60837162860207E-06
 9.835E-07  9.84827221031553E-06
 9.970E-07  1.00941623905566E-05
 1.011E-06  1.03461917035358E-05
 1.024E-06  1.06045134163677E-05
 1.038E-06  1.08692846222427E-05
 1.053E-06  1.11406663359273E-05
 1.067E-06  1.14188235916457E-05
 1.081E-06  1.17039255434061E-05
 1.096E-06  1.19961455678287E-05
 1.111E-06  1.22956613695406E-05
 1.126E-06  1.26026550892003E-05
 1.142E-06  1.29173134142174E-05
 1.157E-06  1.32398276922381E-05
 1.173E-06  1.35703940474571E-05
 1.189E-06  1.39092134998364E-05
 1.205E-06  1.42564920872990E-05
 1.222E-06  1.46124409909681E-05
 1.239E-06  1.49772766635342E-05
 1.255E-06  1.53512209608247E-05
 1.273E-06  1.57345012766565E-05
 1.290E-06  1.61273506810529E-05
 1.308E-06  1.65300080619090E-05
 1.325E-06  1.69427182701937E-05
 1.344E-06  1.73657322687722E-05
 1.362E-06  1.77993072849427E-05
 1.380E-06  1.82437069667799E-05
 1.399E-06  1.86992015433780E-05
 1.418E-06  1.91660679890945E-05
 1.438E-06  1.96445901918858E-05
 1.457E-06  2.01350591258490E-05
 1.477E-06  2.06377730280672E-05
 1.497E-06  2.11530375798629E-05
 1.518E-06  2.16811660925780E-05
 1.539E-06  2.22224796979891E-05
 1.560E-06  2.27773075434672E-05
 1.581E-06  2.33459869920129E-05
 1.603E-06  2.39288638272795E-05
 1.624E-06  2.45262924637092E-05
 1.647E-06  2.51386361619143E-05
 1.669E-06  2.57662672494322E-05
 1.692E-06  2.64095673469812E-05
 1.715E-06  2.70689276003674E-05
 1.738E-06  2.77447489181763E-05
 1.762E-06  2.84374422153854E-05
 1.786E-06  2.91474286630669E-05
 1.811E-06  2.98751399443072E-05
 1.835E-06  3.06210185165169E-05
 1.860E-06  3.13855178802827E-05
 1.886E-06  3.21691028549238E-05
 1.911E-06  3.29722498609229E-05
 1.938E-06  3.37954472094010E-05
 1.964E-06  3.46391953988168E-05
 1.991E-06  3.55040074190567E-05
 2.018E-06  3.63904090631178E-05
 2.046E-06  3.72989392465669E-05
 2.073E-06  3.82301503349579E-05
 2.102E-06  3.91846084794200E-05
 2.130E-06  4.01628939606168E-05
 2.160E-06  4.11656015412844E-05
 2.189E-06  4.21933408275565E-05
 2.219E-06  4.32467366393044E-05
 2.249E-06  4.43264293897161E-05
 2.280E-06  4.54330754743357E-05
 2.311E-06  4.65673476698059E-05
 2.343E-06  4.77299355425524E-05
 2.375E-06  4.89215458676668E-05
 2.407E-06  5.01429030582298E-05
 2.440E-06  5.13947496053414E-05
 2.473E-06  5.26778465291176E-05
 2.507E-06  5.39929738409418E-05
 2.541E-06  5.53409310172448E-05
 2.576E-06  5.67225374850799E-05
 2.611E-06  5.81386331198272E-05
 2.647E-06  5.95900787552900E-05
 2.683E-06  6.10777567065216E-05
 2.719E-06  6.26025713056853E-05
 2.757E-06  6.41654494512634E-05
 2.794E-06  6.57673411709791E-05
 2.832E-06  6.74092201987250E-05
 2.871E-06  6.90920845658996E-05
 2.910E-06  7.08169572074813E-05
 2.950E-06  7.25848865831930E-05
 2.990E-06  7.43969473141744E-05
 3.031E-06  7.62542408355139E-05
 3.072E-06  7.81578960650421E-05
 3.114E-06  8.01090700888091E-05
 3.157E-06  8.21089488636433E-05
 3.200E-06  8.41587479372109E-05
 3.244E-06  8.62597131860448E-05
 3.288E-06  8.84131215719451E-05
 3.333E-06  9.06202819172458E-05
 3.378E-06  9.28825356994060E-05
 3.424E-06  9.52012578653971E-05
 3.471E-06  9.75778576663860E-05
 3.519E-06  1.00013779513221E-04
 3.567E-06  1.02510503853255E-04
 3.615E-06  1.05069548068975E-04
 3.665E-06  1.07692467399075E-04
 3.715E-06  1.10380855882454E-04
 3.765E-06  1.13136347325736E-04
 3.817E-06  1.15960616294907E-04
 3.869E-06  1.18855379131648E-04
 3.922E-06  1.21822394995021E-04
 3.975E-06  1.24863466929067E-04
 4.030E-06  1.27980442957026E-04
 4.085E-06  1.31175217202825E-04
 4.140E-06  1.34449731040482E-04
 4.197E-06  1.37805974272174E-04
 4.254E-06  1.41245986335620E-04
 4.312E-06  1.44771857541558E-04
 4.371E-06  1.48385730342063E-04
 4.431E-06  1.52089800630427E-04
 4.491E-06  1.55886319073417E-04
 4.553E-06  1.59777592476765E-04
 4.615E-06  1.63765985184604E-04
 4.678E-06  1.67853920513772E-04
 4.742E-06  1.72043882223897E-04
 4.806E-06  1.76338416024009E-04
 4.872E-06  1.80740131116703E-04
 4.938E-06  1.85251701780799E-04
 5.006E-06  1.89875868993333E-04
 5.074E-06  1.94615442091981E-04
 5.144E-06  1.99473300478906E-04
 5.214E-06  2.04452395366943E-04
 5.285E-06  2.09555751569352E-04
 5.357E-06  2.14786469334058E-04
 5.430E-06  2.20147726223580E-04
 5.504E-06  2.25642779041804E-04
 5.579E-06  2.31274965808611E-04
 5.656E-06  2.37047707783788E-04
 5.733E-06  2.42964511541226E-04
 5.811E-06  2.49028971094763E-04
 5.890E-06  2.55244770076970E-04
 5.971E-06  2.61615683972102E-04
 6.052E-06  2.68145582404710E-04
 6.135E-06  2.74838431485121E-04
 6.219E-06  2.81698296213302E-04
 6.304E-06  2.88729342942581E-04
 6.390E-06  2.95935841904654E-04
 6.477E-06  3.03322169797369E-04
 6.565E-06  3.10892812436948E-04
 6.655E-06  3.18652367476193E-04
 6.746E-06  3.26605547190286E-04
 6.838E-06  3.34757181331885E-04
 6.931E-06  3.43112220057258E-04
 7.026E-06  3.51675736925223E-04
 7.122E-06  3.60452931970612E-04
 7.219E-06  3.69449134854240E-04
 7.318E-06  3.78669808091181E-04
 7.418E-06  3.88120550359327E-04
 7.519E-06  3.97807099890189E-04
 7.622E-06  4.07735337944123E-04
 7.726E-06  4.17911292371819E-04
 7.831E-06  4.28341141264395E-04
 7.938E-06  4.39031216694304E-04
 8.046E-06  4.49988008549116E-04
 8.156E-06  4.61218168460718E-04
 8.268E-06  4.72728513832073E-04
 8.380E-06  4.84526031964141E-04
 8.495E-06  4.96617884285341E-04
 8.611E-06  5.09011410686128E-04
 8.728E-06  5.21714133961205E-04
 8.848E-06  5.34733764362317E-04
 8.968E-06  5.48078204263980E-04
 9.091E-06  5.61755552945108E-04
 9.215E-06  5.75774111489666E-04
 9.341E-06  5.90142387808843E-04
 9.468E-06  6.04869101787978E-04
 9.597E-06  6.19963190561519E-04
 9.729E-06  6.35433813918788E-04
 9.861E-06  6.51290359844071E-04
 9.996E-06  6.67542450194344E-04
 1.013E-05  6.84199946517862E-04
 1.027E-05  7.01272956017304E-04
 1.041E-05  7.18771837660948E-04
 1.055E-05  7.36707208445587E-04
 1.070E-05  7.55089949814750E-04
 1.084E-05  7.73931214236418E-04
 1.099E-05  7.93242431944019E-04
 1.114E-05  8.13035317844480E-04
 1.129E-05  8.33321878597900E-04
 1.145E-05  8.54114419872837E-04
 1.160E-05  8.75425553781528E-04
 1.176E-05  8.97268206499697E-04
 1.192E-05  9.19655626075403E-04
 1.209E-05  9.42601390431290E-04
 1.225E-05  9.66119415565598E-04
 1.242E-05  9.90223963956556E-04
 1.259E-05  1.01492965317491E-03
 1.276E-05  1.04025146471029E-03
 1.293E-05  1.06620475301636E-03
 1.311E-05  1.09280525477982E-03
 1.329E-05  1.12006909841979E-03
 1.347E-05  1.14801281382217E-03
 1.365E-05  1.17665334231530E-03
 1.384E-05  1.20600804689302E-03
 1.403E-05  1.23609472269082E-03
 1.422E-05  1.26693160772164E-03
 1.442E-05  1.29853739387750E-03
 1.461E-05  1.33093123820395E-03
 1.481E-05  1.36413277445317E-03
 1.501E-05  1.39816212492373E-03
 1.522E-05  1.43303991259322E-03
 1.543E-05  1.46878727355141E-03
 1.564E-05  1.50542586974098E-03
 1.585E-05  1.54297790201373E-03
 1.607E-05  1.58146612351013E-03
 1.629E-05  1.62091385336938E-03
 1.651E-05  1.66134499077944E-03
 1.673E-05  1.70278402937415E-03
 1.696E-05  1.74525607198634E-03
 1.719E-05  1.78878684576663E-03
 1.743E-05  1.83340271767529E-03
 1.767E-05  1.87913071035734E-03
 1.791E-05  1.92599851841061E-03
 1.815E-05  1.97403452505539E-03
 1.840E-05  2.02326781921634E-03
 1.865E-05  2.07372821302654E-03
 1.891E-05  2.12544625976420E-03
 1.916E-05  2.17845327223216E-03
 1.943E-05  2.23278134159162E-03
 1.969E-05  2.28846335666108E-03
 1.996E-05  2.34553302369197E-03
 2.023E-05  2.40402488663221E-03
 2.051E-05  2.46397434789015E-03
 2.079E-05  2.52541768961143E-03
 2.107E-05  2.58839209548037E-03
 2.136E-05  2.65293567305972E-03
 2.165E-05  2.71908747668139E-03
 2.195E-05  2.78688753090175E-03
 2.225E-05  2.85637685453569E-03
 2.255E-05  2.92759748528340E-03
 2.286E-05  3.00059250496343E-03
 2.317E-05  3.07540606536899E-03
 2.349E-05  3.15208341476099E-03
 2.381E-05  3.23067092501349E-03
 2.413E-05  3.31121611942853E-03
 2.446E-05  3.39376770123566E-03
 2.480E-05  3.47837558279398E-03
 2.514E-05  3.56509091551243E-03
 2.548E-05  3.65396612050730E-03
 2.583E-05  3.74505492001391E-03
 2.618E-05  3.83841236957121E-03
 2.654E-05  3.93409489099922E-03
 2.690E-05  4.03216030618630E-03
 2.727E-05  4.13266787170786E-03
 2.764E-05  4.23567831429684E-03
 2.802E-05  4.34125386718564E-03
 2.840E-05  4.44945830734111E-03
 2.879E-05  4.56035699361435E-03
 2.918E-05  4.67401690582882E-03
 2.958E-05  4.79050668482764E-03
 2.998E-05  4.90989667350328E-03
 3.039E-05  5.03225895883668E-03
 3.080E-05  5.15766741496687E-03
 3.123E-05  5.28619774731713E-03
 3.165E-05  5.41792753780448E-03
 3.208E-05  5.55293629115775E-03
 3.252E-05  5.69130548237074E-03
 3.297E-05  5.83311860531958E-03
 3.342E-05  5.97846122257110E-03
 3.387E-05  6.12742101641052E-03
 3.433E-05  6.28008784112135E-03
 3.480E-05  6.43655377654360E-03
 3.528E-05  6.59691318294367E-03
 3.576E-05  6.76126275722695E-03
 3.625E-05  6.92970159052594E-03
 3.674E-05  7.10233122719834E-03
 3.724E-05  7.27925572526422E-03
 3.775E-05  7.46058171832484E-03
 3.827E-05  7.64641847899222E-03
 3.879E-05  7.83687798386868E-03
 3.932E-05  8.03207498011399E-03
 3.986E-05  8.23212705363681E-03
 4.040E-05  8.43715469895292E-03
 4.095E-05  8.64728139074504E-03
 4.151E-05  8.86263365716889E-03
 4.208E-05  9.08334115494968E-03
 4.265E-05  9.30953674630577E-03
 4.324E-05  9.54135657774767E-03
 4.383E-05  9.77894016079743E-03
 4.442E-05  1.00224304546731E-02
 4.503E-05  1.02719739509870E-02
 4.565E-05  1.05277207605014E-02
 4.627E-05  1.07898247020013E-02
 4.690E-05  1.10584433933207E-02
 4.754E-05  1.13337383445853E-02
 4.819E-05  1.16158750537238E-02
 4.885E-05  1.19050231042918E-02
 4.951E-05  1.22013562656748E-02
 5.019E-05  1.25050525957268E-02
 5.088E-05  1.28162945458901E-02
 5.157E-05  1.31352690688719E-02
 5.227E-05  1.34621677289273E-02
 5.299E-05  1.37971868148155E-02
 5.371E-05  1.41405274554902E-02
 5.445E-05  1.44923957385927E-02
 5.519E-05  1.48530028318116E-02
 5.594E-05  1.52225651071759E-02
 5.671E-05  1.56013042683554E-02
 5.748E-05  1.59894474810376E-02
 5.826E-05  1.63872275064511E-02
 5.906E-05  1.67948828381138E-02
 5.987E-05  1.72126578418818E-02
 6.068E-05  1.76408028993744E-02
 6.151E-05  1.80795745548585E-02
 6.235E-05  1.85292356656701E-02
 6.320E-05  1.89900555562580E-02
 6.407E-05  1.94623101759385E-02
 6.494E-05  1.99462822604427E-02
 6.583E-05  2.04422614973464E-02
 6.673E-05  2.09505446954801E-02
 6.764E-05  2.14714359584029E-02
 6.856E-05  2.20052468620429E-02
 6.950E-05  2.25522966366016E-02
 7.045E-05  2.31129123528139E-02
 7.141E-05  2.36874291126773E-02
 7.238E-05  2.42761902447453E-02
 7.337E-05  2.48795475040949E-02
 7.437E-05  2.54978612770795E-02
 7.539E-05  2.61315007909761E-02
 7.642E-05  2.67808443286353E-02
 7.746E-05  2.74462794482656E-02
 7.852E-05  2.81282032084536E-02
 7.959E-05  2.88270223985491E-02
 8.068E-05  2.95431537745492E-02
 8.178E-05  3.02770243005845E-02
 8.289E-05  3.10290713961611E-02
 8.403E-05  3.17997431892822E-02
 8.517E-05  3.25894987755765E-02
 8.634E-05  3.33988084835848E-02
 8.751E-05  3.42281541463383E-02
 8.871E-05  3.50780293793760E-02
 8.992E-05  3.59489398653493E-02
 9.115E-05  3.68414036453629E-02
 9.239E-05  3.77559514172075E-02
 9.365E-05  3.86931268406336E-02
 9.493E-05  3.96534868498498E-02
 9.623E-05  4.06376019733821E-02
 9.754E-05  4.16460566614724E-02
 9.887E-05  4.26794496212067E-02
 1.002E-04  4.37383941595041E-02
 1.016E-04  4.48235185341946E-02
 1.030E-04  4.59354663133359E-02
 1.044E-04  4.70748967429613E-02
 1.058E-04  4.82424851234589E-02
 1.073E-04  4.94389231947591E-02
 1.087E-04  5.06649195305511E-02
 1.102E-04  5.19211999417120E-02
 1.117E-04  5.32085078891529E-02
 1.132E-04  5.45276049063109E-02
 1.148E-04  5.58792710314942E-02
 1.163E-04  5.72643052502834E-02
 1.179E-04  5.86835259482336E-02
 1.195E-04  6.01377713741051E-02
 1.212E-04  6.16279001138362E-02
 1.228E-04  6.31547915755103E-02
 1.245E-04  6.47193464855696E-02
 1.262E-04  6.63224873964989E-02
 1.279E-04  6.79651592062472E-02
 1.297E-04  6.96483296896379E-02
 1.314E-04  7.13729900420318E-02
 1.332E-04  7.31401554355222E-02
 1.351E-04  7.49508655879106E-02
 1.369E-04  7.68061853447511E-02
 1.388E-04  7.87072052747655E-02
 1.407E-04  8.06550422788868E-02
 1.426E-04  8.26508402132427E-02
 1.445E-04  8.46957705263813E-02
 1.465E-04  8.67910329110401E-02
 1.485E-04  8.89378559707547E-02
 1.505E-04  9.11374979016580E-02
 1.526E-04  9.33912471897693E-02
 1.547E-04  9.57004233240863E-02
 1.568E-04  9.80663775258663E-02
 1.589E-04  1.00490493494379E-01
 1.611E-04  1.02974188169520E-01
 1.633E-04  1.05518912511631E-01
 1.655E-04  1.08126152298861E-01
 1.678E-04  1.10797428942463E-01
 1.701E-04  1.13534300320403E-01
 1.724E-04  1.16338361629621E-01
 1.748E-04  1.19211246257370E-01
 1.771E-04  1.22154626672020E-01
 1.796E-04  1.25170215333705E-01
 1.820E-04  1.28259765625235E-01
 1.845E-04  1.31425072803681E-01
 1.870E-04  1.34667974973061E-01
 1.896E-04  1.37990354078534E-01
 1.922E-04  1.41394136922571E-01
 1.948E-04  1.44881296203490E-01
 1.974E-04  1.48453851576846E-01
 2.001E-04  1.52113870740124E-01
 2.029E-04  1.55863470541194E-01
 2.056E-04  1.59704818110960E-01
 2.084E-04  1.63640132020745E-01
 2.113E-04  1.67671683464846E-01
 2.142E-04  1.71801797468770E-01
 2.171E-04  1.76032854123629E-01
 2.201E-04  1.80367289847212E-01
 2.231E-04  1.84807598672268E-01
 2.261E-04  1.89356333562462E-01
 2.292E-04  1.94016107756580E-01
 2.323E-04  1.98789596141491E-01
 2.355E-04  2.03679536654401E-01
 2.387E-04  2.08688731714992E-01
 2.420E-04  2.13820049687904E-01
 2.453E-04  2.19076426376232E-01
 2.486E-04  2.24460866546533E-01
 2.520E-04  2.29976445485916E-01
 2.555E-04  2.35626310591847E-01
 2.589E-04  2.41413682995165E-01
 2.625E-04  2.47341859217057E-01
 2.661E-04  2.53414212860388E-01
 2.697E-04  2.59634196336143E-01
 2.734E-04  2.66005342625553E-01
 2.771E-04  2.72531267078470E-01
 2.809E-04  2.79215669248710E-01
 2.847E-04  2.86062334766884E-01
 2.886E-04  2.93075137251435E-01
 2.926E-04  3.00258040258457E-01
 2.965E-04  3.07615099270972E-01
 3.006E-04  3.15150463728329E-01
 3.047E-04  3.22868379096278E-01
 3.089E-04  3.30773188978523E-01
 3.131E-04  3.38869337270279E-01
 3.174E-04  3.47161370354558E-01
 3.217E-04  3.55653939341799E-01
 3.261E-04  3.64351802353601E-01
 3.305E-04  3.73259826851115E-01
 3.350E-04  3.82382992008778E-01
 3.396E-04  3.91726391134181E-01
 3.442E-04  4.01295234134530E-01
 3.489E-04  4.11094850030566E-01
 3.537E-04  4.21130689518536E-01
 3.585E-04  4.31408327580736E-01
 3.634E-04  4.41933466145574E-01
 3.684E-04  4.52711936797635E-01
 3.734E-04  4.63749703538332E-01
 3.785E-04  4.75052865597989E-01
 3.837E-04  4.86627660299880E-01
 3.889E-04  4.98480465976894E-01
 3.942E-04  5.10617804941442E-01
 3.996E-04  5.23046346509271E-01
 4.051E-04  5.35772910077721E-01
 4.106E-04  5.48804468259184E-01
 4.162E-04  5.62148150070206E-01
 4.219E-04  5.75811244176833E-01
 4.277E-04  5.89801202196944E-01
 4.335E-04  6.04125642059874E-01
 4.394E-04  6.18792351424076E-01
 4.454E-04  6.33809291153202E-01
 4.515E-04  6.49184598851219E-01
 4.577E-04  6.64926592456965E-01
 4.639E-04  6.81043773898666E-01
 4.702E-04  6.97544832808828E-01
 4.767E-04  7.14438650299907E-01
 4.832E-04  7.31734302801151E-01
 4.898E-04  7.49441065957033E-01
 4.965E-04  7.67568418587539E-01
 5.032E-04  7.86126046710596E-01
 5.101E-04  8.05123847626985E-01
 5.171E-04  8.24571934067948E-01
 5.241E-04  8.44480638405629E-01
 5.313E-04  8.64860516926433E-01
 5.385E-04  8.85722354167680E-01
 5.459E-04  9.07077167317307E-01
 5.533E-04  9.28936210676836E-01
 5.609E-04  9.51310980187451E-01
 5.686E-04  9.74213218019064E-01
 5.763E-04  9.97654917222499E-01
 5.842E-04  1.02164832644423E+00
 5.922E-04  1.04620595470345E+00
 6.002E-04  1.07134057623147E+00
 6.084E-04  1.09706523537271E+00
 6.167E-04  1.12339325154674E+00
 6.252E-04  1.15033822427122E+00
 6.337E-04  1.17791403824474E+00
 6.423E-04  1.20613486848885E+00
 6.511E-04  1.23501518554876E+00
 6.600E-04  1.26456976075156E+00
 6.690E-04  1.29481367152089E+00
 6.782E-04  1.32576230674729E+00
 6.874E-04  1.35743137221276E+00
 6.968E-04  1.38983689606819E+00
 7.063E-04  1.42299523436248E+00
 7.160E-04  1.45692307662156E+00
 7.257E-04  1.49163745147587E+00
 7.356E-04  1.52715573233404E+00
 7.457E-04  1.56349564310151E+00
 7.559E-04  1.60067526394134E+00
 7.662E-04  1.63871303707545E+00
 7.766E-04  1.67762777262378E+00
 7.872E-04  1.71743865447851E+00
 7.980E-04  1.75816524621122E+00
 8.089E-04  1.79982749700964E+00
 8.199E-04  1.84244574764098E+00
 8.311E-04  1.88604073643894E+00
 8.425E-04  1.93063360531038E+00
 8.540E-04  1.97624590575873E+00
 8.656E-04  2.02289960491958E+00
 8.774E-04  2.07061709160468E+00
 8.894E-04  2.11942118235031E+00
 9.016E-04  2.16933512746518E+00
 9.139E-04  2.22038261707300E+00
 9.264E-04  2.27258778714505E+00
 9.390E-04  2.32597522551742E+00
 9.518E-04  2.38056997788691E+00
 9.648E-04  2.43639755378056E+00
 9.780E-04  2.49348393249204E+00
 9.913E-04  2.55185556897870E+00
 1.005E-03  2.61153939971310E+00
 1.019E-03  2.67256284848106E+00
 1.032E-03  2.73495383211958E+00
 1.047E-03  2.79874076618682E+00
 1.061E-03  2.86395257055618E+00
 1.075E-03  2.93061867492572E+00
 1.090E-03  2.99876902423482E+00
 1.105E-03  3.06843408397862E+00
 1.120E-03  3.13964484541037E+00
 1.135E-03  3.21243283062273E+00
 1.151E-03  3.28683009749693E+00
 1.167E-03  3.36286924450910E+00
 1.182E-03  3.44058341538323E+00
 1.199E-03  3.52000630357840E+00
 1.215E-03  3.60117215659874E+00
 1.232E-03  3.68411578011338E+00
 1.248E-03  3.76887254187311E+00
 1.265E-03  3.85547837541102E+00
 1.283E-03  3.94396978351228E+00
 1.300E-03  4.03438384143881E+00
 1.318E-03  4.12675819989410E+00
 1.336E-03  4.22113108771195E+00
 1.354E-03  4.31754131425356E+00
 1.373E-03  4.41602827149612E+00
 1.391E-03  4.51663193579519E+00
 1.410E-03  4.61939286930342E+00
 1.430E-03  4.72435222102706E+00
 1.449E-03  4.83155172750102E+00
 1.469E-03  4.94103371306271E+00
 1.489E-03  5.05284108970471E+00
 1.509E-03  5.16701735648436E+00
 1.530E-03  5.28360659846991E+00
 1.551E-03  5.40265348519974E+00
 1.572E-03  5.52420326863231E+00
 1.593E-03  5.64830178056279E+00
 1.615E-03  5.77499542948210E+00
 1.637E-03  5.90433119685375E+00
 1.660E-03  6.03635663278160E+00
 1.682E-03  6.17111985104338E+00
 1.705E-03  6.30866952346154E+00
 1.729E-03  6.44905487358440E+00
 1.752E-03  6.59232566964807E+00
 1.776E-03  6.73853221679085E+00
 1.800E-03  6.88772534848900E+00
 1.825E-03  7.03995641718292E+00
 1.850E-03  7.19527728406287E+00
 1.875E-03  7.35374030798209E+00
 1.901E-03  7.51539833346271E+00
 1.927E-03  7.68030467776164E+00
 1.953E-03  7.84851311696319E+00
 1.980E-03  8.02007787106038E+00
 2.007E-03  8.19505358799094E+00
 2.034E-03  8.37349532659134E+00
 2.062E-03  8.55545853843069E+00
 2.090E-03  8.74099904848711E+00
 2.118E-03  8.93017303462785E+00
 2.147E-03  9.12303700585333E+00
 2.177E-03  9.31964777926656E+00
 2.206E-03  9.52006245572634E+00
 2.236E-03  9.72433839414329E+00
 2.267E-03  9.93253318437809E+00
 2.298E-03  1.01447046186994E+01
 2.329E-03  1.03609106617589E+01
 2.361E-03  1.05812094190400E+01
 2.393E-03  1.08056591037400E+01
 2.426E-03  1.10343180020374E+01
 2.459E-03  1.12672444367045E+01
 2.493E-03  1.15044967290211E+01
 2.527E-03  1.17461331589414E+01
 2.561E-03  1.19922119234750E+01
 2.596E-03  1.22427910932350E+01
 2.632E-03  1.24979285671088E+01
 2.668E-03  1.27576820250084E+01
 2.704E-03  1.30221088786575E+01
 2.741E-03  1.32912662203702E+01
 2.778E-03  1.35652107697783E+01
 2.816E-03  1.38439988184670E+01
 2.855E-03  1.41276861724743E+01
 2.894E-03  1.44163280926149E+01
 2.933E-03  1.47099792325879E+01
 2.973E-03  1.50086935748284E+01
 3.014E-03  1.53125243640658E+01
 3.055E-03  1.56215240385519E+01
 3.097E-03  1.59357441589227E+01
 3.139E-03  1.62552353346604E+01
 3.182E-03  1.65800471481242E+01
 3.225E-03  1.69102280761180E+01
 3.269E-03  1.72458254089698E+01
 3.314E-03  1.75868851670939E+01
 3.359E-03  1.79334520150136E+01
 3.405E-03  1.82855691728261E+01
 3.452E-03  1.86432783250883E+01
 3.499E-03  1.90066195271107E+01
 3.546E-03  1.93756311086492E+01
 3.595E-03  1.97503495749841E+01
 3.644E-03  2.01308095053867E+01
 3.694E-03  2.05170434489696E+01
 3.744E-03  2.09090818179285E+01
 3.795E-03  2.13069527781845E+01
 3.847E-03  2.17106821374381E+01
 3.900E-03  2.21202932306595E+01
 3.953E-03  2.25358068030366E+01
 4.007E-03  2.29572408904125E+01
 4.061E-03  2.33846106972512E+01
 4.117E-03  2.38179284721730E+01
 4.173E-03  2.42572033811115E+01
 4.230E-03  2.47024413781497E+01
 4.288E-03  2.51536450741021E+01
 4.346E-03  2.56108136029105E+01
 4.406E-03  2.60739424859444E+01
 4.466E-03  2.65430234942881E+01
 4.527E-03  2.70180445091161E+01
 4.589E-03  2.74989893802704E+01
 4.651E-03  2.79858377831489E+01
 4.715E-03  2.84785650740446E+01
 4.779E-03  2.89771421440676E+01
 4.844E-03  2.94815352718029E+01
 4.911E-03  2.99917059748676E+01
 4.978E-03  3.05076108605394E+01
 5.046E-03  3.10292014756451E+01
 5.114E-03  3.15564241559050E+01
 5.184E-03  3.20892198749500E+01
 5.255E-03  3.26275240932316E+01
 5.327E-03  3.31712666070698E+01
 5.400E-03  3.37203713980885E+01
 5.473E-03  3.42747564833102E+01
 5.548E-03  3.48343337661909E+01
 5.624E-03  3.53990088888964E+01
 5.700E-03  3.59686810861334E+01
 5.778E-03  3.65432430408670E+01
 5.857E-03  3.71225807422703E+01
 5.937E-03  3.77065733462708E+01
 6.018E-03  3.82950930390748E+01
 6.100E-03  3.88880049040658E+01
 6.184E-03  3.94851667924915E+01
 6.268E-03  4.00864291983753E+01
 6.354E-03  4.06916351380971E+01
 6.440E-03  4.13006200351134E+01
 6.528E-03  4.19132116103040E+01
 6.617E-03  4.25292297784432E+01
 6.708E-03  4.31484865513196E+01
 6.799E-03  4.37707859480423E+01
 6.892E-03  4.43959239130855E+01
 6.986E-03  4.50236882426478E+01
 7.082E-03  4.56538585199129E+01
 7.178E-03  4.62862060598172E+01
 7.276E-03  4.69204938639471E+01
 7.376E-03  4.75564765862005E+01
 7.476E-03  4.81939005098660E+01
 7.578E-03  4.88325035367855E+01
 7.682E-03  4.94720151892771E+01
 7.787E-03  5.01121566255123E+01
 7.893E-03  5.07526406690482E+01
 8.001E-03  5.13931718532284E+01
 8.110E-03  5.20334464811757E+01
 8.221E-03  5.26731527021049E+01
 8.333E-03  5.33119706046919E+01
 8.447E-03  5.39495723282407E+01
 8.562E-03  5.45856221923917E+01
 8.679E-03  5.52197768461155E+01
 8.798E-03  5.58516854367358E+01
 8.918E-03  5.64809897997236E+01
 9.039E-03  5.71073246699960E+01
 9.163E-03  5.77303179154499E+01
 9.288E-03  5.83495907934440E+01
 9.415E-03  5.89647582309361E+01
 9.543E-03  5.95754291289644E+01
 9.674E-03  6.01812066921373E+01
 9.806E-03  6.07816887837825E+01
 9.940E-03  6.13764683073743E+01
 1.008E-02  6.19651336148289E+01
 1.021E-02  6.25472689422296E+01
 1.035E-02  6.31224548734984E+01
 1.049E-02  6.36902688324990E+01
 1.064E-02  6.42502856040013E+01
 1.078E-02  6.48020778838961E+01
 1.093E-02  6.53452168589899E+01
 1.108E-02  6.58792728166515E+01
 1.123E-02  6.64038157845203E+01
 1.138E-02  6.69184162004150E+01
 1.154E-02  6.74226456125103E+01
 1.170E-02  6.79160774097677E+01
 1.186E-02  6.83982875825281E+01
 1.202E-02  6.88688555130750E+01
 1.218E-02  6.93273647958911E+01
 1.235E-02  6.97734040872281E+01
 1.252E-02  7.02065679835012E+01
 1.269E-02  7.06264579279125E+01
 1.286E-02  7.10326831445866E+01
 1.304E-02  7.14248615993839E+01
 1.321E-02  7.18026209864251E+01
 1.339E-02  7.21655997392306E+01
 1.358E-02  7.25134480652381E+01
 1.376E-02  7.28458290023197E+01
 1.395E-02  7.31624194957683E+01
 1.414E-02  7.34629114940772E+01
 1.433E-02  7.37470130616695E+01
 1.453E-02  7.40144495065788E+01
 1.473E-02  7.42649645209164E+01
 1.493E-02  7.44983213317885E+01
 1.513E-02  7.47143038601547E+01
 1.534E-02  7.49127178849482E+01
 1.555E-02  7.50933922095937E+01
 1.576E-02  7.52561798278886E+01
 1.598E-02  7.54009590860251E+01
 1.619E-02  7.55276348373565E+01
 1.642E-02  7.56361395863276E+01
 1.664E-02  7.57264346178124E+01
 1.687E-02  7.57985111079227E+01
 1.710E-02  7.58523912121794E+01
 1.733E-02  7.58881291267653E+01
 1.757E-02  7.59058121184140E+01
 1.781E-02  7.59055615183278E+01
 1.805E-02  7.58875336753600E+01
 1.830E-02  7.58519208635630E+01
 1.855E-02  7.57989521390468E+01
 1.880E-02  7.57288941409839E+01
 1.906E-02  7.56420518314698E+01
 1.932E-02  7.55387691688512E+01
 1.958E-02  7.54194297090369E+01
 1.985E-02  7.52844571292447E+01
 2.012E-02  7.51343156685687E+01
 2.039E-02  7.49695104797203E+01
 2.067E-02  7.47905878862746E+01
 2.095E-02  7.45981355397543E+01
 2.124E-02  7.43927824709114E+01
 2.153E-02  7.41751990296114E+01
 2.182E-02  7.39460967078009E+01
 2.212E-02  7.37062278401398E+01
 2.242E-02  7.34563851770059E+01
 2.273E-02  7.31974013247430E+01
 2.304E-02  7.29301480482071E+01
 2.335E-02  7.26555354308892E+01
 2.367E-02  7.23745108881496E+01
 2.400E-02  7.20880580293825E+01
 2.432E-02  7.17971953652600E+01
 2.466E-02  7.15029748565593E+01
 2.499E-02  7.12064803014790E+01
 2.533E-02  7.09088255587802E+01
 2.568E-02  7.06111526045682E+01
 2.603E-02  7.03146294210347E+01
 2.639E-02  7.00204477160344E+01
 2.675E-02  6.97298204729587E+01
 2.711E-02  6.94439793309938E+01
 2.748E-02  6.91641717965159E+01
 2.786E-02  6.88916582870783E+01
 2.824E-02  6.86277090101826E+01
 2.862E-02  6.83736006797977E+01
 2.901E-02  6.81306130743991E+01
 2.941E-02  6.79000254411363E+01
 2.981E-02  6.76831127516068E+01
 3.022E-02  6.74811418156067E+01
 3.063E-02  6.72953672601548E+01
 3.105E-02  6.71270273820210E+01
 3.147E-02  6.69773398829596E+01
 3.190E-02  6.68474974978198E+01
 3.234E-02  6.67386635266955E+01
 3.278E-02  6.66519672832724E+01
 3.323E-02  6.65884994725302E+01
 3.368E-02  6.65493075119528E+01
 3.414E-02  6.65353908113923E+01
 3.461E-02  6.65476960277074E+01
 3.508E-02  6.65871123112635E+01
 3.556E-02  6.66544665623096E+01
 3.604E-02  6.67505187161638E+01
 3.654E-02  6.68759570770028E+01
 3.703E-02  6.70313937208831E+01
 3.754E-02  6.72173599893967E+01
 3.805E-02  6.74343020960895E+01
 3.857E-02  6.76825768684247E+01
 3.910E-02  6.79624476486607E+01
 3.963E-02  6.82740803775246E+01
 4.017E-02  6.86175398849787E+01
 4.072E-02  6.89927864127100E+01
 4.128E-02  6.93996723931994E+01
 4.184E-02  6.98379395103462E+01
 4.241E-02  7.03072160666283E+01
 4.299E-02  7.08070146816602E+01
 4.358E-02  7.13367303467619E+01
 4.417E-02  7.18956388597721E+01
 4.478E-02  7.24828956638090E+01
 4.539E-02  7.30975351130131E+01
 4.601E-02  7.37384701874783E+01
 4.664E-02  7.44044926785956E+01
 4.727E-02  7.50942738648849E+01
 4.792E-02  7.58063656970852E+01
 4.857E-02  7.65392025097871E+01
 4.924E-02  7.72911032752484E+01
 4.991E-02  7.80602744132100E+01
 5.059E-02  7.88448131685362E+01
 5.128E-02  7.96427115663458E+01
 5.198E-02  8.04518609519607E+01
 5.269E-02  8.12700571205098E+01
 5.341E-02  8.20950060383609E+01
 5.414E-02  8.29243301557374E+01
 5.488E-02  8.37555753069154E+01
 5.563E-02  8.45862181912813E+01
 5.639E-02  8.54136744252963E+01
 5.716E-02  8.62353071520410E+01
 5.794E-02  8.70484361915490E+01
 5.873E-02  8.78503477115566E+01
 5.953E-02  8.86383043946460E+01
 6.034E-02  8.94095560740380E+01
 6.116E-02  9.01613508065146E+01
 6.200E-02  9.08909463471593E+01
 6.285E-02  9.15956219867827E+01
 6.370E-02  9.22726907091121E+01
 6.457E-02  9.29195116210542E+01
 6.546E-02  9.35335026056379E+01
 6.635E-02  9.41121531436279E+01
 6.725E-02  9.46530372462891E+01
 6.817E-02  9.51538264384172E+01
 6.910E-02  9.56123027275518E+01
 7.005E-02  9.60263714922851E+01
 7.100E-02  9.63940742198110E+01
 7.197E-02  9.67136010203406E+01
 7.296E-02  9.69833028437918E+01
 7.395E-02  9.72017033222594E+01
 7.496E-02  9.73675101602224E+01
 7.598E-02  9.74796259932896E+01
 7.702E-02  9.75371586355333E+01
 7.807E-02  9.75394306351688E+01
 7.914E-02  9.74859880585129E+01
 8.022E-02  9.73766084228380E+01
 8.132E-02  9.72113076999549E+01
 8.243E-02  9.69903463141249E+01
 8.355E-02  9.67142340602578E+01
 8.469E-02  9.63837338712949E+01
 8.585E-02  9.59998643672466E+01
 8.702E-02  9.55639011225478E+01
 8.821E-02  9.50773765932297E+01
 8.941E-02  9.45420786508896E+01
 9.063E-02  9.39600476765673E+01
 9.187E-02  9.33335721744103E+01
 9.312E-02  9.26651828724169E+01
 9.440E-02  9.19576452855717E+01
 9.568E-02  9.12139507253132E+01
 9.699E-02  9.04373057484705E+01
 9.831E-02  8.96311200485390E+01
 9.966E-02  8.87989928023923E+01
 1.010E-01  8.79446974962090E+01
 1.024E-01  8.70721652654568E+01
 1.038E-01  8.61854667951791E+01
 1.052E-01  8.52887928384849E+01
 1.066E-01  8.43864334229815E+01
 1.081E-01  8.34827558268280E+01
 1.096E-01  8.25821814180294E+01
 1.111E-01  8.16891614624476E+01
 1.126E-01  8.08081520176649E+01
 1.141E-01  7.99435880412006E+01
 1.157E-01  7.90998568525315E+01
 1.173E-01  7.82812710987990E+01
 1.189E-01  7.74920413838720E+01
 1.205E-01  7.67362487294664E+01
 1.221E-01  7.60178170451833E+01
 1.238E-01  7.53404857914977E+01
 1.255E-01  7.47077830257995E+01
 1.272E-01  7.41229990264542E+01
 1.289E-01  7.35891606934043E+01
 1.307E-01  7.31090069259814E+01
 1.325E-01  7.26849651792575E+01
 1.343E-01  7.23191293993502E+01
 1.361E-01  7.20132395355518E+01
 1.380E-01  7.17686628229052E+01
 1.399E-01  7.15863770228775E+01
 1.418E-01  7.14669558020379E+01
 1.437E-01  7.14105564191248E+01
 1.457E-01  7.14169098795878E+01
 1.477E-01  7.14853137036260E+01
 1.497E-01  7.16146274389538E+01
 1.517E-01  7.18032710330605E+01
 1.538E-01  7.20492261616572E+01
 1.559E-01  7.23500405904209E+01
 1.580E-01  7.27028356261524E+01
 1.602E-01  7.31043166912004E+01
 1.624E-01  7.35507870316057E+01
 1.646E-01  7.40381645450693E+01
 1.668E-01  7.45620016897210E+01
 1.691E-01  7.51175084089694E+01
 1.714E-01  7.56995779816714E+01
 1.738E-01  7.63028156807060E+01
 1.761E-01  7.69215700970058E+01
 1.785E-01  7.75499669604681E+01
 1.810E-01  7.81819452641740E+01
 1.834E-01  7.88112954742706E+01
 1.860E-01  7.94316995849735E+01
 1.885E-01  8.00367727566849E+01
 1.911E-01  8.06201062554591E+01
 1.937E-01  8.11753113942118E+01
 1.963E-01  8.16960641603965E+01
 1.990E-01  8.21761502015775E+01
 2.017E-01  8.26095098295902E+01
 2.045E-01  8.29902826959729E+01
 2.073E-01  8.33128517862219E+01
 2.101E-01  8.35718863782626E+01
 2.130E-01  8.37623836114482E+01
 2.159E-01  8.38797083164298E+01
 2.188E-01  8.39196307634183E+01
 2.218E-01  8.38783619966723E+01
 2.248E-01  8.37525864364503E+01
 2.279E-01  8.35394914460997E+01
 2.310E-01  8.32367935813122E+01
 2.342E-01  8.28427612607330E+01
 2.374E-01  8.23562336219177E+01
 2.406E-01  8.17766353539058E+01
 2.439E-01  8.11039873272296E+01
 2.472E-01  8.03389128737736E+01
 2.506E-01  7.94826396023221E+01
 2.540E-01  7.85369966706077E+01
 2.575E-01  7.75044074709530E+01
 2.610E-01  7.63878777238945E+01
 2.646E-01  7.51909790122025E+01
 2.682E-01  7.39178278261711E+01
 2.718E-01  7.25730602296382E+01
 2.755E-01  7.11618022946005E+01
 2.793E-01  6.96896364901888E+01
 2.831E-01  6.81625642488519E+01
 2.870E-01  6.65869649685269E+01
 2.909E-01  6.49695517440348E+01
 2.949E-01  6.33173241535851E+01
 2.989E-01  6.16375184567871E+01
 3.030E-01  5.99375555886076E+01
 3.071E-01  5.82249873589585E+01
 3.113E-01  5.65074412897259E+01
 3.156E-01  5.47925645397397E+01
 3.199E-01  5.30879673831444E+01
 3.242E-01  5.14011667175642E+01
 3.287E-01  4.97395300851165E+01
 3.331E-01  4.81102206914686E+01
 3.377E-01  4.65201439055746E+01
 3.423E-01  4.49758957153062E+01
 3.470E-01  4.34837136018185E+01
 3.517E-01  4.20494302781227E+01
 3.565E-01  4.06784307150126E+01
 3.614E-01  3.93756128503086E+01
 3.663E-01  3.81453523455457E+01
 3.713E-01  3.69914717180024E+01
 3.764E-01  3.59172141357188E+01
 3.815E-01  3.49252221193216E+01
 3.867E-01  3.40175213476015E+01
 3.920E-01  3.31955097144130E+01
 3.974E-01  3.24599517333140E+01
 4.028E-01  3.18109783339809E+01
 4.083E-01  3.12480920415971E+01
 4.139E-01  3.07701774777133E+01
 4.195E-01  3.03755170691591E+01
 4.252E-01  3.00618118010148E+01
 4.311E-01  2.98262068009261E+01
 4.369E-01  2.96653214956266E+01
 4.429E-01  2.95752840367932E+01
 4.489E-01  2.95517696526649E+01
 4.551E-01  2.95900425445047E+01
 4.613E-01  2.96850009133079E+01
 4.676E-01  2.98312246724452E+01
 4.740E-01  3.00230253765133E+01
 4.804E-01  3.02544978758606E+01
 4.870E-01  3.05195731903933E+01
 4.936E-01  3.08120720856634E+01
 5.004E-01  3.11257588291668E+01
 5.072E-01  3.14543946054694E+01
 5.141E-01  3.17917900753887E+01
 5.212E-01  3.21318565770450E+01
 5.283E-01  3.24686554851289E+01
 5.355E-01  3.27964452690580E+01
 5.428E-01  3.31097258205452E+01
 5.502E-01  3.34032796561032E+01
 5.577E-01  3.36722096396748E+01
 5.653E-01  3.39119729143275E+01
 5.731E-01  3.41184107791189E+01
 5.809E-01  3.42877742971110E+01
 5.888E-01  3.44167454722920E+01
 5.969E-01  3.45024538860771E+01
 6.050E-01  3.45424887372761E+01
 6.133E-01  3.45349062821431E+01
 6.216E-01  3.44782327225991E+01
 6.301E-01  3.43714626401967E+01
 6.387E-01  3.42140531202347E+01
 6.474E-01  3.40059137540073E+01
 6.563E-01  3.37473927469965E+01
 6.652E-01  3.34392593964388E+01
 6.743E-01  3.30826832327938E+01
 6.835E-01  3.26792101459696E+01
 6.929E-01  3.22307358385560E+01
 7.023E-01  3.17394769647396E+01
 7.119E-01  3.12079403250269E+01
 7.216E-01  3.06388904935014E+01
 7.315E-01  3.00353162562435E+01
 7.415E-01  2.94003962369925E+01
 7.516E-01  2.87374640793921E+01
 7.618E-01  2.80499735445734E+01
 7.723E-01  2.73414638687267E+01
 7.828E-01  2.66155257080860E+01
 7.935E-01  2.58757679787659E+01
 8.043E-01  2.51257858765557E+01
 8.153E-01  2.43691303374647E+01
 8.264E-01  2.36092791739170E+01
 8.377E-01  2.28496100943699E+01
 8.491E-01  2.20933757861392E+01
 8.607E-01  2.13436812126851E+01
 8.725E-01  2.06034632478554E+01
 8.844E-01  1.98754727409022E+01
 8.965E-01  1.91622590777458E+01
 9.087E-01  1.84661572762246E+01
 9.211E-01  1.77892776261629E+01
 9.337E-01  1.71334978592522E+01
 9.464E-01  1.65004578091564E+01
 9.594E-01  1.58915564991240E+01
 9.725E-01  1.53079515728889E+01
 9.857E-01  1.47505609649207E+01
 9.992E-01  1.42200666882856E+01
 1.013E+00  1.37169206026350E+01
 1.027E+00  1.32413520112305E+01
 1.041E+00  1.27933769245359E+01
 1.055E+00  1.23728088188074E+01
 1.069E+00  1.19792707113010E+01
 1.084E+00  1.16122083692038E+01
 1.099E+00  1.12709044671156E+01
 1.114E+00  1.09544935078049E+01
 1.129E+00  1.06619773229130E+01
 1.144E+00  1.03922409741521E+01
 1.160E+00  1.01440688811730E+01
 1.176E+00  9.91616100947346E+00
 1.192E+00  9.70714896029196E+00
 1.208E+00  9.51561181416461E+00
 1.225E+00  9.34009159052414E+00
 1.241E+00  9.17910819717536E+00
 1.258E+00  9.03117375551385E+00
 1.275E+00  8.89480619978439E+00
 1.293E+00  8.76854206134821E+00
 1.310E+00  8.65094836170413E+00
 1.328E+00  8.54063355076468E+00
 1.347E+00  8.43625743951717E+00
 1.365E+00  8.33654008860410E+00
 1.384E+00  8.24026962645190E+00
 1.402E+00  8.14630898228192E+00
 1.422E+00  8.05360153057849E+00
 1.441E+00  7.96117565429626E+00
 1.461E+00  7.86814824419499E+00
 1.481E+00  7.77372716113182E+00
 1.501E+00  7.67721269685862E+00
 1.521E+00  7.57799807681076E+00
 1.542E+00  7.47556905548582E+00
 1.563E+00  7.36950266125496E+00
 1.584E+00  7.25946515279506E+00
 1.606E+00  7.14520925375487E+00
 1.628E+00  7.02657073576295E+00
 1.650E+00  6.90346442245008E+00
 1.673E+00  6.77587968880882E+00
 1.696E+00  6.64387553097022E+00
 1.719E+00  6.50757528138120E+00
 1.742E+00  6.36716104345932E+00
 1.766E+00  6.22286791814115E+00
 1.790E+00  6.07497809238930E+00
 1.815E+00  5.92381485674912E+00
 1.839E+00  5.76973661552536E+00
 1.864E+00  5.61313094915625E+00
 1.890E+00  5.45440878397860E+00
 1.916E+00  5.29399871987915E+00
 1.942E+00  5.13234156139410E+00
 1.968E+00  4.96988509272327E+00
 1.995E+00  4.80707913194093E+00
 2.022E+00  4.64437089447791E+00
 2.050E+00  4.48220069078067E+00
 2.078E+00  4.32099797797965E+00
 2.106E+00  4.16117778047059E+00
 2.135E+00  4.00313748957316E+00
 2.164E+00  3.84725404791877E+00
 2.194E+00  3.69388151996605E+00
 2.224E+00  3.54334904607340E+00
 2.254E+00  3.39595917389498E+00
 2.285E+00  3.25198655752371E+00
 2.316E+00  3.11167701179394E+00
 2.348E+00  2.97524690648283E+00
 2.380E+00  2.84288288281697E+00
 2.412E+00  2.71474187269671E+00
 2.445E+00  2.59095139939243E+00
 2.479E+00  2.47161013713697E+00
 2.513E+00  2.35678870602749E+00
 2.547E+00  2.24653067794681E+00
 2.582E+00  2.14085376880553E+00
 2.617E+00  2.03975119227689E+00
 2.653E+00  1.94319315032929E+00
 2.689E+00  1.85112843623973E+00
 2.725E+00  1.76348612637449E+00
 2.763E+00  1.68017733783236E+00
 2.800E+00  1.60109703003730E+00
 2.839E+00  1.52612582952152E+00
 2.877E+00  1.45513185843182E+00
 2.917E+00  1.38797254869914E+00
 2.956E+00  1.32449642531034E+00
 2.997E+00  1.26454484368750E+00
 3.038E+00  1.20795366779139E+00
 3.079E+00  1.15455487719920E+00
 3.121E+00  1.10417809303984E+00
 3.164E+00  1.05665201428392E+00
 3.207E+00  1.01180575746043E+00
 3.251E+00  9.69470094391026E-01
 3.295E+00  9.29478583982657E-01
 3.340E+00  8.91668595485555E-01
 3.386E+00  8.55882221898655E-01
 3.432E+00  8.21967083379734E-01
 3.479E+00  7.89777021588751E-01
 3.526E+00  7.59172686857509E-01
 3.575E+00  7.30022020936391E-01
 3.623E+00  7.02200638821378E-01
 3.673E+00  6.75592113814777E-01
 3.723E+00  6.50088170525706E-01
 3.774E+00  6.25588790976638E-01
 3.825E+00  6.02002239356355E-01
 3.878E+00  5.79245011253684E-01
 3.930E+00  5.57241713426966E-01
 3.984E+00  5.35924880317514E-01
 4.039E+00  5.15234733607411E-01
 4.094E+00  4.95118891158507E-01
 4.150E+00  4.75532031655458E-01
 4.206E+00  4.56435521215768E-01
 4.264E+00  4.37797008128253E-01
 4.322E+00  4.19589991741671E-01
 4.381E+00  4.01793371350861E-01
 4.441E+00  3.84390980721479E-01
 4.501E+00  3.67371113658923E-01
 4.563E+00  3.50726045764840E-01
 4.625E+00  3.34451557238000E-01
 4.688E+00  3.18546461267612E-01
 4.752E+00  3.03012142238614E-01
 4.817E+00  2.87852107622502E-01
 4.883E+00  2.73071557066262E-01
 4.950E+00  2.58676971818530E-01
 5.017E+00  2.44675727248990E-01
 5.086E+00  2.31075730827002E-01
 5.155E+00  2.17885087531684E-01
 5.225E+00  2.05111794271124E-01
 5.297E+00  1.92763464496524E-01
 5.369E+00  1.80847083811030E-01
 5.442E+00  1.69368796996258E-01
 5.517E+00  1.58333726515408E-01
 5.592E+00  1.47745822203687E-01
 5.668E+00  1.37607741527652E-01
 5.746E+00  1.27920759488196E-01
 5.824E+00  1.18684706959905E-01
 5.904E+00  1.09897936004948E-01
 5.984E+00  1.01557310474830E-01
 6.066E+00  9.36582200198559E-02
 6.149E+00  8.61946154655915E-02
 6.233E+00  7.91590633887767E-02
 6.318E+00  7.25428176325808E-02
 6.404E+00  6.63359054426844E-02
 6.491E+00  6.05272258809402E-02
 6.580E+00  5.51046581812399E-02
 6.670E+00  5.00551777511830E-02
 6.761E+00  4.53649775912570E-02
 6.853E+00  4.10195929981138E-02
 6.947E+00  3.70040275374301E-02
 7.042E+00  3.33028784117317E-02
 7.138E+00  2.99004595061554E-02
 7.235E+00  2.67809205669684E-02
 7.334E+00  2.39283611501995E-02
 7.434E+00  2.13269381673845E-02
 7.536E+00  1.89609660486472E-02
 7.639E+00  1.68150087367076E-02
 7.743E+00  1.48739629156981E-02
 7.849E+00  1.31231320628640E-02
 7.956E+00  1.15482910866402E-02
 8.064E+00  1.01357414788524E-02
 8.174E+00  8.87235705988273E-03
 8.286E+00  7.74562053197196E-03
 8.399E+00  6.74365117617178E-03
 8.514E+00  5.85522413202694E-03
 8.630E+00  5.06978178542791E-03
 8.748E+00  4.37743785920516E-03
 8.867E+00  3.76897485324368E-03
 8.988E+00  3.23583551681120E-03
 9.111E+00  2.77010905632076E-03
 9.235E+00  2.36451278802754E-03
 9.362E+00  2.01236993852004E-03
 9.489E+00  1.70758427777291E-03
 9.619E+00  1.44461224154842E-03
 9.750E+00  1.21843316367575E-03
 9.883E+00  1.02451819582352E-03
 1.002E+01  8.58798444396831E-04
 1.016E+01  7.17632802659608E-04
 1.029E+01  5.97775902531745E-04
 1.043E+01  4.96346556048790E-04
 1.058E+01  4.10797002371190E-04
 1.072E+01  3.38883223515030E-04
 1.087E+01  2.78636541513696E-04
 1.102E+01  2.28336662219468E-04
 1.117E+01  1.86486286968613E-04
 1.132E+01  1.51787373266345E-04
 1.147E+01  1.23119089761266E-04
 1.163E+01  9.95174792062454E-05
 1.179E+01  8.01568158631429E-05
 1.195E+01  6.43326208215532E-05
 1.211E+01  5.14462798021802E-05
 1.228E+01  4.09911929713051E-05
 1.245E+01  3.25403748192897E-05
 1.262E+01  2.57354139310677E-05
 1.279E+01  2.02766971540012E-05
 1.296E+01  1.59147998908200E-05
 1.314E+01  1.24429436541818E-05
 1.332E+01  9.69042326467183E-06
 1.350E+01  7.51690882155368E-06
 1.368E+01  5.80753151271774E-06
 1.387E+01  4.46866717046352E-06
 1.406E+01  3.42433696523579E-06
 1.425E+01  2.61315053291089E-06
 1.445E+01  1.98572295630881E-06
 1.464E+01  1.50250320237357E-06
 1.484E+01  1.13195771620884E-06
 1.505E+01  8.49058782551671E-07
 1.525E+01  6.34032900114684E-07
 1.546E+01  4.71329712850381E-07
 1.567E+01  3.48776963139356E-07
 1.589E+01  2.56892870115669E-07
 1.610E+01  1.88335769866261E-07
 1.632E+01  1.37424999320109E-07
 1.655E+01  9.97983815221119E-08
 1.677E+01  7.21237515273720E-08
 1.700E+01  5.18682965118316E-08
 1.723E+01  3.71164055689358E-08
 1.747E+01  2.64265849203720E-08
 1.771E+01  1.87196576262837E-08
 1.795E+01  1.31918762895757E-08
 1.819E+01  9.24776301257398E-09
 1.844E+01  6.44848159642618E-09
 1.869E+01  4.47236908901266E-09
 1.895E+01  3.08493134973938E-09
 1.921E+01  2.11616195336030E-09
 1.947E+01  1.44349473918453E-09
 1.974E+01  9.79064540663474E-10
 2.000E+01  6.60242818761176E-10
 2.028E+01  4.42647746260624E-10
 2.055E+01  2.95012563768464E-10
 2.084E+01  1.95440893326866E-10
 2.112E+01  1.28690810578271E-10
 2.141E+01  8.42172009192086E-11
 2.170E+01  5.47694947341052E-11
 2.200E+01  3.53935656814617E-11
 2.230E+01  2.27258440759584E-11
 2.260E+01  1.44973225009543E-11
 2.291E+01  9.18732483699553E-12
 2.322E+01  5.78341991998246E-12
 2.354E+01  3.61605569783935E-12
 2.386E+01  2.24543261648644E-12
 2.419E+01  1.38464588566873E-12
 2.452E+01  8.47832138193492E-13
 2.485E+01  5.15432276334444E-13
 2.519E+01  3.11086717207960E-13
 2.554E+01  1.86378755008635E-13
 2.588E+01  1.10833945668147E-13
 2.624E+01  6.54133516824515E-14
 2.660E+01  3.83117857006751E-14
 2.696E+01  2.22651344606861E-14
 2.733E+01  1.28380514793058E-14
 2.770E+01  7.34356704851646E-15
 2.808E+01  4.16679213659199E-15
 2.846E+01  2.34495999798366E-15
 2.885E+01  1.30875763319084E-15
 2.924E+01  7.24309019190110E-16
 2.964E+01  3.97447208348891E-16
 3.005E+01  2.16209729529191E-16
 3.046E+01  1.16589618440990E-16
 3.087E+01  6.23133832213266E-17
 3.130E+01  3.30055375799327E-17
 3.172E+01  1.73229887803495E-17
 3.216E+01  9.00814036895842E-18
 3.259E+01  4.64054304416842E-18
 3.304E+01  2.36792578162076E-18
 3.349E+01  1.19667579204141E-18
 3.395E+01  5.98875863726765E-19
 3.441E+01  2.96750160788646E-19
 3.488E+01  1.45572765613704E-19
 3.536E+01  7.06878356043842E-20
 3.584E+01  3.39722385388477E-20
 3.633E+01  1.61568724142284E-20
 3.683E+01  7.60294690718881E-21
 3.733E+01  3.53944511745817E-21
 3.784E+01  1.62987064721825E-21
 3.835E+01  7.42285743670490E-22
 3.888E+01  3.34290113826213E-22
 3.941E+01  1.48848302872247E-22
 3.995E+01  6.55186256128564E-23
 4.049E+01  2.85047901468543E-23
 4.104E+01  1.22555766333244E-23
 4.161E+01  5.20645983955139E-24
 4.217E+01  2.18510767762335E-24
 4.275E+01  9.05835048565515E-25
 4.333E+01  3.70855793967277E-25
 4.392E+01  1.49921218026466E-25
 4.452E+01  5.98340012559930E-26
 4.513E+01  2.35713085291952E-26
 4.575E+01  9.16416253220147E-27
 4.637E+01  3.51558009652724E-27
 4.701E+01  1.33050630179161E-27
 4.765E+01  4.96674783588886E-28
 4.830E+01  1.82844094462548E-28
 4.896E+01  6.63683076639291E-29
 4.963E+01  2.37480429631094E-29
 5.030E+01  8.37524757435685E-30
 5.099E+01  2.91061994144676E-30
 5.169E+01  9.96571353460657E-31
 5.239E+01  3.36117554118513E-31
 5.311E+01  1.11656879176169E-31
 5.383E+01  3.65367328044662E-32
 5.457E+01  1.17853467604511E-32
 5.531E+01  3.75794480216159E-33
 5.607E+01  0.00000000000000E+00
 5.683E+01  0.00000000000000E+00
 5.761E+01  0.00000000000000E+00
 5.839E+01  0.00000000000000E+00
 5.919E+01  0.00000000000000E+00
 6.000E+01  0.00000000000000E+00
