line2: Z,NR,R(1),R(NR) /line3,4,...: R(N),RHO*4*PI*R(N)**2
30.00  2000  1.01365245284744E-10  6.00000000000000E+01
 1.014E-10  6.05607380031279E-15
 1.027E-10  6.21847086244761E-15
 1.042E-10  6.38522269412754E-15
 1.056E-10  6.72357805145635E-15
 1.070E-10  6.90387461956529E-15
 1.085E-10  7.08900594264718E-15
 1.100E-10  7.27910166740445E-15
 1.115E-10  7.47429491708994E-15
 1.130E-10  7.67472238473209E-15
 1.145E-10  7.88052442886088E-15
 1.161E-10  8.09184517179983E-15
 1.177E-10  8.30883260059406E-15
 1.193E-10  8.53163867064611E-15
 1.209E-10  8.76041941212847E-15
 1.226E-10  8.99533503925163E-15
 1.242E-10  9.23655006246157E-15
 1.259E-10  9.48423340364477E-15
 1.276E-10  9.73855851442381E-15
 1.294E-10  9.99970349762599E-15
 1.312E-10  1.02678512320066E-14
 1.329E-10  1.05431895003185E-14
 1.348E-10  1.08259111208168E-14
 1.366E-10  1.11162140822861E-14
 1.385E-10  1.14143016826936E-14
 1.404E-10  1.17203826715574E-14
 1.423E-10  1.20346713961319E-14
 1.442E-10  1.23573879515157E-14
 1.462E-10  1.26887583347816E-14
 1.482E-10  1.30290146032425E-14
 1.502E-10  1.33783950369608E-14
 1.523E-10  1.37371443056130E-14
 1.543E-10  1.41055136398328E-14
 1.564E-10  1.44837610071461E-14
 1.586E-10  1.48721512926241E-14
 1.607E-10  1.52709564843826E-14
 1.629E-10  1.56804558640520E-14
 1.652E-10  1.61009362023588E-14
 1.674E-10  1.65326919599506E-14
 1.697E-10  1.69760254936024E-14
 1.720E-10  1.74312472679594E-14
 1.744E-10  1.78986760729529E-14
 1.767E-10  1.83786392470457E-14
 1.792E-10  1.88714729064696E-14
 1.816E-10  1.93775221806026E-14
 1.841E-10  1.98971414536626E-14
 1.866E-10  2.04306946128838E-14
 1.891E-10  2.09785553033409E-14
 1.917E-10  2.15411071896152E-14
 1.943E-10  2.21187442244714E-14
 1.970E-10  2.27118709247401E-14
 1.997E-10  2.33209026546028E-14
 2.024E-10  2.39462659164648E-14
 2.052E-10  2.45883986496382E-14
 2.080E-10  2.52477505370258E-14
 2.108E-10  2.59247833200307E-14
 2.137E-10  2.66199711219182E-14
 2.166E-10  2.73338007798334E-14
 2.196E-10  2.80667721857399E-14
 2.226E-10  2.88193986364868E-14
 2.256E-10  2.95922071932689E-14
 2.287E-10  3.03857390507290E-14
 2.318E-10  3.12005499159482E-14
 2.350E-10  3.20372103976108E-14
 2.382E-10  3.28963064055950E-14
 2.414E-10  3.37784395612880E-14
 2.447E-10  3.46842276188964E-14
 2.481E-10  3.56143048980526E-14
 2.515E-10  3.65693227280331E-14
 2.549E-10  3.75499499038770E-14
 2.584E-10  3.85568731547471E-14
 2.619E-10  3.95907976248344E-14
 2.655E-10  4.06524473671708E-14
 2.691E-10  4.17425658506840E-14
 2.728E-10  4.28619164808421E-14
 2.765E-10  4.40112831342667E-14
 2.803E-10  4.51914707076739E-14
 2.841E-10  4.64033056815400E-14
 2.880E-10  4.76476366988881E-14
 2.919E-10  4.89253351595856E-14
 2.959E-10  5.02372958305810E-14
 2.999E-10  5.15844374725071E-14
 3.040E-10  5.29677034830849E-14
 3.082E-10  5.43880625577799E-14
 3.124E-10  5.58465093681767E-14
 3.166E-10  5.73440652585453E-14
 3.210E-10  5.88817789610793E-14
 3.253E-10  6.04607273303218E-14
 3.298E-10  6.20820160972839E-14
 3.343E-10  6.37467806437808E-14
 3.389E-10  6.54561867975346E-14
 3.435E-10  6.72114316485985E-14
 3.482E-10  6.90137443876787E-14
 3.529E-10  7.08643871669245E-14
 3.577E-10  7.27646559838141E-14
 3.626E-10  7.47158815887297E-14
 3.676E-10  7.67194304168838E-14
 3.726E-10  7.87767055452280E-14
 3.777E-10  8.08891476750071E-14
 3.828E-10  8.30582361407030E-14
 3.881E-10  8.52854899459810E-14
 3.934E-10  8.75724688274452E-14
 3.987E-10  8.99207743469418E-14
 4.042E-10  9.23320510130921E-14
 4.097E-10  9.48079874329525E-14
 4.153E-10  9.73503174945380E-14
 4.210E-10  9.99608215810471E-14
 4.267E-10  1.02641327817678E-13
 4.325E-10  1.05393713351835E-13
 4.384E-10  1.08219905667688E-13
 4.444E-10  1.11121883936003E-13
 4.505E-10  1.14101680400121E-13
 4.566E-10  1.17161381799149E-13
 4.629E-10  1.20303130829286E-13
 4.692E-10  1.23529127644339E-13
 4.756E-10  1.26841631396490E-13
 4.821E-10  1.30242961818379E-13
 4.887E-10  1.33735500847579E-13
 4.953E-10  1.37321694294671E-13
 5.021E-10  1.41004053556041E-13
 5.090E-10  1.44785157372593E-13
 5.159E-10  1.48667653635631E-13
 5.230E-10  1.52654261241151E-13
 5.301E-10  1.56747771993905E-13
 5.373E-10  1.60951052562481E-13
 5.447E-10  1.65267046486785E-13
 5.521E-10  1.69698776239423E-13
 5.596E-10  1.74249345342333E-13
 5.673E-10  1.78921940540139E-13
 5.750E-10  1.83719834031831E-13
 5.829E-10  1.88646385762270E-13
 5.908E-10  1.93705045775154E-13
 5.989E-10  1.98899356629042E-13
 6.071E-10  2.04232955878212E-13
 6.154E-10  2.09709578620038E-13
 6.238E-10  2.15333060110631E-13
 6.323E-10  2.21107338450687E-13
 6.409E-10  2.27036457343279E-13
 6.497E-10  2.33124568925682E-13
 6.585E-10  2.39375936677099E-13
 6.675E-10  2.45794938404317E-13
 6.766E-10  2.52386069307508E-13
 6.859E-10  2.59153945128196E-13
 6.952E-10  2.66103305381606E-13
 7.047E-10  2.73239016675761E-13
 7.144E-10  2.80566076119540E-13
 7.241E-10  2.88089614822124E-13
 7.340E-10  2.95814901486284E-13
 7.440E-10  3.03747346098056E-13
 7.542E-10  3.11892503715311E-13
 7.645E-10  3.20256078357952E-13
 7.749E-10  3.28843927002389E-13
 7.855E-10  3.37662063683159E-13
 7.962E-10  3.46716663704601E-13
 8.071E-10  3.56014067965273E-13
 8.181E-10  3.65560787398555E-13
 8.293E-10  3.75363507532189E-13
 8.406E-10  3.85429093170098E-13
 8.521E-10  3.95764593199880E-13
 8.637E-10  4.06377245528945E-13
 8.755E-10  4.17274482153361E-13
 8.874E-10  4.28463934362394E-13
 8.996E-10  4.39953438082569E-13
 9.118E-10  4.51751039365309E-13
 9.243E-10  4.63865000021408E-13
 9.369E-10  4.76303803406765E-13
 9.497E-10  4.89076160363340E-13
 9.627E-10  5.02191015319200E-13
 9.758E-10  5.15657552552336E-13
 9.891E-10  5.29485202622332E-13
 1.003E-09  5.43683648974573E-13
 1.016E-09  5.58262834721502E-13
 1.030E-09  5.73232969605772E-13
 1.044E-09  5.88604537150049E-13
 1.059E-09  6.04388301998545E-13
 1.073E-09  6.20595317455565E-13
 1.088E-09  6.37236933226000E-13
 1.102E-09  6.54324803363482E-13
 1.118E-09  6.71870894431657E-13
 1.133E-09  6.89887493884412E-13
 1.148E-09  7.08387218670600E-13
 1.164E-09  7.27383024069686E-13
 1.180E-09  7.46888212764313E-13
 1.196E-09  7.66916444156065E-13
 1.212E-09  7.87481743931122E-13
 1.229E-09  8.08598513882291E-13
 1.246E-09  8.30281541994649E-13
 1.263E-09  8.52546012801485E-13
 1.280E-09  8.75407518017886E-13
 1.297E-09  8.98882067459551E-13
 1.315E-09  9.22986100254525E-13
 1.333E-09  9.47736496355275E-13
 1.351E-09  9.73150588359714E-13
 1.370E-09  9.99246173649274E-13
 1.388E-09  1.02604152685211E-12
 1.407E-09  1.05355541264089E-12
 1.426E-09  1.08180709887354E-12
 1.446E-09  1.11081637008649E-12
 1.466E-09  1.14060354134977E-12
 1.486E-09  1.17118947249336E-12
 1.506E-09  1.20259558271542E-12
 1.527E-09  1.23484386558198E-12
 1.547E-09  1.26795690442894E-12
 1.568E-09  1.30195788817708E-12
 1.590E-09  1.33687062757125E-12
 1.612E-09  1.37271957185481E-12
 1.634E-09  1.40952982589129E-12
 1.656E-09  1.44732716774546E-12
 1.679E-09  1.48613806673529E-12
 1.701E-09  1.52598970196845E-12
 1.725E-09  1.56690998137587E-12
 1.748E-09  1.60892756125515E-12
 1.772E-09  1.65207186633879E-12
 1.796E-09  1.69637311040004E-12
 1.821E-09  1.74186231741151E-12
 1.846E-09  1.78857134327112E-12
 1.871E-09  1.83653289811062E-12
 1.896E-09  1.88578056920250E-12
 1.922E-09  1.93634884448078E-12
 1.949E-09  1.98827313669269E-12
 1.975E-09  2.04158980819841E-12
 2.002E-09  2.09633619643536E-12
 2.029E-09  2.15255064006517E-12
 2.057E-09  2.21027250582231E-12
 2.085E-09  2.26954221608240E-12
 2.114E-09  2.33040127716981E-12
 2.143E-09  2.39289230842438E-12
 2.172E-09  2.45705907204752E-12
 2.201E-09  2.52294650374875E-12
 2.232E-09  2.59060074421367E-12
 2.262E-09  2.66006917141661E-12
 2.293E-09  2.73140043379867E-12
 2.324E-09  2.80464448433635E-12
 2.356E-09  2.87985261552338E-12
 2.388E-09  2.95707749529026E-12
 2.421E-09  3.03637320388794E-12
 2.454E-09  3.11779527175961E-12
 2.487E-09  3.20140071842831E-12
 2.521E-09  3.28724809242774E-12
 2.556E-09  3.37539751230347E-12
 2.590E-09  3.46591070871339E-12
 2.626E-09  3.55885106765785E-12
 2.662E-09  3.65428367486822E-12
 2.698E-09  3.75227536138646E-12
 2.735E-09  3.85289475036628E-12
 2.772E-09  3.95621230512966E-12
 2.810E-09  4.06230037851229E-12
 2.848E-09  4.17123326353136E-12
 2.887E-09  4.28308724541336E-12
 2.927E-09  4.39794065501579E-12
 2.967E-09  4.51587392368155E-12
 3.007E-09  4.63696963956563E-12
 3.048E-09  4.76131260547060E-12
 3.090E-09  4.88898989823305E-12
 3.132E-09  5.02009092970437E-12
 3.175E-09  5.15470750936467E-12
 3.218E-09  5.29293390861622E-12
 3.262E-09  5.43486692680227E-12
 3.307E-09  5.58060595899425E-12
 3.352E-09  5.73025306559785E-12
 3.398E-09  5.88391304382606E-12
 3.444E-09  6.04169350108733E-12
 3.491E-09  6.20370493034306E-12
 3.539E-09  6.37006078748543E-12
 3.587E-09  6.54087757078902E-12
 3.636E-09  6.71627490249519E-12
 3.685E-09  6.89637561258260E-12
 3.736E-09  7.08130582478413E-12
 3.787E-09  7.27119504491085E-12
 3.838E-09  7.46617625154441E-12
 3.891E-09  7.66638598916149E-12
 3.944E-09  7.87196446375500E-12
 3.998E-09  8.08305564101982E-12
 4.052E-09  8.29980734717031E-12
 4.108E-09  8.52237137246429E-12
 4.164E-09  8.75090357749953E-12
 4.221E-09  8.98556400236177E-12
 4.278E-09  9.22651697870156E-12
 4.337E-09  9.47393124481410E-12
 4.396E-09  9.72798006380516E-12
 4.456E-09  9.98884134492753E-12
 4.517E-09  1.02566977681696E-11
 4.578E-09  1.05317369121853E-11
 4.641E-09  1.08141513856536E-11
 4.704E-09  1.11041389621623E-11
 4.769E-09  1.14019027187095E-11
 4.834E-09  1.17076511779134E-11
 4.900E-09  1.20215984540428E-11
 4.967E-09  1.23439644029598E-11
 5.034E-09  1.26749747760828E-11
 5.103E-09  1.30148613784794E-11
 5.173E-09  1.33638622311995E-11
 5.243E-09  1.37222217379592E-11
 5.315E-09  1.40901908562936E-11
 5.388E-09  1.44680272733061E-11
 5.461E-09  1.48559955861199E-11
 5.536E-09  1.52543674871773E-11
 5.611E-09  1.56634219545034E-11
 5.688E-09  1.60834454470735E-11
 5.765E-09  1.65147321054194E-11
 5.844E-09  1.69575839576116E-11
 5.924E-09  1.74123111307721E-11
 6.005E-09  1.78792320682512E-11
 6.087E-09  1.83586737526334E-11
 6.170E-09  1.88509719347232E-11
 6.254E-09  1.93564713686662E-11
 6.340E-09  1.98755260533807E-11
 6.426E-09  2.04084994804609E-11
 6.514E-09  2.09557648887285E-11
 6.603E-09  2.15177055256094E-11
 6.693E-09  2.20947149155194E-11
 6.784E-09  2.26871971354479E-11
 6.877E-09  2.32955670979316E-11
 6.971E-09  2.39202508416141E-11
 7.066E-09  2.45616858295985E-11
 7.162E-09  2.52203212558023E-11
 7.260E-09  2.58966183595226E-11
 7.359E-09  2.65910507484408E-11
 7.460E-09  2.73041047302893E-11
 7.562E-09  2.80362796534086E-11
 7.665E-09  2.87880882564371E-11
 7.770E-09  2.95600570273797E-11
 7.876E-09  3.03527265723046E-11
 7.983E-09  3.11666519939293E-11
 8.092E-09  3.20024032803526E-11
 8.203E-09  3.28605657042143E-11
 8.315E-09  3.37417402325595E-11
 8.428E-09  3.46465439476902E-11
 8.543E-09  3.55756104793094E-11
 8.660E-09  3.65295904482476E-11
 8.778E-09  3.75091519220810E-11
 8.898E-09  3.85149808829835E-11
 9.019E-09  3.95477817081147E-11
 9.142E-09  4.06082776628876E-11
 9.267E-09  4.16972114074740E-11
 9.394E-09  4.28153455168769E-11
 9.522E-09  4.39634630149618E-11
 9.652E-09  4.51423679228051E-11
 9.784E-09  4.63528858217421E-11
 9.917E-09  4.75958644315181E-11
 1.005E-08  4.88721742039412E-11
 1.019E-08  5.01827089324543E-11
 1.033E-08  5.15283863780559E-11
 1.047E-08  5.29101489119976E-11
 1.061E-08  5.43289641757260E-11
 1.076E-08  5.57858257585143E-11
 1.090E-08  5.72817538932656E-11
 1.105E-08  5.88177961709738E-11
 1.120E-08  6.03950282743506E-11
 1.136E-08  6.20145547311212E-11
 1.151E-08  6.36775096875101E-11
 1.167E-08  6.53850577024794E-11
 1.183E-08  6.71383945632623E-11
 1.199E-08  6.89387481227710E-11
 1.215E-08  7.07873791594464E-11
 1.232E-08  7.26855822601749E-11
 1.249E-08  7.46346867268858E-11
 1.266E-08  7.66360575074454E-11
 1.283E-08  7.86910961515213E-11
 1.301E-08  8.08012417920848E-11
 1.318E-08  8.29679721532241E-11
 1.336E-08  8.51928045849815E-11
 1.355E-08  8.74772971259430E-11
 1.373E-08  8.98230495943272E-11
 1.392E-08  9.22317047083300E-11
 1.411E-08  9.47049492365004E-11
 1.430E-08  9.72445151789684E-11
 1.450E-08  9.98521809803816E-11
 1.470E-08  1.02529772775303E-10
 1.490E-08  1.05279165667057E-10
 1.510E-08  1.08102285040861E-10
 1.531E-08  1.11001107912135E-10
 1.551E-08  1.13977664311012E-10
 1.573E-08  1.17034038703949E-10
 1.594E-08  1.20172371453463E-10
 1.616E-08  1.23394860317007E-10
 1.638E-08  1.26703761986055E-10
 1.660E-08  1.30101393666434E-10
 1.683E-08  1.33590134701055E-10
 1.706E-08  1.37172428236149E-10
 1.729E-08  1.40850782932192E-10
 1.753E-08  1.44627774720683E-10
 1.777E-08  1.48506048608057E-10
 1.801E-08  1.52488320527979E-10
 1.826E-08  1.56577379243266E-10
 1.851E-08  1.60776088298860E-10
 1.876E-08  1.65087388027139E-10
 1.901E-08  1.69514297607002E-10
 1.927E-08  1.74059917178191E-10
 1.954E-08  1.78727430012275E-10
 1.980E-08  1.83520104741900E-10
 2.007E-08  1.88441297649755E-10
 2.035E-08  1.93494455018969E-10
 2.063E-08  1.98683115546519E-10
 2.091E-08  2.04010912821346E-10
 2.119E-08  2.09481577868928E-10
 2.148E-08  2.15098941764069E-10
 2.178E-08  2.20866938313817E-10
 2.207E-08  2.26789606812229E-10
 2.237E-08  2.32871094869077E-10
 2.268E-08  2.39115661314391E-10
 2.299E-08  2.45527679180863E-10
 2.330E-08  2.52111638766259E-10
 2.362E-08  2.58872150777950E-10
 2.394E-08  2.65813949561720E-10
 2.427E-08  2.72941896417208E-10
 2.460E-08  2.80260983002231E-10
 2.494E-08  2.87776334828400E-10
 2.528E-08  2.95493214850467E-10
 2.562E-08  3.03417027151933E-10
 2.597E-08  3.11553320729467E-10
 2.633E-08  3.19907793378842E-10
 2.669E-08  3.28486295685034E-10
 2.705E-08  3.37294835119321E-10
 2.742E-08  3.46339580246305E-10
 2.779E-08  3.55626865043648E-10
 2.817E-08  3.65163193337726E-10
 2.856E-08  3.74955243358197E-10
 2.895E-08  3.85009872414708E-10
 2.934E-08  3.95334121698986E-10
 2.974E-08  4.05935221215747E-10
 3.015E-08  4.16820594845769E-10
 3.056E-08  4.27997865544758E-10
 3.098E-08  4.39474860681688E-10
 3.140E-08  4.51259617520167E-10
 3.183E-08  4.63360388846866E-10
 3.227E-08  4.75785648750908E-10
 3.271E-08  4.88544098558127E-10
 3.315E-08  5.01644672924552E-10
 3.361E-08  5.15096546093261E-10
 3.406E-08  5.28909138318967E-10
 3.453E-08  5.43092122464985E-10
 3.500E-08  5.57655430777012E-10
 3.548E-08  5.72609261838533E-10
 3.596E-08  5.87964087712843E-10
 3.645E-08  6.03730661276525E-10
 3.695E-08  6.19920023749471E-10
 3.746E-08  6.36543512427043E-10
 3.797E-08  6.53612768619433E-10
 3.849E-08  6.71139745803899E-10
 3.901E-08  6.89136717995668E-10
 3.954E-08  7.07616288343299E-10
 4.008E-08  7.26591397954561E-10
 4.063E-08  7.46075334958899E-10
 4.119E-08  7.66081743812904E-10
 4.175E-08  7.86624634855509E-10
 4.232E-08  8.07718394119136E-10
 4.290E-08  8.29377793404119E-10
 4.348E-08  8.51618000623222E-10
 4.408E-08  8.74454590423518E-10
 4.468E-08  8.97903555093169E-10
 4.529E-08  9.21981315760550E-10
 4.591E-08  9.46704733893799E-10
 4.653E-08  9.72091123108849E-10
 4.717E-08  9.98158261293665E-10
 4.781E-08  1.02492440305793E-09
 4.846E-08  1.05240829251675E-09
 4.913E-08  1.08062917641661E-09
 4.980E-08  1.10960681761384E-09
 5.048E-08  1.13936150891414E-09
 5.117E-08  1.16991408728337E-09
 5.186E-08  1.20128594843963E-09
 5.257E-08  1.23349906183596E-09
 5.329E-08  1.26657598604557E-09
 5.402E-08  1.30053988455932E-09
 5.475E-08  1.33541454200649E-09
 5.550E-08  1.37122438081119E-09
 5.626E-08  1.40799447829476E-09
 5.703E-08  1.44575058423717E-09
 5.781E-08  1.48451913890913E-09
 5.860E-08  1.52432729158788E-09
 5.940E-08  1.56520291956967E-09
 6.021E-08  1.60717464769127E-09
 6.103E-08  1.65027186837590E-09
 6.186E-08  1.69452476221635E-09
 6.271E-08  1.73996431910971E-09
 6.356E-08  1.78662235995923E-09
 6.443E-08  1.83453155895811E-09
 6.531E-08  1.88372546647050E-09
 6.620E-08  1.93423853252642E-09
 6.711E-08  1.98610613094665E-09
 6.802E-08  2.03936458411421E-09
 6.895E-08  2.09405118841036E-09
 6.989E-08  2.15020424033278E-09
 7.085E-08  2.20786306331396E-09
 7.181E-08  2.26706803525856E-09
 7.279E-08  2.32786061681949E-09
 7.379E-08  2.39028338043190E-09
 7.479E-08  2.45438004012624E-09
 7.582E-08  2.52019548214012E-09
 7.685E-08  2.58777579635136E-09
 7.790E-08  2.65716830855419E-09
 7.896E-08  2.72842161360006E-09
 8.004E-08  2.80158560942833E-09
 8.113E-08  2.87671153200842E-09
 8.224E-08  2.95385199121974E-09
 8.336E-08  3.03306100769317E-09
 8.450E-08  3.11439405064052E-09
 8.566E-08  3.19790807669869E-09
 8.683E-08  3.28366156981529E-09
 8.801E-08  3.37171458220408E-09
 8.921E-08  3.46212877639750E-09
 9.043E-08  3.55496746842857E-09
 9.167E-08  3.65029567216925E-09
 9.292E-08  3.74818014485826E-09
 9.419E-08  3.84868943385050E-09
 9.547E-08  3.95189392461831E-09
 9.677E-08  4.05786589004118E-09
 9.810E-08  4.16667954101754E-09
 9.944E-08  4.27841107843229E-09
 1.008E-07  4.39313874651836E-09
 1.022E-07  4.51094288765038E-09
 1.036E-07  4.63190599860592E-09
 1.050E-07  4.75611278833584E-09
 1.064E-07  4.88365023728461E-09
 1.079E-07  5.01460765830049E-09
 1.093E-07  5.14907675917862E-09
 1.108E-07  5.28715170688253E-09
 1.123E-07  5.42892919348720E-09
 1.139E-07  5.57450850388857E-09
 1.154E-07  5.72399158533170E-09
 1.170E-07  5.87748311880164E-09
 1.186E-07  6.03509059232864E-09
 1.202E-07  6.19692437625903E-09
 1.219E-07  6.36309780054483E-09
 1.235E-07  6.53372723410627E-09
 1.252E-07  6.70893216632069E-09
 1.269E-07  6.88883529069873E-09
 1.287E-07  7.07356259080307E-09
 1.304E-07  7.26324342847078E-09
 1.322E-07  7.45801063440197E-09
 1.340E-07  7.65800060117740E-09
 1.358E-07  7.86335337877098E-09
 1.377E-07  8.07421277262115E-09
 1.396E-07  8.29072644433479E-09
 1.415E-07  8.51304601509022E-09
 1.434E-07  8.74132717181202E-09
 1.454E-07  8.97572977619564E-09
 1.473E-07  9.21641797665232E-09
 1.494E-07  9.46356032325628E-09
 1.514E-07  9.71732988577608E-09
 1.535E-07  9.97790437487120E-09
 1.556E-07  1.02454662665349E-08
 1.577E-07  1.05202029298772E-08
 1.598E-07  1.08023067583330E-08
 1.620E-07  1.10919753043881E-08
 1.642E-07  1.13894114179208E-08
 1.665E-07  1.16948233882481E-08
 1.687E-07  1.20084250899850E-08
 1.710E-07  1.23304361328127E-08
 1.734E-07  1.26610820152638E-08
 1.757E-07  1.30005942826318E-08
 1.781E-07  1.33492106891114E-08
 1.806E-07  1.37071753642909E-08
 1.830E-07  1.40747389841077E-08
 1.855E-07  1.44521589463846E-08
 1.881E-07  1.48396995510778E-08
 1.906E-07  1.52376321853554E-08
 1.932E-07  1.56462355136398E-08
 1.959E-07  1.60657956727437E-08
 1.986E-07  1.64966064722411E-08
 2.013E-07  1.69389696002121E-08
 2.040E-07  1.73931948345004E-08
 2.068E-07  1.78596002596370E-08
 2.096E-07  1.83385124895841E-08
 2.125E-07  1.88302668964489E-08
 2.154E-07  1.93352078453273E-08
 2.183E-07  1.98536889354492E-08
 2.213E-07  2.03860732477917E-08
 2.243E-07  2.09327335993229E-08
 2.274E-07  2.14940528040705E-08
 2.305E-07  2.20704239411935E-08
 2.336E-07  2.26622506302324E-08
 2.368E-07  2.32699473137427E-08
 2.401E-07  2.38939395475177E-08
 2.433E-07  2.45346642985777E-08
 2.467E-07  2.51925702511582E-08
 2.500E-07  2.58681181209036E-08
 2.534E-07  2.65617809774807E-08
 2.569E-07  2.72740445758471E-08
 2.604E-07  2.80054076963989E-08
 2.640E-07  2.87563824942417E-08
 2.676E-07  2.95274948578283E-08
 2.712E-07  3.03192847772067E-08
 2.749E-07  3.11323067221460E-08
 2.787E-07  3.19671300304056E-08
 2.825E-07  3.28243393064048E-08
 2.863E-07  3.37045348305941E-08
 2.903E-07  3.46083329797947E-08
 2.942E-07  3.55363666588142E-08
 2.982E-07  3.64892857436296E-08
 3.023E-07  3.74677575364584E-08
 3.064E-07  3.84724672330335E-08
 3.106E-07  3.95041184024001E-08
 3.149E-07  4.05634334795875E-08
 3.192E-07  4.16511542714774E-08
 3.235E-07  4.27680424762523E-08
 3.279E-07  4.39148802167652E-08
 3.324E-07  4.50924705882006E-08
 3.369E-07  4.63016382204412E-08
 3.415E-07  4.75432298554925E-08
 3.462E-07  4.88181149404032E-08
 3.509E-07  5.01271862360872E-08
 3.557E-07  5.14713604424485E-08
 3.606E-07  5.28515788402937E-08
 3.655E-07  5.42688079504430E-08
 3.705E-07  5.57240402105136E-08
 3.756E-07  5.72182946698495E-08
 3.807E-07  5.87526177030935E-08
 3.859E-07  6.03280837428913E-08
 3.911E-07  6.19457960322161E-08
 3.965E-07  6.36068873969031E-08
 4.019E-07  6.53125210388775E-08
 4.074E-07  6.70638913506492E-08
 4.129E-07  6.88622247516595E-08
 4.186E-07  7.07087805470324E-08
 4.243E-07  7.26048518093786E-08
 4.301E-07  7.45517662842207E-08
 4.360E-07  7.65508873196999E-08
 4.419E-07  7.86036148212212E-08
 4.479E-07  8.07113862316869E-08
 4.541E-07  8.28756775380069E-08
 4.603E-07  8.50980043046073E-08
 4.665E-07  8.73799227346541E-08
 4.729E-07  8.97230307597119E-08
 4.794E-07  9.21289691586287E-08
 4.859E-07  9.45994227064346E-08
 4.926E-07  9.71361213540260E-08
 4.993E-07  9.97408414394790E-08
 5.061E-07  1.02415406931859E-07
 5.130E-07  1.05161690708368E-07
 5.200E-07  1.07981615865738E-07
 5.271E-07  1.10877157066777E-07
 5.343E-07  1.13850341923030E-07
 5.416E-07  1.16903252414515E-07
 5.490E-07  1.20038026347504E-07
 5.565E-07  1.23256858851423E-07
 5.641E-07  1.26562003915848E-07
 5.718E-07  1.29955775968745E-07
 5.796E-07  1.33440551497011E-07
 5.875E-07  1.37018770710463E-07
 5.955E-07  1.40692939250433E-07
 6.037E-07  1.44465629944200E-07
 6.119E-07  1.48339484606457E-07
 6.202E-07  1.52317215889028E-07
 6.287E-07  1.56401609180246E-07
 6.373E-07  1.60595524555225E-07
 6.460E-07  1.64901898778419E-07
 6.548E-07  1.69323747359889E-07
 6.638E-07  1.73864166666657E-07
 6.728E-07  1.78526336090756E-07
 6.820E-07  1.83313520275318E-07
 6.913E-07  1.88229071400370E-07
 7.008E-07  1.93276431529954E-07
 7.103E-07  1.98459135022145E-07
 7.200E-07  2.03780811003665E-07
 7.298E-07  2.09245185910889E-07
 7.398E-07  2.14856086098953E-07
 7.499E-07  2.20617440520793E-07
 7.602E-07  2.26533283478062E-07
 7.705E-07  2.32607757445750E-07
 7.811E-07  2.38845115972573E-07
 7.917E-07  2.45249726659106E-07
 8.025E-07  2.51826074215754E-07
 8.135E-07  2.58578763602699E-07
 8.246E-07  2.65512523254084E-07
 8.358E-07  2.72632208388584E-07
 8.473E-07  2.79942804408731E-07
 8.588E-07  2.87449430391444E-07
 8.705E-07  2.95157342672037E-07
 8.824E-07  3.03071938524401E-07
 8.945E-07  3.11198759939837E-07
 9.067E-07  3.19543497507117E-07
 9.191E-07  3.28111994396688E-07
 9.316E-07  3.36910250451630E-07
 9.443E-07  3.45944426388286E-07
 9.572E-07  3.55220848109497E-07
 9.703E-07  3.64746011133536E-07
 9.835E-07  3.74526585141721E-07
 9.970E-07  3.84569418647955E-07
 1.011E-06  3.94881543793454E-07
 1.024E-06  4.05470181270031E-07
 1.038E-06  4.16342745375374E-07
 1.053E-06  4.27506849203823E-07
 1.067E-06  4.38970309976319E-07
 1.081E-06  4.50741154513230E-07
 1.096E-06  4.62827624853921E-07
 1.111E-06  4.75238184026969E-07
 1.126E-06  4.87981521975054E-07
 1.142E-06  5.01066561638691E-07
 1.157E-06  5.14502465203093E-07
 1.173E-06  5.28298640512392E-07
 1.189E-06  5.42464747655954E-07
 1.205E-06  5.57010705731172E-07
 1.222E-06  5.71946699787595E-07
 1.239E-06  5.87283187957139E-07
 1.255E-06  6.03030908775575E-07
 1.273E-06  6.19200888700156E-07
 1.290E-06  6.35804449828771E-07
 1.308E-06  6.52853217826263E-07
 1.325E-06  6.70359130062868E-07
 1.344E-06  6.88334443971090E-07
 1.362E-06  7.06791745626474E-07
 1.380E-06  7.25743958558462E-07
 1.399E-06  7.45204352797428E-07
 1.418E-06  7.65186554164113E-07
 1.438E-06  7.85704553808361E-07
 1.457E-06  8.06772718003303E-07
 1.477E-06  8.28405798202092E-07
 1.497E-06  8.50618941364284E-07
 1.518E-06  8.73427700559133E-07
 1.539E-06  8.96848045853004E-07
 1.560E-06  9.20896375488544E-07
 1.581E-06  9.45589527363637E-07
 1.603E-06  9.70944790818115E-07
 1.624E-06  9.96979918736228E-07
 1.647E-06  1.02371313997366E-06
 1.669E-06  1.05116317211766E-06
 1.692E-06  1.07934923458914E-06
 1.715E-06  1.10829106209595E-06
 1.738E-06  1.13800891844675E-06
 1.762E-06  1.16852361073541E-06
 1.786E-06  1.19985650390526E-06
 1.811E-06  1.23202953570385E-06
 1.835E-06  1.26506523203871E-06
 1.860E-06  1.29898672274434E-06
 1.886E-06  1.33381775777231E-06
 1.911E-06  1.36958272381497E-06
 1.938E-06  1.40630666137460E-06
 1.964E-06  1.44401528229051E-06
 1.991E-06  1.48273498773544E-06
 2.018E-06  1.52249288669492E-06
 2.046E-06  1.56331681494119E-06
 2.073E-06  1.60523535451611E-06
 2.102E-06  1.64827785373634E-06
 2.130E-06  1.69247444773430E-06
 2.160E-06  1.73785607955006E-06
 2.189E-06  1.78445452178844E-06
 2.219E-06  1.83230239885617E-06
 2.249E-06  1.88143320979553E-06
 2.280E-06  1.93188135173002E-06
 2.311E-06  1.98368214393758E-06
 2.343E-06  2.03687185257010E-06
 2.375E-06  2.09148771603459E-06
 2.407E-06  2.14756797105487E-06
 2.440E-06  2.20515187943181E-06
 2.473E-06  2.26427975552049E-06
 2.507E-06  2.32499299444421E-06
 2.541E-06  2.38733410106375E-06
 2.576E-06  2.45134671972396E-06
 2.611E-06  2.51707566479711E-06
 2.647E-06  2.58456695204440E-06
 2.683E-06  2.65386783081870E-06
 2.719E-06  2.72502681712946E-06
 2.757E-06  2.79809372759410E-06
 2.794E-06  2.87311971429954E-06
 2.832E-06  2.95015730059714E-06
 2.871E-06  3.02926041785768E-06
 2.910E-06  3.11048444321054E-06
 2.950E-06  3.19388623829464E-06
 2.990E-06  3.27952418904782E-06
 3.031E-06  3.36745824656190E-06
 3.072E-06  3.45774996903331E-06
 3.114E-06  3.55046256483677E-06
 3.157E-06  3.64566093675392E-06
 3.200E-06  3.74341172738756E-06
 3.244E-06  3.84378336579106E-06
 3.288E-06  3.94684611534887E-06
 3.333E-06  4.05267212293905E-06
 3.378E-06  4.16133546941323E-06
 3.424E-06  4.27291222142979E-06
 3.471E-06  4.38748048467438E-06
 3.519E-06  4.50512045850790E-06
 3.567E-06  4.62591449207795E-06
 3.615E-06  4.74994714193330E-06
 3.665E-06  4.87730523118303E-06
 3.715E-06  5.00807791023937E-06
 3.765E-06  5.14235671918930E-06
 3.817E-06  5.28023565183582E-06
 3.869E-06  5.42181122145591E-06
 3.922E-06  5.56718252832016E-06
 3.975E-06  5.71645132902066E-06
 4.030E-06  5.86972210765602E-06
 4.085E-06  6.02710214892478E-06
 4.140E-06  6.18870161317601E-06
 4.197E-06  6.35463361346973E-06
 4.254E-06  6.52501429470332E-06
 4.312E-06  6.69996291485587E-06
 4.371E-06  6.87960192840999E-06
 4.431E-06  7.06405707200846E-06
 4.491E-06  7.25345745240399E-06
 4.553E-06  7.44793563676664E-06
 4.615E-06  7.64762774540871E-06
 4.678E-06  7.85267354699469E-06
 4.742E-06  8.06321655630004E-06
 4.806E-06  8.27940413458882E-06
 4.872E-06  8.50138759268162E-06
 4.938E-06  8.72932229678171E-06
 5.006E-06  8.96336777713653E-06
 5.074E-06  9.20368783960960E-06
 5.144E-06  9.45045068024126E-06
 5.214E-06  9.70382900287645E-06
 5.285E-06  9.96400013994298E-06
 5.357E-06  1.02311461764649E-05
 5.430E-06  1.05054540773978E-05
 5.504E-06  1.07871158183723E-05
 5.579E-06  1.10763285199404E-05
 5.656E-06  1.13732945854160E-05
 5.733E-06  1.16782218424081E-05
 5.811E-06  1.19913236881419E-05
 5.890E-06  1.23128192386720E-05
 5.971E-06  1.26429334820950E-05
 6.052E-06  1.29818974358571E-05
 6.135E-06  1.33299483082792E-05
 6.219E-06  1.36873296644088E-05
 6.304E-06  1.40542915963064E-05
 6.390E-06  1.44310908978955E-05
 6.477E-06  1.48179912444940E-05
 6.565E-06  1.52152633771513E-05
 6.655E-06  1.56231852919211E-05
 6.746E-06  1.60420424342007E-05
 6.838E-06  1.64721278982752E-05
 6.931E-06  1.69137426322019E-05
 7.026E-06  1.73671956481798E-05
 7.122E-06  1.78328042385513E-05
 7.219E-06  1.83108941975876E-05
 7.318E-06  1.88018000492084E-05
 7.418E-06  1.93058652807976E-05
 7.519E-06  1.98234425832794E-05
 7.622E-06  2.03548940976216E-05
 7.726E-06  2.09005916679324E-05
 7.831E-06  2.14609171013341E-05
 7.938E-06  2.20362624347944E-05
 8.046E-06  2.26270302090983E-05
 8.156E-06  2.32336337501478E-05
 8.268E-06  2.38564974577936E-05
 8.380E-06  2.44960571024032E-05
 8.495E-06  2.51527601293520E-05
 8.611E-06  2.58270659716725E-05
 8.728E-06  2.65194463710688E-05
 8.848E-06  2.72303857075177E-05
 8.968E-06  2.79603813376928E-05
 9.091E-06  2.87099439424443E-05
 9.215E-06  2.94795978835735E-05
 9.341E-06  3.02698815701519E-05
 9.468E-06  3.10813478346471E-05
 9.597E-06  3.19145643191113E-05
 9.729E-06  3.27701138716941E-05
 9.861E-06  3.36485949537693E-05
 9.996E-06  3.45506220579542E-05
 1.013E-05  3.54768261373078E-05
 1.027E-05  3.64278550460115E-05
 1.041E-05  3.74043739918391E-05
 1.055E-05  3.84070660007248E-05
 1.070E-05  3.94366323937648E-05
 1.084E-05  4.04937932769708E-05
 1.099E-05  4.15792880441242E-05
 1.114E-05  4.26938758930817E-05
 1.129E-05  4.38383363558845E-05
 1.145E-05  4.50134698430452E-05
 1.160E-05  4.62200982023936E-05
 1.176E-05  4.74590652928608E-05
 1.192E-05  4.87312375736048E-05
 1.209E-05  5.00375047089039E-05
 1.225E-05  5.13787801892013E-05
 1.242E-05  5.27560019687703E-05
 1.259E-05  5.41701331204204E-05
 1.276E-05  5.56221625077096E-05
 1.293E-05  5.71131054751248E-05
 1.311E-05  5.86440045567152E-05
 1.329E-05  6.02159302036693E-05
 1.347E-05  6.18299815313295E-05
 1.365E-05  6.34872870861853E-05
 1.384E-05  6.51890056333622E-05
 1.403E-05  6.69363269651586E-05
 1.422E-05  6.87304727311837E-05
 1.442E-05  7.05726972906912E-05
 1.461E-05  7.24642885876794E-05
 1.481E-05  7.44065690493814E-05
 1.501E-05  7.64008965087617E-05
 1.522E-05  7.84486651516555E-05
 1.543E-05  8.05513064892251E-05
 1.564E-05  8.27102903563801E-05
 1.585E-05  8.49271259368748E-05
 1.607E-05  8.72033628158125E-05
 1.629E-05  8.95405920602314E-05
 1.651E-05  9.19404473285565E-05
 1.673E-05  9.44046060097118E-05
 1.696E-05  9.69347903926285E-05
 1.719E-05  9.95327688669967E-05
 1.743E-05  1.02200357156085E-04
 1.767E-05  1.04939419582461E-04
 1.791E-05  1.07751870367543E-04
 1.815E-05  1.10639674965819E-04
 1.840E-05  1.13604851434695E-04
 1.865E-05  1.16649471840930E-04
 1.891E-05  1.19775663704584E-04
 1.916E-05  1.22985611481547E-04
 1.943E-05  1.26281558085604E-04
 1.969E-05  1.29665806451154E-04
 1.996E-05  1.33140721137617E-04
 2.023E-05  1.36708729976658E-04
 2.051E-05  1.40372325763378E-04
 2.079E-05  1.44134067992615E-04
 2.107E-05  1.47996584641596E-04
 2.136E-05  1.51962574000127E-04
 2.165E-05  1.56034806549602E-04
 2.195E-05  1.60216126892153E-04
 2.225E-05  1.64509455731273E-04
 2.255E-05  1.68917791905229E-04
 2.286E-05  1.73444214474718E-04
 2.317E-05  1.78091884866196E-04
 2.349E-05  1.82864049072392E-04
 2.381E-05  1.87764039911448E-04
 2.413E-05  1.92795279346300E-04
 2.446E-05  1.97961280865925E-04
 2.480E-05  2.03265651930048E-04
 2.514E-05  2.08712096478984E-04
 2.548E-05  2.14304417510426E-04
 2.583E-05  2.20046519724876E-04
 2.618E-05  2.25942412241553E-04
 2.654E-05  2.31996211386729E-04
 2.690E-05  2.38212143556306E-04
 2.727E-05  2.44594548154668E-04
 2.764E-05  2.51147880611830E-04
 2.802E-05  2.57876715480954E-04
 2.840E-05  2.64785749618353E-04
 2.879E-05  2.71879805448194E-04
 2.918E-05  2.79163834314140E-04
 2.958E-05  2.86642919920237E-04
 2.998E-05  2.94322281863364E-04
 3.039E-05  3.02207279259792E-04
 3.080E-05  3.10303414468282E-04
 3.123E-05  3.18616336912182E-04
 3.165E-05  3.27151847003316E-04
 3.208E-05  3.35915900170309E-04
 3.252E-05  3.44914610994041E-04
 3.297E-05  3.54154257453142E-04
 3.342E-05  3.63641285282454E-04
 3.387E-05  3.73382312447361E-04
 3.433E-05  3.83384133737203E-04
 3.480E-05  3.93653725480791E-04
 3.528E-05  4.04198250387261E-04
 3.576E-05  4.15025062515763E-04
 3.625E-05  4.26141712377136E-04
 3.674E-05  4.37555952171218E-04
 3.724E-05  4.49275741163457E-04
 3.775E-05  4.61309251204206E-04
 3.827E-05  4.73664872394811E-04
 3.879E-05  4.86351218904223E-04
 3.932E-05  4.99377134940074E-04
 3.986E-05  5.12751700878363E-04
 4.040E-05  5.26484239555929E-04
 4.095E-05  5.40584322730030E-04
 4.151E-05  5.55061777709391E-04
 4.208E-05  5.69926694161277E-04
 4.265E-05  5.85189431099318E-04
 4.324E-05  6.00860624056667E-04
 4.383E-05  6.16951192449553E-04
 4.442E-05  6.33472347136260E-04
 4.503E-05  6.50435598176460E-04
 4.565E-05  6.67852762796511E-04
 4.627E-05  6.85735973565920E-04
 4.690E-05  7.04097686790571E-04
 4.754E-05  7.22950691128561E-04
 4.819E-05  7.42308116434218E-04
 4.885E-05  7.62183442836785E-04
 4.951E-05  7.82590510059499E-04
 5.019E-05  8.03543526985448E-04
 5.088E-05  8.25057081477123E-04
 5.157E-05  8.47146150455840E-04
 5.227E-05  8.69826110248029E-04
 5.299E-05  8.93112747205554E-04
 5.371E-05  9.17022268607214E-04
 5.445E-05  9.41571313848509E-04
 5.519E-05  9.66776965927787E-04
 5.594E-05  9.92656763236136E-04
 5.671E-05  1.01922871165910E-03
 5.748E-05  1.04651129699854E-03
 5.826E-05  1.07452349772285E-03
 5.906E-05  1.10328479805424E-03
 5.987E-05  1.13281520140211E-03
 6.068E-05  1.16313524415116E-03
 6.151E-05  1.19426600981386E-03
 6.235E-05  1.22622914355685E-03
 6.320E-05  1.25904686711074E-03
 6.407E-05  1.29274199407406E-03
 6.494E-05  1.32733794562050E-03
 6.583E-05  1.36285876662126E-03
 6.673E-05  1.39932914219264E-03
 6.764E-05  1.43677441467999E-03
 6.856E-05  1.47522060108987E-03
 6.950E-05  1.51469441098155E-03
 7.045E-05  1.55522326483064E-03
 7.141E-05  1.59683531287610E-03
 7.238E-05  1.63955945446427E-03
 7.337E-05  1.68342535790230E-03
 7.437E-05  1.72846348083465E-03
 7.539E-05  1.77470509115570E-03
 7.642E-05  1.82218228847324E-03
 7.746E-05  1.87092802613663E-03
 7.852E-05  1.92097613384426E-03
 7.959E-05  1.97236134084617E-03
 8.068E-05  2.02511929975630E-03
 8.178E-05  2.07928661099076E-03
 8.289E-05  2.13490084784872E-03
 8.403E-05  2.19200058225168E-03
 8.517E-05  2.25062541115921E-03
 8.634E-05  2.31081598367843E-03
 8.751E-05  2.37261402888429E-03
 8.871E-05  2.43606238437079E-03
 8.992E-05  2.50120502555100E-03
 9.115E-05  2.56808709572506E-03
 9.239E-05  2.63675493693716E-03
 9.365E-05  2.70725612164077E-03
 9.493E-05  2.77963948519350E-03
 9.623E-05  2.85395515920338E-03
 9.754E-05  2.93025460574819E-03
 9.887E-05  3.00859065249044E-03
 1.002E-04  3.08901752871092E-03
 1.016E-04  3.17159090228518E-03
 1.030E-04  3.25636791762668E-03
 1.044E-04  3.34340723462150E-03
 1.058E-04  3.43276906858081E-03
 1.073E-04  3.52451523123635E-03
 1.087E-04  3.61870917280700E-03
 1.102E-04  3.71541602516221E-03
 1.117E-04  3.81470264611255E-03
 1.132E-04  3.91663766485519E-03
 1.148E-04  4.02129152860309E-03
 1.163E-04  4.12873655043090E-03
 1.179E-04  4.23904695836594E-03
 1.195E-04  4.35229894575765E-03
 1.212E-04  4.46857072295854E-03
 1.228E-04  4.58794257034865E-03
 1.245E-04  4.71049689273962E-03
 1.262E-04  4.83631827519323E-03
 1.279E-04  4.96549354028873E-03
 1.297E-04  5.09811180687876E-03
 1.314E-04  5.23426455037038E-03
 1.332E-04  5.37404566456890E-03
 1.351E-04  5.51755152512681E-03
 1.369E-04  5.66488105463690E-03
 1.388E-04  5.81613578941191E-03
 1.407E-04  5.97141994799364E-03
 1.426E-04  6.13084050143442E-03
 1.445E-04  6.29450724539804E-03
 1.465E-04  6.46253287412417E-03
 1.485E-04  6.63503305630421E-03
 1.505E-04  6.81212651291738E-03
 1.526E-04  6.99393509707573E-03
 1.547E-04  7.18058387592976E-03
 1.568E-04  7.37220121468497E-03
 1.589E-04  7.56891886278510E-03
 1.611E-04  7.77087204231514E-03
 1.633E-04  7.97819953867885E-03
 1.655E-04  8.19104379360949E-03
 1.678E-04  8.40955100057401E-03
 1.701E-04  8.63387120262587E-03
 1.724E-04  8.86415839277228E-03
 1.748E-04  9.10057061691809E-03
 1.771E-04  9.34327007944835E-03
 1.796E-04  9.59242325151780E-03
 1.820E-04  9.84820098211442E-03
 1.845E-04  1.01107786119659E-02
 1.870E-04  1.03803360903592E-02
 1.896E-04  1.06570580949474E-02
 1.922E-04  1.09411341546168E-02
 1.948E-04  1.12327587754892E-02
 1.974E-04  1.15321315701405E-02
 2.001E-04  1.18394573901097E-02
 2.029E-04  1.21549464617873E-02
 2.056E-04  1.24788145257599E-02
 2.084E-04  1.28112829796978E-02
 2.113E-04  1.31525790248765E-02
 2.142E-04  1.35029358164156E-02
 2.171E-04  1.38625926173315E-02
 2.201E-04  1.42317949564959E-02
 2.231E-04  1.46107947905946E-02
 2.261E-04  1.49998506701860E-02
 2.292E-04  1.53992279099557E-02
 2.323E-04  1.58091987632786E-02
 2.355E-04  1.62300426011841E-02
 2.387E-04  1.66620460958326E-02
 2.420E-04  1.71055034086194E-02
 2.453E-04  1.75607163830139E-02
 2.486E-04  1.80279947422451E-02
 2.520E-04  1.85076562919566E-02
 2.555E-04  1.90000271279509E-02
 2.589E-04  1.95054418491387E-02
 2.625E-04  2.00242437758296E-02
 2.661E-04  2.05567851734772E-02
 2.697E-04  2.11034274820266E-02
 2.734E-04  2.16645415509856E-02
 2.771E-04  2.22405078803597E-02
 2.809E-04  2.28317168675978E-02
 2.847E-04  2.34385690606741E-02
 2.886E-04  2.40614754174717E-02
 2.926E-04  2.47008575716099E-02
 2.965E-04  2.53571481048579E-02
 3.006E-04  2.60307908263035E-02
 3.047E-04  2.67222410584358E-02
 3.089E-04  2.74319659302896E-02
 3.131E-04  2.81604446778340E-02
 3.174E-04  2.89081689517670E-02
 3.217E-04  2.96756431328864E-02
 3.261E-04  3.04633846552218E-02
 3.305E-04  3.12719243370975E-02
 3.350E-04  3.21018067203219E-02
 3.396E-04  3.29535904176782E-02
 3.442E-04  3.38278484689175E-02
 3.489E-04  3.47251687054509E-02
 3.537E-04  3.56461541239301E-02
 3.585E-04  3.65914232689299E-02
 3.634E-04  3.75616106249327E-02
 3.684E-04  3.85573670178378E-02
 3.734E-04  3.95793600261966E-02
 3.785E-04  4.06282744024013E-02
 3.837E-04  4.17048125040620E-02
 3.889E-04  4.28096947357776E-02
 3.942E-04  4.39436600015570E-02
 3.996E-04  4.51074661681139E-02
 4.051E-04  4.63018905392802E-02
 4.106E-04  4.75277303418000E-02
 4.162E-04  4.87858032227192E-02
 4.219E-04  5.00769477586731E-02
 4.277E-04  5.14020239773038E-02
 4.335E-04  5.27619138910676E-02
 4.394E-04  5.41575220437305E-02
 4.454E-04  5.55897760698079E-02
 4.515E-04  5.70596272672258E-02
 4.577E-04  5.85680511835057E-02
 4.639E-04  6.01160482157446E-02
 4.702E-04  6.17046442246969E-02
 4.767E-04  6.33348911632599E-02
 4.832E-04  6.50078677196568E-02
 4.898E-04  6.67246799756420E-02
 4.965E-04  6.84864620800301E-02
 5.032E-04  7.02943769378780E-02
 5.101E-04  7.21496169156458E-02
 5.171E-04  7.40534045626659E-02
 5.241E-04  7.60069933492551E-02
 5.313E-04  7.80116684218025E-02
 5.385E-04  8.00687473752082E-02
 5.459E-04  8.21795810429872E-02
 5.533E-04  8.43455543054144E-02
 5.609E-04  8.65680869160810E-02
 5.686E-04  8.88486343472058E-02
 5.763E-04  9.11886886540962E-02
 5.842E-04  9.35897793591150E-02
 5.922E-04  9.60534743555484E-02
 6.002E-04  9.85813808317622E-02
 6.084E-04  1.01175146216024E-01
 6.167E-04  1.03836459142411E-01
 6.252E-04  1.06567050438162E-01
 6.337E-04  1.09368694132934E-01
 6.423E-04  1.12243208490342E-01
 6.511E-04  1.15192457062175E-01
 6.600E-04  1.18218349765755E-01
 6.690E-04  1.21322843984826E-01
 6.782E-04  1.24507945694416E-01
 6.874E-04  1.27775710610083E-01
 6.968E-04  1.31128245362004E-01
 7.063E-04  1.34567708694327E-01
 7.160E-04  1.38096312690224E-01
 7.257E-04  1.41716324023106E-01
 7.356E-04  1.45430065234420E-01
 7.457E-04  1.49239916038500E-01
 7.559E-04  1.53148314654913E-01
 7.662E-04  1.57157759168734E-01
 7.766E-04  1.61270808919259E-01
 7.872E-04  1.65490085917534E-01
 7.980E-04  1.69818276293221E-01
 8.089E-04  1.74258131771224E-01
 8.199E-04  1.78812471178550E-01
 8.311E-04  1.83484181981850E-01
 8.425E-04  1.88276221856089E-01
 8.540E-04  1.93191620284835E-01
 8.656E-04  1.98233480192567E-01
 8.774E-04  2.03404979609507E-01
 8.894E-04  2.08709373369381E-01
 9.016E-04  2.14149994840604E-01
 9.139E-04  2.19730257691258E-01
 9.264E-04  2.25453657688376E-01
 9.390E-04  2.31323774531921E-01
 9.518E-04  2.37344273723878E-01
 9.648E-04  2.43518908472929E-01
 9.780E-04  2.49851521635051E-01
 9.913E-04  2.56346047690513E-01
 1.005E-03  2.63006514757614E-01
 1.019E-03  2.69837046643556E-01
 1.032E-03  2.76841864932853E-01
 1.047E-03  2.84025291113620E-01
 1.061E-03  2.91391748742065E-01
 1.075E-03  2.98945765645561E-01
 1.090E-03  3.06691976164609E-01
 1.105E-03  3.14635123433949E-01
 1.120E-03  3.22780061703184E-01
 1.135E-03  3.31131758697088E-01
 1.151E-03  3.39695298015947E-01
 1.167E-03  3.48475881576073E-01
 1.182E-03  3.57478832090719E-01
 1.199E-03  3.66709595591600E-01
 1.215E-03  3.76173743991115E-01
 1.232E-03  3.85876977685448E-01
 1.248E-03  3.95825128198592E-01
 1.265E-03  4.06024160867408E-01
 1.283E-03  4.16480177567673E-01
 1.300E-03  4.27199419481166E-01
 1.318E-03  4.38188269903765E-01
 1.336E-03  4.49453257094382E-01
 1.354E-03  4.61001057164692E-01
 1.373E-03  4.72838497009441E-01
 1.391E-03  4.84972557277138E-01
 1.410E-03  4.97410375380850E-01
 1.430E-03  5.10159248548750E-01
 1.449E-03  5.23226636914142E-01
 1.469E-03  5.36620166644420E-01
 1.489E-03  5.50347633108554E-01
 1.509E-03  5.64417004082498E-01
 1.530E-03  5.78836422991897E-01
 1.551E-03  5.93614212191525E-01
 1.572E-03  6.08758876280487E-01
 1.593E-03  6.24279105452563E-01
 1.615E-03  6.40183778880612E-01
 1.637E-03  6.56481968134157E-01
 1.660E-03  6.73182940629003E-01
 1.682E-03  6.90296163107717E-01
 1.705E-03  7.07831305149796E-01
 1.729E-03  7.25798242709962E-01
 1.752E-03  7.44207061683348E-01
 1.776E-03  7.63068061495866E-01
 1.800E-03  7.82391758718027E-01
 1.825E-03  8.02188890700559E-01
 1.850E-03  8.22470419229789E-01
 1.875E-03  8.43247534200768E-01
 1.901E-03  8.64531657305990E-01
 1.927E-03  8.86334445737347E-01
 1.953E-03  9.08667795898888E-01
 1.980E-03  9.31543847127770E-01
 2.007E-03  9.54974985420679E-01
 2.034E-03  9.78973847162777E-01
 2.062E-03  1.00355332285607E+00
 2.090E-03  1.02872656084406E+00
 2.118E-03  1.05450697102913E+00
 2.147E-03  1.08090822857919E+00
 2.177E-03  1.10794427761960E+00
 2.206E-03  1.13562933490666E+00
 2.236E-03  1.16397789347826E+00
 2.267E-03  1.19300472627734E+00
 2.298E-03  1.22272488974357E+00
 2.329E-03  1.25315372736847E+00
 2.361E-03  1.28430687320884E+00
 2.393E-03  1.31620025535315E+00
 2.426E-03  1.34885009933548E+00
 2.459E-03  1.38227293149105E+00
 2.493E-03  1.41648558224754E+00
 2.527E-03  1.45150518934544E+00
 2.561E-03  1.48734920098128E+00
 2.596E-03  1.52403537886668E+00
 2.632E-03  1.56158180119589E+00
 2.668E-03  1.60000686551453E+00
 2.704E-03  1.63932929148179E+00
 2.741E-03  1.67956812351771E+00
 2.778E-03  1.72074273332746E+00
 2.816E-03  1.76287282229358E+00
 2.855E-03  1.80597842372723E+00
 2.894E-03  1.85007990496900E+00
 2.933E-03  1.89519796932929E+00
 2.973E-03  1.94135365785840E+00
 3.014E-03  1.98856835093543E+00
 3.055E-03  2.03686376966538E+00
 3.097E-03  2.08626197707289E+00
 3.139E-03  2.13678537908090E+00
 3.182E-03  2.18845672526233E+00
 3.225E-03  2.24129910935199E+00
 3.269E-03  2.29533596950581E+00
 3.314E-03  2.35059108829413E+00
 3.359E-03  2.40708859241504E+00
 3.405E-03  2.46485295211349E+00
 3.452E-03  2.52390898029165E+00
 3.499E-03  2.58428183129523E+00
 3.546E-03  2.64599699935993E+00
 3.595E-03  2.70908031670215E+00
 3.644E-03  2.77355795123730E+00
 3.694E-03  2.83945640390881E+00
 3.744E-03  2.90680250560990E+00
 3.795E-03  2.97562341368043E+00
 3.847E-03  3.04594660796037E+00
 3.900E-03  3.11779988638055E+00
 3.953E-03  3.19121136007169E+00
 4.007E-03  3.26620944797125E+00
 4.061E-03  3.34282287090800E+00
 4.117E-03  3.42108064514335E+00
 4.173E-03  3.50101207534777E+00
 4.230E-03  3.58264674699064E+00
 4.288E-03  3.66601451812111E+00
 4.346E-03  3.75114551051718E+00
 4.406E-03  3.83807010017943E+00
 4.466E-03  3.92681890714608E+00
 4.527E-03  4.01742278460493E+00
 4.589E-03  4.10991280727748E+00
 4.651E-03  4.20432025905048E+00
 4.715E-03  4.30067661982941E+00
 4.779E-03  4.39901355158781E+00
 4.844E-03  4.49936288358669E+00
 4.911E-03  4.60175659673727E+00
 4.978E-03  4.70622680708025E+00
 5.046E-03  4.81280574835475E+00
 5.114E-03  4.92152575362906E+00
 5.184E-03  5.03241923596608E+00
 5.255E-03  5.14551866809551E+00
 5.327E-03  5.26085656106458E+00
 5.400E-03  5.37846544183964E+00
 5.473E-03  5.49837782983031E+00
 5.548E-03  5.62062621230770E+00
 5.624E-03  5.74524301868913E+00
 5.700E-03  5.87226059366073E+00
 5.778E-03  6.00171116911020E+00
 5.857E-03  6.13362683484171E+00
 5.937E-03  6.26803950804587E+00
 6.018E-03  6.40498090149707E+00
 6.100E-03  6.54448249045132E+00
 6.184E-03  6.68657547821874E+00
 6.268E-03  6.83129076038425E+00
 6.354E-03  6.97865888765177E+00
 6.440E-03  7.12871002728683E+00
 6.528E-03  7.28147392313450E+00
 6.617E-03  7.43697985418966E+00
 6.708E-03  7.59525659169761E+00
 6.799E-03  7.75633235476457E+00
 6.892E-03  7.92023476445880E+00
 6.986E-03  8.08699079638397E+00
 7.082E-03  8.25662673170851E+00
 7.178E-03  8.42916810663571E+00
 7.276E-03  8.60463966030151E+00
 7.376E-03  8.78306528108871E+00
 7.476E-03  8.96446795134820E+00
 7.578E-03  9.14886969051999E+00
 7.682E-03  9.33629149664966E+00
 7.787E-03  9.52675328629771E+00
 7.893E-03  9.72027383284241E+00
 8.001E-03  9.91687070317940E+00
 8.110E-03  1.01165601928243E+01
 8.221E-03  1.03193572594282E+01
 8.333E-03  1.05252754547197E+01
 8.447E-03  1.07343268548877E+01
 8.562E-03  1.09465219894293E+01
 8.679E-03  1.11618697684840E+01
 8.798E-03  1.13803774086850E+01
 8.918E-03  1.16020503575598E+01
 9.039E-03  1.18268922165196E+01
 9.163E-03  1.20549046624786E+01
 9.288E-03  1.22860873681537E+01
 9.415E-03  1.25204379210955E+01
 9.543E-03  1.27579517415126E+01
 9.674E-03  1.29986219989529E+01
 9.806E-03  1.32424395279132E+01
 9.940E-03  1.34893927424560E+01
 1.008E-02  1.37394675499165E+01
 1.021E-02  1.39926472637930E+01
 1.035E-02  1.42489125159171E+01
 1.049E-02  1.45082411680120E+01
 1.064E-02  1.47706082227505E+01
 1.078E-02  1.50359857344358E+01
 1.093E-02  1.53043427194345E+01
 1.108E-02  1.55756450664989E+01
 1.123E-02  1.58498554471274E+01
 1.138E-02  1.61269332261172E+01
 1.154E-02  1.64068343724746E+01
 1.170E-02  1.66895113708571E+01
 1.186E-02  1.69749131337312E+01
 1.202E-02  1.72629849144383E+01
 1.218E-02  1.75536682213731E+01
 1.235E-02  1.78469007334875E+01
 1.252E-02  1.81426162173423E+01
 1.269E-02  1.84407444459427E+01
 1.286E-02  1.87412111195994E+01
 1.304E-02  1.90439377890721E+01
 1.321E-02  1.93488417812588E+01
 1.339E-02  1.96558361277087E+01
 1.358E-02  1.99648294962434E+01
 1.376E-02  2.02757261259844E+01
 1.395E-02  2.05884257660948E+01
 1.414E-02  2.09028236185516E+01
 1.433E-02  2.12188102852791E+01
 1.453E-02  2.15362717199792E+01
 1.473E-02  2.18550891850100E+01
 1.493E-02  2.21751392136664E+01
 1.513E-02  2.24962935782348E+01
 1.534E-02  2.28184192641935E+01
 1.555E-02  2.31413784509464E+01
 1.576E-02  2.34650284994816E+01
 1.598E-02  2.37892219473548E+01
 1.619E-02  2.41138065114063E+01
 1.642E-02  2.44386250986224E+01
 1.664E-02  2.47635158255625E+01
 1.687E-02  2.50883120467741E+01
 1.710E-02  2.54128423926245E+01
 1.733E-02  2.57369308169777E+01
 1.757E-02  2.60603966551510E+01
 1.781E-02  2.63830546925823E+01
 1.805E-02  2.67047152446428E+01
 1.830E-02  2.70251842480236E+01
 1.855E-02  2.73442633641261E+01
 1.880E-02  2.76617500948787E+01
 1.906E-02  2.79774379113968E+01
 1.932E-02  2.82911163958957E+01
 1.958E-02  2.86025713972575E+01
 1.985E-02  2.89115852006389E+01
 2.012E-02  2.92179367114980E+01
 2.039E-02  2.95214016543988E+01
 2.067E-02  2.98217527869375E+01
 2.095E-02  3.01187601291143E+01
 2.124E-02  3.04121912084537E+01
 2.153E-02  3.07018113211496E+01
 2.182E-02  3.09873838094889E+01
 2.212E-02  3.12686703557743E+01
 2.242E-02  3.15454312929389E+01
 2.273E-02  3.18174259320080E+01
 2.304E-02  3.20844129065277E+01
 2.335E-02  3.23461505340404E+01
 2.367E-02  3.26023971946445E+01
 2.400E-02  3.28529117266275E+01
 2.432E-02  3.30974538391180E+01
 2.466E-02  3.33357845416450E+01
 2.499E-02  3.35676665904423E+01
 2.533E-02  3.37928649512768E+01
 2.568E-02  3.40111472785179E+01
 2.603E-02  3.42222844101033E+01
 2.639E-02  3.44260508779891E+01
 2.675E-02  3.46222254336018E+01
 2.711E-02  3.48105915877395E+01
 2.748E-02  3.49909381642911E+01
 2.786E-02  3.51630598670686E+01
 2.824E-02  3.53267578589634E+01
 2.862E-02  3.54818403525562E+01
 2.901E-02  3.56281232112249E+01
 2.941E-02  3.57654305597083E+01
 2.981E-02  3.58935954029906E+01
 3.022E-02  3.60124602522861E+01
 3.063E-02  3.61218777568056E+01
 3.105E-02  3.62217113398970E+01
 3.147E-02  3.63118358380527E+01
 3.190E-02  3.63921381411883E+01
 3.234E-02  3.64625178324929E+01
 3.278E-02  3.65228878260648E+01
 3.323E-02  3.65731750004438E+01
 3.368E-02  3.66133208260636E+01
 3.414E-02  3.66432819845507E+01
 3.461E-02  3.66630309777086E+01
 3.508E-02  3.66725567239359E+01
 3.556E-02  3.66718651397428E+01
 3.604E-02  3.66609797039481E+01
 3.654E-02  3.66399420020599E+01
 3.703E-02  3.66088122482729E+01
 3.754E-02  3.65676697824427E+01
 3.805E-02  3.65166135393396E+01
 3.857E-02  3.64557624874270E+01
 3.910E-02  3.63852560343595E+01
 3.963E-02  3.63052543963590E+01
 4.017E-02  3.62159389285917E+01
 4.072E-02  3.61175124136482E+01
 4.128E-02  3.60101993052160E+01
 4.184E-02  3.58942459240298E+01
 4.241E-02  3.57699206031982E+01
 4.299E-02  3.56375137800233E+01
 4.358E-02  3.54973380314648E+01
 4.417E-02  3.53497280504494E+01
 4.478E-02  3.51950405602852E+01
 4.539E-02  3.50336541645194E+01
 4.601E-02  3.48659691296678E+01
 4.664E-02  3.46924070983510E+01
 4.727E-02  3.45134107304977E+01
 4.792E-02  3.43294432704129E+01
 4.857E-02  3.41409880376678E+01
 4.924E-02  3.39485478399412E+01
 4.991E-02  3.37526443061345E+01
 5.059E-02  3.35538171382917E+01
 5.128E-02  3.33526232810841E+01
 5.198E-02  3.31496360078635E+01
 5.269E-02  3.29454439225502E+01
 5.341E-02  3.27406498769049E+01
 5.414E-02  3.25358698030283E+01
 5.488E-02  3.23317314612488E+01
 5.563E-02  3.21288731038876E+01
 5.639E-02  3.19279420557399E+01
 5.716E-02  3.17295932124672E+01
 5.794E-02  3.15344874584765E+01
 5.873E-02  3.13432900062465E+01
 5.953E-02  3.11566686594624E+01
 6.034E-02  3.09752920027314E+01
 6.116E-02  3.07998275210715E+01
 6.200E-02  3.06309396527921E+01
 6.285E-02  3.04692877798208E+01
 6.370E-02  3.03155241599662E+01
 6.457E-02  3.01702918060489E+01
 6.546E-02  3.00342223172723E+01
 6.635E-02  2.99079336686444E+01
 6.725E-02  2.97920279646973E+01
 6.817E-02  2.96870891641779E+01
 6.910E-02  2.95936807828086E+01
 7.005E-02  2.95123435816203E+01
 7.100E-02  2.94435932487602E+01
 7.197E-02  2.93879180830564E+01
 7.296E-02  2.93457766879802E+01
 7.395E-02  2.93175956849894E+01
 7.496E-02  2.93037674555507E+01
 7.598E-02  2.93046479214278E+01
 7.702E-02  2.93205543730833E+01
 7.807E-02  2.93517633562673E+01
 7.914E-02  2.93985086270612E+01
 8.022E-02  2.94609791857980E+01
 8.132E-02  2.95393174003979E+01
 8.243E-02  2.96336172297287E+01
 8.355E-02  2.97439225576312E+01
 8.469E-02  2.98702256482270E+01
 8.585E-02  3.00124657330618E+01
 8.702E-02  3.01705277405143E+01
 8.821E-02  3.03442411777289E+01
 8.941E-02  3.05333791751030E+01
 9.063E-02  3.07376577030742E+01
 9.187E-02  3.09567349706124E+01
 9.312E-02  3.11902110144198E+01
 9.440E-02  3.14376274873828E+01
 9.568E-02  3.16984676543000E+01
 9.699E-02  3.19721566023310E+01
 9.831E-02  3.22580616729715E+01
 9.966E-02  3.25554931216598E+01
 1.010E-01  3.28637050103665E+01
 1.024E-01  3.31818963377002E+01
 1.038E-01  3.35092124101948E+01
 1.052E-01  3.38447464575210E+01
 1.066E-01  3.41875414933862E+01
 1.081E-01  3.45365924228663E+01
 1.096E-01  3.48908483958427E+01
 1.111E-01  3.52492154051067E+01
 1.126E-01  3.56105591265430E+01
 1.141E-01  3.59737079976230E+01
 1.157E-01  3.63374565292250E+01
 1.173E-01  3.67005688445598E+01
 1.189E-01  3.70617824377296E+01
 1.205E-01  3.74198121431721E+01
 1.221E-01  3.77733543059717E+01
 1.238E-01  3.81210911417377E+01
 1.255E-01  3.84616952734784E+01
 1.272E-01  3.87938344316393E+01
 1.289E-01  3.91161763022308E+01
 1.307E-01  3.94273935067562E+01
 1.325E-01  3.97261686964654E+01
 1.343E-01  4.00111997423190E+01
 1.361E-01  4.02812050009505E+01
 1.380E-01  4.05349286358759E+01
 1.399E-01  4.07711459722214E+01
 1.418E-01  4.09886688623324E+01
 1.437E-01  4.11863510387995E+01
 1.457E-01  4.13630934306895E+01
 1.477E-01  4.15178494181176E+01
 1.497E-01  4.16496299997457E+01
 1.517E-01  4.17575088473401E+01
 1.538E-01  4.18406272211916E+01
 1.559E-01  4.18981987199823E+01
 1.580E-01  4.19295138385957E+01
 1.602E-01  4.19339443074071E+01
 1.624E-01  4.19109471867692E+01
 1.646E-01  4.18600686907268E+01
 1.668E-01  4.17809477144618E+01
 1.691E-01  4.16733190405846E+01
 1.714E-01  4.15370162001561E+01
 1.738E-01  4.13719739652541E+01
 1.761E-01  4.11782304509791E+01
 1.785E-01  4.09559288060421E+01
 1.810E-01  4.07053184724810E+01
 1.834E-01  4.04267559966184E+01
 1.860E-01  4.01207053751015E+01
 1.885E-01  3.97877379217441E+01
 1.911E-01  3.94285316429325E+01
 1.937E-01  3.90438701115389E+01
 1.963E-01  3.86346408316219E+01
 1.990E-01  3.82018330886614E+01
 2.017E-01  3.77465352826705E+01
 2.045E-01  3.72699317442521E+01
 2.073E-01  3.67732990364895E+01
 2.101E-01  3.62580017484893E+01
 2.130E-01  3.57254877894000E+01
 2.159E-01  3.51772831948055E+01
 2.188E-01  3.46149864605190E+01
 2.218E-01  3.40402624219576E+01
 2.248E-01  3.34548357004482E+01
 2.279E-01  3.28604837409760E+01
 2.310E-01  3.22590294690062E+01
 2.342E-01  3.16523335970878E+01
 2.374E-01  3.10422866149240E+01
 2.406E-01  3.04308004994782E+01
 2.439E-01  2.98198001844193E+01
 2.472E-01  2.92112148307877E+01
 2.506E-01  2.86069689431452E+01
 2.540E-01  2.80089733776339E+01
 2.575E-01  2.74191162902811E+01
 2.610E-01  2.68392540755276E+01
 2.646E-01  2.62712023462874E+01
 2.682E-01  2.57167270078623E+01
 2.718E-01  2.51775354786927E+01
 2.755E-01  2.46552681112229E+01
 2.793E-01  2.41514898660679E+01
 2.831E-01  2.36676822921839E+01
 2.870E-01  2.32052358648500E+01
 2.909E-01  2.27654427319643E+01
 2.949E-01  2.23494899174440E+01
 2.989E-01  2.19584530283923E+01
 3.030E-01  2.15932905101748E+01
 3.071E-01  2.12548384906426E+01
 3.113E-01  2.09438062514640E+01
 3.156E-01  2.06607723609126E+01
 3.199E-01  2.04061814985240E+01
 3.242E-01  2.01803419978116E+01
 3.287E-01  1.99834241287545E+01
 3.331E-01  1.98154591370708E+01
 3.377E-01  1.96763390524009E+01
 3.423E-01  1.95658172724947E+01
 3.470E-01  1.94835099253400E+01
 3.517E-01  1.94288980059481E+01
 3.565E-01  1.94013302792418E+01
 3.614E-01  1.94000269352206E+01
 3.663E-01  1.94240839773408E+01
 3.713E-01  1.94724783198712E+01
 3.764E-01  1.95440735649299E+01
 3.815E-01  1.96376264249764E+01
 3.867E-01  1.97517937518031E+01
 3.920E-01  1.98851401285476E+01
 3.974E-01  2.00361459769962E+01
 4.028E-01  2.02032161284978E+01
 4.083E-01  2.03846888032010E+01
 4.139E-01  2.05788449391064E+01
 4.195E-01  2.07839178096332E+01
 4.252E-01  2.09981028660599E+01
 4.311E-01  2.12195677393642E+01
 4.369E-01  2.14464623346731E+01
 4.429E-01  2.16769289507677E+01
 4.489E-01  2.19091123568989E+01
 4.551E-01  2.21411697595533E+01
 4.613E-01  2.23712805927891E+01
 4.676E-01  2.25976560673226E+01
 4.740E-01  2.28185484156872E+01
 4.804E-01  2.30322597734865E+01
 4.870E-01  2.32371506399999E+01
 4.936E-01  2.34316478651406E+01
 5.004E-01  2.36142521139697E+01
 5.072E-01  2.37835447645983E+01
 5.141E-01  2.39381942003046E+01
 5.212E-01  2.40769614620014E+01
 5.283E-01  2.41987052327578E+01
 5.355E-01  2.43023861318308E+01
 5.428E-01  2.43870703015483E+01
 5.502E-01  2.44519322763313E+01
 5.577E-01  2.44962571290831E+01
 5.653E-01  2.45194418960447E+01
 5.731E-01  2.45209962869629E+01
 5.809E-01  2.45005426929609E+01
 5.888E-01  2.44578155098118E+01
 5.969E-01  2.43926597993178E+01
 6.050E-01  2.43050293161600E+01
 6.133E-01  2.41949839318612E+01
 6.216E-01  2.40626864913581E+01
 6.301E-01  2.39083991410928E+01
 6.387E-01  2.37324791704692E+01
 6.474E-01  2.35353744109798E+01
 6.563E-01  2.33176182392720E+01
 6.652E-01  2.30798242318953E+01
 6.743E-01  2.28226805204525E+01
 6.835E-01  2.25469438963823E+01
 6.929E-01  2.22534337146448E+01
 7.023E-01  2.19430256451763E+01
 7.119E-01  2.16166453201670E+01
 7.216E-01  2.12752619240055E+01
 7.315E-01  2.09198817711726E+01
 7.415E-01  2.05515419154817E+01
 7.516E-01  2.01713038318915E+01
 7.618E-01  1.97802472096939E+01
 7.723E-01  1.93794638932494E+01
 7.828E-01  1.89700520036352E+01
 7.935E-01  1.85531102716293E+01
 8.043E-01  1.81297326094119E+01
 8.153E-01  1.77010029452590E+01
 8.264E-01  1.72679903423657E+01
 8.377E-01  1.68317444197992E+01
 8.491E-01  1.63932910904726E+01
 8.607E-01  1.59536286279815E+01
 8.725E-01  1.55137240711687E+01
 8.844E-01  1.50745099724173E+01
 8.965E-01  1.46368814929172E+01
 9.087E-01  1.42016938455405E+01
 9.211E-01  1.37697600834943E+01
 9.337E-01  1.33418492306186E+01
 9.464E-01  1.29186847470602E+01
 9.594E-01  1.25009433220997E+01
 9.725E-01  1.20892539841243E+01
 9.857E-01  1.16841975161483E+01
 9.992E-01  1.12863061638649E+01
 1.013E+00  1.08960636219814E+01
 1.027E+00  1.05139052835348E+01
 1.041E+00  1.01402187360040E+01
 1.055E+00  9.77534448732669E+00
 1.069E+00  9.41957690437874E+00
 1.084E+00  9.07316534608720E+00
 1.099E+00  8.73631547310602E+00
 1.114E+00  8.40919071588628E+00
 1.129E+00  8.09191388300687E+00
 1.144E+00  7.78456889179180E+00
 1.160E+00  7.48720260351575E+00
 1.176E+00  7.19982674588140E+00
 1.192E+00  6.92241990593226E+00
 1.208E+00  6.65492957713256E+00
 1.225E+00  6.39727424499275E+00
 1.241E+00  6.14934549633659E+00
 1.258E+00  5.91101013808297E+00
 1.275E+00  5.68211231224540E+00
 1.293E+00  5.46247559472438E+00
 1.310E+00  5.25190506637419E+00
 1.328E+00  5.05018934575807E+00
 1.347E+00  4.85710257395552E+00
 1.365E+00  4.67240634274451E+00
 1.384E+00  4.49585155844277E+00
 1.402E+00  4.32718023464813E+00
 1.422E+00  4.16612720806095E+00
 1.441E+00  4.01242177249643E+00
 1.461E+00  3.86578922709396E+00
 1.481E+00  3.72595233559925E+00
 1.501E+00  3.59263269442826E+00
 1.521E+00  3.46555200801442E+00
 1.542E+00  3.34443327068891E+00
 1.563E+00  3.22900185504414E+00
 1.584E+00  3.11898650738046E+00
 1.606E+00  3.01412025143263E+00
 1.628E+00  2.91414120211519E+00
 1.650E+00  2.81879329151233E+00
 1.673E+00  2.72782690976877E+00
 1.696E+00  2.64099946391293E+00
 1.719E+00  2.55807585796393E+00
 1.742E+00  2.47882889793945E+00
 1.766E+00  2.40303962559595E+00
 1.790E+00  2.33049758489636E+00
 1.815E+00  2.26100102531682E+00
 1.839E+00  2.19435704617627E+00
 1.864E+00  2.13038168620256E+00
 1.890E+00  2.06889996254164E+00
 1.916E+00  2.00974586337338E+00
 1.942E+00  1.95276229822466E+00
 1.968E+00  1.89780100996897E+00
 1.995E+00  1.84472245237753E+00
 2.022E+00  1.79339563694160E+00
 2.050E+00  1.74369795252421E+00
 2.078E+00  1.69551496122432E+00
 2.106E+00  1.64874017365124E+00
 2.135E+00  1.60327480661442E+00
 2.164E+00  1.55902752603703E+00
 2.194E+00  1.51591417770287E+00
 2.224E+00  1.47385750824775E+00
 2.254E+00  1.43278687861093E+00
 2.285E+00  1.39263797197076E+00
 2.316E+00  1.35335249800329E+00
 2.348E+00  1.31487789512462E+00
 2.380E+00  1.27716703220833E+00
 2.412E+00  1.24017791110876E+00
 2.445E+00  1.20387337117105E+00
 2.479E+00  1.16822079676867E+00
 2.513E+00  1.13319182878058E+00
 2.547E+00  1.09876208080141E+00
 2.582E+00  1.06491086077113E+00
 2.617E+00  1.03162089861369E+00
 2.653E+00  9.98878080387313E-01
 2.689E+00  9.66671189373086E-01
 2.725E+00  9.34991654460452E-01
 2.763E+00  9.03833306130231E-01
 2.800E+00  8.73192140285017E-01
 2.839E+00  8.43066090133902E-01
 2.877E+00  8.13454806302112E-01
 2.917E+00  7.84359445305767E-01
 2.956E+00  7.55782466506828E-01
 2.997E+00  7.27727437642535E-01
 3.038E+00  7.00198849006743E-01
 3.079E+00  6.73201936346575E-01
 3.121E+00  6.46742512526256E-01
 3.164E+00  6.20826808000170E-01
 3.207E+00  5.95461320128434E-01
 3.251E+00  5.70652671360214E-01
 3.295E+00  5.46407476302010E-01
 3.340E+00  5.22732217679794E-01
 3.386E+00  4.99633131194905E-01
 3.432E+00  4.77116099263580E-01
 3.479E+00  4.55186553618699E-01
 3.526E+00  4.33849386739598E-01
 3.575E+00  4.13108872061473E-01
 3.623E+00  3.92968592899851E-01
 3.673E+00  3.73431380007955E-01
 3.723E+00  3.54499257665365E-01
 3.774E+00  3.36173398175468E-01
 3.825E+00  3.18454084626760E-01
 3.878E+00  3.01340681749384E-01
 3.930E+00  2.84831614673543E-01
 3.984E+00  2.68924355370822E-01
 4.039E+00  2.53615416533363E-01
 4.094E+00  2.38900352619441E-01
 4.150E+00  2.24773767767723E-01
 4.206E+00  2.11229330256600E-01
 4.264E+00  1.98259793159870E-01
 4.322E+00  1.85857020826059E-01
 4.381E+00  1.74012020786064E-01
 4.441E+00  1.62714980673076E-01
 4.501E+00  1.51955309720043E-01
 4.563E+00  1.41721684383678E-01
 4.625E+00  1.32002097630455E-01
 4.688E+00  1.22783911409377E-01
 4.752E+00  1.14053911828808E-01
 4.817E+00  1.05798366550447E-01
 4.883E+00  9.80030839128266E-02
 4.950E+00  9.06534732994368E-02
 5.017E+00  8.37346062730010E-02
 5.086E+00  7.72312780072953E-02
 5.155E+00  7.11280685613549E-02
 5.225E+00  6.54094035577168E-02
 5.297E+00  6.00596138464186E-02
 5.369E+00  5.50629937595815E-02
 5.442E+00  5.04038575873263E-02
 5.517E+00  4.60665939342157E-02
 5.592E+00  4.20357176460821E-02
 5.668E+00  3.82959190296271E-02
 5.746E+00  3.48321101212187E-02
 5.824E+00  3.16294677964690E-02
 5.904E+00  2.86734735480534E-02
 5.984E+00  2.59499497954313E-02
 6.066E+00  2.34450926262445E-02
 6.149E+00  2.11455009048061E-02
 6.233E+00  1.90382017178743E-02
 6.318E+00  1.71106721614623E-02
 6.404E+00  1.53508575044381E-02
 6.491E+00  1.37471857948010E-02
 6.580E+00  1.22885790025172E-02
 6.670E+00  1.09644608184171E-02
 6.761E+00  9.76476125170279E-03
 6.853E+00  8.67991818893333E-03
 6.947E+00  7.70087609484160E-03
 7.042E+00  6.81908204991464E-03
 7.138E+00  6.02647933132195E-03
 7.235E+00  5.31549875251808E-03
 7.334E+00  4.67904798273548E-03
 7.434E+00  4.11049907071562E-03
 7.536E+00  3.60367439752942E-03
 7.639E+00  3.15283128137134E-03
 7.743E+00  2.75264545295903E-03
 7.849E+00  2.39819361383901E-03
 7.956E+00  2.08493528171083E-03
 8.064E+00  1.80869411707558E-03
 8.174E+00  1.56563891432970E-03
 8.286E+00  1.35226442811068E-03
 8.399E+00  1.16537219250164E-03
 8.514E+00  1.00205147685774E-03
 8.630E+00  8.59660507760001E-04
 8.748E+00  7.35808072152048E-04
 8.867E+00  6.28335602275951E-04
 8.988E+00  5.35299828783396E-04
 9.111E+00  4.54956074526495E-04
 9.235E+00  3.85742248177342E-04
 9.362E+00  3.26263584114478E-04
 9.489E+00  2.75278163054121E-04
 9.619E+00  2.31683236779197E-04
 9.750E+00  1.94502370094131E-04
 9.883E+00  1.62873403852086E-04
 1.002E+01  1.36037234589419E-04
 1.016E+01  1.13327398967044E-04
 1.029E+01  9.41604448527236E-05
 1.043E+01  7.80270654596713E-05
 1.058E+01  6.44839684512610E-05
 1.072E+01  5.31464482843653E-05
 1.087E+01  4.36816272420601E-05
 1.102E+01  3.58023285405589E-05
 1.117E+01  2.92615435209318E-05
 1.132E+01  2.38474541861379E-05
 1.147E+01  1.93789721491872E-05
 1.163E+01  1.57017553498017E-05
 1.179E+01  1.26846646068384E-05
 1.195E+01  1.02166231362022E-05
 1.211E+01  8.20384351628982E-06
 1.228E+01  6.56738816629951E-06
 1.245E+01  5.24103116242142E-06
 1.262E+01  4.16939110317222E-06
 1.279E+01  3.30630670311113E-06
 1.296E+01  2.61342880414326E-06
 1.314E+01  2.05900451093372E-06
 1.332E+01  1.61683115199939E-06
 1.350E+01  1.26535971598049E-06
 1.368E+01  9.86929293131420E-07
 1.387E+01  7.67115849175432E-07
 1.406E+01  5.94180360169595E-07
 1.425E+01  4.58602934259573E-07
 1.445E+01  3.52691033610293E-07
 1.464E+01  2.70251284807736E-07
 1.484E+01  2.06316596820295E-07
 1.505E+01  1.56924624765307E-07
 1.525E+01  1.18910252020776E-07
 1.546E+01  8.97629244269465E-08
 1.567E+01  6.74997370173858E-08
 1.589E+01  5.05605902763707E-08
 1.610E+01  3.77228415483220E-08
 1.632E+01  2.80321094141847E-08
 1.655E+01  2.07464046858901E-08
 1.677E+01  1.52912089529097E-08
 1.700E+01  1.12235073292228E-08
 1.723E+01  8.20311295927244E-09
 1.747E+01  5.96990326985807E-09
 1.771E+01  4.32582776402257E-09
 1.795E+01  3.12074972730856E-09
 1.819E+01  2.24135445766651E-09
 1.844E+01  1.60249896199738E-09
 1.869E+01  1.14049644621288E-09
 1.895E+01  8.07926881512484E-10
 1.921E+01  5.69645561285989E-10
 1.947E+01  3.99727588205002E-10
 1.974E+01  2.79140012109886E-10
 2.000E+01  1.93976915782853E-10
 2.028E+01  1.34127866456899E-10
 2.055E+01  9.22783054669132E-11
 2.084E+01  6.31628970744710E-11
 2.112E+01  4.30106595109439E-11
 2.141E+01  2.91347413060649E-11
 2.170E+01  1.96307179590072E-11
 2.200E+01  1.31558730004457E-11
 2.230E+01  8.76858903982117E-12
 2.260E+01  5.81211177088474E-12
 2.291E+01  3.83088920174053E-12
 2.322E+01  2.51069155109675E-12
 2.354E+01  1.63599341676276E-12
 2.386E+01  1.05981481015232E-12
 2.419E+01  6.82502127116414E-13
 2.452E+01  4.36886375869057E-13
 2.485E+01  2.77963552459003E-13
 2.519E+01  1.75762397596339E-13
 2.554E+01  1.10445049484408E-13
 2.588E+01  6.89622809711390E-14
 2.624E+01  4.27843025551993E-14
 2.660E+01  2.63710033798616E-14
 2.696E+01  1.61472872553186E-14
 2.733E+01  9.82118833189198E-15
 2.770E+01  5.93308203958395E-15
 2.808E+01  3.55965793620688E-15
 2.846E+01  2.12083547805609E-15
 2.885E+01  1.25468624356474E-15
 2.924E+01  7.36971704876414E-16
 2.964E+01  4.29745677139707E-16
 3.005E+01  2.48756345427729E-16
 3.046E+01  1.42920688959407E-16
 3.087E+01  8.14948291264655E-17
 3.130E+01  4.61141445611127E-17
 3.172E+01  2.58917812308195E-17
 3.216E+01  1.44233873279604E-17
 3.259E+01  7.97082794856657E-18
 3.304E+01  4.36941265008848E-18
 3.349E+01  2.37562630627124E-18
 3.395E+01  1.28091393286639E-18
 3.441E+01  6.84855882081272E-19
 3.488E+01  3.63049488722866E-19
 3.536E+01  1.90795956058951E-19
 3.584E+01  9.93934585666760E-20
 3.633E+01  5.13191722714444E-20
 3.683E+01  2.62592232029810E-20
 3.733E+01  1.33140739317118E-20
 3.784E+01  6.68825226536751E-21
 3.835E+01  3.32837237799593E-21
 3.888E+01  1.64063886013166E-21
 3.941E+01  8.00938877717843E-22
 3.995E+01  3.87198577371042E-22
 4.049E+01  1.85335257098361E-22
 4.104E+01  8.78240319941470E-23
 4.161E+01  4.11945770403899E-23
 4.217E+01  1.91239487610253E-23
 4.275E+01  8.78546209842840E-24
 4.333E+01  3.99336484105196E-24
 4.392E+01  1.79570449258600E-24
 4.452E+01  7.98718970250812E-25
 4.513E+01  3.51357149754216E-25
 4.575E+01  1.52838795736396E-25
 4.637E+01  6.57327631204276E-26
 4.701E+01  2.79464206943117E-26
 4.765E+01  1.17435168558839E-26
 4.830E+01  4.87672908220557E-27
 4.896E+01  2.00100228356707E-27
 4.963E+01  8.11119016736637E-28
 5.030E+01  3.24765162626801E-28
 5.099E+01  1.28420455629224E-28
 5.169E+01  5.01439495419304E-29
 5.239E+01  1.93323233361968E-29
 5.311E+01  7.35959092596200E-30
 5.383E+01  2.76770877869833E-30
 5.457E+01  1.02979496335002E-30
 5.531E+01  3.80834556933132E-31
 5.607E+01  0.00000000000000E+00
 5.683E+01  0.00000000000000E+00
 5.761E+01  0.00000000000000E+00
 5.839E+01  0.00000000000000E+00
 5.919E+01  0.00000000000000E+00
 6.000E+01  0.00000000000000E+00
