line2: Z,NR,R(1),R(NR) /line3,4,...: R(N),RHO*4*PI*R(N)**2
47.00  2000  1.01365245284744E-10  6.00000000000000E+01
 1.014E-10  9.27772423855075E-14
 1.027E-10  9.51711241581302E-14
 1.042E-10  9.76267739872864E-14
 1.056E-10  1.06782105630346E-13
 1.070E-10  1.09537347430045E-13
 1.085E-10  1.12363681266860E-13
 1.100E-10  1.15262941489781E-13
 1.115E-10  1.18237009779973E-13
 1.130E-10  1.21287816370003E-13
 1.145E-10  1.24417341297350E-13
 1.161E-10  1.27627615689332E-13
 1.177E-10  1.30920723081362E-13
 1.193E-10  1.34298800769200E-13
 1.209E-10  1.37764041196117E-13
 1.226E-10  1.41318693375832E-13
 1.242E-10  1.44965064352155E-13
 1.259E-10  1.48705520696325E-13
 1.276E-10  1.52542490042952E-13
 1.294E-10  1.56478462665614E-13
 1.312E-10  1.60515993093095E-13
 1.329E-10  1.64657701767305E-13
 1.348E-10  1.68906276744034E-13
 1.366E-10  1.73264475437546E-13
 1.385E-10  1.77735126410187E-13
 1.404E-10  1.82321131208185E-13
 1.423E-10  1.87025466244832E-13
 1.442E-10  1.91851184732226E-13
 1.462E-10  1.96801418662849E-13
 1.482E-10  2.01879380842322E-13
 1.502E-10  2.07088366974597E-13
 1.523E-10  2.12431757800897E-13
 1.543E-10  2.17913021293910E-13
 1.564E-10  2.23535714908586E-13
 1.586E-10  2.29303487890982E-13
 1.607E-10  2.35220083646696E-13
 1.629E-10  2.41289342170428E-13
 1.652E-10  2.47515202538240E-13
 1.674E-10  2.53901705464035E-13
 1.697E-10  2.60452995922117E-13
 1.720E-10  2.67173325837370E-13
 1.744E-10  2.74067056844799E-13
 1.767E-10  2.81138663120361E-13
 1.792E-10  2.88392734284794E-13
 1.816E-10  2.95833978382380E-13
 1.841E-10  3.03467224936539E-13
 1.866E-10  3.11297428084327E-13
 1.891E-10  3.19329669791731E-13
 1.917E-10  3.27569163152018E-13
 1.943E-10  3.36021255769117E-13
 1.970E-10  3.44691433228305E-13
 1.997E-10  3.53585322656528E-13
 2.024E-10  3.62708696374475E-13
 2.052E-10  3.72067475642934E-13
 2.080E-10  3.81667734505821E-13
 2.108E-10  3.91515703732386E-13
 2.137E-10  4.01617774861103E-13
 2.166E-10  4.11980504347871E-13
 2.196E-10  4.22610617821353E-13
 2.226E-10  4.33515014447997E-13
 2.256E-10  4.44700771409766E-13
 2.287E-10  4.56175148497405E-13
 2.318E-10  4.67945592822109E-13
 2.350E-10  4.80019743648977E-13
 2.382E-10  4.92405437354956E-13
 2.414E-10  5.05110712514804E-13
 2.447E-10  5.18143815118416E-13
 2.481E-10  5.31513203922507E-13
 2.515E-10  5.45227555940601E-13
 2.549E-10  5.59295772074551E-13
 2.584E-10  5.73726982891451E-13
 2.619E-10  5.88530554549549E-13
 2.655E-10  6.03716094877086E-13
 2.691E-10  6.19293459607898E-13
 2.728E-10  6.35272758778098E-13
 2.765E-10  6.51664363287752E-13
 2.803E-10  6.68478911631597E-13
 2.841E-10  6.85727316803850E-13
 2.880E-10  7.03420773380845E-13
 2.919E-10  7.21570764786628E-13
 2.959E-10  7.40189070745897E-13
 2.999E-10  7.59287774929289E-13
 3.040E-10  7.78879272795940E-13
 3.082E-10  7.98976279638392E-13
 3.124E-10  8.19591838835153E-13
 3.166E-10  8.40739330315988E-13
 3.210E-10  8.62432479245891E-13
 3.253E-10  8.84685364932933E-13
 3.298E-10  9.07512429966058E-13
 3.343E-10  9.30928489588689E-13
 3.389E-10  9.54948741313935E-13
 3.435E-10  9.79588774788278E-13
 3.482E-10  1.00486458190961E-12
 3.529E-10  1.03079256720610E-12
 3.577E-10  1.05738955848321E-12
 3.626E-10  1.08467281774536E-12
 3.676E-10  1.11266005239916E-12
 3.726E-10  1.14136942674606E-12
 3.777E-10  1.17081957377119E-12
 3.828E-10  1.20102960723667E-12
 3.881E-10  1.23201913408686E-12
 3.934E-10  1.26380826717357E-12
 3.987E-10  1.29641763830982E-12
 4.042E-10  1.32986841166023E-12
 4.097E-10  1.36418229747712E-12
 4.153E-10  1.39938156619084E-12
 4.210E-10  1.43548906286362E-12
 4.267E-10  1.47252822201682E-12
 4.325E-10  1.51052308284010E-12
 4.384E-10  1.54949830479350E-12
 4.444E-10  1.58947918361197E-12
 4.505E-10  1.63049166772276E-12
 4.566E-10  1.67256237508650E-12
 4.629E-10  1.71571861047290E-12
 4.692E-10  1.75998838318198E-12
 4.756E-10  1.80540042522274E-12
 4.821E-10  1.85198420996101E-12
 4.887E-10  1.89976997124782E-12
 4.953E-10  1.94878872304217E-12
 5.021E-10  1.99907227954006E-12
 5.090E-10  2.05065327582166E-12
 5.159E-10  2.10356518903282E-12
 5.230E-10  2.15784236011246E-12
 5.301E-10  2.21352001608017E-12
 5.373E-10  2.27063429289944E-12
 5.447E-10  2.32922225893094E-12
 5.521E-10  2.38932193899029E-12
 5.596E-10  2.45097233902701E-12
 5.673E-10  2.51421347144034E-12
 5.750E-10  2.57908638104808E-12
 5.829E-10  2.64563317172551E-12
 5.908E-10  2.71389703373148E-12
 5.989E-10  2.78392227174022E-12
 6.071E-10  2.85575433359562E-12
 6.154E-10  2.92943983980794E-12
 6.238E-10  3.00502661381164E-12
 6.323E-10  3.08256371300363E-12
 6.409E-10  3.16210146058234E-12
 6.497E-10  3.24369147820896E-12
 6.585E-10  3.32738671951081E-12
 6.675E-10  3.41324150444903E-12
 6.766E-10  3.50131155457406E-12
 6.859E-10  3.59165402918929E-12
 6.952E-10  3.68432756244907E-12
 7.047E-10  3.77939230141350E-12
 7.144E-10  3.87690994508506E-12
 7.241E-10  3.97694378445237E-12
 7.340E-10  4.07955874356758E-12
 7.440E-10  4.18482142168382E-12
 7.542E-10  4.29280013647833E-12
 7.645E-10  4.40356496839310E-12
 7.749E-10  4.51718780611822E-12
 7.855E-10  4.63374239324916E-12
 7.962E-10  4.75330437614793E-12
 8.071E-10  4.87595135303848E-12
 8.181E-10  5.00176292437076E-12
 8.293E-10  5.13082074448241E-12
 8.406E-10  5.26320857459370E-12
 8.521E-10  5.39901233717113E-12
 8.637E-10  5.53832017169229E-12
 8.755E-10  5.68122249185080E-12
 8.874E-10  5.82781204423601E-12
 8.996E-10  5.97818396852741E-12
 9.118E-10  6.13243585924341E-12
 9.243E-10  6.29066782908071E-12
 9.369E-10  6.45298257389044E-12
 9.497E-10  6.61948543932968E-12
 9.627E-10  6.79028448923297E-12
 9.758E-10  6.96549057574781E-12
 9.891E-10  7.14521741127990E-12
 1.003E-09  7.32958164229570E-12
 1.016E-09  7.51870292502770E-12
 1.030E-09  7.71270400313346E-12
 1.044E-09  7.91171078735924E-12
 1.059E-09  8.11585243725879E-12
 1.073E-09  8.32526144502037E-12
 1.088E-09  8.54007372145724E-12
 1.102E-09  8.76042868421585E-12
 1.118E-09  8.98646934826149E-12
 1.133E-09  9.21834241869793E-12
 1.148E-09  9.45619838598155E-12
 1.164E-09  9.70019162359283E-12
 1.180E-09  9.95048048822817E-12
 1.196E-09  1.02072274225778E-11
 1.212E-09  1.04705990607516E-11
 1.229E-09  1.07407663364305E-11
 1.246E-09  1.10179045938055E-11
 1.263E-09  1.13021937013783E-11
 1.280E-09  1.15938181687022E-11
 1.297E-09  1.18929672661307E-11
 1.315E-09  1.21998351476575E-11
 1.333E-09  1.25146209769278E-11
 1.351E-09  1.28375290564991E-11
 1.370E-09  1.31687689604377E-11
 1.388E-09  1.35085556703369E-11
 1.407E-09  1.38571097148436E-11
 1.426E-09  1.42146573127870E-11
 1.446E-09  1.45814305199983E-11
 1.466E-09  1.49576673799207E-11
 1.486E-09  1.53436120781034E-11
 1.506E-09  1.57395151006844E-11
 1.527E-09  1.61456333969601E-11
 1.547E-09  1.65622305461506E-11
 1.568E-09  1.69895769284691E-11
 1.590E-09  1.74279499006023E-11
 1.612E-09  1.78776339757231E-11
 1.634E-09  1.83389210081433E-11
 1.656E-09  1.88121103827346E-11
 1.679E-09  1.92975092092343E-11
 1.701E-09  1.97954325215655E-11
 1.725E-09  2.03062034823038E-11
 1.748E-09  2.08301535924115E-11
 1.772E-09  2.13676229063928E-11
 1.796E-09  2.19189602529935E-11
 1.821E-09  2.24845234615985E-11
 1.846E-09  2.30646795944733E-11
 1.871E-09  2.36598051849895E-11
 1.896E-09  2.42702864820061E-11
 1.922E-09  2.48965197005525E-11
 1.949E-09  2.55389112789813E-11
 1.975E-09  2.61978781427527E-11
 2.002E-09  2.68738479750280E-11
 2.029E-09  2.75672594942478E-11
 2.057E-09  2.82785627388644E-11
 2.085E-09  2.90082193594282E-11
 2.114E-09  2.97567029182124E-11
 2.143E-09  3.05244991965567E-11
 2.172E-09  3.13121065101541E-11
 2.201E-09  3.21200360324678E-11
 2.232E-09  3.29488121264923E-11
 2.262E-09  3.37989726850755E-11
 2.293E-09  3.46710694800202E-11
 2.324E-09  3.55656685202035E-11
 2.356E-09  3.64833504189178E-11
 2.388E-09  3.74247107707028E-11
 2.421E-09  3.83903605379044E-11
 2.454E-09  3.93809264471962E-11
 2.487E-09  4.03970513963387E-11
 2.521E-09  4.14393948714335E-11
 2.556E-09  4.25086333749447E-11
 2.590E-09  4.36054608647614E-11
 2.626E-09  4.47305892045884E-11
 2.662E-09  4.58847486259618E-11
 2.698E-09  4.70686882021858E-11
 2.735E-09  4.82831763344946E-11
 2.772E-09  4.95290012507597E-11
 2.810E-09  5.08069715170694E-11
 2.848E-09  5.21179165624968E-11
 2.887E-09  5.34626872174242E-11
 2.927E-09  5.48421562657455E-11
 2.967E-09  5.62572190113195E-11
 3.007E-09  5.77087938590430E-11
 3.048E-09  5.91978229109089E-11
 3.090E-09  6.07252725774576E-11
 3.132E-09  6.22921342049905E-11
 3.175E-09  6.38994247189765E-11
 3.218E-09  6.55481872840539E-11
 3.262E-09  6.72394919810652E-11
 3.307E-09  6.89744365015669E-11
 3.352E-09  7.07541468602491E-11
 3.398E-09  7.25797781257409E-11
 3.444E-09  7.44525151702740E-11
 3.491E-09  7.63735734386868E-11
 3.539E-09  7.83441997372767E-11
 3.587E-09  8.03656730429969E-11
 3.636E-09  8.24393053335436E-11
 3.685E-09  8.45664424388543E-11
 3.736E-09  8.67484649145683E-11
 3.787E-09  8.89867889380497E-11
 3.838E-09  9.12828672275111E-11
 3.891E-09  9.36381899848459E-11
 3.944E-09  9.60542858628139E-11
 3.998E-09  9.85327229571518E-11
 4.052E-09  1.01075109824314E-10
 4.108E-09  1.03683096525450E-10
 4.164E-09  1.06358375697317E-10
 4.221E-09  1.09102683650863E-10
 4.278E-09  1.11917801498095E-10
 4.337E-09  1.14805556308065E-10
 4.396E-09  1.17767822292694E-10
 4.456E-09  1.20806522023146E-10
 4.517E-09  1.23923627677628E-10
 4.578E-09  1.27121162321373E-10
 4.641E-09  1.30401201219634E-10
 4.704E-09  1.33765873184595E-10
 4.769E-09  1.37217361957005E-10
 4.834E-09  1.40757907623456E-10
 4.900E-09  1.44389808070249E-10
 4.967E-09  1.48115420474773E-10
 5.034E-09  1.51937162835362E-10
 5.103E-09  1.55857515540605E-10
 5.173E-09  1.59879022979187E-10
 5.243E-09  1.64004295191241E-10
 5.315E-09  1.68236009562297E-10
 5.388E-09  1.72576912560988E-10
 5.461E-09  1.77029821521545E-10
 5.536E-09  1.81597626472289E-10
 5.611E-09  1.86283292011339E-10
 5.688E-09  1.91089859230681E-10
 5.765E-09  1.96020447689911E-10
 5.844E-09  2.01078257440859E-10
 5.924E-09  2.06266571104502E-10
 6.005E-09  2.11588756001460E-10
 6.087E-09  2.17048266337425E-10
 6.170E-09  2.22648645445042E-10
 6.254E-09  2.28393528083566E-10
 6.340E-09  2.34286642797900E-10
 6.426E-09  2.40331814338506E-10
 6.514E-09  2.46532966143732E-10
 6.603E-09  2.52894122886189E-10
 6.693E-09  2.59419413084856E-10
 6.784E-09  2.66113071784562E-10
 6.877E-09  2.72979443304606E-10
 6.971E-09  2.80022984058304E-10
 7.066E-09  2.87248265445290E-10
 7.162E-09  2.94659976818455E-10
 7.260E-09  3.02262928527362E-10
 7.359E-09  3.10062055040358E-10
 7.460E-09  3.18062418147048E-10
 7.562E-09  3.26269210243525E-10
 7.665E-09  3.34687757702344E-10
 7.770E-09  3.43323524329416E-10
 7.876E-09  3.52182114910142E-10
 7.983E-09  3.61269278846982E-10
 8.092E-09  3.70590913890981E-10
 8.203E-09  3.80153069969494E-10
 8.315E-09  3.89961953112688E-10
 8.428E-09  4.00023929481378E-10
 8.543E-09  4.10345529498803E-10
 8.660E-09  4.20933452088955E-10
 8.778E-09  4.31794569024352E-10
 8.898E-09  4.42935929385894E-10
 9.019E-09  4.54364764137890E-10
 9.142E-09  4.66088490821062E-10
 9.267E-09  4.78114718366664E-10
 9.394E-09  4.90451252034843E-10
 9.522E-09  5.03106098480355E-10
 9.652E-09  5.16087470949067E-10
 9.784E-09  5.29403794608493E-10
 9.917E-09  5.43063712015855E-10
 1.005E-08  5.57076088727262E-10
 1.019E-08  5.71450019051693E-10
 1.033E-08  5.86194831953280E-10
 1.047E-08  6.01320097105979E-10
 1.061E-08  6.16835631104532E-10
 1.076E-08  6.32751503835489E-10
 1.090E-08  6.49078045012903E-10
 1.105E-08  6.65825850882357E-10
 1.120E-08  6.83005791098202E-10
 1.136E-08  7.00629015778141E-10
 1.151E-08  7.18706962739767E-10
 1.167E-08  7.37251364924050E-10
 1.183E-08  7.56274258010130E-10
 1.199E-08  7.75787988226737E-10
 1.215E-08  7.95805220365006E-10
 1.232E-08  8.16338945998287E-10
 1.249E-08  8.37402491913815E-10
 1.266E-08  8.59009528762030E-10
 1.283E-08  8.81174079929148E-10
 1.301E-08  9.03910530638414E-10
 1.318E-08  9.27233637286518E-10
 1.336E-08  9.51158537020714E-10
 1.355E-08  9.75700757563064E-10
 1.373E-08  1.00087622728814E-09
 1.392E-08  1.02670128556092E-09
 1.411E-08  1.05319269334126E-09
 1.430E-08  1.08036764406199E-09
 1.450E-08  1.10824377478786E-09
 1.470E-08  1.13683917766217E-09
 1.490E-08  1.16617241164898E-09
 1.510E-08  1.19626251457808E-09
 1.531E-08  1.22712901550092E-09
 1.551E-08  1.25879194736535E-09
 1.573E-08  1.29127186001715E-09
 1.594E-08  1.32458983353740E-09
 1.616E-08  1.35876749192372E-09
 1.638E-08  1.39382701712460E-09
 1.660E-08  1.42979116343587E-09
 1.683E-08  1.46668327226851E-09
 1.706E-08  1.50452728729777E-09
 1.729E-08  1.54334777000288E-09
 1.753E-08  1.58316991560776E-09
 1.777E-08  1.62401956943344E-09
 1.801E-08  1.66592324367172E-09
 1.826E-08  1.70890813459212E-09
 1.851E-08  1.75300214019297E-09
 1.876E-08  1.79823387830708E-09
 1.901E-08  1.84463270517555E-09
 1.927E-08  1.89222873450055E-09
 1.954E-08  1.94105285698918E-09
 1.980E-08  1.99113676040232E-09
 2.007E-08  2.04251295012011E-09
 2.035E-08  2.09521477023903E-09
 2.063E-08  2.14927642521223E-09
 2.091E-08  2.20473300204880E-09
 2.119E-08  2.26162049308594E-09
 2.148E-08  2.31997581934836E-09
 2.178E-08  2.37983685451068E-09
 2.207E-08  2.44124244947778E-09
 2.237E-08  2.50423245760017E-09
 2.268E-08  2.56884776053854E-09
 2.299E-08  2.63513029479730E-09
 2.330E-08  2.70312307894168E-09
 2.362E-08  2.77287024151702E-09
 2.394E-08  2.84441704968965E-09
 2.427E-08  2.91780993862539E-09
 2.460E-08  2.99309654162629E-09
 2.494E-08  3.07032572104608E-09
 2.528E-08  3.14954760000218E-09
 2.562E-08  3.23081359490585E-09
 2.597E-08  3.31417644883295E-09
 2.633E-08  3.39969026575400E-09
 2.669E-08  3.48741054564930E-09
 2.705E-08  3.57739422052855E-09
 2.742E-08  3.66969969138049E-09
 2.779E-08  3.76438686607643E-09
 2.817E-08  3.86151719825047E-09
 2.856E-08  3.96115372718434E-09
 2.895E-08  4.06336111872006E-09
 2.934E-08  4.16820570722961E-09
 2.974E-08  4.27575553866633E-09
 3.015E-08  4.38608041472756E-09
 3.056E-08  4.49925193815701E-09
 3.098E-08  4.61534355921574E-09
 3.140E-08  4.73443062335209E-09
 3.183E-08  4.85659042010198E-09
 3.227E-08  4.98190223325070E-09
 3.271E-08  5.11044739228891E-09
 3.315E-08  5.24230932519623E-09
 3.361E-08  5.37757361258743E-09
 3.406E-08  5.51632804325533E-09
 3.453E-08  5.65866267114540E-09
 3.500E-08  5.80466987380377E-09
 3.548E-08  5.95444441232932E-09
 3.596E-08  6.10808349287569E-09
 3.645E-08  6.26568682973976E-09
 3.695E-08  6.42735671007521E-09
 3.746E-08  6.59319806027964E-09
 3.797E-08  6.76331851409289E-09
 3.849E-08  6.93782848245103E-09
 3.901E-08  7.11684122514542E-09
 3.954E-08  7.30047292432925E-09
 4.008E-08  7.48884275992006E-09
 4.063E-08  7.68207298694981E-09
 4.119E-08  7.88028901490869E-09
 4.175E-08  8.08361948913623E-09
 4.232E-08  8.29219637431535E-09
 4.290E-08  8.50615504011781E-09
 4.348E-08  8.72563434905925E-09
 4.408E-08  8.95077674662263E-09
 4.468E-08  9.18172835370722E-09
 4.529E-08  9.41863906146153E-09
 4.591E-08  9.66166262856454E-09
 4.653E-08  9.91095678101498E-09
 4.717E-08  1.01666833144979E-08
 4.781E-08  1.04290081993911E-08
 4.846E-08  1.06981016884797E-08
 4.913E-08  1.09741384274540E-08
 4.980E-08  1.12572975682533E-08
 5.048E-08  1.15477628853381E-08
 5.117E-08  1.18457228949599E-08
 5.186E-08  1.21513709775102E-08
 5.257E-08  1.24649055030256E-08
 5.329E-08  1.27865299599299E-08
 5.402E-08  1.31164530870997E-08
 5.475E-08  1.34548890093386E-08
 5.550E-08  1.38020573763437E-08
 5.626E-08  1.41581835052588E-08
 5.703E-08  1.45234985269086E-08
 5.781E-08  1.48982395358010E-08
 5.860E-08  1.52826497440043E-08
 5.940E-08  1.56769786389921E-08
 6.021E-08  1.60814821455606E-08
 6.103E-08  1.64964227919271E-08
 6.186E-08  1.69220698801107E-08
 6.271E-08  1.73586996607077E-08
 6.356E-08  1.78065955121824E-08
 6.443E-08  1.82660481247792E-08
 6.531E-08  1.87373556891809E-08
 6.620E-08  1.92208240900358E-08
 6.711E-08  1.97167671044758E-08
 6.802E-08  2.02255066057607E-08
 6.895E-08  2.07473727721707E-08
 6.989E-08  2.12827043012973E-08
 7.085E-08  2.18318486298558E-08
 7.181E-08  2.23951621591683E-08
 7.279E-08  2.29730104864754E-08
 7.379E-08  2.35657686422041E-08
 7.479E-08  2.41738213333620E-08
 7.582E-08  2.47975631932138E-08
 7.685E-08  2.54373990373999E-08
 7.790E-08  2.60937441266548E-08
 7.896E-08  2.67670244363151E-08
 8.004E-08  2.74576769327802E-08
 8.113E-08  2.81661498570940E-08
 8.224E-08  2.88929030158566E-08
 8.336E-08  2.96384080796402E-08
 8.450E-08  3.04031488890978E-08
 8.566E-08  3.11876217689744E-08
 8.683E-08  3.19923358502233E-08
 8.801E-08  3.28178134004246E-08
 8.921E-08  3.36645901627383E-08
 9.043E-08  3.45332157035986E-08
 9.167E-08  3.54242537693794E-08
 9.292E-08  3.63382826522627E-08
 9.419E-08  3.72758955655429E-08
 9.547E-08  3.82377010286249E-08
 9.677E-08  3.92243232619444E-08
 9.810E-08  4.02364025920878E-08
 9.944E-08  4.12745958673506E-08
 1.008E-07  4.23395768840346E-08
 1.022E-07  4.34320368237378E-08
 1.036E-07  4.45526847019125E-08
 1.050E-07  4.57022478280234E-08
 1.064E-07  4.68814722775602E-08
 1.079E-07  4.80911233762296E-08
 1.093E-07  4.93319861966503E-08
 1.108E-07  5.06048660678512E-08
 1.123E-07  5.19105890979226E-08
 1.139E-07  5.32500027101537E-08
 1.154E-07  5.46239761929956E-08
 1.170E-07  5.60334012642205E-08
 1.186E-07  5.74791926496348E-08
 1.202E-07  5.89622886767270E-08
 1.219E-07  6.04836518836240E-08
 1.235E-07  6.20442696437661E-08
 1.252E-07  6.36451548067022E-08
 1.269E-07  6.52873463554051E-08
 1.287E-07  6.69719100805643E-08
 1.304E-07  6.86999392722629E-08
 1.322E-07  7.04725554294996E-08
 1.340E-07  7.22909089880283E-08
 1.358E-07  7.41561800669686E-08
 1.377E-07  7.60695792346819E-08
 1.396E-07  7.80323482944062E-08
 1.415E-07  8.00457610901665E-08
 1.434E-07  8.21111243334645E-08
 1.454E-07  8.42297784513124E-08
 1.473E-07  8.64030984561495E-08
 1.494E-07  8.86324948381831E-08
 1.514E-07  9.09194144807702E-08
 1.535E-07  9.32653415994166E-08
 1.556E-07  9.56717987049874E-08
 1.577E-07  9.81403475917882E-08
 1.598E-07  1.00672590351130E-07
 1.620E-07  1.03270170411041E-07
 1.642E-07  1.05934773602810E-07
 1.665E-07  1.08668129255057E-07
 1.687E-07  1.11472011316004E-07
 1.710E-07  1.14348239504719E-07
 1.734E-07  1.17298680492079E-07
 1.757E-07  1.20325249112167E-07
 1.781E-07  1.23429909604956E-07
 1.806E-07  1.26614676891020E-07
 1.830E-07  1.29881617879172E-07
 1.855E-07  1.33232852807823E-07
 1.881E-07  1.36670556620933E-07
 1.906E-07  1.40196960379481E-07
 1.932E-07  1.43814352709358E-07
 1.959E-07  1.47525081286597E-07
 1.986E-07  1.51331554360924E-07
 2.013E-07  1.55236242318637E-07
 2.040E-07  1.59241679285784E-07
 2.068E-07  1.63350464772716E-07
 2.096E-07  1.67565265361085E-07
 2.125E-07  1.71888816434315E-07
 2.154E-07  1.76323923952785E-07
 2.183E-07  1.80873466274767E-07
 2.213E-07  1.85540396024357E-07
 2.243E-07  1.90327742007617E-07
 2.274E-07  1.95238611178115E-07
 2.305E-07  2.00276190653216E-07
 2.336E-07  2.05443749782350E-07
 2.368E-07  2.10744642268699E-07
 2.401E-07  2.16182308345581E-07
 2.433E-07  2.21760277008966E-07
 2.467E-07  2.27482168307656E-07
 2.500E-07  2.33351695692512E-07
 2.534E-07  2.39372668426251E-07
 2.569E-07  2.45548994055500E-07
 2.604E-07  2.51884680946578E-07
 2.640E-07  2.58383840886694E-07
 2.676E-07  2.65050691752273E-07
 2.712E-07  2.71889560246116E-07
 2.749E-07  2.78904884705202E-07
 2.787E-07  2.86101217980867E-07
 2.825E-07  2.93483230393363E-07
 2.863E-07  3.01055712762620E-07
 2.903E-07  3.08823579517169E-07
 2.942E-07  3.16791871883278E-07
 2.982E-07  3.24965761156428E-07
 3.023E-07  3.33350552057147E-07
 3.064E-07  3.41951686173339E-07
 3.106E-07  3.50774745491613E-07
 3.149E-07  3.59825456019548E-07
 3.192E-07  3.69109691501442E-07
 3.235E-07  3.78633477230029E-07
 3.279E-07  3.88402993956401E-07
 3.324E-07  3.98424581900867E-07
 3.369E-07  4.08704744867298E-07
 3.415E-07  4.19250154463542E-07
 3.462E-07  4.30067654430838E-07
 3.509E-07  4.41164265084841E-07
 3.557E-07  4.52547187871219E-07
 3.606E-07  4.64223810038838E-07
 3.655E-07  4.76201709433439E-07
 3.705E-07  4.88488659414998E-07
 3.756E-07  5.01092633902018E-07
 3.807E-07  5.14021812545892E-07
 3.859E-07  5.27284586038705E-07
 3.911E-07  5.40889561558073E-07
 3.965E-07  5.54845568352407E-07
 4.019E-07  5.69161663470286E-07
 4.074E-07  5.83847137637595E-07
 4.129E-07  5.98911521286261E-07
 4.186E-07  6.14364590738646E-07
 4.243E-07  6.30216374551322E-07
 4.301E-07  6.46477160022602E-07
 4.360E-07  6.63157499868009E-07
 4.419E-07  6.80268219067732E-07
 4.479E-07  6.97820421890954E-07
 4.541E-07  7.15825499101368E-07
 4.603E-07  7.34295135348404E-07
 4.665E-07  7.53241316749374E-07
 4.729E-07  7.72676338666994E-07
 4.794E-07  7.92612813687658E-07
 4.859E-07  8.13063679805591E-07
 4.926E-07  8.34042208818007E-07
 4.993E-07  8.55562014936823E-07
 5.061E-07  8.77637063622749E-07
 5.130E-07  9.00281680646998E-07
 5.200E-07  9.23510561386822E-07
 5.271E-07  9.47338780361140E-07
 5.343E-07  9.71781801011664E-07
 5.416E-07  9.96855485736743E-07
 5.490E-07  1.02257610618386E-06
 5.565E-07  1.04896035380763E-06
 5.641E-07  1.07602535070036E-06
 5.718E-07  1.10378866070166E-06
 5.796E-07  1.13226830079494E-06
 5.875E-07  1.16148275279776E-06
 5.955E-07  1.19145097535384E-06
 6.037E-07  1.22219241623414E-06
 6.119E-07  1.25372702495566E-06
 6.202E-07  1.28607526572555E-06
 6.287E-07  1.31925813071898E-06
 6.373E-07  1.35329715369979E-06
 6.460E-07  1.38821442399237E-06
 6.548E-07  1.42403260081400E-06
 6.638E-07  1.46077492797667E-06
 6.728E-07  1.49846524896843E-06
 6.820E-07  1.53712802242386E-06
 6.913E-07  1.57678833799302E-06
 7.008E-07  1.61747193262045E-06
 7.103E-07  1.65920520724353E-06
 7.200E-07  1.70201524392203E-06
 7.298E-07  1.74592982340909E-06
 7.398E-07  1.79097744317559E-06
 7.499E-07  1.83718733589983E-06
 7.602E-07  1.88458948843335E-06
 7.705E-07  1.93321466125679E-06
 7.811E-07  1.98309440843695E-06
 7.917E-07  2.03426109809897E-06
 8.025E-07  2.08674793342657E-06
 8.135E-07  2.14058897420376E-06
 8.246E-07  2.19581915891249E-06
 8.358E-07  2.25247432739993E-06
 8.473E-07  2.31059124413068E-06
 8.588E-07  2.37020762203861E-06
 8.705E-07  2.43136214699399E-06
 8.824E-07  2.49409450290164E-06
 8.945E-07  2.55844539744656E-06
 9.067E-07  2.62445658850309E-06
 9.191E-07  2.69217091122623E-06
 9.316E-07  2.76163230584100E-06
 9.443E-07  2.83288584614836E-06
 9.572E-07  2.90597776876703E-06
 9.703E-07  2.98095550312904E-06
 9.835E-07  3.05786770224914E-06
 9.970E-07  3.13676427428798E-06
 1.011E-06  3.21769641492850E-06
 1.024E-06  3.30071664058868E-06
 1.038E-06  3.38587882248972E-06
 1.053E-06  3.47323822160350E-06
 1.067E-06  3.56285152450160E-06
 1.081E-06  3.65477688012780E-06
 1.096E-06  3.74907393752034E-06
 1.111E-06  3.84580388450629E-06
 1.126E-06  3.94502948739397E-06
 1.142E-06  4.04681513168867E-06
 1.157E-06  4.15122686385979E-06
 1.173E-06  4.25833243418356E-06
 1.189E-06  4.36820134069134E-06
 1.205E-06  4.48090487425159E-06
 1.222E-06  4.59651616481392E-06
 1.239E-06  4.71511022884628E-06
 1.255E-06  4.83676401799563E-06
 1.273E-06  4.96155646900236E-06
 1.290E-06  5.08956855490274E-06
 1.308E-06  5.22088333755292E-06
 1.325E-06  5.35558602150522E-06
 1.344E-06  5.49376400927539E-06
 1.362E-06  5.63550695803466E-06
 1.380E-06  5.78090683776332E-06
 1.399E-06  5.93005799090461E-06
 1.418E-06  6.08305719355665E-06
 1.438E-06  6.24000371824288E-06
 1.457E-06  6.40099939829934E-06
 1.477E-06  6.56614869392455E-06
 1.497E-06  6.73555875993152E-06
 1.518E-06  6.90933951524668E-06
 1.539E-06  7.08760371420117E-06
 1.560E-06  7.27046701966090E-06
 1.581E-06  7.45804807804139E-06
 1.603E-06  7.65046859625669E-06
 1.624E-06  7.84785342065566E-06
 1.647E-06  8.05033061798797E-06
 1.669E-06  8.25803155846217E-06
 1.692E-06  8.47109100094530E-06
 1.715E-06  8.68964718035628E-06
 1.738E-06  8.91384189731533E-06
 1.762E-06  9.14382061010472E-06
 1.786E-06  9.37973252899896E-06
 1.811E-06  9.62173071302678E-06
 1.835E-06  9.86997216923243E-06
 1.860E-06  1.01246179544912E-05
 1.886E-06  1.03858332799514E-05
 1.911E-06  1.06537876181705E-05
 1.938E-06  1.09286548130113E-05
 1.964E-06  1.12106131923739E-05
 1.991E-06  1.14998456838314E-05
 2.018E-06  1.17965399332485E-05
 2.046E-06  1.21008884264590E-05
 2.073E-06  1.24130886140768E-05
 2.102E-06  1.27333430395277E-05
 2.130E-06  1.30618594703818E-05
 2.160E-06  1.33988510330688E-05
 2.189E-06  1.37445363510694E-05
 2.219E-06  1.40991396866673E-05
 2.249E-06  1.44628910863550E-05
 2.280E-06  1.48360265299914E-05
 2.311E-06  1.52187880837973E-05
 2.343E-06  1.56114240573024E-05
 2.375E-06  1.60141891643347E-05
 2.407E-06  1.64273446881579E-05
 2.440E-06  1.68511586508678E-05
 2.473E-06  1.72859059871562E-05
 2.507E-06  1.77318687225490E-05
 2.541E-06  1.81893361562445E-05
 2.576E-06  1.86586050486615E-05
 2.611E-06  1.91399798138165E-05
 2.647E-06  1.96337727166703E-05
 2.683E-06  2.01403040755532E-05
 2.719E-06  2.06599024698060E-05
 2.757E-06  2.11929049527777E-05
 2.794E-06  2.17396572703126E-05
 2.832E-06  2.23005140848623E-05
 2.871E-06  2.28758392053809E-05
 2.910E-06  2.34660058231416E-05
 2.950E-06  2.40713967536281E-05
 2.990E-06  2.46924046846637E-05
 3.031E-06  2.53294324309334E-05
 3.072E-06  2.59828931950672E-05
 3.114E-06  2.66532108354443E-05
 3.157E-06  2.73408201409061E-05
 3.200E-06  2.80461671125449E-05
 3.244E-06  2.87697092527530E-05
 3.288E-06  2.95119158617222E-05
 3.333E-06  3.02732683415806E-05
 3.378E-06  3.10542605083669E-05
 3.424E-06  3.18553989120469E-05
 3.471E-06  3.26772031647673E-05
 3.519E-06  3.35202062775712E-05
 3.567E-06  3.43849550057968E-05
 3.615E-06  3.52720102033571E-05
 3.665E-06  3.61819471861657E-05
 3.715E-06  3.71153561049160E-05
 3.765E-06  3.80728423274593E-05
 3.817E-06  3.90550268310478E-05
 3.869E-06  4.00625466046684E-05
 3.922E-06  4.10960550617515E-05
 3.975E-06  4.21562224635036E-05
 4.030E-06  4.32437363531465E-05
 4.085E-06  4.43593020013490E-05
 4.140E-06  4.55036428631252E-05
 4.197E-06  4.66775010464942E-05
 4.254E-06  4.78816377932318E-05
 4.312E-06  4.91168339719899E-05
 4.371E-06  5.03838905841147E-05
 4.431E-06  5.16836292825009E-05
 4.491E-06  5.30168929038084E-05
 4.553E-06  5.43845460143793E-05
 4.615E-06  5.57874754702130E-05
 4.678E-06  5.72265909913773E-05
 4.742E-06  5.87028257511956E-05
 4.806E-06  6.02171369806127E-05
 4.872E-06  6.17705065881199E-05
 4.938E-06  6.33639417956550E-05
 5.006E-06  6.49984757908561E-05
 5.074E-06  6.66751683961250E-05
 5.144E-06  6.83951067549250E-05
 5.214E-06  7.01594060357222E-05
 5.285E-06  7.19692101540707E-05
 5.357E-06  7.38256925132905E-05
 5.430E-06  7.57300567642012E-05
 5.504E-06  7.76835375844172E-05
 5.579E-06  7.96874014777112E-05
 5.656E-06  8.17429475939615E-05
 5.733E-06  8.38515085701750E-05
 5.811E-06  8.60144513931904E-05
 5.890E-06  8.82331782845830E-05
 5.971E-06  9.05091276083301E-05
 6.052E-06  9.28437748018535E-05
 6.135E-06  9.52386333310123E-05
 6.219E-06  9.76952556696820E-05
 6.304E-06  1.00215234304542E-04
 6.390E-06  1.02800202765727E-04
 6.477E-06  1.05451836683979E-04
 6.565E-06  1.08171854875027E-04
 6.655E-06  1.10962020451859E-04
 6.746E-06  1.13824141965613E-04
 6.838E-06  1.16760074575836E-04
 6.931E-06  1.19771721250813E-04
 7.026E-06  1.22861033998837E-04
 7.122E-06  1.26030015131107E-04
 7.219E-06  1.29280718557123E-04
 7.318E-06  1.32615251113448E-04
 7.418E-06  1.36035773926570E-04
 7.519E-06  1.39544503810910E-04
 7.622E-06  1.43143714702708E-04
 7.726E-06  1.46835739130845E-04
 7.831E-06  1.50622969725478E-04
 7.938E-06  1.54507860765466E-04
 8.046E-06  1.58492929765592E-04
 8.156E-06  1.62580759104587E-04
 8.268E-06  1.66773997695070E-04
 8.380E-06  1.71075362696373E-04
 8.495E-06  1.75487641271435E-04
 8.611E-06  1.80013692388839E-04
 8.728E-06  1.84656448671223E-04
 8.848E-06  1.89418918291178E-04
 8.968E-06  1.94304186915876E-04
 9.091E-06  1.99315419701722E-04
 9.215E-06  2.04455863340255E-04
 9.341E-06  2.09728848156614E-04
 9.468E-06  2.15137790261983E-04
 9.597E-06  2.20686193761329E-04
 9.729E-06  2.26377653017880E-04
 9.861E-06  2.32215854975789E-04
 9.996E-06  2.38204581542462E-04
 1.013E-05  2.44347712032184E-04
 1.027E-05  2.50649225672423E-04
 1.041E-05  2.57113204174561E-04
 1.055E-05  2.63743834370706E-04
 1.070E-05  2.70545410918210E-04
 1.084E-05  2.77522339073646E-04
 1.099E-05  2.84679137538028E-04
 1.114E-05  2.92020441375175E-04
 1.129E-05  2.99551005004941E-04
 1.145E-05  3.07275705273349E-04
 1.160E-05  3.15199544601576E-04
 1.176E-05  3.23327654215794E-04
 1.192E-05  3.31665297459883E-04
 1.209E-05  3.40217873193254E-04
 1.225E-05  3.48990919275919E-04
 1.242E-05  3.57990116142950E-04
 1.259E-05  3.67221290470698E-04
 1.276E-05  3.76690418937196E-04
 1.293E-05  3.86403632079017E-04
 1.311E-05  3.96367218247029E-04
 1.329E-05  4.06587627663797E-04
 1.347E-05  4.17071476585033E-04
 1.365E-05  4.27825551567763E-04
 1.384E-05  4.38856813848107E-04
 1.403E-05  4.50172403831272E-04
 1.422E-05  4.61779645696737E-04
 1.442E-05  4.73686052121532E-04
 1.461E-05  4.85899329124752E-04
 1.481E-05  4.98427381036214E-04
 1.501E-05  5.11278315592480E-04
 1.522E-05  5.24460449163685E-04
 1.543E-05  5.37982312114293E-04
 1.564E-05  5.51852654301175E-04
 1.585E-05  5.66080450712848E-04
 1.607E-05  5.80674907253132E-04
 1.629E-05  5.95645466672878E-04
 1.651E-05  6.11001814654008E-04
 1.673E-05  6.26753886049280E-04
 1.696E-05  6.42911871281883E-04
 1.719E-05  6.59486222909081E-04
 1.743E-05  6.76487662353985E-04
 1.767E-05  6.93927186809674E-04
 1.791E-05  7.11816076320216E-04
 1.815E-05  7.30165901043011E-04
 1.840E-05  7.48988528697058E-04
 1.865E-05  7.68296132201961E-04
 1.891E-05  7.88101197512438E-04
 1.916E-05  8.08416531653488E-04
 1.943E-05  8.29255270961067E-04
 1.969E-05  8.50630889533857E-04
 1.996E-05  8.72557207901024E-04
 2.023E-05  8.95048401912024E-04
 2.051E-05  9.18119011853792E-04
 2.079E-05  9.41783951800959E-04
 2.107E-05  9.66058519205430E-04
 2.136E-05  9.90958404731107E-04
 2.165E-05  1.01649970234017E-03
 2.195E-05  1.04269891963711E-03
 2.225E-05  1.06957298847734E-03
 2.255E-05  1.09713927584694E-03
 2.286E-05  1.12541559502035E-03
 2.317E-05  1.15442021700335E-03
 2.349E-05  1.18417188226840E-03
 2.381E-05  1.21468981278972E-03
 2.413E-05  1.24599372438576E-03
 2.446E-05  1.27810383937702E-03
 2.480E-05  1.31104089956710E-03
 2.514E-05  1.34482617955509E-03
 2.548E-05  1.37948150038796E-03
 2.583E-05  1.41502924356138E-03
 2.618E-05  1.45149236537776E-03
 2.654E-05  1.48889441167079E-03
 2.690E-05  1.52725953290592E-03
 2.727E-05  1.56661249966549E-03
 2.764E-05  1.60697871852917E-03
 2.802E-05  1.64838424835960E-03
 2.840E-05  1.69085581700276E-03
 2.879E-05  1.73442083841448E-03
 2.918E-05  1.77910743022339E-03
 2.958E-05  1.82494443174154E-03
 2.998E-05  1.87196142243375E-03
 3.039E-05  1.92018874085767E-03
 3.080E-05  1.96965750408630E-03
 3.123E-05  2.02039962762499E-03
 3.165E-05  2.07244784583552E-03
 3.208E-05  2.12583573288079E-03
 3.252E-05  2.18059772420151E-03
 3.297E-05  2.23676913854042E-03
 3.342E-05  2.29438620052677E-03
 3.387E-05  2.35348606383431E-03
 3.433E-05  2.41410683492961E-03
 3.480E-05  2.47628759742360E-03
 3.528E-05  2.54006843704231E-03
 3.576E-05  2.60549046723197E-03
 3.625E-05  2.67259585541542E-03
 3.674E-05  2.74142784991579E-03
 3.724E-05  2.81203080756278E-03
 3.775E-05  2.88445022200123E-03
 3.827E-05  2.95873275271867E-03
 3.879E-05  3.03492625480832E-03
 3.932E-05  3.11307980948888E-03
 3.986E-05  3.19324375539864E-03
 4.040E-05  3.27546972068205E-03
 4.095E-05  3.35981065589115E-03
 4.151E-05  3.44632086772178E-03
 4.208E-05  3.53505605360370E-03
 4.265E-05  3.62607333716780E-03
 4.324E-05  3.71943130461236E-03
 4.383E-05  3.81519004198987E-03
 4.442E-05  3.91341117343855E-03
 4.503E-05  4.01415790038113E-03
 4.565E-05  4.11749504171680E-03
 4.627E-05  4.22348907502888E-03
 4.690E-05  4.33220817883596E-03
 4.754E-05  4.44372227591104E-03
 4.819E-05  4.55810307769570E-03
 4.885E-05  4.67542412983760E-03
 4.951E-05  4.79576085887765E-03
 5.019E-05  4.91919062011704E-03
 5.088E-05  5.04579274669281E-03
 5.157E-05  5.17564859989282E-03
 5.227E-05  5.30884162074005E-03
 5.299E-05  5.44545738287829E-03
 5.371E-05  5.58558364679176E-03
 5.445E-05  5.72931041539262E-03
 5.519E-05  5.87672999100755E-03
 5.594E-05  6.02793703380265E-03
 5.671E-05  6.18302862167888E-03
 5.748E-05  6.34210431167369E-03
 5.826E-05  6.50526620291221E-03
 5.906E-05  6.67261900114006E-03
 5.987E-05  6.84427008487797E-03
 6.068E-05  7.02032957324307E-03
 6.151E-05  7.20091039547301E-03
 6.235E-05  7.38612836219611E-03
 6.320E-05  7.57610223849428E-03
 6.407E-05  7.77095381879679E-03
 6.494E-05  7.97080800365703E-03
 6.583E-05  8.17579287845282E-03
 6.673E-05  8.38603979406261E-03
 6.764E-05  8.60168344956112E-03
 6.856E-05  8.82286197698859E-03
 6.950E-05  9.04971702824580E-03
 7.045E-05  9.28239386415832E-03
 7.141E-05  9.52104144577578E-03
 7.238E-05  9.76581252795190E-03
 7.337E-05  1.00168637552644E-02
 7.437E-05  1.02743557603320E-02
 7.539E-05  1.05384532645885E-02
 7.642E-05  1.08093251815729E-02
 7.746E-05  1.10871447227954E-02
 7.852E-05  1.13720895062460E-02
 7.959E-05  1.16643416676109E-02
 8.068E-05  1.19640879742553E-02
 8.178E-05  1.22715199420462E-02
 8.289E-05  1.25868339550892E-02
 8.403E-05  1.29102313884399E-02
 8.517E-05  1.32419187338660E-02
 8.634E-05  1.35821077287389E-02
 8.751E-05  1.39310154881271E-02
 8.871E-05  1.42888646401675E-02
 8.992E-05  1.46558834647968E-02
 9.115E-05  1.50323060359240E-02
 9.239E-05  1.54183723671291E-02
 9.365E-05  1.58143285609670E-02
 9.493E-05  1.62204269619721E-02
 9.623E-05  1.66369263134492E-02
 9.754E-05  1.70640919181363E-02
 9.887E-05  1.75021958028433E-02
 1.002E-04  1.79515168871573E-02
 1.016E-04  1.84123411563098E-02
 1.030E-04  1.88849618383075E-02
 1.044E-04  1.93696795854328E-02
 1.058E-04  1.98668026602133E-02
 1.073E-04  2.03766471259702E-02
 1.087E-04  2.08995370420546E-02
 1.102E-04  2.14358046638833E-02
 1.117E-04  2.19857906478893E-02
 1.132E-04  2.25498442615037E-02
 1.148E-04  2.31283235982902E-02
 1.163E-04  2.37215957983480E-02
 1.179E-04  2.43300372741236E-02
 1.195E-04  2.49540339417395E-02
 1.212E-04  2.55939814579842E-02
 1.228E-04  2.62502854630991E-02
 1.245E-04  2.69233618294856E-02
 1.262E-04  2.76136369164861E-02
 1.279E-04  2.83215478313747E-02
 1.297E-04  2.90475426967047E-02
 1.314E-04  2.97920809241642E-02
 1.332E-04  3.05556334950895E-02
 1.351E-04  3.13386832477955E-02
 1.369E-04  3.21417251718809E-02
 1.388E-04  3.29652667096664E-02
 1.407E-04  3.38098280649412E-02
 1.426E-04  3.46759425191868E-02
 1.445E-04  3.55641567554379E-02
 1.465E-04  3.64750311899761E-02
 1.485E-04  3.74091403120291E-02
 1.505E-04  3.83670730316577E-02
 1.526E-04  3.93494330360255E-02
 1.547E-04  4.03568391542383E-02
 1.568E-04  4.13899257309605E-02
 1.589E-04  4.24493430089988E-02
 1.611E-04  4.35357575210556E-02
 1.633E-04  4.46498524908851E-02
 1.655E-04  4.57923282440382E-02
 1.678E-04  4.69639026284303E-02
 1.701E-04  4.81653114449529E-02
 1.724E-04  4.93973088883476E-02
 1.748E-04  5.06606679986025E-02
 1.771E-04  5.19561811230705E-02
 1.796E-04  5.32846603895664E-02
 1.820E-04  5.46469381907119E-02
 1.845E-04  5.60438676797498E-02
 1.870E-04  5.74763232780889E-02
 1.896E-04  5.89452011948600E-02
 1.922E-04  6.04514199587356E-02
 1.948E-04  6.19959209622850E-02
 1.974E-04  6.35796690191484E-02
 2.001E-04  6.52036529343091E-02
 2.029E-04  6.68688860877599E-02
 2.056E-04  6.85764070318436E-02
 2.084E-04  7.03272801025853E-02
 2.113E-04  7.21225960453074E-02
 2.142E-04  7.39634726548443E-02
 2.171E-04  7.58510554306800E-02
 2.201E-04  7.77865182473186E-02
 2.231E-04  7.97710640402307E-02
 2.261E-04  8.18059255076941E-02
 2.292E-04  8.38923658288955E-02
 2.323E-04  8.60316793986144E-02
 2.355E-04  8.82251925788562E-02
 2.387E-04  9.04742644677939E-02
 2.420E-04  9.27802876863851E-02
 2.453E-04  9.51446891830338E-02
 2.486E-04  9.75689310566711E-02
 2.520E-04  1.00054511398669E-01
 2.555E-04  1.02602965153934E-01
 2.589E-04  1.05215865001605E-01
 2.625E-04  1.07894822255788E-01
 2.661E-04  1.10641487786687E-01
 2.697E-04  1.13457552962565E-01
 2.734E-04  1.16344750613011E-01
 2.771E-04  1.19304856013870E-01
 2.809E-04  1.22339687894324E-01
 2.847E-04  1.25451109466559E-01
 2.886E-04  1.28641029478470E-01
 2.926E-04  1.31911403289859E-01
 2.965E-04  1.35264233972602E-01
 3.006E-04  1.38701573435248E-01
 3.047E-04  1.42225523572554E-01
 3.089E-04  1.45838237440396E-01
 3.131E-04  1.49541920456600E-01
 3.174E-04  1.53338831628187E-01
 3.217E-04  1.57231284805480E-01
 3.261E-04  1.61221649963683E-01
 3.305E-04  1.65312354512377E-01
 3.350E-04  1.69505884633477E-01
 3.396E-04  1.73804786648211E-01
 3.442E-04  1.78211668413646E-01
 3.489E-04  1.82729200749260E-01
 3.537E-04  1.87360118894212E-01
 3.585E-04  1.92107223995780E-01
 3.634E-04  1.96973384629558E-01
 3.684E-04  2.01961538351999E-01
 3.734E-04  2.07074693285838E-01
 3.785E-04  2.12315929739067E-01
 3.837E-04  2.17688401857899E-01
 3.889E-04  2.23195339314450E-01
 3.942E-04  2.28840049029669E-01
 3.996E-04  2.34625916932124E-01
 4.051E-04  2.40556409753243E-01
 4.106E-04  2.46635076859624E-01
 4.162E-04  2.52865552123052E-01
 4.219E-04  2.59251555828770E-01
 4.277E-04  2.65796896622677E-01
 4.335E-04  2.72505473498096E-01
 4.394E-04  2.79381277822607E-01
 4.454E-04  2.86428395405747E-01
 4.515E-04  2.93651008608085E-01
 4.577E-04  3.01053398492248E-01
 4.639E-04  3.08639947016733E-01
 4.702E-04  3.16415139272872E-01
 4.767E-04  3.24383565765766E-01
 4.832E-04  3.32549924739738E-01
 4.898E-04  3.40919024548878E-01
 4.965E-04  3.49495786073426E-01
 5.032E-04  3.58285245182465E-01
 5.101E-04  3.67292555243629E-01
 5.171E-04  3.76522989680402E-01
 5.241E-04  3.85981944577593E-01
 5.313E-04  3.95674941335591E-01
 5.385E-04  4.05607629374006E-01
 5.459E-04  4.15785788885214E-01
 5.533E-04  4.26215333638453E-01
 5.609E-04  4.36902313834926E-01
 5.686E-04  4.47852919014568E-01
 5.763E-04  4.59073481014893E-01
 5.842E-04  4.70570476982513E-01
 5.922E-04  4.82350532437884E-01
 6.002E-04  4.94420424393505E-01
 6.084E-04  5.06787084526400E-01
 6.167E-04  5.19457602405074E-01
 6.252E-04  5.32439228771430E-01
 6.337E-04  5.45739378878075E-01
 6.423E-04  5.59365635881360E-01
 6.511E-04  5.73325754290571E-01
 6.600E-04  5.87627663473481E-01
 6.690E-04  6.02279471218674E-01
 6.782E-04  6.17289467354804E-01
 6.874E-04  6.32666127427122E-01
 6.968E-04  6.48418116431319E-01
 7.063E-04  6.64554292604973E-01
 7.160E-04  6.81083711276678E-01
 7.257E-04  6.98015628772897E-01
 7.356E-04  7.15359506382528E-01
 7.457E-04  7.33125014379266E-01
 7.559E-04  7.51322036101568E-01
 7.662E-04  7.69960672090210E-01
 7.766E-04  7.89051244283197E-01
 7.872E-04  8.08604300267699E-01
 7.980E-04  8.28630617588863E-01
 8.089E-04  8.49141208114992E-01
 8.199E-04  8.70147322458738E-01
 8.311E-04  8.91660454453884E-01
 8.425E-04  9.13692345686729E-01
 8.540E-04  9.36254990081969E-01
 8.656E-04  9.59360638541864E-01
 8.774E-04  9.83021803638030E-01
 8.894E-04  1.00725126435505E+00
 9.016E-04  1.03206207088452E+00
 9.139E-04  1.05746754946886E+00
 9.264E-04  1.08348130729316E+00
 9.390E-04  1.11011723742409E+00
 9.518E-04  1.13738952379437E+00
 9.648E-04  1.16531264623095E+00
 9.780E-04  1.19390138552546E+00
 9.913E-04  1.22317082854511E+00
 1.005E-03  1.25313637338175E+00
 1.019E-03  1.28381373453738E+00
 1.032E-03  1.31521894814365E+00
 1.047E-03  1.34736837721280E+00
 1.061E-03  1.38027871691778E+00
 1.075E-03  1.41396699989853E+00
 1.090E-03  1.44845060159170E+00
 1.105E-03  1.48374724558057E+00
 1.120E-03  1.51987500896190E+00
 1.135E-03  1.55685232772647E+00
 1.151E-03  1.59469800214935E+00
 1.167E-03  1.63343120218609E+00
 1.182E-03  1.67307147287072E+00
 1.199E-03  1.71363873971151E+00
 1.215E-03  1.75515331407953E+00
 1.232E-03  1.79763589858540E+00
 1.248E-03  1.84110759243922E+00
 1.265E-03  1.88558989678835E+00
 1.283E-03  1.93110472002755E+00
 1.300E-03  1.97767438307544E+00
 1.318E-03  2.02532162461126E+00
 1.336E-03  2.07406960626555E+00
 1.354E-03  2.12394191775834E+00
 1.373E-03  2.17496258197691E+00
 1.391E-03  2.22715605998661E+00
 1.410E-03  2.28054725596705E+00
 1.430E-03  2.33516152206488E+00
 1.449E-03  2.39102466315558E+00
 1.469E-03  2.44816294150516E+00
 1.489E-03  2.50660308132241E+00
 1.509E-03  2.56637227319288E+00
 1.530E-03  2.62749817838396E+00
 1.551E-03  2.69000893301109E+00
 1.572E-03  2.75393315205445E+00
 1.593E-03  2.81929993321477E+00
 1.615E-03  2.88613886059680E+00
 1.637E-03  2.95448000820834E+00
 1.660E-03  3.02435394326225E+00
 1.682E-03  3.09579172926844E+00
 1.705E-03  3.16882492890279E+00
 1.729E-03  3.24348560663839E+00
 1.752E-03  3.31980633112485E+00
 1.776E-03  3.39782017730109E+00
 1.800E-03  3.47756072822523E+00
 1.825E-03  3.55906207660659E+00
 1.850E-03  3.64235882602213E+00
 1.875E-03  3.72748609180078E+00
 1.901E-03  3.81447950155779E+00
 1.927E-03  3.90337519536050E+00
 1.953E-03  3.99420982550701E+00
 1.980E-03  4.08702055589758E+00
 2.007E-03  4.18184506097948E+00
 2.034E-03  4.27872152424366E+00
 2.062E-03  4.37768863625223E+00
 2.090E-03  4.47878559217458E+00
 2.118E-03  4.58205208880986E+00
 2.147E-03  4.68752832107168E+00
 2.177E-03  4.79525497791137E+00
 2.206E-03  4.90527323765604E+00
 2.236E-03  5.01762476273425E+00
 2.267E-03  5.13235169376463E+00
 2.298E-03  5.24949664298081E+00
 2.329E-03  5.36910268696433E+00
 2.361E-03  5.49121335865853E+00
 2.393E-03  5.61587263863362E+00
 2.426E-03  5.74312494557485E+00
 2.459E-03  5.87301512596257E+00
 2.493E-03  6.00558844291347E+00
 2.527E-03  6.14089056415286E+00
 2.561E-03  6.27896754908445E+00
 2.596E-03  6.41986583492563E+00
 2.632E-03  6.56363222187486E+00
 2.668E-03  6.71031385727703E+00
 2.704E-03  6.85995821875272E+00
 2.741E-03  7.01261309625558E+00
 2.778E-03  7.16832657302231E+00
 2.816E-03  7.32714700537930E+00
 2.855E-03  7.48912300136868E+00
 2.894E-03  7.65430339815697E+00
 2.933E-03  7.82273723818789E+00
 2.973E-03  7.99447374404246E+00
 3.014E-03  8.16956229196602E+00
 3.055E-03  8.34805238402450E+00
 3.097E-03  8.52999361885113E+00
 3.139E-03  8.71543566094244E+00
 3.182E-03  8.90442820846515E+00
 3.225E-03  9.09702095953394E+00
 3.269E-03  9.29326357691993E+00
 3.314E-03  9.49320565114958E+00
 3.359E-03  9.69689666195468E+00
 3.405E-03  9.90438593803291E+00
 3.452E-03  1.01157226150804E+01
 3.499E-03  1.03309555920551E+01
 3.546E-03  1.05501334856341E+01
 3.595E-03  1.07733045828242E+01
 3.644E-03  1.10005167916889E+01
 3.694E-03  1.12318175901544E+01
 3.744E-03  1.14672539728576E+01
 3.795E-03  1.17068723960000E+01
 3.847E-03  1.19507187201735E+01
 3.900E-03  1.21988381511240E+01
 3.953E-03  1.24512751784207E+01
 4.007E-03  1.27080735119996E+01
 4.061E-03  1.29692760165522E+01
 4.117E-03  1.32349246437318E+01
 4.173E-03  1.35050603621519E+01
 4.230E-03  1.37797230851519E+01
 4.288E-03  1.40589515963090E+01
 4.346E-03  1.43427834726780E+01
 4.406E-03  1.46312550057429E+01
 4.466E-03  1.49244011200634E+01
 4.527E-03  1.52222552896108E+01
 4.589E-03  1.55248494517811E+01
 4.651E-03  1.58322139190859E+01
 4.715E-03  1.61443772885166E+01
 4.779E-03  1.64613663485901E+01
 4.844E-03  1.67832059840809E+01
 4.911E-03  1.71099190784536E+01
 4.978E-03  1.74415264140138E+01
 5.046E-03  1.77780465697984E+01
 5.114E-03  1.81194958172344E+01
 5.184E-03  1.84658880135988E+01
 5.255E-03  1.88172344933199E+01
 5.327E-03  1.91735439571640E+01
 5.400E-03  1.95348223593625E+01
 5.473E-03  1.99010727927356E+01
 5.548E-03  2.02722953718811E+01
 5.624E-03  2.06484871145005E+01
 5.700E-03  2.10296418209462E+01
 5.778E-03  2.14157499520790E+01
 5.857E-03  2.18067985055332E+01
 5.937E-03  2.22027708905009E+01
 6.018E-03  2.26036468011477E+01
 6.100E-03  2.30094020887912E+01
 6.184E-03  2.34200086329759E+01
 6.268E-03  2.38354342115936E+01
 6.354E-03  2.42556423702075E+01
 6.440E-03  2.46805922907478E+01
 6.528E-03  2.51102386597614E+01
 6.617E-03  2.55445315364083E+01
 6.708E-03  2.59834162204086E+01
 6.799E-03  2.64268331201584E+01
 6.892E-03  2.68747176212466E+01
 6.986E-03  2.73269999556136E+01
 7.082E-03  2.77836050716119E+01
 7.178E-03  2.82444525052396E+01
 7.276E-03  2.87094562528294E+01
 7.376E-03  2.91785246454987E+01
 7.476E-03  2.96515602256699E+01
 7.578E-03  3.01284596259935E+01
 7.682E-03  3.06091134510181E+01
 7.787E-03  3.10934061619672E+01
 7.893E-03  3.15812159649984E+01
 8.001E-03  3.20724147033357E+01
 8.110E-03  3.25668677536811E+01
 8.221E-03  3.30644339273292E+01
 8.333E-03  3.35649653764218E+01
 8.447E-03  3.40683075057947E+01
 8.562E-03  3.45742988908882E+01
 8.679E-03  3.50827712022036E+01
 8.798E-03  3.55935491368058E+01
 8.918E-03  3.61064503573863E+01
 9.039E-03  3.66212854394144E+01
 9.163E-03  3.71378578269212E+01
 9.288E-03  3.76559637974705E+01
 9.415E-03  3.81753924368871E+01
 9.543E-03  3.86959256243255E+01
 9.674E-03  3.92173380282703E+01
 9.806E-03  3.97393971140727E+01
 9.940E-03  4.02618631636402E+01
 1.008E-02  4.07844893078998E+01
 1.021E-02  4.13070215726672E+01
 1.035E-02  4.18291989385586E+01
 1.049E-02  4.23507534155901E+01
 1.064E-02  4.28714101331105E+01
 1.078E-02  4.33908874457152E+01
 1.093E-02  4.39088970557959E+01
 1.108E-02  4.44251441533689E+01
 1.123E-02  4.49393275738322E+01
 1.138E-02  4.54511399742905E+01
 1.154E-02  4.59602680290819E+01
 1.170E-02  4.64663926451285E+01
 1.186E-02  4.69691891977246E+01
 1.202E-02  4.74683277873583E+01
 1.218E-02  4.79634735181454E+01
 1.235E-02  4.84542867984365E+01
 1.252E-02  4.89404236641298E+01
 1.269E-02  4.94215361252031E+01
 1.286E-02  4.98972725359382E+01
 1.304E-02  5.03672779892907E+01
 1.321E-02  5.08311947358073E+01
 1.339E-02  5.12886626274630E+01
 1.358E-02  5.17393195867405E+01
 1.376E-02  5.21828021012263E+01
 1.395E-02  5.26187457439458E+01
 1.414E-02  5.30467857196056E+01
 1.433E-02  5.34665574368427E+01
 1.453E-02  5.38776971065224E+01
 1.473E-02  5.42798423660533E+01
 1.493E-02  5.46726329296107E+01
 1.513E-02  5.50557112640861E+01
 1.534E-02  5.54287232904906E+01
 1.555E-02  5.57913191104534E+01
 1.576E-02  5.61431537573659E+01
 1.598E-02  5.64838879716184E+01
 1.619E-02  5.68131889992764E+01
 1.642E-02  5.71307314134365E+01
 1.664E-02  5.74361979573882E+01
 1.687E-02  5.77292804085908E+01
 1.710E-02  5.80096804623535E+01
 1.733E-02  5.82771106339850E+01
 1.757E-02  5.85312951780427E+01
 1.781E-02  5.87719710231837E+01
 1.805E-02  5.89988887209826E+01
 1.830E-02  5.92118134069363E+01
 1.855E-02  5.94105257717380E+01
 1.880E-02  5.95948230407535E+01
 1.906E-02  5.97645199594875E+01
 1.932E-02  5.99194497826713E+01
 1.958E-02  6.00594652644604E+01
 1.985E-02  6.01844396470725E+01
 2.012E-02  6.02942676450424E+01
 2.039E-02  6.03888664221237E+01
 2.067E-02  6.04681765577108E+01
 2.095E-02  6.05321629995055E+01
 2.124E-02  6.05808159990066E+01
 2.153E-02  6.06141520262545E+01
 2.182E-02  6.06322146601234E+01
 2.212E-02  6.06350754503166E+01
 2.242E-02  6.06228347470912E+01
 2.273E-02  6.05956224946152E+01
 2.304E-02  6.05535989837408E+01
 2.335E-02  6.04969555598768E+01
 2.367E-02  6.04259152815368E+01
 2.400E-02  6.03407335250611E+01
 2.432E-02  6.02416985309289E+01
 2.466E-02  6.01291318870190E+01
 2.499E-02  6.00033889441279E+01
 2.533E-02  5.98648591590214E+01
 2.568E-02  5.97139663602802E+01
 2.603E-02  5.95511689322033E+01
 2.639E-02  5.93769599120487E+01
 2.675E-02  5.91918669959383E+01
 2.711E-02  5.89964524488111E+01
 2.748E-02  5.87913129138946E+01
 2.786E-02  5.85770791172725E+01
 2.824E-02  5.83544154632600E+01
 2.862E-02  5.81240195164555E+01
 2.901E-02  5.78866213665212E+01
 2.941E-02  5.76429828719608E+01
 2.981E-02  5.73938967794015E+01
 3.022E-02  5.71401857151549E+01
 3.063E-02  5.68827010461372E+01
 3.105E-02  5.66223216075536E+01
 3.147E-02  5.63599522951156E+01
 3.190E-02  5.60965225199506E+01
 3.234E-02  5.58329845247872E+01
 3.278E-02  5.55703115604532E+01
 3.323E-02  5.53094959222088E+01
 3.368E-02  5.50515468459541E+01
 3.414E-02  5.47974882648954E+01
 3.461E-02  5.45483564278322E+01
 3.508E-02  5.43051973808279E+01
 3.556E-02  5.40690643146652E+01
 3.604E-02  5.38410147811384E+01
 3.654E-02  5.36221077819222E+01
 3.703E-02  5.34134007344622E+01
 3.754E-02  5.32159463200556E+01
 3.805E-02  5.30307892200396E+01
 3.857E-02  5.28589627467655E+01
 3.910E-02  5.27014853768084E+01
 3.963E-02  5.25593571946532E+01
 4.017E-02  5.24335562558848E+01
 4.072E-02  5.23250348797109E+01
 4.128E-02  5.22347158814405E+01
 4.184E-02  5.21634887563355E+01
 4.241E-02  5.21122058270365E+01
 4.299E-02  5.20816783675378E+01
 4.358E-02  5.20726727174449E+01
 4.417E-02  5.20859064009791E+01
 4.478E-02  5.21220442659048E+01
 4.539E-02  5.21816946582340E+01
 4.601E-02  5.22654056491998E+01
 4.664E-02  5.23736613315927E+01
 4.727E-02  5.25068782031031E+01
 4.792E-02  5.26654016548150E+01
 4.857E-02  5.28495025834334E+01
 4.924E-02  5.30593741462062E+01
 4.991E-02  5.32951286778084E+01
 5.059E-02  5.35567947886869E+01
 5.128E-02  5.38443146645173E+01
 5.198E-02  5.41575415864874E+01
 5.269E-02  5.44962376920975E+01
 5.341E-02  5.48600719960429E+01
 5.414E-02  5.52486186905231E+01
 5.488E-02  5.56613557439908E+01
 5.563E-02  5.60976638169134E+01
 5.639E-02  5.65568255125687E+01
 5.716E-02  5.70380249802221E+01
 5.794E-02  5.75403478872445E+01
 5.873E-02  5.80627817758102E+01
 5.953E-02  5.86042168187797E+01
 6.034E-02  5.91634469882008E+01
 6.116E-02  5.97391716485686E+01
 6.200E-02  6.03299975855650E+01
 6.285E-02  6.09344414794454E+01
 6.370E-02  6.15509328305696E+01
 6.457E-02  6.21778173427730E+01
 6.546E-02  6.28133607683545E+01
 6.635E-02  6.34557532164271E+01
 6.725E-02  6.41031139242196E+01
 6.817E-02  6.47534964886738E+01
 6.910E-02  6.54048945533176E+01
 7.005E-02  6.60552479429542E+01
 7.100E-02  6.67024492361701E+01
 7.197E-02  6.73443507630626E+01
 7.296E-02  6.79787720129135E+01
 7.395E-02  6.86035074338133E+01
 7.496E-02  6.92163346034722E+01
 7.598E-02  6.98150227476651E+01
 7.702E-02  7.03973415799467E+01
 7.807E-02  7.09610704334694E+01
 7.914E-02  7.15040076529474E+01
 8.022E-02  7.20239802120567E+01
 8.132E-02  7.25188535188537E+01
 8.243E-02  7.29865413691662E+01
 8.355E-02  7.34250160053585E+01
 8.469E-02  7.38323182354394E+01
 8.585E-02  7.42065675651678E+01
 8.702E-02  7.45459722936496E+01
 8.821E-02  7.48488395209263E+01
 8.941E-02  7.51135850142516E+01
 9.063E-02  7.53387428781601E+01
 9.187E-02  7.55229749720745E+01
 9.312E-02  7.56650800180890E+01
 9.440E-02  7.57640023407372E+01
 9.568E-02  7.58188401800171E+01
 9.699E-02  7.58288535187232E+01
 9.831E-02  7.57934713652516E+01
 9.966E-02  7.57122984335090E+01
 1.010E-01  7.55851211623947E+01
 1.024E-01  7.54119130185462E+01
 1.038E-01  7.51928390276657E+01
 1.052E-01  7.49282594817773E+01
 1.066E-01  7.46187327722315E+01
 1.081E-01  7.42650173011635E+01
 1.096E-01  7.38680724274453E+01
 1.111E-01  7.34290584069483E+01
 1.126E-01  7.29493352911454E+01
 1.141E-01  7.24304607527419E+01
 1.157E-01  7.18741868121083E+01
 1.173E-01  7.12824554438030E+01
 1.189E-01  7.06573930483870E+01
 1.205E-01  7.00013037810442E+01
 1.221E-01  6.93166617351932E+01
 1.238E-01  6.86061019862903E+01
 1.255E-01  6.78724105083461E+01
 1.272E-01  6.71185129832642E+01
 1.289E-01  6.63474625309345E+01
 1.307E-01  6.55624263960080E+01
 1.325E-01  6.47666716354162E+01
 1.343E-01  6.39635498588978E+01
 1.361E-01  6.31564810830200E+01
 1.380E-01  6.23489367673441E+01
 1.399E-01  6.15444221094420E+01
 1.418E-01  6.07464576833293E+01
 1.437E-01  5.99585605134780E+01
 1.457E-01  5.91842246838352E+01
 1.477E-01  5.84269015881148E+01
 1.497E-01  5.76899799339838E+01
 1.517E-01  5.69767656195427E+01
 1.538E-01  5.62904616056358E+01
 1.559E-01  5.56341479119402E+01
 1.580E-01  5.50107618684114E+01
 1.602E-01  5.44230787564262E+01
 1.624E-01  5.38736929758215E+01
 1.646E-01  5.33649998749017E+01
 1.668E-01  5.28991783803490E+01
 1.691E-01  5.24781745627671E+01
 1.714E-01  5.21036862712905E+01
 1.738E-01  5.17771489672784E+01
 1.761E-01  5.14997228825606E+01
 1.785E-01  5.12722816220195E+01
 1.810E-01  5.10954023234684E+01
 1.834E-01  5.09693574798491E+01
 1.860E-01  5.08941085197351E+01
 1.885E-01  5.08693012320353E+01
 1.911E-01  5.08942631096838E+01
 1.937E-01  5.09680026750402E+01
 1.963E-01  5.10892108367676E+01
 1.990E-01  5.12562643141960E+01
 2.017E-01  5.14672311506887E+01
 2.045E-01  5.17198783224255E+01
 2.073E-01  5.20116814333971E+01
 2.101E-01  5.23398364714032E+01
 2.130E-01  5.27012735835835E+01
 2.159E-01  5.30926728136322E+01
 2.188E-01  5.35104817265029E+01
 2.218E-01  5.39509348302502E+01
 2.248E-01  5.44100746888412E+01
 2.279E-01  5.48837746044663E+01
 2.310E-01  5.53677627332452E+01
 2.342E-01  5.58576474844261E+01
 2.374E-01  5.63489440403664E+01
 2.406E-01  5.68371018229194E+01
 2.439E-01  5.73175327214700E+01
 2.472E-01  5.77856398888987E+01
 2.506E-01  5.82368469043263E+01
 2.540E-01  5.86666270956981E+01
 2.575E-01  5.90705328111985E+01
 2.610E-01  5.94442244262072E+01
 2.646E-01  5.97834988720651E+01
 2.682E-01  6.00843174743353E+01
 2.718E-01  6.03428328915285E+01
 2.755E-01  6.05554149503948E+01
 2.793E-01  6.07186751808266E+01
 2.831E-01  6.08294898621122E+01
 2.870E-01  6.08850214026458E+01
 2.909E-01  6.08827378871442E+01
 2.949E-01  6.08204306388251E+01
 2.989E-01  6.06962296587430E+01
 3.030E-01  6.05086168204081E+01
 3.071E-01  6.02564367147926E+01
 3.113E-01  5.99389050586787E+01
 3.156E-01  5.95556145978732E+01
 3.199E-01  5.91065384559334E+01
 3.242E-01  5.85920308985344E+01
 3.287E-01  5.80128255033056E+01
 3.331E-01  5.73700307447005E+01
 3.377E-01  5.66651230230677E+01
 3.423E-01  5.58999371864253E+01
 3.470E-01  5.50766546123366E+01
 3.517E-01  5.41977889356127E+01
 3.565E-01  5.32661695251988E+01
 3.614E-01  5.22849228303991E+01
 3.663E-01  5.12574517324632E+01
 3.713E-01  5.01874130523840E+01
 3.764E-01  4.90786933794480E+01
 3.815E-01  4.79353833975499E+01
 3.867E-01  4.67617508974618E+01
 3.920E-01  4.55622126730488E+01
 3.974E-01  4.43413055078025E+01
 4.028E-01  4.31036564649437E+01
 4.083E-01  4.18539526996911E+01
 4.139E-01  4.05969110160407E+01
 4.195E-01  3.93372473925221E+01
 4.252E-01  3.80796467018409E+01
 4.311E-01  3.68287328480673E+01
 4.369E-01  3.55890395420397E+01
 4.429E-01  3.43649819309289E+01
 4.489E-01  3.31608292914186E+01
 4.551E-01  3.19806789877196E+01
 4.613E-01  3.08284318856570E+01
 4.676E-01  2.97077694023847E+01
 4.740E-01  2.86221323579331E+01
 4.804E-01  2.75747017798591E+01
 4.870E-01  2.65683817958321E+01
 4.936E-01  2.56057847311705E+01
 5.004E-01  2.46892185092851E+01
 5.072E-01  2.38206764328674E+01
 5.141E-01  2.30018294026695E+01
 5.212E-01  2.22340206090984E+01
 5.283E-01  2.15182627098333E+01
 5.355E-01  2.08552374845449E+01
 5.428E-01  2.02452979358319E+01
 5.502E-01  1.96884727839865E+01
 5.577E-01  1.91844732824394E+01
 5.653E-01  1.87327022609881E+01
 5.731E-01  1.83322652854302E+01
 5.809E-01  1.79819838052160E+01
 5.888E-01  1.76804101453750E+01
 5.969E-01  1.74258441853866E+01
 6.050E-01  1.72163515559263E+01
 6.133E-01  1.70497831745728E+01
 6.216E-01  1.69237959335876E+01
 6.301E-01  1.68358743467665E+01
 6.387E-01  1.67833529580399E+01
 6.474E-01  1.67634393119356E+01
 6.563E-01  1.67732372851419E+01
 6.652E-01  1.68097705791922E+01
 6.743E-01  1.68700061766968E+01
 6.835E-01  1.69508775675545E+01
 6.929E-01  1.70493075571765E+01
 7.023E-01  1.71622304759297E+01
 7.119E-01  1.72866136177417E+01
 7.216E-01  1.74194777460695E+01
 7.315E-01  1.75579165171599E+01
 7.415E-01  1.76991146836514E+01
 7.516E-01  1.78403649559615E+01
 7.618E-01  1.79790834144445E+01
 7.723E-01  1.81128233818113E+01
 7.828E-01  1.82392876825909E+01
 7.935E-01  1.83563392342575E+01
 8.043E-01  1.84620099328197E+01
 8.153E-01  1.85545078139202E+01
 8.264E-01  1.86322224885748E+01
 8.377E-01  1.86937288703493E+01
 8.491E-01  1.87377892277765E+01
 8.607E-01  1.87633536119408E+01
 8.725E-01  1.87695587241836E+01
 8.844E-01  1.87557253026364E+01
 8.965E-01  1.87213541185934E+01
 9.087E-01  1.86661206844826E+01
 9.211E-01  1.85898687842653E+01
 9.337E-01  1.84926029444367E+01
 9.464E-01  1.83744799693718E+01
 9.594E-01  1.82357996685609E+01
 9.725E-01  1.80769949053386E+01
 9.857E-01  1.78986210970765E+01
 9.992E-01  1.77013452955734E+01
 1.013E+00  1.74859349736333E+01
 1.027E+00  1.72532466396977E+01
 1.041E+00  1.70042143970354E+01
 1.055E+00  1.67398385575293E+01
 1.069E+00  1.64611744127110E+01
 1.084E+00  1.61693212565282E+01
 1.099E+00  1.58654117455576E+01
 1.114E+00  1.55506016731645E+01
 1.129E+00  1.52260602246068E+01
 1.144E+00  1.48929607704434E+01
 1.160E+00  1.45524722459785E+01
 1.176E+00  1.42057511549725E+01
 1.192E+00  1.38539342266087E+01
 1.208E+00  1.34981317458158E+01
 1.225E+00  1.31394215686034E+01
 1.241E+00  1.27788438261479E+01
 1.258E+00  1.24173963140257E+01
 1.275E+00  1.20560305562811E+01
 1.293E+00  1.16956485279691E+01
 1.310E+00  1.13371000144475E+01
 1.328E+00  1.09811805810204E+01
 1.347E+00  1.06286301225539E+01
 1.365E+00  1.02801319593804E+01
 1.384E+00  9.93631244316432E+00
 1.402E+00  9.59774103438988E+00
 1.422E+00  9.26493081171858E+00
 1.441E+00  8.93833937261278E+00
 1.461E+00  8.61837008428869E+00
 1.481E+00  8.30537364420468E+00
 1.501E+00  7.99964990986186E+00
 1.521E+00  7.70144995864541E+00
 1.542E+00  7.41097833972122E+00
 1.563E+00  7.12839548157466E+00
 1.584E+00  6.85382022059172E+00
 1.606E+00  6.58733241809317E+00
 1.628E+00  6.32897563539685E+00
 1.650E+00  6.07875983876332E+00
 1.673E+00  5.83666410843720E+00
 1.696E+00  5.60263932839764E+00
 1.719E+00  5.37661083584420E+00
 1.742E+00  5.15848101184167E+00
 1.766E+00  4.94813179690241E+00
 1.790E+00  4.74542711757765E+00
 1.815E+00  4.55021521233798E+00
 1.839E+00  4.36233084713468E+00
 1.864E+00  4.18159741303158E+00
 1.890E+00  4.00782890017301E+00
 1.916E+00  3.84083174409757E+00
 1.942E+00  3.68040654201496E+00
 1.968E+00  3.52634963812969E+00
 1.995E+00  3.37845457841975E+00
 2.022E+00  3.23651343646020E+00
 2.050E+00  3.10031801292337E+00
 2.078E+00  2.96966091229123E+00
 2.106E+00  2.84433650108711E+00
 2.135E+00  2.72414175257778E+00
 2.164E+00  2.60887698342017E+00
 2.194E+00  2.49834648813606E+00
 2.224E+00  2.39235907760184E+00
 2.254E+00  2.29072852794522E+00
 2.285E+00  2.19327394635725E+00
 2.316E+00  2.09982006036241E+00
 2.348E+00  2.01019743705243E+00
 2.380E+00  1.92424263868795E+00
 2.412E+00  1.84179832091558E+00
 2.445E+00  1.76271327964326E+00
 2.479E+00  1.68684245237320E+00
 2.513E+00  1.61404687951528E+00
 2.547E+00  1.54419363090204E+00
 2.582E+00  1.47715570240595E+00
 2.617E+00  1.41281188722598E+00
 2.653E+00  1.35104662606948E+00
 2.689E+00  1.29174984011160E+00
 2.725E+00  1.23481675027266E+00
 2.763E+00  1.18014768601716E+00
 2.800E+00  1.12764788655116E+00
 2.839E+00  1.07722729697845E+00
 2.877E+00  1.02880036167463E+00
 2.917E+00  9.82285816852248E-01
 2.956E+00  9.37606484021730E-01
 2.997E+00  8.94689065803027E-01
 3.038E+00  8.53463945311783E-01
 3.079E+00  8.13864990132550E-01
 3.121E+00  7.75829361699561E-01
 3.164E+00  7.39297330732876E-01
 3.207E+00  7.04212099223839E-01
 3.251E+00  6.70519629328047E-01
 3.295E+00  6.38168479405656E-01
 3.340E+00  6.07109647346845E-01
 3.386E+00  5.77296421233583E-01
 3.432E+00  5.48684237316366E-01
 3.479E+00  5.21230545225095E-01
 3.526E+00  4.94894680285573E-01
 3.575E+00  4.69637742775907E-01
 3.623E+00  4.45422483929303E-01
 3.673E+00  4.22213198469990E-01
 3.723E+00  3.99975623456318E-01
 3.774E+00  3.78676843198209E-01
 3.825E+00  3.58285200014150E-01
 3.878E+00  3.38770210594780E-01
 3.930E+00  3.20102487745026E-01
 3.984E+00  3.02253667283802E-01
 4.039E+00  2.85196339888813E-01
 4.094E+00  2.68903987683436E-01
 4.150E+00  2.53350925372306E-01
 4.206E+00  2.38512245741794E-01
 4.264E+00  2.24363769350547E-01
 4.322E+00  2.10881998243410E-01
 4.381E+00  1.98044073529186E-01
 4.441E+00  1.85827736668538E-01
 4.501E+00  1.74211294322976E-01
 4.563E+00  1.63173586619068E-01
 4.625E+00  1.52693958684027E-01
 4.688E+00  1.42752235309458E-01
 4.752E+00  1.33328698599650E-01
 4.817E+00  1.24404068459331E-01
 4.883E+00  1.15959485773505E-01
 4.950E+00  1.07976498129043E-01
 5.017E+00  1.00437047924278E-01
 5.086E+00  9.33234627091712E-02
 5.155E+00  8.66184475948472E-02
 5.225E+00  8.03050795677165E-02
 5.297E+00  7.43668035401067E-02
 5.369E+00  6.87874299665682E-02
 5.442E+00  6.35511338529371E-02
 5.517E+00  5.86424549839783E-02
 5.592E+00  5.40462991951251E-02
 5.668E+00  4.97479405145846E-02
 5.746E+00  4.57330240039551E-02
 5.824E+00  4.19875691285751E-02
 5.904E+00  3.84979734931050E-02
 5.984E+00  3.52510167833436E-02
 6.066E+00  3.22338647619755E-02
 6.149E+00  2.94340731737884E-02
 6.233E+00  2.68395914248165E-02
 6.318E+00  2.44387659097836E-02
 6.404E+00  2.22203428730086E-02
 6.491E+00  2.01734706994987E-02
 6.580E+00  1.82877015451327E-02
 6.670E+00  1.65529922275044E-02
 6.761E+00  1.49597043119843E-02
 6.853E+00  1.34986033407208E-02
 6.947E+00  1.21608571654795E-02
 7.042E+00  1.09380333582521E-02
 7.138E+00  9.82209568630679E-03
 7.235E+00  8.80539965065616E-03
 7.334E+00  7.88068709864427E-03
 7.434E+00  7.04107993239284E-03
 7.536E+00  6.28007294507226E-03
 7.639E+00  5.59152582629355E-03
 7.743E+00  4.96965438626696E-03
 7.849E+00  4.40902105568467E-03
 7.956E+00  3.90452472451153E-03
 8.064E+00  3.45138998798518E-03
 8.174E+00  3.04515587212498E-03
 8.286E+00  2.68166411393569E-03
 8.399E+00  2.35704707329024E-03
 8.514E+00  2.06771535422486E-03
 8.630E+00  1.81034521313170E-03
 8.748E+00  1.58186583015174E-03
 8.867E+00  1.37944651802924E-03
 8.988E+00  1.20048393986987E-03
 9.111E+00  1.04258940373821E-03
 9.235E+00  9.03576297929208E-04
 9.362E+00  7.81447726149913E-04
 9.489E+00  6.74384396850225E-04
 9.619E+00  5.80732815640071E-04
 9.750E+00  4.98993824221918E-04
 9.883E+00  4.27811523641455E-04
 1.002E+01  3.65962614002052E-04
 1.016E+01  3.12346177179716E-04
 1.029E+01  2.65973923587512E-04
 1.043E+01  2.25960918736628E-04
 1.058E+01  1.91516800282218E-04
 1.072E+01  1.61937491473678E-04
 1.087E+01  1.36597412490807E-04
 1.102E+01  1.14942187070057E-04
 1.117E+01  9.64818381312011E-05
 1.132E+01  8.07844628186064E-05
 1.147E+01  6.74703744797810E-05
 1.163E+01  5.62066966169171E-05
 1.179E+01  4.67023917582256E-05
 1.195E+01  3.87037064932476E-05
 1.211E+01  3.19900125832061E-05
 1.228E+01  2.63700230731487E-05
 1.245E+01  2.16783616732087E-05
 1.262E+01  1.77724633153942E-05
 1.279E+01  1.45297837018175E-05
 1.296E+01  1.18452958110165E-05
 1.314E+01  9.62925169148728E-06
 1.332E+01  7.80518841633235E-06
 1.350E+01  6.30815777128682E-06
 1.368E+01  5.08316007268194E-06
 1.387E+01  4.08376343590813E-06
 1.406E+01  3.27089081419387E-06
 1.425E+01  2.61175817947250E-06
 1.445E+01  2.07894830132408E-06
 1.464E+01  1.64960567818474E-06
 1.484E+01  1.30473927118241E-06
 1.505E+01  1.02862077124450E-06
 1.525E+01  8.08267182835723E-07
 1.546E+01  6.32997523207270E-07
 1.567E+01  4.94054406659665E-07
 1.589E+01  3.84282203563366E-07
 1.610E+01  2.97856086673532E-07
 1.632E+01  2.30062996548847E-07
 1.655E+01  1.77073468469922E-07
 1.677E+01  1.35801935743487E-07
 1.700E+01  1.03772716559864E-07
 1.723E+01  7.90066926346213E-08
 1.747E+01  5.99275403741898E-08
 1.771E+01  4.52844392486466E-08
 1.795E+01  3.40886094430670E-08
 1.819E+01  2.55614090478665E-08
 1.844E+01  1.90920538074123E-08
 1.869E+01  1.42033137578841E-08
 1.895E+01  1.05237948200644E-08
 1.921E+01  7.76563330344366E-09
 1.947E+01  5.70662088127637E-09
 1.974E+01  4.17594026370177E-09
 2.000E+01  3.04283065476074E-09
 2.028E+01  2.20762001945375E-09
 2.055E+01  1.59466085712628E-09
 2.084E+01  1.14678998377265E-09
 2.112E+01  8.21002937529315E-10
 2.141E+01  5.85091979275163E-10
 2.170E+01  4.15044987159006E-10
 2.200E+01  2.93042359413022E-10
 2.230E+01  2.05921674237988E-10
 2.260E+01  1.44006465566171E-10
 2.291E+01  1.00217058161861E-10
 2.322E+01  6.93988219611714E-11
 2.354E+01  4.78171843851004E-11
 2.386E+01  3.27798992828412E-11
 2.419E+01  2.23559327401381E-11
 2.452E+01  1.51673244122509E-11
 2.485E+01  1.02358798147577E-11
 2.519E+01  6.87084250899806E-12
 2.554E+01  4.58703007022568E-12
 2.588E+01  3.04549355739507E-12
 2.624E+01  2.01073840762550E-12
 2.660E+01  1.32005519587201E-12
 2.696E+01  8.61655415537749E-13
 2.733E+01  5.59172870042720E-13
 2.770E+01  3.60740548596875E-13
 2.808E+01  2.31337063049705E-13
 2.846E+01  1.47455634001123E-13
 2.885E+01  9.34130271013646E-14
 2.924E+01  5.88094309221310E-14
 2.964E+01  3.67911192518387E-14
 3.005E+01  2.28695725203037E-14
 3.046E+01  1.41238838462538E-14
 3.087E+01  8.66548297132700E-15
 3.130E+01  5.28122816310149E-15
 3.172E+01  3.19698834534984E-15
 3.216E+01  1.92207816084567E-15
 3.259E+01  1.14758340715908E-15
 3.304E+01  6.80361143642709E-16
 3.349E+01  4.00493074157902E-16
 3.395E+01  2.34049895660764E-16
 3.441E+01  1.35780348375042E-16
 3.488E+01  7.81874258856155E-17
 3.536E+01  4.46852665744609E-17
 3.584E+01  2.53439638663481E-17
 3.633E+01  1.42633709360091E-17
 3.683E+01  7.96455179147141E-18
 3.733E+01  4.41210140197587E-18
 3.784E+01  2.42452924142469E-18
 3.835E+01  1.32147617039194E-18
 3.888E+01  7.14319872477292E-19
 3.941E+01  3.82893920567375E-19
 3.995E+01  2.03501087841749E-19
 4.049E+01  1.07227709253342E-19
 4.104E+01  5.60077546434991E-20
 4.161E+01  2.89960105964799E-20
 4.217E+01  1.48773196521342E-20
 4.275E+01  7.56404632188571E-21
 4.333E+01  3.81041836575727E-21
 4.392E+01  1.90162710003381E-21
 4.452E+01  9.40062523369462E-22
 4.513E+01  4.60267727224023E-22
 4.575E+01  2.23166845637550E-22
 4.637E+01  1.07141174673378E-22
 4.701E+01  5.09251362585830E-23
 4.765E+01  2.39606117088300E-23
 4.830E+01  1.11581930152587E-23
 4.896E+01  5.14233539048607E-24
 4.963E+01  2.34497742718374E-24
 5.030E+01  1.05796902603841E-24
 5.099E+01  4.72186652373112E-25
 5.169E+01  2.08467500645410E-25
 5.239E+01  9.10474761811874E-26
 5.311E+01  3.93501394096282E-26
 5.383E+01  1.68465263094971E-26
 5.457E+01  7.16326296804387E-27
 5.531E+01  3.04534253681933E-27
 5.607E+01  0.00000000000000E+00
 5.683E+01  0.00000000000000E+00
 5.761E+01  0.00000000000000E+00
 5.839E+01  0.00000000000000E+00
 5.919E+01  0.00000000000000E+00
 6.000E+01  0.00000000000000E+00
