./ilogA is logfile.
./chgdenEr calculation starts
rmin,rmax=  1.47E-08  2.43E+01
  19250.88633338 -11344.16628830      0.30000000    1
   1193.86017472 -12277.17530166      0.30000000    1
    736.11083691 -12744.26495707      0.30000000    1
    441.12060778 -12952.27421153      0.30000000    1
    256.48454501 -13032.07061332      0.30000000    1
    145.20174591 -13057.66862026      0.30000000    1
     81.16582592 -13064.71227251      0.30000000    1
     46.12508060 -13066.75593749      0.30000000    1
     27.58071100 -13067.54796387      0.30000000    1
     17.49823970 -13067.90147798      0.30000000    1
     11.47928140 -13068.05641357      0.30000000    1
      7.60533534 -13068.12217119      0.30000000    1
      5.05290905 -13068.14962831      0.30000000    1
      3.35982188 -13068.16104005      0.30000000    1
      2.23297316 -13068.16578699      0.30000000    1
      1.48269699 -13068.16776794      0.30000000    1
      0.98366728 -13068.16859875      0.30000000    1
      0.65225853 -13068.16894960      0.30000000    1
      0.43247460 -13068.16909905      0.30000000    1
      0.28685577 -13068.16916335      0.30000000    1
      0.19041240 -13068.16919133      0.30000000    1
      0.12652794 -13068.16920364      0.30000000    1
      0.08418440 -13068.16920912      0.30000000    1
      0.05609089 -13068.16921159      0.30000000    1
      0.03742849 -13068.16921272      0.30000000    1
      0.02501340 -13068.16921323      0.30000000    1
      0.01674160 -13068.16921347      0.30000000    1
      0.01122160 -13068.16921359      0.30000000    1
      0.00753210 -13068.16921364      0.30000000    1
      0.00506224 -13068.16921366      0.30000000    1
      0.00340638 -13068.16921368      0.30000000    1
      0.00229467 -13068.16921368      0.30000000    1
      0.00154732 -13068.16921368      0.30000000    1
      0.00104430 -13068.16921369      0.30000000    1
      0.00070535 -13068.16921369      0.30000000    1
      0.00047673 -13068.16921369      0.30000000    1
      0.00000000 -13068.16921369      1.00000000    2
      0.00000000 -13068.16921369      1.00000000    3
    1   0 0  -1/2   1    2.0000      -2092.062800
    2   0 0  -1/2   1    2.0000       -351.719262
    2   1 1  -1/2   1    2.0000       -335.334794
    2   1 1  -3/2   1    4.0000       -302.036269
    3   0 0  -1/2   1    2.0000        -78.823732
    3   1 1  -1/2   1    2.0000        -71.573653
    3   1 1  -3/2   1    4.0000        -64.574808
    3   2 2  -3/2   1    4.0000        -52.088640
    3   2 2  -5/2   1    6.0000        -50.550601
    4   0 0  -1/2   1    2.0000        -15.518820
    4   1 1  -1/2   1    2.0000        -12.613404
    4   1 1  -3/2   1    4.0000        -11.030458
    4   2 2  -3/2   1    4.0000         -6.225802
    4   2 2  -5/2   1    6.0000         -5.936802
    5   0 0  -1/2   1    2.0000         -1.899051
    5   1 1  -1/2   1    2.0000         -1.112663
    5   1 1  -3/2   1    4.0000         -0.916051
    4   3 3  -5/2   1    5.1429         -0.150728
    4   3 3  -7/2   1    6.8571         -0.110784
    6   0 0  -1/2   1    2.0000         -0.146082
 total energy =   -1.30681692136883E+04 -3.55603179741357E+05
