./ilogA is logfile.
./chgdenAu calculation starts
rmin,rmax=  1.27E-08  2.25E+01
  26713.45311710 -16490.49204879      0.30000000    1
   1527.50034707 -17853.17730286      0.30000000    1
    942.20954829 -18530.39144442      0.30000000    1
    565.64073091 -18830.18646879      0.30000000    1
    330.20279219 -18945.01852915      0.30000000    1
    188.36278350 -18982.41734998      0.30000000    1
    106.62198275 -18993.31065188      0.30000000    1
     61.42461435 -18996.66954137      0.30000000    1
     36.74783251 -18997.88509590      0.30000000    1
     22.84147791 -18998.35097585      0.30000000    1
     14.60219346 -18998.52344482      0.30000000    1
      9.52828872 -18998.58558910      0.30000000    1
      6.31919800 -18998.60867143      0.30000000    1
      4.23996482 -18998.61784022      0.30000000    1
      2.86285477 -18998.62170147      0.30000000    1
      1.93722971 -18998.62338284      0.30000000    1
      1.31102260 -18998.62412625      0.30000000    1
      0.88682013 -18998.62445712      0.30000000    1
      0.59965720 -18998.62460491      0.30000000    1
      0.40545533 -18998.62467114      0.30000000    1
      0.27420881 -18998.62470094      0.30000000    1
      0.18552986 -18998.62471441      0.30000000    1
      0.12560411 -18998.62472052      0.30000000    1
      0.08509199 -18998.62472332      0.30000000    1
      0.05768805 -18998.62472461      0.30000000    1
      0.03913806 -18998.62472520      0.30000000    1
      0.02657194 -18998.62472548      0.30000000    1
      0.01805288 -18998.62472560      0.30000000    1
      0.01227310 -18998.62472566      0.30000000    1
      0.00834889 -18998.62472569      0.30000000    1
      0.00568268 -18998.62472571      0.30000000    1
      0.00386997 -18998.62472571      0.30000000    1
      0.00263679 -18998.62472572      0.30000000    1
      0.00179739 -18998.62472572      0.30000000    1
      0.00122570 -18998.62472572      0.30000000    1
      0.00083617 -18998.62472572      0.30000000    1
      0.00057063 -18998.62472572      0.30000000    1
      0.00038953 -18998.62472572      0.30000000    1
      0.00000000 -18998.62472572      1.00000000    2
      0.00000000 -18998.62472572      1.00000000    3
    1   0 0  -1/2   1    2.0000      -2942.788877
    2   0 0  -1/2   1    2.0000       -519.426076
    2   1 1  -1/2   1    2.0000       -498.421024
    2   1 1  -3/2   1    4.0000       -431.864679
    3   0 0  -1/2   1    2.0000       -122.648439
    3   1 1  -1/2   1    2.0000       -113.151177
    3   1 1  -3/2   1    4.0000        -98.448595
    3   2 2  -3/2   1    4.0000        -82.619013
    3   2 2  -5/2   1    6.0000        -79.440708
    4   0 0  -1/2   1    2.0000        -26.590305
    4   1 1  -1/2   1    2.0000        -22.530702
    4   1 1  -3/2   1    4.0000        -18.994015
    4   2 2  -3/2   1    4.0000        -12.329461
    4   2 2  -5/2   1    6.0000        -11.667412
    5   0 0  -1/2   1    2.0000         -3.966373
    5   1 1  -1/2   1    2.0000         -2.642731
    5   1 1  -3/2   1    4.0000         -2.036179
    4   3 3  -5/2   1    6.0000         -3.080938
    4   3 3  -7/2   1    8.0000         -2.940840
    5   2 2  -3/2   1    4.0000         -0.297879
    5   2 2  -5/2   1    6.0000         -0.241533
    6   0 0  -1/2   1    1.0000         -0.222547
 total energy =   -1.89986247257185E+04 -5.16979176861416E+05
