Z,NR,R(1),R(NR) / R(N),RHO*4*PI*R(N)**2
57.00  2000  1.01365245284744E-10  5.99999999999886E+01
1.014E-10  5.01136810643945E-13
1.027E-10  5.13649905662125E-13
1.042E-10  5.26475445395644E-13
1.056E-10  5.94663378767192E-13
1.070E-10  6.09511777855336E-13
1.085E-10  6.24730932848338E-13
1.100E-10  6.40330101293655E-13
1.115E-10  6.56318771912260E-13
1.130E-10  6.72706670345302E-13
1.145E-10  6.89503765079547E-13
1.161E-10  7.06720273508784E-13
1.177E-10  7.24366668149171E-13
1.193E-10  7.42453683009534E-13
1.209E-10  7.60992320120637E-13
1.226E-10  7.79993856227572E-13
1.242E-10  7.99469849649241E-13
1.259E-10  8.19432147308977E-13
1.276E-10  8.39892891940921E-13
1.294E-10  8.60864529476232E-13
1.312E-10  8.82359816613704E-13
1.329E-10  9.04391828579528E-13
1.348E-10  9.26973967080668E-13
1.366E-10  9.50119968456938E-13
1.385E-10  9.73843912036527E-13
1.404E-10  9.98160228700251E-13
1.423E-10  1.02308370965967E-12
1.442E-10  1.04862951545428E-12
1.462E-10  1.07481318517346E-12
1.482E-10  1.10165064590854E-12
1.502E-10  1.12915822244109E-12
1.523E-10  1.15735264717304E-12
1.543E-10  1.18625107030456E-12
1.564E-10  1.21587107026638E-12
1.586E-10  1.24623066441249E-12
1.607E-10  1.27734831997964E-12
1.629E-10  1.30924296532075E-12
1.652E-10  1.34193400141874E-12
1.674E-10  1.37544131368774E-12
1.697E-10  1.40978528406914E-12
1.720E-10  1.44498680342957E-12
1.744E-10  1.48106728426835E-12
1.767E-10  1.51804867374255E-12
1.792E-10  1.55595346701699E-12
1.816E-10  1.59480472094752E-12
1.841E-10  1.63462606810642E-12
1.866E-10  1.67544173115751E-12
1.891E-10  1.71727653759036E-12
1.917E-10  1.76015593482263E-12
1.943E-10  1.80410600567906E-12
1.970E-10  1.84915348425740E-12
1.997E-10  1.89532577219034E-12
2.024E-10  1.94265095531331E-12
2.052E-10  1.99115782074865E-12
2.080E-10  2.04087587441650E-12
2.108E-10  2.09183535898266E-12
2.137E-10  2.14406727225457E-12
2.166E-10  2.19760338603693E-12
2.196E-10  2.25247626545805E-12
2.226E-10  2.30871928877835E-12
2.256E-10  2.36636666769393E-12
2.287E-10  2.42545346814741E-12
2.318E-10  2.48601563165723E-12
2.350E-10  2.54808999718056E-12
2.382E-10  2.61171432352219E-12
2.414E-10  2.67692731230223E-12
2.447E-10  2.74376863149748E-12
2.481E-10  2.81227893957105E-12
2.515E-10  2.88249991020447E-12
2.549E-10  2.95447425764672E-12
2.584E-10  3.02824576269664E-12
2.619E-10  3.10385929933408E-12
2.655E-10  3.18136086201602E-12
2.691E-10  3.26079759365445E-12
2.728E-10  3.34221781429220E-12
2.765E-10  3.42567105049559E-12
2.803E-10  3.51120806548042E-12
2.841E-10  3.59888088999038E-12
2.880E-10  3.68874285394651E-12
2.919E-10  3.78084861888689E-12
2.959E-10  3.87525421121638E-12
2.999E-10  3.97201705628663E-12
3.040E-10  4.07119601332682E-12
3.082E-10  4.17285141124668E-12
3.124E-10  4.27704508533391E-12
3.166E-10  4.38384041486726E-12
3.210E-10  4.49330236166885E-12
3.253E-10  4.60549750961987E-12
3.298E-10  4.72049410516232E-12
3.343E-10  4.83836209881189E-12
3.389E-10  4.95917318770778E-12
3.435E-10  5.08300085922560E-12
3.482E-10  5.20992043567718E-12
3.529E-10  5.34000912012872E-12
3.577E-10  5.47334604336258E-12
3.626E-10  5.61001231200981E-12
3.676E-10  5.75009105788724E-12
3.726E-10  5.89366748856452E-12
3.777E-10  6.04082893919469E-12
3.828E-10  6.19166492563886E-12
3.881E-10  6.34626719891678E-12
3.934E-10  6.50472980101735E-12
3.987E-10  6.66714912210365E-12
4.042E-10  6.83362395914498E-12
4.097E-10  7.00425557601272E-12
4.153E-10  7.17914776507843E-12
4.210E-10  7.35840691034893E-12
4.267E-10  7.54214205217720E-12
4.325E-10  7.73046495359035E-12
4.384E-10  7.92349016827300E-12
4.444E-10  8.12133511024901E-12
4.505E-10  8.32412012530112E-12
4.566E-10  8.53196856417650E-12
4.629E-10  8.74500685761887E-12
4.692E-10  8.96336459327257E-12
4.756E-10  9.18717459451119E-12
4.821E-10  9.41657300122987E-12
4.887E-10  9.65169935265706E-12
4.953E-10  9.89269667223505E-12
5.021E-10  1.01397115546180E-11
5.090E-10  1.03928942548425E-11
5.159E-10  1.06523987797257E-11
5.230E-10  1.09183829815454E-11
5.301E-10  1.11910086540587E-11
5.373E-10  1.14704416309174E-11
5.447E-10  1.17568518865443E-11
5.521E-10  1.20504136395231E-11
5.596E-10  1.23513054585739E-11
5.673E-10  1.26597103711742E-11
5.750E-10  1.29758159748902E-11
5.829E-10  1.32998145514893E-11
5.908E-10  1.36319031839027E-11
5.989E-10  1.39722838761074E-11
6.071E-10  1.43211636760018E-11
6.154E-10  1.46787548013495E-11
6.238E-10  1.50452747688664E-11
6.323E-10  1.54209465265346E-11
6.409E-10  1.58059985892178E-11
6.497E-10  1.62006651776604E-11
6.585E-10  1.66051863609630E-11
6.675E-10  1.70198082026120E-11
6.766E-10  1.74447829101533E-11
6.859E-10  1.78803689886095E-11
6.952E-10  1.83268313977208E-11
7.047E-10  1.87844417131181E-11
7.144E-10  1.92534782915187E-11
7.241E-10  1.97342264400406E-11
7.340E-10  2.02269785897560E-11
7.440E-10  2.07320344735698E-11
7.542E-10  2.12497013085420E-11
7.645E-10  2.17802939827630E-11
7.749E-10  2.23241352468934E-11
7.855E-10  2.28815559104899E-11
7.962E-10  2.34528950432287E-11
8.071E-10  2.40385001811592E-11
8.181E-10  2.46387275381029E-11
8.293E-10  2.52539422223299E-11
8.406E-10  2.58845184586506E-11
8.521E-10  2.65308398160497E-11
8.637E-10  2.71932994410059E-11
8.755E-10  2.78723002966349E-11
8.874E-10  2.85682554078030E-11
8.996E-10  2.92815881123666E-11
9.118E-10  3.00127323186828E-11
9.243E-10  3.07621327695432E-11
9.369E-10  3.15302453127062E-11
9.497E-10  3.23175371781831E-11
9.627E-10  3.31244872624438E-11
9.758E-10  3.39515864197219E-11
9.891E-10  3.47993377605941E-11
1.003E-09  3.56682569580116E-11
1.016E-09  3.65588725609788E-11
1.030E-09  3.74717263160596E-11
1.044E-09  3.84073734969059E-11
1.059E-09  3.93663832420326E-11
1.073E-09  4.03493389010074E-11
1.088E-09  4.13568383892930E-11
1.102E-09  4.23894945519523E-11
1.118E-09  4.34479355364275E-11
1.133E-09  4.45328051746367E-11
1.148E-09  4.56447633745995E-11
1.164E-09  4.67844865218506E-11
1.180E-09  4.79526678908775E-11
1.196E-09  4.91500180668225E-11
1.212E-09  5.03772653777198E-11
1.229E-09  5.16351563375294E-11
1.246E-09  5.29244561002250E-11
1.263E-09  5.42459489252229E-11
1.280E-09  5.56004386544365E-11
1.297E-09  5.69887492012414E-11
1.315E-09  5.84117250516437E-11
1.333E-09  5.98702317779671E-11
1.351E-09  6.13651565653694E-11
1.370E-09  6.28974087514978E-11
1.388E-09  6.44679203796248E-11
1.407E-09  6.60776467655958E-11
1.426E-09  6.77275670789281E-11
1.446E-09  6.94186849384272E-11
1.466E-09  7.11520290226679E-11
1.486E-09  7.29286536957256E-11
1.506E-09  7.47496396485203E-11
1.527E-09  7.66160945561878E-11
1.547E-09  7.85291537518652E-11
1.568E-09  8.04899809172815E-11
1.590E-09  8.24997687906114E-11
1.612E-09  8.45597398920022E-11
1.634E-09  8.66711472672088E-11
1.656E-09  8.88352752497945E-11
1.679E-09  9.10534402423734E-11
1.701E-09  9.33269915173623E-11
1.725E-09  9.56573120377063E-11
1.748E-09  9.80458192981153E-11
1.772E-09  1.00493966187316E-10
1.796E-09  1.03003241871801E-10
1.821E-09  1.05575172701664E-10
1.846E-09  1.08211323139067E-10
1.871E-09  1.10913296709868E-10
1.896E-09  1.13682736979002E-10
1.922E-09  1.16521328550263E-10
1.949E-09  1.19430798091006E-10
1.975E-09  1.22412915382431E-10
2.002E-09  1.25469494396142E-10
2.029E-09  1.28602394397534E-10
2.057E-09  1.31813521076755E-10
2.085E-09  1.35104827707905E-10
2.114E-09  1.38478316337184E-10
2.143E-09  1.41936039000700E-10
2.172E-09  1.45480098972680E-10
2.201E-09  1.49112652044867E-10
2.232E-09  1.52835907837836E-10
2.262E-09  1.56652131145081E-10
2.293E-09  1.60563643310644E-10
2.324E-09  1.64572823641143E-10
2.356E-09  1.68682110853078E-10
2.388E-09  1.72894004556245E-10
2.421E-09  1.77211066774203E-10
2.454E-09  1.81635923502721E-10
2.487E-09  1.86171266307137E-10
2.521E-09  1.90819853959550E-10
2.556E-09  1.95584514116950E-10
2.590E-09  2.00468145041258E-10
2.626E-09  2.05473717362264E-10
2.662E-09  2.10604275884601E-10
2.698E-09  2.15862941439882E-10
2.735E-09  2.21252912785008E-10
2.772E-09  2.26777468547905E-10
2.810E-09  2.32439969221933E-10
2.848E-09  2.38243859209941E-10
2.887E-09  2.44192668919443E-10
2.927E-09  2.50290016910136E-10
2.967E-09  2.56539612094993E-10
3.007E-09  2.62945255996315E-10
3.048E-09  2.69510845058153E-10
3.090E-09  2.76240373016417E-10
3.132E-09  2.83137933328221E-10
3.175E-09  2.90207721661849E-10
3.218E-09  2.97454038448908E-10
3.262E-09  3.04881291500224E-10
3.307E-09  3.12493998686978E-10
3.352E-09  3.20296790688902E-10
3.398E-09  3.28294413811032E-10
3.444E-09  3.36491732870775E-10
3.491E-09  3.44893734157100E-10
3.539E-09  3.53505528463636E-10
3.587E-09  3.62332354197450E-10
3.636E-09  3.71379580565452E-10
3.685E-09  3.80652710840460E-10
3.736E-09  3.90157385708671E-10
3.787E-09  3.99899386700824E-10
3.838E-09  4.09884639709017E-10
3.891E-09  4.20119218591269E-10
3.944E-09  4.30609348866160E-10
3.998E-09  4.41361411499754E-10
4.052E-09  4.52381946786954E-10
4.108E-09  4.63677658329871E-10
4.164E-09  4.75255417115529E-10
4.221E-09  4.87122265695313E-10
4.278E-09  4.99285422468876E-10
4.337E-09  5.11752286074929E-10
4.396E-09  5.24530439891715E-10
4.456E-09  5.37627656649812E-10
4.517E-09  5.51051903160179E-10
4.578E-09  5.64811345160218E-10
4.641E-09  5.78914352280822E-10
4.704E-09  5.93369503137468E-10
4.769E-09  6.08185590548469E-10
4.834E-09  6.23371626883459E-10
4.900E-09  6.38936849545436E-10
4.967E-09  6.54890726589724E-10
5.034E-09  6.71242962483220E-10
5.103E-09  6.88003504007456E-10
5.173E-09  7.05182546309016E-10
5.243E-09  7.22790539101030E-10
5.315E-09  7.40838193019620E-10
5.388E-09  7.59336486138983E-10
5.461E-09  7.78296670649027E-10
5.536E-09  7.97730279699926E-10
5.611E-09  8.17649134417614E-10
5.688E-09  8.38065351094298E-10
5.765E-09  8.58991348558552E-10
5.844E-09  8.80439855729381E-10
5.924E-09  9.02423919359173E-10
6.005E-09  9.24956911969668E-10
6.087E-09  9.48052539986248E-10
6.170E-09  9.71724852075297E-10
6.254E-09  9.95988247689678E-10
6.340E-09  1.02085748582778E-09
6.426E-09  1.04634769401097E-09
6.514E-09  1.07247437748556E-09
6.603E-09  1.09925342865425E-09
6.693E-09  1.12670113674318E-09
6.784E-09  1.15483419771043E-09
6.877E-09  1.18366972440166E-09
6.971E-09  1.21322525695979E-09
7.066E-09  1.24351877349419E-09
7.162E-09  1.27456870101633E-09
7.260E-09  1.30639392664887E-09
7.359E-09  1.33901380911399E-09
7.460E-09  1.37244819050919E-09
7.562E-09  1.40671740837671E-09
7.665E-09  1.44184230807451E-09
7.770E-09  1.47784425545621E-09
7.876E-09  1.51474514986723E-09
7.983E-09  1.55256743746606E-09
8.092E-09  1.59133412487763E-09
8.203E-09  1.63106879318796E-09
8.315E-09  1.67179561228781E-09
8.428E-09  1.71353935557492E-09
8.543E-09  1.75632541502331E-09
8.660E-09  1.80017981662847E-09
8.778E-09  1.84512923623854E-09
8.898E-09  1.89120101578082E-09
9.019E-09  1.93842317989323E-09
9.142E-09  1.98682445297106E-09
9.267E-09  2.03643427663969E-09
9.394E-09  2.08728282766305E-09
9.522E-09  2.13940103629972E-09
9.652E-09  2.19282060511729E-09
9.784E-09  2.24757402827613E-09
9.917E-09  2.30369461129509E-09
1.005E-08  2.36121649131061E-09
1.019E-08  2.42017465784147E-09
1.033E-08  2.48060497407253E-09
1.047E-08  2.54254419866937E-09
1.061E-08  2.60603000813771E-09
1.076E-08  2.67110101974147E-09
1.090E-08  2.73779681499286E-09
1.105E-08  2.80615796372895E-09
1.120E-08  2.87622604878933E-09
1.136E-08  2.94804369131036E-09
1.151E-08  3.02165457665061E-09
1.167E-08  3.09710348096383E-09
1.183E-08  3.17443629843507E-09
1.199E-08  3.25370006919739E-09
1.215E-08  3.33494300794567E-09
1.232E-08  3.41821453326382E-09
1.249E-08  3.50356529768604E-09
1.266E-08  3.59104721850689E-09
1.283E-08  3.68071350936174E-09
1.301E-08  3.77261871259609E-09
1.318E-08  3.86681873244129E-09
1.336E-08  3.96337086902097E-09
1.355E-08  4.06233385320522E-09
1.373E-08  4.16376788233486E-09
1.392E-08  4.26773465683891E-09
1.411E-08  4.37429741776504E-09
1.430E-08  4.48352098524791E-09
1.450E-08  4.59547179793805E-09
1.470E-08  4.71021795341491E-09
1.490E-08  4.82782924960900E-09
1.510E-08  4.94837722725856E-09
1.531E-08  5.07193521342634E-09
1.551E-08  5.19857836610270E-09
1.573E-08  5.32838371992270E-09
1.594E-08  5.46143023302410E-09
1.616E-08  5.59779883507654E-09
1.638E-08  5.73757247650883E-09
1.660E-08  5.88083617896554E-09
1.683E-08  6.02767708702447E-09
1.706E-08  6.17818452120436E-09
1.729E-08  6.33245003229653E-09
1.753E-08  6.49056745705296E-09
1.777E-08  6.65263297526561E-09
1.801E-08  6.81874516827000E-09
1.826E-08  6.98900507890961E-09
1.851E-08  7.16351627299869E-09
1.876E-08  7.34238490231854E-09
1.901E-08  7.52571976918700E-09
1.927E-08  7.71363239264046E-09
1.954E-08  7.90623707626890E-09
1.980E-08  8.10365097774319E-09
2.007E-08  8.30599418007955E-09
2.035E-08  8.51338976468361E-09
2.063E-08  8.72596388621758E-09
2.091E-08  8.94384584933694E-09
2.119E-08  9.16716818734412E-09
2.148E-08  9.39606674280492E-09
2.178E-08  9.63068075017629E-09
2.207E-08  9.87115292050349E-09
2.237E-08  1.01176295282243E-08
2.268E-08  1.03702605001447E-08
2.299E-08  1.06291995066372E-08
2.330E-08  1.08946040551131E-08
2.362E-08  1.11666355858308E-08
2.394E-08  1.14454595700961E-08
2.427E-08  1.17312456109144E-08
2.460E-08  1.20241675461558E-08
2.494E-08  1.23244035542955E-08
2.528E-08  1.26321362627961E-08
2.562E-08  1.29475528591958E-08
2.597E-08  1.32708452049675E-08
2.633E-08  1.36022099522261E-08
2.669E-08  1.39418486633452E-08
2.705E-08  1.42899679335616E-08
2.742E-08  1.46467795166438E-08
2.779E-08  1.50125004536943E-08
2.817E-08  1.53873532051708E-08
2.856E-08  1.57715657862031E-08
2.895E-08  1.61653719052886E-08
2.934E-08  1.65690111064512E-08
2.974E-08  1.69827289149481E-08
3.015E-08  1.74067769866174E-08
3.056E-08  1.78414132609539E-08
3.098E-08  1.82869021180046E-08
3.140E-08  1.87435145391858E-08
3.183E-08  1.92115282721130E-08
3.227E-08  1.96912279995461E-08
3.271E-08  2.01829055125558E-08
3.315E-08  2.06868598880106E-08
3.361E-08  2.12033976704963E-08
3.406E-08  2.17328330587793E-08
3.453E-08  2.22754880969254E-08
3.500E-08  2.28316928701876E-08
3.548E-08  2.34017857057882E-08
3.596E-08  2.39861133787165E-08
3.645E-08  2.45850313226566E-08
3.695E-08  2.51989038461902E-08
3.746E-08  2.58281043543973E-08
3.797E-08  2.64730155759812E-08
3.849E-08  2.71340297960752E-08
3.901E-08  2.78115490948572E-08
3.954E-08  2.85059855921200E-08
4.008E-08  2.92177616979562E-08
4.063E-08  2.99473103696944E-08
4.119E-08  3.06950753752514E-08
4.175E-08  3.14615115630670E-08
4.232E-08  3.22470851387713E-08
4.290E-08  3.30522739487636E-08
4.348E-08  3.38775677708700E-08
4.408E-08  3.47234686122599E-08
4.468E-08  3.55904910148057E-08
4.529E-08  3.64791623680528E-08
4.591E-08  3.73900232300196E-08
4.653E-08  3.83236276560022E-08
4.717E-08  3.92805435355820E-08
4.781E-08  4.02613529380593E-08
4.846E-08  4.12666524665070E-08
4.913E-08  4.22970536206563E-08
4.980E-08  4.33531831688618E-08
5.048E-08  4.44356835293379E-08
5.117E-08  4.55452131609182E-08
5.186E-08  4.66824469635729E-08
5.257E-08  4.78480766889326E-08
5.329E-08  4.90428113610521E-08
5.402E-08  5.02673777076804E-08
5.475E-08  5.15225206023165E-08
5.550E-08  5.28090035172738E-08
5.626E-08  5.41276089880795E-08
5.703E-08  5.54791390894680E-08
5.781E-08  5.68644159232420E-08
5.860E-08  5.82842821183328E-08
5.940E-08  5.97396013433434E-08
6.021E-08  6.12312588318761E-08
6.103E-08  6.27601619209954E-08
6.186E-08  6.43272406031238E-08
6.271E-08  6.59334480917168E-08
6.356E-08  6.75797614010683E-08
6.443E-08  6.92671819405933E-08
6.531E-08  7.09967361239417E-08
6.620E-08  7.27694759933235E-08
6.711E-08  7.45864798594278E-08
6.802E-08  7.64488529573149E-08
6.895E-08  7.83577281186862E-08
6.989E-08  8.03142664609325E-08
7.085E-08  8.23196580934051E-08
7.181E-08  8.43751228413051E-08
7.279E-08  8.64819109876428E-08
7.379E-08  8.86413040337464E-08
7.479E-08  9.08546154787354E-08
7.582E-08  9.31231916184633E-08
7.685E-08  9.54484123644259E-08
7.790E-08  9.78316920830781E-08
7.896E-08  1.00274480456148E-07
8.004E-08  1.02778263362412E-07
8.113E-08  1.05344563781475E-07
8.224E-08  1.07974942720149E-07
8.336E-08  1.10671000161927E-07
8.450E-08  1.13434376040183E-07
8.566E-08  1.16266751235671E-07
8.683E-08  1.19169848598923E-07
8.801E-08  1.22145433998177E-07
8.921E-08  1.25195317393470E-07
9.043E-08  1.28321353937545E-07
9.167E-08  1.31525445104267E-07
9.292E-08  1.34809539845178E-07
9.419E-08  1.38175635774951E-07
9.547E-08  1.41625780386446E-07
9.677E-08  1.45162072296094E-07
9.810E-08  1.48786662520373E-07
9.944E-08  1.52501755784160E-07
1.008E-07  1.56309611861776E-07
1.022E-07  1.60212546951451E-07
1.036E-07  1.64212935084165E-07
1.050E-07  1.68313209567650E-07
1.064E-07  1.72515864466410E-07
1.079E-07  1.76823456118773E-07
1.093E-07  1.81238604691729E-07
1.108E-07  1.85763995774655E-07
1.123E-07  1.90402382012802E-07
1.139E-07  1.95156584781567E-07
1.154E-07  2.00029495902597E-07
1.170E-07  2.05024079402693E-07
1.186E-07  2.10143373316660E-07
1.202E-07  2.15390491535174E-07
1.219E-07  2.20768625698783E-07
1.235E-07  2.26281047139173E-07
1.252E-07  2.31931108868937E-07
1.269E-07  2.37722247620989E-07
1.287E-07  2.43657985938931E-07
1.304E-07  2.49741934319606E-07
1.322E-07  2.55977793409123E-07
1.340E-07  2.62369356253713E-07
1.358E-07  2.68920510606826E-07
1.377E-07  2.75635241293786E-07
1.396E-07  2.82517632635480E-07
1.415E-07  2.89571870932605E-07
1.434E-07  2.96802247011920E-07
1.454E-07  3.04213158836032E-07
1.473E-07  3.11809114178416E-07
1.494E-07  3.19594733365167E-07
1.514E-07  3.27574752085188E-07
1.535E-07  3.35754024270680E-07
1.556E-07  3.44137525049326E-07
1.577E-07  3.52730353770344E-07
1.598E-07  3.61537737106085E-07
1.620E-07  3.70565032230997E-07
1.642E-07  3.79817730080049E-07
1.665E-07  3.89301458688354E-07
1.687E-07  3.99021986614357E-07
1.710E-07  4.08985226448440E-07
1.734E-07  4.19197238408989E-07
1.757E-07  4.29664234028441E-07
1.781E-07  4.40392579931218E-07
1.806E-07  4.51388801706056E-07
1.830E-07  4.62659587875011E-07
1.855E-07  4.74211793961501E-07
1.881E-07  4.86052446659979E-07
1.906E-07  4.98188748109690E-07
1.932E-07  5.10628080275136E-07
1.959E-07  5.23378009435842E-07
1.986E-07  5.36446290788338E-07
2.013E-07  5.49840873162975E-07
2.040E-07  5.63569903858396E-07
2.068E-07  5.77641733596927E-07
2.096E-07  5.92064921603540E-07
2.125E-07  6.06848240811613E-07
2.154E-07  6.22000683198743E-07
2.183E-07  6.37531465255674E-07
2.213E-07  6.53450033591886E-07
2.243E-07  6.69766070681045E-07
2.274E-07  6.86489500749893E-07
2.305E-07  7.03630495814256E-07
2.336E-07  7.21199481865621E-07
2.368E-07  7.39207145212215E-07
2.401E-07  7.57664438978474E-07
2.433E-07  7.76582589766663E-07
2.467E-07  7.95973104484880E-07
2.500E-07  8.15847777345557E-07
2.534E-07  8.36218697038543E-07
2.569E-07  8.57098254083401E-07
2.604E-07  8.78499148365319E-07
2.640E-07  9.00434396858960E-07
2.676E-07  9.22917341545209E-07
2.712E-07  9.45961657525747E-07
2.749E-07  9.69581361340054E-07
2.787E-07  9.93790819489898E-07
2.825E-07  1.01860475717702E-06
2.863E-07  1.04403826725875E-06
2.903E-07  1.07010681942700E-06
2.942E-07  1.09682626961683E-06
2.982E-07  1.12421286964970E-06
3.023E-07  1.15228327711730E-06
3.064E-07  1.18105456551243E-06
3.106E-07  1.21054423461264E-06
3.149E-07  1.24077022112307E-06
3.192E-07  1.27175090958512E-06
3.235E-07  1.30350514355745E-06
3.279E-07  1.33605223707579E-06
3.324E-07  1.36941198639927E-06
3.369E-07  1.40360468204996E-06
3.415E-07  1.43865112115255E-06
3.462E-07  1.47457262008243E-06
3.509E-07  1.51139102742970E-06
3.557E-07  1.54912873728639E-06
3.606E-07  1.58780870286559E-06
3.655E-07  1.62745445046061E-06
3.705E-07  1.66809009375253E-06
3.756E-07  1.70974034847515E-06
3.807E-07  1.75243054744569E-06
3.859E-07  1.79618665597090E-06
3.911E-07  1.84103528763784E-06
3.965E-07  1.88700372049892E-06
4.019E-07  1.93411991366065E-06
4.074E-07  1.98241252428658E-06
4.129E-07  2.03191092502527E-06
4.186E-07  2.08264522187252E-06
4.243E-07  2.13464627248001E-06
4.301E-07  2.18794570492085E-06
4.360E-07  2.24257593692362E-06
4.419E-07  2.29857019558634E-06
4.479E-07  2.35596253758293E-06
4.541E-07  2.41478786987401E-06
4.603E-07  2.47508197093427E-06
4.665E-07  2.53688151251027E-06
4.729E-07  2.60022408192124E-06
4.794E-07  2.66514820491652E-06
4.859E-07  2.73169336910341E-06
4.926E-07  2.79990004796009E-06
4.993E-07  2.86980972544793E-06
5.061E-07  2.94146492123824E-06
5.130E-07  3.01490921656847E-06
5.200E-07  3.09018728074407E-06
5.271E-07  3.16734489830194E-06
5.343E-07  3.24642899685166E-06
5.416E-07  3.32748767561210E-06
5.490E-07  3.41057023465980E-06
5.565E-07  3.49572720490839E-06
5.641E-07  3.58301037883500E-06
5.718E-07  3.67247284197488E-06
5.796E-07  3.76416900520156E-06
5.875E-07  3.85815463781269E-06
5.955E-07  3.95448690144238E-06
6.037E-07  4.05322438481906E-06
6.119E-07  4.15442713939214E-06
6.202E-07  4.25815671584657E-06
6.287E-07  4.36447620152997E-06
6.373E-07  4.47345025881367E-06
6.460E-07  4.58514516441056E-06
6.548E-07  4.69962884967544E-06
6.638E-07  4.81697094191058E-06
6.728E-07  4.93724280670259E-06
6.820E-07  5.06051759131572E-06
6.913E-07  5.18687026916815E-06
7.008E-07  5.31637768541924E-06
7.103E-07  5.44911860369385E-06
7.200E-07  5.58517375397308E-06
7.298E-07  5.72462588168023E-06
7.398E-07  5.86755979799190E-06
7.499E-07  6.01406243140540E-06
7.602E-07  6.16422288059285E-06
7.705E-07  6.31813246857371E-06
7.811E-07  6.47588479824054E-06
7.917E-07  6.63757580927037E-06
8.025E-07  6.80330383645559E-06
8.135E-07  6.97316966949153E-06
8.246E-07  7.14727661425686E-06
8.358E-07  7.32573055562219E-06
8.473E-07  7.50864002182572E-06
8.588E-07  7.69611625045785E-06
8.705E-07  7.88827325609068E-06
8.824E-07  8.08522789959581E-06
8.945E-07  8.28709995919285E-06
9.067E-07  8.49401220326969E-06
9.191E-07  8.70609046502182E-06
9.316E-07  8.92346371895274E-06
9.443E-07  9.14626415928504E-06
9.572E-07  9.37462728032749E-06
9.703E-07  9.60869195884720E-06
9.835E-07  9.84860053849953E-06
9.970E-07  1.00944989163629E-05
1.011E-06  1.03465366316336E-05
1.024E-06  1.06048669565351E-05
1.038E-06  1.08696469894952E-05
1.053E-06  1.11410377506484E-05
1.067E-06  1.14192042797210E-05
1.081E-06  1.17043157363604E-05
1.096E-06  1.19965455029670E-05
1.111E-06  1.22960712900917E-05
1.126E-06  1.26030752444652E-05
1.142E-06  1.29177440597219E-05
1.157E-06  1.32402690898857E-05
1.173E-06  1.35708464656903E-05
1.189E-06  1.39096772138002E-05
1.205E-06  1.42569673790059E-05
1.222E-06  1.46129281494716E-05
1.239E-06  1.49777759851041E-05
1.255E-06  1.53517327491267E-05
1.273E-06  1.57350258429376E-05
1.290E-06  1.61278883443299E-05
1.308E-06  1.65305591491627E-05
1.325E-06  1.69432831165674E-05
1.344E-06  1.73663112177758E-05
1.362E-06  1.77999006886621E-05
1.380E-06  1.82443151860899E-05
1.399E-06  1.86998249481635E-05
1.418E-06  1.91667069584723E-05
1.438E-06  1.96452451144370E-05
1.457E-06  2.01357303998566E-05
1.477E-06  2.06384610617560E-05
1.497E-06  2.11537427916482E-05
1.518E-06  2.16818889113214E-05
1.539E-06  2.22232205632565E-05
1.560E-06  2.27780669057976E-05
1.581E-06  2.33467653131933E-05
1.603E-06  2.39296615806234E-05
1.624E-06  2.45271101343462E-05
1.647E-06  2.51394742470845E-05
1.669E-06  2.57671262587874E-05
1.692E-06  2.64104478028959E-05
1.715E-06  2.70698300382570E-05
1.738E-06  2.77456738868196E-05
1.762E-06  2.84383902772619E-05
1.786E-06  2.91484003946959E-05
1.811E-06  2.98761359365981E-05
1.835E-06  3.06220393751321E-05
1.860E-06  3.13865642260019E-05
1.886E-06  3.21701753240224E-05
1.911E-06  3.29733491055598E-05
1.938E-06  3.37965738980143E-05
1.964E-06  3.46403502165284E-05
1.991E-06  3.55051910680902E-05
2.018E-06  3.63916222632280E-05
2.046E-06  3.73001827354739E-05
2.073E-06  3.82314248687947E-05
2.102E-06  3.91859148331930E-05
2.130E-06  4.01642329286786E-05
2.160E-06  4.11669739378151E-05
2.189E-06  4.21947474870585E-05
2.219E-06  4.32481784171120E-05
2.249E-06  4.43279071625131E-05
2.280E-06  4.54345901406860E-05
2.311E-06  4.65689001507010E-05
2.343E-06  4.77315267819741E-05
2.375E-06  4.89231768331583E-05
2.407E-06  5.01445747414850E-05
2.440E-06  5.13964630228051E-05
2.473E-06  5.26796027226062E-05
2.507E-06  5.39947738782767E-05
2.541E-06  5.53427759928956E-05
2.576E-06  5.67244285208367E-05
2.611E-06  5.81405713654779E-05
2.647E-06  5.95920653893185E-05
2.683E-06  6.10797929368268E-05
2.719E-06  6.26046583703152E-05
2.757E-06  6.41675886191643E-05
2.794E-06  6.57695337427658E-05
2.832E-06  6.74114675074778E-05
2.871E-06  6.90943879779703E-05
2.910E-06  7.08193181233177E-05
2.950E-06  7.25873064381991E-05
2.990E-06  7.43994275795794E-05
3.031E-06  7.62567830192619E-05
3.072E-06  7.81605017127141E-05
3.114E-06  8.01117407845611E-05
3.157E-06  8.21116862311637E-05
3.200E-06  8.41615536407116E-05
3.244E-06  8.62625889312725E-05
3.288E-06  8.84160691072106E-05
3.333E-06  9.06233030344944E-05
3.378E-06  9.28856322353081E-05
3.424E-06  9.52044317024543E-05
3.471E-06  9.75811107340765E-05
3.519E-06  1.00017113789179E-04
3.567E-06  1.02513921364465E-04
3.615E-06  1.05073050893006E-04
3.665E-06  1.07696057665343E-04
3.715E-06  1.10384535773513E-04
3.765E-06  1.13140119078602E-04
3.817E-06  1.15964482202421E-04
3.869E-06  1.18859341543875E-04
3.922E-06  1.21826456320661E-04
3.975E-06  1.24867629636925E-04
4.030E-06  1.27984709577522E-04
4.085E-06  1.31179590329510E-04
4.140E-06  1.34454213331633E-04
4.197E-06  1.37810568452396E-04
4.254E-06  1.41250695197500E-04
4.312E-06  1.44776683947378E-04
4.371E-06  1.48390677225518E-04
4.431E-06  1.52094870998408E-04
4.491E-06  1.55891516007850E-04
4.553E-06  1.59782919136474E-04
4.615E-06  1.63771444807222E-04
4.678E-06  1.67859516417726E-04
4.742E-06  1.72049617810409E-04
4.806E-06  1.76344294779156E-04
4.872E-06  1.80746156613547E-04
4.938E-06  1.85257877681546E-04
5.006E-06  1.89882199051556E-04
5.074E-06  1.94621930154913E-04
5.144E-06  1.99479950489764E-04
5.214E-06  2.04459211367326E-04
5.285E-06  2.09562737701679E-04
5.357E-06  2.14793629844103E-04
5.430E-06  2.20155065463045E-04
5.504E-06  2.25650301470939E-04
5.579E-06  2.31282675998958E-04
5.656E-06  2.37055610420934E-04
5.733E-06  2.42972611427633E-04
5.811E-06  2.49037273152709E-04
5.890E-06  2.55253279351527E-04
5.971E-06  2.61624405634200E-04
6.052E-06  2.68154521754268E-04
6.135E-06  2.74847593954268E-04
6.219E-06  2.81707687369670E-04
6.304E-06  2.88738968492678E-04
6.390E-06  2.95945707697337E-04
6.477E-06  3.03332281827388E-04
6.565E-06  3.10903176848580E-04
6.655E-06  3.18662990566986E-04
6.746E-06  3.26616435414862E-04
6.838E-06  3.34768341305854E-04
6.931E-06  3.43123658561245E-04
7.026E-06  3.51687460908977E-04
7.122E-06  3.60464948557220E-04
7.219E-06  3.69461451344438E-04
7.318E-06  3.78682431967785E-04
7.418E-06  3.88133489291780E-04
7.519E-06  3.97820361739241E-04
7.622E-06  4.07748930766532E-04
7.726E-06  4.17925224425262E-04
7.831E-06  4.28355421012515E-04
7.938E-06  4.39045852811790E-04
8.046E-06  4.50003009927008E-04
8.156E-06  4.61233544211770E-04
8.268E-06  4.72744273296265E-04
8.380E-06  4.84542184714372E-04
8.495E-06  4.96634440133228E-04
8.611E-06  5.09028379687904E-04
8.728E-06  5.21731526423917E-04
8.848E-06  5.34751590849984E-04
8.968E-06  5.48096475603997E-04
9.091E-06  5.61774280234904E-04
9.215E-06  5.75793306103327E-04
9.341E-06  5.90162061404036E-04
9.468E-06  6.04889266313052E-04
9.597E-06  6.19983858262688E-04
9.729E-06  6.35454997347577E-04
9.861E-06  6.51312071864947E-04
9.996E-06  6.67564703992482E-04
1.013E-05  6.84222755607133E-04
1.027E-05  7.01296334248463E-04
1.041E-05  7.18795799230037E-04
1.055E-05  7.36731767902483E-04
1.070E-05  7.55115122072076E-04
1.084E-05  7.73957014578544E-04
1.099E-05  7.93268876036224E-04
1.114E-05  8.13062421742566E-04
1.129E-05  8.33349658757807E-04
1.145E-05  8.54142893160666E-04
1.160E-05  8.75454737483819E-04
1.176E-05  8.97298118333800E-04
1.192E-05  9.19686284200170E-04
1.209E-05  9.42632813458197E-04
1.225E-05  9.66151622569898E-04
1.242E-05  9.90256974488844E-04
1.259E-05  1.01496348727306E-03
1.276E-05  1.04028614291147E-03
1.293E-05  1.06624029636948E-03
1.311E-05  1.09284168485834E-03
1.329E-05  1.12010643733464E-03
1.347E-05  1.14805108423527E-03
1.365E-05  1.17669256745319E-03
1.384E-05  1.20604825056089E-03
1.403E-05  1.23613592928708E-03
1.422E-05  1.26697384225240E-03
1.442E-05  1.29858068197191E-03
1.461E-05  1.33097560612962E-03
1.481E-05  1.36417824913204E-03
1.501E-05  1.39820873394840E-03
1.522E-05  1.43308768424370E-03
1.543E-05  1.46883623681203E-03
1.564E-05  1.50547605431801E-03
1.585E-05  1.54302933835333E-03
1.607E-05  1.58151884281677E-03
1.629E-05  1.62096788762477E-03
1.651E-05  1.66140037276172E-03
1.673E-05  1.70284079267769E-03
1.696E-05  1.74531425104230E-03
1.719E-05  1.78884647586345E-03
1.743E-05  1.83346383497999E-03
1.767E-05  1.87919335193771E-03
1.791E-05  1.92606272225731E-03
1.815E-05  1.97410033010492E-03
1.840E-05  2.02333526537467E-03
1.865E-05  2.07379734119315E-03
1.891E-05  2.12551711185670E-03
1.916E-05  2.17852589121170E-03
1.943E-05  2.23285577148879E-03
1.969E-05  2.28853964260257E-03
1.996E-05  2.34561121192759E-03
2.023E-05  2.40410502456292E-03
2.051E-05  2.46405648409671E-03
2.079E-05  2.52550187388369E-03
2.107E-05  2.58847837884734E-03
2.136E-05  2.65302410782008E-03
2.165E-05  2.71917811643537E-03
2.195E-05  2.78698043058342E-03
2.225E-05  2.85647207044592E-03
2.255E-05  2.92769507512357E-03
2.286E-05  3.00069252787076E-03
2.317E-05  3.07550858195216E-03
2.349E-05  3.15218848713611E-03
2.381E-05  3.23077861684183E-03
2.413E-05  3.31132649595500E-03
2.446E-05  3.39388082932805E-03
2.480E-05  3.47849153098340E-03
2.514E-05  3.56520975403419E-03
2.548E-05  3.65408792134334E-03
2.583E-05  3.74517975693628E-03
2.618E-05  3.83854031818639E-03
2.654E-05  3.93422602879378E-03
2.690E-05  4.03229471257320E-03
2.727E-05  4.13280562807453E-03
2.764E-05  4.23581950405413E-03
2.802E-05  4.34139857581791E-03
2.840E-05  4.44960662245751E-03
2.879E-05  4.56050900500187E-03
2.918E-05  4.67417270550608E-03
2.958E-05  4.79066636709981E-03
2.998E-05  4.91006033501954E-03
3.039E-05  5.03242669864789E-03
3.080E-05  5.15783933458500E-03
3.123E-05  5.28637395077645E-03
3.165E-05  5.41810813172404E-03
3.208E-05  5.55312138480513E-03
3.252E-05  5.69149518772810E-03
3.297E-05  5.83331303715060E-03
3.342E-05  5.97866049848968E-03
3.387E-05  6.12762525695209E-03
3.433E-05  6.28029716981457E-03
3.480E-05  6.43676831998476E-03
3.528E-05  6.59713307087225E-03
3.576E-05  6.76148812260368E-03
3.625E-05  6.92993256961295E-03
3.674E-05  7.10256795963971E-03
3.724E-05  7.27949835417106E-03
3.775E-05  7.46083039036012E-03
3.827E-05  7.64667334445902E-03
3.879E-05  7.83713919680002E-03
3.932E-05  8.03234269836467E-03
3.986E-05  8.23240143897932E-03
4.040E-05  8.43743591717289E-03
4.095E-05  8.64756961174036E-03
4.151E-05  8.86292905505279E-03
4.208E-05  9.08364390815371E-03
4.265E-05  9.30984703768676E-03
4.324E-05  9.54167459469740E-03
4.383E-05  9.77926609535413E-03
4.442E-05  1.00227645036364E-02
4.503E-05  1.02723163160354E-02
4.565E-05  1.05280716483141E-02
4.627E-05  1.07901843243791E-02
4.690E-05  1.10588119673141E-02
4.754E-05  1.13341160926246E-02
4.819E-05  1.16162622037500E-02
4.885E-05  1.19054198898932E-02
4.951E-05  1.22017629262278E-02
5.019E-05  1.25054693765370E-02
5.088E-05  1.28167216983393E-02
5.157E-05  1.31357068505671E-02
5.227E-05  1.34626164038552E-02
5.299E-05  1.37976466534993E-02
5.371E-05  1.41409987351501E-02
5.445E-05  1.44928787433117E-02
5.519E-05  1.48534978527041E-02
5.594E-05  1.52230724425612E-02
5.671E-05  1.56018242239350E-02
5.748E-05  1.59899803700763E-02
5.826E-05  1.63877736499642E-02
5.906E-05  1.67954425650574E-02
5.987E-05  1.72132314893477E-02
6.068E-05  1.76413908127914E-02
6.151E-05  1.80801770881962E-02
6.235E-05  1.85298531816484E-02
6.320E-05  1.89906884265649E-02
6.407E-05  1.94629587814482E-02
6.494E-05  1.99469469914408E-02
6.583E-05  2.04429427537634E-02
6.673E-05  2.09512428871278E-02
6.764E-05  2.14721515052144E-02
6.856E-05  2.20059801943245E-02
6.950E-05  2.25530481952866E-02
7.045E-05  2.31136825897212E-02
7.141E-05  2.36882184907804E-02
7.238E-05  2.42769992384456E-02
7.337E-05  2.48803765995018E-02
7.437E-05  2.54987109722982E-02
7.539E-05  2.61323715963992E-02
7.642E-05  2.67817367672463E-02
7.746E-05  2.74471940559473E-02
7.852E-05  2.81291405343012E-02
7.959E-05  2.88279830051964E-02
8.068E-05  2.95441382384991E-02
8.178E-05  3.02780332125492E-02
8.289E-05  3.10301053614079E-02
8.403E-05  3.18008028279900E-02
8.517E-05  3.25905847232026E-02
8.634E-05  3.33999213912346E-02
8.751E-05  3.42292946811498E-02
8.871E-05  3.50791982249120E-02
8.992E-05  3.59501377219960E-02
9.115E-05  3.68426312307432E-02
9.239E-05  3.77572094665985E-02
9.365E-05  3.86944161074010E-02
9.493E-05  3.96548081058871E-02
9.623E-05  4.06389560095614E-02
9.754E-05  4.16474442881096E-02
9.887E-05  4.26808716685285E-02
1.002E-04  4.37398514781431E-02
1.016E-04  4.48250119956799E-02
1.030E-04  4.59369968106007E-02
1.044E-04  4.70764651908672E-02
1.058E-04  4.82440924593257E-02
1.073E-04  4.94405703789127E-02
1.087E-04  5.06666075468833E-02
1.102E-04  5.19229297982491E-02
1.117E-04  5.32102806186440E-02
1.132E-04  5.45294215668336E-02
1.148E-04  5.58811327070585E-02
1.163E-04  5.72662130514665E-02
1.179E-04  5.86854810128273E-02
1.195E-04  6.01397748677663E-02
1.212E-04  6.16299532307680E-02
1.228E-04  6.31568955391525E-02
1.245E-04  6.47215025493061E-02
1.262E-04  6.63246968443836E-02
1.279E-04  6.79674233537387E-02
1.297E-04  6.96506498843628E-02
1.314E-04  7.13753676645651E-02
1.332E-04  7.31425919001811E-02
1.351E-04  7.49533623435638E-02
1.369E-04  7.68087438756567E-02
1.388E-04  7.87098271014244E-02
1.407E-04  8.06577289589141E-02
1.426E-04  8.26535933422643E-02
1.445E-04  8.46985917389446E-02
1.465E-04  8.67939238815504E-02
1.485E-04  8.89408184144428E-02
1.505E-04  9.11405335755536E-02
1.526E-04  9.33943578937003E-02
1.547E-04  9.57036109017176E-02
1.568E-04  9.80696438657438E-02
1.589E-04  1.00493840531007E-01
1.611E-04  1.02977617884466E-01
1.633E-04  1.05522426934651E-01
1.655E-04  1.08129753509052E-01
1.678E-04  1.10801119069446E-01
1.701E-04  1.13538081545526E-01
1.724E-04  1.16342236187199E-01
1.748E-04  1.19215216435946E-01
1.771E-04  1.22158694815666E-01
1.796E-04  1.25174383843343E-01
1.820E-04  1.28264036959989E-01
1.845E-04  1.31429449482259E-01
1.870E-04  1.34672459575188E-01
1.896E-04  1.37994949246394E-01
1.922E-04  1.41398845362288E-01
1.948E-04  1.44886120686645E-01
1.974E-04  1.48458794942039E-01
2.001E-04  1.52118935894570E-01
2.029E-04  1.55868660462322E-01
2.056E-04  1.59710135848097E-01
2.084E-04  1.63645580696816E-01
2.113E-04  1.67677266278110E-01
2.142E-04  1.71807517694592E-01
2.171E-04  1.76038715116311E-01
2.201E-04  1.80373295041857E-01
2.231E-04  1.84813751586669E-01
2.261E-04  1.89362637799060E-01
2.292E-04  1.94022567004450E-01
2.323E-04  1.98796214178386E-01
2.355E-04  2.03686317348826E-01
2.387E-04  2.08695679028333E-01
2.420E-04  2.13827167676609E-01
2.453E-04  2.19083719194039E-01
2.486E-04  2.24468338446741E-01
2.520E-04  2.29984100823711E-01
2.555E-04  2.35634153826675E-01
2.589E-04  2.41421718693197E-01
2.625E-04  2.47350092053635E-01
2.661E-04  2.53422647622579E-01
2.697E-04  2.59642837925348E-01
2.734E-04  2.66014196060141E-01
2.771E-04  2.72540337496527E-01
2.809E-04  2.79224961910786E-01
2.847E-04  2.86071855058824E-01
2.886E-04  2.93084890687300E-01
2.926E-04  3.00268032483466E-01
2.965E-04  3.07625336064537E-01
3.006E-04  3.15160951007142E-01
3.047E-04  3.22879122917480E-01
3.089E-04  3.30784195542925E-01
3.131E-04  3.38880612925663E-01
3.174E-04  3.47172921599039E-01
3.217E-04  3.55665772827292E-01
3.261E-04  3.64363924889309E-01
3.305E-04  3.73272245407128E-01
3.350E-04  3.82395713719757E-01
3.396E-04  3.91739423303082E-01
3.442E-04  4.01308584236479E-01
3.489E-04  4.11108525716727E-01
3.537E-04  4.21144698620086E-01
3.585E-04  4.31422678112997E-01
3.634E-04  4.41948166312142E-01
3.684E-04  4.52726994994626E-01
3.734E-04  4.63765128358749E-01
3.785E-04  4.75068665836131E-01
3.837E-04  4.86643844955880E-01
3.889E-04  4.98497044261314E-01
3.942E-04  5.10634786280011E-01
3.996E-04  5.23063740547671E-01
4.051E-04  5.35790726686505E-01
4.106E-04  5.48822717538800E-01
4.162E-04  5.62166842356080E-01
4.219E-04  5.75830390044638E-01
4.277E-04  5.89820812467853E-01
4.335E-04  6.04145727806051E-01
4.394E-04  6.18812923974162E-01
4.454E-04  6.33830362097976E-01
4.515E-04  6.49206180049413E-01
4.577E-04  6.64948696041092E-01
4.639E-04  6.81066412281031E-01
4.702E-04  6.97568018687637E-01
4.767E-04  7.14462396665499E-01
4.832E-04  7.31758622942345E-01
4.898E-04  7.49465973467613E-01
4.965E-04  7.67593927372854E-01
5.032E-04  7.86152170994300E-01
5.101E-04  8.05150601957910E-01
5.171E-04  8.24599333327078E-01
5.241E-04  8.44508697813172E-01
5.313E-04  8.64889252049174E-01
5.385E-04  8.85751780926323E-01
5.459E-04  9.07107301994051E-01
5.533E-04  9.28967069922993E-01
5.609E-04  9.51342581031238E-01
5.686E-04  9.74245577873661E-01
5.763E-04  9.97688053894078E-01
5.842E-04  1.02168225814017E+00
5.922E-04  1.04624070004084E+00
6.002E-04  1.07137615424559E+00
6.084E-04  1.09710166552569E+00
6.167E-04  1.12343055373654E+00
6.252E-04  1.15037641884057E+00
6.337E-04  1.17795314599021E+00
6.423E-04  1.20617491067030E+00
6.511E-04  1.23505618389882E+00
6.600E-04  1.26461173748515E+00
6.690E-04  1.29485664934510E+00
6.782E-04  1.32580630887140E+00
6.874E-04  1.35747642235826E+00
6.968E-04  1.38988301847913E+00
7.063E-04  1.42304245381594E+00
7.160E-04  1.45697141843830E+00
7.257E-04  1.49168694153102E+00
7.356E-04  1.52720639706817E+00
7.457E-04  1.56354750953171E+00
7.559E-04  1.60072835967254E+00
7.662E-04  1.63876739031191E+00
7.766E-04  1.67768341218068E+00
7.872E-04  1.71749560979390E+00
7.980E-04  1.75822354735783E+00
8.089E-04  1.79988717470704E+00
8.199E-04  1.84250683326815E+00
8.311E-04  1.88610326204650E+00
8.425E-04  1.93069760363344E+00
8.540E-04  1.97631141022960E+00
8.656E-04  2.02296664968074E+00
8.774E-04  2.07068571152218E+00
8.894E-04  2.11949141302698E+00
9.016E-04  2.16940700525401E+00
9.139E-04  2.22045617909096E+00
9.264E-04  2.27266307128697E+00
9.390E-04  2.32605227046980E+00
9.518E-04  2.38064882314221E+00
9.648E-04  2.43647823965140E+00
9.780E-04  2.49356650012571E+00
9.913E-04  2.55194006037179E+00
1.005E-03  2.61162585772621E+00
1.019E-03  2.67265131685366E+00
1.032E-03  2.73504435548496E+00
1.047E-03  2.79883339008738E+00
1.061E-03  2.86404734145861E+00
1.075E-03  2.93071564023657E+00
1.090E-03  2.99886823231585E+00
1.105E-03  3.06853558416239E+00
1.120E-03  3.13974868801620E+00
1.135E-03  3.21253906697241E+00
1.151E-03  3.28693877993051E+00
1.167E-03  3.36298042640109E+00
1.182E-03  3.44069715115856E+00
1.199E-03  3.52012264872864E+00
1.215E-03  3.60129116769832E+00
1.232E-03  3.68423751483574E+00
1.248E-03  3.76899705900712E+00
1.265E-03  3.85560573487720E+00
1.283E-03  3.94410004637913E+00
1.300E-03  4.03451706993915E+00
1.318E-03  4.12689445744136E+00
1.336E-03  4.22127043891652E+00
1.354E-03  4.31768382493903E+00
1.373E-03  4.41617400871545E+00
1.391E-03  4.51678096784684E+00
1.410E-03  4.61954526574742E+00
1.430E-03  4.72450805270105E+00
1.449E-03  4.83171106653582E+00
1.469E-03  4.94119663289816E+00
1.489E-03  5.05300766510518E+00
1.509E-03  5.16718766355418E+00
1.530E-03  5.28378071466828E+00
1.551E-03  5.40283148935588E+00
1.572E-03  5.52438524095998E+00
1.593E-03  5.64848780267465E+00
1.615E-03  5.77518558440393E+00
1.637E-03  5.90452556903806E+00
1.660E-03  6.03655530812122E+00
1.682E-03  6.17132291688431E+00
1.705E-03  6.30887706861563E+00
1.729E-03  6.44926698834154E+00
1.752E-03  6.59254244578803E+00
1.776E-03  6.73875374759414E+00
1.800E-03  6.88795172874767E+00
1.825E-03  7.04018774321045E+00
1.850E-03  7.19551365370382E+00
1.875E-03  7.35398182062066E+00
1.901E-03  7.51564509003080E+00
1.927E-03  7.68055678074626E+00
1.953E-03  7.84877067041293E+00
1.980E-03  8.02034098059104E+00
2.007E-03  8.19532236078994E+00
2.034E-03  8.37376987142244E+00
2.062E-03  8.55573896563632E+00
2.090E-03  8.74128546998996E+00
2.118E-03  8.93046556393195E+00
2.147E-03  9.12333575804355E+00
2.177E-03  9.31995287100716E+00
2.206E-03  9.52037400525757E+00
2.236E-03  9.72465652127767E+00
2.267E-03  9.93285801049465E+00
2.298E-03  1.01450362667363E+01
2.329E-03  1.03612492562052E+01
2.361E-03  1.05815550859257E+01
2.393E-03  1.08060119706233E+01
2.426E-03  1.10346781979919E+01
2.459E-03  1.12676120923036E+01
2.493E-03  1.15048719763202E+01
2.527E-03  1.17465161314593E+01
2.561E-03  1.19926027561722E+01
2.596E-03  1.22431899224903E+01
2.632E-03  1.24983355306934E+01
2.668E-03  1.27580972620581E+01
2.704E-03  1.30225325296424E+01
2.741E-03  1.32916984270613E+01
2.778E-03  1.35656516752122E+01
2.816E-03  1.38444485669079E+01
2.855E-03  1.41281449093727E+01
2.894E-03  1.44167959645638E+01
2.933E-03  1.47104563872757E+01
2.973E-03  1.50091801609894E+01
3.014E-03  1.53130205314266E+01
3.055E-03  1.56220299377748E+01
3.097E-03  1.59362599415461E+01
3.139E-03  1.62557611530352E+01
3.182E-03  1.65805831553459E+01
3.225E-03  1.69107744259570E+01
3.269E-03  1.72463822557961E+01
3.314E-03  1.75874526657976E+01
3.359E-03  1.79340303209229E+01
3.405E-03  1.82861584416196E+01
3.452E-03  1.86438787127032E+01
3.499E-03  1.90072311896475E+01
3.546E-03  1.93762542022697E+01
3.595E-03  1.97509842558068E+01
3.644E-03  2.01314559293763E+01
3.694E-03  2.05177017718211E+01
3.744E-03  2.09097521949473E+01
3.795E-03  2.13076353641600E+01
3.847E-03  2.17113770865126E+01
3.900E-03  2.21210006961915E+01
3.953E-03  2.25365269374584E+01
4.007E-03  2.29579738450822E+01
4.061E-03  2.33853566222981E+01
4.117E-03  2.38186875163375E+01
4.173E-03  2.42579756915789E+01
4.230E-03  2.47032271003777E+01
4.288E-03  2.51544443516411E+01
4.346E-03  2.56116265772192E+01
4.406E-03  2.60747692961966E+01
4.466E-03  2.65438642771743E+01
4.527E-03  2.70188993986378E+01
4.589E-03  2.74998585075268E+01
4.651E-03  2.79867212761179E+01
4.715E-03  2.84794630573558E+01
4.779E-03  2.89780547387679E+01
4.844E-03  2.94824625951152E+01
4.911E-03  2.99926481399423E+01
4.978E-03  3.05085679761986E+01
5.046E-03  3.10301736461178E+01
5.114E-03  3.15574114805575E+01
5.184E-03  3.20902224480062E+01
5.255E-03  3.26285420034870E+01
5.327E-03  3.31722999375974E+01
5.400E-03  3.37214202259381E+01
5.473E-03  3.42758208791984E+01
5.548E-03  3.48354137941852E+01
5.624E-03  3.54001046060915E+01
5.700E-03  3.59697925423186E+01
5.778E-03  3.65443702781882E+01
5.857E-03  3.71237237948833E+01
5.937E-03  3.77077322399884E+01
6.018E-03  3.82962677910060E+01
6.100E-03  3.88891955222485E+01
6.184E-03  3.94863732755195E+01
6.268E-03  4.00876515350164E+01
6.354E-03  4.06928733069065E+01
6.440E-03  4.13018740040416E+01
6.528E-03  4.19144813362975E+01
6.617E-03  4.25305152070406E+01
6.708E-03  4.31497876162418E+01
6.799E-03  4.37721025707790E+01
6.892E-03  4.43972560024762E+01
6.986E-03  4.50250356944596E+01
7.082E-03  4.56552212164144E+01
7.178E-03  4.62875838693499E+01
7.276E-03  4.69218866404925E+01
7.376E-03  4.75578841689478E+01
7.476E-03  4.81953227227774E+01
7.578E-03  4.88339401881599E+01
7.682E-03  4.94734660713155E+01
7.787E-03  5.01136215138827E+01
7.893E-03  5.07541193224526E+01
8.001E-03  5.13946640129725E+01
8.110E-03  5.20349518707412E+01
8.221E-03  5.26746710267262E+01
8.333E-03  5.33135015509388E+01
8.447E-03  5.39511155636055E+01
8.562E-03  5.45871773648859E+01
8.679E-03  5.52213435838733E+01
8.798E-03  5.58532633476271E+01
8.918E-03  5.64825784709798E+01
9.039E-03  5.71089236678462E+01
9.163E-03  5.77319267847705E+01
9.288E-03  5.83512090574252E+01
9.415E-03  5.89663853907635E+01
9.543E-03  5.95770646635182E+01
9.674E-03  6.01828500577122E+01
9.806E-03  6.07833394138289E+01
9.940E-03  6.13781256122614E+01
1.008E-02  6.19667969816342E+01
1.021E-02  6.25489377345535E+01
1.035E-02  6.31241284313085E+01
1.049E-02  6.36919464720043E+01
1.064E-02  6.42519666175594E+01
1.078E-02  6.48037615399543E+01
1.093E-02  6.53469024020643E+01
1.108E-02  6.58809594673437E+01
1.123E-02  6.64055027395759E+01
1.138E-02  6.69201026328252E+01
1.154E-02  6.74243306716594E+01
1.170E-02  6.79177602216300E+01
1.186E-02  6.83999672499123E+01
1.202E-02  6.88705311159241E+01
1.218E-02  6.93290353916369E+01
1.235E-02  6.97750687112029E+01
1.252E-02  7.02082256494109E+01
1.269E-02  7.06281076283721E+01
1.286E-02  7.10343238517203E+01
1.304E-02  7.14264922654942E+01
1.321E-02  7.18042405447320E+01
1.339E-02  7.21672071046831E+01
1.358E-02  7.25150421354008E+01
1.376E-02  7.28474086583377E+01
1.395E-02  7.31639836034126E+01
1.414E-02  7.34644589048709E+01
1.433E-02  7.37485426140993E+01
1.453E-02  7.40159600273940E+01
1.473E-02  7.42664548265152E+01
1.493E-02  7.44997902296959E+01
1.513E-02  7.47157501505927E+01
1.534E-02  7.49141403624997E+01
1.555E-02  7.50947896649635E+01
1.576E-02  7.52575510497592E+01
1.598E-02  7.54023028630124E+01
1.619E-02  7.55289499600640E+01
1.642E-02  7.56374248495009E+01
1.664E-02  7.57276888225936E+01
1.687E-02  7.57997330642052E+01
1.710E-02  7.58535797410636E+01
1.733E-02  7.58892830631146E+01
1.757E-02  7.59069303135097E+01
1.781E-02  7.59066428426217E+01
1.805E-02  7.58885770213263E+01
1.830E-02  7.58529251486421E+01
1.855E-02  7.57999163086838E+01
1.880E-02  7.57298171717573E+01
1.906E-02  7.56429327343074E+01
1.932E-02  7.55396069923273E+01
1.958E-02  7.54202235427507E+01
1.985E-02  7.52852061072724E+01
2.012E-02  7.51350189729849E+01
2.039E-02  7.49701673441826E+01
2.067E-02  7.47911975996650E+01
2.095E-02  7.45986974498705E+01
2.124E-02  7.43932959881999E+01
2.153E-02  7.41756636309348E+01
2.182E-02  7.39465119402288E+01
2.212E-02  7.37065933247550E+01
2.242E-02  7.34567006127152E+01
2.273E-02  7.31976664920802E+01
2.304E-02  7.29303628131172E+01
2.335E-02  7.26556997484809E+01
2.367E-02  7.23746248064027E+01
2.400E-02  7.20881216927953E+01
2.432E-02  7.17972090184226E+01
2.466E-02  7.15029388476368E+01
2.499E-02  7.12063950855866E+01
2.533E-02  7.09086917012359E+01
2.568E-02  7.06109707840022E+01
2.603E-02  7.03144004323384E+01
2.639E-02  7.00201724731290E+01
2.675E-02  6.97295000113641E+01
2.711E-02  6.94436148101763E+01
2.748E-02  6.91637645019935E+01
2.786E-02  6.88912096322637E+01
2.824E-02  6.86272205379384E+01
2.862E-02  6.83730740636850E+01
2.901E-02  6.81300501195929E+01
2.941E-02  6.78994280849880E+01
2.981E-02  6.76824830638272E+01
3.022E-02  6.74804819980485E+01
3.063E-02  6.72946796461697E+01
3.105E-02  6.71263144353687E+01
3.147E-02  6.69766041962456E+01
3.190E-02  6.68467417904383E+01
3.234E-02  6.67378906422569E+01
3.278E-02  6.66511801864917E+01
3.323E-02  6.65877012455568E+01
3.368E-02  6.65485013501212E+01
3.414E-02  6.65345800183741E+01
3.461E-02  6.65468840100490E+01
3.508E-02  6.65863025722901E+01
3.556E-02  6.66536626953840E+01
3.604E-02  6.67497243972848E+01
3.654E-02  6.68751760567340E+01
3.703E-02  6.70306298156019E+01
3.754E-02  6.72166170718590E+01
3.805E-02  6.74335840853048E+01
3.857E-02  6.76818877188416E+01
3.910E-02  6.79617913386654E+01
3.963E-02  6.82734608972571E+01
4.017E-02  6.86169612234760E+01
4.072E-02  6.89922525443891E+01
4.128E-02  6.93991872636963E+01
4.184E-02  6.98375070217320E+01
4.241E-02  7.03068400620267E+01
4.299E-02  7.08066989292965E+01
4.358E-02  7.13364785234773E+01
4.417E-02  7.18954545340421E+01
4.478E-02  7.24827822783093E+01
4.539E-02  7.30974959667838E+01
4.601E-02  7.37385084177382E+01
4.664E-02  7.44046112422680E+01
4.727E-02  7.50944755198991E+01
4.792E-02  7.58066529835236E+01
4.857E-02  7.65395777309545E+01
4.924E-02  7.72915684787445E+01
4.991E-02  7.80608313720908E+01
5.059E-02  7.88454633626577E+01
5.128E-02  7.96434561639844E+01
5.198E-02  8.04527007918157E+01
5.269E-02  8.12709926941912E+01
5.341E-02  8.20960374734748E+01
5.414E-02  8.29254571996855E+01
5.488E-02  8.37567973115254E+01
5.563E-02  8.45875340983924E+01
5.639E-02  8.54150827534228E+01
5.716E-02  8.62368059842445E+01
5.794E-02  8.70500231646463E+01
5.873E-02  8.78520200067939E+01
5.953E-02  8.86400587299720E+01
6.034E-02  8.94113886981044E+01
6.116E-02  9.01632574945345E+01
6.200E-02  9.08929223987503E+01
6.285E-02  9.15976622259206E+01
6.370E-02  9.22747894863129E+01
6.457E-02  9.29216628179033E+01
6.546E-02  9.35356996417734E+01
6.635E-02  9.41143889862815E+01
6.725E-02  9.46553044224788E+01
6.817E-02  9.51561170498768E+01
6.910E-02  9.56146084684693E+01
7.005E-02  9.60286836699152E+01
7.100E-02  9.63963837780072E+01
7.197E-02  9.67158985660440E+01
7.296E-02  9.69855786764947E+01
7.395E-02  9.72039474664452E+01
7.496E-02  9.73697124007671E+01
7.598E-02  9.74817759137881E+01
7.702E-02  9.75392456594969E+01
7.807E-02  9.75414440700162E+01
7.914E-02  9.74879171422555E+01
8.022E-02  9.73784423733385E+01
8.132E-02  9.72130357666114E+01
8.243E-02  9.69919578318124E+01
8.355E-02  9.67157185053295E+01
8.469E-02  9.63850809194231E+01
8.585E-02  9.60010639528581E+01
8.702E-02  9.55649434995798E+01
8.821E-02  9.50782523969114E+01
8.941E-02  9.45427789602257E+01
9.063E-02  9.39605640771789E+01
9.187E-02  9.33338968213634E+01
9.312E-02  9.26653085526478E+01
9.440E-02  9.19575654794963E+01
9.568E-02  9.12136596671920E+01
9.699E-02  9.04367984850801E+01
9.831E-02  8.96303924956885E+01
9.966E-02  8.87980417988122E+01
1.010E-01  8.79435208543280E+01
1.024E-01  8.70707618185801E+01
1.038E-01  8.61838364405760E+01
1.052E-01  8.52869365758968E+01
1.066E-01  8.43843533880657E+01
1.081E-01  8.34804553190642E+01
1.096E-01  8.25796649226270E+01
1.111E-01  8.16864346658139E+01
1.126E-01  8.08052218160145E+01
1.141E-01  7.99404625419171E+01
1.157E-01  7.90965453679252E+01
1.173E-01  7.82777841319426E+01
1.189E-01  7.74883906062395E+01
1.205E-01  7.67324469501500E+01
1.221E-01  7.60138781715149E+01
1.238E-01  7.53364247809604E+01
1.255E-01  7.47036158291767E+01
1.272E-01  7.41187425222308E+01
1.289E-01  7.35848326135048E+01
1.307E-01  7.31046257730034E+01
1.325E-01  7.26805501354357E+01
1.343E-01  7.23147002275677E+01
1.361E-01  7.20088164727918E+01
1.380E-01  7.17642664666249E+01
1.399E-01  7.15820282108640E+01
1.418E-01  7.14626754863906E+01
1.437E-01  7.14063655350921E+01
1.457E-01  7.14128292100628E+01
1.477E-01  7.14813637401850E+01
1.497E-01  7.16108282403954E+01
1.517E-01  7.17996420824705E+01
1.538E-01  7.20457862230885E+01
1.559E-01  7.23468075663347E+01
1.580E-01  7.26998264168163E+01
1.602E-01  7.31015470572778E+01
1.624E-01  7.35482714612043E+01
1.646E-01  7.40359161265367E+01
1.668E-01  7.45600319914827E+01
1.691E-01  7.51158273677047E+01
1.714E-01  7.56981938001064E+01
1.738E-01  7.63017347362723E+01
1.761E-01  7.69207968625741E+01
1.785E-01  7.75495039383065E+01
1.810E-01  7.81817929342106E+01
1.834E-01  7.88114522576551E+01
1.860E-01  7.94321618238299E+01
1.885E-01  8.00375347108371E+01
1.911E-01  8.06211601167802E+01
1.937E-01  8.11766473191079E+01
1.963E-01  8.16976703207845E+01
1.990E-01  8.21780128545494E+01
2.017E-01  8.26116134057842E+01
2.045E-01  8.29926099064891E+01
2.073E-01  8.33153837477269E+01
2.101E-01  8.35746027557358E+01
2.130E-01  8.37652627778199E+01
2.159E-01  8.38827275281618E+01
2.188E-01  8.39227663508751E+01
2.218E-01  8.38815895679334E+01
2.248E-01  8.37558810930201E+01
2.279E-01  8.35428280087826E+01
2.310E-01  8.32401468243449E+01
2.342E-01  8.28461061520977E+01
2.374E-01  8.23595455676091E+01
2.406E-01  8.17798904437877E+01
2.439E-01  8.11071625800006E+01
2.472E-01  8.03419864784649E+01
2.506E-01  7.94855911536770E+01
2.540E-01  7.85398073956448E+01
2.575E-01  7.75070604439945E+01
2.610E-01  7.63903580673481E+01
2.646E-01  7.51932740804243E+01
2.682E-01  7.39199273698066E+01
2.718E-01  7.25749565379407E+01
2.755E-01  7.11634903133620E+01
2.793E-01  6.96911139130874E+01
2.831E-01  6.81638315802221E+01
2.870E-01  6.65880255557970E+01
2.909E-01  6.49704117783414E+01
2.949E-01  6.33179926373743E+01
2.989E-01  6.16380071375424E+01
3.030E-01  5.99378788581963E+01
3.071E-01  5.82251621184700E+01
3.113E-01  5.65074867800734E+01
3.156E-01  5.47925021387134E+01
3.199E-01  5.30878203700340E+01
3.242E-01  5.14009600069030E+01
3.287E-01  4.97392899315391E+01
3.331E-01  4.81099743681095E+01
3.377E-01  4.65199193588594E+01
3.423E-01  4.49757211994002E+01
3.470E-01  4.34836172963832E+01
3.517E-01  4.20494398933950E+01
3.565E-01  4.06785730885467E+01
3.614E-01  3.93759135400085E+01
3.663E-01  3.81458352238591E+01
3.713E-01  3.69921585723368E+01
3.764E-01  3.59181242802800E+01
3.815E-01  3.49263720236531E+01
3.867E-01  3.40189242871133E+01
3.920E-01  3.31971754481562E+01
3.974E-01  3.24618862141274E+01
4.028E-01  3.18131834559670E+01
4.083E-01  3.12505654296350E+01
4.139E-01  3.07729123234018E+01
4.195E-01  3.03785020172069E+01
4.252E-01  3.00650308896472E+01
4.311E-01  2.98296394593755E+01
4.369E-01  2.96689426012067E+01
4.429E-01  2.95790640334367E+01
4.489E-01  2.95556747321295E+01
4.551E-01  2.95940348907367E+01
4.613E-01  2.96890390096911E+01
4.676E-01  2.98352636708761E+01
4.740E-01  3.00270175264280E+01
4.804E-01  3.02583930105163E+01
4.870E-01  3.05233192668803E+01
4.936E-01  3.08156157743062E+01
5.004E-01  3.11290461471797E+01
5.072E-01  3.14573715889730E+01
5.141E-01  3.17944034831800E+01
5.212E-01  3.21340546188611E+01
5.283E-01  3.24703885665609E+01
5.355E-01  3.27976667447668E+01
5.428E-01  3.31103927470191E+01
5.502E-01  3.34033535348799E+01
5.577E-01  3.36716571417386E+01
5.653E-01  3.39107665762906E+01
5.731E-01  3.41165296618070E+01
5.809E-01  3.42852045972984E+01
5.888E-01  3.44134810785753E+01
5.969E-01  3.44984968702323E+01
6.050E-01  3.45378497729157E+01
6.133E-01  3.45296049830686E+01
6.216E-01  3.44722978939267E+01
6.301E-01  3.43649324361192E+01
6.387E-01  3.42069751031497E+01
6.474E-01  3.39983448507027E+01
6.563E-01  3.37393990986082E+01
6.652E-01  3.34309160999893E+01
6.743E-01  3.30740739732661E+01
6.835E-01  3.26704267190542E+01
6.929E-01  3.22218775654271E+01
7.023E-01  3.17306500014476E+01
7.119E-01  3.11992568703312E+01
7.216E-01  3.06304679001954E+01
7.315E-01  3.00272760522297E+01
7.415E-01  2.93928630635316E+01
7.516E-01  2.87305645550708E+01
7.618E-01  2.80438350645872E+01
7.723E-01  2.73362133500509E+01
7.828E-01  2.66112882919920E+01
7.935E-01  2.58726657029182E+01
8.043E-01  2.51239363295879E+01
8.153E-01  2.43686453094673E+01
8.264E-01  2.36102633166618E+01
8.377E-01  2.28521596053457E+01
8.491E-01  2.20975771305645E+01
8.607E-01  2.13496098975938E+01
8.725E-01  2.06111826621231E+01
8.844E-01  1.98850330746817E+01
8.965E-01  1.91736963342267E+01
9.087E-01  1.84794923879142E+01
9.211E-01  1.78045156870244E+01
9.337E-01  1.71506274830303E+01
9.464E-01  1.65194506230911E+01
9.594E-01  1.59123667810124E+01
9.725E-01  1.53305160381185E+01
9.857E-01  1.47747987086853E+01
9.992E-01  1.42458792867325E+01
1.013E+00  1.37441923751858E+01
1.027E+00  1.32699504448050E+01
1.041E+00  1.28231532588964E+01
1.055E+00  1.24035987907486E+01
1.069E+00  1.20108954539616E+01
1.084E+00  1.16444754613740E+01
1.099E+00  1.13036091260769E+01
1.114E+00  1.09874199179721E+01
1.129E+00  1.06949000913553E+01
1.144E+00  1.04249267029631E+01
1.160E+00  1.01762778456311E+01
1.176E+00  9.94764892999220E+00
1.192E+00  9.73766885530786E+00
1.208E+00  9.54491592034420E+00
1.225E+00  9.36793333600039E+00
1.241E+00  9.20524421294937E+00
1.258E+00  9.05536590968546E+00
1.275E+00  8.91682363891218E+00
1.293E+00  8.78816324299232E+00
1.310E+00  8.66796306208054E+00
1.328E+00  8.55484483144471E+00
1.347E+00  8.44748355724492E+00
1.365E+00  8.34461633258201E+00
1.384E+00  8.24505006786196E+00
1.402E+00  8.14766812136616E+00
1.422E+00  8.05143582729531E+00
1.441E+00  7.95540492939230E+00
1.461E+00  7.85871693847946E+00
1.481E+00  7.76060544180082E+00
1.501E+00  7.66039740088087E+00
1.521E+00  7.55751348264075E+00
1.542E+00  7.45146747570251E+00
1.563E+00  7.34186485012028E+00
1.584E+00  7.22840052417299E+00
1.606E+00  7.11085590631478E+00
1.628E+00  6.98909528389689E+00
1.650E+00  6.86306163285051E+00
1.673E+00  6.73277192416703E+00
1.696E+00  6.59831200375685E+00
1.719E+00  6.45983112214529E+00
1.742E+00  6.31753618952272E+00
1.766E+00  6.17168582995932E+00
1.790E+00  6.02258430618839E+00
1.815E+00  5.87057538332321E+00
1.839E+00  5.71603619627714E+00
1.864E+00  5.55937118158067E+00
1.890E+00  5.40100612981177E+00
1.916E+00  5.24138241005608E+00
1.942E+00  5.08095141276820E+00
1.968E+00  4.92016925218975E+00
1.995E+00  4.75949176416581E+00
2.022E+00  4.59936982985567E+00
2.050E+00  4.44024505051891E+00
2.078E+00  4.28254579333088E+00
2.106E+00  4.12668362309335E+00
2.135E+00  3.97305012980256E+00
2.164E+00  3.82201415735647E+00
2.194E+00  3.67391943426140E+00
2.224E+00  3.52908260306150E+00
2.254E+00  3.38779164138808E+00
2.285E+00  3.25030466402604E+00
2.316E+00  3.11684909223643E+00
2.348E+00  2.98762117376657E+00
2.380E+00  2.86278583452792E+00
2.412E+00  2.74247684082876E+00
2.445E+00  2.62679724931359E+00
2.479E+00  2.51582012037837E+00
2.513E+00  2.40958946979467E+00
2.547E+00  2.30812143257603E+00
2.582E+00  2.21140561274433E+00
2.617E+00  2.11940659258812E+00
2.653E+00  2.03206557523188E+00
2.689E+00  1.94930213483497E+00
2.725E+00  1.87101604949093E+00
2.763E+00  1.79708919287778E+00
2.800E+00  1.72738746189208E+00
2.839E+00  1.66176271885739E+00
2.877E+00  1.60005472840231E+00
2.917E+00  1.54209307072456E+00
2.956E+00  1.48769901466682E+00
2.997E+00  1.43668733579577E+00
3.038E+00  1.38886806646963E+00
3.079E+00  1.34404816667327E+00
3.121E+00  1.30203310616692E+00
3.164E+00  1.26262835021149E+00
3.207E+00  1.22564074277931E+00
3.251E+00  1.19087978271613E+00
3.295E+00  1.15815878977494E+00
3.340E+00  1.12729595878316E+00
3.386E+00  1.09811530142709E+00
3.432E+00  1.07044747623530E+00
3.479E+00  1.04413050831854E+00
3.526E+00  1.01901040127704E+00
3.575E+00  9.94941644424330E-01
3.623E+00  9.71787619103464E-01
3.673E+00  9.49420908396300E-01
3.723E+00  9.27723514956227E-01
3.774E+00  9.06586992038242E-01
3.825E+00  8.85912493066177E-01
3.878E+00  8.65610745273026E-01
3.930E+00  8.45601953084670E-01
3.984E+00  8.25815636996639E-01
4.039E+00  8.06190413724509E-01
4.094E+00  7.86673723396727E-01
4.150E+00  7.67221509509060E-01
4.206E+00  7.47797857277133E-01
4.264E+00  7.28374595911308E-01
4.322E+00  7.08930870200112E-01
4.381E+00  6.89452686627428E-01
4.441E+00  6.69932439067563E-01
4.501E+00  6.50368418903441E-01
4.563E+00  6.30764314198901E-01
4.625E+00  6.11128702328401E-01
4.688E+00  5.91474540228387E-01
4.752E+00  5.71818656185883E-01
4.817E+00  5.52181246823464E-01
4.883E+00  5.32585382677122E-01
4.950E+00  5.13056525496406E-01
5.017E+00  4.93622060126015E-01
5.086E+00  4.74310843556215E-01
5.155E+00  4.55152773457410E-01
5.225E+00  4.36178378243187E-01
5.297E+00  4.17418430437331E-01
5.369E+00  3.98903584854893E-01
5.442E+00  3.80664042846323E-01
5.517E+00  3.62729243598062E-01
5.592E+00  3.45127583233474E-01
5.668E+00  3.27886162216024E-01
5.746E+00  3.11030561322208E-01
5.824E+00  2.94584646226443E-01
5.904E+00  2.78570400524224E-01
5.984E+00  2.63007786814372E-01
6.066E+00  2.47914635266654E-01
6.149E+00  2.33306558918406E-01
6.233E+00  2.19196894773523E-01
6.318E+00  2.05596669620195E-01
6.404E+00  1.92514589340579E-01
6.491E+00  1.79957050357034E-01
6.580E+00  1.67928171746033E-01
6.670E+00  1.56429846453149E-01
6.761E+00  1.45461809960927E-01
6.853E+00  1.35021724696534E-01
6.947E+00  1.25105278418003E-01
7.042E+00  1.15706294786897E-01
7.138E+00  1.06816854321343E-01
7.235E+00  9.84274239264582E-02
7.334E+00  9.05269932189364E-02
7.434E+00  8.31032158984990E-02
7.536E+00  7.61425544703852E-02
7.639E+00  6.96304266891810E-02
7.743E+00  6.35513521740707E-02
7.849E+00  5.78890977378046E-02
7.956E+00  5.26268200749507E-02
8.064E+00  4.77472045678293E-02
8.174E+00  4.32325990892927E-02
8.286E+00  3.90651418084539E-02
8.399E+00  3.52268821368326E-02
8.514E+00  3.16998940863391E-02
8.630E+00  2.84663814452289E-02
8.748E+00  2.55087743118553E-02
8.867E+00  2.28098166569842E-02
8.988E+00  2.03526447120058E-02
9.111E+00  1.81208561010660E-02
9.235E+00  1.60985697486069E-02
9.362E+00  1.42704766988648E-02
9.489E+00  1.26218820795434E-02
9.619E+00  1.11387385273783E-02
9.750E+00  9.80767146804324E-03
9.883E+00  8.61599670647293E-03
1.002E+01  7.55173083602994E-03
1.016E+01  6.60359501606500E-03
1.029E+01  5.76101269755362E-03
1.043E+01  5.01410189603712E-03
1.058E+01  4.35366262062435E-03
1.072E+01  3.77116006801103E-03
1.087E+01  3.25870418215916E-03
1.102E+01  2.80902616433658E-03
1.117E+01  2.41545249560679E-03
1.132E+01  2.07187700556295E-03
1.147E+01  1.77273148813142E-03
1.163E+01  1.51295532862081E-03
1.179E+01  1.28796456683256E-03
1.195E+01  1.09362077990091E-03
1.211E+01  9.26200126457616E-04
1.228E+01  7.82362851511304E-04
1.245E+01  6.59123509801053E-04
1.262E+01  5.53822124952886E-04
1.279E+01  4.64096463062451E-04
1.296E+01  3.87855562788281E-04
1.314E+01  3.23254630011568E-04
1.332E+01  2.68671373857670E-04
1.350E+01  2.22683832555658E-04
1.368E+01  1.84049712331318E-04
1.387E+01  1.51687240313314E-04
1.406E+01  1.24657513246470E-04
1.425E+01  1.02148307562988E-04
1.445E+01  8.34593029290286E-05
1.464E+01  6.79886605936010E-05
1.484E+01  5.52208895240347E-05
1.505E+01  4.47159272033358E-05
1.525E+01  3.60993578636832E-05
1.546E+01  2.90536886057626E-05
1.567E+01  2.33106030743667E-05
1.589E+01  1.86441129011773E-05
1.610E+01  1.48645287692423E-05
1.632E+01  1.18131754964253E-05
1.655E+01  9.35777878804714E-06
1.677E+01  7.38845509979076E-06
1.700E+01  5.81424022601129E-06
1.723E+01  4.56009664958587E-06
1.747E+01  3.56434423898507E-06
1.771E+01  2.77646345572828E-06
1.795E+01  2.15522475693386E-06
1.819E+01  1.66710227527208E-06
1.844E+01  1.28493407865342E-06
1.869E+01  9.86795313906619E-07
1.895E+01  7.55054293625842E-07
1.921E+01  5.75585075157181E-07
1.947E+01  4.37117072419946E-07
1.974E+01  3.30717397773349E-07
2.000E+01  2.49270567572154E-07
2.028E+01  1.87162565057442E-07
2.055E+01  1.39984530208558E-07
2.084E+01  1.04287659352125E-07
2.112E+01  7.73848732176899E-08
2.141E+01  5.71909982739894E-08
2.170E+01  4.20945240335481E-08
2.200E+01  3.08551343937584E-08
2.230E+01  2.25221836998047E-08
2.260E+01  1.63701169420921E-08
2.291E+01  1.18475358518487E-08
2.322E+01  8.53720474306742E-09
2.354E+01  6.12478643783754E-09
2.386E+01  4.37451274335143E-09
2.419E+01  3.11033756390900E-09
2.452E+01  2.20140433542369E-09
2.485E+01  1.55089230980146E-09
2.519E+01  1.08749636913285E-09
2.554E+01  7.58949518491774E-10
2.588E+01  5.27122020766603E-10
2.624E+01  3.64331452008072E-10
2.660E+01  2.50578147865058E-10
2.696E+01  1.71484271758184E-10
2.733E+01  1.16765155579203E-10
2.770E+01  7.91012172197329E-11
2.808E+01  5.33097737736435E-11
2.846E+01  3.57401925953393E-11
2.885E+01  2.38344810054456E-11
2.924E+01  1.58097660804002E-11
2.964E+01  1.04300906829702E-11
3.005E+01  6.84329684911996E-12
3.046E+01  4.46507637105016E-12
3.087E+01  2.89700999391562E-12
3.130E+01  1.86895942810300E-12
3.172E+01  1.19880775575185E-12
3.216E+01  7.64486543468004E-13
3.259E+01  4.84653613214299E-13
3.304E+01  3.05425217556912E-13
3.349E+01  1.91320066979279E-13
3.395E+01  1.19115581116133E-13
3.441E+01  7.37053685373681E-14
3.488E+01  4.53233616933485E-14
3.536E+01  2.76953823481339E-14
3.584E+01  1.68160720310123E-14
3.633E+01  1.01447945098330E-14
3.683E+01  6.08041027888371E-15
3.733E+01  3.62045167751753E-15
3.784E+01  2.14142093660618E-15
3.835E+01  1.25811342511090E-15
3.888E+01  7.34150193091551E-16
3.941E+01  4.25467277150513E-16
3.995E+01  2.44868056615764E-16
4.049E+01  1.39943023704727E-16
4.104E+01  7.94130276263968E-17
4.161E+01  4.47426453535231E-17
4.217E+01  2.50269975312995E-17
4.275E+01  1.38969839675347E-17
4.333E+01  7.65992126234952E-18
4.392E+01  4.19070320919929E-18
4.452E+01  2.27548987392723E-18
4.513E+01  1.22618073700960E-18
4.575E+01  6.55679255308010E-19
4.637E+01  3.47897423787443E-19
4.701E+01  1.83146660948039E-19
4.765E+01  9.56533271064134E-20
4.830E+01  4.95587550886325E-20
4.896E+01  2.54699402644820E-20
4.963E+01  1.29836139065807E-20
5.030E+01  6.56458286233160E-21
5.099E+01  3.29207400923886E-21
5.169E+01  1.63771902282114E-21
5.239E+01  8.08495245844563E-22
5.311E+01  3.96429541371966E-22
5.383E+01  1.93444494647015E-22
5.457E+01  9.43392785126985E-23
5.531E+01  4.63973561981089E-23
5.607E+01  0.00000000000000E+00
5.683E+01  0.00000000000000E+00
5.761E+01  0.00000000000000E+00
5.839E+01  0.00000000000000E+00
5.919E+01  0.00000000000000E+00
6.000E+01  0.00000000000000E+00
