line2: Z,NR,R(1),R(NR) /line3,4,...: R(N),RHO*4*PI*R(N)**2
36.00  2000  1.01365245284744E-10  6.00000000000000E+01
 1.014E-10  1.59212241181340E-14
 1.027E-10  1.63433437201231E-14
 1.042E-10  1.67766549840651E-14
 1.056E-10  1.78649804223170E-14
 1.070E-10  1.83386348579458E-14
 1.085E-10  1.88248472991820E-14
 1.100E-10  1.93239506965386E-14
 1.115E-10  1.98362868281028E-14
 1.130E-10  2.03622065335040E-14
 1.145E-10  2.09020699541936E-14
 1.161E-10  2.14562467800565E-14
 1.177E-10  2.20251165025701E-14
 1.193E-10  2.26090686746737E-14
 1.209E-10  2.32085031775262E-14
 1.226E-10  2.38238304943425E-14
 1.242E-10  2.44554719914843E-14
 1.259E-10  2.51038602070019E-14
 1.276E-10  2.57694391468345E-14
 1.294E-10  2.64526645888532E-14
 1.312E-10  2.71540043949741E-14
 1.329E-10  2.78739388315423E-14
 1.348E-10  2.86129608982088E-14
 1.366E-10  2.93715766655320E-14
 1.385E-10  3.01503056215223E-14
 1.404E-10  3.09496810273819E-14
 1.423E-10  3.17702502826754E-14
 1.442E-10  3.26125753001783E-14
 1.462E-10  3.34772328906610E-14
 1.482E-10  3.43648151578896E-14
 1.502E-10  3.52759299040842E-14
 1.523E-10  3.62112010461262E-14
 1.543E-10  3.71712690428206E-14
 1.564E-10  3.81567913334588E-14
 1.586E-10  3.91684427880266E-14
 1.607E-10  4.02069161693495E-14
 1.629E-10  4.12729226074788E-14
 1.652E-10  4.23671920866628E-14
 1.674E-10  4.34904739452365E-14
 1.697E-10  4.46435373887472E-14
 1.720E-10  4.58271720166935E-14
 1.744E-10  4.70421883632420E-14
 1.767E-10  4.82894184522568E-14
 1.792E-10  4.95697163670592E-14
 1.816E-10  5.08839588352931E-14
 1.841E-10  5.22330458292913E-14
 1.866E-10  5.36179011823632E-14
 1.891E-10  5.50394732214227E-14
 1.917E-10  5.64987354163848E-14
 1.943E-10  5.79966870467788E-14
 1.970E-10  5.95343538860498E-14
 1.997E-10  6.11127889039857E-14
 2.024E-10  6.27330729877682E-14
 2.052E-10  6.43963156821576E-14
 2.080E-10  6.61036559492858E-14
 2.108E-10  6.78562629485998E-14
 2.137E-10  6.96553368374836E-14
 2.166E-10  7.15021095931093E-14
 2.196E-10  7.33978458560706E-14
 2.226E-10  7.53438437963924E-14
 2.256E-10  7.73414360024995E-14
 2.287E-10  7.93919903937448E-14
 2.318E-10  8.14969111571393E-14
 2.350E-10  8.36576397089219E-14
 2.382E-10  8.58756556816229E-14
 2.414E-10  8.81524779372763E-14
 2.447E-10  9.04896656075250E-14
 2.481E-10  9.28888191612889E-14
 2.515E-10  9.53515815007387E-14
 2.549E-10  9.78796390863247E-14
 2.584E-10  1.00474723091639E-13
 2.619E-10  1.03138610588906E-13
 2.655E-10  1.05873125765881E-13
 2.691E-10  1.08680141175028E-13
 2.728E-10  1.11561579015819E-13
 2.765E-10  1.14519412451020E-13
 2.803E-10  1.17555666957879E-13
 2.841E-10  1.20672421715148E-13
 2.880E-10  1.23871811026868E-13
 2.919E-10  1.27156025783903E-13
 2.959E-10  1.30527314964237E-13
 2.999E-10  1.33987987173024E-13
 3.040E-10  1.37540412223494E-13
 3.082E-10  1.41187022759765E-13
 3.124E-10  1.44930315922668E-13
 3.166E-10  1.48772855059757E-13
 3.210E-10  1.52717271480653E-13
 3.253E-10  1.56766266258913E-13
 3.298E-10  1.60922612081685E-13
 3.343E-10  1.65189155148403E-13
 3.389E-10  1.69568817119818E-13
 3.435E-10  1.74064597118695E-13
 3.482E-10  1.78679573783589E-13
 3.529E-10  1.83416907377020E-13
 3.577E-10  1.88279841949584E-13
 3.626E-10  1.93271707561425E-13
 3.676E-10  1.98395922562599E-13
 3.726E-10  2.03655995933942E-13
 3.777E-10  2.09055529689906E-13
 3.828E-10  2.14598221345193E-13
 3.881E-10  2.20287866446758E-13
 3.934E-10  2.26128361172935E-13
 3.987E-10  2.32123705001475E-13
 4.042E-10  2.38278003448316E-13
 4.097E-10  2.44595470878991E-13
 4.153E-10  2.51080433394553E-13
 4.210E-10  2.57737331794008E-13
 4.267E-10  2.64570724615314E-13
 4.325E-10  2.71585291257001E-13
 4.384E-10  2.78785835182525E-13
 4.444E-10  2.86177287209633E-13
 4.505E-10  2.93764708886894E-13
 4.566E-10  3.01553295959763E-13
 4.629E-10  3.09548381928543E-13
 4.692E-10  3.17755441700685E-13
 4.756E-10  3.26180095339912E-13
 4.821E-10  3.34828111914760E-13
 4.887E-10  3.43705413449165E-13
 4.953E-10  3.52818078977704E-13
 5.021E-10  3.62172348708464E-13
 5.090E-10  3.71774628296260E-13
 5.159E-10  3.81631493229062E-13
 5.230E-10  3.91749693330846E-13
 5.301E-10  4.02136157383737E-13
 5.373E-10  4.12797997872701E-13
 5.447E-10  4.23742515856125E-13
 5.521E-10  4.34977205965416E-13
 5.596E-10  4.46509761537216E-13
 5.673E-10  4.58348079881664E-13
 5.750E-10  4.70500267690402E-13
 5.829E-10  4.82974646587832E-13
 5.908E-10  4.95779758829645E-13
 5.989E-10  5.08924373152498E-13
 6.071E-10  5.22417490778624E-13
 6.154E-10  5.36268351579730E-13
 6.238E-10  5.50486440404333E-13
 6.323E-10  5.65081493572880E-13
 6.409E-10  5.80063505544918E-13
 6.497E-10  5.95442735763214E-13
 6.585E-10  6.11229715679269E-13
 6.675E-10  6.27435255965006E-13
 6.766E-10  6.44070453915831E-13
 6.859E-10  6.61146701049861E-13
 6.952E-10  6.78675690908590E-13
 7.047E-10  6.96669427064546E-13
 7.144E-10  7.15140231341042E-13
 7.241E-10  7.34100752250011E-13
 7.340E-10  7.53563973653566E-13
 7.440E-10  7.73543223655008E-13
 7.542E-10  7.94052183725754E-13
 7.645E-10  8.15104898074224E-13
 7.749E-10  8.36715783263142E-13
 7.855E-10  8.58899638081560E-13
 7.962E-10  8.81671653679030E-13
 8.071E-10  9.05047423968191E-13
 8.181E-10  9.29042956303182E-13
 8.293E-10  9.53674682441365E-13
 8.406E-10  9.78959469795318E-13
 8.521E-10  1.00491463298358E-12
 8.637E-10  1.03155794568722E-12
 8.755E-10  1.05890765282111E-12
 8.874E-10  1.08698248302780E-12
 8.996E-10  1.11580166150240E-12
 9.118E-10  1.14538492315781E-12
 9.243E-10  1.17575252613884E-12
 9.369E-10  1.20692526569470E-12
 9.497E-10  1.23892448841926E-12
 9.627E-10  1.27177210686871E-12
 9.758E-10  1.30549061456702E-12
 9.891E-10  1.34010310140936E-12
 1.003E-09  1.37563326947321E-12
 1.016E-09  1.41210544924956E-12
 1.030E-09  1.44954461630394E-12
 1.044E-09  1.48797640837918E-12
 1.059E-09  1.52742714295189E-12
 1.073E-09  1.56792383525410E-12
 1.088E-09  1.60949421677285E-12
 1.102E-09  1.65216675424045E-12
 1.118E-09  1.69597066912782E-12
 1.133E-09  1.74093595765494E-12
 1.148E-09  1.78709341133187E-12
 1.164E-09  1.83447463804432E-12
 1.180E-09  1.88311208369787E-12
 1.196E-09  1.93303905443679E-12
 1.212E-09  1.98428973945154E-12
 1.229E-09  2.03689923439060E-12
 1.246E-09  2.09090356539375E-12
 1.263E-09  2.14633971376210E-12
 1.280E-09  2.20324564128226E-12
 1.297E-09  2.26166031622200E-12
 1.315E-09  2.32162374001509E-12
 1.333E-09  2.38317697465347E-12
 1.351E-09  2.44636217080602E-12
 1.370E-09  2.51122259668269E-12
 1.388E-09  2.57780266766378E-12
 1.407E-09  2.64614797671485E-12
 1.426E-09  2.71630532560794E-12
 1.446E-09  2.78832275697094E-12
 1.466E-09  2.86224958718623E-12
 1.486E-09  2.93813644016189E-12
 1.506E-09  3.01603528199782E-12
 1.527E-09  3.09599945657144E-12
 1.547E-09  3.17808372206711E-12
 1.568E-09  3.26234428847288E-12
 1.590E-09  3.34883885607260E-12
 1.612E-09  3.43762665495855E-12
 1.634E-09  3.52876848559036E-12
 1.656E-09  3.62232676043072E-12
 1.679E-09  3.71836554668435E-12
 1.701E-09  3.81695061017011E-12
 1.725E-09  3.91814946035667E-12
 1.748E-09  4.02203139659131E-12
 1.772E-09  4.12866755555550E-12
 1.796E-09  4.23813095997796E-12
 1.821E-09  4.35049656863914E-12
 1.846E-09  4.46584132770242E-12
 1.871E-09  4.58424422340519E-12
 1.896E-09  4.70578633614692E-12
 1.922E-09  4.83055089601281E-12
 1.949E-09  4.95862333976745E-12
 1.975E-09  5.09009136936053E-12
 2.002E-09  5.22504501198434E-12
 2.029E-09  5.36357668172258E-12
 2.057E-09  5.50578124283359E-12
 2.085E-09  5.65175607471268E-12
 2.114E-09  5.80160113857547E-12
 2.143E-09  5.95541904590917E-12
 2.172E-09  6.11331512874052E-12
 2.201E-09  6.27539751176428E-12
 2.232E-09  6.44177718638631E-12
 2.262E-09  6.61256808672746E-12
 2.293E-09  6.78788716764441E-12
 2.324E-09  6.96785448481874E-12
 2.356E-09  7.15259327696864E-12
 2.388E-09  7.34223005024070E-12
 2.421E-09  7.53689466483956E-12
 2.454E-09  7.73672042395419E-12
 2.487E-09  7.94184416504099E-12
 2.521E-09  8.15240635352857E-12
 2.556E-09  8.36855117900603E-12
 2.590E-09  8.59042665396110E-12
 2.626E-09  8.81818471513722E-12
 2.662E-09  9.05198132757713E-12
 2.698E-09  9.29197659142494E-12
 2.735E-09  9.53833485156044E-12
 2.772E-09  9.79122481014001E-12
 2.810E-09  1.00508196421200E-11
 2.848E-09  1.03172971138451E-11
 2.887E-09  1.05908397047799E-11
 2.927E-09  1.08716347324662E-11
 2.967E-09  1.11598744807971E-11
 3.007E-09  1.14557563316884E-11
 3.048E-09  1.17594829002432E-11
 3.090E-09  1.20712621734988E-11
 3.132E-09  1.23913076528536E-11
 3.175E-09  1.27198385002683E-11
 3.218E-09  1.30570796883448E-11
 3.262E-09  1.34032621543841E-11
 3.307E-09  1.37586229585274E-11
 3.352E-09  1.41234054460922E-11
 3.398E-09  1.44978594142104E-11
 3.444E-09  1.48822412828847E-11
 3.491E-09  1.52768142705819E-11
 3.539E-09  1.56818485744798E-11
 3.587E-09  1.60976215554939E-11
 3.636E-09  1.65244179282087E-11
 3.685E-09  1.69625299558474E-11
 3.736E-09  1.74122576504076E-11
 3.787E-09  1.78739089781037E-11
 3.838E-09  1.83478000702592E-11
 3.891E-09  1.88342554397865E-11
 3.944E-09  1.93336082034078E-11
 3.998E-09  1.98462003097694E-11
 4.052E-09  2.03723827736001E-11
 4.108E-09  2.09125159160823E-11
 4.164E-09  2.14669696115929E-11
 4.221E-09  2.20361235409871E-11
 4.278E-09  2.26203674515974E-11
 4.337E-09  2.32201014241266E-11
 4.396E-09  2.38357361466159E-11
 4.456E-09  2.44676931956761E-11
 4.517E-09  2.51164053251792E-11
 4.578E-09  2.57823167625972E-11
 4.641E-09  2.64658835132028E-11
 4.704E-09  2.71675736723362E-11
 4.769E-09  2.78878677459482E-11
 4.834E-09  2.86272589796387E-11
 4.900E-09  2.93862536964276E-11
 4.967E-09  3.01653716434753E-11
 5.034E-09  3.09651463479931E-11
 5.103E-09  3.17861254825978E-11
 5.173E-09  3.26288712403476E-11
 5.243E-09  3.34939607197218E-11
 5.315E-09  3.43819863198072E-11
 5.388E-09  3.52935561459647E-11
 5.461E-09  3.62292944262476E-11
 5.536E-09  3.71898419388626E-11
 5.611E-09  3.81758564509659E-11
 5.688E-09  3.91880131690889E-11
 5.765E-09  4.02270052015089E-11
 5.844E-09  4.12935440328769E-11
 5.924E-09  4.23883600114286E-11
 6.005E-09  4.35122028491177E-11
 6.087E-09  4.46658421350058E-11
 6.170E-09  4.58500678622615E-11
 6.254E-09  4.70656909691315E-11
 6.340E-09  4.83135438942630E-11
 6.426E-09  4.95944811467442E-11
 6.514E-09  5.09093798912465E-11
 6.603E-09  5.22591405487020E-11
 6.693E-09  5.36446874128952E-11
 6.784E-09  5.50669692834003E-11
 6.877E-09  5.65269601153021E-11
 6.971E-09  5.80256596861443E-11
 7.066E-09  5.95640942805652E-11
 7.162E-09  6.11433173930680E-11
 7.260E-09  6.27644104494462E-11
 7.359E-09  6.44284835473233E-11
 7.460E-09  6.61366762163164E-11
 7.562E-09  6.78901581983854E-11
 7.665E-09  6.96901302488404E-11
 7.770E-09  7.15378249585940E-11
 7.876E-09  7.34345075982289E-11
 7.983E-09  7.53814769844241E-11
 8.092E-09  7.73800663693696E-11
 8.203E-09  7.94316443537385E-11
 8.315E-09  8.15376158238995E-11
 8.428E-09  8.36994229139500E-11
 8.543E-09  8.59185459932609E-11
 8.660E-09  8.81965046802090E-11
 8.778E-09  9.05348588827872E-11
 8.898E-09  9.29352098668046E-11
 9.019E-09  9.53992013523919E-11
 9.142E-09  9.79285206396063E-11
 9.267E-09  1.00524899763853E-10
 9.394E-09  1.03190116681960E-10
 9.522E-09  1.05925996489690E-10
 9.652E-09  1.08734412671524E-10
 9.784E-09  1.11617288383605E-10
 9.917E-09  1.14576597770668E-10
 1.005E-08  1.17614367317905E-10
 1.019E-08  1.20732677238659E-10
 1.033E-08  1.23933662898925E-10
 1.047E-08  1.27219516279606E-10
 1.061E-08  1.30592487477536E-10
 1.076E-08  1.34054886246311E-10
 1.090E-08  1.37609083577981E-10
 1.105E-08  1.41257513326625E-10
 1.120E-08  1.45002673875037E-10
 1.136E-08  1.48847129845582E-10
 1.151E-08  1.52793513856363E-10
 1.167E-08  1.56844528324033E-10
 1.183E-08  1.61002947314330E-10
 1.199E-08  1.65271618441720E-10
 1.215E-08  1.69653464819380E-10
 1.232E-08  1.74151487060911E-10
 1.249E-08  1.78768765335085E-10
 1.266E-08  1.83508461475085E-10
 1.283E-08  1.88373821143685E-10
 1.301E-08  1.93368176055809E-10
 1.318E-08  1.98494946260017E-10
 1.336E-08  2.03757642480510E-10
 1.355E-08  2.09159868521220E-10
 1.373E-08  2.14705323733567E-10
 1.392E-08  2.20397805549758E-10
 1.411E-08  2.26241212083204E-10
 1.430E-08  2.32239544797819E-10
 1.450E-08  2.38396911248194E-10
 1.470E-08  2.44717527892372E-10
 1.490E-08  2.51205722979162E-10
 1.510E-08  2.57865939512068E-10
 1.531E-08  2.64702738291778E-10
 1.551E-08  2.71720801039278E-10
 1.573E-08  2.78924933601835E-10
 1.594E-08  2.86320069243966E-10
 1.616E-08  2.93911272025590E-10
 1.638E-08  3.01703740269809E-10
 1.660E-08  3.09702810122659E-10
 1.683E-08  3.17913959207179E-10
 1.706E-08  3.26342810374347E-10
 1.729E-08  3.34995135553546E-10
 1.753E-08  3.43876859705038E-10
 1.777E-08  3.52994064877249E-10
 1.801E-08  3.62352994371685E-10
 1.826E-08  3.71960057018168E-10
 1.851E-08  3.81821831563513E-10
 1.876E-08  3.91945071176485E-10
 1.901E-08  4.02336708072258E-10
 1.927E-08  4.13003858259462E-10
 1.954E-08  4.23953826413072E-10
 1.980E-08  4.35194110876514E-10
 2.007E-08  4.46732408796347E-10
 2.035E-08  4.58576621393149E-10
 2.063E-08  4.70734859372075E-10
 2.091E-08  4.83215448476965E-10
 2.119E-08  4.96026935191545E-10
 2.148E-08  5.09178092591974E-10
 2.178E-08  5.22677926354436E-10
 2.207E-08  5.36535680922010E-10
 2.237E-08  5.50760845835122E-10
 2.268E-08  5.65363162229755E-10
 2.299E-08  5.80352629507979E-10
 2.330E-08  5.95739512185296E-10
 2.362E-08  6.11534346919688E-10
 2.394E-08  6.27747949726736E-10
 2.427E-08  6.44391423386321E-10
 2.460E-08  6.61476165045507E-10
 2.494E-08  6.79013874023041E-10
 2.528E-08  6.97016559820905E-10
 2.562E-08  7.15496550348076E-10
 2.597E-08  7.34466500362429E-10
 2.633E-08  7.53939400136432E-10
 2.669E-08  7.73928584352666E-10
 2.705E-08  7.94447741235023E-10
 2.742E-08  8.15510921922185E-10
 2.779E-08  8.37132550089522E-10
 2.817E-08  8.59327431826036E-10
 2.856E-08  8.82110765773315E-10
 2.895E-08  9.05498153533278E-10
 2.934E-08  9.29505610351709E-10
 2.974E-08  9.54149576085076E-10
 3.015E-08  9.79446926458374E-10
 3.056E-08  1.00541498462106E-09
 3.098E-08  1.03207153300969E-09
 3.140E-08  1.05943482552485E-09
 3.183E-08  1.08752360003096E-09
 3.227E-08  1.11635709118769E-09
 3.271E-08  1.14595504362127E-09
 3.315E-08  1.17633772544519E-09
 3.361E-08  1.20752594213936E-09
 3.406E-08  1.23954105079722E-09
 3.453E-08  1.27240497475057E-09
 3.500E-08  1.30614021858212E-09
 3.548E-08  1.34076988353616E-09
 3.596E-08  1.37631768333768E-09
 3.645E-08  1.41280796043099E-09
 3.695E-08  1.45026570264888E-09
 3.746E-08  1.48871656032358E-09
 3.797E-08  1.52818686385159E-09
 3.849E-08  1.56870364172408E-09
 3.901E-08  1.61029463903537E-09
 3.954E-08  1.65298833648194E-09
 4.008E-08  1.69681396986547E-09
 4.063E-08  1.74180155011282E-09
 4.119E-08  1.78798188382649E-09
 4.175E-08  1.83538659438064E-09
 4.232E-08  1.88404814357567E-09
 4.290E-08  1.93399985386718E-09
 4.348E-08  1.98527593118465E-09
 4.408E-08  2.03791148835460E-09
 4.468E-08  2.09194256914491E-09
 4.529E-08  2.14740617294679E-09
 4.591E-08  2.20434028011105E-09
 4.653E-08  2.26278387795578E-09
 4.717E-08  2.32277698746403E-09
 4.781E-08  2.38436069068914E-09
 4.846E-08  2.44757715888677E-09
 4.913E-08  2.51246968139242E-09
 4.980E-08  2.57908269526471E-09
 5.048E-08  2.64746181571509E-09
 5.117E-08  2.71765386734372E-09
 5.186E-08  2.78970691620336E-09
 5.257E-08  2.86367030271420E-09
 5.329E-08  2.93959467545067E-09
 5.402E-08  3.01753202582381E-09
 5.475E-08  3.09753572368408E-09
 5.550E-08  3.17966055386734E-09
 5.626E-08  3.26396275370978E-09
 5.703E-08  3.35050005155778E-09
 5.781E-08  3.43933170629885E-09
 5.860E-08  3.53051854793999E-09
 5.940E-08  3.62412301926280E-09
 6.021E-08  3.72020921858218E-09
 6.103E-08  3.81884294363885E-09
 6.186E-08  3.92009173665622E-09
 6.271E-08  4.02402493059075E-09
 6.356E-08  4.13071369660964E-09
 6.443E-08  4.24023109282627E-09
 6.531E-08  4.35265211432799E-09
 6.620E-08  4.46805374453159E-09
 6.711E-08  4.58651500789811E-09
 6.802E-08  4.70811702404644E-09
 6.895E-08  4.83294306330210E-09
 6.989E-08  4.96107860371782E-09
 7.085E-08  5.09261138960635E-09
 7.181E-08  5.22763149162467E-09
 7.279E-08  5.36623136845202E-09
 7.379E-08  5.50850593010248E-09
 7.479E-08  5.65455260291583E-09
 7.582E-08  5.80447139627246E-09
 7.685E-08  5.95836497107689E-09
 7.790E-08  6.11633871005559E-09
 7.896E-08  6.27850078991995E-09
 8.004E-08  6.44496225544318E-09
 8.113E-08  6.61583709549815E-09
 8.224E-08  6.79124232111406E-09
 8.336E-08  6.97129804560237E-09
 8.450E-08  7.15612756680502E-09
 8.566E-08  7.34585745152495E-09
 8.683E-08  7.54061762219495E-09
 8.801E-08  7.74054144584391E-09
 8.921E-08  7.94576582542142E-09
 9.043E-08  8.15643129354457E-09
 9.167E-08  8.37268210872888E-09
 9.292E-08  8.59466635417260E-09
 9.419E-08  8.82253603915750E-09
 9.547E-08  9.05644720313933E-09
 9.677E-08  9.29656002259948E-09
 9.810E-08  9.54303892072545E-09
 9.944E-08  9.79605268000317E-09
 1.008E-07  1.00557745577926E-08
 1.022E-07  1.03223824049684E-08
 1.036E-07  1.05960587877033E-08
 1.050E-07  1.08769911124842E-08
 1.064E-07  1.11653717544411E-08
 1.079E-07  1.14613981890763E-08
 1.093E-07  1.17652731274895E-08
 1.108E-07  1.20772046551849E-08
 1.123E-07  1.23974063745604E-08
 1.139E-07  1.27260975511742E-08
 1.154E-07  1.30635032638876E-08
 1.170E-07  1.34098545589914E-08
 1.186E-07  1.37653886084158E-08
 1.202E-07  1.41303488721351E-08
 1.219E-07  1.45049852648804E-08
 1.235E-07  1.48895543272685E-08
 1.252E-07  1.52843194014724E-08
 1.269E-07  1.56895508115440E-08
 1.287E-07  1.61055260485217E-08
 1.304E-07  1.65325299604437E-08
 1.322E-07  1.69708549473987E-08
 1.340E-07  1.74208011617485E-08
 1.358E-07  1.78826767136599E-08
 1.377E-07  1.83567978820813E-08
 1.396E-07  1.88434893313200E-08
 1.415E-07  1.93430843333546E-08
 1.434E-07  1.98559249960438E-08
 1.454E-07  2.03823624973869E-08
 1.473E-07  2.09227573259925E-08
 1.494E-07  2.14774795279248E-08
 1.514E-07  2.20469089600911E-08
 1.535E-07  2.26314355503523E-08
 1.556E-07  2.32314595645228E-08
 1.577E-07  2.38473918804536E-08
 1.598E-07  2.44796542693814E-08
 1.620E-07  2.51286796847379E-08
 1.642E-07  2.57949125586069E-08
 1.665E-07  2.64788091060545E-08
 1.687E-07  2.71808376375211E-08
 1.710E-07  2.79014788794913E-08
 1.734E-07  2.86412263036753E-08
 1.757E-07  2.94005864649049E-08
 1.781E-07  3.01800793480000E-08
 1.806E-07  3.09802387238252E-08
 1.830E-07  3.18016125147816E-08
 1.855E-07  3.26447631699990E-08
 1.881E-07  3.35102680504643E-08
 1.906E-07  3.43987198243672E-08
 1.932E-07  3.53107268729279E-08
 1.959E-07  3.62469137069771E-08
 1.986E-07  3.72079213945843E-08
 2.013E-07  3.81944080000227E-08
 2.040E-07  3.92070490343760E-08
 2.068E-07  4.02465379180831E-08
 2.096E-07  4.13135864557502E-08
 2.125E-07  4.24089253235530E-08
 2.154E-07  4.35333045695525E-08
 2.183E-07  4.46874941272858E-08
 2.213E-07  4.58722843429672E-08
 2.243E-07  4.70884865166623E-08
 2.274E-07  4.83369334578136E-08
 2.305E-07  4.96184800554967E-08
 2.336E-07  5.09340038637921E-08
 2.368E-07  5.22844057026665E-08
 2.401E-07  5.36706102748028E-08
 2.433E-07  5.50935667987706E-08
 2.467E-07  5.65542496589771E-08
 2.500E-07  5.80536590728678E-08
 2.534E-07  5.95928217758012E-08
 2.569E-07  6.11727917240757E-08
 2.604E-07  6.27946508166132E-08
 2.640E-07  6.44595096357574E-08
 2.676E-07  6.61685082077240E-08
 2.712E-07  6.79228167831988E-08
 2.749E-07  6.97236366386370E-08
 2.787E-07  7.15722008988145E-08
 2.825E-07  7.34697753811620E-08
 2.863E-07  7.54176594625105E-08
 2.903E-07  7.74171869687962E-08
 2.942E-07  7.94697270883539E-08
 2.982E-07  8.15766853094375E-08
 3.023E-07  8.37395043825715E-08
 3.064E-07  8.59596653084365E-08
 3.106E-07  8.82386883519317E-08
 3.149E-07  9.05781340831198E-08
 3.192E-07  9.29796044457762E-08
 3.235E-07  9.54447438542644E-08
 3.279E-07  9.79752403194804E-08
 3.324E-07  1.00572826604657E-07
 3.369E-07  1.03239281411816E-07
 3.415E-07  1.05976430599637E-07
 3.462E-07  1.08786148433666E-07
 3.509E-07  1.11670358869627E-07
 3.557E-07  1.14631036870761E-07
 3.606E-07  1.17670209760113E-07
 3.655E-07  1.20789958608626E-07
 3.705E-07  1.23992419660075E-07
 3.756E-07  1.27279785793751E-07
 3.807E-07  1.30654308025936E-07
 3.859E-07  1.34118297051157E-07
 3.911E-07  1.37674124824336E-07
 3.965E-07  1.41324226184849E-07
 4.019E-07  1.45071100523653E-07
 4.074E-07  1.48917313494624E-07
 4.129E-07  1.52865498771209E-07
 4.186E-07  1.56918359849731E-07
 4.243E-07  1.61078671900420E-07
 4.301E-07  1.65349283667536E-07
 4.360E-07  1.69733119419909E-07
 4.419E-07  1.74233180953128E-07
 4.479E-07  1.78852549644825E-07
 4.541E-07  1.83594388564453E-07
 4.603E-07  1.88461944639012E-07
 4.665E-07  1.93458550876131E-07
 4.729E-07  1.98587628646129E-07
 4.794E-07  2.03852690024563E-07
 4.859E-07  2.09257340196847E-07
 4.926E-07  2.14805279926681E-07
 4.993E-07  2.20500308089838E-07
 5.061E-07  2.26346324275152E-07
 5.130E-07  2.32347331454486E-07
 5.200E-07  2.38507438723446E-07
 5.271E-07  2.44830864114725E-07
 5.343E-07  2.51321937486074E-07
 5.416E-07  2.57985103484824E-07
 5.490E-07  2.64824924590946E-07
 5.565E-07  2.71846084240840E-07
 5.641E-07  2.79053390033882E-07
 5.718E-07  2.86451777024005E-07
 5.796E-07  2.94046311098521E-07
 5.875E-07  3.01842192446507E-07
 5.955E-07  3.09844759119159E-07
 6.037E-07  3.18059490684462E-07
 6.119E-07  3.26492011978817E-07
 6.202E-07  3.35148096958068E-07
 6.287E-07  3.44033672650610E-07
 6.373E-07  3.53154823215345E-07
 6.460E-07  3.62517794107109E-07
 6.548E-07  3.72128996352602E-07
 6.638E-07  3.81995010939611E-07
 6.728E-07  3.92122593322639E-07
 6.820E-07  4.02518678047888E-07
 6.913E-07  4.13190383500871E-07
 7.008E-07  4.24145016779979E-07
 7.103E-07  4.35390078699005E-07
 7.200E-07  4.46933268922487E-07
 7.298E-07  4.58782491237099E-07
 7.398E-07  4.70945858962677E-07
 7.499E-07  4.83431700506896E-07
 7.602E-07  4.96248565066992E-07
 7.705E-07  5.09405228482600E-07
 7.811E-07  5.22910699243949E-07
 7.917E-07  5.36774224659136E-07
 8.025E-07  5.51005297184861E-07
 8.135E-07  5.65613660925124E-07
 8.246E-07  5.80609318302041E-07
 8.358E-07  5.96002536903484E-07
 8.473E-07  6.11803856512315E-07
 8.588E-07  6.28024096321875E-07
 8.705E-07  6.44674362342778E-07
 8.824E-07  6.61766055005908E-07
 8.945E-07  6.79310876967147E-07
 9.067E-07  6.97320841118837E-07
 9.191E-07  7.15808278813479E-07
 9.316E-07  7.34785848305695E-07
 9.443E-07  7.54266543417747E-07
 9.572E-07  7.74263702434846E-07
 9.703E-07  7.94791017236053E-07
 9.835E-07  8.15862542667432E-07
 9.970E-07  8.37492706163507E-07
 1.011E-06  8.59696317623786E-07
 1.024E-06  8.82488579550993E-07
 1.038E-06  9.05885097458048E-07
 1.053E-06  9.29901890551027E-07
 1.067E-06  9.54555402695049E-07
 1.081E-06  9.79862513670844E-07
 1.096E-06  1.00584055072978E-06
 1.111E-06  1.03250730045517E-06
 1.126E-06  1.05988102093778E-06
 1.142E-06  1.08798045427420E-06
 1.157E-06  1.11682483939638E-06
 1.173E-06  1.14643392524119E-06
 1.189E-06  1.17682798426925E-06
 1.205E-06  1.20802782634157E-06
 1.222E-06  1.24005481296448E-06
 1.239E-06  1.27293087191205E-06
 1.255E-06  1.30667851223541E-06
 1.273E-06  1.34132083967071E-06
 1.290E-06  1.37688157245508E-06
 1.308E-06  1.41338505756159E-06
 1.325E-06  1.45085628736469E-06
 1.344E-06  1.48932091674737E-06
 1.362E-06  1.52880528066153E-06
 1.380E-06  1.56933641215378E-06
 1.399E-06  1.61094206086916E-06
 1.418E-06  1.65365071204492E-06
 1.438E-06  1.69749160600789E-06
 1.457E-06  1.74249475818858E-06
 1.477E-06  1.78869097966550E-06
 1.497E-06  1.83611189825423E-06
 1.518E-06  1.88478998015502E-06
 1.539E-06  1.93475855217432E-06
 1.560E-06  1.98605182453500E-06
 1.581E-06  2.03870491429148E-06
 1.603E-06  2.09275386936483E-06
 1.624E-06  2.14823569321524E-06
 1.647E-06  2.20518837016786E-06
 1.669E-06  2.26365089141036E-06
 1.692E-06  2.32366328167914E-06
 1.715E-06  2.38526662665218E-06
 1.738E-06  2.44850310106898E-06
 1.762E-06  2.51341599759449E-06
 1.786E-06  2.58004975644870E-06
 1.811E-06  2.64844999582095E-06
 1.835E-06  2.71866354309002E-06
 1.860E-06  2.79073846687248E-06
 1.886E-06  2.86472410991907E-06
 1.911E-06  2.94067112288329E-06
 1.938E-06  3.01863149898519E-06
 1.964E-06  3.09865860959272E-06
 1.991E-06  3.18080724074701E-06
 2.018E-06  3.26513363065454E-06
 2.046E-06  3.35169550817312E-06
 2.073E-06  3.44055213231806E-06
 2.102E-06  3.53176433281396E-06
 2.130E-06  3.62539455172228E-06
 2.160E-06  3.72150688617139E-06
 2.189E-06  3.82016713221819E-06
 2.219E-06  3.92144282987281E-06
 2.249E-06  4.02540330931570E-06
 2.280E-06  4.13211973833974E-06
 2.311E-06  4.24166517104834E-06
 2.343E-06  4.35411459784507E-06
 2.375E-06  4.46954499674719E-06
 2.407E-06  4.58803538605785E-06
 2.440E-06  4.70966687843528E-06
 2.473E-06  4.83452273639387E-06
 2.507E-06  4.96268842927503E-06
 2.541E-06  5.09425169172810E-06
 2.576E-06  5.22930258374079E-06
 2.611E-06  5.36793355225929E-06
 2.647E-06  5.51023949444104E-06
 2.683E-06  5.65631782258433E-06
 2.719E-06  5.80626853077565E-06
 2.757E-06  5.96019426330446E-06
 2.794E-06  6.11820038489082E-06
 2.832E-06  6.28039505277159E-06
 2.871E-06  6.44688929069710E-06
 2.910E-06  6.61779706488880E-06
 2.950E-06  6.79323536200766E-06
 2.990E-06  6.97332426918884E-06
 3.031E-06  7.15818705619629E-06
 3.072E-06  7.34795025975318E-06
 3.114E-06  7.54274377010698E-06
 3.157E-06  7.74270091988665E-06
 3.200E-06  7.94795857531310E-06
 3.244E-06  8.15865722982783E-06
 3.288E-06  8.37494110019883E-06
 3.333E-06  8.59695822517307E-06
 3.378E-06  8.82486056674422E-06
 3.424E-06  9.05880411409726E-06
 3.471E-06  9.29894899031230E-06
 3.519E-06  9.54545956189067E-06
 3.567E-06  9.79850455118189E-06
 3.615E-06  1.00582571517912E-05
 3.665E-06  1.03248951470396E-05
 3.715E-06  1.05986010315644E-05
 3.765E-06  1.08795621361391E-05
 3.817E-06  1.11679707557983E-05
 3.869E-06  1.14640242813562E-05
 3.922E-06  1.17679253344089E-05
 3.975E-06  1.20798819059098E-05
 4.030E-06  1.24001074984169E-05
 4.085E-06  1.27288212721071E-05
 4.140E-06  1.30662481946535E-05
 4.197E-06  1.34126191950751E-05
 4.254E-06  1.37681713216611E-05
 4.312E-06  1.41331479040735E-05
 4.371E-06  1.45077987197433E-05
 4.431E-06  1.48923801646749E-05
 4.491E-06  1.52871554287695E-05
 4.553E-06  1.56923946757933E-05
 4.615E-06  1.61083752281107E-05
 4.678E-06  1.65353817563060E-05
 4.742E-06  1.69737064738290E-05
 4.806E-06  1.74236493367901E-05
 4.872E-06  1.78855182490497E-05
 4.938E-06  1.83596292727346E-05
 5.006E-06  1.88463068443243E-05
 5.074E-06  1.93458839964671E-05
 5.144E-06  1.98587025856581E-05
 5.214E-06  2.03851135259505E-05
 5.285E-06  2.09254770288507E-05
 5.357E-06  2.14801628495690E-05
 5.430E-06  2.20495505397811E-05
 5.504E-06  2.26340297070831E-05
 5.579E-06  2.32340002813226E-05
 5.656E-06  2.38498727879628E-05
 5.733E-06  2.44820686286947E-05
 5.811E-06  2.51310203694761E-05
 5.890E-06  2.57971720361880E-05
 5.971E-06  2.64809794181157E-05
 6.052E-06  2.71829103794727E-05
 6.135E-06  2.79034451791592E-05
 6.219E-06  2.86430767989807E-05
 6.304E-06  2.94023112805613E-05
 6.390E-06  3.01816680711693E-05
 6.477E-06  3.09816803786925E-05
 6.565E-06  3.18028955360091E-05
 6.655E-06  3.26458753749977E-05
 6.746E-06  3.35111966104456E-05
 6.838E-06  3.43994512341169E-05
 6.931E-06  3.53112469192448E-05
 7.026E-06  3.62472074357256E-05
 7.122E-06  3.72079730762974E-05
 7.219E-06  3.81942010940018E-05
 7.318E-06  3.92065661512084E-05
 7.418E-06  4.02457607805212E-05
 7.519E-06  4.13124958578838E-05
 7.622E-06  4.24075010881950E-05
 7.726E-06  4.35315255037716E-05
 7.831E-06  4.46853379759944E-05
 7.938E-06  4.58697277404919E-05
 8.046E-06  4.70855049362116E-05
 8.156E-06  4.83335011587524E-05
 8.268E-06  4.96145700283331E-05
 8.380E-06  5.09295877727747E-05
 8.495E-06  5.22794538259089E-05
 8.611E-06  5.36650914418108E-05
 8.728E-06  5.50874483252685E-05
 8.848E-06  5.65474972789371E-05
 8.968E-06  5.80462368675955E-05
 9.091E-06  5.95846920999678E-05
 9.215E-06  6.11639151285771E-05
 9.341E-06  6.27849859681049E-05
 9.468E-06  6.44490132327383E-05
 9.597E-06  6.61571348930162E-05
 9.729E-06  6.79105190526795E-05
 9.861E-06  6.97103647460623E-05
 9.996E-06  7.15579027565622E-05
 1.013E-05  7.34543964567419E-05
 1.027E-05  7.54011426706457E-05
 1.041E-05  7.73994725588950E-05
 1.055E-05  7.94507525271978E-05
 1.070E-05  8.15563851588480E-05
 1.084E-05  8.37178101718799E-05
 1.099E-05  8.59365054015294E-05
 1.114E-05  8.82139878086287E-05
 1.129E-05  9.05518145146710E-05
 1.145E-05  9.29515838642323E-05
 1.160E-05  9.54149365154413E-05
 1.176E-05  9.79435565592666E-05
 1.192E-05  1.00539172668394E-04
 1.209E-05  1.03203559276439E-04
 1.225E-05  1.05938537788310E-04
 1.242E-05  1.08745977822561E-04
 1.259E-05  1.11627798486547E-04
 1.276E-05  1.14585969685254E-04
 1.293E-05  1.17622513464726E-04
 1.311E-05  1.20739505390938E-04
 1.329E-05  1.23939075965114E-04
 1.347E-05  1.27223412076416E-04
 1.365E-05  1.30594758492957E-04
 1.384E-05  1.34055419392241E-04
 1.403E-05  1.37607759931988E-04
 1.422E-05  1.41254207862404E-04
 1.442E-05  1.44997255181058E-04
 1.461E-05  1.48839459831437E-04
 1.481E-05  1.52783447446318E-04
 1.501E-05  1.56831913137168E-04
 1.522E-05  1.60987623330801E-04
 1.543E-05  1.65253417654455E-04
 1.564E-05  1.69632210870676E-04
 1.585E-05  1.74126994863224E-04
 1.607E-05  1.78740840675384E-04
 1.629E-05  1.83476900602104E-04
 1.651E-05  1.88338410337271E-04
 1.673E-05  1.93328691177663E-04
 1.696E-05  1.98451152285062E-04
 1.719E-05  2.03709293008018E-04
 1.743E-05  2.09106705264857E-04
 1.767E-05  2.14647075989542E-04
 1.791E-05  2.20334189642049E-04
 1.815E-05  2.26171930784935E-04
 1.840E-05  2.32164286727833E-04
 1.865E-05  2.38315350241721E-04
 1.891E-05  2.44629322344712E-04
 1.916E-05  2.51110515161304E-04
 1.943E-05  2.57763354857021E-04
 1.969E-05  2.64592384650338E-04
 1.996E-05  2.71602267904113E-04
 2.023E-05  2.78797791298377E-04
 2.051E-05  2.86183868086794E-04
 2.079E-05  2.93765541438949E-04
 2.107E-05  3.01547987870625E-04
 2.136E-05  3.09536520764565E-04
 2.165E-05  3.17736593983872E-04
 2.195E-05  3.26153805580643E-04
 2.225E-05  3.34793901602326E-04
 2.255E-05  3.43662779998287E-04
 2.286E-05  3.52766494629198E-04
 2.317E-05  3.62111259382067E-04
 2.349E-05  3.71703452393664E-04
 2.381E-05  3.81549620385030E-04
 2.413E-05  3.91656483110135E-04
 2.446E-05  4.02030937921618E-04
 2.480E-05  4.12680064456758E-04
 2.514E-05  4.23611129446693E-04
 2.548E-05  4.34831591652173E-04
 2.583E-05  4.46349106929310E-04
 2.618E-05  4.58171533428405E-04
 2.654E-05  4.70306936929699E-04
 2.690E-05  4.82763596319380E-04
 2.727E-05  4.95550009209658E-04
 2.764E-05  5.08674897706567E-04
 2.802E-05  5.22147214329468E-04
 2.840E-05  5.35976148086250E-04
 2.879E-05  5.50171130708076E-04
 2.918E-05  5.64741843048110E-04
 2.958E-05  5.79698221648430E-04
 2.998E-05  5.95050465479476E-04
 3.039E-05  6.10809042856572E-04
 3.080E-05  6.26984698538088E-04
 3.123E-05  6.43588461010298E-04
 3.165E-05  6.60631649963318E-04
 3.208E-05  6.78125883963472E-04
 3.252E-05  6.96083088327139E-04
 3.297E-05  7.14515503201323E-04
 3.342E-05  7.33435691856383E-04
 3.387E-05  7.52856549196334E-04
 3.433E-05  7.72791310492537E-04
 3.480E-05  7.93253560346568E-04
 3.528E-05  8.14257241888358E-04
 3.576E-05  8.35816666215339E-04
 3.625E-05  8.57946522079542E-04
 3.674E-05  8.80661885828373E-04
 3.724E-05  9.03978231606318E-04
 3.775E-05  9.27911441823982E-04
 3.827E-05  9.52477817901557E-04
 3.879E-05  9.77694091293985E-04
 3.932E-05  1.00357743480472E-03
 3.986E-05  1.03014547419640E-03
 4.040E-05  1.05741630010517E-03
 4.095E-05  1.08540848026740E-03
 4.151E-05  1.11414107206649E-03
 4.208E-05  1.14363363540810E-03
 4.265E-05  1.17390624593271E-03
 4.324E-05  1.20497950857345E-03
 4.383E-05  1.23687457146930E-03
 4.442E-05  1.26961314024221E-03
 4.503E-05  1.30321749264723E-03
 4.565E-05  1.33771049360647E-03
 4.627E-05  1.37311561063571E-03
 4.690E-05  1.40945692967458E-03
 4.754E-05  1.44675917133032E-03
 4.819E-05  1.48504770754626E-03
 4.885E-05  1.52434857870604E-03
 4.951E-05  1.56468851118375E-03
 5.019E-05  1.60609493535364E-03
 5.088E-05  1.64859600406939E-03
 5.157E-05  1.69222061162572E-03
 5.227E-05  1.73699841321559E-03
 5.299E-05  1.78295984489457E-03
 5.371E-05  1.83013614406614E-03
 5.445E-05  1.87855937050167E-03
 5.519E-05  1.92826242790843E-03
 5.594E-05  1.97927908605970E-03
 5.671E-05  2.03164400350188E-03
 5.748E-05  2.08539275085335E-03
 5.826E-05  2.14056183471071E-03
 5.906E-05  2.19718872217701E-03
 5.987E-05  2.25531186602921E-03
 6.068E-05  2.31497073054084E-03
 6.151E-05  2.37620581797644E-03
 6.235E-05  2.43905869577616E-03
 6.320E-05  2.50357202444636E-03
 6.407E-05  2.56978958617658E-03
 6.494E-05  2.63775631420037E-03
 6.583E-05  2.70751832291910E-03
 6.673E-05  2.77912293880856E-03
 6.764E-05  2.85261873212828E-03
 6.856E-05  2.92805554945531E-03
 6.950E-05  3.00548454706144E-03
 7.045E-05  3.08495822515761E-03
 7.141E-05  3.16653046302667E-03
 7.238E-05  3.25025655506747E-03
 7.337E-05  3.33619324777369E-03
 7.437E-05  3.42439877767130E-03
 7.539E-05  3.51493291023912E-03
 7.642E-05  3.60785697983801E-03
 7.746E-05  3.70323393067411E-03
 7.852E-05  3.80112835882266E-03
 7.959E-05  3.90160655533910E-03
 8.068E-05  4.00473655048613E-03
 8.178E-05  4.11058815910477E-03
 8.289E-05  4.21923302715736E-03
 8.403E-05  4.33074467947565E-03
 8.517E-05  4.44519856874047E-03
 8.634E-05  4.56267212572766E-03
 8.751E-05  4.68324481085062E-03
 8.871E-05  4.80699816703330E-03
 8.992E-05  4.93401587394758E-03
 9.115E-05  5.06438380364914E-03
 9.239E-05  5.19819007764727E-03
 9.365E-05  5.33552512544484E-03
 9.493E-05  5.47648174458776E-03
 9.623E-05  5.62115516225922E-03
 9.754E-05  5.76964309845894E-03
 9.887E-05  5.92204583080852E-03
 1.002E-04  6.07846626102308E-03
 1.016E-04  6.23900998309157E-03
 1.030E-04  6.40378535320770E-03
 1.044E-04  6.57290356149793E-03
 1.058E-04  6.74647870559074E-03
 1.073E-04  6.92462786607170E-03
 1.087E-04  7.10747118387645E-03
 1.102E-04  7.29513193966448E-03
 1.117E-04  7.48773663522806E-03
 1.132E-04  7.68541507698671E-03
 1.148E-04  7.88830046161632E-03
 1.163E-04  8.09652946387057E-03
 1.179E-04  8.31024232664779E-03
 1.195E-04  8.52958295335901E-03
 1.212E-04  8.75469900265550E-03
 1.228E-04  8.98574198557451E-03
 1.245E-04  9.22286736516345E-03
 1.262E-04  9.46623465864561E-03
 1.279E-04  9.71600754218777E-03
 1.297E-04  9.97235395833795E-03
 1.314E-04  1.02354462261976E-02
 1.332E-04  1.05054611543984E-02
 1.351E-04  1.07825801569470E-02
 1.369E-04  1.10669893720201E-02
 1.388E-04  1.13588797837723E-02
 1.407E-04  1.16584473472343E-02
 1.426E-04  1.19658931163840E-02
 1.445E-04  1.22814233754587E-02
 1.465E-04  1.26052497735967E-02
 1.485E-04  1.29375894628868E-02
 1.505E-04  1.32786652399085E-02
 1.526E-04  1.36287056908525E-02
 1.547E-04  1.39879453403070E-02
 1.568E-04  1.43566248037976E-02
 1.589E-04  1.47349909441778E-02
 1.611E-04  1.51232970319622E-02
 1.633E-04  1.55218029096968E-02
 1.655E-04  1.59307751604664E-02
 1.678E-04  1.63504872806421E-02
 1.701E-04  1.67812198569695E-02
 1.724E-04  1.72232607481027E-02
 1.748E-04  1.76769052706960E-02
 1.771E-04  1.81424563901594E-02
 1.796E-04  1.86202249161935E-02
 1.820E-04  1.91105297032169E-02
 1.845E-04  1.96136978558122E-02
 1.870E-04  2.01300649392968E-02
 1.896E-04  2.06599751955565E-02
 1.922E-04  2.12037817642642E-02
 1.948E-04  2.17618469096047E-02
 1.974E-04  2.23345422526514E-02
 2.001E-04  2.29222490095219E-02
 2.029E-04  2.35253582354463E-02
 2.056E-04  2.41442710749034E-02
 2.084E-04  2.47793990179570E-02
 2.113E-04  2.54311641629412E-02
 2.142E-04  2.60999994856529E-02
 2.171E-04  2.67863491151979E-02
 2.201E-04  2.74906686166509E-02
 2.231E-04  2.82134252806931E-02
 2.261E-04  2.89550984203824E-02
 2.292E-04  2.97161796752366E-02
 2.323E-04  3.04971733227976E-02
 2.355E-04  3.12985965978382E-02
 2.387E-04  3.21209800194136E-02
 2.420E-04  3.29648677259231E-02
 2.453E-04  3.38308178183737E-02
 2.486E-04  3.47194027120379E-02
 2.520E-04  3.56312094966964E-02
 2.555E-04  3.65668403056722E-02
 2.589E-04  3.75269126938491E-02
 2.625E-04  3.85120600248860E-02
 2.661E-04  3.95229318678409E-02
 2.697E-04  4.05601944034162E-02
 2.734E-04  4.16245308400438E-02
 2.771E-04  4.27166418400446E-02
 2.809E-04  4.38372459560779E-02
 2.847E-04  4.49870800781233E-02
 2.886E-04  4.61668998912256E-02
 2.926E-04  4.73774803442603E-02
 2.965E-04  4.86196161299511E-02
 3.006E-04  4.98941221763979E-02
 3.047E-04  5.12018341503800E-02
 3.089E-04  5.25436089726801E-02
 3.131E-04  5.39203253457202E-02
 3.174E-04  5.53328842937616E-02
 3.217E-04  5.67822097159534E-02
 3.261E-04  5.82692489525203E-02
 3.305E-04  5.97949733643643E-02
 3.350E-04  6.13603789263853E-02
 3.396E-04  6.29664868348172E-02
 3.442E-04  6.46143441288710E-02
 3.489E-04  6.63050243270279E-02
 3.537E-04  6.80396280782590E-02
 3.585E-04  6.98192838285043E-02
 3.634E-04  7.16451485027732E-02
 3.684E-04  7.35184082031391E-02
 3.734E-04  7.54402789230103E-02
 3.785E-04  7.74120072780069E-02
 3.837E-04  7.94348712537934E-02
 3.889E-04  8.15101809712225E-02
 3.942E-04  8.36392794691526E-02
 3.996E-04  8.58235435053091E-02
 4.051E-04  8.80643843755561E-02
 4.106E-04  9.03632487519615E-02
 4.162E-04  9.27216195400347E-02
 4.219E-04  9.51410167555457E-02
 4.277E-04  9.76229984213065E-02
 4.335E-04  1.00169161484303E-01
 4.394E-04  1.02781142753623E-01
 4.454E-04  1.05460619859575E-01
 4.515E-04  1.08209312234400E-01
 4.577E-04  1.11028982115036E-01
 4.639E-04  1.13921435568351E-01
 4.702E-04  1.16888523539270E-01
 4.767E-04  1.19932142922267E-01
 4.832E-04  1.23054237656630E-01
 4.898E-04  1.26256799846012E-01
 4.965E-04  1.29541870902660E-01
 5.032E-04  1.32911542716836E-01
 5.101E-04  1.36367958851883E-01
 5.171E-04  1.39913315765413E-01
 5.241E-04  1.43549864057085E-01
 5.313E-04  1.47279909743476E-01
 5.385E-04  1.51105815560534E-01
 5.459E-04  1.55030002294084E-01
 5.533E-04  1.59054950138915E-01
 5.609E-04  1.63183200086915E-01
 5.686E-04  1.67417355344815E-01
 5.763E-04  1.71760082781988E-01
 5.842E-04  1.76214114408860E-01
 5.922E-04  1.80782248886414E-01
 6.002E-04  1.85467353067378E-01
 6.084E-04  1.90272363569501E-01
 6.167E-04  1.95200288381545E-01
 6.252E-04  2.00254208502504E-01
 6.337E-04  2.05437279614492E-01
 6.423E-04  2.10752733789937E-01
 6.511E-04  2.16203881233539E-01
 6.600E-04  2.21794112059577E-01
 6.690E-04  2.27526898105006E-01
 6.782E-04  2.33405794778975E-01
 6.874E-04  2.39434442949235E-01
 6.968E-04  2.45616570865942E-01
 7.063E-04  2.51955996123433E-01
 7.160E-04  2.58456627660470E-01
 7.257E-04  2.65122467799440E-01
 7.356E-04  2.71957614325050E-01
 7.457E-04  2.78966262603066E-01
 7.559E-04  2.86152707739454E-01
 7.662E-04  2.93521346780596E-01
 7.766E-04  3.01076680954949E-01
 7.872E-04  3.08823317956629E-01
 7.980E-04  3.16765974271451E-01
 8.089E-04  3.24909477545835E-01
 8.199E-04  3.33258768998996E-01
 8.311E-04  3.41818905878935E-01
 8.425E-04  3.50595063962579E-01
 8.540E-04  3.59592540100477E-01
 8.656E-04  3.68816754806514E-01
 8.774E-04  3.78273254892894E-01
 8.894E-04  3.87967716150854E-01
 9.016E-04  3.97905946077379E-01
 9.139E-04  4.08093886648260E-01
 9.264E-04  4.18537617137725E-01
 9.390E-04  4.29243356985004E-01
 9.518E-04  4.40217468707979E-01
 9.648E-04  4.51466460864142E-01
 9.780E-04  4.62996991059075E-01
 9.913E-04  4.74815869002542E-01
 1.005E-03  4.86930059612394E-01
 1.019E-03  4.99346686166235E-01
 1.032E-03  5.12073033500986E-01
 1.047E-03  5.25116551260347E-01
 1.061E-03  5.38484857190000E-01
 1.075E-03  5.52185740480617E-01
 1.090E-03  5.66227165158433E-01
 1.105E-03  5.80617273523196E-01
 1.120E-03  5.95364389633297E-01
 1.135E-03  6.10477022837771E-01
 1.151E-03  6.25963871354819E-01
 1.167E-03  6.41833825896370E-01
 1.182E-03  6.58095973338290E-01
 1.199E-03  6.74759600435671E-01
 1.215E-03  6.91834197582529E-01
 1.232E-03  7.09329462615240E-01
 1.248E-03  7.27255304658955E-01
 1.265E-03  7.45621848016150E-01
 1.283E-03  7.64439436096331E-01
 1.300E-03  7.83718635385875E-01
 1.318E-03  8.03470239456927E-01
 1.336E-03  8.23705273014024E-01
 1.354E-03  8.44434995977252E-01
 1.373E-03  8.65670907600420E-01
 1.391E-03  8.87424750622700E-01
 1.410E-03  9.09708515452135E-01
 1.430E-03  9.32534444379180E-01
 1.449E-03  9.55915035818407E-01
 1.469E-03  9.79863048576268E-01
 1.489E-03  1.00439150614285E+00
 1.509E-03  1.02951370100520E+00
 1.530E-03  1.05524319897976E+00
 1.551E-03  1.08159384356144E+00
 1.572E-03  1.10857976028628E+00
 1.593E-03  1.13621536110503E+00
 1.615E-03  1.16451534876433E+00
 1.637E-03  1.19349472119226E+00
 1.660E-03  1.22316877588492E+00
 1.682E-03  1.25355311429001E+00
 1.705E-03  1.28466364618393E+00
 1.729E-03  1.31651659403801E+00
 1.752E-03  1.34912849736983E+00
 1.776E-03  1.38251621707482E+00
 1.800E-03  1.41669693973369E+00
 1.825E-03  1.45168818189058E+00
 1.850E-03  1.48750779429656E+00
 1.875E-03  1.52417396611324E+00
 1.901E-03  1.56170522907068E+00
 1.927E-03  1.60012046157335E+00
 1.953E-03  1.63943889274832E+00
 1.980E-03  1.67968010642866E+00
 2.007E-03  1.72086404506537E+00
 2.034E-03  1.76301101356068E+00
 2.062E-03  1.80614168301517E+00
 2.090E-03  1.85027709438101E+00
 2.118E-03  1.89543866201293E+00
 2.147E-03  1.94164817710875E+00
 2.177E-03  1.98892781103041E+00
 2.206E-03  2.03730011849633E+00
 2.236E-03  2.08678804063571E+00
 2.267E-03  2.13741490789455E+00
 2.298E-03  2.18920444278336E+00
 2.329E-03  2.24218076245546E+00
 2.361E-03  2.29636838110512E+00
 2.393E-03  2.35179221217379E+00
 2.426E-03  2.40847757035227E+00
 2.459E-03  2.46645017336678E+00
 2.493E-03  2.52573614353572E+00
 2.527E-03  2.58636200908405E+00
 2.561E-03  2.64835470520119E+00
 2.596E-03  2.71174157482857E+00
 2.632E-03  2.77655036916172E+00
 2.668E-03  2.84280924785197E+00
 2.704E-03  2.91054677889174E+00
 2.741E-03  2.97979193816728E+00
 2.778E-03  3.05057410866239E+00
 2.816E-03  3.12292307929524E+00
 2.855E-03  3.19686904337100E+00
 2.894E-03  3.27244259663170E+00
 2.933E-03  3.34967473488443E+00
 2.973E-03  3.42859685118849E+00
 3.014E-03  3.50924073258162E+00
 3.055E-03  3.59163855632428E+00
 3.097E-03  3.67582288564156E+00
 3.139E-03  3.76182666494055E+00
 3.182E-03  3.84968321448088E+00
 3.225E-03  3.93942622447624E+00
 3.269E-03  4.03108974860269E+00
 3.314E-03  4.12470819689033E+00
 3.359E-03  4.22031632797387E+00
 3.405E-03  4.31794924067660E+00
 3.452E-03  4.41764236490264E+00
 3.499E-03  4.51943145181096E+00
 3.546E-03  4.62335256324468E+00
 3.595E-03  4.72944206038823E+00
 3.644E-03  4.83773659162468E+00
 3.694E-03  4.94827307956503E+00
 3.744E-03  5.06108870722063E+00
 3.795E-03  5.17622090328947E+00
 3.847E-03  5.29370732652644E+00
 3.900E-03  5.41358584916804E+00
 3.953E-03  5.53589453938002E+00
 4.007E-03  5.66067164269785E+00
 4.061E-03  5.78795556242821E+00
 4.117E-03  5.91778483897969E+00
 4.173E-03  6.05019812809144E+00
 4.230E-03  6.18523417792665E+00
 4.288E-03  6.32293180499890E+00
 4.346E-03  6.46332986889870E+00
 4.406E-03  6.60646724578729E+00
 4.466E-03  6.75238280062464E+00
 4.527E-03  6.90111535809922E+00
 4.589E-03  7.05270367222616E+00
 4.651E-03  7.20718639458103E+00
 4.715E-03  7.36460204113677E+00
 4.779E-03  7.52498895767112E+00
 4.844E-03  7.68838528371225E+00
 4.911E-03  7.85482891499102E+00
 4.978E-03  8.02435746436811E+00
 5.046E-03  8.19700822120549E+00
 5.114E-03  8.37281810915175E+00
 5.184E-03  8.55182364231198E+00
 5.255E-03  8.73406087977306E+00
 5.327E-03  8.91956537845726E+00
 5.400E-03  9.10837214427698E+00
 5.473E-03  9.30051558156487E+00
 5.548E-03  9.49602944075577E+00
 5.624E-03  9.69494676429696E+00
 5.700E-03  9.89729983076571E+00
 5.778E-03  1.01031200971749E+01
 5.857E-03  1.03124381394480E+01
 5.937E-03  1.05252835910495E+01
 6.018E-03  1.07416850797548E+01
 6.100E-03  1.09616701625510E+01
 6.184E-03  1.11852652586585E+01
 6.268E-03  1.14124955806671E+01
 6.354E-03  1.16433850637855E+01
 6.440E-03  1.18779562932019E+01
 6.528E-03  1.21162304295618E+01
 6.617E-03  1.23582271325672E+01
 6.708E-03  1.26039644827102E+01
 6.799E-03  1.28534589011543E+01
 6.892E-03  1.31067250677833E+01
 6.986E-03  1.33637758374398E+01
 7.082E-03  1.36246221543833E+01
 7.178E-03  1.38892729649989E+01
 7.276E-03  1.41577351287962E+01
 7.376E-03  1.44300133277412E+01
 7.476E-03  1.47061099739717E+01
 7.578E-03  1.49860251159501E+01
 7.682E-03  1.52697563431169E+01
 7.787E-03  1.55572986891124E+01
 7.893E-03  1.58486445336419E+01
 8.001E-03  1.61437835030664E+01
 8.110E-03  1.64427023698103E+01
 8.221E-03  1.67453849506812E+01
 8.333E-03  1.70518120042091E+01
 8.447E-03  1.73619611271193E+01
 8.562E-03  1.76758066500601E+01
 8.679E-03  1.79933195327180E+01
 8.798E-03  1.83144672584619E+01
 8.918E-03  1.86392137286645E+01
 9.039E-03  1.89675191568634E+01
 9.163E-03  1.92993399629313E+01
 9.288E-03  1.96346286674358E+01
 9.415E-03  1.99733337863803E+01
 9.543E-03  2.03153997265287E+01
 9.674E-03  2.06607666815270E+01
 9.806E-03  2.10093705290466E+01
 9.940E-03  2.13611427291857E+01
 1.008E-02  2.17160102243770E+01
 1.021E-02  2.20738953410628E+01
 1.035E-02  2.24347156934083E+01
 1.049E-02  2.27983840893394E+01
 1.064E-02  2.31648084392001E+01
 1.078E-02  2.35338916673420E+01
 1.093E-02  2.39055316269652E+01
 1.108E-02  2.42796210185464E+01
 1.123E-02  2.46560473122022E+01
 1.138E-02  2.50346926743464E+01
 1.154E-02  2.54154338990139E+01
 1.170E-02  2.57981423442353E+01
 1.186E-02  2.61826838738604E+01
 1.202E-02  2.65689188052366E+01
 1.218E-02  2.69567018631650E+01
 1.235E-02  2.73458821405634E+01
 1.252E-02  2.77363030662808E+01
 1.269E-02  2.81278023805137E+01
 1.286E-02  2.85202121182891E+01
 1.304E-02  2.89133586014844E+01
 1.321E-02  2.93070624398665E+01
 1.339E-02  2.97011385416369E+01
 1.358E-02  3.00953961339799E+01
 1.376E-02  3.04896387941157E+01
 1.395E-02  3.08836644913632E+01
 1.414E-02  3.12772656407273E+01
 1.433E-02  3.16702291685217E+01
 1.453E-02  3.20623365905452E+01
 1.473E-02  3.24533641033255E+01
 1.493E-02  3.28430826889488E+01
 1.513E-02  3.32312582339837E+01
 1.534E-02  3.36176516630109E+01
 1.555E-02  3.40020190872588E+01
 1.576E-02  3.43841119688388E+01
 1.598E-02  3.47636773010664E+01
 1.619E-02  3.51404578053367E+01
 1.642E-02  3.55141921450156E+01
 1.664E-02  3.58846151567839E+01
 1.687E-02  3.62514580998600E+01
 1.710E-02  3.66144489234981E+01
 1.733E-02  3.69733125531400E+01
 1.757E-02  3.73277711955695E+01
 1.781E-02  3.76775446633870E+01
 1.805E-02  3.80223507190910E+01
 1.830E-02  3.83619054390191E+01
 1.855E-02  3.86959235973548E+01
 1.880E-02  3.90241190703731E+01
 1.906E-02  3.93462052610463E+01
 1.932E-02  3.96618955440823E+01
 1.958E-02  3.99709037314195E+01
 1.985E-02  4.02729445581405E+01
 2.012E-02  4.05677341887114E+01
 2.039E-02  4.08549907433877E+01
 2.067E-02  4.11344348445621E+01
 2.095E-02  4.14057901827576E+01
 2.124E-02  4.16687841018956E+01
 2.153E-02  4.19231482033914E+01
 2.182E-02  4.21686189685447E+01
 2.212E-02  4.24049383986130E+01
 2.242E-02  4.26318546718606E+01
 2.273E-02  4.28491228167894E+01
 2.304E-02  4.30565054006587E+01
 2.335E-02  4.32537732323034E+01
 2.367E-02  4.34407060781608E+01
 2.400E-02  4.36170933903076E+01
 2.432E-02  4.37827350452056E+01
 2.466E-02  4.39374420917434E+01
 2.499E-02  4.40810375070498E+01
 2.533E-02  4.42133569584427E+01
 2.568E-02  4.43342495697613E+01
 2.603E-02  4.44435786902156E+01
 2.639E-02  4.45412226637660E+01
 2.675E-02  4.46270755969368E+01
 2.711E-02  4.47010481228429E+01
 2.748E-02  4.47630681590974E+01
 2.786E-02  4.48130816571531E+01
 2.824E-02  4.48510533405149E+01
 2.862E-02  4.48769674291518E+01
 2.901E-02  4.48908283473298E+01
 2.941E-02  4.48926614119792E+01
 2.981E-02  4.48825134986146E+01
 3.022E-02  4.48604536817262E+01
 3.063E-02  4.48265738464750E+01
 3.105E-02  4.47809892684407E+01
 3.147E-02  4.47238391580942E+01
 3.190E-02  4.46552871666008E+01
 3.234E-02  4.45755218495012E+01
 3.278E-02  4.44847570847680E+01
 3.323E-02  4.43832324416970E+01
 3.368E-02  4.42712134970683E+01
 3.414E-02  4.41489920949938E+01
 3.461E-02  4.40168865468708E+01
 3.508E-02  4.38752417678718E+01
 3.556E-02  4.37244293464291E+01
 3.604E-02  4.35648475432194E+01
 3.654E-02  4.33969212162082E+01
 3.703E-02  4.32211016684002E+01
 3.754E-02  4.30378664150307E+01
 3.805E-02  4.28477188670521E+01
 3.857E-02  4.26511879279058E+01
 3.910E-02  4.24488275007215E+01
 3.963E-02  4.22412159032651E+01
 4.017E-02  4.20289551881527E+01
 4.072E-02  4.18126703660687E+01
 4.128E-02  4.15930085299663E+01
 4.184E-02  4.13706378784934E+01
 4.241E-02  4.11462466371739E+01
 4.299E-02  4.09205418761828E+01
 4.358E-02  4.06942482238848E+01
 4.417E-02  4.04681064756623E+01
 4.478E-02  4.02428720979310E+01
 4.539E-02  4.00193136276433E+01
 4.601E-02  3.97982109679930E+01
 4.664E-02  3.95803535814794E+01
 4.727E-02  3.93665385819405E+01
 4.792E-02  3.91575687276472E+01
 4.857E-02  3.89542503180386E+01
 4.924E-02  3.87573909971904E+01
 4.991E-02  3.85677974676303E+01
 5.059E-02  3.83862731186496E+01
 5.128E-02  3.82136155738062E+01
 5.198E-02  3.80506141628680E+01
 5.269E-02  3.78980473240071E+01
 5.341E-02  3.77566799426200E+01
 5.414E-02  3.76272606337125E+01
 5.488E-02  3.75105189753563E+01
 5.563E-02  3.74071627012834E+01
 5.639E-02  3.73178748612356E+01
 5.716E-02  3.72433109582360E+01
 5.794E-02  3.71840960724737E+01
 5.873E-02  3.71408219820109E+01
 5.953E-02  3.71140442910149E+01
 6.034E-02  3.71042795766864E+01
 6.116E-02  3.71120025665030E+01
 6.200E-02  3.71376433578069E+01
 6.285E-02  3.71815846921466E+01
 6.370E-02  3.72441592971244E+01
 6.457E-02  3.73256473088008E+01
 6.546E-02  3.74262737879628E+01
 6.635E-02  3.75462063437681E+01
 6.725E-02  3.76855528784334E+01
 6.817E-02  3.78443594667309E+01
 6.910E-02  3.80226083840986E+01
 7.005E-02  3.82202162971455E+01
 7.100E-02  3.84370326302438E+01
 7.197E-02  3.86728381217440E+01
 7.296E-02  3.89273435831190E+01
 7.395E-02  3.92001888740433E+01
 7.496E-02  3.94909421060323E+01
 7.598E-02  3.97990990868130E+01
 7.702E-02  4.01240830170616E+01
 7.807E-02  4.04652444505249E+01
 7.914E-02  4.08218615278484E+01
 8.022E-02  4.11931404936485E+01
 8.132E-02  4.15782165055085E+01
 8.243E-02  4.19761547426298E+01
 8.355E-02  4.23859518208464E+01
 8.469E-02  4.28065375196027E+01
 8.585E-02  4.32367768253159E+01
 8.702E-02  4.36754722942780E+01
 8.821E-02  4.41213667369299E+01
 8.941E-02  4.45731462239312E+01
 9.063E-02  4.50294434129887E+01
 9.187E-02  4.54888411938780E+01
 9.312E-02  4.59498766475108E+01
 9.440E-02  4.64110453132697E+01
 9.568E-02  4.68708057571559E+01
 9.699E-02  4.73275844315843E+01
 9.831E-02  4.77797808159164E+01
 9.966E-02  4.82257728250629E+01
 1.010E-01  4.86639224717041E+01
 1.024E-01  4.90925817659016E+01
 1.038E-01  4.95100988340928E+01
 1.052E-01  4.99148242376981E+01
 1.066E-01  5.03051174698330E+01
 1.081E-01  5.06793536069096E+01
 1.096E-01  5.10359300902557E+01
 1.111E-01  5.13732736112730E+01
 1.126E-01  5.16898470721211E+01
 1.141E-01  5.19841565924548E+01
 1.157E-01  5.22547585313738E+01
 1.173E-01  5.25002664924778E+01
 1.189E-01  5.27193582787659E+01
 1.205E-01  5.29107827630887E+01
 1.221E-01  5.30733666389719E+01
 1.238E-01  5.32060210158814E+01
 1.255E-01  5.33077478224170E+01
 1.272E-01  5.33776459805028E+01
 1.289E-01  5.34149173134075E+01
 1.307E-01  5.34188721503825E+01
 1.325E-01  5.33889345908593E+01
 1.343E-01  5.33246473915134E+01
 1.361E-01  5.32256764400822E+01
 1.380E-01  5.30918147806313E+01
 1.399E-01  5.29229861560054E+01
 1.418E-01  5.27192480344730E+01
 1.437E-01  5.24807940890977E+01
 1.457E-01  5.22079561001325E+01
 1.477E-01  5.19012052527476E+01
 1.497E-01  5.15611528046666E+01
 1.517E-01  5.11885501007951E+01
 1.538E-01  5.07842879146838E+01
 1.559E-01  5.03493950996654E+01
 1.580E-01  4.98850365357390E+01
 1.602E-01  4.93925103617312E+01
 1.624E-01  4.88732444859440E+01
 1.646E-01  4.83287923723731E+01
 1.668E-01  4.77608281036517E+01
 1.691E-01  4.71711407261078E+01
 1.714E-01  4.65616278867142E+01
 1.738E-01  4.59342887762236E+01
 1.761E-01  4.52912163974010E+01
 1.785E-01  4.46345891819538E+01
 1.810E-01  4.39666619845040E+01
 1.834E-01  4.32897564866861E+01
 1.860E-01  4.26062510491887E+01
 1.885E-01  4.19185700542151E+01
 1.911E-01  4.12291727854071E+01
 1.937E-01  4.05405418967020E+01
 1.963E-01  3.98551715258324E+01
 1.990E-01  3.91755551122026E+01
 2.017E-01  3.85041729826205E+01
 2.045E-01  3.78434797718083E+01
 2.073E-01  3.71958917476989E+01
 2.101E-01  3.65637741142161E+01
 2.130E-01  3.59494283664936E+01
 2.159E-01  3.53550797752699E+01
 2.188E-01  3.47828650784750E+01
 2.218E-01  3.42348204587632E+01
 2.248E-01  3.37128698859217E+01
 2.279E-01  3.32188139026776E+01
 2.310E-01  3.27543189314120E+01
 2.342E-01  3.23209071776660E+01
 2.374E-01  3.19199472040827E+01
 2.406E-01  3.15526452455701E+01
 2.439E-01  3.12200373330004E+01
 2.472E-01  3.09229822887001E+01
 2.506E-01  3.06621556523406E+01
 2.540E-01  3.04380445906453E+01
 2.575E-01  3.02509438386123E+01
 2.610E-01  3.01009527137408E+01
 2.646E-01  2.99879732380942E+01
 2.682E-01  2.99117093959626E+01
 2.718E-01  2.98716675474577E+01
 2.755E-01  2.98671580106322E+01
 2.793E-01  2.98972978167105E+01
 2.831E-01  2.99610146348107E+01
 2.870E-01  3.00570518541882E+01
 2.909E-01  3.01839748035969E+01
 2.949E-01  3.03401780789160E+01
 2.989E-01  3.05238939417975E+01
 3.030E-01  3.07332017438188E+01
 3.071E-01  3.09660383225616E+01
 3.113E-01  3.12202093082446E+01
 3.156E-01  3.14934012721095E+01
 3.199E-01  3.17831946407554E+01
 3.242E-01  3.20870772941340E+01
 3.287E-01  3.24024587590140E+01
 3.331E-01  3.27266849044824E+01
 3.377E-01  3.30570530415358E+01
 3.423E-01  3.33908273250835E+01
 3.470E-01  3.37252543537961E+01
 3.517E-01  3.40575788612291E+01
 3.565E-01  3.43850593905668E+01
 3.614E-01  3.47049838451893E+01
 3.663E-01  3.50146848080847E+01
 3.713E-01  3.53115545248991E+01
 3.764E-01  3.55930594481373E+01
 3.815E-01  3.58567542436729E+01
 3.867E-01  3.61002951652515E+01
 3.920E-01  3.63214527080442E+01
 3.974E-01  3.65181234584623E+01
 4.028E-01  3.66883410643061E+01
 4.083E-01  3.68302862568323E+01
 4.139E-01  3.69422958643773E+01
 4.195E-01  3.70228707656964E+01
 4.252E-01  3.70706827400645E+01
 4.311E-01  3.70845801803387E+01
 4.369E-01  3.70635926444998E+01
 4.429E-01  3.70069342305775E+01
 4.489E-01  3.69140057692113E+01
 4.551E-01  3.67843958373131E+01
 4.613E-01  3.66178806052927E+01
 4.676E-01  3.64144225389812E+01
 4.740E-01  3.61741679856726E+01
 4.804E-01  3.58974436815205E+01
 4.870E-01  3.55847522248100E+01
 4.936E-01  3.52367665663253E+01
 5.004E-01  3.48543235740924E+01
 5.072E-01  3.44384167351750E+01
 5.141E-01  3.39901880618943E+01
 5.212E-01  3.35109192738313E+01
 5.283E-01  3.30020223302329E+01
 5.355E-01  3.24650293899851E+01
 5.428E-01  3.19015822781589E+01
 5.502E-01  3.13134215392736E+01
 5.577E-01  3.07023751579033E+01
 5.653E-01  3.00703470270955E+01
 5.731E-01  2.94193052443099E+01
 5.809E-01  2.87512703132649E+01
 5.888E-01  2.80683033282443E+01
 5.969E-01  2.73724942150956E+01
 6.050E-01  2.66659501004177E+01
 6.133E-01  2.59507838773039E+01
 6.216E-01  2.52291030325497E+01
 6.301E-01  2.45029987964781E+01
 6.387E-01  2.37745356725367E+01
 6.474E-01  2.30457413996087E+01
 6.563E-01  2.23185973956007E+01
 6.652E-01  2.15950297263590E+01
 6.743E-01  2.08769006393528E+01
 6.835E-01  2.01660006968787E+01
 6.929E-01  1.94640415388150E+01
 7.023E-01  1.87726493002127E+01
 7.119E-01  1.80933587042679E+01
 7.216E-01  1.74276078465107E+01
 7.315E-01  1.67767336813736E+01
 7.415E-01  1.61419682176991E+01
 7.516E-01  1.55244354252165E+01
 7.618E-01  1.49251488495904E+01
 7.723E-01  1.43450099293230E+01
 7.828E-01  1.37848070036069E+01
 7.935E-01  1.32452149961844E+01
 8.043E-01  1.27267957563962E+01
 8.153E-01  1.22299990349195E+01
 8.264E-01  1.17551640682118E+01
 8.377E-01  1.13025217424330E+01
 8.491E-01  1.08721973046182E+01
 8.607E-01  1.04642135861530E+01
 8.725E-01  1.00784947011803E+01
 8.844E-01  9.71487018046135E+00
 8.965E-01  9.37307949945370E+00
 9.087E-01  9.05277695795793E+00
 9.211E-01  8.75353686765541E+00
 9.337E-01  8.47485900320331E+00
 9.464E-01  8.21617427228716E+00
 9.594E-01  7.97685056014667E+00
 9.725E-01  7.75619870458194E+00
 9.857E-01  7.55347855829629E+00
 9.992E-01  7.36790509661911E+00
 1.013E+00  7.19865453014582E+00
 1.027E+00  7.04487038360071E+00
 1.041E+00  6.90566950423238E+00
 1.055E+00  6.78014796525063E+00
 1.069E+00  6.66738683216748E+00
 1.084E+00  6.56645776237093E+00
 1.099E+00  6.47642841080308E+00
 1.114E+00  6.39636761719660E+00
 1.129E+00  6.32535035291890E+00
 1.144E+00  6.26246240805455E+00
 1.160E+00  6.20680480190617E+00
 1.176E+00  6.15749790259707E+00
 1.192E+00  6.11368524390562E+00
 1.208E+00  6.07453702984546E+00
 1.225E+00  6.03925331982301E+00
 1.241E+00  6.00706688945266E+00
 1.258E+00  5.97724576428806E+00
 1.275E+00  5.94909542583437E+00
 1.293E+00  5.92196069123768E+00
 1.310E+00  5.89522727000193E+00
 1.328E+00  5.86832300295482E+00
 1.347E+00  5.84071879046704E+00
 1.365E+00  5.81192921861641E+00
 1.384E+00  5.78151289357246E+00
 1.402E+00  5.74907249594884E+00
 1.422E+00  5.71425456822195E+00
 1.441E+00  5.67674904953612E+00
 1.461E+00  5.63628857330030E+00
 1.481E+00  5.59264754392144E+00
 1.501E+00  5.54564100980945E+00
 1.521E+00  5.49512335042429E+00
 1.542E+00  5.44098679561297E+00
 1.563E+00  5.38315979580385E+00
 1.584E+00  5.32160526178668E+00
 1.606E+00  5.25631869281344E+00
 1.628E+00  5.18732621161092E+00
 1.650E+00  5.11468252460720E+00
 1.673E+00  5.03846882524981E+00
 1.696E+00  4.95879065774068E+00
 1.719E+00  4.87577575784473E+00
 1.742E+00  4.78957188665511E+00
 1.766E+00  4.70034467233184E+00
 1.790E+00  4.60827547388485E+00
 1.815E+00  4.51355928006050E+00
 1.839E+00  4.41640265532646E+00
 1.864E+00  4.31702174384620E+00
 1.890E+00  4.21564034120543E+00
 1.916E+00  4.11248804251076E+00
 1.942E+00  4.00779847433815E+00
 1.968E+00  3.90180761687701E+00
 1.995E+00  3.79475222150518E+00
 2.022E+00  3.68686832795116E+00
 2.050E+00  3.57838988416004E+00
 2.078E+00  3.46954747098811E+00
 2.106E+00  3.36056713291227E+00
 2.135E+00  3.25166931506195E+00
 2.164E+00  3.14306790606570E+00
 2.194E+00  3.03496938545541E+00
 2.224E+00  2.92757207369212E+00
 2.254E+00  2.82106548226690E+00
 2.285E+00  2.71562976079137E+00
 2.316E+00  2.61143523752277E+00
 2.348E+00  2.50864204936780E+00
 2.380E+00  2.40739985707494E+00
 2.412E+00  2.30784764105477E+00
 2.445E+00  2.21011357305897E+00
 2.479E+00  2.11431495879631E+00
 2.513E+00  2.02055824646695E+00
 2.547E+00  1.92893909614747E+00
 2.582E+00  1.83954250495696E+00
 2.617E+00  1.75244298297283E+00
 2.653E+00  1.66770477494059E+00
 2.689E+00  1.58538212292979E+00
 2.725E+00  1.50551956522460E+00
 2.763E+00  1.42815226689798E+00
 2.800E+00  1.35330637769888E+00
 2.839E+00  1.28099941307899E+00
 2.877E+00  1.21124065439533E+00
 2.917E+00  1.14403156454425E+00
 2.956E+00  1.07936621550841E+00
 2.997E+00  1.01723172452761E+00
 3.038E+00  9.57608695835047E-01
 3.079E+00  9.00471665130408E-01
 3.121E+00  8.45789544187548E-01
 3.164E+00  7.93526063216690E-01
 3.207E+00  7.43640208816826E-01
 3.251E+00  6.96086655562599E-01
 3.295E+00  6.50816189470303E-01
 3.340E+00  6.07776121779082E-01
 3.386E+00  5.66910691665364E-01
 3.432E+00  5.28161456680782E-01
 3.479E+00  4.91467669866081E-01
 3.526E+00  4.56766642645774E-01
 3.575E+00  4.23994092750732E-01
 3.623E+00  3.93084476548648E-01
 3.673E+00  3.63971305285690E-01
 3.723E+00  3.36587444857098E-01
 3.774E+00  3.10865398830270E-01
 3.825E+00  2.86737574541683E-01
 3.878E+00  2.64136532179015E-01
 3.930E+00  2.42995216842890E-01
 3.984E+00  2.23247173658905E-01
 4.039E+00  2.04826746080782E-01
 4.094E+00  1.87669257589876E-01
 4.150E+00  1.71711177055345E-01
 4.206E+00  1.56890268073451E-01
 4.264E+00  1.43145722654045E-01
 4.322E+00  1.30418279667536E-01
 4.381E+00  1.18650328506910E-01
 4.441E+00  1.07785998456792E-01
 4.501E+00  9.77712342953094E-02
 4.563E+00  8.85538586847962E-02
 4.625E+00  8.00836219342081E-02
 4.688E+00  7.23122397396297E-02
 4.752E+00  6.51934195294307E-02
 4.817E+00  5.86828760575297E-02
 4.883E+00  5.27383369018322E-02
 4.950E+00  4.73195385352355E-02
 5.017E+00  4.23882136436263E-02
 5.086E+00  3.79080703690256E-02
 5.155E+00  3.38447641564889E-02
 5.225E+00  3.01658628805379E-02
 5.297E+00  2.68408059208413E-02
 5.369E+00  2.38408578476201E-02
 5.442E+00  2.11390573649157E-02
 5.517E+00  1.87101621445257E-02
 5.592E+00  1.65305901652223E-02
 5.668E+00  1.45783581509770E-02
 5.746E+00  1.28330176785088E-02
 5.824E+00  1.12755894987683E-02
 5.904E+00  9.88849658919176E-03
 5.984E+00  8.65549642397471E-03
 6.066E+00  7.56161291848662E-03
 6.149E+00  6.59306847156779E-03
 6.233E+00  5.73721649611400E-03
 6.318E+00  4.98247479436210E-03
 6.404E+00  4.31826009994542E-03
 6.491E+00  3.73492407439138E-03
 6.580E+00  3.22369101157568E-03
 6.670E+00  2.77659747001013E-03
 6.761E+00  2.38643401998804E-03
 6.853E+00  2.04668926078955E-03
 6.947E+00  1.75149623258318E-03
 7.042E+00  1.49558131854942E-03
 7.138E+00  1.27421570527124E-03
 7.235E+00  1.08316944373106E-03
 7.334E+00  9.18668129442086E-04
 7.434E+00  7.77352198410912E-04
 7.536E+00  6.56238815840245E-04
 7.639E+00  5.52686316765063E-04
 7.743E+00  4.64361142179258E-04
 7.849E+00  3.89207200631848E-04
 7.956E+00  3.25417573709116E-04
 8.064E+00  2.71408474206820E-04
 8.174E+00  2.25795358052078E-04
 8.286E+00  1.87371085058453E-04
 8.399E+00  1.55086019277837E-04
 8.514E+00  1.28029956926058E-04
 8.630E+00  1.05415768475018E-04
 8.748E+00  8.65646413866938E-05
 8.867E+00  7.08928109749814E-05
 8.988E+00  5.78996688811607E-05
 9.111E+00  4.71571415006165E-05
 9.235E+00  3.83002342689229E-05
 9.362E+00  3.10186418764450E-05
 9.489E+00  2.50493291108627E-05
 9.619E+00  2.01699920130753E-05
 9.750E+00  1.61933142691131E-05
 9.883E+00  1.29619391536956E-05
 1.002E+01  1.03440828044444E-05
 1.016E+01  8.22972006392601E-06
 1.029E+01  6.52727951406379E-06
 1.043E+01  5.16078958811268E-06
 1.058E+01  4.06742273279982E-06
 1.072E+01  3.19538946974432E-06
 1.087E+01  2.50213884152354E-06
 1.102E+01  1.95282610204050E-06
 1.117E+01  1.51901260838084E-06
 1.132E+01  1.17756668353132E-06
 1.147E+01  9.09737743004868E-07
 1.163E+01  7.00379215101078E-07
 1.179E+01  5.37298739708910E-07
 1.195E+01  4.10716812974968E-07
 1.211E+01  3.12817466155055E-07
 1.228E+01  2.37376740162079E-07
 1.245E+01  1.79457291204316E-07
 1.262E+01  1.35161223133756E-07
 1.279E+01  1.01412341819998E-07
 1.296E+01  7.57974978853036E-08
 1.314E+01  5.64315048535700E-08
 1.332E+01  4.18473650048543E-08
 1.350E+01  3.09080079702671E-08
 1.368E+01  2.27356138499129E-08
 1.387E+01  1.66552495516221E-08
 1.406E+01  1.21501062387942E-08
 1.425E+01  8.82609939156649E-09
 1.445E+01  6.38399219577551E-09
 1.464E+01  4.59753783755104E-09
 1.484E+01  3.29641580360936E-09
 1.505E+01  2.35296947423270E-09
 1.525E+01  1.67194421608358E-09
 1.546E+01  1.18258303478989E-09
 1.567E+01  8.32566034276032E-10
 1.589E+01  5.83385127393411E-10
 1.610E+01  4.06830673220731E-10
 1.632E+01  2.82335419240578E-10
 1.655E+01  1.94976222818892E-10
 1.677E+01  1.33977982515726E-10
 1.700E+01  9.15990954178915E-11
 1.723E+01  6.23052979927555E-11
 1.747E+01  4.21603756715317E-11
 1.771E+01  2.83791192064342E-11
 1.795E+01  1.90010289843783E-11
 1.819E+01  1.26534074115029E-11
 1.844E+01  8.38026955630298E-12
 1.869E+01  5.51945420774276E-12
 1.895E+01  3.61483943186925E-12
 1.921E+01  2.35398260006726E-12
 1.947E+01  1.52407037530069E-12
 1.974E+01  9.80979752329260E-13
 2.000E+01  6.27673162949822E-13
 2.028E+01  3.99199825437275E-13
 2.055E+01  2.52344987225979E-13
 2.084E+01  1.58529606625549E-13
 2.112E+01  9.89693579812989E-14
 2.141E+01  6.13943781909916E-14
 2.170E+01  3.78404455581821E-14
 2.200E+01  2.31710359378088E-14
 2.230E+01  1.40947540223493E-14
 2.260E+01  8.51634275140946E-15
 2.291E+01  5.11084308296469E-15
 2.322E+01  3.04603863724164E-15
 2.354E+01  1.80277208405487E-15
 2.386E+01  1.05941800391757E-15
 2.419E+01  6.18120245332880E-16
 2.452E+01  3.58026435173919E-16
 2.485E+01  2.05849851337380E-16
 2.519E+01  1.17472334344236E-16
 2.554E+01  6.65312771078226E-17
 2.588E+01  3.73918003891261E-17
 2.624E+01  2.08517048388120E-17
 2.660E+01  1.15365308737719E-17
 2.696E+01  6.33184874503266E-18
 2.733E+01  3.44714846484236E-18
 2.770E+01  1.86129612563456E-18
 2.808E+01  9.96662683895151E-19
 2.846E+01  5.29186437173497E-19
 2.885E+01  2.78578026281147E-19
 2.924E+01  1.45382398668396E-19
 2.964E+01  7.52059325517396E-20
 3.005E+01  3.85580834551773E-20
 3.046E+01  1.95906522584213E-20
 3.087E+01  9.86276748243974E-21
 3.130E+01  4.91938395607911E-21
 3.172E+01  2.43068963557557E-21
 3.216E+01  1.18959529398813E-21
 3.259E+01  5.76584829556848E-22
 3.304E+01  2.76734914970176E-22
 3.349E+01  1.31505284457243E-22
 3.395E+01  6.18645540160356E-23
 3.441E+01  2.88071381230187E-23
 3.488E+01  1.32756840384549E-23
 3.536E+01  6.05412330467425E-24
 3.584E+01  2.73159515587006E-24
 3.633E+01  1.21926243198191E-24
 3.683E+01  5.38301431168343E-25
 3.733E+01  2.35037054282882E-25
 3.784E+01  1.01476077536562E-25
 3.835E+01  4.33152381674682E-26
 3.888E+01  1.82767797863099E-26
 3.941E+01  7.62205167594412E-27
 3.995E+01  3.14114282614739E-27
 4.049E+01  1.27901738344686E-27
 4.104E+01  5.14477731586828E-28
 4.161E+01  2.04402168065351E-28
 4.217E+01  8.01972726138905E-29
 4.275E+01  3.10680693123315E-29
 4.333E+01  1.18815703100021E-29
 4.392E+01  4.48499148775027E-30
 4.452E+01  1.67070524073922E-30
 4.513E+01  6.14058324519031E-31
 4.575E+01  2.22644020861043E-31
 4.637E+01  7.96201534772610E-32
 4.701E+01  2.80778178204747E-32
 4.765E+01  9.76222300575810E-33
 4.830E+01  3.34575884448644E-33
 4.896E+01  1.13009623242687E-33
 4.963E+01  3.76118157593616E-34
 5.030E+01  1.23319966315640E-34
 5.099E+01  3.98248489410268E-35
 5.169E+01  1.26647996459252E-35
 5.239E+01  3.96535312477301E-36
 5.311E+01  1.22218606810691E-36
 5.383E+01  3.70814520890084E-37
 5.457E+01  1.10800043955269E-37
 5.531E+01  3.26749785311567E-38
 5.607E+01  0.00000000000000E+00
 5.683E+01  0.00000000000000E+00
 5.761E+01  0.00000000000000E+00
 5.839E+01  0.00000000000000E+00
 5.919E+01  0.00000000000000E+00
 6.000E+01  0.00000000000000E+00
