./ilogA is logfile.
./chgdenBi calculation starts
rmin,rmax=  1.20E-08  2.20E+01
  29838.43051458 -18788.65691736      0.30000000    1
   1648.67229980 -20271.49589458      0.30000000    1
   1019.75441563 -21006.56964283      0.30000000    1
    615.11268578 -21333.30427904      0.30000000    1
    361.75968835 -21460.67241130      0.30000000    1
    208.46609162 -21503.88083713      0.30000000    1
    119.24292463 -21517.18121161      0.30000000    1
     69.02890686 -21521.30983802      0.30000000    1
     41.09784108 -21522.71206748      0.30000000    1
     25.28963620 -21523.22914324      0.30000000    1
     16.02761832 -21523.43036103      0.30000000    1
     10.39236138 -21523.51177824      0.30000000    1
      6.84539293 -21523.54543114      0.30000000    1
      4.55284767 -21523.55935715      0.30000000    1
      3.04462197 -21523.56505749      0.30000000    1
      2.04215274 -21523.56736292      0.30000000    1
      1.37218012 -21523.56828968      0.30000000    1
      0.92310064 -21523.56866307      0.30000000    1
      0.62156410 -21523.56881496      0.30000000    1
      0.41886336 -21523.56887769      0.30000000    1
      0.28248399 -21523.56890406      0.30000000    1
      0.19065732 -21523.56891537      0.30000000    1
      0.12878394 -21523.56892031      0.30000000    1
      0.08706205 -21523.56892252      0.30000000    1
      0.05890634 -21523.56892351      0.30000000    1
      0.03988983 -21523.56892396      0.30000000    1
      0.02703494 -21523.56892417      0.30000000    1
      0.01833760 -21523.56892427      0.30000000    1
      0.01244803 -21523.56892432      0.30000000    1
      0.00845637 -21523.56892435      0.30000000    1
      0.00574879 -21523.56892435      0.30000000    1
      0.00391073 -21523.56892436      0.30000000    1
      0.00266202 -21523.56892436      0.30000000    1
      0.00181308 -21523.56892436      0.30000000    1
      0.00123555 -21523.56892436      0.30000000    1
      0.00084241 -21523.56892437      0.30000000    1
      0.00057463 -21523.56892437      0.30000000    1
      0.00039214 -21523.56892437      0.30000000    1
      0.00000000 -21523.56892437      1.00000000    2
      0.00000000 -21523.56892437      1.00000000    3
    1   0 0  -1/2   1    2.0000      -3302.086269
    2   0 0  -1/2   1    2.0000       -593.426959
    2   1 1  -1/2   1    2.0000       -570.461190
    2   1 1  -3/2   1    4.0000       -486.404038
    3   0 0  -1/2   1    2.0000       -143.308860
    3   1 1  -1/2   1    2.0000       -132.886195
    3   1 1  -3/2   1    4.0000       -114.043678
    3   2 2  -3/2   1    4.0000        -96.921081
    3   2 2  -5/2   1    6.0000        -92.902696
    4   0 0  -1/2   1    2.0000        -32.859470
    4   1 1  -1/2   1    2.0000        -28.318752
    4   1 1  -3/2   1    4.0000        -23.663145
    4   2 2  -3/2   1    4.0000        -16.257997
    4   2 2  -5/2   1    6.0000        -15.384421
    5   0 0  -1/2   1    2.0000         -5.758437
    5   1 1  -1/2   1    2.0000         -4.176012
    5   1 1  -3/2   1    4.0000         -3.270574
    4   3 3  -5/2   1    6.0000         -5.728200
    4   3 3  -7/2   1    8.0000         -5.526534
    5   2 2  -3/2   1    4.0000         -1.063136
    5   2 2  -5/2   1    6.0000         -0.952667
    6   0 0  -1/2   1    2.0000         -0.536882
    6   1 1  -1/2   1    1.0000         -0.228106
    6   1 1  -3/2   1    2.0000         -0.156443
 total energy =   -2.15235689243668E+04 -5.85686443428514E+05
