./ilogA is logfile.
./chgdenLu calculation starts
rmin,rmax=  1.41E-08  2.37E+01
  21132.70551521 -12593.84109942      0.30000000    1
   1284.67230362 -13652.71518191      0.30000000    1
    791.19938805 -14182.25141225      0.30000000    1
    473.31944159 -14416.90889318      0.30000000    1
    274.55746985 -14505.84305756      0.30000000    1
    155.05011331 -14533.76654807      0.30000000    1
     86.63988990 -14541.33662921      0.30000000    1
     49.51892059 -14543.62751157      0.30000000    1
     29.95479473 -14544.56936795      0.30000000    1
     19.16157645 -14544.99683794      0.30000000    1
     12.58028596 -14545.18504494      0.30000000    1
      8.31144943 -14545.26492785      0.30000000    1
      5.49572818 -14545.29784417      0.30000000    1
      3.63117144 -14545.31101624      0.30000000    1
      2.39662214 -14545.31613473      0.30000000    1
      1.58115553 -14545.31808218      0.30000000    1
      1.04383627 -14545.31882058      0.30000000    1
      0.69020334 -14545.31910518      0.30000000    1
      0.45737020 -14545.31921822      0.30000000    1
      0.30383165 -14545.31926470      0.30000000    1
      0.20235397 -14545.31928444      0.30000000    1
      0.13511042 -14545.31929305      0.30000000    1
      0.09043083 -14545.31929689      0.30000000    1
      0.06066359 -14545.31929864      0.30000000    1
      0.04077997 -14545.31929944      0.30000000    1
      0.02746578 -14545.31929981      0.30000000    1
      0.01853027 -14545.31929999      0.30000000    1
      0.01252096 -14545.31930007      0.30000000    1
      0.00847198 -14545.31930011      0.30000000    1
      0.00573922 -14545.31930013      0.30000000    1
      0.00389205 -14545.31930014      0.30000000    1
      0.00264181 -14545.31930014      0.30000000    1
      0.00179461 -14545.31930014      0.30000000    1
      0.00121993 -14545.31930015      0.30000000    1
      0.00082977 -14545.31930014      0.30000000    1
      0.00056466 -14545.31930015      0.30000000    1
      0.00038443 -14545.31930014      0.30000000    1
      0.00000000 -14545.31930015      1.00000000    2
      0.00000000 -14545.31930014      1.00000000    3
    1   0 0  -1/2   1    2.0000      -2305.481877
    2   0 0  -1/2   1    2.0000       -392.705796
    2   1 1  -1/2   1    2.0000       -375.160952
    2   1 1  -3/2   1    4.0000       -334.593271
    3   0 0  -1/2   1    2.0000        -89.016139
    3   1 1  -1/2   1    2.0000        -81.194003
    3   1 1  -3/2   1    4.0000        -72.533883
    3   2 2  -3/2   1    4.0000        -59.172758
    3   2 2  -5/2   1    6.0000        -57.271459
    4   0 0  -1/2   1    2.0000        -17.687531
    4   1 1  -1/2   1    2.0000        -14.493700
    4   1 1  -3/2   1    4.0000        -12.514441
    4   2 2  -3/2   1    4.0000         -7.239716
    4   2 2  -5/2   1    6.0000         -6.876612
    5   0 0  -1/2   1    2.0000         -2.232992
    5   1 1  -1/2   1    2.0000         -1.346092
    5   1 1  -3/2   1    4.0000         -1.093508
    4   3 3  -5/2   1    6.0000         -0.397272
    4   3 3  -7/2   1    8.0000         -0.341166
    5   2 2  -3/2   1    0.4000         -0.078660
    5   2 2  -5/2   1    0.6000         -0.066681
    6   0 0  -1/2   1    2.0000         -0.175772
 total energy =   -1.45453193001441E+04 -3.95798501603941E+05
