line2: Z,NR,R(1),R(NR) /line3,4,...: R(N),RHO*4*PI*R(N)**2
48.00  2000  1.01365245284744E-10  6.00000000000000E+01
 1.014E-10  1.09282940656434E-13
 1.027E-10  1.12094512010324E-13
 1.042E-10  1.14978417924846E-13
 1.056E-10  1.26121260124506E-13
 1.070E-10  1.29366038494435E-13
 1.085E-10  1.32694296737037E-13
 1.100E-10  1.36108182575262E-13
 1.115E-10  1.39609898989372E-13
 1.130E-10  1.43201705635888E-13
 1.145E-10  1.46885920306736E-13
 1.161E-10  1.50664920424692E-13
 1.177E-10  1.54541144577541E-13
 1.193E-10  1.58517094091734E-13
 1.209E-10  1.62595334646462E-13
 1.226E-10  1.66778497929284E-13
 1.242E-10  1.71069283334390E-13
 1.259E-10  1.75470459704478E-13
 1.276E-10  1.79984867117520E-13
 1.294E-10  1.84615418719450E-13
 1.312E-10  1.89365102603998E-13
 1.329E-10  1.94236983740931E-13
 1.348E-10  1.99234205953885E-13
 1.366E-10  2.04359993949043E-13
 1.385E-10  2.09617655396056E-13
 1.404E-10  2.15010583062483E-13
 1.423E-10  2.20542257003119E-13
 1.442E-10  2.26216246805723E-13
 1.462E-10  2.32036213894420E-13
 1.482E-10  2.38005913892439E-13
 1.502E-10  2.44129199045621E-13
 1.523E-10  2.50410020708259E-13
 1.543E-10  2.56852431892910E-13
 1.564E-10  2.63460589885822E-13
 1.586E-10  2.70238758929598E-13
 1.607E-10  2.77191312974914E-13
 1.629E-10  2.84322738503082E-13
 1.652E-10  2.91637637421091E-13
 1.674E-10  2.99140730031268E-13
 1.697E-10  3.06836858077292E-13
 1.720E-10  3.14730987868535E-13
 1.744E-10  3.22828213484852E-13
 1.767E-10  3.31133760063775E-13
 1.792E-10  3.39652987172300E-13
 1.816E-10  3.48391392265401E-13
 1.841E-10  3.57354614233550E-13
 1.866E-10  3.66548437041472E-13
 1.891E-10  3.75978793460568E-13
 1.917E-10  3.85651768897304E-13
 1.943E-10  3.95573605320124E-13
 1.970E-10  4.05750705287420E-13
 1.997E-10  4.16189636079033E-13
 2.024E-10  4.26897133934209E-13
 2.052E-10  4.37880108398420E-13
 2.080E-10  4.49145646782106E-13
 2.108E-10  4.60701018734131E-13
 2.137E-10  4.72553680932897E-13
 2.166E-10  4.84711281898109E-13
 2.196E-10  4.97181666926328E-13
 2.226E-10  5.09972883153665E-13
 2.256E-10  5.23093184748422E-13
 2.287E-10  5.36551038237636E-13
 2.318E-10  5.50355127970518E-13
 2.350E-10  5.64514361722357E-13
 2.382E-10  5.79037876442837E-13
 2.414E-10  5.93935044152035E-13
 2.447E-10  6.09215477988120E-13
 2.481E-10  6.24889038410853E-13
 2.515E-10  6.40965839564487E-13
 2.549E-10  6.57456255804337E-13
 2.584E-10  6.74370928391438E-13
 2.619E-10  6.91720772359313E-13
 2.655E-10  7.09516983557465E-13
 2.691E-10  7.27771045876010E-13
 2.728E-10  7.46494738656320E-13
 2.765E-10  7.65700144292115E-13
 2.803E-10  7.85399656026235E-13
 2.841E-10  8.05605985948125E-13
 2.880E-10  8.26332173196801E-13
 2.919E-10  8.47591592375066E-13
 2.959E-10  8.69397962180140E-13
 2.999E-10  8.91765354256329E-13
 3.040E-10  9.14708202275394E-13
 3.082E-10  9.38241311250665E-13
 3.124E-10  9.62379867090691E-13
 3.166E-10  9.87139446398705E-13
 3.210E-10  1.01253602652420E-12
 3.253E-10  1.03858599587305E-12
 3.298E-10  1.06530616448305E-12
 3.343E-10  1.09271377487136E-12
 3.389E-10  1.12082651316110E-12
 3.435E-10  1.14966252049416E-12
 3.482E-10  1.17924040473782E-12
 3.529E-10  1.20957925249225E-12
 3.577E-10  1.24069864140705E-12
 3.626E-10  1.27261865281491E-12
 3.676E-10  1.30535988468995E-12
 3.726E-10  1.33894346493952E-12
 3.777E-10  1.37339106503818E-12
 3.828E-10  1.40872491401219E-12
 3.881E-10  1.44496781278393E-12
 3.934E-10  1.48214314888533E-12
 3.987E-10  1.52027491154987E-12
 4.042E-10  1.55938770719270E-12
 4.097E-10  1.59950677528924E-12
 4.153E-10  1.64065800466231E-12
 4.210E-10  1.68286795018795E-12
 4.267E-10  1.72616384993140E-12
 4.325E-10  1.77057364272389E-12
 4.384E-10  1.81612598619139E-12
 4.444E-10  1.86285027524746E-12
 4.505E-10  1.91077666106179E-12
 4.566E-10  1.95993607051664E-12
 4.629E-10  2.01036022616406E-12
 4.692E-10  2.06208166669639E-12
 4.756E-10  2.11513376794346E-12
 4.821E-10  2.16955076441013E-12
 4.887E-10  2.22536777136750E-12
 4.953E-10  2.28262080751306E-12
 5.021E-10  2.34134681821340E-12
 5.090E-10  2.40158369934503E-12
 5.159E-10  2.46337032174892E-12
 5.230E-10  2.52674655631321E-12
 5.301E-10  2.59175329970244E-12
 5.373E-10  2.65843250074778E-12
 5.447E-10  2.72682718751677E-12
 5.521E-10  2.79698149507937E-12
 5.596E-10  2.86894069398815E-12
 5.673E-10  2.94275121949146E-12
 5.750E-10  3.01846070149806E-12
 5.829E-10  3.09611799531265E-12
 5.908E-10  3.17577321316205E-12
 5.989E-10  3.25747775653302E-12
 6.071E-10  3.34128434934121E-12
 6.154E-10  3.42724707195374E-12
 6.238E-10  3.51542139608798E-12
 6.323E-10  3.60586422060681E-12
 6.409E-10  3.69863390823530E-12
 6.497E-10  3.79379032322283E-12
 6.585E-10  3.89139486997273E-12
 6.675E-10  3.99151053266702E-12
 6.766E-10  4.09420191590972E-12
 6.859E-10  4.19953528641656E-12
 6.952E-10  4.30757861577655E-12
 7.047E-10  4.41840162431413E-12
 7.144E-10  4.53207582607989E-12
 7.241E-10  4.64867457499791E-12
 7.340E-10  4.76827311220169E-12
 7.440E-10  4.89094861458676E-12
 7.542E-10  5.01678024461318E-12
 7.645E-10  5.14584920138898E-12
 7.749E-10  5.27823877306778E-12
 7.855E-10  5.41403439059498E-12
 7.962E-10  5.55332368283567E-12
 8.071E-10  5.69619653312183E-12
 8.181E-10  5.84274513725429E-12
 8.293E-10  5.99306406299624E-12
 8.406E-10  6.14725031109764E-12
 8.521E-10  6.30540337789025E-12
 8.637E-10  6.46762531949247E-12
 8.755E-10  6.63402081766538E-12
 8.874E-10  6.80469724736467E-12
 8.996E-10  6.97976474602952E-12
 9.118E-10  7.15933628465431E-12
 9.243E-10  7.34352774068783E-12
 9.369E-10  7.53245797280953E-12
 9.497E-10  7.72624889763006E-12
 9.627E-10  7.92502556836196E-12
 9.758E-10  8.12891625551813E-12
 9.891E-10  8.33805252968401E-12
 1.003E-09  8.55256934641925E-12
 1.016E-09  8.77260513334634E-12
 1.030E-09  8.99830187947624E-12
 1.044E-09  9.22980522683414E-12
 1.059E-09  9.46726456444257E-12
 1.073E-09  9.71083312472212E-12
 1.088E-09  9.96066808237198E-12
 1.102E-09  1.02169306557949E-11
 1.118E-09  1.04797862111306E-11
 1.133E-09  1.07494043689670E-11
 1.148E-09  1.10259591137968E-11
 1.164E-09  1.13096289062889E-11
 1.180E-09  1.16005967984486E-11
 1.196E-09  1.18990505517417E-11
 1.212E-09  1.22051827582571E-11
 1.229E-09  1.25191909649857E-11
 1.246E-09  1.28412778012964E-11
 1.263E-09  1.31716511096954E-11
 1.280E-09  1.35105240799451E-11
 1.297E-09  1.38581153866341E-11
 1.315E-09  1.42146493302913E-11
 1.333E-09  1.45803559821230E-11
 1.351E-09  1.49554713324798E-11
 1.370E-09  1.53402374431412E-11
 1.388E-09  1.57349026035168E-11
 1.407E-09  1.61397214908692E-11
 1.426E-09  1.65549553346537E-11
 1.446E-09  1.69808720850935E-11
 1.466E-09  1.74177465860844E-11
 1.486E-09  1.78658607525530E-11
 1.506E-09  1.83255037523781E-11
 1.527E-09  1.87969721929856E-11
 1.547E-09  1.92805703127532E-11
 1.568E-09  1.97766101773347E-11
 1.590E-09  2.02854118810331E-11
 1.612E-09  2.08073037533610E-11
 1.634E-09  2.13426225709087E-11
 1.656E-09  2.18917137746661E-11
 1.679E-09  2.24549316929380E-11
 1.701E-09  2.30326397699883E-11
 1.725E-09  2.36252108005725E-11
 1.748E-09  2.42330271705004E-11
 1.772E-09  2.48564811033931E-11
 1.796E-09  2.54959749137796E-11
 1.821E-09  2.61519212667125E-11
 1.846E-09  2.68247434440611E-11
 1.871E-09  2.75148756176532E-11
 1.896E-09  2.82227631294468E-11
 1.922E-09  2.89488627789090E-11
 1.949E-09  2.96936431177891E-11
 1.975E-09  3.04575847524720E-11
 2.002E-09  3.12411806541144E-11
 2.029E-09  3.20449364767611E-11
 2.057E-09  3.28693708836395E-11
 2.085E-09  3.37150158818557E-11
 2.114E-09  3.45824171656937E-11
 2.143E-09  3.54721344687550E-11
 2.172E-09  3.63847419251576E-11
 2.201E-09  3.73208284400146E-11
 2.232E-09  3.82809980694628E-11
 2.262E-09  3.92658704104585E-11
 2.293E-09  4.02760810005945E-11
 2.324E-09  4.13122817282250E-11
 2.356E-09  4.23751412531201E-11
 2.388E-09  4.34653454379478E-11
 2.421E-09  4.45835977908720E-11
 2.454E-09  4.57306199195185E-11
 2.487E-09  4.69071519966267E-11
 2.521E-09  4.81139532376826E-11
 2.556E-09  4.93518023908464E-11
 2.590E-09  5.06214982394695E-11
 2.626E-09  5.19238601175536E-11
 2.662E-09  5.32597284384648E-11
 2.698E-09  5.46299652372485E-11
 2.735E-09  5.60354547269039E-11
 2.772E-09  5.74771038689677E-11
 2.810E-09  5.89558429587690E-11
 2.848E-09  6.04726262257443E-11
 2.887E-09  6.20284324492187E-11
 2.927E-09  6.36242655899953E-11
 2.967E-09  6.52611554382118E-11
 3.007E-09  6.69401582778699E-11
 3.048E-09  6.86623575684446E-11
 3.090E-09  7.04288646440481E-11
 3.132E-09  7.22408194305693E-11
 3.175E-09  7.40993911812645E-11
 3.218E-09  7.60057792312759E-11
 3.262E-09  7.79612137715633E-11
 3.307E-09  7.99669566427467E-11
 3.352E-09  8.20243021493582E-11
 3.398E-09  8.41345778950763E-11
 3.444E-09  8.62991456394056E-11
 3.491E-09  8.85194021764284E-11
 3.539E-09  9.07967802361678E-11
 3.587E-09  9.31327494090883E-11
 3.636E-09  9.55288170944618E-11
 3.685E-09  9.79865294730692E-11
 3.736E-09  1.00507472504948E-10
 3.787E-09  1.03093272952823E-10
 3.838E-09  1.05745599431838E-10
 3.891E-09  1.08466163486324E-10
 3.944E-09  1.11256720694248E-10
 3.998E-09  1.14119071800090E-10
 4.052E-09  1.17055063876861E-10
 4.108E-09  1.20066591518010E-10
 4.164E-09  1.23155598060008E-10
 4.221E-09  1.26324076836381E-10
 4.278E-09  1.29574072464002E-10
 4.337E-09  1.32907682162483E-10
 4.396E-09  1.36327057107501E-10
 4.456E-09  1.39834403818946E-10
 4.517E-09  1.43431985584808E-10
 4.578E-09  1.47122123921648E-10
 4.641E-09  1.50907200072671E-10
 4.704E-09  1.54789656544357E-10
 4.769E-09  1.58771998682582E-10
 4.834E-09  1.62856796289329E-10
 4.900E-09  1.67046685280973E-10
 4.967E-09  1.71344369389243E-10
 5.034E-09  1.75752621905923E-10
 5.103E-09  1.80274287472438E-10
 5.173E-09  1.84912283915539E-10
 5.243E-09  1.89669604130134E-10
 5.315E-09  1.94549318010601E-10
 5.388E-09  1.99554574431815E-10
 5.461E-09  2.04688603281084E-10
 5.536E-09  2.09954717542375E-10
 5.611E-09  2.15356315434217E-10
 5.688E-09  2.20896882602548E-10
 5.765E-09  2.26579994369979E-10
 5.844E-09  2.32409318042961E-10
 5.924E-09  2.38388615278295E-10
 6.005E-09  2.44521744510499E-10
 6.087E-09  2.50812663441663E-10
 6.170E-09  2.57265431595352E-10
 6.254E-09  2.63884212936199E-10
 6.340E-09  2.70673278556899E-10
 6.426E-09  2.77637009434341E-10
 6.514E-09  2.84779899256650E-10
 6.603E-09  2.92106557322949E-10
 6.693E-09  2.99621711517713E-10
 6.784E-09  3.07330211361689E-10
 6.877E-09  3.15237031141265E-10
 6.971E-09  3.23347273118373E-10
 7.066E-09  3.31666170822974E-10
 7.162E-09  3.40199092430197E-10
 7.260E-09  3.48951544224484E-10
 7.359E-09  3.57929174152727E-10
 7.460E-09  3.67137775468877E-10
 7.562E-09  3.76583290472356E-10
 7.665E-09  3.86271814342564E-10
 7.770E-09  3.96209599072125E-10
 7.876E-09  4.06403057501224E-10
 7.983E-09  4.16858767455844E-10
 8.092E-09  4.27583475992413E-10
 8.203E-09  4.38584103751643E-10
 8.315E-09  4.49867749424435E-10
 8.428E-09  4.61441694332595E-10
 8.543E-09  4.73313407127492E-10
 8.660E-09  4.85490548609558E-10
 8.778E-09  4.97980976671738E-10
 8.898E-09  5.10792751370202E-10
 9.019E-09  5.23934140125522E-10
 9.142E-09  5.37413623057471E-10
 9.267E-09  5.51239898457373E-10
 9.394E-09  5.65421888401040E-10
 9.522E-09  5.79968744506059E-10
 9.652E-09  5.94889853837479E-10
 9.784E-09  6.10194844965106E-10
 9.917E-09  6.25893594176818E-10
 1.005E-08  6.41996231851834E-10
 1.019E-08  6.58513148997611E-10
 1.033E-08  6.75455003955253E-10
 1.047E-08  6.92832729277292E-10
 1.061E-08  7.10657538782427E-10
 1.076E-08  7.28940934791703E-10
 1.090E-08  7.47694715550985E-10
 1.105E-08  7.66930982844324E-10
 1.120E-08  7.86662149803111E-10
 1.136E-08  8.06900948916397E-10
 1.151E-08  8.27660440246922E-10
 1.167E-08  8.48954019858875E-10
 1.183E-08  8.70795428462264E-10
 1.199E-08  8.93198760279689E-10
 1.215E-08  9.16178472141445E-10
 1.232E-08  9.39749392814310E-10
 1.249E-08  9.63926732570579E-10
 1.266E-08  9.88726093003122E-10
 1.283E-08  1.01416347709309E-09
 1.301E-08  1.04025529953655E-09
 1.318E-08  1.06701839733679E-09
 1.336E-08  1.09447004066926E-09
 1.355E-08  1.12262794402590E-09
 1.373E-08  1.15151027764614E-09
 1.392E-08  1.18113567924212E-09
 1.411E-08  1.21152326602567E-09
 1.430E-08  1.24269264704430E-09
 1.450E-08  1.27466393583511E-09
 1.470E-08  1.30745776340376E-09
 1.490E-08  1.34109529153762E-09
 1.510E-08  1.37559822646144E-09
 1.531E-08  1.41098883284417E-09
 1.551E-08  1.44728994816630E-09
 1.573E-08  1.48452499745678E-09
 1.594E-08  1.52271800840901E-09
 1.616E-08  1.56189362688596E-09
 1.638E-08  1.60207713282388E-09
 1.660E-08  1.64329445654514E-09
 1.683E-08  1.68557219549144E-09
 1.706E-08  1.72893763138657E-09
 1.729E-08  1.77341874784114E-09
 1.753E-08  1.81904424841064E-09
 1.777E-08  1.86584357511731E-09
 1.801E-08  1.91384692744902E-09
 1.826E-08  1.96308528184700E-09
 1.851E-08  2.01359041169450E-09
 1.876E-08  2.06539490782014E-09
 1.901E-08  2.11853219952860E-09
 1.927E-08  2.17303657617218E-09
 1.954E-08  2.22894320927777E-09
 1.980E-08  2.28628817524253E-09
 2.007E-08  2.34510847861397E-09
 2.035E-08  2.40544207596880E-09
 2.063E-08  2.46732790040586E-09
 2.091E-08  2.53080588666962E-09
 2.119E-08  2.59591699691954E-09
 2.148E-08  2.66270324716311E-09
 2.178E-08  2.73120773436812E-09
 2.207E-08  2.80147466427290E-09
 2.237E-08  2.87354937991217E-09
 2.268E-08  2.94747839087642E-09
 2.299E-08  3.02330940332437E-09
 2.330E-08  3.10109135076712E-09
 2.362E-08  3.18087442564496E-09
 2.394E-08  3.26271011171609E-09
 2.427E-08  3.34665121727846E-09
 2.460E-08  3.43275190924691E-09
 2.494E-08  3.52106774810647E-09
 2.528E-08  3.61165572376519E-09
 2.562E-08  3.70457429232933E-09
 2.597E-08  3.79988341382441E-09
 2.633E-08  3.89764459088735E-09
 2.669E-08  3.99792090845300E-09
 2.705E-08  4.10077707446287E-09
 2.742E-08  4.20627946162064E-09
 2.779E-08  4.31449615022156E-09
 2.817E-08  4.42549697208429E-09
 2.856E-08  4.53935355561286E-09
 2.895E-08  4.65613937201750E-09
 2.934E-08  4.77592978272551E-09
 2.974E-08  4.89880208801070E-09
 3.015E-08  5.02483557687495E-09
 3.056E-08  5.15411157821272E-09
 3.098E-08  5.28671351329169E-09
 3.140E-08  5.42272694958372E-09
 3.183E-08  5.56223965598053E-09
 3.227E-08  5.70534165943042E-09
 3.271E-08  5.85212530303171E-09
 3.315E-08  6.00268530562092E-09
 3.361E-08  6.15711882289354E-09
 3.406E-08  6.31552551009784E-09
 3.453E-08  6.47800758634142E-09
 3.500E-08  6.64466990055226E-09
 3.548E-08  6.81561999913589E-09
 3.596E-08  6.99096819537479E-09
 3.645E-08  7.17082764061223E-09
 3.695E-08  7.35531439726695E-09
 3.746E-08  7.54454751372750E-09
 3.797E-08  7.73864910117286E-09
 3.849E-08  7.93774441236884E-09
 3.901E-08  8.14196192249277E-09
 3.954E-08  8.35143341203714E-09
 4.008E-08  8.56629405184505E-09
 4.063E-08  8.78668249033483E-09
 4.119E-08  9.01274094296920E-09
 4.175E-08  9.24461528402336E-09
 4.232E-08  9.48245514071685E-09
 4.290E-08  9.72641398976636E-09
 4.348E-08  9.97664925642145E-09
 4.408E-08  1.02333224160489E-08
 4.468E-08  1.04965990983314E-08
 4.529E-08  1.07666491941463E-08
 4.591E-08  1.10436469651921E-08
 4.653E-08  1.13277711564398E-08
 4.717E-08  1.16192051114729E-08
 4.781E-08  1.19181368907952E-08
 4.846E-08  1.22247593931867E-08
 4.913E-08  1.25392704801757E-08
 4.980E-08  1.28618731037169E-08
 5.048E-08  1.31927754371536E-08
 5.117E-08  1.35321910095475E-08
 5.186E-08  1.38803388434675E-08
 5.257E-08  1.42374435963206E-08
 5.329E-08  1.46037357053190E-08
 5.402E-08  1.49794515361787E-08
 5.475E-08  1.53648335356426E-08
 5.550E-08  1.57601303879261E-08
 5.626E-08  1.61655971751899E-08
 5.703E-08  1.65814955421406E-08
 5.781E-08  1.70080938648643E-08
 5.860E-08  1.74456674240056E-08
 5.940E-08  1.78944985824014E-08
 6.021E-08  1.83548769672845E-08
 6.103E-08  1.88270996571749E-08
 6.186E-08  1.93114713735793E-08
 6.271E-08  1.98083046776221E-08
 6.356E-08  2.03179201717347E-08
 6.443E-08  2.08406467065351E-08
 6.531E-08  2.13768215930288E-08
 6.620E-08  2.19267908202671E-08
 6.711E-08  2.24909092786086E-08
 6.802E-08  2.30695409887239E-08
 6.895E-08  2.36630593364884E-08
 6.989E-08  2.42718473139210E-08
 7.085E-08  2.48962977663226E-08
 7.181E-08  2.55368136457686E-08
 7.279E-08  2.61938082711250E-08
 7.379E-08  2.68677055947577E-08
 7.479E-08  2.75589404760956E-08
 7.582E-08  2.82679589622379E-08
 7.685E-08  2.89952185757756E-08
 7.790E-08  2.97411886100220E-08
 7.896E-08  3.05063504318402E-08
 8.004E-08  3.12911977922510E-08
 8.113E-08  3.20962371450425E-08
 8.224E-08  3.29219879735725E-08
 8.336E-08  3.37689831259792E-08
 8.450E-08  3.46377691590095E-08
 8.566E-08  3.55289066907033E-08
 8.683E-08  3.64429707621477E-08
 8.801E-08  3.73805512085299E-08
 8.921E-08  3.83422530397458E-08
 9.043E-08  3.93286968307965E-08
 9.167E-08  4.03405191222303E-08
 9.292E-08  4.13783728308814E-08
 9.419E-08  4.24429276711793E-08
 9.547E-08  4.35348705873009E-08
 9.677E-08  4.46549061964324E-08
 9.810E-08  4.58037572434369E-08
 9.944E-08  4.69821650672234E-08
 1.008E-07  4.81908900791122E-08
 1.022E-07  4.94307122535014E-08
 1.036E-07  5.07024316311615E-08
 1.050E-07  5.20068688354793E-08
 1.064E-07  5.33448656019792E-08
 1.079E-07  5.47172853214673E-08
 1.093E-07  5.61250135971511E-08
 1.108E-07  5.75689588160893E-08
 1.123E-07  5.90500527353435E-08
 1.139E-07  6.05692510832136E-08
 1.154E-07  6.21275341759312E-08
 1.170E-07  6.37259075502260E-08
 1.186E-07  6.53654026121652E-08
 1.202E-07  6.70470773026809E-08
 1.219E-07  6.87720167802287E-08
 1.235E-07  7.05413341209871E-08
 1.252E-07  7.23561710370938E-08
 1.269E-07  7.42176986133542E-08
 1.287E-07  7.61271180628855E-08
 1.304E-07  7.80856615022251E-08
 1.322E-07  8.00945927463615E-08
 1.340E-07  8.21552081242224E-08
 1.358E-07  8.42688373151513E-08
 1.377E-07  8.64368442068901E-08
 1.396E-07  8.86606277756376E-08
 1.415E-07  9.09416229887602E-08
 1.434E-07  9.32813017307058E-08
 1.454E-07  9.56811737527537E-08
 1.473E-07  9.81427876471911E-08
 1.494E-07  1.00667731846547E-07
 1.514E-07  1.03257635648544E-07
 1.535E-07  1.05914170267403E-07
 1.556E-07  1.08639049912208E-07
 1.577E-07  1.11434032893009E-07
 1.598E-07  1.14300922755363E-07
 1.620E-07  1.17241569444084E-07
 1.642E-07  1.20257870496931E-07
 1.665E-07  1.23351772268981E-07
 1.687E-07  1.26525271188521E-07
 1.710E-07  1.29780415045254E-07
 1.734E-07  1.33119304311626E-07
 1.757E-07  1.36544093498134E-07
 1.781E-07  1.40056992543550E-07
 1.806E-07  1.43660268240862E-07
 1.830E-07  1.47356245699911E-07
 1.855E-07  1.51147309847658E-07
 1.881E-07  1.55035906967053E-07
 1.906E-07  1.59024546275478E-07
 1.932E-07  1.63115801543803E-07
 1.959E-07  1.67312312757099E-07
 1.986E-07  1.71616787818064E-07
 2.013E-07  1.76032004294260E-07
 2.040E-07  1.80560811210327E-07
 2.068E-07  1.85206130886274E-07
 2.096E-07  1.89970960823094E-07
 2.125E-07  1.94858375636828E-07
 2.154E-07  1.99871529042445E-07
 2.183E-07  2.05013655888747E-07
 2.213E-07  2.10288074245560E-07
 2.243E-07  2.15698187544705E-07
 2.274E-07  2.21247486776002E-07
 2.305E-07  2.26939552739756E-07
 2.336E-07  2.32778058357202E-07
 2.368E-07  2.38766771040396E-07
 2.401E-07  2.44909555123056E-07
 2.433E-07  2.51210374353942E-07
 2.467E-07  2.57673294454371E-07
 2.500E-07  2.64302485741530E-07
 2.534E-07  2.71102225819284E-07
 2.569E-07  2.78076902338169E-07
 2.604E-07  2.85231015826434E-07
 2.640E-07  2.92569182593864E-07
 2.676E-07  3.00096137710313E-07
 2.712E-07  3.07816738060906E-07
 2.749E-07  3.15735965479760E-07
 2.787E-07  3.23858929964365E-07
 2.825E-07  3.32190872972653E-07
 2.863E-07  3.40737170804845E-07
 2.903E-07  3.49503338072349E-07
 2.942E-07  3.58495031255861E-07
 2.982E-07  3.67718052354961E-07
 3.023E-07  3.77178352631650E-07
 3.064E-07  3.86882036450202E-07
 3.106E-07  3.96835365215705E-07
 3.149E-07  4.07044761413966E-07
 3.192E-07  4.17516812755392E-07
 3.235E-07  4.28258276425361E-07
 3.279E-07  4.39276083444001E-07
 3.324E-07  4.50577343138087E-07
 3.369E-07  4.62169347728056E-07
 3.415E-07  4.74059577032874E-07
 3.462E-07  4.86255703295989E-07
 3.509E-07  4.98765596135515E-07
 3.557E-07  5.11597327621627E-07
 3.606E-07  5.24759177484650E-07
 3.655E-07  5.38259638457043E-07
 3.705E-07  5.52107421752825E-07
 3.756E-07  5.66311462688018E-07
 3.807E-07  5.80880926445594E-07
 3.859E-07  5.95825213988671E-07
 3.911E-07  6.11153968125952E-07
 3.965E-07  6.26877079733111E-07
 4.019E-07  6.43004694134144E-07
 4.074E-07  6.59547217646968E-07
 4.129E-07  6.76515324297393E-07
 4.186E-07  6.93919962705689E-07
 4.243E-07  7.11772363150442E-07
 4.301E-07  7.30084044814052E-07
 4.360E-07  7.48866823214440E-07
 4.419E-07  7.68132817828247E-07
 4.479E-07  7.87894459909900E-07
 4.541E-07  8.08164500511742E-07
 4.603E-07  8.28956018710687E-07
 4.665E-07  8.50282430046331E-07
 4.729E-07  8.72157495176092E-07
 4.794E-07  8.94595328753064E-07
 4.859E-07  9.17610408532234E-07
 4.926E-07  9.41217584710853E-07
 4.993E-07  9.65432089509049E-07
 5.061E-07  9.90269546996982E-07
 5.130E-07  1.01574598317469E-06
 5.200E-07  1.04187783631125E-06
 5.271E-07  1.06868196754984E-06
 5.343E-07  1.09617567178552E-06
 5.416E-07  1.12437668882299E-06
 5.490E-07  1.15330321482123E-06
 5.565E-07  1.18297391403245E-06
 5.641E-07  1.21340793084310E-06
 5.718E-07  1.24462490212451E-06
 5.796E-07  1.27664496990120E-06
 5.875E-07  1.30948879434513E-06
 5.955E-07  1.34317756710409E-06
 6.037E-07  1.37773302497295E-06
 6.119E-07  1.41317746391636E-06
 6.202E-07  1.44953375345252E-06
 6.287E-07  1.48682535140652E-06
 6.373E-07  1.52507631904325E-06
 6.460E-07  1.56431133658986E-06
 6.548E-07  1.60455571915678E-06
 6.638E-07  1.64583543306891E-06
 6.728E-07  1.68817711261659E-06
 6.820E-07  1.73160807723721E-06
 6.913E-07  1.77615634913907E-06
 7.008E-07  1.82185067137826E-06
 7.103E-07  1.86872052640069E-06
 7.200E-07  1.91679615506065E-06
 7.298E-07  1.96610857612911E-06
 7.398E-07  2.01668960630337E-06
 7.499E-07  2.06857188073094E-06
 7.602E-07  2.12178887406226E-06
 7.705E-07  2.17637492204421E-06
 7.811E-07  2.23236524366883E-06
 7.917E-07  2.28979596389246E-06
 8.025E-07  2.34870413693833E-06
 8.135E-07  2.40912777019877E-06
 8.246E-07  2.47110584875265E-06
 8.358E-07  2.53467836051235E-06
 8.473E-07  2.59988632201846E-06
 8.588E-07  2.66677180489721E-06
 8.705E-07  2.73537796299870E-06
 8.824E-07  2.80574906023296E-06
 8.945E-07  2.87793049912174E-06
 9.067E-07  2.95196885008464E-06
 9.191E-07  3.02791188147861E-06
 9.316E-07  3.10580859040997E-06
 9.443E-07  3.18570923433836E-06
 9.572E-07  3.26766536349422E-06
 9.703E-07  3.35172985412905E-06
 9.835E-07  3.43795694262163E-06
 9.970E-07  3.52640226046079E-06
 1.011E-06  3.61712287012764E-06
 1.024E-06  3.71017730190142E-06
 1.038E-06  3.80562559161115E-06
 1.053E-06  3.90352931935778E-06
 1.067E-06  4.00395164923318E-06
 1.081E-06  4.10695737005994E-06
 1.096E-06  4.21261293717837E-06
 1.111E-06  4.32098651530871E-06
 1.126E-06  4.43214802251530E-06
 1.142E-06  4.54616917530183E-06
 1.157E-06  4.66312353486494E-06
 1.173E-06  4.78308655453865E-06
 1.189E-06  4.90613562845761E-06
 1.205E-06  5.03235014147268E-06
 1.222E-06  5.16181152034926E-06
 1.239E-06  5.29460328628242E-06
 1.255E-06  5.43081110876331E-06
 1.273E-06  5.57052286082840E-06
 1.290E-06  5.71382867573159E-06
 1.308E-06  5.86082100507290E-06
 1.325E-06  6.01159467842114E-06
 1.344E-06  6.16624696447004E-06
 1.362E-06  6.32487763376777E-06
 1.380E-06  6.48758902305774E-06
 1.399E-06  6.65448610127480E-06
 1.418E-06  6.82567653723854E-06
 1.438E-06  7.00127076908630E-06
 1.457E-06  7.18138207549147E-06
 1.477E-06  7.36612664871423E-06
 1.497E-06  7.55562366952888E-06
 1.518E-06  7.74999538407742E-06
 1.539E-06  7.94936718270227E-06
 1.560E-06  8.15386768080076E-06
 1.581E-06  8.36362880176259E-06
 1.603E-06  8.57878586203864E-06
 1.624E-06  8.79947765839480E-06
 1.647E-06  9.02584655741183E-06
 1.669E-06  9.25803858728432E-06
 1.692E-06  9.49620353198153E-06
 1.715E-06  9.74049502782623E-06
 1.738E-06  9.99107066255865E-06
 1.762E-06  1.02480920769479E-05
 1.786E-06  1.05117250690121E-05
 1.811E-06  1.07821397009210E-05
 1.835E-06  1.10595104086470E-05
 1.860E-06  1.13440161144314E-05
 1.886E-06  1.16358403421461E-05
 1.911E-06  1.19351713356179E-05
 1.938E-06  1.22422021799951E-05
 1.964E-06  1.25571309262365E-05
 1.991E-06  1.28801607187957E-05
 2.018E-06  1.32114999265922E-05
 2.046E-06  1.35513622773465E-05
 2.073E-06  1.38999669953687E-05
 2.102E-06  1.42575389428886E-05
 2.130E-06  1.46243087650206E-05
 2.160E-06  1.50005130384526E-05
 2.189E-06  1.53863944239567E-05
 2.219E-06  1.57822018228217E-05
 2.249E-06  1.61881905373046E-05
 2.280E-06  1.66046224352076E-05
 2.311E-06  1.70317661186824E-05
 2.343E-06  1.74698970973784E-05
 2.375E-06  1.79192979660343E-05
 2.407E-06  1.83802585866398E-05
 2.440E-06  1.88530762752755E-05
 2.473E-06  1.93380559937549E-05
 2.507E-06  1.98355105461955E-05
 2.541E-06  2.03457607806361E-05
 2.576E-06  2.08691357958386E-05
 2.611E-06  2.14059731534052E-05
 2.647E-06  2.19566190953450E-05
 2.683E-06  2.25214287672311E-05
 2.719E-06  2.31007664470953E-05
 2.757E-06  2.36950057802009E-05
 2.794E-06  2.43045300198524E-05
 2.832E-06  2.49297322743911E-05
 2.871E-06  2.55710157605353E-05
 2.910E-06  2.62287940632355E-05
 2.950E-06  2.69034914022038E-05
 2.990E-06  2.75955429052889E-05
 3.031E-06  2.83053948888804E-05
 3.072E-06  2.90335051455169E-05
 3.114E-06  2.97803432388784E-05
 3.157E-06  3.05463908063663E-05
 3.200E-06  3.13321418694494E-05
 3.244E-06  3.21381031519903E-05
 3.288E-06  3.29647944067455E-05
 3.333E-06  3.38127487502525E-05
 3.378E-06  3.46825130063284E-05
 3.424E-06  3.55746480583828E-05
 3.471E-06  3.64897292107892E-05
 3.519E-06  3.74283465595342E-05
 3.567E-06  3.83911053723904E-05
 3.615E-06  3.93786264788586E-05
 3.665E-06  4.03915466701225E-05
 3.715E-06  4.14305191092779E-05
 3.765E-06  4.24962137520935E-05
 3.817E-06  4.35893177785948E-05
 3.869E-06  4.47105360357183E-05
 3.922E-06  4.58605914913399E-05
 3.975E-06  4.70402256999685E-05
 4.030E-06  4.82501992803896E-05
 4.085E-06  4.94912924055932E-05
 4.140E-06  5.07643053052705E-05
 4.197E-06  5.20700587812141E-05
 4.254E-06  5.34093947359707E-05
 4.312E-06  5.47831767150470E-05
 4.371E-06  5.61922904630584E-05
 4.431E-06  5.76376444941536E-05
 4.491E-06  5.91201706770745E-05
 4.553E-06  6.06408248352623E-05
 4.615E-06  6.22005873623511E-05
 4.678E-06  6.38004638534779E-05
 4.742E-06  6.54414857527981E-05
 4.806E-06  6.71247110176218E-05
 4.872E-06  6.88512247996141E-05
 4.938E-06  7.06221401434675E-05
 5.006E-06  7.24385987035214E-05
 5.074E-06  7.43017714787765E-05
 5.144E-06  7.62128595667821E-05
 5.214E-06  7.81730949368677E-05
 5.285E-06  8.01837412232281E-05
 5.357E-06  8.22460945383683E-05
 5.430E-06  8.43614843074256E-05
 5.504E-06  8.65312741238988E-05
 5.579E-06  8.87568626273642E-05
 5.656E-06  9.10396844036891E-05
 5.733E-06  9.33812109083631E-05
 5.811E-06  9.57829514135488E-05
 5.890E-06  9.82464539793767E-05
 5.971E-06  1.00773306450238E-04
 6.052E-06  1.03365137476596E-04
 6.135E-06  1.06023617563017E-04
 6.219E-06  1.08750460143130E-04
 6.304E-06  1.11547422682134E-04
 6.390E-06  1.14416307807602E-04
 6.477E-06  1.17358964469305E-04
 6.565E-06  1.20377289128780E-04
 6.655E-06  1.23473226979439E-04
 6.746E-06  1.26648773197946E-04
 6.838E-06  1.29905974227717E-04
 6.931E-06  1.33246929095350E-04
 7.026E-06  1.36673790760790E-04
 7.122E-06  1.40188767502176E-04
 7.219E-06  1.43794124336156E-04
 7.318E-06  1.47492184474646E-04
 7.418E-06  1.51285330818987E-04
 7.519E-06  1.55176007492363E-04
 7.622E-06  1.59166721411540E-04
 7.726E-06  1.63260043898935E-04
 7.831E-06  1.67458612335981E-04
 7.938E-06  1.71765131858899E-04
 8.046E-06  1.76182377097973E-04
 8.156E-06  1.80713193961374E-04
 8.268E-06  1.85360501464749E-04
 8.380E-06  1.90127293607712E-04
 8.495E-06  1.95016641298408E-04
 8.611E-06  2.00031694327461E-04
 8.728E-06  2.05175683392456E-04
 8.848E-06  2.10451922174365E-04
 8.968E-06  2.15863809467166E-04
 9.091E-06  2.21414831362032E-04
 9.215E-06  2.27108563487515E-04
 9.341E-06  2.32948673307131E-04
 9.468E-06  2.38938922475806E-04
 9.597E-06  2.45083169256670E-04
 9.729E-06  2.51385370999876E-04
 9.861E-06  2.57849586684824E-04
 9.996E-06  2.64479979527523E-04
 1.013E-05  2.71280819654814E-04
 1.027E-05  2.78256486847029E-04
 1.041E-05  2.85411473350884E-04
 1.055E-05  2.92750386764508E-04
 1.070E-05  3.00277952996271E-04
 1.084E-05  3.07999019299417E-04
 1.099E-05  3.15918557384414E-04
 1.114E-05  3.24041666610964E-04
 1.129E-05  3.32373577261782E-04
 1.145E-05  3.40919653900169E-04
 1.160E-05  3.49685398813571E-04
 1.176E-05  3.58676455545197E-04
 1.192E-05  3.67898612516160E-04
 1.209E-05  3.77357806740272E-04
 1.225E-05  3.87060127633859E-04
 1.242E-05  3.97011820923195E-04
 1.259E-05  4.07219292651806E-04
 1.276E-05  4.17689113290381E-04
 1.293E-05  4.28428021951809E-04
 1.311E-05  4.39442930714106E-04
 1.329E-05  4.50740929053883E-04
 1.347E-05  4.62329288393177E-04
 1.365E-05  4.74215466762694E-04
 1.384E-05  4.86407113584232E-04
 1.403E-05  4.98912074575490E-04
 1.422E-05  5.11738396780145E-04
 1.442E-05  5.24894333726728E-04
 1.461E-05  5.38388350719353E-04
 1.481E-05  5.52229130263567E-04
 1.501E-05  5.66425577631091E-04
 1.522E-05  5.80986826566689E-04
 1.543E-05  5.95922245140915E-04
 1.564E-05  6.11241441752516E-04
 1.585E-05  6.26954271283970E-04
 1.607E-05  6.43070841414695E-04
 1.629E-05  6.59601519095244E-04
 1.651E-05  6.76556937186920E-04
 1.673E-05  6.93948001271223E-04
 1.696E-05  7.11785896632894E-04
 1.719E-05  7.30082095421617E-04
 1.743E-05  7.48848363996372E-04
 1.767E-05  7.68096770457417E-04
 1.791E-05  7.87839692370592E-04
 1.815E-05  8.08089824688696E-04
 1.840E-05  8.28860187875220E-04
 1.865E-05  8.50164136235359E-04
 1.891E-05  8.72015366459473E-04
 1.916E-05  8.94427926384827E-04
 1.943E-05  9.17416223980852E-04
 1.969E-05  9.40995036563197E-04
 1.996E-05  9.65179520243497E-04
 2.023E-05  9.89985219619671E-04
 2.051E-05  1.01542807771343E-03
 2.079E-05  1.04152444616145E-03
 2.107E-05  1.06829109566590E-03
 2.136E-05  1.09574522671190E-03
 2.165E-05  1.12390448055789E-03
 2.195E-05  1.15278695050597E-03
 2.225E-05  1.18241119345986E-03
 2.255E-05  1.21279624177694E-03
 2.286E-05  1.24396161542253E-03
 2.317E-05  1.27592733443345E-03
 2.349E-05  1.30871393169948E-03
 2.381E-05  1.34234246606997E-03
 2.413E-05  1.37683453579415E-03
 2.446E-05  1.41221229230382E-03
 2.480E-05  1.44849845434679E-03
 2.514E-05  1.48571632247996E-03
 2.548E-05  1.52388979393135E-03
 2.583E-05  1.56304337784019E-03
 2.618E-05  1.60320221088458E-03
 2.654E-05  1.64439207330698E-03
 2.690E-05  1.68663940534684E-03
 2.727E-05  1.72997132409156E-03
 2.764E-05  1.77441564075537E-03
 2.802E-05  1.82000087839774E-03
 2.840E-05  1.86675629009196E-03
 2.879E-05  1.91471187755548E-03
 2.918E-05  1.96389841025358E-03
 2.958E-05  2.01434744498807E-03
 2.998E-05  2.06609134598392E-03
 3.039E-05  2.11916330548571E-03
 3.080E-05  2.17359736487676E-03
 3.123E-05  2.22942843633465E-03
 3.165E-05  2.28669232503644E-03
 3.208E-05  2.34542575192693E-03
 3.252E-05  2.40566637706474E-03
 3.297E-05  2.46745282356044E-03
 3.342E-05  2.53082470212223E-03
 3.387E-05  2.59582263622290E-03
 3.433E-05  2.66248828790564E-03
 3.480E-05  2.73086438424407E-03
 3.528E-05  2.80099474447145E-03
 3.576E-05  2.87292430779837E-03
 3.625E-05  2.94669916193450E-03
 3.674E-05  3.02236657233257E-03
 3.724E-05  3.09997501217304E-03
 3.775E-05  3.17957419310687E-03
 3.827E-05  3.26121509677710E-03
 3.879E-05  3.34495000713758E-03
 3.932E-05  3.43083254358901E-03
 3.986E-05  3.51891769495299E-03
 4.040E-05  3.60926185430508E-03
 4.095E-05  3.70192285468796E-03
 4.151E-05  3.79696000572697E-03
 4.208E-05  3.89443413117150E-03
 4.265E-05  3.99440760738356E-03
 4.324E-05  4.09694440279795E-03
 4.383E-05  4.20211011837961E-03
 4.442E-05  4.30997202910096E-03
 4.503E-05  4.42059912646598E-03
 4.565E-05  4.53406216210734E-03
 4.627E-05  4.65043369248175E-03
 4.690E-05  4.76978812469273E-03
 4.754E-05  4.89220176346828E-03
 4.819E-05  5.01775285932106E-03
 4.885E-05  5.14652165792308E-03
 4.951E-05  5.27859045072228E-03
 5.019E-05  5.41404362683329E-03
 5.088E-05  5.55296772623459E-03
 5.157E-05  5.69545149430334E-03
 5.227E-05  5.84158593772164E-03
 5.299E-05  5.99146438178812E-03
 5.371E-05  6.14518252917032E-03
 5.445E-05  6.30283852013262E-03
 5.519E-05  6.46453299427624E-03
 5.594E-05  6.63036915383047E-03
 5.671E-05  6.80045282853158E-03
 5.748E-05  6.97489254212930E-03
 5.826E-05  7.15379958056138E-03
 5.906E-05  7.33728806183755E-03
 5.987E-05  7.52547500767398E-03
 6.068E-05  7.71848041692341E-03
 6.151E-05  7.91642734084367E-03
 6.235E-05  8.11944196024978E-03
 6.320E-05  8.32765366459763E-03
 6.407E-05  8.54119513304443E-03
 6.494E-05  8.76020241753773E-03
 6.583E-05  8.98481502797919E-03
 6.673E-05  9.21517601951757E-03
 6.764E-05  9.45143208201973E-03
 6.856E-05  9.69373363177671E-03
 6.950E-05  9.94223490549778E-03
 7.045E-05  1.01970940566472E-02
 7.141E-05  1.04584732541835E-02
 7.238E-05  1.07265387837596E-02
 7.337E-05  1.10014611514436E-02
 7.437E-05  1.12834151900192E-02
 7.539E-05  1.15725801679342E-02
 7.642E-05  1.18691399009573E-02
 7.746E-05  1.21732828666101E-02
 7.852E-05  1.24852023214446E-02
 7.959E-05  1.28050964212287E-02
 8.068E-05  1.31331683441208E-02
 8.178E-05  1.34696264168954E-02
 8.289E-05  1.38146842443010E-02
 8.403E-05  1.41685608416236E-02
 8.517E-05  1.45314807705333E-02
 8.634E-05  1.49036742782945E-02
 8.751E-05  1.52853774404182E-02
 8.871E-05  1.56768323068464E-02
 8.992E-05  1.60782870517458E-02
 9.115E-05  1.64899961270023E-02
 9.239E-05  1.69122204195044E-02
 9.365E-05  1.73452274123074E-02
 9.493E-05  1.77892913497719E-02
 9.623E-05  1.82446934067691E-02
 9.754E-05  1.87117218620554E-02
 9.887E-05  1.91906722759129E-02
 1.002E-04  1.96818476721574E-02
 1.016E-04  2.01855587246202E-02
 1.030E-04  2.07021239482135E-02
 1.044E-04  2.12318698946804E-02
 1.058E-04  2.17751313531497E-02
 1.073E-04  2.23322515556044E-02
 1.087E-04  2.29035823873846E-02
 1.102E-04  2.34894846028429E-02
 1.117E-04  2.40903280462693E-02
 1.132E-04  2.47064918782249E-02
 1.148E-04  2.53383648073952E-02
 1.163E-04  2.59863453281025E-02
 1.179E-04  2.66508419636151E-02
 1.195E-04  2.73322735153766E-02
 1.212E-04  2.80310693183096E-02
 1.228E-04  2.87476695023267E-02
 1.245E-04  2.94825252601984E-02
 1.262E-04  3.02360991219264E-02
 1.279E-04  3.10088652357725E-02
 1.297E-04  3.18013096561046E-02
 1.314E-04  3.26139306382106E-02
 1.332E-04  3.34472389402519E-02
 1.351E-04  3.43017581325107E-02
 1.369E-04  3.51780249141143E-02
 1.388E-04  3.60765894374008E-02
 1.407E-04  3.69980156401027E-02
 1.426E-04  3.79428815855368E-02
 1.445E-04  3.89117798109777E-02
 1.465E-04  3.99053176844060E-02
 1.485E-04  4.09241177698195E-02
 1.505E-04  4.19688182013191E-02
 1.526E-04  4.30400730661532E-02
 1.547E-04  4.41385527969275E-02
 1.568E-04  4.52649445732015E-02
 1.589E-04  4.64199527326760E-02
 1.611E-04  4.76042991921896E-02
 1.633E-04  4.88187238787522E-02
 1.655E-04  5.00639851708336E-02
 1.678E-04  5.13408603501529E-02
 1.701E-04  5.26501460641942E-02
 1.724E-04  5.39926587996904E-02
 1.748E-04  5.53692353673241E-02
 1.771E-04  5.67807333979034E-02
 1.796E-04  5.82280318502596E-02
 1.820E-04  5.97120315311276E-02
 1.845E-04  6.12336556272801E-02
 1.870E-04  6.27938502501912E-02
 1.896E-04  6.43935849935022E-02
 1.922E-04  6.60338535035664E-02
 1.948E-04  6.77156740633680E-02
 1.974E-04  6.94400901901118E-02
 2.001E-04  7.12081712467738E-02
 2.029E-04  7.30210130679264E-02
 2.056E-04  7.48797386001501E-02
 2.084E-04  7.67854985573251E-02
 2.113E-04  7.87394720911620E-02
 2.142E-04  8.07428674772788E-02
 2.171E-04  8.27969228171615E-02
 2.201E-04  8.49029067563355E-02
 2.231E-04  8.70621192191336E-02
 2.261E-04  8.92758921603764E-02
 2.292E-04  9.15455903343254E-02
 2.323E-04  9.38726120813097E-02
 2.355E-04  9.62583901323631E-02
 2.387E-04  9.87043924322655E-02
 2.420E-04  1.01212122981366E-01
 2.453E-04  1.03783122696595E-01
 2.486E-04  1.06418970292044E-01
 2.520E-04  1.09121283179534E-01
 2.555E-04  1.11891718389588E-01
 2.589E-04  1.14731973513189E-01
 2.625E-04  1.17643787664806E-01
 2.661E-04  1.20628942467094E-01
 2.697E-04  1.23689263057667E-01
 2.734E-04  1.26826619118463E-01
 2.771E-04  1.30042925928126E-01
 2.809E-04  1.33340145437820E-01
 2.847E-04  1.36720287371009E-01
 2.886E-04  1.40185410347639E-01
 2.926E-04  1.43737623033206E-01
 2.965E-04  1.47379085313216E-01
 3.006E-04  1.51112009493507E-01
 3.047E-04  1.54938661526933E-01
 3.089E-04  1.58861362266950E-01
 3.131E-04  1.62882488748585E-01
 3.174E-04  1.67004475497342E-01
 3.217E-04  1.71229815866511E-01
 3.261E-04  1.75561063403494E-01
 3.305E-04  1.80000833245632E-01
 3.350E-04  1.84551803546107E-01
 3.396E-04  1.89216716930455E-01
 3.442E-04  1.93998381984258E-01
 3.489E-04  1.98899674772608E-01
 3.537E-04  2.03923540391836E-01
 3.585E-04  2.09072994554171E-01
 3.634E-04  2.14351125205865E-01
 3.684E-04  2.19761094179386E-01
 3.734E-04  2.25306138880240E-01
 3.785E-04  2.30989574009085E-01
 3.837E-04  2.36814793319676E-01
 3.889E-04  2.42785271413259E-01
 3.942E-04  2.48904565570080E-01
 3.996E-04  2.55176317618540E-01
 4.051E-04  2.61604255842673E-01
 4.106E-04  2.68192196928551E-01
 4.162E-04  2.74944047950236E-01
 4.219E-04  2.81863808395915E-01
 4.277E-04  2.88955572234823E-01
 4.335E-04  2.96223530025630E-01
 4.394E-04  3.03671971066865E-01
 4.454E-04  3.11305285590044E-01
 4.515E-04  3.19127966996157E-01
 4.577E-04  3.27144614136077E-01
 4.639E-04  3.35359933635558E-01
 4.702E-04  3.43778742265510E-01
 4.767E-04  3.52405969358066E-01
 4.832E-04  3.61246659269088E-01
 4.898E-04  3.70305973887860E-01
 4.965E-04  3.79589195194398E-01
 5.032E-04  3.89101727865099E-01
 5.101E-04  3.98849101927334E-01
 5.171E-04  4.08836975463496E-01
 5.241E-04  4.19071137365176E-01
 5.313E-04  4.29557510138061E-01
 5.385E-04  4.40302152758011E-01
 5.459E-04  4.51311263578972E-01
 5.533E-04  4.62591183293266E-01
 5.609E-04  4.74148397944723E-01
 5.686E-04  4.85989541995247E-01
 5.763E-04  4.98121401445315E-01
 5.842E-04  5.10550917008780E-01
 5.922E-04  5.23285187342642E-01
 6.002E-04  5.36331472332069E-01
 6.084E-04  5.49697196431084E-01
 6.167E-04  5.63389952059546E-01
 6.252E-04  5.77417503056471E-01
 6.337E-04  5.91787788190308E-01
 6.423E-04  6.06508924726364E-01
 6.511E-04  6.21589212051658E-01
 6.600E-04  6.37037135357628E-01
 6.690E-04  6.52861369380613E-01
 6.782E-04  6.69070782200590E-01
 6.874E-04  6.85674439098183E-01
 6.968E-04  7.02681606469987E-01
 7.063E-04  7.20101755802447E-01
 7.160E-04  7.37944567704139E-01
 7.257E-04  7.56219935996504E-01
 7.356E-04  7.74937971862931E-01
 7.457E-04  7.94109008056051E-01
 7.559E-04  8.13743603163065E-01
 7.662E-04  8.33852545928851E-01
 7.766E-04  8.54446859636415E-01
 7.872E-04  8.75537806544498E-01
 7.980E-04  8.97136892381775E-01
 8.089E-04  9.19255870896995E-01
 8.199E-04  9.41906748464775E-01
 8.311E-04  9.65101788746026E-01
 8.425E-04  9.88853517402310E-01
 8.540E-04  1.01317472686352E+00
 8.656E-04  1.03807848114760E+00
 8.774E-04  1.06357812073133E+00
 8.894E-04  1.08968726747118E+00
 9.016E-04  1.11641982957284E+00
 9.139E-04  1.14379000660797E+00
 9.264E-04  1.17181229457687E+00
 9.390E-04  1.20050149101531E+00
 9.518E-04  1.22987270014384E+00
 9.648E-04  1.25994133805763E+00
 9.780E-04  1.29072313795503E+00
 9.913E-04  1.32223415540240E+00
 1.005E-03  1.35449077363317E+00
 1.019E-03  1.38750970887851E+00
 1.032E-03  1.42130801572696E+00
 1.047E-03  1.45590309251051E+00
 1.061E-03  1.49131268671368E+00
 1.075E-03  1.52755490040306E+00
 1.090E-03  1.56464819567340E+00
 1.105E-03  1.60261140010686E+00
 1.120E-03  1.64146371224223E+00
 1.135E-03  1.68122470704930E+00
 1.151E-03  1.72191434140478E+00
 1.167E-03  1.76355295956536E+00
 1.182E-03  1.80616129863286E+00
 1.199E-03  1.84976049400733E+00
 1.215E-03  1.89437208482221E+00
 1.232E-03  1.94001801935657E+00
 1.248E-03  1.98672066041891E+00
 1.265E-03  2.03450279069611E+00
 1.283E-03  2.08338761806180E+00
 1.300E-03  2.13339878083741E+00
 1.318E-03  2.18456035299903E+00
 1.336E-03  2.23689684932304E+00
 1.354E-03  2.29043323046309E+00
 1.373E-03  2.34519490795050E+00
 1.391E-03  2.40120774910996E+00
 1.410E-03  2.45849808188212E+00
 1.430E-03  2.51709269954421E+00
 1.449E-03  2.57701886531914E+00
 1.469E-03  2.63830431686381E+00
 1.489E-03  2.70097727062651E+00
 1.509E-03  2.76506642606274E+00
 1.530E-03  2.83060096969875E+00
 1.551E-03  2.89761057903155E+00
 1.572E-03  2.96612542625339E+00
 1.593E-03  3.03617618178883E+00
 1.615E-03  3.10779401763139E+00
 1.637E-03  3.18101061046679E+00
 1.660E-03  3.25585814456915E+00
 1.682E-03  3.33236931445588E+00
 1.705E-03  3.41057732728677E+00
 1.729E-03  3.49051590499170E+00
 1.752E-03  3.57221928611185E+00
 1.776E-03  3.65572222733755E+00
 1.800E-03  3.74106000472615E+00
 1.825E-03  3.82826841458268E+00
 1.850E-03  3.91738377398487E+00
 1.875E-03  4.00844292093447E+00
 1.901E-03  4.10148321411534E+00
 1.927E-03  4.19654253223849E+00
 1.953E-03  4.29365927295380E+00
 1.980E-03  4.39287235130752E+00
 2.007E-03  4.49422119772358E+00
 2.034E-03  4.59774575548629E+00
 2.062E-03  4.70348647770189E+00
 2.090E-03  4.81148432371501E+00
 2.118E-03  4.92178075495600E+00
 2.147E-03  5.03441773019320E+00
 2.177E-03  5.14943770016623E+00
 2.206E-03  5.26688360157217E+00
 2.236E-03  5.38679885037875E+00
 2.267E-03  5.50922733443664E+00
 2.298E-03  5.63421340536168E+00
 2.329E-03  5.76180186965951E+00
 2.361E-03  5.89203797906116E+00
 2.393E-03  6.02496742004017E+00
 2.426E-03  6.16063630248018E+00
 2.459E-03  6.29909114746024E+00
 2.493E-03  6.44037887412674E+00
 2.527E-03  6.58454678561805E+00
 2.561E-03  6.73164255400758E+00
 2.596E-03  6.88171420423241E+00
 2.632E-03  7.03481009697141E+00
 2.668E-03  7.19097891043703E+00
 2.704E-03  7.35026962104568E+00
 2.741E-03  7.51273148292926E+00
 2.778E-03  7.67841400625040E+00
 2.816E-03  7.84736693428451E+00
 2.855E-03  8.01964021922932E+00
 2.894E-03  8.19528399670436E+00
 2.933E-03  8.37434855890093E+00
 2.973E-03  8.55688432634241E+00
 3.014E-03  8.74294181821628E+00
 3.055E-03  8.93257162123750E+00
 3.097E-03  9.12582435700282E+00
 3.139E-03  9.32275064779563E+00
 3.182E-03  9.52340108080101E+00
 3.225E-03  9.72782617069096E+00
 3.269E-03  9.93607632053819E+00
 3.314E-03  1.01482017810189E+01
 3.359E-03  1.03642526078645E+01
 3.405E-03  1.05842786175216E+01
 3.452E-03  1.08083293409809E+01
 3.499E-03  1.10364539757366E+01
 3.546E-03  1.12687013358366E+01
 3.595E-03  1.15051197999858E+01
 3.644E-03  1.17457572576662E+01
 3.694E-03  1.19906610532362E+01
 3.744E-03  1.22398779279747E+01
 3.795E-03  1.24934539600353E+01
 3.847E-03  1.27514345022777E+01
 3.900E-03  1.30138641179451E+01
 3.953E-03  1.32807865141578E+01
 4.007E-03  1.35522444731935E+01
 4.061E-03  1.38282797815307E+01
 4.117E-03  1.41089331566271E+01
 4.173E-03  1.43942441714142E+01
 4.230E-03  1.46842511764879E+01
 4.288E-03  1.49789912199765E+01
 4.346E-03  1.52784999650742E+01
 4.406E-03  1.55828116052276E+01
 4.466E-03  1.58919587769677E+01
 4.527E-03  1.62059724703842E+01
 4.589E-03  1.65248819372403E+01
 4.651E-03  1.68487145967316E+01
 4.715E-03  1.71774959388988E+01
 4.779E-03  1.75112494257037E+01
 4.844E-03  1.78499963897874E+01
 4.911E-03  1.81937559309336E+01
 4.978E-03  1.85425448102613E+01
 5.046E-03  1.88963773421849E+01
 5.114E-03  1.92552652841769E+01
 5.184E-03  1.96192177243803E+01
 5.255E-03  1.99882409671244E+01
 5.327E-03  2.03623384163993E+01
 5.400E-03  2.07415104573600E+01
 5.473E-03  2.11257543359307E+01
 5.548E-03  2.15150640365935E+01
 5.624E-03  2.19094301584501E+01
 5.700E-03  2.23088397896575E+01
 5.778E-03  2.27132763803439E+01
 5.857E-03  2.31227196141243E+01
 5.937E-03  2.35371452783413E+01
 6.018E-03  2.39565251331701E+01
 6.100E-03  2.43808267797343E+01
 6.184E-03  2.48100135273938E+01
 6.268E-03  2.52440442603724E+01
 6.354E-03  2.56828733039081E+01
 6.440E-03  2.61264502901218E+01
 6.528E-03  2.65747200238074E+01
 6.617E-03  2.70276223483649E+01
 6.708E-03  2.74850920121075E+01
 6.799E-03  2.79470585351887E+01
 6.892E-03  2.84134460774086E+01
 6.986E-03  2.88841733071729E+01
 7.082E-03  2.93591532718911E+01
 7.178E-03  2.98382932701183E+01
 7.276E-03  3.03214947257553E+01
 7.376E-03  3.08086530646416E+01
 7.476E-03  3.12996575938874E+01
 7.578E-03  3.17943913843071E+01
 7.682E-03  3.22927311563360E+01
 7.787E-03  3.27945471698207E+01
 7.893E-03  3.32997031180963E+01
 8.001E-03  3.38080560267753E+01
 8.110E-03  3.43194561576911E+01
 8.221E-03  3.48337469184540E+01
 8.333E-03  3.53507647780918E+01
 8.447E-03  3.58703391892667E+01
 8.562E-03  3.63922925175712E+01
 8.679E-03  3.69164399784241E+01
 8.798E-03  3.74425895820996E+01
 8.918E-03  3.79705420874404E+01
 9.039E-03  3.85000909648162E+01
 9.163E-03  3.90310223689041E+01
 9.288E-03  3.95631151218808E+01
 9.415E-03  4.00961407076256E+01
 9.543E-03  4.06298632775494E+01
 9.674E-03  4.11640396686685E+01
 9.806E-03  4.16984194345589E+01
 9.940E-03  4.22327448898275E+01
 1.008E-02  4.27667511687513E+01
 1.021E-02  4.33001662987335E+01
 1.035E-02  4.38327112892353E+01
 1.049E-02  4.43641002368446E+01
 1.064E-02  4.48940404471400E+01
 1.078E-02  4.54222325740115E+01
 1.093E-02  4.59483707770947E+01
 1.108E-02  4.64721428979730E+01
 1.123E-02  4.69932306557903E+01
 1.138E-02  4.75113098629143E+01
 1.154E-02  4.80260506612726E+01
 1.170E-02  4.85371177799727E+01
 1.186E-02  4.90441708148010E+01
 1.202E-02  4.95468645301701E+01
 1.218E-02  5.00448491840688E+01
 1.235E-02  5.05377708765366E+01
 1.252E-02  5.10252719221570E+01
 1.269E-02  5.15069912470311E+01
 1.286E-02  5.19825648106561E+01
 1.304E-02  5.24516260530926E+01
 1.321E-02  5.29138063677608E+01
 1.339E-02  5.33687356001541E+01
 1.358E-02  5.38160425727139E+01
 1.376E-02  5.42553556360409E+01
 1.395E-02  5.46863032465687E+01
 1.414E-02  5.51085145707515E+01
 1.433E-02  5.55216201157517E+01
 1.453E-02  5.59252523865351E+01
 1.473E-02  5.63190465692070E+01
 1.493E-02  5.67026412403307E+01
 1.513E-02  5.70756791018878E+01
 1.534E-02  5.74378077414402E+01
 1.555E-02  5.77886804169585E+01
 1.576E-02  5.81279568656763E+01
 1.598E-02  5.84553041362201E+01
 1.619E-02  5.87703974431546E+01
 1.642E-02  5.90729210429630E+01
 1.664E-02  5.93625691303586E+01
 1.687E-02  5.96390467537012E+01
 1.710E-02  5.99020707481569E+01
 1.733E-02  6.01513706851077E+01
 1.757E-02  6.03866898361768E+01
 1.781E-02  6.06077861500951E+01
 1.805E-02  6.08144332404885E+01
 1.830E-02  6.10064213825156E+01
 1.855E-02  6.11835585161390E+01
 1.880E-02  6.13456712536563E+01
 1.906E-02  6.14926058889666E+01
 1.932E-02  6.16242294058890E+01
 1.958E-02  6.17404304826976E+01
 1.985E-02  6.18411204898809E+01
 2.012E-02  6.19262344779765E+01
 2.039E-02  6.19957321521805E+01
 2.067E-02  6.20495988302798E+01
 2.095E-02  6.20878463803053E+01
 2.124E-02  6.21105141341611E+01
 2.153E-02  6.21176697733436E+01
 2.182E-02  6.21094101827299E+01
 2.212E-02  6.20858622682860E+01
 2.242E-02  6.20471837344282E+01
 2.273E-02  6.19935638166521E+01
 2.304E-02  6.19252239649482E+01
 2.335E-02  6.18424184734253E+01
 2.367E-02  6.17454350514868E+01
 2.400E-02  6.16345953318345E+01
 2.432E-02  6.15102553105226E+01
 2.466E-02  6.13728057142476E+01
 2.499E-02  6.12226722900365E+01
 2.533E-02  6.10603160124929E+01
 2.568E-02  6.08862332037764E+01
 2.603E-02  6.07009555615252E+01
 2.639E-02  6.05050500899888E+01
 2.675E-02  6.02991189297184E+01
 2.711E-02  6.00837990812640E+01
 2.748E-02  5.98597620184557E+01
 2.786E-02  5.96277131870007E+01
 2.824E-02  5.93883913843100E+01
 2.862E-02  5.91425680166735E+01
 2.901E-02  5.88910462301445E+01
 2.941E-02  5.86346599117568E+01
 2.981E-02  5.83742725580006E+01
 3.022E-02  5.81107760078067E+01
 3.063E-02  5.78450890376495E+01
 3.105E-02  5.75781558167737E+01
 3.147E-02  5.73109442209677E+01
 3.190E-02  5.70444440037663E+01
 3.234E-02  5.67796648244509E+01
 3.278E-02  5.65176341327329E+01
 3.323E-02  5.62593949105585E+01
 3.368E-02  5.60060032720523E+01
 3.414E-02  5.57585259232261E+01
 3.461E-02  5.55180374837218E+01
 3.508E-02  5.52856176735174E+01
 3.556E-02  5.50623483682258E+01
 3.604E-02  5.48493105273230E+01
 3.654E-02  5.46475810003871E+01
 3.703E-02  5.44582292171864E+01
 3.754E-02  5.42823137682283E+01
 3.805E-02  5.41208788831759E+01
 3.857E-02  5.39749508153363E+01
 3.910E-02  5.38455341412401E+01
 3.963E-02  5.37336079851480E+01
 4.017E-02  5.36401221791336E+01
 4.072E-02  5.35659933702142E+01
 4.128E-02  5.35121010868039E+01
 4.184E-02  5.34792837775666E+01
 4.241E-02  5.34683348365263E+01
 4.299E-02  5.34799986290565E+01
 4.358E-02  5.35149665341041E+01
 4.417E-02  5.35738730187173E+01
 4.478E-02  5.36572917616092E+01
 4.539E-02  5.37657318431264E+01
 4.601E-02  5.38996340195707E+01
 4.664E-02  5.40593671003552E+01
 4.727E-02  5.42452244469473E+01
 4.792E-02  5.44574206129629E+01
 4.857E-02  5.46960881451103E+01
 4.924E-02  5.49612745649537E+01
 4.991E-02  5.52529395516402E+01
 5.059E-02  5.55709523458384E+01
 5.128E-02  5.59150893951343E+01
 5.198E-02  5.62850322610400E+01
 5.269E-02  5.66803658075726E+01
 5.341E-02  5.71005766910564E+01
 5.414E-02  5.75450521703869E+01
 5.488E-02  5.80130792564604E+01
 5.563E-02  5.85038442188219E+01
 5.639E-02  5.90164324668079E+01
 5.716E-02  5.95498288215564E+01
 5.794E-02  6.01029181942273E+01
 5.873E-02  6.06744866846143E+01
 5.953E-02  6.12632231130347E+01
 6.034E-02  6.18677209969591E+01
 6.116E-02  6.24864809822879E+01
 6.200E-02  6.31179137374907E+01
 6.285E-02  6.37603433170099E+01
 6.370E-02  6.44120109983889E+01
 6.457E-02  6.50710795955168E+01
 6.546E-02  6.57356382482029E+01
 6.635E-02  6.64037076859950E+01
 6.725E-02  6.70732459617562E+01
 6.817E-02  6.77421546480139E+01
 6.910E-02  6.84082854865036E+01
 7.005E-02  6.90694474786575E+01
 7.100E-02  6.97234144020468E+01
 7.197E-02  7.03679327349817E+01
 7.296E-02  7.10007299686262E+01
 7.395E-02  7.16195232831000E+01
 7.496E-02  7.22220285611385E+01
 7.598E-02  7.28059697099738E+01
 7.702E-02  7.33690882592065E+01
 7.807E-02  7.39091531995715E+01
 7.914E-02  7.44239710246828E+01
 8.022E-02  7.49113959350888E+01
 8.132E-02  7.53693401613030E+01
 8.243E-02  7.57957843599119E+01
 8.355E-02  7.61887880344243E+01
 8.469E-02  7.65464999302381E+01
 8.585E-02  7.68671683509792E+01
 8.702E-02  7.71491513415385E+01
 8.821E-02  7.73909266814119E+01
 8.941E-02  7.75911016304718E+01
 9.063E-02  7.77484223680687E+01
 9.187E-02  7.78617830654199E+01
 9.312E-02  7.79302345305954E+01
 9.440E-02  7.79529923650907E+01
 9.568E-02  7.79294445709956E+01
 9.699E-02  7.78591585481523E+01
 9.831E-02  7.77418874214580E+01
 9.966E-02  7.75775756396305E+01
 1.010E-01  7.73663637883311E+01
 1.024E-01  7.71085925625399E+01
 1.038E-01  7.68048058455249E+01
 1.052E-01  7.64557528446343E+01
 1.066E-01  7.60623892374945E+01
 1.081E-01  7.56258772860011E+01
 1.096E-01  7.51475848797633E+01
 1.111E-01  7.46290834753932E+01
 1.126E-01  7.40721449032130E+01
 1.141E-01  7.34787370185882E+01
 1.157E-01  7.28510181811458E+01
 1.173E-01  7.21913305516179E+01
 1.189E-01  7.15021922029050E+01
 1.205E-01  7.07862880491809E+01
 1.221E-01  7.00464596044163E+01
 1.238E-01  6.92856935895402E+01
 1.255E-01  6.85071094155593E+01
 1.272E-01  6.77139455782514E+01
 1.289E-01  6.69095450085020E+01
 1.307E-01  6.60973394308907E+01
 1.325E-01  6.52808327917141E+01
 1.343E-01  6.44635838261649E+01
 1.361E-01  6.36491878428239E+01
 1.380E-01  6.28412578118749E+01
 1.399E-01  6.20434048514514E+01
 1.418E-01  6.12592182141899E+01
 1.437E-01  6.04922448833149E+01
 1.457E-01  5.97459688943342E+01
 1.477E-01  5.90237905046045E+01
 1.497E-01  5.83290053385475E+01
 1.517E-01  5.76647836410849E+01
 1.538E-01  5.70341497758436E+01
 1.559E-01  5.64399621077794E+01
 1.580E-01  5.58848934120259E+01
 1.602E-01  5.53714119519274E+01
 1.624E-01  5.49017633693065E+01
 1.646E-01  5.44779535290122E+01
 1.668E-01  5.41017324576436E+01
 1.691E-01  5.37745795130317E+01
 1.714E-01  5.34976899165576E+01
 1.738E-01  5.32719627746914E+01
 1.761E-01  5.30979907092425E+01
 1.785E-01  5.29760512077434E+01
 1.810E-01  5.29060997961525E+01
 1.834E-01  5.28877651257096E+01
 1.860E-01  5.29203460543345E+01
 1.885E-01  5.30028107904996E+01
 1.911E-01  5.31337981540891E+01
 1.937E-01  5.33116209944580E+01
 1.963E-01  5.35342717908271E+01
 1.990E-01  5.37994304443851E+01
 2.017E-01  5.41044742551401E+01
 2.045E-01  5.44464900597905E+01
 2.073E-01  5.48222884898137E+01
 2.101E-01  5.52284202917352E+01
 2.130E-01  5.56611946343081E+01
 2.159E-01  5.61166993102571E+01
 2.188E-01  5.65908227234917E+01
 2.218E-01  5.70792775364453E+01
 2.248E-01  5.75776258366152E+01
 2.279E-01  5.80813056666408E+01
 2.310E-01  5.85856587485291E+01
 2.342E-01  5.90859592200748E+01
 2.374E-01  5.95774431902883E+01
 2.406E-01  6.00553389108717E+01
 2.439E-01  6.05148973526016E+01
 2.472E-01  6.09514229690018E+01
 2.506E-01  6.13603044250112E+01
 2.540E-01  6.17370450655462E+01
 2.575E-01  6.20772928979809E+01
 2.610E-01  6.23768698636513E+01
 2.646E-01  6.26318001765465E+01
 2.682E-01  6.28383375123628E+01
 2.718E-01  6.29929908380391E+01
 2.755E-01  6.30925486807020E+01
 2.793E-01  6.31341016455565E+01
 2.831E-01  6.31150630045592E+01
 2.870E-01  6.30331871916041E+01
 2.909E-01  6.28865860552941E+01
 2.949E-01  6.26737427370300E+01
 2.989E-01  6.23935230599676E+01
 3.030E-01  6.20451843331979E+01
 3.071E-01  6.16283814951453E+01
 3.113E-01  6.11431705404497E+01
 3.156E-01  6.05900091953527E+01
 3.199E-01  5.99697548276413E+01
 3.242E-01  5.92836595983577E+01
 3.287E-01  5.85333628835751E+01
 3.331E-01  5.77208810154091E+01
 3.377E-01  5.68485944119131E+01
 3.423E-01  5.59192321854510E+01
 3.470E-01  5.49358543383917E+01
 3.517E-01  5.39018316734092E+01
 3.565E-01  5.28208235631556E+01
 3.614E-01  5.16967537404900E+01
 3.663E-01  5.05337842856893E+01
 3.713E-01  4.93362880010185E+01
 3.764E-01  4.81088193756234E+01
 3.815E-01  4.68560843548209E+01
 3.867E-01  4.55829091374312E+01
 3.920E-01  4.42942082327419E+01
 3.974E-01  4.29949520149443E+01
 4.028E-01  4.16901340173731E+01
 4.083E-01  4.03847382115555E+01
 4.139E-01  3.90837065168751E+01
 4.195E-01  3.77919067855384E+01
 4.252E-01  3.65141015044593E+01
 4.311E-01  3.52549174506143E+01
 4.369E-01  3.40188165293662E+01
 4.429E-01  3.28100680161874E+01
 4.489E-01  3.16327224111660E+01
 4.551E-01  3.04905871026719E+01
 4.613E-01  2.93872040216643E+01
 4.676E-01  2.83258294514058E+01
 4.740E-01  2.73094161389423E+01
 4.804E-01  2.63405978347306E+01
 4.870E-01  2.54216763654469E+01
 4.936E-01  2.45546113224748E+01
 5.004E-01  2.37410124251038E+01
 5.072E-01  2.29821345933305E+01
 5.141E-01  2.22788757406433E+01
 5.212E-01  2.16317772725953E+01
 5.283E-01  2.10410272526558E+01
 5.355E-01  2.05064661731057E+01
 5.428E-01  2.00275952459094E+01
 5.502E-01  1.96035871068601E+01
 5.577E-01  1.92332988061053E+01
 5.653E-01  1.89152869396282E+01
 5.731E-01  1.86478247595693E+01
 5.809E-01  1.84289210865152E+01
 5.888E-01  1.82563408341487E+01
 5.969E-01  1.81276269459505E+01
 6.050E-01  1.80401235349805E+01
 6.133E-01  1.79910000111000E+01
 6.216E-01  1.79772759753032E+01
 6.301E-01  1.79958466580648E+01
 6.387E-01  1.80435086777513E+01
 6.474E-01  1.81169858961760E+01
 6.563E-01  1.82129551512901E+01
 6.652E-01  1.83280716518016E+01
 6.743E-01  1.84589938251919E+01
 6.835E-01  1.86024074191558E+01
 6.929E-01  1.87550486668897E+01
 7.023E-01  1.89137263388531E+01
 7.119E-01  1.90753425175335E+01
 7.216E-01  1.92369119472573E+01
 7.315E-01  1.93955798280349E+01
 7.415E-01  1.95486379406386E+01
 7.516E-01  1.96935390093533E+01
 7.618E-01  1.98279092288771E+01
 7.723E-01  1.99495589024010E+01
 7.828E-01  2.00564911586962E+01
 7.935E-01  2.01469087367725E+01
 8.043E-01  2.02192188470774E+01
 8.153E-01  2.02720361379689E+01
 8.264E-01  2.03041838150718E+01
 8.377E-01  2.03146929788462E+01
 8.491E-01  2.03028002620465E+01
 8.607E-01  2.02679438635230E+01
 8.725E-01  2.02097580878582E+01
 8.844E-01  2.01280665115107E+01
 8.965E-01  2.00228739053588E+01
 9.087E-01  1.98943570507584E+01
 9.211E-01  1.97428545914162E+01
 9.337E-01  1.95688560665721E+01
 9.464E-01  1.93729902722134E+01
 9.594E-01  1.91560130964081E+01
 9.725E-01  1.89187949724430E+01
 9.857E-01  1.86623080894244E+01
 9.992E-01  1.83876134944900E+01
 1.013E+00  1.80958482139660E+01
 1.027E+00  1.77882125128518E+01
 1.041E+00  1.74659574031194E+01
 1.055E+00  1.71303725016518E+01
 1.069E+00  1.67827743284164E+01
 1.084E+00  1.64244951248379E+01
 1.099E+00  1.60568722614926E+01
 1.114E+00  1.56812382933416E+01
 1.129E+00  1.52989117099187E+01
 1.144E+00  1.49111884173177E+01
 1.160E+00  1.45193339786103E+01
 1.176E+00  1.41245766295808E+01
 1.192E+00  1.37281010774703E+01
 1.208E+00  1.33310430818601E+01
 1.225E+00  1.29344848089513E+01
 1.241E+00  1.25394509433549E+01
 1.258E+00  1.21469055351220E+01
 1.275E+00  1.17577495541379E+01
 1.293E+00  1.13728191191709E+01
 1.310E+00  1.09928843648037E+01
 1.328E+00  1.06186489061625E+01
 1.347E+00  1.02507498587681E+01
 1.365E+00  9.88975836893094E+00
 1.384E+00  9.53618060885850E+00
 1.402E+00  9.19045918999157E+00
 1.422E+00  8.85297494799332E+00
 1.441E+00  8.52404905322254E+00
 1.461E+00  8.20394540138635E+00
 1.481E+00  7.89287324033005E+00
 1.501E+00  7.59098999053309E+00
 1.521E+00  7.29840421878795E+00
 1.542E+00  7.01517872669407E+00
 1.563E+00  6.74133371795339E+00
 1.584E+00  6.47685001096276E+00
 1.606E+00  6.22167226581876E+00
 1.628E+00  5.97571219754220E+00
 1.650E+00  5.73885175005694E+00
 1.673E+00  5.51094620818656E+00
 1.696E+00  5.29182722763346E+00
 1.719E+00  5.08130576555070E+00
 1.742E+00  4.87917489688453E+00
 1.766E+00  4.68521250413434E+00
 1.790E+00  4.49918383052941E+00
 1.815E+00  4.32084388884486E+00
 1.839E+00  4.14993972016021E+00
 1.864E+00  3.98621249879569E+00
 1.890E+00  3.82939948143620E+00
 1.916E+00  3.67923580006877E+00
 1.942E+00  3.53545609981333E+00
 1.968E+00  3.39779602402025E+00
 1.995E+00  3.26599355014305E+00
 2.022E+00  3.13979018087531E+00
 2.050E+00  3.01893199587182E+00
 2.078E+00  2.90317057006278E+00
 2.106E+00  2.79226376512277E+00
 2.135E+00  2.68597640108266E+00
 2.164E+00  2.58408081538122E+00
 2.194E+00  2.48635731685268E+00
 2.224E+00  2.39259454224802E+00
 2.254E+00  2.30258972290016E+00
 2.285E+00  2.21614886907630E+00
 2.316E+00  2.13308687942564E+00
 2.348E+00  2.05322758273495E+00
 2.380E+00  1.97640371895957E+00
 2.412E+00  1.90245686621010E+00
 2.445E+00  1.83123732005543E+00
 2.479E+00  1.76260393115725E+00
 2.513E+00  1.69642390688786E+00
 2.547E+00  1.63257258220828E+00
 2.582E+00  1.57093316470320E+00
 2.617E+00  1.51139645828848E+00
 2.653E+00  1.45386056973103E+00
 2.689E+00  1.39823060175250E+00
 2.725E+00  1.34441833613276E+00
 2.763E+00  1.29234190988727E+00
 2.800E+00  1.24192548726825E+00
 2.839E+00  1.19309893003355E+00
 2.877E+00  1.14579746814090E+00
 2.917E+00  1.09996137275992E+00
 2.956E+00  1.05553563324944E+00
 2.997E+00  1.01246963952447E+00
 3.038E+00  9.70716871033938E-01
 3.079E+00  9.30234593387516E-01
 3.121E+00  8.90983563506632E-01
 3.164E+00  8.52927744029019E-01
 3.207E+00  8.16034027568318E-01
 3.251E+00  7.80271971317760E-01
 3.295E+00  7.45613542389172E-01
 3.340E+00  7.12032874193769E-01
 3.386E+00  6.79506034098125E-01
 3.432E+00  6.48010802525924E-01
 3.479E+00  6.17526463622123E-01
 3.526E+00  5.88033607549808E-01
 3.575E+00  5.59513944449926E-01
 3.623E+00  5.31950130059083E-01
 3.673E+00  5.05325602949658E-01
 3.723E+00  4.79624433328546E-01
 3.774E+00  4.54831183305116E-01
 3.825E+00  4.30930778514598E-01
 3.878E+00  4.07908390959597E-01
 3.930E+00  3.85749332909090E-01
 3.984E+00  3.64438961670796E-01
 4.039E+00  3.43962595028942E-01
 4.094E+00  3.24305437114869E-01
 4.150E+00  3.05452514452700E-01
 4.206E+00  2.87388621896360E-01
 4.264E+00  2.70098278147667E-01
 4.322E+00  2.53565690518283E-01
 4.381E+00  2.37774728571145E-01
 4.441E+00  2.22708906249986E-01
 4.501E+00  2.08351372078977E-01
 4.563E+00  1.94684906988783E-01
 4.625E+00  1.81691929300841E-01
 4.688E+00  1.69354506378801E-01
 4.752E+00  1.57654372435265E-01
 4.817E+00  1.46572951963604E-01
 4.883E+00  1.36091388249110E-01
 4.950E+00  1.26190576401363E-01
 5.017E+00  1.16851200340841E-01
 5.086E+00  1.08053773167661E-01
 5.155E+00  9.97786803391310E-02
 5.225E+00  9.20062250857518E-02
 5.297E+00  8.47166755023915E-02
 5.369E+00  7.78903127626842E-02
 5.442E+00  7.15074799202149E-02
 5.517E+00  6.55486307796076E-02
 5.592E+00  5.99943783441016E-02
 5.668E+00  5.48255423733210E-02
 5.746E+00  5.00231956154411E-02
 5.824E+00  4.55687083114749E-02
 5.904E+00  4.14437906055706E-02
 5.984E+00  3.76305325335843E-02
 6.066E+00  3.41114413023172E-02
 6.149E+00  3.08694756132036E-02
 6.233E+00  2.78880768263996E-02
 6.318E+00  2.51511968036625E-02
 6.404E+00  2.26433223106128E-02
 6.491E+00  2.03494959004641E-02
 6.580E+00  1.82553332416063E-02
 6.670E+00  1.63470368901138E-02
 6.761E+00  1.46114065449046E-02
 6.853E+00  1.30358458575413E-02
 6.947E+00  1.16083659002273E-02
 7.042E+00  1.03175854241381E-02
 7.138E+00  9.15272806563019E-03
 7.235E+00  8.10361667992895E-03
 7.334E+00  7.16066500050890E-03
 7.434E+00  6.31486683750255E-03
 7.536E+00  5.55778304010731E-03
 7.639E+00  4.88152645616817E-03
 7.743E+00  4.27874512699990E-03
 7.849E+00  3.74260395722734E-03
 7.956E+00  3.26676509815356E-03
 8.064E+00  2.84536727913702E-03
 8.174E+00  2.47300431491853E-03
 8.286E+00  2.14470300805869E-03
 8.399E+00  1.85590065491450E-03
 8.514E+00  1.60242235119609E-03
 8.630E+00  1.38045827940226E-03
 8.748E+00  1.18654114563540E-03
 8.867E+00  1.01752391773451E-03
 8.988E+00  8.70558000621194E-04
 9.111E+00  7.43071968491205E-04
 9.235E+00  6.32750957252302E-04
 9.362E+00  5.37516804629267E-04
 9.489E+00  4.55509009832369E-04
 9.619E+00  3.85066569789836E-04
 9.750E+00  3.24710734827419E-04
 9.883E+00  2.73128713460947E-04
 1.002E+01  2.29158343746812E-04
 1.016E+01  1.91773737480820E-04
 1.029E+01  1.60071893493884E-04
 1.043E+01  1.33260267386805E-04
 1.058E+01  1.10645277278255E-04
 1.072E+01  9.16217184938989E-05
 1.087E+01  7.56630545675605E-05
 1.102E+01  6.23125474108403E-05
 1.117E+01  5.11751859771634E-05
 1.132E+01  4.19103701324345E-05
 1.147E+01  3.42253046727688E-05
 1.163E+01  2.78690574208963E-05
 1.179E+01  2.26272350049454E-05
 1.195E+01  1.83172301935617E-05
 1.211E+01  1.47839954476933E-05
 1.228E+01  1.18962985720397E-05
 1.245E+01  9.54341793168855E-06
 1.262E+01  7.63223656974101E-06
 1.279E+01  6.08469665282458E-06
 1.296E+01  4.83557792200414E-06
 1.314E+01  3.83056618146734E-06
 1.332E+01  3.02458026742417E-06
 1.350E+01  2.38032836213382E-06
 1.368E+01  1.86706691618542E-06
 1.387E+01  1.45953778537892E-06
 1.406E+01  1.13706145164840E-06
 1.425E+01  8.82766360567742E-07
 1.445E+01  6.82936455987995E-07
 1.464E+01  5.26460914525260E-07
 1.484E+01  4.04371872039881E-07
 1.505E+01  3.09457587695089E-07
 1.525E+01  2.35941208026750E-07
 1.546E+01  1.79220590438784E-07
 1.567E+01  1.35623301537514E-07
 1.589E+01  1.02240082994106E-07
 1.610E+01  7.67761601415529E-08
 1.632E+01  5.74284910539364E-08
 1.655E+01  4.27859738603228E-08
 1.677E+01  3.17486507687386E-08
 1.700E+01  2.34625633028582E-08
 1.723E+01  1.72674466479685E-08
 1.747E+01  1.26549103036401E-08
 1.771E+01  9.23514569396490E-09
 1.795E+01  6.71053668312422E-09
 1.819E+01  4.85483320150903E-09
 1.844E+01  3.49678792882796E-09
 1.869E+01  2.50735713148881E-09
 1.895E+01  1.78973465008182E-09
 1.921E+01  1.27162744900377E-09
 1.947E+01  8.99296303636900E-10
 1.974E+01  6.32979833351904E-10
 2.000E+01  4.43397443171903E-10
 2.028E+01  3.09089634656208E-10
 2.055E+01  2.14405018215608E-10
 2.084E+01  1.47984284612191E-10
 2.112E+01  1.01624140666439E-10
 2.141E+01  6.94302757938365E-11
 2.170E+01  4.71890538655740E-11
 2.200E+01  3.19038622783807E-11
 2.230E+01  2.14547607305753E-11
 2.260E+01  1.43499664806855E-11
 2.291E+01  9.54537143047244E-12
 2.322E+01  6.31418069100173E-12
 2.354E+01  4.15327272758175E-12
 2.386E+01  2.71631263540579E-12
 2.419E+01  1.76624539779639E-12
 2.452E+01  1.14174726070493E-12
 2.485E+01  7.33671663657969E-13
 2.519E+01  4.68609461785865E-13
 2.554E+01  2.97482979754593E-13
 2.588E+01  1.87680298458681E-13
 2.624E+01  1.17664098831579E-13
 2.660E+01  7.32994495657765E-14
 2.696E+01  4.53681555119844E-14
 2.733E+01  2.78969612996083E-14
 2.770E+01  1.70403777371465E-14
 2.808E+01  1.03390043296499E-14
 2.846E+01  6.23039384494861E-15
 2.885E+01  3.72862858079441E-15
 2.924E+01  2.21584097780564E-15
 2.964E+01  1.30750192765331E-15
 3.005E+01  7.65981430467937E-16
 3.046E+01  4.45475265883438E-16
 3.087E+01  2.57166925561347E-16
 3.130E+01  1.47349583398394E-16
 3.172E+01  8.37877471235585E-17
 3.216E+01  4.72786238463229E-17
 3.259E+01  2.64701344653174E-17
 3.304E+01  1.47030740436572E-17
 3.349E+01  8.10165701225302E-18
 3.395E+01  4.42798017196962E-18
 3.441E+01  2.40024365172031E-18
 3.488E+01  1.29025016219897E-18
 3.536E+01  6.87720323481612E-19
 3.584E+01  3.63428410217637E-19
 3.633E+01  1.90389948626054E-19
 3.683E+01  9.88634215095807E-20
 3.733E+01  5.08793293818156E-20
 3.784E+01  2.59482557635967E-20
 3.835E+01  1.31124007227348E-20
 3.888E+01  6.56461065442178E-21
 3.941E+01  3.25561596788689E-21
 3.995E+01  1.59918521364794E-21
 4.049E+01  7.77945110912998E-22
 4.104E+01  3.74736639886779E-22
 4.161E+01  1.78719525428245E-22
 4.217E+01  8.43776291444845E-23
 4.275E+01  3.94304855603806E-23
 4.333E+01  1.82358336037549E-23
 4.392E+01  8.34538102253087E-24
 4.452E+01  3.77860324510671E-24
 4.513E+01  1.69244654297727E-24
 4.575E+01  7.49787790338962E-25
 4.637E+01  3.28498758627587E-25
 4.701E+01  1.42309900693652E-25
 4.765E+01  6.09502787681656E-26
 4.830E+01  2.58040477874044E-26
 4.896E+01  1.07970027243567E-26
 4.963E+01  4.46429766586623E-27
 5.030E+01  1.82376772559692E-27
 5.099E+01  7.36015836702378E-28
 5.169E+01  2.93393123996150E-28
 5.239E+01  1.15512010300780E-28
 5.311E+01  4.49218045364381E-29
 5.383E+01  1.72649691615489E-29
 5.457E+01  6.56884186014530E-30
 5.531E+01  2.48631769304805E-30
 5.607E+01  0.00000000000000E+00
 5.683E+01  0.00000000000000E+00
 5.761E+01  0.00000000000000E+00
 5.839E+01  0.00000000000000E+00
 5.919E+01  0.00000000000000E+00
 6.000E+01  0.00000000000000E+00
