./ilogA is logfile.
./chgdenAg calculation starts
rmin,rmax=  2.13E-08  2.92E+01
   8859.23710705  -4628.16581980      0.30000000    1
    668.33491963  -4992.50509669      0.30000000    1
    412.45366032  -5174.95082974      0.30000000    1
    247.46565795  -5256.92496764      0.30000000    1
    144.17340627  -5289.43797341      0.30000000    1
     81.80495559  -5300.71911429      0.30000000    1
     45.60811081  -5304.14454583      0.30000000    1
     25.37933290  -5305.07922236      0.30000000    1
     14.40708389  -5305.33502768      0.30000000    1
      8.52576825  -5305.42030565      0.30000000    1
      5.30764583  -5305.45645200      0.30000000    1
      3.44619093  -5305.47334829      0.30000000    1
      2.29549956  -5305.48126601      0.30000000    1
      1.54801136  -5305.48489944      0.30000000    1
      1.04918066  -5305.48653356      0.30000000    1
      0.71219987  -5305.48725800      0.30000000    1
      0.48343287  -5305.48757650      0.30000000    1
      0.32789838  -5305.48771608      0.30000000    1
      0.22217340  -5305.48777732      0.30000000    1
      0.15037725  -5305.48780430      0.30000000    1
      0.10168428  -5305.48781626      0.30000000    1
      0.06870332  -5305.48782160      0.30000000    1
      0.04639088  -5305.48782401      0.30000000    1
      0.03131086  -5305.48782511      0.30000000    1
      0.02112682  -5305.48782561      0.30000000    1
      0.01425310  -5305.48782584      0.30000000    1
      0.00961546  -5305.48782595      0.30000000    1
      0.00648717  -5305.48782600      0.30000000    1
      0.00437719  -5305.48782603      0.30000000    1
      0.00295401  -5305.48782604      0.30000000    1
      0.00199397  -5305.48782604      0.30000000    1
      0.00134625  -5305.48782605      0.30000000    1
      0.00090915  -5305.48782605      0.30000000    1
      0.00061412  -5305.48782605      0.30000000    1
      0.00041492  -5305.48782605      0.30000000    1
      0.00000000  -5305.48782605      1.00000000    2
      0.00000000  -5305.48782605      1.00000000    3
    1   0 0  -1/2   1    2.0000       -925.100808
    2   0 0  -1/2   1    2.0000       -136.360073
    2   1 1  -1/2   1    2.0000       -126.908801
    2   1 1  -3/2   1    4.0000       -120.522580
    3   0 0  -1/2   1    2.0000        -24.991110
    3   1 1  -1/2   1    2.0000        -21.201868
    3   1 1  -3/2   1    4.0000        -20.073876
    3   2 2  -3/2   1    4.0000        -13.309420
    3   2 2  -5/2   1    6.0000        -13.081154
    4   0 0  -1/2   1    2.0000         -3.480044
    4   1 1  -1/2   1    2.0000         -2.280869
    4   1 1  -3/2   1    4.0000         -2.092418
    4   2 2  -3/2   1    4.0000         -0.294878
    4   2 2  -5/2   1    6.0000         -0.274266
    5   0 0  -1/2   1    1.0000         -0.172525
 total energy =   -5.30548782604893E+03 -1.44369751429748E+05
