./ilogA is logfile.
./chgdenY calculation starts
rmin,rmax=  2.56E-08  3.20E+01
   6039.88267831  -2967.76266946      0.30000000    1
    498.40402356  -3187.19168738      0.30000000    1
    308.40657951  -3297.23719250      0.30000000    1
    185.69729303  -3347.04904926      0.30000000    1
    108.68171395  -3367.12902533      0.30000000    1
     62.04606723  -3374.37868899      0.30000000    1
     34.89175157  -3376.80911092      0.30000000    1
     19.60464976  -3377.60825407      0.30000000    1
     11.15927371  -3377.87751182      0.30000000    1
      6.49823435  -3377.97251217      0.30000000    1
      3.88954014  -3378.00773319      0.30000000    1
      2.39374882  -3378.02128972      0.30000000    1
      1.51070675  -3378.02661708      0.30000000    1
      0.97376725  -3378.02873700      0.30000000    1
      0.63824082  -3378.02959259      0.30000000    1
      0.42351865  -3378.02994449      0.30000000    1
      0.28340222  -3378.03009235      0.30000000    1
      0.19062520  -3378.03015579      0.30000000    1
      0.12858366  -3378.03018352      0.30000000    1
      0.08684606  -3378.03019584      0.30000000    1
      0.05867791  -3378.03020139      0.30000000    1
      0.03964126  -3378.03020391      0.30000000    1
      0.02677158  -3378.03020508      0.30000000    1
      0.01807286  -3378.03020562      0.30000000    1
      0.01219589  -3378.03020587      0.30000000    1
      0.00822729  -3378.03020599      0.30000000    1
      0.00554859  -3378.03020605      0.30000000    1
      0.00374124  -3378.03020607      0.30000000    1
      0.00252217  -3378.03020609      0.30000000    1
      0.00170009  -3378.03020609      0.30000000    1
      0.00114581  -3378.03020610      0.30000000    1
      0.00077215  -3378.03020610      0.30000000    1
      0.00052028  -3378.03020610      0.30000000    1
      0.00035051  -3378.03020610      0.30000000    1
      0.00000000  -3378.03020610      1.00000000    2
      0.00000000  -3378.03020610      1.00000000    3
    1   0 0  -1/2   1    2.0000       -616.344873
    2   0 0  -1/2   1    2.0000        -84.552541
    2   1 1  -1/2   1    2.0000        -77.313920
    2   1 1  -3/2   1    4.0000        -74.515444
    3   0 0  -1/2   1    2.0000        -13.477983
    3   1 1  -1/2   1    2.0000        -10.799418
    3   1 1  -3/2   1    4.0000        -10.360924
    3   2 2  -3/2   1    4.0000         -5.610156
    3   2 2  -5/2   1    6.0000         -5.531401
    4   0 0  -1/2   1    2.0000         -1.759570
    4   1 1  -1/2   1    2.0000         -1.063150
    4   1 1  -3/2   1    4.0000         -1.009025
    4   2 2  -3/2   1    0.4000         -0.099741
    4   2 2  -5/2   1    0.6000         -0.096513
    5   0 0  -1/2   1    2.0000         -0.155079
 total energy =   -3.37803020609911E+03 -9.19209311502454E+04
