Fe2O3-1x1_new-dataset 211118-133840                                             

      BEAM            IBE   D12     V0R    EMIN    EMAX     OVL     RAV
*( 1  0)*               1  0.0001    1.95   70.00  594.00    194.50  0.1672
*( 1 -1)*               2  0.0001    1.95   70.00  594.00    302.00  0.1465
*( 1  1)*               3  0.0001    1.95   70.00  594.00    417.50  0.1378
*( 0 -2)*               4  0.0001    1.95   70.00  594.00    417.50  0.1154
*( 0  2)*               5  0.0001    1.95   70.00  594.00    460.00  0.1448
*( 2  0)*               6  0.0001    1.95   70.00  594.00    508.50  0.1754
*( 1 -2)*               7  0.0001    1.95   70.00  594.00    345.00  0.1078
*( 1  2)*               8  0.0001    1.95   70.00  594.00    440.50  0.2517
*( 2  1)*               9  0.0001    1.95   70.00  594.00    292.00  0.0814
*( 2 -1)*              10  0.0001    1.95   70.00  594.00    479.50  0.1204
*( 2 -2)*              11  0.0001    1.95   70.00  594.00    456.00  0.1626
*( 2  2)*              12  0.0001    1.95   70.00  594.00    442.00  0.1673
*( 1 -3)*              13  0.0001    1.95   70.00  594.00    381.50  0.1169
*( 1  3)*              14  0.0001    1.95   70.00  594.00    423.50  0.1321
*( 3  0)*              15  0.0001    1.95   70.00  594.00    404.50  0.1153
*( 3  1)*              16  0.0001    1.95   70.00  594.00    407.50  0.1596
*( 3 -1)*              17  0.0001    1.95   70.00  594.00    399.00  0.1493
*( 2 -3)*              18  0.0001    1.95   70.00  594.00    292.00  0.1066
*( 2  3)*              19  0.0001    1.95   70.00  594.00    255.50  0.1360
*( 3  2)*              20  0.0001    1.95   70.00  594.00    320.00  0.1274
*( 3 -2)*              21  0.0001    1.95   70.00  594.00    181.00  0.0684
*( 3  3)*              22  0.0001    1.95   70.00  594.00    161.00  0.1035
*( 3 -3)*              23  0.0001    1.95   70.00  594.00    216.50  0.0810
AV.-INT                -1  0.0001    1.95   70.00  594.00   8197.00  0.1377  <---
AVERAGE                 0  0.0001    1.95   70.00  594.00   8197.00  0.1373  <---
 
