Fe2O3-1x1_new-dataset 211118-133840                                             
   23
    4   1.00000   0.00000  1
    6   1.00000   1.00000  1
    9   1.00000  -1.00000  1
   10   0.00000   2.00000  1
   11   0.00000  -2.00000  1
   12   2.00000   0.00000  1
   14   1.00000   2.00000  1
   17   1.00000  -2.00000  1
   18   2.00000   1.00000  1
   21   2.00000  -1.00000  1
   22   2.00000   2.00000  1
   25   2.00000  -2.00000  1
   28   1.00000   3.00000  1
   31   1.00000  -3.00000  1
   32   3.00000   0.00000  1
   34   3.00000   1.00000  1
   37   3.00000  -1.00000  1
   38   2.00000   3.00000  1
   41   2.00000  -3.00000  1
   42   3.00000   2.00000  1
   45   3.00000  -2.00000  1
   54   3.00000   3.00000  1
   57   3.00000  -3.00000  1
  45.00 0.0001   0.45453E-02   0.39088E-03   0.17087E-02   0.16721E-02
   0.66887E-02   0.29844E-02   0.29790E-02   0.68982E-03   0.25426E-02
   0.22484E-02   0.30824E-04   0.27059E-03   0.00000E+00   0.00000E+00
   0.00000E+00   0.00000E+00   0.00000E+00   0.00000E+00   0.00000E+00
   0.00000E+00   0.00000E+00   0.00000E+00   0.00000E+00
  48.00 0.0001   0.46115E-02   0.10395E-02   0.17384E-02   0.56386E-03
   0.62980E-02   0.24726E-02   0.38141E-02   0.44087E-03   0.23678E-02
   0.19109E-02   0.32220E-04   0.56094E-03   0.00000E+00   0.00000E+00
   0.00000E+00   0.00000E+00   0.00000E+00   0.00000E+00   0.00000E+00
   0.00000E+00   0.00000E+00   0.00000E+00   0.00000E+00
  51.00 0.0001   0.41303E-02   0.15410E-02   0.14632E-02   0.23954E-03
   0.63951E-02   0.16374E-02   0.50640E-02   0.12066E-03   0.16322E-02
   0.20404E-02   0.51397E-04   0.60498E-03   0.00000E+00   0.00000E+00
   0.00000E+00   0.00000E+00   0.00000E+00   0.00000E+00   0.00000E+00
   0.00000E+00   0.00000E+00   0.00000E+00   0.00000E+00
  54.00 0.0001   0.36487E-02   0.15790E-02   0.11467E-02   0.75898E-04
   0.65366E-02   0.11474E-02   0.61315E-02   0.24526E-03   0.10652E-02
   0.21488E-02   0.23124E-03   0.56483E-03   0.45626E-03   0.40959E-03
   0.11053E-03   0.00000E+00   0.00000E+00   0.00000E+00   0.00000E+00
   0.00000E+00   0.00000E+00   0.00000E+00   0.00000E+00
  57.00 0.0001   0.35960E-02   0.14942E-02   0.11692E-02   0.14290E-03
   0.63542E-02   0.91588E-03   0.56277E-02   0.40959E-03   0.62515E-03
   0.23228E-02   0.57681E-03   0.56305E-03   0.57002E-03   0.68463E-03
   0.28460E-03   0.00000E+00   0.00000E+00   0.00000E+00   0.00000E+00
   0.00000E+00   0.00000E+00   0.00000E+00   0.00000E+00
  60.00 0.0001   0.39993E-02   0.18526E-02   0.14024E-02   0.63829E-03
   0.51531E-02   0.68746E-03   0.39478E-02   0.45122E-03   0.69205E-03
   0.25986E-02   0.83059E-03   0.58443E-03   0.63194E-03   0.61128E-03
   0.36274E-03   0.26273E-03   0.11896E-02   0.00000E+00   0.00000E+00
   0.00000E+00   0.00000E+00   0.00000E+00   0.00000E+00
  63.00 0.0001   0.40949E-02   0.22468E-02   0.16828E-02   0.11947E-02
   0.34151E-02   0.65721E-03   0.30169E-02   0.31510E-03   0.83104E-03
   0.30643E-02   0.67156E-03   0.65974E-03   0.60937E-03   0.48726E-03
   0.42677E-03   0.55812E-03   0.24377E-02   0.00000E+00   0.00000E+00
   0.00000E+00   0.00000E+00   0.00000E+00   0.00000E+00
  66.00 0.0001   0.39837E-02   0.18865E-02   0.14429E-02   0.21242E-02
   0.26110E-02   0.98830E-03   0.25361E-02   0.27260E-03   0.66844E-03
   0.35957E-02   0.46641E-03   0.69161E-03   0.70158E-03   0.43364E-03
   0.35653E-03   0.77660E-03   0.28620E-02   0.00000E+00   0.00000E+00
   0.00000E+00   0.00000E+00   0.00000E+00   0.00000E+00
  69.00 0.0001   0.38222E-02   0.11873E-02   0.11492E-02   0.31154E-02
   0.30998E-02   0.99138E-03   0.18843E-02   0.47230E-03   0.50134E-03
   0.37893E-02   0.44269E-03   0.63634E-03   0.91115E-03   0.44562E-03
   0.23750E-03   0.96360E-03   0.25930E-02   0.00000E+00   0.00000E+00
   0.00000E+00   0.00000E+00   0.00000E+00   0.00000E+00
  72.00 0.0001   0.29728E-02   0.72124E-03   0.89697E-03   0.28022E-02
   0.33831E-02   0.58012E-03   0.13032E-02   0.90065E-03   0.47911E-03
   0.33853E-02   0.39649E-03   0.59249E-03   0.92221E-03   0.54555E-03
   0.23209E-03   0.11338E-02   0.22934E-02   0.24838E-04   0.24658E-03
   0.00000E+00   0.00000E+00   0.00000E+00   0.00000E+00
  75.00 0.0001   0.22258E-02   0.49577E-03   0.62813E-03   0.18502E-02
   0.32928E-02   0.23077E-03   0.10696E-02   0.14907E-02   0.45873E-03
   0.28159E-02   0.39849E-03   0.58881E-03   0.75389E-03   0.74015E-03
   0.38777E-03   0.11006E-02   0.18793E-02   0.74248E-04   0.26191E-03
   0.26469E-03   0.69307E-04   0.00000E+00   0.00000E+00
  78.00 0.0001   0.21119E-02   0.29249E-03   0.41190E-03   0.15456E-02
   0.29539E-02   0.92380E-04   0.15807E-02   0.17873E-02   0.38948E-03
   0.22785E-02   0.66225E-03   0.53210E-03   0.60504E-03   0.81096E-03
   0.57155E-03   0.87804E-03   0.16058E-02   0.12062E-03   0.20282E-03
   0.38346E-03   0.92690E-04   0.00000E+00   0.00000E+00
  81.00 0.0001   0.18964E-02   0.95398E-04   0.37644E-03   0.16403E-02
   0.24067E-02   0.13162E-03   0.25508E-02   0.16050E-02   0.27620E-03
   0.19553E-02   0.12001E-02   0.35810E-03   0.51816E-03   0.67036E-03
   0.64322E-03   0.63520E-03   0.19144E-02   0.13667E-03   0.20979E-03
   0.34909E-03   0.20294E-03   0.00000E+00   0.00000E+00
  84.00 0.0001   0.14327E-02   0.60567E-04   0.11130E-02   0.14165E-02
   0.12830E-02   0.33506E-03   0.32221E-02   0.16822E-02   0.16756E-03
   0.15799E-02   0.10448E-02   0.18167E-03   0.52188E-03   0.42944E-03
   0.58690E-03   0.36334E-03   0.30453E-02   0.15145E-03   0.29295E-03
   0.30144E-03   0.35118E-03   0.00000E+00   0.00000E+00
  87.00 0.0001   0.14390E-02   0.38930E-03   0.21655E-02   0.75282E-03
   0.34169E-03   0.68353E-03   0.31255E-02   0.17960E-02   0.36505E-03
   0.11288E-02   0.30181E-03   0.51886E-04   0.65427E-03   0.33725E-03
   0.44325E-03   0.13134E-03   0.29943E-02   0.22832E-03   0.53237E-03
   0.40709E-03   0.30404E-03   0.00000E+00   0.00000E+00
  90.00 0.0001   0.18971E-02   0.15834E-02   0.26979E-02   0.20839E-03
   0.45895E-03   0.12025E-02   0.25578E-02   0.16982E-02   0.92892E-03
   0.82271E-03   0.32003E-04   0.78123E-04   0.71925E-03   0.37857E-03
   0.23261E-03   0.14619E-03   0.17594E-02   0.44052E-03   0.56694E-03
   0.41742E-03   0.21419E-03   0.00000E+00   0.00000E+00
  93.00 0.0001   0.21554E-02   0.35636E-02   0.27265E-02   0.66172E-04
   0.71024E-03   0.14794E-02   0.19503E-02   0.12513E-02   0.13243E-02
   0.55506E-03   0.48099E-03   0.12953E-03   0.68062E-03   0.44139E-03
   0.92894E-04   0.20870E-03   0.11421E-02   0.59823E-03   0.37761E-03
   0.40845E-03   0.28859E-03   0.00000E+00   0.00000E+00
  96.00 0.0001   0.20522E-02   0.53110E-02   0.30428E-02   0.75936E-03
   0.86772E-03   0.13074E-02   0.16393E-02   0.51041E-03   0.13402E-02
   0.30539E-03   0.11623E-02   0.19654E-03   0.56391E-03   0.59530E-03
   0.65323E-04   0.14263E-03   0.10792E-02   0.50143E-03   0.15330E-03
   0.42413E-03   0.42819E-03   0.00000E+00   0.00000E+00
  99.00 0.0001   0.18518E-02   0.63723E-02   0.33378E-02   0.14392E-02
   0.11170E-02   0.92979E-03   0.13527E-02   0.20796E-03   0.90464E-03
   0.16571E-03   0.17854E-02   0.25355E-03   0.45904E-03   0.61024E-03
   0.16877E-03   0.17648E-03   0.12348E-02   0.45535E-03   0.16685E-03
   0.28641E-03   0.45421E-03   0.69180E-04   0.00000E+00
 102.00 0.0001   0.16051E-02   0.64373E-02   0.36962E-02   0.17483E-02
   0.14827E-02   0.68830E-03   0.91743E-03   0.31281E-03   0.44464E-03
   0.12255E-03   0.20508E-02   0.20566E-03   0.40531E-03   0.50339E-03
   0.39652E-03   0.36855E-03   0.12236E-02   0.64466E-03   0.32546E-03
   0.20706E-03   0.40509E-03   0.77245E-04   0.64578E-03
 105.00 0.0001   0.95360E-03   0.59042E-02   0.39962E-02   0.15504E-02
   0.16099E-02   0.43899E-03   0.46344E-03   0.10576E-02   0.21890E-03
   0.10062E-03   0.20880E-02   0.18838E-03   0.49528E-03   0.40444E-03
   0.57636E-03   0.66088E-03   0.11892E-02   0.72455E-03   0.23300E-03
   0.31798E-03   0.37288E-03   0.14044E-03   0.77052E-03
 108.00 0.0001   0.26421E-03   0.52754E-02   0.42084E-02   0.11655E-02
   0.14473E-02   0.26766E-03   0.19350E-03   0.26044E-02   0.10782E-03
   0.11637E-03   0.23603E-02   0.27337E-03   0.80543E-03   0.17959E-03
   0.53071E-03   0.89053E-03   0.11847E-02   0.60245E-03   0.34407E-04
   0.36360E-03   0.24794E-03   0.36122E-03   0.73513E-03
 111.00 0.0001   0.18424E-04   0.45325E-02   0.38422E-02   0.86343E-03
   0.11667E-02   0.21965E-03   0.11133E-03   0.39753E-02   0.49112E-04
   0.24162E-03   0.23815E-02   0.32054E-03   0.11748E-02   0.76575E-04
   0.38311E-03   0.99403E-03   0.10917E-02   0.52825E-03   0.58262E-04
   0.16385E-03   0.89172E-04   0.66531E-03   0.65933E-03
 114.00 0.0001   0.44108E-05   0.36037E-02   0.32438E-02   0.76831E-03
   0.86385E-03   0.15542E-03   0.19714E-03   0.36280E-02   0.57721E-03
   0.42116E-03   0.19841E-02   0.40052E-03   0.15891E-02   0.15684E-03
   0.35409E-03   0.72671E-03   0.97125E-03   0.57021E-03   0.36231E-03
   0.94909E-05   0.62194E-04   0.10207E-02   0.49533E-03
 117.00 0.0001   0.12533E-04   0.29021E-02   0.34352E-02   0.11995E-02
   0.53063E-03   0.10919E-03   0.29374E-03   0.23627E-02   0.14571E-02
   0.46050E-03   0.17948E-02   0.54306E-03   0.18005E-02   0.29301E-03
   0.40623E-03   0.40080E-03   0.79649E-03   0.73154E-03   0.80046E-03
   0.41172E-04   0.83923E-04   0.11781E-02   0.32122E-03
 120.00 0.0001   0.23816E-05   0.29106E-02   0.45714E-02   0.15422E-02
   0.78330E-04   0.18486E-03   0.26420E-03   0.13898E-02   0.24305E-02
   0.36056E-03   0.15195E-02   0.62181E-03   0.12805E-02   0.38131E-03
   0.51749E-03   0.39103E-03   0.59708E-03   0.74400E-03   0.10858E-02
   0.10728E-03   0.12356E-03   0.97480E-03   0.18623E-03
 123.00 0.0001   0.43781E-04   0.34706E-02   0.62222E-02   0.15036E-02
   0.33057E-03   0.18255E-03   0.15030E-03   0.99205E-03   0.27981E-02
   0.31363E-03   0.10232E-02   0.56874E-03   0.74586E-03   0.34826E-03
   0.74217E-03   0.43833E-03   0.37557E-03   0.61428E-03   0.11517E-02
   0.11639E-03   0.18606E-03   0.68551E-03   0.10148E-03
 126.00 0.0001   0.11102E-03   0.42179E-02   0.72853E-02   0.14579E-02
   0.16840E-02   0.19754E-03   0.63334E-04   0.77653E-03   0.21249E-02
   0.24273E-03   0.55906E-03   0.44524E-03   0.63029E-03   0.25386E-03
   0.10284E-02   0.51596E-03   0.31297E-03   0.59358E-03   0.10707E-02
   0.81492E-04   0.25991E-03   0.45590E-03   0.56886E-04
 129.00 0.0001   0.11729E-03   0.45818E-02   0.66948E-02   0.18747E-02
   0.26847E-02   0.47580E-03   0.11488E-03   0.55196E-03   0.13750E-02
   0.19101E-03   0.29702E-03   0.34442E-03   0.65467E-03   0.16591E-03
   0.12462E-02   0.62773E-03   0.48685E-03   0.60526E-03   0.75085E-03
   0.40718E-04   0.33720E-03   0.37012E-03   0.53265E-04
 132.00 0.0001   0.83435E-04   0.45074E-02   0.50810E-02   0.31457E-02
   0.23803E-02   0.12584E-02   0.23714E-03   0.42001E-03   0.86416E-03
   0.12444E-03   0.17180E-03   0.36650E-03   0.70300E-03   0.22861E-03
   0.12800E-02   0.65868E-03   0.77925E-03   0.53465E-03   0.38980E-03
   0.21204E-04   0.38708E-03   0.28084E-03   0.10649E-03
 135.00 0.0001   0.43134E-04   0.36746E-02   0.38083E-02   0.54032E-02
   0.13895E-02   0.22019E-02   0.32367E-03   0.47943E-03   0.57956E-03
   0.53791E-04   0.45308E-04   0.43134E-03   0.75048E-03   0.21783E-03
   0.94846E-03   0.63859E-03   0.83330E-03   0.39494E-03   0.17597E-03
   0.24029E-04   0.47969E-03   0.11375E-03   0.12138E-03
 138.00 0.0001   0.17914E-04   0.23928E-02   0.32575E-02   0.75849E-02
   0.88410E-03   0.24307E-02   0.37434E-03   0.88653E-03   0.48932E-03
   0.92761E-04   0.19253E-05   0.38585E-03   0.80773E-03   0.57158E-04
   0.53039E-03   0.52652E-03   0.85650E-03   0.22706E-03   0.10235E-03
   0.54060E-05   0.54995E-03   0.32149E-04   0.10562E-03
 141.00 0.0001   0.16268E-04   0.13303E-02   0.28546E-02   0.80219E-02
   0.83218E-03   0.19392E-02   0.39017E-03   0.13677E-02   0.50996E-03
   0.31767E-03   0.10554E-03   0.33709E-03   0.91749E-03   0.42563E-04
   0.35271E-03   0.39680E-03   0.11161E-02   0.13027E-03   0.85813E-04
   0.24370E-04   0.59347E-03   0.15447E-03   0.19413E-03
 144.00 0.0001   0.64700E-04   0.90304E-03   0.24405E-02   0.70833E-02
   0.69346E-03   0.14618E-02   0.40583E-03   0.16805E-02   0.67915E-03
   0.71560E-03   0.51524E-03   0.22320E-03   0.92257E-03   0.21876E-03
   0.31641E-03   0.38078E-03   0.15863E-02   0.31856E-04   0.89373E-04
   0.12396E-03   0.62609E-03   0.34977E-03   0.25189E-03
 147.00 0.0001   0.17320E-03   0.85070E-03   0.19621E-02   0.53589E-02
   0.44336E-03   0.14136E-02   0.34320E-03   0.19144E-02   0.10168E-02
   0.13512E-02   0.14109E-02   0.71726E-04   0.82899E-03   0.51589E-03
   0.21862E-03   0.46994E-03   0.17389E-02   0.13379E-03   0.84888E-04
   0.18588E-03   0.55869E-03   0.46752E-03   0.26566E-03
 150.00 0.0001   0.21610E-03   0.65417E-03   0.13048E-02   0.39619E-02
   0.59721E-03   0.16143E-02   0.20367E-03   0.15891E-02   0.14097E-02
   0.17085E-02   0.23513E-02   0.69602E-06   0.67845E-03   0.84568E-03
   0.12010E-03   0.57370E-03   0.18932E-02   0.25878E-03   0.43208E-04
   0.15581E-03   0.36388E-03   0.43352E-03   0.31247E-03
 153.00 0.0001   0.19076E-03   0.36159E-03   0.61197E-03   0.31778E-02
   0.11656E-02   0.18670E-02   0.11756E-03   0.94218E-03   0.15851E-02
   0.14261E-02   0.25264E-02   0.41646E-04   0.57533E-03   0.11429E-02
   0.66771E-04   0.54671E-03   0.17297E-02   0.41910E-03   0.13973E-04
   0.12181E-03   0.21792E-03   0.32856E-03   0.38564E-03
 156.00 0.0001   0.12855E-03   0.87722E-04   0.17313E-03   0.24933E-02
   0.16363E-02   0.19468E-02   0.10329E-03   0.44419E-03   0.16906E-02
   0.80738E-03   0.19932E-02   0.11755E-03   0.51179E-03   0.12303E-02
   0.17213E-04   0.41753E-03   0.12034E-02   0.59202E-03   0.17433E-04
   0.11901E-03   0.14769E-03   0.16522E-03   0.37661E-03
 159.00 0.0001   0.59823E-04   0.40659E-05   0.19444E-05   0.21064E-02
   0.21260E-02   0.19011E-02   0.57317E-04   0.10415E-03   0.17714E-02
   0.37392E-03   0.14853E-02   0.14084E-03   0.38887E-03   0.12127E-02
   0.22496E-04   0.46111E-03   0.75184E-03   0.64572E-03   0.19892E-04
   0.13220E-03   0.91716E-04   0.32196E-04   0.21220E-03
 162.00 0.0001   0.28596E-04   0.46403E-04   0.10329E-03   0.22758E-02
   0.31400E-02   0.19769E-02   0.39982E-04   0.10748E-03   0.17257E-02
   0.27579E-03   0.10078E-02   0.11555E-03   0.21018E-03   0.12788E-02
   0.69866E-04   0.49424E-03   0.59550E-03   0.51685E-03   0.22561E-04
   0.10554E-03   0.20106E-04   0.62239E-05   0.38133E-04
 165.00 0.0001   0.61554E-04   0.10428E-03   0.38497E-03   0.30468E-02
   0.48472E-02   0.22655E-02   0.77283E-04   0.24478E-03   0.12491E-02
   0.20785E-03   0.65209E-03   0.85029E-04   0.72882E-04   0.12859E-02
   0.10523E-03   0.43311E-03   0.64383E-03   0.26891E-03   0.92920E-04
   0.57865E-04   0.80846E-05   0.41445E-04   0.16138E-04
 168.00 0.0001   0.82245E-04   0.32995E-03   0.65606E-03   0.41449E-02
   0.51121E-02   0.28738E-02   0.11267E-03   0.28533E-03   0.63157E-03
   0.11189E-03   0.58922E-03   0.60471E-04   0.69553E-04   0.10516E-02
   0.58748E-04   0.43218E-03   0.65546E-03   0.76196E-04   0.19134E-03
   0.32906E-04   0.96692E-04   0.46443E-04   0.25961E-03
 171.00 0.0001   0.51154E-04   0.82259E-03   0.66612E-03   0.56273E-02
   0.42229E-02   0.33713E-02   0.89514E-04   0.25422E-03   0.36638E-03
   0.58174E-04   0.54317E-03   0.39766E-04   0.14438E-03   0.75479E-03
   0.99173E-05   0.56115E-03   0.52753E-03   0.12631E-04   0.20913E-03
   0.41222E-04   0.18463E-03   0.16187E-04   0.61131E-03
 174.00 0.0001   0.93634E-05   0.12392E-02   0.57705E-03   0.72503E-02
   0.32219E-02   0.39037E-02   0.61015E-04   0.17010E-03   0.35677E-03
   0.25274E-04   0.52765E-03   0.93911E-04   0.11938E-03   0.43111E-03
   0.70719E-04   0.63133E-03   0.42094E-03   0.13302E-05   0.23366E-03
   0.11901E-03   0.17377E-03   0.51568E-06   0.62085E-03
 177.00 0.0001   0.98467E-05   0.15647E-02   0.55696E-03   0.77454E-02
   0.25438E-02   0.35928E-02   0.68315E-04   0.78317E-04   0.31216E-03
   0.15927E-04   0.50221E-03   0.35730E-03   0.35690E-04   0.11211E-03
   0.16782E-03   0.50557E-03   0.32169E-03   0.86313E-06   0.28381E-03
   0.35252E-03   0.96313E-04   0.29131E-05   0.44372E-03
 180.00 0.0001   0.86685E-04   0.15972E-02   0.42631E-03   0.62963E-02
   0.24261E-02   0.25069E-02   0.10016E-03   0.27529E-04   0.25492E-03
   0.27175E-04   0.57509E-03   0.10664E-02   0.49393E-05   0.55234E-04
   0.18288E-03   0.34204E-03   0.29322E-03   0.50920E-05   0.27488E-03
   0.76509E-03   0.34094E-04   0.74608E-05   0.28755E-03
 183.00 0.0001   0.17753E-03   0.11961E-02   0.22032E-03   0.36294E-02
   0.27980E-02   0.19474E-02   0.13013E-03   0.18858E-04   0.28057E-03
   0.59285E-04   0.91880E-03   0.17419E-02   0.17656E-04   0.16318E-03
   0.10929E-03   0.19106E-03   0.29376E-03   0.42534E-04   0.24100E-03
   0.10944E-02   0.15478E-04   0.11286E-04   0.23811E-03
 186.00 0.0001   0.25453E-03   0.87873E-03   0.39235E-04   0.17277E-02
   0.34861E-02   0.20602E-02   0.11922E-03   0.23456E-04   0.32526E-03
   0.11313E-03   0.15640E-02   0.20576E-02   0.34411E-05   0.37592E-03
   0.69332E-04   0.10920E-03   0.20162E-03   0.88810E-04   0.22429E-03
   0.10921E-02   0.24176E-05   0.35367E-05   0.24415E-03
 189.00 0.0001   0.43895E-03   0.70060E-03   0.26476E-05   0.11722E-02
   0.36104E-02   0.22933E-02   0.10563E-03   0.27892E-04   0.37614E-03
   0.14619E-03   0.21605E-02   0.19774E-02   0.10382E-03   0.56719E-03
   0.67964E-04   0.92747E-04   0.18294E-03   0.73112E-04   0.17222E-03
   0.78856E-03   0.27943E-04   0.56151E-06   0.28340E-03
 192.00 0.0001   0.62397E-03   0.62843E-03   0.15901E-04   0.92675E-03
   0.30015E-02   0.22398E-02   0.87637E-04   0.98452E-05   0.32455E-03
   0.14497E-03   0.22983E-02   0.18587E-02   0.56640E-03   0.53852E-03
   0.45116E-04   0.17234E-03   0.29984E-03   0.84057E-04   0.48717E-04
   0.43756E-03   0.81066E-04   0.83800E-06   0.25881E-03
 195.00 0.0001   0.63296E-03   0.71221E-03   0.89853E-04   0.76380E-03
   0.24820E-02   0.19933E-02   0.71818E-04   0.12249E-04   0.19331E-03
   0.17919E-03   0.19221E-02   0.19034E-02   0.12759E-02   0.40759E-03
   0.16255E-04   0.40527E-03   0.30947E-03   0.98704E-04   0.10772E-04
   0.18744E-03   0.10938E-03   0.99891E-05   0.14404E-03
 198.00 0.0001   0.57918E-03   0.84211E-03   0.41068E-03   0.61361E-03
   0.23359E-02   0.17315E-02   0.53053E-04   0.55149E-04   0.35968E-04
   0.30090E-03   0.13335E-02   0.19863E-02   0.18295E-02   0.35643E-03
   0.68303E-05   0.67395E-03   0.22854E-03   0.85246E-04   0.14054E-03
   0.42741E-04   0.12993E-03   0.38964E-04   0.68520E-04
 201.00 0.0001   0.59829E-03   0.99947E-03   0.11724E-02   0.56861E-03
   0.23962E-02   0.15931E-02   0.20955E-04   0.90014E-04   0.35174E-04
   0.36395E-03   0.82783E-03   0.18963E-02   0.19105E-02   0.39812E-03
   0.33980E-04   0.76265E-03   0.26480E-03   0.10402E-03   0.50104E-03
   0.34324E-05   0.17835E-03   0.77905E-04   0.63858E-04
 204.00 0.0001   0.59479E-03   0.13398E-02   0.22210E-02   0.65684E-03
   0.22909E-02   0.16800E-02   0.12277E-04   0.79224E-04   0.15885E-03
   0.27900E-03   0.50419E-03   0.15834E-02   0.16429E-02   0.47263E-03
   0.11275E-03   0.62914E-03   0.34673E-03   0.11584E-03   0.99235E-03
   0.14216E-04   0.22325E-03   0.12690E-03   0.58117E-04
 207.00 0.0001   0.55801E-03   0.20801E-02   0.30859E-02   0.87322E-03
   0.17890E-02   0.15629E-02   0.16282E-04   0.42782E-04   0.21804E-03
   0.16588E-03   0.47166E-03   0.11575E-02   0.11722E-02   0.43787E-03
   0.25697E-03   0.40286E-03   0.28891E-03   0.85469E-04   0.13242E-02
   0.45466E-04   0.21448E-03   0.18557E-03   0.41590E-04
 210.00 0.0001   0.53796E-03   0.30344E-02   0.38305E-02   0.10660E-02
   0.10569E-02   0.11765E-02   0.34101E-04   0.16156E-04   0.22695E-03
   0.12981E-03   0.53865E-03   0.93078E-03   0.82787E-03   0.26516E-03
   0.42624E-03   0.25569E-03   0.11925E-03   0.28632E-04   0.13510E-02
   0.59367E-04   0.16009E-03   0.30369E-03   0.85320E-04
 213.00 0.0001   0.45808E-03   0.37397E-02   0.43060E-02   0.11393E-02
   0.52073E-03   0.71576E-03   0.66456E-04   0.98318E-05   0.23415E-03
   0.13232E-03   0.58838E-03   0.89135E-03   0.75055E-03   0.13107E-03
   0.53594E-03   0.13011E-03   0.15564E-04   0.30277E-05   0.99315E-03
   0.87628E-04   0.10436E-03   0.48723E-03   0.16974E-03
 216.00 0.0001   0.28478E-03   0.44966E-02   0.38290E-02   0.10956E-02
   0.48984E-03   0.33360E-03   0.10362E-03   0.21515E-04   0.18892E-03
   0.17808E-03   0.56299E-03   0.81270E-03   0.79999E-03   0.10631E-03
   0.51657E-03   0.26844E-04   0.54637E-05   0.14698E-04   0.52696E-03
   0.20480E-03   0.33792E-04   0.61068E-03   0.21046E-03
 219.00 0.0001   0.12843E-03   0.49743E-02   0.28128E-02   0.92620E-03
   0.90218E-03   0.42768E-04   0.11708E-03   0.52115E-04   0.10213E-03
   0.22756E-03   0.55813E-03   0.80828E-03   0.91043E-03   0.18621E-03
   0.42897E-03   0.67192E-05   0.76469E-04   0.13589E-04   0.26054E-03
   0.37821E-03   0.23404E-04   0.63731E-03   0.20687E-03
 222.00 0.0001   0.68339E-04   0.44508E-02   0.20827E-02   0.79978E-03
   0.13842E-02   0.44496E-04   0.96304E-04   0.98811E-04   0.48904E-04
   0.24761E-03   0.55427E-03   0.94496E-03   0.86352E-03   0.47743E-03
   0.28529E-03   0.71239E-04   0.32772E-03   0.35333E-04   0.24788E-03
   0.56662E-03   0.38468E-04   0.66987E-03   0.16909E-03
 225.00 0.0001   0.62663E-04   0.31350E-02   0.19381E-02   0.72870E-03
   0.17388E-02   0.24414E-03   0.58569E-04   0.16975E-03   0.32100E-04
   0.27642E-03   0.50842E-03   0.10094E-02   0.74511E-03   0.99393E-03
   0.11163E-03   0.16005E-03   0.82076E-03   0.11364E-03   0.26282E-03
   0.78868E-03   0.20670E-04   0.63348E-03   0.11985E-03
 228.00 0.0001   0.13440E-03   0.24327E-02   0.18961E-02   0.74931E-03
   0.18626E-02   0.39345E-03   0.29624E-04   0.32648E-03   0.24123E-04
   0.32073E-03   0.48583E-03   0.92305E-03   0.75699E-03   0.13238E-02
   0.22799E-04   0.35960E-03   0.15345E-02   0.19682E-03   0.20438E-03
   0.91477E-03   0.19983E-04   0.37546E-03   0.95367E-04
 231.00 0.0001   0.26049E-03   0.22800E-02   0.16897E-02   0.78933E-03
   0.17587E-02   0.50832E-03   0.87029E-05   0.56869E-03   0.30203E-04
   0.35827E-03   0.53760E-03   0.70336E-03   0.10386E-02   0.11486E-02
   0.55058E-04   0.70647E-03   0.23050E-02   0.26390E-03   0.12560E-03
   0.76478E-03   0.60383E-04   0.21098E-03   0.93274E-04
 234.00 0.0001   0.34874E-03   0.21449E-02   0.13733E-02   0.70225E-03
   0.13663E-02   0.54192E-03   0.20219E-04   0.67883E-03   0.52295E-04
   0.34322E-03   0.72969E-03   0.56680E-03   0.15098E-02   0.85338E-03
   0.84330E-04   0.10748E-02   0.27412E-02   0.28894E-03   0.10809E-03
   0.51937E-03   0.61584E-04   0.27342E-03   0.11001E-03
 237.00 0.0001   0.36605E-03   0.19028E-02   0.10397E-02   0.56337E-03
   0.89038E-03   0.45086E-03   0.30774E-04   0.55906E-03   0.10740E-03
   0.29907E-03   0.10499E-02   0.55889E-03   0.19950E-02   0.80948E-03
   0.54717E-04   0.13033E-02   0.27226E-02   0.22487E-03   0.11295E-03
   0.41073E-03   0.31843E-04   0.33134E-03   0.15268E-03
 240.00 0.0001   0.35518E-03   0.17547E-02   0.85468E-03   0.41341E-03
   0.50148E-03   0.27470E-03   0.37382E-04   0.29130E-03   0.22574E-03
   0.32540E-03   0.12831E-02   0.53141E-03   0.24045E-02   0.90833E-03
   0.44495E-04   0.13489E-02   0.23531E-02   0.13427E-03   0.79876E-04
   0.38255E-03   0.25219E-04   0.29088E-03   0.24747E-03
 243.00 0.0001   0.39473E-03   0.15781E-02   0.96628E-03   0.31881E-03
   0.24979E-03   0.13199E-03   0.50331E-04   0.60978E-04   0.39844E-03
   0.45307E-03   0.12473E-02   0.47135E-03   0.24413E-02   0.87435E-03
   0.10824E-03   0.13708E-02   0.20345E-02   0.71946E-04   0.45400E-04
   0.39270E-03   0.30677E-04   0.22605E-03   0.42788E-03
 246.00 0.0001   0.41258E-03   0.13599E-02   0.13281E-02   0.30291E-03
   0.13251E-03   0.72716E-04   0.49734E-04   0.10236E-04   0.56791E-03
   0.66244E-03   0.11474E-02   0.43555E-03   0.19353E-02   0.78790E-03
   0.21014E-03   0.15949E-02   0.17645E-02   0.65502E-04   0.65006E-04
   0.36766E-03   0.46559E-04   0.22275E-03   0.70086E-03
 249.00 0.0001   0.45537E-03   0.10678E-02   0.17476E-02   0.27378E-03
   0.14532E-03   0.76087E-04   0.54269E-04   0.40498E-04   0.63842E-03
   0.74717E-03   0.11692E-02   0.46301E-03   0.12671E-02   0.79474E-03
   0.27507E-03   0.17042E-02   0.14287E-02   0.11029E-03   0.14987E-03
   0.28696E-03   0.62124E-04   0.31390E-03   0.98983E-03
 252.00 0.0001   0.53465E-03   0.79070E-03   0.19819E-02   0.32640E-03
   0.33632E-03   0.11757E-03   0.60282E-04   0.69818E-04   0.62471E-03
   0.64736E-03   0.11009E-02   0.46444E-03   0.82043E-03   0.81418E-03
   0.25555E-03   0.14296E-02   0.11412E-02   0.11604E-03   0.20791E-03
   0.24296E-03   0.52855E-04   0.46139E-03   0.10622E-02
 255.00 0.0001   0.51817E-03   0.58126E-03   0.16779E-02   0.54443E-03
   0.82294E-03   0.17471E-03   0.54113E-04   0.64675E-04   0.58698E-03
   0.48692E-03   0.81280E-03   0.41110E-03   0.62539E-03   0.68855E-03
   0.22321E-03   0.10028E-02   0.81269E-03   0.63153E-04   0.28407E-03
   0.21870E-03   0.47474E-04   0.62125E-03   0.84618E-03
 258.00 0.0001   0.39543E-03   0.62000E-03   0.11568E-02   0.77248E-03
   0.14637E-02   0.28517E-03   0.35519E-04   0.40962E-04   0.53185E-03
   0.33096E-03   0.50609E-03   0.39672E-03   0.52470E-03   0.45846E-03
   0.23906E-03   0.78695E-03   0.56302E-03   0.11211E-04   0.43138E-03
   0.18000E-03   0.60987E-04   0.74647E-03   0.54031E-03
 261.00 0.0001   0.25760E-03   0.72161E-03   0.83340E-03   0.84366E-03
   0.19672E-02   0.54106E-03   0.23808E-04   0.21292E-04   0.46515E-03
   0.18218E-03   0.37916E-03   0.39149E-03   0.59203E-03   0.26765E-03
   0.25008E-03   0.71315E-03   0.51278E-03   0.10351E-04   0.55835E-03
   0.92356E-04   0.12535E-03   0.69879E-03   0.28372E-03
 264.00 0.0001   0.19976E-03   0.51923E-03   0.72486E-03   0.88983E-03
   0.22979E-02   0.11125E-02   0.14885E-04   0.66411E-05   0.35575E-03
   0.73842E-04   0.27390E-03   0.39857E-03   0.74238E-03   0.21023E-03
   0.25964E-03   0.66452E-03   0.62538E-03   0.45625E-04   0.45836E-03
   0.28189E-04   0.19790E-03   0.56407E-03   0.11493E-03
 267.00 0.0001   0.19456E-03   0.25553E-03   0.82550E-03   0.11593E-02
   0.23511E-02   0.19015E-02   0.48051E-05   0.19459E-05   0.18644E-03
   0.26408E-04   0.12865E-03   0.48948E-03   0.85857E-03   0.34888E-03
   0.23589E-03   0.64167E-03   0.81265E-03   0.11805E-03   0.24307E-03
   0.45434E-05   0.25259E-03   0.45485E-03   0.20056E-04
 270.00 0.0001   0.13777E-03   0.28091E-03   0.84480E-03   0.14136E-02
   0.20745E-02   0.23470E-02   0.53871E-06   0.91265E-05   0.46580E-04
   0.10681E-04   0.17898E-04   0.77474E-03   0.92712E-03   0.61446E-03
   0.17809E-03   0.68738E-03   0.10558E-02   0.25758E-03   0.10531E-03
   0.96033E-06   0.24785E-03   0.39120E-03   0.63024E-05
 273.00 0.0001   0.93137E-04   0.40472E-03   0.87932E-03   0.13200E-02
   0.14943E-02   0.20394E-02   0.56613E-06   0.31933E-04   0.35166E-05
   0.10087E-04   0.14384E-04   0.12205E-02   0.97255E-03   0.90282E-03
   0.11539E-03   0.83689E-03   0.12326E-02   0.38471E-03   0.54916E-04
   0.11339E-04   0.20689E-03   0.36937E-03   0.49884E-04
 276.00 0.0001   0.10697E-03   0.32698E-03   0.10766E-02   0.98749E-03
   0.92571E-03   0.12792E-02   0.45911E-05   0.59342E-04   0.32298E-04
   0.26152E-04   0.15609E-03   0.16564E-02   0.98159E-03   0.89653E-03
   0.90825E-04   0.10434E-02   0.12780E-02   0.45273E-03   0.40731E-04
   0.82672E-04   0.17799E-03   0.34769E-03   0.10320E-03
 279.00 0.0001   0.12696E-03   0.21823E-03   0.11508E-02   0.81372E-03
   0.43519E-03   0.75955E-03   0.12959E-04   0.71585E-04   0.71402E-04
   0.27965E-04   0.45276E-03   0.18629E-02   0.83051E-03   0.77714E-03
   0.95963E-04   0.11861E-02   0.12331E-02   0.42028E-03   0.48320E-04
   0.16185E-03   0.15056E-03   0.19904E-03   0.11276E-03
 282.00 0.0001   0.15994E-03   0.22172E-03   0.10343E-02   0.10179E-02
   0.12379E-03   0.56630E-03   0.14426E-04   0.66326E-04   0.83954E-04
   0.13320E-04   0.95556E-03   0.16542E-02   0.57883E-03   0.97358E-03
   0.12092E-03   0.11082E-02   0.91346E-03   0.36409E-03   0.61244E-04
   0.17181E-03   0.14288E-03   0.12284E-03   0.12018E-03
 285.00 0.0001   0.20961E-03   0.26247E-03   0.92002E-03   0.12580E-02
   0.25251E-04   0.48065E-03   0.10103E-04   0.63294E-04   0.63219E-04
   0.52710E-06   0.17182E-02   0.11480E-02   0.37723E-03   0.13237E-02
   0.14500E-03   0.86632E-03   0.33937E-03   0.30109E-03   0.54660E-04
   0.13450E-03   0.13061E-03   0.17424E-03   0.14412E-03
 288.00 0.0001   0.22660E-03   0.31649E-03   0.88546E-03   0.14274E-02
   0.15254E-04   0.50884E-03   0.61364E-05   0.86307E-04   0.26366E-04
   0.36835E-05   0.23055E-02   0.66205E-03   0.26623E-03   0.14048E-02
   0.15341E-03   0.58466E-03   0.32682E-04   0.23939E-03   0.42592E-04
   0.93193E-04   0.10157E-03   0.26639E-03   0.16848E-03
 291.00 0.0001   0.23194E-03   0.38935E-03   0.10043E-02   0.15384E-02
   0.80761E-04   0.62714E-03   0.15372E-05   0.14955E-03   0.20194E-05
   0.32818E-04   0.25444E-02   0.39426E-03   0.21766E-03   0.12006E-02
   0.13359E-03   0.27721E-03   0.16935E-03   0.15582E-03   0.27741E-04
   0.83053E-04   0.10373E-03   0.35898E-03   0.27864E-03
 294.00 0.0001   0.22479E-03   0.46017E-03   0.11613E-02   0.14786E-02
   0.21387E-03   0.66865E-03   0.15206E-05   0.21419E-03   0.14162E-04
   0.15538E-03   0.27004E-02   0.29318E-03   0.25279E-03   0.10322E-02
   0.94366E-04   0.54974E-04   0.39620E-03   0.13009E-03   0.13272E-04
   0.42543E-04   0.13275E-03   0.38247E-03   0.53785E-03
 297.00 0.0001   0.14782E-03   0.46361E-03   0.12271E-02   0.12746E-02
   0.32917E-03   0.69078E-03   0.16587E-05   0.24324E-03   0.53849E-04
   0.36206E-03   0.25529E-02   0.24210E-03   0.36131E-03   0.96572E-03
   0.83407E-04   0.25504E-05   0.52769E-03   0.14994E-03   0.56242E-05
   0.14037E-04   0.19385E-03   0.35050E-03   0.78152E-03
 300.00 0.0001   0.53005E-04   0.37489E-03   0.12600E-02   0.11050E-02
   0.42818E-03   0.83860E-03   0.26987E-05   0.23140E-03   0.83406E-04
   0.50180E-03   0.19805E-02   0.19880E-03   0.50629E-03   0.99208E-03
   0.91616E-04   0.15987E-04   0.55915E-03   0.14585E-03   0.24915E-05
   0.11815E-04   0.23594E-03   0.31504E-03   0.88294E-03
 303.00 0.0001   0.12886E-04   0.24986E-03   0.13356E-02   0.95476E-03
   0.55240E-03   0.10382E-02   0.30305E-04   0.18386E-03   0.80246E-04
   0.52108E-03   0.13305E-02   0.18634E-03   0.58494E-03   0.98990E-03
   0.94543E-04   0.43677E-04   0.49729E-03   0.10010E-03   0.70622E-05
   0.28695E-04   0.20511E-03   0.29219E-03   0.82760E-03
 306.00 0.0001   0.87155E-05   0.15379E-03   0.13688E-02   0.82958E-03
   0.76607E-03   0.10319E-02   0.95916E-04   0.13634E-03   0.37740E-04
   0.49428E-03   0.89890E-03   0.20314E-03   0.51323E-03   0.82672E-03
   0.11835E-03   0.12766E-03   0.37655E-03   0.89429E-04   0.19508E-04
   0.10004E-03   0.15801E-03   0.30865E-03   0.74718E-03
 309.00 0.0001   0.14888E-04   0.11638E-03   0.13460E-02   0.92753E-03
   0.11325E-02   0.87275E-03   0.20163E-03   0.87940E-04   0.78662E-05
   0.35969E-03   0.71334E-03   0.21129E-03   0.38244E-03   0.58044E-03
   0.17244E-03   0.21094E-03   0.33427E-03   0.10195E-03   0.47804E-04
   0.16041E-03   0.19237E-03   0.35895E-03   0.64938E-03
 312.00 0.0001   0.38166E-04   0.12853E-03   0.13624E-02   0.12405E-02
   0.13662E-02   0.87733E-03   0.28171E-03   0.50703E-04   0.18530E-04
   0.20245E-03   0.65597E-03   0.18935E-03   0.31727E-03   0.50082E-03
   0.26982E-03   0.28982E-03   0.38863E-03   0.10026E-03   0.70559E-04
   0.16120E-03   0.22889E-03   0.39137E-03   0.50485E-03
 315.00 0.0001   0.52765E-04   0.16577E-03   0.14035E-02   0.14972E-02
   0.11513E-02   0.98650E-03   0.27164E-03   0.36107E-04   0.29291E-04
   0.11548E-03   0.67167E-03   0.20020E-03   0.27443E-03   0.58950E-03
   0.38718E-03   0.35785E-03   0.40617E-03   0.70808E-04   0.38572E-04
   0.11730E-03   0.18831E-03   0.35561E-03   0.36935E-03
 318.00 0.0001   0.55108E-04   0.25120E-03   0.13804E-02   0.16085E-02
   0.66617E-03   0.98040E-03   0.18888E-03   0.27534E-04   0.32374E-04
   0.80374E-04   0.68335E-03   0.25581E-03   0.17332E-03   0.70093E-03
   0.42037E-03   0.36839E-03   0.37297E-03   0.41674E-04   0.53120E-05
   0.49876E-04   0.66470E-04   0.27581E-03   0.29726E-03
 321.00 0.0001   0.59176E-04   0.37616E-03   0.14014E-02   0.15526E-02
   0.42843E-03   0.81074E-03   0.10978E-03   0.19905E-04   0.26252E-04
   0.91126E-04   0.69497E-03   0.33851E-03   0.79924E-04   0.70732E-03
   0.32534E-03   0.32493E-03   0.37900E-03   0.43368E-04   0.65202E-05
   0.68910E-05   0.87786E-05   0.21514E-03   0.31078E-03
 324.00 0.0001   0.62428E-04   0.56599E-03   0.15407E-02   0.14712E-02
   0.62885E-03   0.54099E-03   0.73378E-04   0.14653E-04   0.12329E-04
   0.15465E-03   0.75217E-03   0.51325E-03   0.40296E-04   0.52060E-03
   0.20119E-03   0.27228E-03   0.41113E-03   0.90347E-04   0.35016E-04
   0.98621E-06   0.59950E-04   0.14880E-03   0.38829E-03
 327.00 0.0001   0.64883E-04   0.89556E-03   0.15432E-02   0.14556E-02
   0.79633E-03   0.33470E-03   0.62909E-04   0.12168E-04   0.12798E-04
   0.22285E-03   0.83898E-03   0.10714E-02   0.22152E-04   0.24347E-03
   0.12206E-03   0.26120E-03   0.42216E-03   0.12479E-03   0.55951E-04
   0.23989E-04   0.13344E-03   0.89303E-04   0.49823E-03
 330.00 0.0001   0.55511E-04   0.11790E-02   0.12431E-02   0.12887E-02
   0.78283E-03   0.19897E-03   0.58573E-04   0.13143E-04   0.34069E-04
   0.24926E-03   0.87888E-03   0.19305E-02   0.18054E-04   0.53303E-04
   0.79569E-04   0.28260E-03   0.43806E-03   0.92669E-04   0.67535E-04
   0.12358E-03   0.18240E-03   0.58575E-04   0.56906E-03
 333.00 0.0001   0.40940E-04   0.11746E-02   0.85405E-03   0.85673E-03
   0.74387E-03   0.12701E-03   0.43861E-04   0.22620E-04   0.42741E-04
   0.24178E-03   0.79275E-03   0.27021E-02   0.36438E-05   0.49880E-04
   0.53708E-04   0.28127E-03   0.47326E-03   0.63446E-04   0.61255E-04
   0.30337E-03   0.17043E-03   0.62005E-04   0.55910E-03
 336.00 0.0001   0.27465E-04   0.96587E-03   0.54429E-03   0.35495E-03
   0.72128E-03   0.32520E-03   0.22811E-04   0.44115E-04   0.26978E-04
   0.18273E-03   0.60907E-03   0.29299E-02   0.18625E-04   0.15747E-03
   0.29129E-04   0.26476E-03   0.53423E-03   0.51599E-04   0.40344E-04
   0.37254E-03   0.17381E-03   0.73993E-04   0.52481E-03
 339.00 0.0001   0.19787E-04   0.79434E-03   0.29197E-03   0.43414E-04
   0.60224E-03   0.72092E-03   0.89745E-05   0.64747E-04   0.12132E-04
   0.12871E-03   0.31459E-03   0.25061E-02   0.12189E-03   0.30309E-03
   0.25055E-04   0.29775E-03   0.67694E-03   0.40366E-04   0.14928E-04
   0.24679E-03   0.18777E-03   0.65225E-04   0.54681E-03
 342.00 0.0001   0.30610E-04   0.65913E-03   0.14655E-03   0.17923E-04
   0.46114E-03   0.95401E-03   0.10363E-04   0.81363E-04   0.70181E-05
   0.14221E-03   0.13849E-03   0.20866E-02   0.29738E-03   0.36586E-03
   0.19713E-04   0.40935E-03   0.86073E-03   0.52023E-04   0.32223E-05
   0.12265E-03   0.18512E-03   0.67446E-04   0.60037E-03
 345.00 0.0001   0.67491E-04   0.54605E-03   0.95787E-04   0.54219E-04
   0.44430E-03   0.98969E-03   0.21460E-04   0.82139E-04   0.10436E-04
   0.21762E-03   0.11399E-03   0.18131E-02   0.53034E-03   0.28583E-03
   0.77615E-05   0.63451E-03   0.93026E-03   0.35245E-04   0.28903E-04
   0.93402E-04   0.13508E-03   0.50526E-04   0.60651E-03
 348.00 0.0001   0.11940E-03   0.48123E-03   0.73127E-04   0.10553E-03
   0.54417E-03   0.96131E-03   0.17796E-04   0.69578E-04   0.20515E-04
   0.21017E-03   0.10040E-03   0.13868E-02   0.80936E-03   0.18545E-03
   0.10864E-04   0.97650E-03   0.82620E-03   0.16928E-04   0.80521E-04
   0.74655E-04   0.97786E-04   0.21249E-04   0.56939E-03
 351.00 0.0001   0.13465E-03   0.38931E-03   0.41743E-04   0.15592E-03
   0.69472E-03   0.92520E-03   0.89079E-05   0.84249E-04   0.35577E-04
   0.11082E-03   0.61110E-04   0.94007E-03   0.11016E-02   0.12195E-03
   0.34834E-04   0.13407E-02   0.58861E-03   0.10538E-04   0.11886E-03
   0.63999E-04   0.10776E-03   0.93639E-05   0.53080E-03
 354.00 0.0001   0.10538E-03   0.25791E-03   0.14052E-04   0.12692E-03
   0.78766E-03   0.88217E-03   0.94952E-05   0.12804E-03   0.50901E-04
   0.29022E-04   0.15872E-04   0.68216E-03   0.12715E-02   0.80945E-04
   0.70255E-04   0.16502E-02   0.32868E-03   0.74143E-05   0.12805E-03
   0.50867E-04   0.13909E-03   0.56360E-05   0.45503E-03
 357.00 0.0001   0.94497E-04   0.19344E-03   0.19275E-05   0.81318E-04
   0.79730E-03   0.81730E-03   0.11183E-04   0.11962E-03   0.60699E-04
   0.15448E-04   0.80943E-05   0.55249E-03   0.11971E-02   0.34851E-04
   0.10213E-03   0.18837E-02   0.16269E-03   0.22784E-04   0.13049E-03
   0.36860E-04   0.13957E-03   0.10390E-04   0.30989E-03
 360.00 0.0001   0.78237E-04   0.22045E-03   0.24744E-04   0.86481E-04
   0.76420E-03   0.73764E-03   0.71537E-05   0.90732E-04   0.41018E-04
   0.56923E-04   0.89596E-04   0.46611E-03   0.10034E-02   0.33654E-05
   0.14124E-03   0.18854E-02   0.67687E-04   0.43950E-04   0.18508E-03
   0.34874E-04   0.99824E-04   0.33720E-04   0.14974E-03
 363.00 0.0001   0.54728E-04   0.26133E-03   0.11024E-03   0.67899E-04
   0.65123E-03   0.61195E-03   0.42649E-05   0.80934E-04   0.89678E-05
   0.13134E-03   0.19663E-03   0.42455E-03   0.76663E-03   0.10862E-05
   0.20207E-03   0.16020E-02   0.42598E-04   0.56368E-04   0.29149E-03
   0.37832E-04   0.58746E-04   0.71241E-04   0.53576E-04
 366.00 0.0001   0.58687E-04   0.26607E-03   0.24561E-03   0.48246E-04
   0.54446E-03   0.49823E-03   0.73715E-05   0.58403E-04   0.28157E-05
   0.20014E-03   0.28564E-03   0.41479E-03   0.62255E-03   0.30568E-05
   0.24514E-03   0.11717E-02   0.73293E-04   0.72797E-04   0.35884E-03
   0.33161E-04   0.36209E-04   0.12404E-03   0.23272E-04
 369.00 0.0001   0.60884E-04   0.30791E-03   0.39034E-03   0.66658E-04
   0.44637E-03   0.41523E-03   0.24523E-04   0.41450E-04   0.30645E-04
   0.20227E-03   0.42428E-03   0.42437E-03   0.62803E-03   0.18352E-05
   0.18872E-03   0.69498E-03   0.90637E-04   0.92529E-04   0.35464E-03
   0.16030E-04   0.37830E-04   0.21124E-03   0.11021E-04
 372.00 0.0001   0.68750E-04   0.41213E-03   0.56110E-03   0.95387E-04
   0.30873E-03   0.31758E-03   0.41455E-04   0.36068E-04   0.68209E-04
   0.20378E-03   0.50864E-03   0.41093E-03   0.56078E-03   0.21446E-05
   0.66272E-04   0.39561E-03   0.91686E-04   0.95342E-04   0.27320E-03
   0.74704E-05   0.54964E-04   0.34071E-03   0.45090E-05
 375.00 0.0001   0.78442E-04   0.52041E-03   0.76287E-03   0.10872E-03
   0.17816E-03   0.23598E-03   0.60583E-04   0.27176E-04   0.90381E-04
   0.18619E-03   0.48024E-03   0.35982E-03   0.43934E-03   0.19935E-04
   0.29057E-04   0.27143E-03   0.78033E-04   0.72954E-04   0.13426E-03
   0.13979E-04   0.75071E-04   0.50490E-03   0.57087E-05
 378.00 0.0001   0.99725E-04   0.58636E-03   0.87018E-03   0.10916E-03
   0.75462E-04   0.16846E-03   0.74745E-04   0.26489E-04   0.11097E-03
   0.14868E-03   0.45353E-03   0.30511E-03   0.40636E-03   0.58344E-04
   0.58991E-04   0.17122E-03   0.79620E-04   0.46620E-04   0.48339E-04
   0.19317E-04   0.94745E-04   0.72251E-03   0.35881E-05
 381.00 0.0001   0.12641E-03   0.71862E-03   0.93667E-03   0.12055E-03
   0.61261E-04   0.13109E-03   0.75255E-04   0.31061E-04   0.11947E-03
   0.13797E-03   0.45783E-03   0.27212E-03   0.43000E-03   0.87242E-04
   0.12272E-03   0.11696E-03   0.12247E-03   0.24798E-04   0.33697E-04
   0.16961E-04   0.11838E-03   0.86474E-03   0.51333E-05
 384.00 0.0001   0.11369E-03   0.86189E-03   0.10874E-02   0.14912E-03
   0.20339E-03   0.11682E-03   0.56316E-04   0.19332E-04   0.97255E-04
   0.13428E-03   0.45767E-03   0.19505E-03   0.49599E-03   0.12587E-03
   0.15124E-03   0.11564E-03   0.17714E-03   0.11974E-04   0.53970E-04
   0.84320E-05   0.14234E-03   0.82148E-03   0.15786E-04
 387.00 0.0001   0.71969E-04   0.78588E-03   0.12651E-02   0.17930E-03
   0.35592E-03   0.10754E-03   0.30661E-04   0.65986E-05   0.67473E-04
   0.14720E-03   0.45338E-03   0.12485E-03   0.59657E-03   0.19393E-03
   0.13581E-03   0.12881E-03   0.22734E-03   0.37115E-05   0.89623E-04
   0.55146E-07   0.14417E-03   0.79398E-03   0.28484E-04
 390.00 0.0001   0.44144E-04   0.56376E-03   0.12659E-02   0.24203E-03
   0.40410E-03   0.12072E-03   0.29874E-04   0.22382E-05   0.44626E-04
   0.14775E-03   0.42813E-03   0.10270E-03   0.72034E-03   0.22615E-03
   0.12812E-03   0.13947E-03   0.26302E-03   0.23248E-05   0.85898E-04
   0.13485E-04   0.12532E-03   0.85792E-03   0.32660E-04
 393.00 0.0001   0.29098E-04   0.54857E-03   0.98954E-03   0.34015E-03
   0.34226E-03   0.16297E-03   0.48448E-04   0.19442E-05   0.29492E-04
   0.14227E-03   0.39658E-03   0.53764E-04   0.79464E-03   0.16120E-03
   0.11292E-03   0.14667E-03   0.25914E-03   0.84014E-05   0.55365E-04
   0.65326E-04   0.93592E-04   0.80345E-03   0.32796E-04
 396.00 0.0001   0.21823E-04   0.58356E-03   0.62889E-03   0.50015E-03
   0.27167E-03   0.22671E-03   0.50180E-04   0.71182E-05   0.14148E-04
   0.13762E-03   0.37636E-03   0.80624E-05   0.75442E-03   0.87277E-04
   0.82497E-04   0.16400E-03   0.22791E-03   0.15178E-04   0.52479E-04
   0.12899E-03   0.63231E-04   0.61876E-03   0.48947E-04
 399.00 0.0001   0.16431E-04   0.46541E-03   0.35154E-03   0.78010E-03
   0.23986E-03   0.24596E-03   0.54232E-04   0.22496E-04   0.31613E-05
   0.13033E-03   0.36921E-03   0.19598E-05   0.66338E-03   0.91925E-04
   0.51754E-04   0.16288E-03   0.18161E-03   0.19798E-04   0.62735E-04
   0.14590E-03   0.32827E-04   0.45475E-03   0.82816E-04
 402.00 0.0001   0.16839E-04   0.35846E-03   0.23510E-03   0.94123E-03
   0.21027E-03   0.23607E-03   0.70513E-04   0.33563E-04   0.14270E-06
   0.11587E-03   0.44753E-03   0.22907E-04   0.58175E-03   0.14584E-03
   0.42184E-04   0.10604E-03   0.12044E-03   0.26049E-04   0.51014E-04
   0.13674E-03   0.16650E-04   0.32706E-03   0.11750E-03
 405.00 0.0001   0.23891E-04   0.30159E-03   0.26964E-03   0.97655E-03
   0.19247E-03   0.21127E-03   0.81008E-04   0.39331E-04   0.17380E-05
   0.91571E-04   0.66959E-03   0.38028E-04   0.54141E-03   0.19113E-03
   0.50818E-04   0.86499E-04   0.89281E-04   0.26371E-04   0.30442E-04
   0.11069E-03   0.91656E-05   0.28661E-03   0.14894E-03
 408.00 0.0001   0.37389E-04   0.27679E-03   0.34929E-03   0.86306E-03
   0.16363E-03   0.16543E-03   0.75859E-04   0.50785E-04   0.99685E-05
   0.68134E-04   0.95213E-03   0.30079E-04   0.50886E-03   0.18724E-03
   0.62810E-04   0.82349E-04   0.19509E-03   0.16857E-04   0.22057E-04
   0.75913E-04   0.52369E-05   0.30927E-03   0.22808E-03
 411.00 0.0001   0.52475E-04   0.28510E-03   0.45772E-03   0.67401E-03
   0.13427E-03   0.12037E-03   0.60122E-04   0.58860E-04   0.21907E-04
   0.41773E-04   0.11580E-02   0.20699E-04   0.45858E-03   0.18368E-03
   0.76698E-04   0.46829E-04   0.28684E-03   0.76177E-05   0.18257E-04
   0.53564E-04   0.45177E-05   0.32441E-03   0.39263E-03
 414.00 0.0001   0.65859E-04   0.33731E-03   0.58310E-03   0.56380E-03
   0.10491E-03   0.76814E-04   0.46938E-04   0.46287E-04   0.28199E-04
   0.29199E-04   0.11678E-02   0.22969E-04   0.37865E-03   0.21470E-03
   0.87319E-04   0.30071E-04   0.24320E-03   0.36494E-05   0.10618E-04
   0.38317E-04   0.30620E-05   0.30677E-03   0.62352E-03
 417.00 0.0001   0.55029E-04   0.45137E-03   0.67348E-03   0.47777E-03
   0.10572E-03   0.35987E-04   0.35296E-04   0.14145E-04   0.27763E-04
   0.33414E-04   0.10246E-02   0.26405E-04   0.26463E-03   0.28340E-03
   0.99664E-04   0.54145E-04   0.18797E-03   0.33208E-05   0.32322E-05
   0.41372E-04   0.74831E-05   0.26405E-03   0.83053E-03
 420.00 0.0001   0.20699E-04   0.59057E-03   0.69632E-03   0.34023E-03
   0.12615E-03   0.92932E-05   0.29590E-04   0.96931E-05   0.16070E-04
   0.45102E-04   0.85847E-03   0.33744E-04   0.12168E-03   0.36288E-03
   0.10223E-03   0.16143E-03   0.17519E-03   0.43560E-05   0.29176E-06
   0.49619E-04   0.10687E-04   0.22595E-03   0.94816E-03
 423.00 0.0001   0.84791E-06   0.64635E-03   0.70856E-03   0.21114E-03
   0.15425E-03   0.44156E-05   0.33820E-04   0.46253E-04   0.72499E-05
   0.57032E-04   0.66862E-03   0.51268E-04   0.24875E-04   0.40413E-03
   0.73508E-04   0.31019E-03   0.21742E-03   0.39318E-05   0.12570E-06
   0.43511E-04   0.29692E-05   0.20601E-03   0.84941E-03
 426.00 0.0001   0.27773E-05   0.68701E-03   0.76284E-03   0.14687E-03
   0.20354E-03   0.41770E-05   0.34661E-04   0.58125E-04   0.16956E-05
   0.60769E-04   0.50113E-03   0.71980E-04   0.30203E-05   0.39257E-03
   0.38501E-04   0.38925E-03   0.31684E-03   0.52029E-05   0.10537E-05
   0.26676E-04   0.37551E-05   0.20115E-03   0.67369E-03
 429.00 0.0001   0.28887E-05   0.70545E-03   0.79328E-03   0.15610E-03
   0.26498E-03   0.89289E-06   0.25172E-04   0.41174E-04   0.45040E-06
   0.52836E-04   0.46647E-03   0.79199E-04   0.10206E-04   0.36384E-03
   0.24331E-04   0.40931E-03   0.38002E-03   0.11122E-04   0.37792E-05
   0.15844E-04   0.39209E-04   0.20645E-03   0.58673E-03
 432.00 0.0001   0.13064E-05   0.63478E-03   0.76413E-03   0.22326E-03
   0.32454E-03   0.12199E-04   0.15730E-04   0.27844E-04   0.94375E-05
   0.67045E-04   0.42585E-03   0.81307E-04   0.39609E-04   0.34577E-03
   0.15011E-04   0.34690E-03   0.39302E-03   0.17294E-04   0.40411E-05
   0.18100E-04   0.94984E-04   0.20234E-03   0.44826E-03
 435.00 0.0001   0.49481E-06   0.47084E-03   0.67806E-03   0.22613E-03
   0.39388E-03   0.44728E-04   0.13956E-04   0.17360E-04   0.19759E-04
   0.61584E-04   0.30651E-03   0.81112E-04   0.10792E-03   0.33614E-03
   0.11365E-04   0.25113E-03   0.39918E-03   0.13576E-04   0.35745E-05
   0.25212E-04   0.13677E-03   0.17860E-03   0.29238E-03
 438.00 0.0001   0.10222E-05   0.27156E-03   0.51274E-03   0.16924E-03
   0.46721E-03   0.73764E-04   0.18864E-04   0.21822E-04   0.26097E-04
   0.43049E-04   0.17296E-03   0.75096E-04   0.18704E-03   0.31970E-03
   0.40577E-04   0.23592E-03   0.40331E-03   0.57069E-05   0.87870E-05
   0.30394E-04   0.14816E-03   0.14025E-03   0.23212E-03
 441.00 0.0001   0.23870E-05   0.14431E-03   0.30488E-03   0.14538E-03
   0.50493E-03   0.10404E-03   0.25925E-04   0.45326E-04   0.40916E-04
   0.46026E-04   0.12577E-03   0.75442E-04   0.24769E-03   0.27297E-03
   0.10252E-03   0.30790E-03   0.40307E-03   0.25169E-05   0.20175E-04
   0.28474E-04   0.12433E-03   0.10514E-03   0.21593E-03
 444.00 0.0001   0.58506E-05   0.11367E-03   0.15072E-03   0.16771E-03
   0.44947E-03   0.13045E-03   0.23829E-04   0.57337E-04   0.44854E-04
   0.53568E-04   0.14451E-03   0.88460E-04   0.25488E-03   0.24199E-03
   0.15421E-03   0.39361E-03   0.40796E-03   0.20204E-05   0.33265E-04
   0.24301E-04   0.10368E-03   0.47974E-04   0.21139E-03
 447.00 0.0001   0.10137E-04   0.14677E-03   0.82405E-04   0.22646E-03
   0.33027E-03   0.14465E-03   0.24796E-04   0.46284E-04   0.35373E-04
   0.62012E-04   0.12943E-03   0.10808E-03   0.22919E-03   0.24452E-03
   0.14216E-03   0.44038E-03   0.45202E-03   0.40116E-05   0.37248E-04
   0.17738E-04   0.12805E-03   0.68009E-05   0.25869E-03
 450.00 0.0001   0.11084E-04   0.21022E-03   0.89222E-04   0.30141E-03
   0.33517E-03   0.16591E-03   0.19625E-04   0.38328E-04   0.33253E-04
   0.76618E-04   0.83911E-04   0.16357E-03   0.21338E-03   0.26803E-03
   0.78206E-04   0.42407E-03   0.51348E-03   0.12979E-04   0.27663E-04
   0.50806E-05   0.19689E-03   0.26005E-05   0.31740E-03
 453.00 0.0001   0.62580E-05   0.26455E-03   0.16914E-03   0.40185E-03
   0.43280E-03   0.17658E-03   0.33314E-04   0.51865E-04   0.39953E-04
   0.86737E-04   0.54666E-04   0.24427E-03   0.21234E-03   0.25936E-03
   0.32945E-04   0.41848E-03   0.53666E-03   0.20828E-04   0.13928E-04
   0.24833E-06   0.22617E-03   0.24339E-04   0.32084E-03
 456.00 0.0001   0.30123E-05   0.27874E-03   0.28158E-03   0.48019E-03
   0.40526E-03   0.15659E-03   0.52674E-04   0.56838E-04   0.38312E-04
   0.91643E-04   0.57777E-04   0.37010E-03   0.20500E-03   0.19411E-03
   0.48000E-04   0.43092E-03   0.49935E-03   0.21939E-04   0.11121E-04
   0.15196E-05   0.19362E-03   0.10748E-03   0.26452E-03
 459.00 0.0001   0.30050E-05   0.23476E-03   0.29081E-03   0.43010E-03
   0.25524E-03   0.13078E-03   0.64388E-04   0.40136E-04   0.31289E-04
   0.88031E-04   0.72822E-04   0.53350E-03   0.19499E-03   0.12262E-03
   0.73141E-04   0.46097E-03   0.46149E-03   0.20527E-04   0.12140E-04
   0.10195E-04   0.15267E-03   0.20288E-03   0.23992E-03
 462.00 0.0001   0.36608E-05   0.16232E-03   0.21356E-03   0.28946E-03
   0.16976E-03   0.19210E-03   0.74924E-04   0.35329E-04   0.33009E-04
   0.85234E-04   0.65842E-04   0.64842E-03   0.17233E-03   0.57229E-04
   0.70692E-04   0.46562E-03   0.46092E-03   0.19865E-04   0.94186E-05
   0.29595E-04   0.10653E-03   0.23876E-03   0.24616E-03
 465.00 0.0001   0.66986E-05   0.11471E-03   0.20795E-03   0.20555E-03
   0.10716E-03   0.40453E-03   0.70144E-04   0.45740E-04   0.43370E-04
   0.86999E-04   0.47647E-04   0.61771E-03   0.15052E-03   0.19096E-04
   0.62987E-04   0.41024E-03   0.42715E-03   0.46201E-04   0.51614E-05
   0.42685E-04   0.67261E-04   0.24114E-03   0.20430E-03
 468.00 0.0001   0.13643E-04   0.10111E-03   0.25336E-03   0.14084E-03
   0.33930E-04   0.54003E-03   0.56619E-04   0.56384E-04   0.50136E-04
   0.71410E-04   0.56834E-04   0.55756E-03   0.17050E-03   0.34000E-04
   0.63769E-04   0.35184E-03   0.34878E-03   0.90286E-04   0.66613E-05
   0.58419E-04   0.49436E-04   0.26263E-03   0.16772E-03
 471.00 0.0001   0.19835E-04   0.82167E-04   0.26768E-03   0.18637E-03
   0.99184E-05   0.50171E-03   0.49125E-04   0.55608E-04   0.41976E-04
   0.42490E-04   0.10058E-03   0.64697E-03   0.19904E-03   0.87242E-04
   0.51531E-04   0.31178E-03   0.25322E-03   0.92868E-04   0.15313E-04
   0.67125E-04   0.47384E-04   0.27918E-03   0.17115E-03
 474.00 0.0001   0.23686E-04   0.69324E-04   0.25629E-03   0.42590E-03
   0.50034E-04   0.45256E-03   0.47072E-04   0.42925E-04   0.29201E-04
   0.24006E-04   0.16789E-03   0.67417E-03   0.22420E-03   0.13146E-03
   0.36411E-04   0.31866E-03   0.15092E-03   0.43587E-04   0.19216E-04
   0.54404E-04   0.49894E-04   0.27860E-03   0.17106E-03
 477.00 0.0001   0.32234E-04   0.56256E-04   0.24513E-03   0.50838E-03
   0.10397E-03   0.44998E-03   0.45582E-04   0.34480E-04   0.20254E-04
   0.29460E-04   0.24934E-03   0.54577E-03   0.25806E-03   0.15629E-03
   0.31948E-04   0.37110E-03   0.51725E-04   0.92643E-05   0.19145E-04
   0.37584E-04   0.43168E-04   0.29547E-03   0.12750E-03
 480.00 0.0001   0.49376E-04   0.38764E-04   0.25032E-03   0.56069E-03
   0.15003E-03   0.43131E-03   0.53236E-04   0.29177E-04   0.12296E-04
   0.41286E-04   0.33285E-03   0.35756E-03   0.30469E-03   0.19443E-03
   0.29977E-04   0.39603E-03   0.77521E-05   0.15857E-04   0.16788E-04
   0.27842E-04   0.32830E-04   0.30252E-03   0.64494E-04
 483.00 0.0001   0.60025E-04   0.26983E-04   0.25332E-03   0.54696E-03
   0.20891E-03   0.43081E-03   0.60798E-04   0.20784E-04   0.53738E-05
   0.39567E-04   0.34574E-03   0.24185E-03   0.34982E-03   0.25032E-03
   0.33719E-04   0.34139E-03   0.16750E-05   0.20773E-04   0.91199E-05
   0.18296E-04   0.30157E-04   0.28608E-03   0.41947E-04
 486.00 0.0001   0.47170E-04   0.18484E-04   0.23157E-03   0.38531E-03
   0.26410E-03   0.43643E-03   0.61544E-04   0.93704E-05   0.14636E-05
   0.30242E-04   0.25277E-03   0.17689E-03   0.38302E-03   0.27820E-03
   0.33861E-04   0.28455E-03   0.12437E-04   0.12187E-04   0.57917E-05
   0.12115E-04   0.33427E-04   0.27049E-03   0.60150E-04
 489.00 0.0001   0.35406E-04   0.13023E-04   0.21419E-03   0.20925E-03
   0.30505E-03   0.37200E-03   0.57352E-04   0.41619E-05   0.53224E-06
   0.29620E-04   0.20172E-03   0.12279E-03   0.39166E-03   0.23966E-03
   0.24040E-04   0.23728E-03   0.24597E-04   0.40354E-05   0.15236E-04
   0.68898E-05   0.43931E-04   0.27615E-03   0.11217E-03
 492.00 0.0001   0.42417E-04   0.89828E-05   0.21505E-03   0.12781E-03
   0.30421E-03   0.28841E-03   0.50434E-04   0.61894E-05   0.57586E-06
   0.36042E-04   0.20977E-03   0.84864E-04   0.31275E-03   0.19688E-03
   0.12238E-04   0.20681E-03   0.27513E-04   0.17084E-05   0.26281E-04
   0.17482E-05   0.64669E-04   0.28800E-03   0.17030E-03
 495.00 0.0001   0.63953E-04   0.99666E-05   0.20563E-03   0.12213E-03
   0.28710E-03   0.25800E-03   0.45302E-04   0.11999E-04   0.17702E-05
   0.47263E-04   0.19628E-03   0.74743E-04   0.23896E-03   0.19790E-03
   0.76203E-05   0.20888E-03   0.27035E-04   0.41936E-05   0.31214E-04
   0.33898E-06   0.85595E-04   0.29812E-03   0.15806E-03
 498.00 0.0001   0.51133E-04   0.17223E-04   0.18601E-03   0.12944E-03
   0.27537E-03   0.26428E-03   0.42238E-04   0.17725E-04   0.55043E-05
   0.64370E-04   0.16641E-03   0.95314E-04   0.23947E-03   0.17341E-03
   0.66029E-05   0.18722E-03   0.21496E-04   0.52684E-05   0.28931E-04
   0.33789E-05   0.91357E-04   0.28100E-03   0.12591E-03
 501.00 0.0001   0.25887E-04   0.25918E-04   0.15357E-03   0.11806E-03
   0.29486E-03   0.26442E-03   0.36136E-04   0.16376E-04   0.92730E-05
   0.10798E-03   0.13741E-03   0.12635E-03   0.20332E-03   0.11665E-03
   0.94281E-05   0.12901E-03   0.15304E-04   0.51909E-05   0.26276E-04
   0.11396E-04   0.85215E-04   0.24285E-03   0.81466E-04
 504.00 0.0001   0.13200E-04   0.25082E-04   0.10706E-03   0.96242E-04
   0.27900E-03   0.23229E-03   0.24788E-04   0.14976E-04   0.43000E-05
   0.14389E-03   0.13634E-03   0.13317E-03   0.17055E-03   0.75909E-04
   0.17501E-04   0.72553E-04   0.14620E-04   0.68874E-05   0.36105E-04
   0.14365E-04   0.70493E-04   0.22890E-03   0.50253E-04
 507.00 0.0001   0.37396E-05   0.13243E-04   0.79029E-04   0.84125E-04
   0.20127E-03   0.17954E-03   0.20461E-04   0.10455E-04   0.17566E-05
   0.13287E-03   0.18153E-03   0.96700E-04   0.13807E-03   0.70156E-04
   0.18745E-04   0.37227E-04   0.16806E-04   0.72076E-05   0.56780E-04
   0.93081E-05   0.44268E-04   0.27418E-03   0.34461E-04
 510.00 0.0001   0.47432E-06   0.11738E-04   0.97755E-04   0.89450E-04
   0.14122E-03   0.13167E-03   0.40077E-04   0.33481E-05   0.52464E-05
   0.10763E-03   0.22212E-03   0.65244E-04   0.11205E-03   0.59714E-04
   0.84836E-05   0.19043E-04   0.18524E-04   0.77037E-05   0.76468E-04
   0.36652E-05   0.19504E-04   0.29167E-03   0.24877E-04
 513.00 0.0001   0.43365E-05   0.29205E-04   0.15206E-03   0.12752E-03
   0.98170E-04   0.10720E-03   0.61389E-04   0.29464E-05   0.14592E-04
   0.86872E-04   0.24886E-03   0.72497E-04   0.11979E-03   0.45614E-04
   0.54577E-05   0.18174E-04   0.19699E-04   0.90523E-05   0.49185E-04
   0.10315E-05   0.89519E-05   0.28784E-03   0.27248E-04
 516.00 0.0001   0.75067E-05   0.52309E-04   0.24005E-03   0.15564E-03
   0.60996E-04   0.10261E-03   0.56827E-04   0.44368E-05   0.22325E-04
   0.68027E-04   0.25777E-03   0.10393E-03   0.11878E-03   0.36203E-04
   0.23795E-04   0.16020E-04   0.25800E-04   0.10572E-04   0.35314E-04
   0.27368E-05   0.54624E-05   0.32316E-03   0.40470E-04
 519.00 0.0001   0.11728E-04   0.78883E-04   0.38508E-03   0.15769E-03
   0.20676E-04   0.10570E-03   0.44611E-04   0.62875E-05   0.17146E-04
   0.64547E-04   0.25139E-03   0.15874E-03   0.10649E-03   0.31004E-04
   0.38437E-04   0.14821E-04   0.36646E-04   0.76546E-05   0.67765E-04
   0.83637E-05   0.75607E-05   0.35292E-03   0.74933E-04
 522.00 0.0001   0.16514E-04   0.81140E-04   0.54904E-03   0.14710E-03
   0.20035E-05   0.10424E-03   0.39193E-04   0.10386E-04   0.18122E-04
   0.67252E-04   0.27761E-03   0.22974E-03   0.94936E-04   0.34067E-04
   0.32445E-04   0.19558E-04   0.48106E-04   0.27172E-05   0.96691E-04
   0.14007E-04   0.20913E-04   0.35050E-03   0.11503E-03
 525.00 0.0001   0.22890E-04   0.92664E-04   0.66433E-03   0.14288E-03
   0.17222E-04   0.97378E-04   0.36125E-04   0.12835E-04   0.30664E-04
   0.83635E-04   0.33732E-03   0.25580E-03   0.82297E-04   0.31630E-04
   0.22024E-04   0.19913E-04   0.62798E-04   0.65957E-06   0.93878E-04
   0.13788E-04   0.37505E-04   0.30046E-03   0.14538E-03
 528.00 0.0001   0.26101E-04   0.13844E-03   0.72985E-03   0.16044E-03
   0.77545E-04   0.96895E-04   0.21830E-04   0.13483E-04   0.41649E-04
   0.10081E-03   0.35826E-03   0.21570E-03   0.82984E-04   0.19944E-04
   0.83961E-05   0.12721E-04   0.73850E-04   0.26511E-05   0.70718E-04
   0.12266E-04   0.35310E-04   0.21715E-03   0.16971E-03
 531.00 0.0001   0.19876E-04   0.16133E-03   0.71744E-03   0.19955E-03
   0.15203E-03   0.82136E-04   0.97080E-05   0.11972E-04   0.48640E-04
   0.94399E-04   0.32311E-03   0.14532E-03   0.92979E-04   0.18171E-04
   0.11374E-05   0.75093E-05   0.74752E-04   0.74323E-05   0.49784E-04
   0.18926E-04   0.23735E-04   0.16729E-03   0.18804E-03
 534.00 0.0001   0.12142E-04   0.19670E-03   0.60892E-03   0.23432E-03
   0.20188E-03   0.60237E-04   0.66379E-05   0.77139E-05   0.40965E-04
   0.77918E-04   0.28403E-03   0.10490E-03   0.96434E-04   0.20672E-04
   0.38651E-05   0.84621E-05   0.75564E-04   0.15590E-04   0.37476E-04
   0.33186E-04   0.12865E-04   0.14962E-03   0.19723E-03
 537.00 0.0001   0.75534E-05   0.30988E-03   0.44379E-03   0.23441E-03
   0.22904E-03   0.47599E-04   0.87968E-05   0.62537E-05   0.24143E-04
   0.65096E-04   0.23753E-03   0.65640E-04   0.10533E-03   0.26344E-04
   0.82823E-05   0.13536E-04   0.88757E-04   0.25249E-04   0.30976E-04
   0.20380E-04   0.64599E-05   0.12518E-03   0.20458E-03
 540.00 0.0001   0.26527E-05   0.40929E-03   0.27811E-03   0.23640E-03
   0.23073E-03   0.50413E-04   0.11965E-04   0.50584E-05   0.13320E-04
   0.56209E-04   0.19872E-03   0.20303E-04   0.10128E-03   0.41156E-04
   0.17651E-04   0.25913E-04   0.97791E-04   0.29740E-04   0.14237E-04
   0.11373E-04   0.24972E-05   0.76068E-04   0.22026E-03
 543.00 0.0001   0.90939E-07   0.42958E-03   0.15295E-03   0.21744E-03
   0.20261E-03   0.81229E-04   0.16129E-04   0.28511E-05   0.10752E-04
   0.56062E-04   0.17661E-03   0.27696E-04   0.81564E-04   0.59067E-04
   0.23372E-04   0.42088E-04   0.11901E-03   0.26302E-04   0.25461E-05
   0.18067E-04   0.58994E-06   0.35159E-04   0.26269E-03
 546.00 0.0001   0.28178E-06   0.33518E-03   0.71055E-04   0.13986E-03
   0.16767E-03   0.13622E-03   0.16067E-04   0.32407E-05   0.10789E-04
   0.61940E-04   0.17994E-03   0.64249E-04   0.61530E-04   0.61393E-04
   0.20593E-04   0.49748E-04   0.18859E-03   0.15601E-04   0.11878E-05
   0.19610E-04   0.41207E-06   0.16818E-04   0.31777E-03
 549.00 0.0001   0.14346E-05   0.17881E-03   0.58594E-04   0.12368E-03
   0.17965E-03   0.18770E-03   0.90249E-05   0.47880E-05   0.12608E-04
   0.63096E-04   0.19188E-03   0.82183E-04   0.53342E-04   0.48818E-04
   0.14425E-04   0.48096E-04   0.25757E-03   0.96130E-05   0.50547E-05
   0.77041E-05   0.38869E-06   0.12043E-04   0.37979E-03
 552.00 0.0001   0.20147E-05   0.12013E-03   0.62634E-04   0.16812E-03
   0.20047E-03   0.19778E-03   0.23611E-05   0.45294E-05   0.18617E-04
   0.59043E-04   0.17212E-03   0.76389E-04   0.56064E-04   0.33663E-04
   0.13583E-04   0.38598E-04   0.28907E-03   0.64346E-05   0.93036E-05
   0.15517E-05   0.55715E-07   0.86286E-05   0.42712E-03
 555.00 0.0001   0.52007E-06   0.15137E-03   0.70593E-04   0.16191E-03
   0.18937E-03   0.17054E-03   0.10447E-05   0.36362E-05   0.20694E-04
   0.51939E-04   0.14672E-03   0.72264E-04   0.51857E-04   0.16454E-04
   0.22288E-04   0.20759E-04   0.30877E-03   0.65915E-05   0.12548E-04
   0.82776E-05   0.20777E-06   0.73047E-05   0.44234E-03
 558.00 0.0001   0.74507E-06   0.17229E-03   0.80323E-04   0.12324E-03
   0.18853E-03   0.16180E-03   0.21736E-05   0.70093E-05   0.17459E-04
   0.42739E-04   0.13402E-03   0.88847E-04   0.45445E-04   0.62246E-05
   0.32876E-04   0.23330E-04   0.27361E-03   0.63916E-05   0.13194E-04
   0.17550E-04   0.16044E-05   0.82855E-05   0.43756E-03
 561.00 0.0001   0.37612E-05   0.17512E-03   0.63672E-04   0.85461E-04
   0.21389E-03   0.16992E-03   0.29705E-05   0.12857E-04   0.18635E-04
   0.33291E-04   0.15293E-03   0.12058E-03   0.32557E-04   0.33411E-05
   0.39485E-04   0.81581E-04   0.19187E-03   0.48514E-05   0.13697E-04
   0.26430E-04   0.33857E-05   0.12476E-04   0.43919E-03
 564.00 0.0001   0.11139E-04   0.19292E-03   0.34068E-04   0.41132E-04
   0.24886E-03   0.16613E-03   0.31800E-05   0.12299E-04   0.20309E-04
   0.26178E-04   0.15321E-03   0.12591E-03   0.13677E-04   0.10200E-05
   0.45337E-04   0.13109E-03   0.12318E-03   0.46494E-05   0.15159E-04
   0.44509E-04   0.41610E-05   0.17687E-04   0.43613E-03
 567.00 0.0001   0.21214E-04   0.19097E-03   0.28223E-04   0.17970E-04
   0.26944E-03   0.14351E-03   0.38900E-05   0.10077E-04   0.12856E-04
   0.32763E-04   0.11016E-03   0.12187E-03   0.21560E-04   0.17022E-06
   0.47135E-04   0.16032E-03   0.92871E-04   0.46766E-05   0.15918E-04
   0.58071E-04   0.51311E-05   0.27581E-04   0.37223E-03
 570.00 0.0001   0.26084E-04   0.15801E-03   0.54203E-04   0.15615E-04
   0.27769E-03   0.12648E-03   0.36891E-05   0.82373E-05   0.96999E-05
   0.48563E-04   0.72095E-04   0.13927E-03   0.43982E-04   0.21660E-05
   0.36885E-04   0.18246E-03   0.73463E-04   0.41009E-05   0.21433E-04
   0.56888E-04   0.75107E-05   0.39026E-04   0.25886E-03
 573.00 0.0001   0.26507E-04   0.15643E-03   0.85985E-04   0.10514E-04
   0.26335E-03   0.11691E-03   0.23866E-05   0.43418E-05   0.14566E-04
   0.54028E-04   0.57056E-04   0.15765E-03   0.82483E-04   0.66227E-05
   0.18928E-04   0.18451E-03   0.73448E-04   0.33968E-05   0.28031E-04
   0.47220E-04   0.95648E-05   0.50091E-04   0.16107E-03
 576.00 0.0001   0.22351E-04   0.17440E-03   0.99621E-04   0.38269E-05
   0.24702E-03   0.10330E-03   0.18450E-05   0.32314E-05   0.13226E-04
   0.53406E-04   0.53926E-04   0.15850E-03   0.12187E-03   0.11951E-04
   0.35568E-05   0.18240E-03   0.97209E-04   0.30618E-05   0.29506E-04
   0.33854E-04   0.13680E-04   0.56152E-04   0.11173E-03
 579.00 0.0001   0.20987E-04   0.19476E-03   0.91088E-04   0.26809E-06
   0.21681E-03   0.90016E-04   0.87118E-06   0.33540E-05   0.90732E-05
   0.38119E-04   0.46541E-04   0.15020E-03   0.13450E-03   0.18456E-04
   0.11393E-05   0.16105E-03   0.10986E-03   0.23636E-05   0.26126E-04
   0.26135E-04   0.27478E-04   0.45430E-04   0.10528E-03
 582.00 0.0001   0.23056E-04   0.20096E-03   0.81822E-04   0.15414E-06
   0.19188E-03   0.74991E-04   0.16301E-05   0.23174E-05   0.11608E-04
   0.21210E-04   0.45013E-04   0.14292E-03   0.12357E-03   0.19023E-04
   0.91782E-05   0.13572E-03   0.10647E-03   0.17496E-05   0.28633E-04
   0.22901E-04   0.51172E-04   0.30752E-04   0.99033E-04
 585.00 0.0001   0.19211E-04   0.16990E-03   0.70372E-04   0.18221E-06
   0.19053E-03   0.59169E-04   0.41019E-05   0.18760E-05   0.19264E-04
   0.14926E-04   0.36781E-04   0.14355E-03   0.11406E-03   0.16663E-04
   0.13141E-04   0.14962E-03   0.82482E-04   0.17793E-05   0.29389E-04
   0.16293E-04   0.67405E-04   0.27399E-04   0.90738E-04
 588.00 0.0001   0.14749E-04   0.13221E-03   0.54535E-04   0.26914E-05
   0.19641E-03   0.48986E-04   0.57710E-05   0.23259E-05   0.33489E-04
   0.12180E-04   0.33121E-04   0.14604E-03   0.10820E-03   0.17555E-04
   0.11533E-04   0.16925E-03   0.48006E-04   0.17319E-05   0.19684E-04
   0.17054E-04   0.66829E-04   0.55729E-04   0.78197E-04
 591.00 0.0001   0.13625E-04   0.11507E-03   0.67685E-04   0.11419E-04
   0.22163E-03   0.41998E-04   0.77738E-05   0.41085E-05   0.49382E-04
   0.11445E-04   0.41159E-04   0.13147E-03   0.14436E-03   0.25814E-04
   0.93738E-05   0.15978E-03   0.30090E-04   0.17666E-05   0.13343E-04
   0.21262E-04   0.59442E-04   0.10244E-03   0.62576E-04
 594.00 0.0001   0.10935E-04   0.10045E-03   0.10707E-03   0.19685E-04
   0.26915E-03   0.39086E-04   0.98637E-05   0.65725E-05   0.52019E-04
   0.11301E-04   0.47611E-04   0.10504E-03   0.17689E-03   0.47588E-04
   0.16544E-04   0.14603E-03   0.32596E-04   0.14361E-05   0.11071E-04
   0.22614E-04   0.63498E-04   0.16095E-03   0.35875E-04
