./ilogA is logfile.
./chgdenOs calculation starts
rmin,rmax=  1.32E-08  2.29E+01
  24520.49916125 -14963.87745325      0.30000000    1
   1431.92709082 -16197.78721936      0.30000000    1
    883.21304624 -16812.42067439      0.30000000    1
    529.98534900 -17084.96359565      0.30000000    1
    309.06268304 -17189.33909310      0.30000000    1
    175.96994027 -17223.15991337      0.30000000    1
     99.35698796 -17232.90594340      0.30000000    1
     57.18224291 -17235.94216668      0.30000000    1
     34.34209349 -17237.10761340      0.30000000    1
     21.50693793 -17237.59037060      0.30000000    1
     13.82202045 -17237.78122865      0.30000000    1
      9.00817202 -17237.85154213      0.30000000    1
      5.92795780 -17237.87647105      0.30000000    1
      3.93372060 -17237.88548026      0.30000000    1
      2.62774616 -17237.88894055      0.30000000    1
      1.76285612 -17237.89035692      0.30000000    1
      1.18534999 -17237.89096268      0.30000000    1
      0.79798831 -17237.89122820      0.30000000    1
      0.53764000 -17237.89134615      0.30000000    1
      0.36250135 -17237.89139898      0.30000000    1
      0.24461323 -17237.89142278      0.30000000    1
      0.16520952 -17237.89143357      0.30000000    1
      0.11168497 -17237.89143849      0.30000000    1
      0.07557250 -17237.89144075      0.30000000    1
      0.05118412 -17237.89144179      0.30000000    1
      0.03469713 -17237.89144227      0.30000000    1
      0.02354063 -17237.89144249      0.30000000    1
      0.01598400 -17237.89144260      0.30000000    1
      0.01086104 -17237.89144265      0.30000000    1
      0.00738501 -17237.89144267      0.30000000    1
      0.00502458 -17237.89144268      0.30000000    1
      0.00342055 -17237.89144269      0.30000000    1
      0.00232979 -17237.89144269      0.30000000    1
      0.00158761 -17237.89144269      0.30000000    1
      0.00108231 -17237.89144269      0.30000000    1
      0.00073813 -17237.89144269      0.30000000    1
      0.00050358 -17237.89144269      0.30000000    1
      0.00034366 -17237.89144269      0.30000000    1
      0.00000000 -17237.89144269      1.00000000    2
      0.00000000 -17237.89144269      1.00000000    3
    1   0 0  -1/2   1    2.0000      -2691.929611
    2   0 0  -1/2   1    2.0000       -469.062659
    2   1 1  -1/2   1    2.0000       -449.420040
    2   1 1  -3/2   1    4.0000       -393.875267
    3   0 0  -1/2   1    2.0000       -109.196350
    3   1 1  -1/2   1    2.0000       -100.353168
    3   1 1  -3/2   1    4.0000        -88.228465
    3   2 2  -3/2   1    4.0000        -73.344764
    3   2 2  -5/2   1    6.0000        -70.703373
    4   0 0  -1/2   1    2.0000        -23.012681
    4   1 1  -1/2   1    2.0000        -19.292788
    4   1 1  -3/2   1    4.0000        -16.434662
    4   2 2  -3/2   1    4.0000        -10.307654
    4   2 2  -5/2   1    6.0000         -9.775567
    5   0 0  -1/2   1    2.0000         -3.350595
    5   1 1  -1/2   1    2.0000         -2.196893
    5   1 1  -3/2   1    4.0000         -1.746761
    4   3 3  -5/2   1    6.0000         -1.985440
    4   3 3  -7/2   1    8.0000         -1.882236
    5   2 2  -3/2   1    2.4000         -0.262655
    5   2 2  -5/2   1    3.6000         -0.223912
    6   0 0  -1/2   1    2.0000         -0.233438
 total energy =   -1.72378914426919E+04 -4.69067159203666E+05
