./ilogA is logfile.
./chgdenPb calculation starts
rmin,rmax=  1.22E-08  2.21E+01
  29034.79935121 -18197.15470303      0.30000000    1
   1617.74960137 -19648.61544369      0.30000000    1
    999.99936406 -20368.57699540      0.30000000    1
    602.53802426 -20688.27060032      0.30000000    1
    353.76587384 -20812.38154405      0.30000000    1
    203.39745902 -20854.10046007      0.30000000    1
    116.07620108 -20866.78733704      0.30000000    1
     67.12281252 -20870.71276679      0.30000000    1
     40.00137539 -20872.05888967      0.30000000    1
     24.67165260 -20872.55839039      0.30000000    1
     15.67576703 -20872.75195694      0.30000000    1
     10.18924575 -20872.83009219      0.30000000    1
      6.72787779 -20872.86282578      0.30000000    1
      4.48447884 -20872.87680500      0.30000000    1
      3.00359643 -20872.88277666      0.30000000    1
      2.01600376 -20872.88530307      0.30000000    1
      1.35430067 -20872.88636067      0.30000000    1
      0.91017988 -20872.88680068      0.30000000    1
      0.61193648 -20872.88698376      0.30000000    1
      0.41161380 -20872.88706041      0.30000000    1
      0.27703114 -20872.88709284      0.30000000    1
      0.18658162 -20872.88710675      0.30000000    1
      0.12576143 -20872.88711282      0.30000000    1
      0.08483790 -20872.88711551      0.30000000    1
      0.05728098 -20872.88711672      0.30000000    1
      0.03870916 -20872.88711727      0.30000000    1
      0.02618160 -20872.88711753      0.30000000    1
      0.01772342 -20872.88711764      0.30000000    1
      0.01200751 -20872.88711770      0.30000000    1
      0.00814131 -20872.88711773      0.30000000    1
      0.00552397 -20872.88711774      0.30000000    1
      0.00375063 -20872.88711775      0.30000000    1
      0.00254818 -20872.88711775      0.30000000    1
      0.00173223 -20872.88711775      0.30000000    1
      0.00117820 -20872.88711775      0.30000000    1
      0.00080175 -20872.88711775      0.30000000    1
      0.00054582 -20872.88711775      0.30000000    1
      0.00037173 -20872.88711775      0.30000000    1
      0.00000000 -20872.88711775      1.00000000    2
      0.00000000 -20872.88711775      1.00000000    3
    1   0 0  -1/2   1    2.0000      -3209.559486
    2   0 0  -1/2   1    2.0000       -574.220771
    2   1 1  -1/2   1    2.0000       -551.761780
    2   1 1  -3/2   1    4.0000       -472.409785
    3   0 0  -1/2   1    2.0000       -137.902275
    3   1 1  -1/2   1    2.0000       -127.717012
    3   1 1  -3/2   1    4.0000       -109.992083
    3   2 2  -3/2   1    4.0000        -93.196163
    3   2 2  -5/2   1    6.0000        -89.401977
    4   0 0  -1/2   1    2.0000        -31.188198
    4   1 1  -1/2   1    2.0000        -26.770858
    4   1 1  -3/2   1    4.0000        -22.420347
    4   2 2  -3/2   1    4.0000        -15.202781
    4   2 2  -5/2   1    6.0000        -14.386515
    5   0 0  -1/2   1    2.0000         -5.264036
    5   1 1  -1/2   1    2.0000         -3.748595
    5   1 1  -3/2   1    4.0000         -2.927280
    4   3 3  -5/2   1    6.0000         -4.998501
    4   3 3  -7/2   1    8.0000         -4.813671
    5   2 2  -3/2   1    4.0000         -0.839120
    5   2 2  -5/2   1    6.0000         -0.743863
    6   0 0  -1/2   1    2.0000         -0.448676
    6   1 1  -1/2   1    0.6667         -0.176691
    6   1 1  -3/2   1    1.3333         -0.121877
 total energy =   -2.08728871177532E+04 -5.67980480516029E+05
