./ilogA is logfile.
./chgdenEu calculation starts
rmin,rmax=  1.59E-08  2.52E+01
  16350.14144331  -9477.00942318      0.30000000    1
   1045.59133601 -10202.82047365      0.30000000    1
    647.18930160 -10566.06103786      0.30000000    1
    390.25896293 -10729.70422154      0.30000000    1
    229.01428766 -10794.65446925      0.30000000    1
    131.17254489 -10816.98430175      0.30000000    1
     74.04966043 -10823.70839630      0.30000000    1
     41.97311774 -10825.64847150      0.30000000    1
     24.47125172 -10826.28482421      0.30000000    1
     14.93968236 -10826.53862940      0.30000000    1
      9.53626486 -10826.64884861      0.30000000    1
      6.25340903 -10826.69676227      0.30000000    1
      4.14470991 -10826.71731514      0.30000000    1
      2.75552804 -10826.72604794      0.30000000    1
      1.83286184 -10826.72973828      0.30000000    1
      1.21868672 -10826.73129477      0.30000000    1
      0.80983807 -10826.73195244      0.30000000    1
      0.53789837 -10826.73223183      0.30000000    1
      0.35720877 -10826.73235153      0.30000000    1
      0.23725291 -10826.73240336      0.30000000    1
      0.15765620 -10826.73242607      0.30000000    1
      0.10484383 -10826.73243615      0.30000000    1
      0.06979158 -10826.73244068      0.30000000    1
      0.04651157 -10826.73244274      0.30000000    1
      0.03103572 -10826.73244368      0.30000000    1
      0.02073621 -10826.73244412      0.30000000    1
      0.01387295 -10826.73244433      0.30000000    1
      0.00929338 -10826.73244443      0.30000000    1
      0.00623336 -10826.73244448      0.30000000    1
      0.00418588 -10826.73244450      0.30000000    1
      0.00281406 -10826.73244451      0.30000000    1
      0.00189374 -10826.73244452      0.30000000    1
      0.00127558 -10826.73244452      0.30000000    1
      0.00085990 -10826.73244452      0.30000000    1
      0.00058009 -10826.73244452      0.30000000    1
      0.00039157 -10826.73244452      0.30000000    1
      0.00000000 -10826.73244452      1.00000000    2
      0.00000000 -10826.73244452      1.00000000    3
    1   0 0  -1/2   1    2.0000      -1764.427475
    2   0 0  -1/2   1    2.0000       -289.994005
    2   1 1  -1/2   1    2.0000       -275.422635
    2   1 1  -3/2   1    4.0000       -251.870887
    3   0 0  -1/2   1    2.0000        -63.827929
    3   1 1  -1/2   1    2.0000        -57.478627
    3   1 1  -3/2   1    4.0000        -52.675035
    3   2 2  -3/2   1    4.0000        -41.603295
    3   2 2  -5/2   1    6.0000        -40.552429
    4   0 0  -1/2   1    2.0000        -12.648454
    4   1 1  -1/2   1    2.0000        -10.189034
    4   1 1  -3/2   1    4.0000         -9.122306
    4   2 2  -3/2   1    4.0000         -5.053425
    4   2 2  -5/2   1    6.0000         -4.861210
    5   0 0  -1/2   1    2.0000         -1.636698
    5   1 1  -1/2   1    2.0000         -0.974088
    5   1 1  -3/2   1    4.0000         -0.834027
    4   3 3  -5/2   1    3.0000         -0.124442
    4   3 3  -7/2   1    4.0000         -0.101656
    6   0 0  -1/2   1    2.0000         -0.137951
 total energy =   -1.08267324445213E+04 -2.94610547240847E+05
