./ilogA is logfile.
./chgdenGe calculation starts
rmin,rmax=  3.12E-08  3.54E+01
   4038.04183634  -1814.21809874      0.30000000    1
    375.42836582  -1965.22071716      0.30000000    1
    230.41851972  -2041.43387104      0.30000000    1
    136.72494779  -2075.36972623      0.30000000    1
     78.14727597  -2088.20508789      0.30000000    1
     43.17570628  -2092.24903011      0.30000000    1
     23.50834491  -2093.40065400      0.30000000    1
     13.08559317  -2093.77770129      0.30000000    1
      7.67945516  -2093.93514077      0.30000000    1
      4.74801515  -2094.00633290      0.30000000    1
      3.02998057  -2094.03733213      0.30000000    1
      1.96186664  -2094.04997005      0.30000000    1
      1.27848989  -2094.05481697      0.30000000    1
      0.83638698  -2094.05659487      0.30000000    1
      0.54897285  -2094.05723209      0.30000000    1
      0.36144030  -2094.05746026      0.30000000    1
      0.23863794  -2094.05754353      0.30000000    1
      0.15794567  -2094.05757498      0.30000000    1
      0.10476078  -2094.05758738      0.30000000    1
      0.06961415  -2094.05759249      0.30000000    1
      0.04633594  -2094.05759469      0.30000000    1
      0.03088852  -2094.05759567      0.30000000    1
      0.02061996  -2094.05759612      0.30000000    1
      0.01378333  -2094.05759632      0.30000000    1
      0.00922501  -2094.05759642      0.30000000    1
      0.00618160  -2094.05759647      0.30000000    1
      0.00414700  -2094.05759649      0.30000000    1
      0.00278513  -2094.05759650      0.30000000    1
      0.00187249  -2094.05759651      0.30000000    1
      0.00126017  -2094.05759651      0.30000000    1
      0.00084892  -2094.05759651      0.30000000    1
      0.00057241  -2094.05759651      0.30000000    1
      0.00038631  -2094.05759651      0.30000000    1
      0.00000000  -2094.05759651      1.00000000    2
      0.00000000  -2094.05759651      1.00000000    3
    1   0 0  -1/2   1    2.0000       -400.679712
    2   0 0  -1/2   1    2.0000        -50.187319
    2   1 1  -1/2   1    2.0000        -44.730427
    2   1 1  -3/2   1    4.0000        -43.567261
    3   0 0  -1/2   1    2.0000         -6.147222
    3   1 1  -1/2   1    2.0000         -4.339942
    3   1 1  -3/2   1    4.0000         -4.182986
    3   2 2  -3/2   1    4.0000         -1.100603
    3   2 2  -5/2   1    6.0000         -1.079066
    4   0 0  -1/2   1    2.0000         -0.438116
    4   1 1  -1/2   1    0.6667         -0.153559
    4   1 1  -3/2   1    1.3333         -0.146432
 total energy =   -2.09405759651444E+03 -5.69822388817930E+04
