./ilogA is logfile.
./chgdenV calculation starts
rmin,rmax=  4.35E-08  4.17E+01
   2071.91792312   -837.48812389      0.30000000    1
    218.17015866   -895.32931918      0.30000000    1
    135.38652656   -924.59849926      0.30000000    1
     81.75448640   -938.03975449      0.30000000    1
     47.93023404   -943.53698568      0.30000000    1
     27.30378813   -945.50789037      0.30000000    1
     15.21129645   -946.13082639      0.30000000    1
      8.40981493   -946.31544183      0.30000000    1
      4.71374824   -946.37391463      0.30000000    1
      2.73322459   -946.39583267      0.30000000    1
      1.65416928   -946.40519019      0.30000000    1
      1.03979243   -946.40934932      0.30000000    1
      0.67091957   -946.41118691      0.30000000    1
      0.43953094   -946.41198599      0.30000000    1
      0.29019579   -946.41232904      0.30000000    1
      0.19227043   -946.41247527      0.30000000    1
      0.12753912   -946.41253749      0.30000000    1
      0.08459681   -946.41256402      0.30000000    1
      0.05607594   -946.41257539      0.30000000    1
      0.03713528   -946.41258030      0.30000000    1
      0.02456621   -946.41258244      0.30000000    1
      0.01623404   -946.41258338      0.30000000    1
      0.01071690   -946.41258380      0.30000000    1
      0.00706793   -946.41258399      0.30000000    1
      0.00465721   -946.41258407      0.30000000    1
      0.00306618   -946.41258411      0.30000000    1
      0.00201712   -946.41258413      0.30000000    1
      0.00132602   -946.41258414      0.30000000    1
      0.00087109   -946.41258414      0.30000000    1
      0.00057185   -946.41258414      0.30000000    1
      0.00037515   -946.41258415      0.30000000    1
      0.00000000   -946.41258415      1.00000000    2
      0.00000000   -946.41258415      1.00000000    3
    1   0 0  -1/2   1    2.0000       -196.153736
    2   0 0  -1/2   1    2.0000        -22.047315
    2   1 1  -1/2   1    2.0000        -18.630780
    2   1 1  -3/2   1    4.0000        -18.371458
    3   0 0  -1/2   1    2.0000         -2.561729
    3   1 1  -1/2   1    2.0000         -1.634930
    3   1 1  -3/2   1    4.0000         -1.604134
    3   2 2  -3/2   1    1.2000         -0.199998
    3   2 2  -5/2   1    1.8000         -0.197560
    4   0 0  -1/2   1    2.0000         -0.177820
 total energy =   -9.46412584146424E+02 -2.57532113922420E+04
