line2: Z,NR,R(1),R(NR) /line3,4,...: R(N),RHO*4*PI*R(N)**2
31.00  2000  1.01365245284744E-10  6.00000000000000E+01
 1.014E-10  7.13062961758870E-15
 1.027E-10  7.32151070183738E-15
 1.042E-10  7.51750151555208E-15
 1.056E-10  7.92941464201109E-15
 1.070E-10  8.14167854369231E-15
 1.085E-10  8.35962457525667E-15
 1.100E-10  8.58340484263957E-15
 1.115E-10  8.81317552353131E-15
 1.130E-10  9.04909697636809E-15
 1.145E-10  9.29133385225069E-15
 1.161E-10  9.54005520985408E-15
 1.177E-10  9.79543463341343E-15
 1.193E-10  1.00576503538722E-14
 1.209E-10  1.03268853732690E-14
 1.226E-10  1.06033275924569E-14
 1.242E-10  1.08871699422394E-14
 1.259E-10  1.11786105180188E-14
 1.276E-10  1.14778527180478E-14
 1.294E-10  1.17851053853836E-14
 1.312E-10  1.21005829536401E-14
 1.329E-10  1.24245055966422E-14
 1.348E-10  1.27570993820860E-14
 1.366E-10  1.30985964293134E-14
 1.385E-10  1.34492350713126E-14
 1.404E-10  1.38092600210466E-14
 1.423E-10  1.41789225422439E-14
 1.442E-10  1.45584806247565E-14
 1.462E-10  1.49481991646125E-14
 1.482E-10  1.53483501488866E-14
 1.502E-10  1.57592128455261E-14
 1.523E-10  1.61810739982496E-14
 1.543E-10  1.66142280266679E-14
 1.564E-10  1.70589772317657E-14
 1.586E-10  1.75156320068722E-14
 1.607E-10  1.79845110542929E-14
 1.629E-10  1.84659416077309E-14
 1.652E-10  1.89602596606638E-14
 1.674E-10  1.94678102008430E-14
 1.697E-10  1.99889474510532E-14
 1.720E-10  2.05240351163310E-14
 1.744E-10  2.10734466378020E-14
 1.767E-10  2.16375654532989E-14
 1.792E-10  2.22167852649694E-14
 1.816E-10  2.28115103140457E-14
 1.841E-10  2.34221556629640E-14
 1.866E-10  2.40491474850390E-14
 1.891E-10  2.46929233618941E-14
 1.917E-10  2.53539325888533E-14
 1.943E-10  2.60326364885055E-14
 1.970E-10  2.67295087326667E-14
 1.997E-10  2.74450356729549E-14
 2.024E-10  2.81797166802215E-14
 2.052E-10  2.89340644930650E-14
 2.080E-10  2.97086055756723E-14
 2.108E-10  3.05038804852441E-14
 2.137E-10  3.13204442492507E-14
 2.166E-10  3.21588667527911E-14
 2.196E-10  3.30197331363196E-14
 2.226E-10  3.39036442040173E-14
 2.256E-10  3.48112168430992E-14
 2.287E-10  3.57430844543432E-14
 2.318E-10  3.66998973941423E-14
 2.350E-10  3.76823234283967E-14
 2.382E-10  3.86910481985470E-14
 2.414E-10  3.97267757000908E-14
 2.447E-10  4.07902287739084E-14
 2.481E-10  4.18821496107311E-14
 2.515E-10  4.30033002691253E-14
 2.549E-10  4.41544632073388E-14
 2.584E-10  4.53364418293791E-14
 2.619E-10  4.65500610457219E-14
 2.655E-10  4.77961678490123E-14
 2.691E-10  4.90756319051911E-14
 2.728E-10  5.03893461604413E-14
 2.765E-10  5.17382274643793E-14
 2.803E-10  5.31232172099293E-14
 2.841E-10  5.45452819903280E-14
 2.880E-10  5.60054142737177E-14
 2.919E-10  5.75046330957926E-14
 2.959E-10  5.90439847709999E-14
 2.999E-10  6.06245436227536E-14
 3.040E-10  6.22474127332227E-14
 3.082E-10  6.39137247131792E-14
 3.124E-10  6.56246424924498E-14
 3.166E-10  6.73813601315355E-14
 3.210E-10  6.91851036549509E-14
 3.253E-10  7.10371319068808E-14
 3.298E-10  7.29387374297269E-14
 3.343E-10  7.48912473661850E-14
 3.389E-10  7.68960243854711E-14
 3.435E-10  7.89544676343337E-14
 3.482E-10  8.10680137135210E-14
 3.529E-10  8.32381376804030E-14
 3.577E-10  8.54663540784190E-14
 3.626E-10  8.77542179940875E-14
 3.676E-10  9.01033261423095E-14
 3.726E-10  9.25153179807322E-14
 3.777E-10  9.49918768539302E-14
 3.828E-10  9.75347311682196E-14
 3.881E-10  1.00145655597937E-13
 3.934E-10  1.02826472323987E-13
 3.987E-10  1.05579052305551E-13
 4.042E-10  1.08405316585847E-13
 4.097E-10  1.11307237632836E-13
 4.153E-10  1.14286840715818E-13
 4.210E-10  1.17346205318891E-13
 4.267E-10  1.20487466592216E-13
 4.325E-10  1.23712816842172E-13
 4.384E-10  1.27024507061373E-13
 4.444E-10  1.30424848499639E-13
 4.505E-10  1.33916214277050E-13
 4.566E-10  1.37501041040154E-13
 4.629E-10  1.41181830662520E-13
 4.692E-10  1.44961151990796E-13
 4.756E-10  1.48841642637560E-13
 4.821E-10  1.52826010822079E-13
 4.887E-10  1.56917037260426E-13
 4.953E-10  1.61117577106161E-13
 5.021E-10  1.65430561942942E-13
 5.090E-10  1.69859001830501E-13
 5.159E-10  1.74405987405383E-13
 5.230E-10  1.79074692037934E-13
 5.301E-10  1.83868374046997E-13
 5.373E-10  1.88790378973941E-13
 5.447E-10  1.93844141917499E-13
 5.521E-10  1.99033189931168E-13
 5.596E-10  2.04361144484764E-13
 5.673E-10  2.09831723991868E-13
 5.750E-10  2.15448746404912E-13
 5.829E-10  2.21216131879760E-13
 5.908E-10  2.27137905511623E-13
 5.989E-10  2.33218200144204E-13
 6.071E-10  2.39461259254012E-13
 6.154E-10  2.45871439911906E-13
 6.238E-10  2.52453215823970E-13
 6.323E-10  2.59211180453672E-13
 6.409E-10  2.66150050227727E-13
 6.497E-10  2.73274667827713E-13
 6.585E-10  2.80590005569764E-13
 6.675E-10  2.88101168874858E-13
 6.766E-10  2.95813399831841E-13
 6.859E-10  3.03732080855960E-13
 6.952E-10  3.11862738445294E-13
 7.047E-10  3.20211047037701E-13
 7.144E-10  3.28782832971075E-13
 7.241E-10  3.37584078549533E-13
 7.340E-10  3.46620926218552E-13
 7.440E-10  3.55899682851823E-13
 7.542E-10  3.65426824152816E-13
 7.645E-10  3.75208999174243E-13
 7.749E-10  3.85253034958487E-13
 7.855E-10  3.95565941302206E-13
 7.962E-10  4.06154915648517E-13
 8.071E-10  4.17027348110144E-13
 8.181E-10  4.28190826627045E-13
 8.293E-10  4.39653142262084E-13
 8.406E-10  4.51422294638398E-13
 8.521E-10  4.63506497522464E-13
 8.637E-10  4.75914184556495E-13
 8.755E-10  4.88654015144341E-13
 8.874E-10  5.01734880494955E-13
 8.996E-10  5.15165909827583E-13
 9.118E-10  5.28956476743166E-13
 9.243E-10  5.43116205766144E-13
 9.369E-10  5.57654979061583E-13
 9.497E-10  5.72582943331983E-13
 9.627E-10  5.87910516898581E-13
 9.758E-10  6.03648396972504E-13
 9.891E-10  6.19807567120430E-13
 1.003E-09  6.36399304930032E-13
 1.016E-09  6.53435189880635E-13
 1.030E-09  6.70927111424673E-13
 1.044E-09  6.88887277285472E-13
 1.059E-09  7.07328221976956E-13
 1.073E-09  7.26262815551599E-13
 1.088E-09  7.45704272582634E-13
 1.102E-09  7.65666161386445E-13
 1.118E-09  7.86162413492026E-13
 1.133E-09  8.07207333363928E-13
 1.148E-09  8.28815608385340E-13
 1.164E-09  8.51002319108577E-13
 1.180E-09  8.73782949779915E-13
 1.196E-09  8.97173399146083E-13
 1.212E-09  9.21189991550053E-13
 1.229E-09  9.45849488324042E-13
 1.246E-09  9.71169099487243E-13
 1.263E-09  9.97166495756825E-13
 1.280E-09  1.02385982088045E-12
 1.297E-09  1.05126770429887E-12
 1.315E-09  1.07940927414765E-12
 1.333E-09  1.10830417060660E-12
 1.351E-09  1.13797255960696E-12
 1.370E-09  1.16843514690530E-12
 1.388E-09  1.19971319253414E-12
 1.407E-09  1.23182852563946E-12
 1.426E-09  1.26480355971540E-12
 1.446E-09  1.29866130824685E-12
 1.466E-09  1.33342540077063E-12
 1.486E-09  1.36912009936670E-12
 1.506E-09  1.40577031559085E-12
 1.527E-09  1.44340162786049E-12
 1.547E-09  1.48204029930620E-12
 1.568E-09  1.52171329610084E-12
 1.590E-09  1.56244830627935E-12
 1.612E-09  1.60427375906242E-12
 1.634E-09  1.64721884469739E-12
 1.656E-09  1.69131353483052E-12
 1.679E-09  1.73658860342417E-12
 1.701E-09  1.78307564823407E-12
 1.725E-09  1.83080711286170E-12
 1.748E-09  1.87981630939712E-12
 1.772E-09  1.93013744166715E-12
 1.796E-09  1.98180562910681E-12
 1.821E-09  2.03485693126945E-12
 1.846E-09  2.08932837299268E-12
 1.871E-09  2.14525797023825E-12
 1.896E-09  2.20268475662376E-12
 1.922E-09  2.26164881066455E-12
 1.949E-09  2.32219128374427E-12
 1.975E-09  2.38435442883528E-12
 2.002E-09  2.44818162998685E-12
 2.029E-09  2.51371743260349E-12
 2.057E-09  2.58100757453294E-12
 2.085E-09  2.65009901798719E-12
 2.114E-09  2.72103998231821E-12
 2.143E-09  2.79387997766929E-12
 2.172E-09  2.86866983952966E-12
 2.201E-09  2.94546176421243E-12
 2.232E-09  3.02430934528251E-12
 2.262E-09  3.10526761096024E-12
 2.293E-09  3.18839306252553E-12
 2.324E-09  3.27374371375085E-12
 2.356E-09  3.36137913138909E-12
 2.388E-09  3.45136047674577E-12
 2.421E-09  3.54375054836370E-12
 2.454E-09  3.63861382585046E-12
 2.487E-09  3.73601651487962E-12
 2.521E-09  3.83602659339516E-12
 2.556E-09  3.93871385905409E-12
 2.590E-09  4.04414997793915E-12
 2.626E-09  4.15240853457434E-12
 2.662E-09  4.26356508328010E-12
 2.698E-09  4.37769720090339E-12
 2.735E-09  4.49488454095898E-12
 2.772E-09  4.61520888921983E-12
 2.810E-09  4.73875422079619E-12
 2.848E-09  4.86560675874188E-12
 2.887E-09  4.99585503423044E-12
 2.927E-09  5.12958994834143E-12
 2.967E-09  5.26690483550056E-12
 3.007E-09  5.40789552861828E-12
 3.048E-09  5.55266042597227E-12
 3.090E-09  5.70130055988056E-12
 3.132E-09  5.85391966721230E-12
 3.175E-09  6.01062426178582E-12
 3.218E-09  6.17152370870589E-12
 3.262E-09  6.33673030069017E-12
 3.307E-09  6.50635933643853E-12
 3.352E-09  6.68052920110163E-12
 3.398E-09  6.85936144890129E-12
 3.444E-09  7.04298088796496E-12
 3.491E-09  7.23151566742962E-12
 3.539E-09  7.42509736687780E-12
 3.587E-09  7.62386108816756E-12
 3.636E-09  7.82794554972113E-12
 3.685E-09  8.03749318333785E-12
 3.736E-09  8.25265023359666E-12
 3.787E-09  8.47356685992204E-12
 3.838E-09  8.70039724138111E-12
 3.891E-09  8.93329968428638E-12
 3.944E-09  9.17243673267746E-12
 3.998E-09  9.41797528176275E-12
 4.052E-09  9.67008669439617E-12
 4.108E-09  9.92894692067130E-12
 4.164E-09  1.01947366207192E-11
 4.221E-09  1.04676412907917E-11
 4.278E-09  1.07478513927204E-11
 4.337E-09  1.10355624868407E-11
 4.396E-09  1.13309753684751E-11
 4.456E-09  1.16342962080686E-11
 4.517E-09  1.19457366950768E-11
 4.578E-09  1.22655141857047E-11
 4.641E-09  1.25938518546009E-11
 4.704E-09  1.29309788506134E-11
 4.769E-09  1.32771304567123E-11
 4.834E-09  1.36325482541955E-11
 4.900E-09  1.39974802912909E-11
 4.967E-09  1.43721812562691E-11
 5.034E-09  1.47569126551927E-11
 5.103E-09  1.51519429944218E-11
 5.173E-09  1.55575479680063E-11
 5.243E-09  1.59740106500967E-11
 5.315E-09  1.64016216924996E-11
 5.388E-09  1.68406795275260E-11
 5.461E-09  1.72914905762710E-11
 5.536E-09  1.77543694624638E-11
 5.611E-09  1.82296392320468E-11
 5.688E-09  1.87176315786335E-11
 5.765E-09  1.92186870749944E-11
 5.844E-09  1.97331554107460E-11
 5.924E-09  2.02613956364041E-11
 6.005E-09  2.08037764139648E-11
 6.087E-09  2.13606762741942E-11
 6.170E-09  2.19324838808099E-11
 6.254E-09  2.25195983017308E-11
 6.340E-09  2.31224292875857E-11
 6.426E-09  2.37413975576854E-11
 6.514E-09  2.43769350936409E-11
 6.603E-09  2.50294854408474E-11
 6.693E-09  2.56995040180354E-11
 6.784E-09  2.63874584351131E-11
 6.877E-09  2.70938288195109E-11
 6.971E-09  2.78191081512633E-11
 7.066E-09  2.85638026070673E-11
 7.162E-09  2.93284319135419E-11
 7.260E-09  3.01135297099485E-11
 7.359E-09  3.09196439206212E-11
 7.460E-09  3.17473371373648E-11
 7.562E-09  3.25971870120908E-11
 7.665E-09  3.34697866599667E-11
 7.770E-09  3.43657450733509E-11
 7.876E-09  3.52856875468065E-11
 7.983E-09  3.62302561135087E-11
 8.092E-09  3.72001099933172E-11
 8.203E-09  3.81959260528441E-11
 8.315E-09  3.92183992778525E-11
 8.428E-09  4.02682432582809E-11
 8.543E-09  4.13461906862672E-11
 8.660E-09  4.24529938674964E-11
 8.778E-09  4.35894252462390E-11
 8.898E-09  4.47562779444404E-11
 9.019E-09  4.59543663152491E-11
 9.142E-09  4.71845265113524E-11
 9.267E-09  4.84476170685365E-11
 9.394E-09  4.97445195048609E-11
 9.522E-09  5.10761389358703E-11
 9.652E-09  5.24434047062882E-11
 9.784E-09  5.38472710385949E-11
 9.917E-09  5.52887176990007E-11
 1.005E-08  5.67687506812241E-11
 1.019E-08  5.82884029085724E-11
 1.033E-08  5.98487349548286E-11
 1.047E-08  6.14508357844308E-11
 1.061E-08  6.30958235124685E-11
 1.076E-08  6.47848461850123E-11
 1.090E-08  6.65190825803456E-11
 1.105E-08  6.82997430316431E-11
 1.120E-08  7.01280702716556E-11
 1.136E-08  7.20053403000301E-11
 1.151E-08  7.39328632738301E-11
 1.167E-08  7.59119844218983E-11
 1.183E-08  7.79440849837011E-11
 1.199E-08  8.00305831732997E-11
 1.215E-08  8.21729351691330E-11
 1.232E-08  8.43726361302776E-11
 1.249E-08  8.66312212399381E-11
 1.266E-08  8.89502667768541E-11
 1.283E-08  9.13313912153888E-11
 1.301E-08  9.37762563550686E-11
 1.318E-08  9.62865684803658E-11
 1.336E-08  9.88640795515103E-11
 1.355E-08  1.01510588427203E-10
 1.373E-08  1.04227942120040E-10
 1.392E-08  1.07018037085535E-10
 1.411E-08  1.09882820545701E-10
 1.430E-08  1.12824291847981E-10
 1.450E-08  1.15844503860620E-10
 1.470E-08  1.18945564405376E-10
 1.490E-08  1.22129637728567E-10
 1.510E-08  1.25398946011509E-10
 1.531E-08  1.28755770921382E-10
 1.551E-08  1.32202455203605E-10
 1.573E-08  1.35741404316877E-10
 1.594E-08  1.39375088111912E-10
 1.616E-08  1.43106042555190E-10
 1.638E-08  1.46936871498819E-10
 1.660E-08  1.50870248497728E-10
 1.683E-08  1.54908918675597E-10
 1.706E-08  1.59055700640678E-10
 1.729E-08  1.63313488452883E-10
 1.753E-08  1.67685253643596E-10
 1.777E-08  1.72174047289495E-10
 1.801E-08  1.76783002141896E-10
 1.826E-08  1.81515334813122E-10
 1.851E-08  1.86374348021414E-10
 1.876E-08  1.91363432895847E-10
 1.901E-08  1.96486071343051E-10
 1.927E-08  2.01745838477261E-10
 1.954E-08  2.07146405115340E-10
 1.980E-08  2.12691540338691E-10
 2.007E-08  2.18385114123718E-10
 2.035E-08  2.24231100042672E-10
 2.063E-08  2.30233578036819E-10
 2.091E-08  2.36396737263857E-10
 2.119E-08  2.42724879021503E-10
 2.148E-08  2.49222419749432E-10
 2.178E-08  2.55893894111471E-10
 2.207E-08  2.62743958160392E-10
 2.237E-08  2.69777392587369E-10
 2.268E-08  2.76999106058395E-10
 2.299E-08  2.84414138640104E-10
 2.330E-08  2.92027665317223E-10
 2.362E-08  2.99844999604206E-10
 2.394E-08  3.07871597253534E-10
 2.427E-08  3.16113060063312E-10
 2.460E-08  3.24575139786761E-10
 2.494E-08  3.33263742146387E-10
 2.528E-08  3.42184930955603E-10
 2.562E-08  3.51344932350654E-10
 2.597E-08  3.60750139135841E-10
 2.633E-08  3.70407115245094E-10
 2.669E-08  3.80322600322966E-10
 2.705E-08  3.90503514428176E-10
 2.742E-08  4.00956962863197E-10
 2.779E-08  4.11690241132994E-10
 2.817E-08  4.22710840036609E-10
 2.856E-08  4.34026450895014E-10
 2.895E-08  4.45644970918810E-10
 2.934E-08  4.57574508719787E-10
 2.974E-08  4.69823389969899E-10
 3.015E-08  4.82400163211719E-10
 3.056E-08  4.95313605824529E-10
 3.098E-08  5.08572730150066E-10
 3.140E-08  5.22186789782172E-10
 3.183E-08  5.36165286024895E-10
 3.227E-08  5.50517974523560E-10
 3.271E-08  5.65254872073087E-10
 3.315E-08  5.80386263608793E-10
 3.361E-08  5.95922709384277E-10
 3.406E-08  6.11875052341362E-10
 3.453E-08  6.28254425677417E-10
 3.500E-08  6.45072260615157E-10
 3.548E-08  6.62340294380625E-10
 3.596E-08  6.80070578394467E-10
 3.645E-08  6.98275486682613E-10
 3.695E-08  7.16967724512206E-10
 3.746E-08  7.36160337258562E-10
 3.797E-08  7.55866719509495E-10
 3.849E-08  7.76100624413378E-10
 3.901E-08  7.96876173277486E-10
 3.954E-08  8.18207865423262E-10
 4.008E-08  8.40110588305385E-10
 4.063E-08  8.62599627901568E-10
 4.119E-08  8.85690679380845E-10
 4.175E-08  9.09399858057101E-10
 4.232E-08  9.33743710635794E-10
 4.290E-08  9.58739226762114E-10
 4.348E-08  9.84403850877904E-10
 4.408E-08  1.01075549439609E-09
 4.468E-08  1.03781254820105E-09
 4.529E-08  1.06559389548356E-09
 4.591E-08  1.09411892491935E-09
 4.653E-08  1.12340754420043E-09
 4.717E-08  1.15348019392865E-09
 4.781E-08  1.18435786188089E-09
 4.846E-08  1.21606209765687E-09
 4.913E-08  1.24861502771808E-09
 4.980E-08  1.28203937082990E-09
 5.048E-08  1.31635845391737E-09
 5.117E-08  1.35159622834424E-09
 5.186E-08  1.38777728662904E-09
 5.257E-08  1.42492687960813E-09
 5.329E-08  1.46307093405805E-09
 5.402E-08  1.50223607078954E-09
 5.475E-08  1.54244962322641E-09
 5.550E-08  1.58373965648138E-09
 5.626E-08  1.62613498694240E-09
 5.703E-08  1.66966520238370E-09
 5.781E-08  1.71436068261485E-09
 5.860E-08  1.76025262068271E-09
 5.940E-08  1.80737304464101E-09
 6.021E-08  1.85575483990244E-09
 6.103E-08  1.90543177218925E-09
 6.186E-08  1.95643851109824E-09
 6.271E-08  2.00881065429647E-09
 6.356E-08  2.06258475236460E-09
 6.443E-08  2.11779833430540E-09
 6.531E-08  2.17448993373504E-09
 6.620E-08  2.23269911577531E-09
 6.711E-08  2.29246650466619E-09
 6.802E-08  2.35383381211707E-09
 6.895E-08  2.41684386641685E-09
 6.989E-08  2.48154064232411E-09
 7.085E-08  2.54796929175635E-09
 7.181E-08  2.61617617530092E-09
 7.279E-08  2.68620889457047E-09
 7.379E-08  2.75811632542335E-09
 7.479E-08  2.83194865207376E-09
 7.582E-08  2.90775740211495E-09
 7.685E-08  2.98559548247964E-09
 7.790E-08  3.06551721636381E-09
 7.896E-08  3.14757838113823E-09
 8.004E-08  3.23183624727484E-09
 8.113E-08  3.31834961831558E-09
 8.224E-08  3.40717887191043E-09
 8.336E-08  3.49838600195504E-09
 8.450E-08  3.59203466185526E-09
 8.566E-08  3.68819020895005E-09
 8.683E-08  3.78691975012443E-09
 8.801E-08  3.88829218864203E-09
 8.921E-08  3.99237827223236E-09
 9.043E-08  4.09925064246461E-09
 9.167E-08  4.20898388544372E-09
 9.292E-08  4.32165458386313E-09
 9.419E-08  4.43734137045085E-09
 9.547E-08  4.55612498284627E-09
 9.677E-08  4.67808831994652E-09
 9.810E-08  4.80331649976002E-09
 9.944E-08  4.93189691880949E-09
 1.008E-07  5.06391931312536E-09
 1.022E-07  5.19947582087072E-09
 1.036E-07  5.33866104664355E-09
 1.050E-07  5.48157212750045E-09
 1.064E-07  5.62830880074658E-09
 1.079E-07  5.77897347354173E-09
 1.093E-07  5.93367129436833E-09
 1.108E-07  6.09251022641256E-09
 1.123E-07  6.25560112291202E-09
 1.139E-07  6.42305780451676E-09
 1.154E-07  6.59499713872374E-09
 1.170E-07  6.77153912143685E-09
 1.186E-07  6.95280696070987E-09
 1.202E-07  7.13892716273236E-09
 1.219E-07  7.33002962011453E-09
 1.235E-07  7.52624770253883E-09
 1.252E-07  7.72771834983555E-09
 1.269E-07  7.93458216755065E-09
 1.287E-07  8.14698352507260E-09
 1.304E-07  8.36507065638390E-09
 1.322E-07  8.58899576351246E-09
 1.340E-07  8.81891512274960E-09
 1.358E-07  9.05498919371266E-09
 1.377E-07  9.29738273132595E-09
 1.396E-07  9.54626490080065E-09
 1.415E-07  9.80180939569196E-09
 1.434E-07  1.00641945591163E-08
 1.454E-07  1.03336035082127E-08
 1.473E-07  1.06102242619359E-08
 1.494E-07  1.08942498722730E-08
 1.514E-07  1.11858785589677E-08
 1.535E-07  1.14853138478547E-08
 1.556E-07  1.17927647128965E-08
 1.577E-07  1.21084457220189E-08
 1.598E-07  1.24325771868553E-08
 1.620E-07  1.27653853164971E-08
 1.642E-07  1.31071023753577E-08
 1.665E-07  1.34579668452647E-08
 1.687E-07  1.38182235918916E-08
 1.710E-07  1.41881240356427E-08
 1.734E-07  1.45679263271115E-08
 1.757E-07  1.49578955272386E-08
 1.781E-07  1.53583037922911E-08
 1.806E-07  1.57694305637915E-08
 1.830E-07  1.61915627635325E-08
 1.855E-07  1.66249949938127E-08
 1.881E-07  1.70700297430301E-08
 1.906E-07  1.75269775967803E-08
 1.932E-07  1.79961574546045E-08
 1.959E-07  1.84778967525404E-08
 1.986E-07  1.89725316916299E-08
 2.013E-07  1.94804074725430E-08
 2.040E-07  2.00018785364813E-08
 2.068E-07  2.05373088125334E-08
 2.096E-07  2.10870719716474E-08
 2.125E-07  2.16515516874027E-08
 2.154E-07  2.22311419037655E-08
 2.183E-07  2.28262471100069E-08
 2.213E-07  2.34372826229819E-08
 2.243E-07  2.40646748769641E-08
 2.274E-07  2.47088617212403E-08
 2.305E-07  2.53702927256671E-08
 2.336E-07  2.60494294944116E-08
 2.368E-07  2.67467459880849E-08
 2.401E-07  2.74627288545020E-08
 2.433E-07  2.81978777682963E-08
 2.467E-07  2.89527057796183E-08
 2.500E-07  2.97277396721766E-08
 2.534E-07  3.05235203308580E-08
 2.569E-07  3.13406031191852E-08
 2.604E-07  3.21795582668860E-08
 2.640E-07  3.30409712678321E-08
 2.676E-07  3.39254432886239E-08
 2.712E-07  3.48335915881244E-08
 2.749E-07  3.57660499482123E-08
 2.787E-07  3.67234691160719E-08
 2.825E-07  3.77065172583218E-08
 2.863E-07  3.87158804272879E-08
 2.903E-07  3.97522630397774E-08
 2.942E-07  4.08163883686513E-08
 2.982E-07  4.19089990475560E-08
 3.023E-07  4.30308575891835E-08
 3.064E-07  4.41827469173774E-08
 3.106E-07  4.53654709135000E-08
 3.149E-07  4.65798549774201E-08
 3.192E-07  4.78267466035144E-08
 3.235E-07  4.91070159720905E-08
 3.279E-07  5.04215565566289E-08
 3.324E-07  5.17712857472992E-08
 3.369E-07  5.31571454911525E-08
 3.415E-07  5.45801029494453E-08
 3.462E-07  5.60411511725705E-08
 3.509E-07  5.75413097930525E-08
 3.557E-07  5.90816257370787E-08
 3.606E-07  6.06631739550882E-08
 3.655E-07  6.22870581719192E-08
 3.705E-07  6.39544116570190E-08
 3.756E-07  6.56663980152871E-08
 3.807E-07  6.74242119990815E-08
 3.859E-07  6.92290803419530E-08
 3.911E-07  7.10822626147010E-08
 3.965E-07  7.29850521043451E-08
 4.019E-07  7.49387767166181E-08
 4.074E-07  7.69447999026236E-08
 4.129E-07  7.90045216102905E-08
 4.186E-07  8.11193792612868E-08
 4.243E-07  8.32908487541126E-08
 4.301E-07  8.55204454939968E-08
 4.360E-07  8.78097254503936E-08
 4.419E-07  9.01602862427870E-08
 4.479E-07  9.25737682555204E-08
 4.541E-07  9.50518557825203E-08
 4.603E-07  9.75962782026147E-08
 4.665E-07  1.00208811186320E-07
 4.729E-07  1.02891277934959E-07
 4.794E-07  1.05645550452896E-07
 4.859E-07  1.08473550853868E-07
 4.926E-07  1.11377252702261E-07
 4.993E-07  1.14358682390277E-07
 5.061E-07  1.17419920551985E-07
 5.130E-07  1.20563103515214E-07
 5.200E-07  1.23790424792288E-07
 5.271E-07  1.27104136610682E-07
 5.343E-07  1.30506551484642E-07
 5.416E-07  1.34000043828875E-07
 5.490E-07  1.37587051615421E-07
 5.565E-07  1.41270078074864E-07
 5.641E-07  1.45051693443111E-07
 5.718E-07  1.48934536754870E-07
 5.796E-07  1.52921317685194E-07
 5.875E-07  1.57014818440276E-07
 5.955E-07  1.61217895698842E-07
 6.037E-07  1.65533482605538E-07
 6.119E-07  1.69964590817649E-07
 6.202E-07  1.74514312606611E-07
 6.287E-07  1.79185823015756E-07
 6.373E-07  1.83982382075815E-07
 6.460E-07  1.88907337079735E-07
 6.548E-07  1.93964124918363E-07
 6.638E-07  1.99156274478613E-07
 6.728E-07  2.04487409105903E-07
 6.820E-07  2.09961249132434E-07
 6.913E-07  2.15581614473126E-07
 7.008E-07  2.21352427291098E-07
 7.103E-07  2.27277714734427E-07
 7.200E-07  2.33361611746195E-07
 7.298E-07  2.39608363949706E-07
 7.398E-07  2.46022330610956E-07
 7.499E-07  2.52607987680399E-07
 7.602E-07  2.59369930916078E-07
 7.705E-07  2.66312879090380E-07
 7.811E-07  2.73441677282612E-07
 7.917E-07  2.80761300259704E-07
 8.025E-07  2.88276855947363E-07
 8.135E-07  2.95993588994171E-07
 8.246E-07  3.03916884431036E-07
 8.358E-07  3.12052271428605E-07
 8.473E-07  3.20405427155229E-07
 8.588E-07  3.28982180738172E-07
 8.705E-07  3.37788517330887E-07
 8.824E-07  3.46830582289048E-07
 8.945E-07  3.56114685458436E-07
 9.067E-07  3.65647305577569E-07
 9.191E-07  3.75435094798099E-07
 9.316E-07  3.85484883326268E-07
 9.443E-07  3.95803684188528E-07
 9.572E-07  4.06398698124730E-07
 9.703E-07  4.17277318612229E-07
 9.835E-07  4.28447137024543E-07
 9.970E-07  4.39915947927983E-07
 1.011E-06  4.51691754519966E-07
 1.024E-06  4.63782774213107E-07
 1.038E-06  4.76197444368553E-07
 1.053E-06  4.88944428182714E-07
 1.067E-06  5.02032620731810E-07
 1.081E-06  5.15471155177899E-07
 1.096E-06  5.29269409141078E-07
 1.111E-06  5.43437011242282E-07
 1.126E-06  5.57983847821113E-07
 1.142E-06  5.72920069833478E-07
 1.157E-06  5.88256099933790E-07
 1.173E-06  6.04002639746778E-07
 1.189E-06  6.20170677333729E-07
 1.205E-06  6.36771494858733E-07
 1.222E-06  6.53816676460016E-07
 1.239E-06  6.71318116331836E-07
 1.255E-06  6.89288027022754E-07
 1.273E-06  7.07738947955942E-07
 1.290E-06  7.26683754177505E-07
 1.308E-06  7.46135665338888E-07
 1.325E-06  7.66108254919686E-07
 1.344E-06  7.86615459697355E-07
 1.362E-06  8.07671589470012E-07
 1.380E-06  8.29291337039808E-07
 1.399E-06  8.51489788463275E-07
 1.418E-06  8.74282433575848E-07
 1.438E-06  8.97685176798395E-07
 1.457E-06  9.21714348232362E-07
 1.477E-06  9.46386715052397E-07
 1.497E-06  9.71719493203508E-07
 1.518E-06  9.97730359411255E-07
 1.539E-06  1.02443746351338E-06
 1.560E-06  1.05185944112133E-06
 1.581E-06  1.08001542662087E-06
 1.603E-06  1.10892506652005E-06
 1.624E-06  1.13860853315497E-06
 1.647E-06  1.16908653876180E-06
 1.669E-06  1.20038034992546E-06
 1.692E-06  1.23251180241517E-06
 1.715E-06  1.26550331641653E-06
 1.738E-06  1.29937791217169E-06
 1.762E-06  1.33415922603750E-06
 1.786E-06  1.36987152697367E-06
 1.811E-06  1.40653973347207E-06
 1.835E-06  1.44418943093884E-06
 1.860E-06  1.48284688954185E-06
 1.886E-06  1.52253908253532E-06
 1.911E-06  1.56329370507529E-06
 1.938E-06  1.60513919353795E-06
 1.964E-06  1.64810474535515E-06
 1.991E-06  1.69222033938090E-06
 2.018E-06  1.73751675680211E-06
 2.046E-06  1.78402560260925E-06
 2.073E-06  1.83177932764169E-06
 2.102E-06  1.88081125122236E-06
 2.130E-06  1.93115558439830E-06
 2.160E-06  1.98284745380292E-06
 2.189E-06  2.03592292615663E-06
 2.219E-06  2.09041903342346E-06
 2.249E-06  2.14637379863987E-06
 2.280E-06  2.20382626243527E-06
 2.311E-06  2.26281651026174E-06
 2.343E-06  2.32338570035245E-06
 2.375E-06  2.38557609242798E-06
 2.407E-06  2.44943107717059E-06
 2.440E-06  2.51499520648709E-06
 2.473E-06  2.58231422458114E-06
 2.507E-06  2.65143509985707E-06
 2.541E-06  2.72240605767720E-06
 2.576E-06  2.79527661399541E-06
 2.611E-06  2.87009760989022E-06
 2.647E-06  2.94692124702179E-06
 2.683E-06  3.02580112403840E-06
 2.719E-06  3.10679227395526E-06
 2.757E-06  3.18995120253401E-06
 2.794E-06  3.27533592768965E-06
 2.832E-06  3.36300601995015E-06
 2.871E-06  3.45302264399928E-06
 2.910E-06  3.54544860133060E-06
 2.950E-06  3.64034837404241E-06
 2.990E-06  3.73778816980424E-06
 3.031E-06  3.83783596802597E-06
 3.072E-06  3.94056156726168E-06
 3.114E-06  4.04603663388244E-06
 3.157E-06  4.15433475205011E-06
 3.200E-06  4.26553147502801E-06
 3.244E-06  4.37970437786429E-06
 3.288E-06  4.49693311148469E-06
 3.333E-06  4.61729945823137E-06
 3.378E-06  4.74088738888739E-06
 3.424E-06  4.86778312122744E-06
 3.471E-06  4.99807518013324E-06
 3.519E-06  5.13185445931733E-06
 3.567E-06  5.26921428469811E-06
 3.615E-06  5.41025047946903E-06
 3.665E-06  5.55506143090876E-06
 3.715E-06  5.70374815897783E-06
 3.765E-06  5.85641438675019E-06
 3.817E-06  6.01316661272805E-06
 3.869E-06  6.17411418509021E-06
 3.922E-06  6.33936937792756E-06
 3.975E-06  6.50904746951592E-06
 4.030E-06  6.68326682268230E-06
 4.085E-06  6.86214896732153E-06
 4.140E-06  7.04581868511734E-06
 4.197E-06  7.23440409653115E-06
 4.254E-06  7.42803675011677E-06
 4.312E-06  7.62685171422129E-06
 4.371E-06  7.83098767114088E-06
 4.431E-06  8.04058701379252E-06
 4.491E-06  8.25579594497198E-06
 4.553E-06  8.47676457926427E-06
 4.615E-06  8.70364704768069E-06
 4.678E-06  8.93660160509230E-06
 4.742E-06  9.17579074053739E-06
 4.806E-06  9.42138129047735E-06
 4.872E-06  9.67354455507967E-06
 4.938E-06  9.93245641761267E-06
 5.006E-06  1.01982974670306E-05
 5.074E-06  1.04712531238353E-05
 5.144E-06  1.07515137693051E-05
 5.214E-06  1.10392748781772E-05
 5.285E-06  1.13347371548768E-05
 5.357E-06  1.16381066733892E-05
 5.430E-06  1.19495950208715E-05
 5.504E-06  1.22694194451022E-05
 5.579E-06  1.25978030058719E-05
 5.656E-06  1.29349747304246E-05
 5.733E-06  1.32811697730488E-05
 5.811E-06  1.36366295789405E-05
 5.890E-06  1.40016020524409E-05
 5.971E-06  1.43763417297734E-05
 6.052E-06  1.47611099564005E-05
 6.135E-06  1.51561750691154E-05
 6.219E-06  1.55618125830052E-05
 6.304E-06  1.59783053834109E-05
 6.390E-06  1.64059439230136E-05
 6.477E-06  1.68450264241938E-05
 6.565E-06  1.72958590867958E-05
 6.655E-06  1.77587563014444E-05
 6.746E-06  1.82340408685651E-05
 6.838E-06  1.87220442232541E-05
 6.931E-06  1.92231066661587E-05
 7.026E-06  1.97375776005297E-05
 7.122E-06  2.02658157756055E-05
 7.219E-06  2.08081895365008E-05
 7.318E-06  2.13650770807735E-05
 7.418E-06  2.19368667218457E-05
 7.519E-06  2.25239571594628E-05
 7.622E-06  2.31267577573828E-05
 7.726E-06  2.37456888284797E-05
 7.831E-06  2.43811819274678E-05
 7.938E-06  2.50336801514441E-05
 8.046E-06  2.57036384484631E-05
 8.156E-06  2.63915239343544E-05
 8.268E-06  2.70978162180002E-05
 8.380E-06  2.78230077353084E-05
 8.495E-06  2.85676040921020E-05
 8.611E-06  2.93321244161711E-05
 8.728E-06  3.01171017187271E-05
 8.848E-06  3.09230832655125E-05
 8.968E-06  3.17506309578227E-05
 9.091E-06  3.26003217237054E-05
 9.215E-06  3.34727479196065E-05
 9.341E-06  3.43685177427431E-05
 9.468E-06  3.52882556544948E-05
 9.597E-06  3.62326028150944E-05
 9.729E-06  3.72022175299287E-05
 9.861E-06  3.81977757077670E-05
 9.996E-06  3.92199713312084E-05
 1.013E-05  4.02695169397060E-05
 1.027E-05  4.13471441254868E-05
 1.041E-05  4.24536040426981E-05
 1.055E-05  4.35896679301715E-05
 1.070E-05  4.47561276481256E-05
 1.084E-05  4.59537962292038E-05
 1.099E-05  4.71835084442262E-05
 1.114E-05  4.84461213830344E-05
 1.129E-05  4.97425150508549E-05
 1.145E-05  5.10735929805716E-05
 1.160E-05  5.24402828613468E-05
 1.176E-05  5.38435371840225E-05
 1.192E-05  5.52843339037369E-05
 1.209E-05  5.67636771202397E-05
 1.225E-05  5.82825977763580E-05
 1.242E-05  5.98421543750969E-05
 1.259E-05  6.14434337158873E-05
 1.276E-05  6.30875516504749E-05
 1.293E-05  6.47756538589754E-05
 1.311E-05  6.65089166466444E-05
 1.329E-05  6.82885477619059E-05
 1.347E-05  7.01157872361894E-05
 1.365E-05  7.19919082462064E-05
 1.384E-05  7.39182179991999E-05
 1.403E-05  7.58960586418161E-05
 1.422E-05  7.79268081932351E-05
 1.442E-05  8.00118815031740E-05
 1.461E-05  8.21527312354558E-05
 1.481E-05  8.43508488778022E-05
 1.501E-05  8.66077657785638E-05
 1.522E-05  8.89250542110930E-05
 1.543E-05  9.13043284665038E-05
 1.564E-05  9.37472459755786E-05
 1.585E-05  9.62555084605769E-05
 1.607E-05  9.88308631177612E-05
 1.629E-05  1.01475103831445E-04
 1.651E-05  1.04190072420425E-04
 1.673E-05  1.06977659917624E-04
 1.696E-05  1.09839807883840E-04
 1.719E-05  1.12778509756553E-04
 1.743E-05  1.15795812234626E-04
 1.767E-05  1.18893816699950E-04
 1.791E-05  1.22074680676982E-04
 1.815E-05  1.25340619331143E-04
 1.840E-05  1.28693907007185E-04
 1.865E-05  1.32136878808512E-04
 1.891E-05  1.35671932218620E-04
 1.916E-05  1.39301528765704E-04
 1.943E-05  1.43028195731617E-04
 1.969E-05  1.46854527906385E-04
 1.996E-05  1.50783189389397E-04
 2.023E-05  1.54816915438638E-04
 2.051E-05  1.58958514369132E-04
 2.079E-05  1.63210869501949E-04
 2.107E-05  1.67576941165123E-04
 2.136E-05  1.72059768747850E-04
 2.165E-05  1.76662472809369E-04
 2.195E-05  1.81388257244012E-04
 2.225E-05  1.86240411503863E-04
 2.255E-05  1.91222312880619E-04
 2.286E-05  1.96337428848154E-04
 2.317E-05  2.01589319467450E-04
 2.349E-05  2.06981639855563E-04
 2.381E-05  2.12518142720216E-04
 2.413E-05  2.18202680961908E-04
 2.446E-05  2.24039210345233E-04
 2.480E-05  2.30031792241267E-04
 2.514E-05  2.36184596442898E-04
 2.548E-05  2.42501904055085E-04
 2.583E-05  2.48988110461957E-04
 2.618E-05  2.55647728372828E-04
 2.654E-05  2.62485390949244E-04
 2.690E-05  2.69505855015138E-04
 2.727E-05  2.76714004352384E-04
 2.764E-05  2.84114853083937E-04
 2.802E-05  2.91713549146911E-04
 2.840E-05  2.99515377858021E-04
 2.879E-05  3.07525765573717E-04
 2.918E-05  3.15750283447626E-04
 2.958E-05  3.24194651287866E-04
 2.998E-05  3.32864741516786E-04
 3.039E-05  3.41766583236016E-04
 3.080E-05  3.50906366399369E-04
 3.123E-05  3.60290446096667E-04
 3.165E-05  3.69925346951380E-04
 3.208E-05  3.79817767634955E-04
 3.252E-05  3.89974585501080E-04
 3.297E-05  4.00402861342958E-04
 3.342E-05  4.11109844276919E-04
 3.387E-05  4.22102976755657E-04
 3.433E-05  4.33389899714456E-04
 3.480E-05  4.44978457854064E-04
 3.528E-05  4.56876705063753E-04
 3.576E-05  4.69092909988234E-04
 3.625E-05  4.81635561742218E-04
 3.674E-05  4.94513375776648E-04
 3.724E-05  5.07735299900495E-04
 3.775E-05  5.21310520462121E-04
 3.827E-05  5.35248468694741E-04
 3.879E-05  5.49558827229985E-04
 3.932E-05  5.64251536784142E-04
 3.986E-05  5.79336803021595E-04
 4.040E-05  5.94825103600267E-04
 4.095E-05  6.10727195403667E-04
 4.151E-05  6.27054121964424E-04
 4.208E-05  6.43817221084712E-04
 4.265E-05  6.61028132658288E-04
 4.324E-05  6.78698806699889E-04
 4.383E-05  6.96841511586977E-04
 4.442E-05  7.15468842519840E-04
 4.503E-05  7.34593730205730E-04
 4.565E-05  7.54229449772514E-04
 4.627E-05  7.74389629918558E-04
 4.690E-05  7.95088262304429E-04
 4.754E-05  8.16339711193146E-04
 4.819E-05  8.38158723345377E-04
 4.885E-05  8.60560438176424E-04
 4.951E-05  8.83560398181594E-04
 5.019E-05  9.07174559637144E-04
 5.088E-05  9.31419303584262E-04
 5.157E-05  9.56311447103197E-04
 5.227E-05  9.81868254885232E-04
 5.299E-05  1.00810745111038E-03
 5.371E-05  1.03504723163879E-03
 5.445E-05  1.06270627652415E-03
 5.519E-05  1.09110376285733E-03
 5.594E-05  1.12025937794922E-03
 5.671E-05  1.15019333286134E-03
 5.748E-05  1.18092637629351E-03
 5.826E-05  1.21247980883798E-03
 5.906E-05  1.24487549760945E-03
 5.987E-05  1.27813589126076E-03
 6.068E-05  1.31228403539475E-03
 6.151E-05  1.34734358838221E-03
 6.235E-05  1.38333883759656E-03
 6.320E-05  1.42029471607637E-03
 6.407E-05  1.45823681962711E-03
 6.494E-05  1.49719142437269E-03
 6.583E-05  1.53718550476959E-03
 6.673E-05  1.57824675209507E-03
 6.764E-05  1.62040359342187E-03
 6.856E-05  1.66368521109230E-03
 6.950E-05  1.70812156270438E-03
 7.045E-05  1.75374340162397E-03
 7.141E-05  1.80058229803566E-03
 7.238E-05  1.84867066054740E-03
 7.337E-05  1.89804175836292E-03
 7.437E-05  1.94872974403637E-03
 7.539E-05  2.00076967682468E-03
 7.642E-05  2.05419754665338E-03
 7.746E-05  2.10905029871113E-03
 7.852E-05  2.16536585869018E-03
 7.959E-05  2.22318315868846E-03
 8.068E-05  2.28254216379169E-03
 8.178E-05  2.34348389935214E-03
 8.289E-05  2.40605047898227E-03
 8.403E-05  2.47028513328271E-03
 8.517E-05  2.53623223932215E-03
 8.634E-05  2.60393735088951E-03
 8.751E-05  2.67344722953845E-03
 8.871E-05  2.74480987644430E-03
 8.992E-05  2.81807456509419E-03
 9.115E-05  2.89329187483292E-03
 9.239E-05  2.97051372528562E-03
 9.365E-05  3.04979341168034E-03
 9.493E-05  3.13118564109346E-03
 9.623E-05  3.21474656964225E-03
 9.754E-05  3.30053384064890E-03
 9.887E-05  3.38860662379985E-03
 1.002E-04  3.47902565532779E-03
 1.016E-04  3.57185327924194E-03
 1.030E-04  3.66715348963280E-03
 1.044E-04  3.76499197408030E-03
 1.058E-04  3.86543615819261E-03
 1.073E-04  3.96855525130515E-03
 1.087E-04  4.07442029336968E-03
 1.102E-04  4.18310420306353E-03
 1.117E-04  4.29468182715023E-03
 1.132E-04  4.40922999112446E-03
 1.148E-04  4.52682755117295E-03
 1.163E-04  4.64755544748560E-03
 1.179E-04  4.77149675895169E-03
 1.195E-04  4.89873675927522E-03
 1.212E-04  5.02936297454784E-03
 1.228E-04  5.16346524231372E-03
 1.245E-04  5.30113577216696E-03
 1.262E-04  5.44246920791862E-03
 1.279E-04  5.58756269137413E-03
 1.297E-04  5.73651592776377E-03
 1.314E-04  5.88943125286349E-03
 1.332E-04  6.04641370185362E-03
 1.351E-04  6.20757107995857E-03
 1.369E-04  6.37301403491040E-03
 1.388E-04  6.54285613128485E-03
 1.407E-04  6.71721392675560E-03
 1.426E-04  6.89620705031737E-03
 1.445E-04  7.07995828252506E-03
 1.465E-04  7.26859363780106E-03
 1.485E-04  7.46224244886318E-03
 1.505E-04  7.66103745332630E-03
 1.526E-04  7.86511488253244E-03
 1.547E-04  8.07461455266358E-03
 1.568E-04  8.28967995819915E-03
 1.589E-04  8.51045836777195E-03
 1.611E-04  8.73710092248543E-03
 1.633E-04  8.96976273675412E-03
 1.655E-04  9.20860300172745E-03
 1.678E-04  9.45378509136677E-03
 1.701E-04  9.70547667123552E-03
 1.724E-04  9.96384981007677E-03
 1.748E-04  1.02290810942417E-02
 1.771E-04  1.05013517450425E-02
 1.796E-04  1.07808477391061E-02
 1.820E-04  1.10677599317946E-02
 1.845E-04  1.13622841837775E-02
 1.870E-04  1.16646214908286E-02
 1.896E-04  1.19749781169268E-02
 1.922E-04  1.22935657307479E-02
 1.948E-04  1.26206015456256E-02
 1.974E-04  1.29563084630679E-02
 2.001E-04  1.33009152199220E-02
 2.029E-04  1.36546565392682E-02
 2.056E-04  1.40177732851429E-02
 2.084E-04  1.43905126211819E-02
 2.113E-04  1.47731281732747E-02
 2.142E-04  1.51658801963373E-02
 2.171E-04  1.55690357452992E-02
 2.201E-04  1.59828688504034E-02
 2.231E-04  1.64076606969338E-02
 2.261E-04  1.68436998094713E-02
 2.292E-04  1.72912822407868E-02
 2.323E-04  1.77507117654901E-02
 2.355E-04  1.82223000785465E-02
 2.387E-04  1.87063669987765E-02
 2.420E-04  1.92032406774637E-02
 2.453E-04  1.97132578121893E-02
 2.486E-04  2.02367638660214E-02
 2.520E-04  2.07741132921912E-02
 2.555E-04  2.13256697643765E-02
 2.589E-04  2.18918064127408E-02
 2.625E-04  2.24729060658571E-02
 2.661E-04  2.30693614986547E-02
 2.697E-04  2.36815756865414E-02
 2.734E-04  2.43099620658388E-02
 2.771E-04  2.49549448006853E-02
 2.809E-04  2.56169590565592E-02
 2.847E-04  2.62964512805765E-02
 2.886E-04  2.69938794887240E-02
 2.926E-04  2.77097135601944E-02
 2.965E-04  2.84444355389808E-02
 3.006E-04  2.91985399429090E-02
 3.047E-04  2.99725340802847E-02
 3.089E-04  3.07669383743168E-02
 3.131E-04  3.15822866955160E-02
 3.174E-04  3.24191267022433E-02
 3.217E-04  3.32780201895979E-02
 3.261E-04  3.41595434468417E-02
 3.305E-04  3.50642876235550E-02
 3.350E-04  3.59928591047173E-02
 3.396E-04  3.69458798949304E-02
 3.442E-04  3.79239880119814E-02
 3.489E-04  3.89278378899662E-02
 3.537E-04  3.99581007921842E-02
 3.585E-04  4.10154652340315E-02
 3.634E-04  4.21006374161165E-02
 3.684E-04  4.32143416678244E-02
 3.734E-04  4.43573209015744E-02
 3.785E-04  4.55303370779960E-02
 3.837E-04  4.67341716822834E-02
 3.889E-04  4.79696262119668E-02
 3.942E-04  4.92375226763507E-02
 3.996E-04  5.05387041078881E-02
 4.051E-04  5.18740350857476E-02
 4.106E-04  5.32444022718398E-02
 4.162E-04  5.46507149595767E-02
 4.219E-04  5.60939056356445E-02
 4.277E-04  5.75749305550651E-02
 4.335E-04  5.90947703298459E-02
 4.394E-04  6.06544305314967E-02
 4.454E-04  6.22549423077182E-02
 4.515E-04  6.38973630135701E-02
 4.577E-04  6.55827768574154E-02
 4.639E-04  6.73122955619625E-02
 4.702E-04  6.90870590407203E-02
 4.767E-04  7.09082360901888E-02
 4.832E-04  7.27770250981206E-02
 4.898E-04  7.46946547681760E-02
 4.965E-04  7.66623848613220E-02
 5.032E-04  7.86815069543146E-02
 5.101E-04  8.07533452156125E-02
 5.171E-04  8.28792571990882E-02
 5.241E-04  8.50606346558775E-02
 5.313E-04  8.72989043647493E-02
 5.385E-04  8.95955289813670E-02
 5.459E-04  9.19520079068077E-02
 5.533E-04  9.43698781757257E-02
 5.609E-04  9.68507153645426E-02
 5.686E-04  9.93961345200688E-02
 5.763E-04  1.02007791108933E-01
 5.842E-04  1.04687381988240E-01
 5.922E-04  1.07436646397850E-01
 6.002E-04  1.10257366974690E-01
 6.084E-04  1.13151370789531E-01
 6.167E-04  1.16120530406625E-01
 6.252E-04  1.19166764966658E-01
 6.337E-04  1.22292041293394E-01
 6.423E-04  1.25498375024525E-01
 6.511E-04  1.28787831767097E-01
 6.600E-04  1.32162528277963E-01
 6.690E-04  1.35624633669732E-01
 6.782E-04  1.39176370642673E-01
 6.874E-04  1.42820016742962E-01
 6.968E-04  1.46557905647781E-01
 7.063E-04  1.50392428477752E-01
 7.160E-04  1.54326035137072E-01
 7.257E-04  1.58361235681900E-01
 7.356E-04  1.62500601717434E-01
 7.457E-04  1.66746767824115E-01
 7.559E-04  1.71102433013474E-01
 7.662E-04  1.75570362214056E-01
 7.766E-04  1.80153387787913E-01
 7.872E-04  1.84854411078093E-01
 7.980E-04  1.89676403987668E-01
 8.089E-04  1.94622410590713E-01
 8.199E-04  1.99695548775700E-01
 8.311E-04  2.04899011921832E-01
 8.425E-04  2.10236070608705E-01
 8.540E-04  2.15710074359811E-01
 8.656E-04  2.21324453420350E-01
 8.774E-04  2.27082720569737E-01
 8.894E-04  2.32988472969338E-01
 9.016E-04  2.39045394045835E-01
 9.139E-04  2.45257255410639E-01
 9.264E-04  2.51627918815853E-01
 9.390E-04  2.58161338147125E-01
 9.518E-04  2.64861561453873E-01
 9.648E-04  2.71732733017274E-01
 9.780E-04  2.78779095456383E-01
 9.913E-04  2.86004991872801E-01
 1.005E-03  2.93414868034264E-01
 1.019E-03  3.01013274597505E-01
 1.032E-03  3.08804869370728E-01
 1.047E-03  3.16794419616036E-01
 1.061E-03  3.24986804392132E-01
 1.075E-03  3.33387016937604E-01
 1.090E-03  3.42000167094994E-01
 1.105E-03  3.50831483776040E-01
 1.120E-03  3.59886317468206E-01
 1.135E-03  3.69170142782753E-01
 1.151E-03  3.78688561044590E-01
 1.167E-03  3.88447302923952E-01
 1.182E-03  3.98452231110153E-01
 1.199E-03  4.08709343027452E-01
 1.215E-03  4.19224773593082E-01
 1.232E-03  4.30004798017555E-01
 1.248E-03  4.41055834647165E-01
 1.265E-03  4.52384447848683E-01
 1.283E-03  4.63997350936177E-01
 1.300E-03  4.75901409139788E-01
 1.318E-03  4.88103642616380E-01
 1.336E-03  5.00611229501739E-01
 1.354E-03  5.13431509004173E-01
 1.373E-03  5.26571984539103E-01
 1.391E-03  5.40040326904318E-01
 1.410E-03  5.53844377495498E-01
 1.430E-03  5.67992151561441E-01
 1.449E-03  5.82491841498471E-01
 1.469E-03  5.97351820183477E-01
 1.489E-03  6.12580644344781E-01
 1.509E-03  6.28187057970129E-01
 1.530E-03  6.44179995750975E-01
 1.551E-03  6.60568586562133E-01
 1.572E-03  6.77362156975782E-01
 1.593E-03  6.94570234808715E-01
 1.615E-03  7.12202552701670E-01
 1.637E-03  7.30269051729522E-01
 1.660E-03  7.48779885040829E-01
 1.682E-03  7.67745421525327E-01
 1.705E-03  7.87176249507844E-01
 1.729E-03  8.07083180466773E-01
 1.752E-03  8.27477252775403E-01
 1.776E-03  8.48369735464142E-01
 1.800E-03  8.69772132001525E-01
 1.825E-03  8.91696184091828E-01
 1.850E-03  9.14153875486896E-01
 1.875E-03  9.37157435809849E-01
 1.901E-03  9.60719344387767E-01
 1.927E-03  9.84852334090813E-01
 1.953E-03  1.00956939517476E+00
 1.980E-03  1.03488377912368E+00
 2.007E-03  1.06080900248972E+00
 2.034E-03  1.08735885072634E+00
 2.062E-03  1.11454738201140E+00
 2.090E-03  1.14238893105625E+00
 2.118E-03  1.17089811289682E+00
 2.147E-03  1.20008982666237E+00
 2.177E-03  1.22997925931752E+00
 2.206E-03  1.26058188937283E+00
 2.236E-03  1.29191349055902E+00
 2.267E-03  1.32399013545977E+00
 2.298E-03  1.35682819909751E+00
 2.329E-03  1.39044436246680E+00
 2.361E-03  1.42485561600936E+00
 2.393E-03  1.46007926302432E+00
 2.426E-03  1.49613292300778E+00
 2.459E-03  1.53303453491436E+00
 2.493E-03  1.57080236033430E+00
 2.527E-03  1.60945498657838E+00
 2.561E-03  1.64901132966333E+00
 2.596E-03  1.68949063718970E+00
 2.632E-03  1.73091249110389E+00
 2.668E-03  1.77329681033596E+00
 2.704E-03  1.81666385330405E+00
 2.741E-03  1.86103422027645E+00
 2.778E-03  1.90642885558130E+00
 2.816E-03  1.95286904965442E+00
 2.855E-03  2.00037644091446E+00
 2.894E-03  2.04897301745499E+00
 2.933E-03  2.09868111854206E+00
 2.973E-03  2.14952343590605E+00
 3.014E-03  2.20152301481557E+00
 3.055E-03  2.25470325492124E+00
 3.097E-03  2.30908791085639E+00
 3.139E-03  2.36470109258182E+00
 3.182E-03  2.42156726546044E+00
 3.225E-03  2.47971125004820E+00
 3.269E-03  2.53915822158648E+00
 3.314E-03  2.59993370918088E+00
 3.359E-03  2.66206359465127E+00
 3.405E-03  2.72557411103671E+00
 3.452E-03  2.79049184073911E+00
 3.499E-03  2.85684371328858E+00
 3.546E-03  2.92465700271328E+00
 3.595E-03  2.99395932449554E+00
 3.644E-03  3.06477863209606E+00
 3.694E-03  3.13714321302734E+00
 3.744E-03  3.21108168445696E+00
 3.795E-03  3.28662298832062E+00
 3.847E-03  3.36379638592474E+00
 3.900E-03  3.44263145201783E+00
 3.953E-03  3.52315806830885E+00
 4.007E-03  3.60540641641116E+00
 4.061E-03  3.68940697018933E+00
 4.117E-03  3.77519048748595E+00
 4.173E-03  3.86278800120549E+00
 4.230E-03  3.95223080973083E+00
 4.288E-03  4.04355046664848E+00
 4.346E-03  4.13677876975781E+00
 4.406E-03  4.23194774933885E+00
 4.466E-03  4.32908965565320E+00
 4.527E-03  4.42823694565209E+00
 4.589E-03  4.52942226886481E+00
 4.651E-03  4.63267845244120E+00
 4.715E-03  4.73803848532061E+00
 4.779E-03  4.84553550149993E+00
 4.844E-03  4.95520276237311E+00
 4.911E-03  5.06707363811378E+00
 4.978E-03  5.18118158807271E+00
 5.046E-03  5.29756014016169E+00
 5.114E-03  5.41624286919505E+00
 5.184E-03  5.53726337415975E+00
 5.255E-03  5.66065525438539E+00
 5.327E-03  5.78645208458498E+00
 5.400E-03  5.91468738873733E+00
 5.473E-03  6.04539461278231E+00
 5.548E-03  6.17860709610010E+00
 5.624E-03  6.31435804174554E+00
 5.700E-03  6.45268048540934E+00
 5.778E-03  6.59360726307794E+00
 5.857E-03  6.73717097736412E+00
 5.937E-03  6.88340396248122E+00
 6.018E-03  7.03233824783391E+00
 6.100E-03  7.18400552019963E+00
 6.184E-03  7.33843708447476E+00
 6.268E-03  7.49566382296142E+00
 6.354E-03  7.65571615317039E+00
 6.440E-03  7.81862398411797E+00
 6.528E-03  7.98441667109482E+00
 6.617E-03  8.15312296888630E+00
 6.708E-03  8.32477098342519E+00
 6.799E-03  8.49938812185932E+00
 6.892E-03  8.67700104101812E+00
 6.986E-03  8.85763559426332E+00
 7.082E-03  9.04131677671216E+00
 7.178E-03  9.22806866882233E+00
 7.276E-03  9.41791437833035E+00
 7.376E-03  9.61087598053816E+00
 7.476E-03  9.80697445694398E+00
 7.578E-03  1.00062296322176E+01
 7.682E-03  1.02086601095218E+01
 7.787E-03  1.04142832041861E+01
 7.893E-03  1.06231148757400E+01
 8.001E-03  1.08351696583200E+01
 8.110E-03  1.10504605894641E+01
 8.221E-03  1.12689991373151E+01
 8.333E-03  1.14907951262554E+01
 8.447E-03  1.17158566610015E+01
 8.562E-03  1.19441900491916E+01
 8.679E-03  1.21757997225027E+01
 8.798E-03  1.24106881563405E+01
 8.918E-03  1.26488557881486E+01
 9.039E-03  1.28903009343920E+01
 9.163E-03  1.31350197062713E+01
 9.288E-03  1.33830059242353E+01
 9.415E-03  1.36342510313605E+01
 9.543E-03  1.38887440056774E+01
 9.674E-03  1.41464712715263E+01
 9.806E-03  1.44074166100355E+01
 9.940E-03  1.46715610688194E+01
 1.008E-02  1.49388828710041E+01
 1.021E-02  1.52093573236934E+01
 1.035E-02  1.54829567259985E+01
 1.049E-02  1.57596502767611E+01
 1.064E-02  1.60394039821095E+01
 1.078E-02  1.63221805629959E+01
 1.093E-02  1.66079393628709E+01
 1.108E-02  1.68966362556629E+01
 1.123E-02  1.71882235542370E+01
 1.138E-02  1.74826499195196E+01
 1.154E-02  1.77798602704842E+01
 1.170E-02  1.80797956952042E+01
 1.186E-02  1.83823933631875E+01
 1.202E-02  1.86875864392210E+01
 1.218E-02  1.89953039989606E+01
 1.235E-02  1.93054709465154E+01
 1.252E-02  1.96180079342831E+01
 1.269E-02  1.99328312853082E+01
 1.286E-02  2.02498529184412E+01
 1.304E-02  2.05689802765913E+01
 1.321E-02  2.08901162583740E+01
 1.339E-02  2.12131591534678E+01
 1.358E-02  2.15380025820023E+01
 1.376E-02  2.18645354383135E+01
 1.395E-02  2.21926418394109E+01
 1.414E-02  2.25222010785120E+01
 1.433E-02  2.28530875840087E+01
 1.453E-02  2.31851708842424E+01
 1.473E-02  2.35183155784712E+01
 1.493E-02  2.38523813144228E+01
 1.513E-02  2.41872227728364E+01
 1.534E-02  2.45226896594020E+01
 1.555E-02  2.48586267045165E+01
 1.576E-02  2.51948736712793E+01
 1.598E-02  2.55312653721591E+01
 1.619E-02  2.58676316947670E+01
 1.642E-02  2.62037976371751E+01
 1.664E-02  2.65395833532263E+01
 1.687E-02  2.68748042082787E+01
 1.710E-02  2.72092708458327E+01
 1.733E-02  2.75427892654892E+01
 1.757E-02  2.78751609126827E+01
 1.781E-02  2.82061827806349E+01
 1.805E-02  2.85356475249676E+01
 1.830E-02  2.88633435914085E+01
 1.855E-02  2.91890553570166E+01
 1.880E-02  2.95125632853463E+01
 1.906E-02  2.98336440959562E+01
 1.932E-02  3.01520709486560E+01
 1.958E-02  3.04676136428740E+01
 1.985E-02  3.07800388325044E+01
 2.012E-02  3.10891102565810E+01
 2.039E-02  3.13945889860974E+01
 2.067E-02  3.16962336872740E+01
 2.095E-02  3.19938009015420E+01
 2.124E-02  3.22870453424890E+01
 2.153E-02  3.25757202099782E+01
 2.182E-02  3.28595775216174E+01
 2.212E-02  3.31383684617194E+01
 2.242E-02  3.34118437478531E+01
 2.273E-02  3.36797540150441E+01
 2.304E-02  3.39418502176357E+01
 2.335E-02  3.41978840487721E+01
 2.367E-02  3.44476083774172E+01
 2.400E-02  3.46907777027607E+01
 2.432E-02  3.49271486258120E+01
 2.466E-02  3.51564803379162E+01
 2.499E-02  3.53785351258641E+01
 2.533E-02  3.55930788931987E+01
 2.568E-02  3.57998816972541E+01
 2.603E-02  3.59987183013832E+01
 2.639E-02  3.61893687417588E+01
 2.675E-02  3.63716189080512E+01
 2.711E-02  3.65452611372032E+01
 2.748E-02  3.67100948194395E+01
 2.786E-02  3.68659270155582E+01
 2.824E-02  3.70125730844657E+01
 2.862E-02  3.71498573198217E+01
 2.901E-02  3.72776135945688E+01
 2.941E-02  3.73956860120249E+01
 2.981E-02  3.75039295621221E+01
 3.022E-02  3.76022107812759E+01
 3.063E-02  3.76904084142694E+01
 3.105E-02  3.77684140764421E+01
 3.147E-02  3.78361329143687E+01
 3.190E-02  3.78934842631190E+01
 3.234E-02  3.79404022980883E+01
 3.278E-02  3.79768366792948E+01
 3.323E-02  3.80027531859411E+01
 3.368E-02  3.80181343389489E+01
 3.414E-02  3.80229800090801E+01
 3.461E-02  3.80173080081767E+01
 3.508E-02  3.80011546609647E+01
 3.556E-02  3.79745753547892E+01
 3.604E-02  3.79376450645778E+01
 3.654E-02  3.78904588502571E+01
 3.703E-02  3.78331323237894E+01
 3.754E-02  3.77658020829417E+01
 3.805E-02  3.76886261088534E+01
 3.857E-02  3.76017841244297E+01
 3.910E-02  3.75054779105624E+01
 3.963E-02  3.73999315771593E+01
 4.017E-02  3.72853917859568E+01
 4.072E-02  3.71621279220939E+01
 4.128E-02  3.70304322114423E+01
 4.184E-02  3.68906197807162E+01
 4.241E-02  3.67430286574283E+01
 4.299E-02  3.65880197068144E+01
 4.358E-02  3.64259765029230E+01
 4.417E-02  3.62573051311510E+01
 4.478E-02  3.60824339196125E+01
 4.539E-02  3.59018130968452E+01
 4.601E-02  3.57159143734998E+01
 4.664E-02  3.55252304458089E+01
 4.727E-02  3.53302744188061E+01
 4.792E-02  3.51315791474575E+01
 4.857E-02  3.49296964940768E+01
 4.924E-02  3.47251965006214E+01
 4.991E-02  3.45186664747166E+01
 5.059E-02  3.43107099885163E+01
 5.128E-02  3.41019457897956E+01
 5.198E-02  3.38930066249694E+01
 5.269E-02  3.36845379740518E+01
 5.341E-02  3.34771966979096E+01
 5.414E-02  3.32716495985115E+01
 5.488E-02  3.30685718932507E+01
 5.563E-02  3.28686456047977E+01
 5.639E-02  3.26725578683422E+01
 5.716E-02  3.24809991584927E+01
 5.794E-02  3.22946614385285E+01
 5.873E-02  3.21142362351298E+01
 5.953E-02  3.19404126421580E+01
 6.034E-02  3.17738752575046E+01
 6.116E-02  3.16153020574883E+01
 6.200E-02  3.14653622137332E+01
 6.285E-02  3.13247138579273E+01
 6.370E-02  3.11940018003181E+01
 6.457E-02  3.10738552082606E+01
 6.546E-02  3.09648852515860E+01
 6.635E-02  3.08676827220049E+01
 6.725E-02  3.07828156341921E+01
 6.817E-02  3.07108268166242E+01
 6.910E-02  3.06522315006487E+01
 7.005E-02  3.06075149166497E+01
 7.100E-02  3.05771299065456E+01
 7.197E-02  3.05614945621975E+01
 7.296E-02  3.05609898996263E+01
 7.395E-02  3.05759575792216E+01
 7.496E-02  3.06066976823862E+01
 7.598E-02  3.06534665552764E+01
 7.702E-02  3.07164747304862E+01
 7.807E-02  3.07958849376623E+01
 7.914E-02  3.08918102141377E+01
 8.022E-02  3.10043121267256E+01
 8.132E-02  3.11333991158199E+01
 8.243E-02  3.12790249729014E+01
 8.355E-02  3.14410874624521E+01
 8.469E-02  3.16194270991256E+01
 8.585E-02  3.18138260908082E+01
 8.702E-02  3.20240074579400E+01
 8.821E-02  3.22496343391305E+01
 8.941E-02  3.24903094927159E+01
 9.063E-02  3.27455750034495E+01
 9.187E-02  3.30149122030001E+01
 9.312E-02  3.32977418123536E+01
 9.440E-02  3.35934243135689E+01
 9.568E-02  3.39012605576337E+01
 9.699E-02  3.42204926143940E+01
 9.831E-02  3.45503048697036E+01
 9.966E-02  3.48898253740472E+01
 1.010E-01  3.52381274459424E+01
 1.024E-01  3.55942315324222E+01
 1.038E-01  3.59571073278402E+01
 1.052E-01  3.63256761511341E+01
 1.066E-01  3.66988135805265E+01
 1.081E-01  3.70753523434478E+01
 1.096E-01  3.74540854582239E+01
 1.111E-01  3.78337696228094E+01
 1.126E-01  3.82131288445398E+01
 1.141E-01  3.85908583035605E+01
 1.157E-01  3.89656284412473E+01
 1.173E-01  3.93360892635838E+01
 1.189E-01  3.97008748481016E+01
 1.205E-01  4.00586080416405E+01
 1.221E-01  4.04079053348343E+01
 1.238E-01  4.07473818979021E+01
 1.255E-01  4.10756567610170E+01
 1.272E-01  4.13913581212497E+01
 1.289E-01  4.16931287568479E+01
 1.307E-01  4.19796315284236E+01
 1.325E-01  4.22495549454843E+01
 1.343E-01  4.25016187756762E+01
 1.361E-01  4.27345796731004E+01
 1.380E-01  4.29472368011501E+01
 1.399E-01  4.31384374244735E+01
 1.418E-01  4.33070824439345E+01
 1.437E-01  4.34521318478033E+01
 1.457E-01  4.35726100518839E+01
 1.477E-01  4.36676111008760E+01
 1.497E-01  4.37363037029898E+01
 1.517E-01  4.37779360696739E+01
 1.538E-01  4.37918405323130E+01
 1.559E-01  4.37774379078762E+01
 1.580E-01  4.37342415857847E+01
 1.602E-01  4.36618613087038E+01
 1.624E-01  4.35600066205642E+01
 1.646E-01  4.34284899558793E+01
 1.668E-01  4.32672293453583E+01
 1.691E-01  4.30762507139172E+01
 1.714E-01  4.28556897484621E+01
 1.738E-01  4.26057933142710E+01
 1.761E-01  4.23269204004214E+01
 1.785E-01  4.20195425765056E+01
 1.810E-01  4.16842439448448E+01
 1.834E-01  4.13217205745460E+01
 1.860E-01  4.09327794060470E+01
 1.885E-01  4.05183366172493E+01
 1.911E-01  4.00794154449502E+01
 1.937E-01  3.96171434580347E+01
 1.963E-01  3.91327492817754E+01
 1.990E-01  3.86275587755919E+01
 2.017E-01  3.81029906697381E+01
 2.045E-01  3.75605516695940E+01
 2.073E-01  3.70018310395255E+01
 2.101E-01  3.64284946816174E+01
 2.130E-01  3.58422787279734E+01
 2.159E-01  3.52449826686759E+01
 2.188E-01  3.46384620408952E+01
 2.218E-01  3.40246207080053E+01
 2.248E-01  3.34054027608716E+01
 2.279E-01  3.27827840767033E+01
 2.310E-01  3.21587635739762E+01
 2.342E-01  3.15353542049058E+01
 2.374E-01  3.09145737297484E+01
 2.406E-01  3.02984353198096E+01
 2.439E-01  2.96889380384034E+01
 2.472E-01  2.90880572511111E+01
 2.506E-01  2.84977350184999E+01
 2.540E-01  2.79198705259563E+01
 2.575E-01  2.73563106064343E+01
 2.610E-01  2.68088404126987E+01
 2.646E-01  2.62791742960303E+01
 2.682E-01  2.57689469483358E+01
 2.718E-01  2.52797048641638E+01
 2.755E-01  2.48128981782453E+01
 2.793E-01  2.43698729328599E+01
 2.831E-01  2.39518638275696E+01
 2.870E-01  2.35599875016631E+01
 2.909E-01  2.31952363970285E+01
 2.949E-01  2.28584732461315E+01
 2.989E-01  2.25504262263358E+01
 3.030E-01  2.22716848179931E+01
 3.071E-01  2.20226963995652E+01
 3.113E-01  2.18037636085661E+01
 3.156E-01  2.16150424923446E+01
 3.199E-01  2.14565414677174E+01
 3.242E-01  2.13281211032316E+01
 3.287E-01  2.12294947324353E+01
 3.331E-01  2.11602299009926E+01
 3.377E-01  2.11197506448433E+01
 3.423E-01  2.11073405909076E+01
 3.470E-01  2.11221468661258E+01
 3.517E-01  2.11631847949254E+01
 3.565E-01  2.12293433595807E+01
 3.614E-01  2.13193913924042E+01
 3.663E-01  2.14319844633326E+01
 3.713E-01  2.15656724212859E+01
 3.764E-01  2.17189075427319E+01
 3.815E-01  2.18900532362251E+01
 3.867E-01  2.20773932473565E+01
 3.920E-01  2.22791413045941E+01
 3.974E-01  2.24934511429606E+01
 4.028E-01  2.27184268394212E+01
 4.083E-01  2.29521333912947E+01
 4.139E-01  2.31926074669757E+01
 4.195E-01  2.34378682568098E+01
 4.252E-01  2.36859283511205E+01
 4.311E-01  2.39348045721575E+01
 4.369E-01  2.41825286871539E+01
 4.429E-01  2.44271579307247E+01
 4.489E-01  2.46667852665329E+01
 4.551E-01  2.48995493204627E+01
 4.613E-01  2.51236439204649E+01
 4.676E-01  2.53373271817411E+01
 4.740E-01  2.55389300799860E+01
 4.804E-01  2.57268644599569E+01
 4.870E-01  2.58996304316447E+01
 4.936E-01  2.60558231117263E+01
 5.004E-01  2.61941386737172E+01
 5.072E-01  2.63133796762591E+01
 5.141E-01  2.64124596451939E+01
 5.212E-01  2.64904068914330E+01
 5.283E-01  2.65463675530466E+01
 5.355E-01  2.65796078564119E+01
 5.428E-01  2.65895155975931E+01
 5.502E-01  2.65756008513212E+01
 5.577E-01  2.65374959209244E+01
 5.653E-01  2.64749545482788E+01
 5.731E-01  2.63878504082429E+01
 5.809E-01  2.62761749170633E+01
 5.888E-01  2.61400343888457E+01
 5.969E-01  2.59796465783403E+01
 6.050E-01  2.57953366519648E+01
 6.133E-01  2.55875326321572E+01
 6.216E-01  2.53567603627993E+01
 6.301E-01  2.51036380455746E+01
 6.387E-01  2.48288703987154E+01
 6.474E-01  2.45332424906607E+01
 6.563E-01  2.42176133017047E+01
 6.652E-01  2.38829090667716E+01
 6.743E-01  2.35301164520421E+01
 6.835E-01  2.31602756172943E+01
 6.929E-01  2.27744732145506E+01
 7.023E-01  2.23738353719608E+01
 7.119E-01  2.19595207098550E+01
 7.216E-01  2.15327134335910E+01
 7.315E-01  2.10946165452468E+01
 7.415E-01  2.06464452134108E+01
 7.516E-01  2.01894203373357E+01
 7.618E-01  1.97247623385926E+01
 7.723E-01  1.92536852101203E+01
 7.828E-01  1.87773908492587E+01
 7.935E-01  1.82970636980094E+01
 8.043E-01  1.78138657104210E+01
 8.153E-01  1.73289316636801E+01
 8.264E-01  1.68433648262268E+01
 8.377E-01  1.63582329930372E+01
 8.491E-01  1.58745648951375E+01
 8.607E-01  1.53933469874683E+01
 8.725E-01  1.49155206164024E+01
 8.844E-01  1.44419795655704E+01
 8.965E-01  1.39735679761532E+01
 9.087E-01  1.35110786354904E+01
 9.211E-01  1.30552516257210E+01
 9.337E-01  1.26067733222219E+01
 9.464E-01  1.21662757298572E+01
 9.594E-01  1.17343361434777E+01
 9.725E-01  1.13114771177298E+01
 9.857E-01  1.08981667300365E+01
 9.992E-01  1.04948191196005E+01
 1.013E+00  1.01017952844407E+01
 1.027E+00  9.71940411780867E+00
 1.041E+00  9.34790366483183E+00
 1.055E+00  8.98750257988797E+00
 1.069E+00  8.63836176502416E+00
 1.084E+00  8.30059616968570E+00
 1.099E+00  7.97427673210626E+00
 1.114E+00  7.65943244292396E+00
 1.129E+00  7.35605251191777E+00
 1.144E+00  7.06408861919809E+00
 1.160E+00  6.78345723272465E+00
 1.176E+00  6.51404197465507E+00
 1.192E+00  6.25569601973975E+00
 1.208E+00  6.00824450976481E+00
 1.225E+00  5.77148696889411E+00
 1.241E+00  5.54519970566680E+00
 1.258E+00  5.32913818835828E+00
 1.275E+00  5.12303938140105E+00
 1.293E+00  4.92662403157973E+00
 1.310E+00  4.73959889375203E+00
 1.328E+00  4.56165888689660E+00
 1.347E+00  4.39248917234068E+00
 1.365E+00  4.23176714706827E+00
 1.384E+00  4.07916434604353E+00
 1.402E+00  3.93434824849903E+00
 1.422E+00  3.79698398412520E+00
 1.441E+00  3.66673593605063E+00
 1.461E+00  3.54326923841630E+00
 1.481E+00  3.42625116721442E+00
 1.501E+00  3.31535242388035E+00
 1.521E+00  3.21024831188920E+00
 1.542E+00  3.11061980731411E+00
 1.563E+00  3.01615452494828E+00
 1.584E+00  2.92654758217544E+00
 1.606E+00  2.84150236329305E+00
 1.628E+00  2.76073118744817E+00
 1.650E+00  2.68395588373879E+00
 1.673E+00  2.61090827736399E+00
 1.696E+00  2.54133059097729E+00
 1.719E+00  2.47497576561023E+00
 1.742E+00  2.41160770569177E+00
 1.766E+00  2.35100145279588E+00
 1.790E+00  2.29294329280935E+00
 1.815E+00  2.23723080122745E+00
 1.839E+00  2.18367283126162E+00
 1.864E+00  2.13208944938475E+00
 1.890E+00  2.08231182285011E+00
 1.916E+00  2.03418206360402E+00
 1.942E+00  1.98755303287396E+00
 1.968E+00  1.94228811055718E+00
 1.995E+00  1.89826093336310E+00
 2.022E+00  1.85535510548057E+00
 2.050E+00  1.81346388535053E+00
 2.078E+00  1.77248985192898E+00
 2.106E+00  1.73234455362776E+00
 2.135E+00  1.69294814292452E+00
 2.164E+00  1.65422899943237E+00
 2.194E+00  1.61612334403734E+00
 2.224E+00  1.57857484651608E+00
 2.254E+00  1.54153422887199E+00
 2.285E+00  1.50495886645316E+00
 2.316E+00  1.46881238875148E+00
 2.348E+00  1.43306428162557E+00
 2.380E+00  1.39768949254297E+00
 2.412E+00  1.36266804029783E+00
 2.445E+00  1.32798463052987E+00
 2.479E+00  1.29362827824869E+00
 2.513E+00  1.25959193845327E+00
 2.547E+00  1.22587214582993E+00
 2.582E+00  1.19246866441318E+00
 2.617E+00  1.15938414800044E+00
 2.653E+00  1.12662381202512E+00
 2.689E+00  1.09419511751105E+00
 2.725E+00  1.06210746765426E+00
 2.763E+00  1.03037191750579E+00
 2.800E+00  9.99000897160270E-01
 2.839E+00  9.68007948789223E-01
 2.877E+00  9.37407477795021E-01
 2.917E+00  9.07214518300664E-01
 2.956E+00  8.77444513131674E-01
 2.997E+00  8.48113108389182E-01
 3.038E+00  8.19235962657522E-01
 3.079E+00  7.90828570835053E-01
 3.121E+00  7.62906102523560E-01
 3.164E+00  7.35483254859317E-01
 3.207E+00  7.08574119617703E-01
 3.251E+00  6.82192064373406E-01
 3.295E+00  6.56349627449549E-01
 3.340E+00  6.31058426342031E-01
 3.386E+00  6.06329079259891E-01
 3.432E+00  5.82171139379013E-01
 3.479E+00  5.58593041365100E-01
 3.526E+00  5.35602059682953E-01
 3.575E+00  5.13204278172785E-01
 3.623E+00  4.91404570341050E-01
 3.673E+00  4.70206589783195E-01
 3.723E+00  4.49612770129122E-01
 3.774E+00  4.29624333879260E-01
 3.825E+00  4.10241309480134E-01
 3.878E+00  3.91462555973367E-01
 3.930E+00  3.73285794541331E-01
 3.984E+00  3.55707646266227E-01
 4.039E+00  3.38723675417312E-01
 4.094E+00  3.22328437583278E-01
 4.150E+00  3.06515531973443E-01
 4.206E+00  2.91277657222314E-01
 4.264E+00  2.76606670047112E-01
 4.322E+00  2.62493646126880E-01
 4.381E+00  2.48928942594519E-01
 4.441E+00  2.35902261559411E-01
 4.501E+00  2.23402714107736E-01
 4.563E+00  2.11418884260009E-01
 4.625E+00  1.99938892400231E-01
 4.688E+00  1.88950457728200E-01
 4.752E+00  1.78440959325308E-01
 4.817E+00  1.68397495464446E-01
 4.883E+00  1.58806940835732E-01
 4.950E+00  1.49656001401491E-01
 5.017E+00  1.40931266635694E-01
 5.086E+00  1.32619258944514E-01
 5.155E+00  1.24706480105437E-01
 5.225E+00  1.17179454602031E-01
 5.297E+00  1.10024769769730E-01
 5.369E+00  1.03229112704435E-01
 5.442E+00  9.67793039201535E-02
 5.517E+00  9.06623277739718E-02
 5.592E+00  8.48653597061983E-02
 5.668E+00  7.93757903702915E-02
 5.746E+00  7.41812467511210E-02
 5.824E+00  6.92696103910505E-02
 5.904E+00  6.46290328612413E-02
 5.984E+00  6.02479486304294E-02
 6.066E+00  5.61150854952548E-02
 6.149E+00  5.22194727450744E-02
 6.233E+00  4.85504472401743E-02
 6.318E+00  4.50976575855365E-02
 6.404E+00  4.18510665829789E-02
 6.491E+00  3.88009521427519E-02
 6.580E+00  3.59379068317650E-02
 6.670E+00  3.32528362297460E-02
 6.761E+00  3.07369562570659E-02
 6.853E+00  2.83817896289164E-02
 6.947E+00  2.61791615802963E-02
 7.042E+00  2.41211949950809E-02
 7.138E+00  2.22003050605869E-02
 7.235E+00  2.04091935567422E-02
 7.334E+00  1.87408428764619E-02
 7.434E+00  1.71885098613549E-02
 7.536E+00  1.57457195246244E-02
 7.639E+00  1.44062587211877E-02
 7.743E+00  1.31641698137717E-02
 7.849E+00  1.20137443731968E-02
 7.956E+00  1.09495169413467E-02
 8.064E+00  9.96625887654080E-03
 8.174E+00  9.05897229322834E-03
 8.286E+00  8.22288410116574E-03
 8.399E+00  7.45344014353858E-03
 8.514E+00  6.74629942883556E-03
 8.630E+00  6.09732844765903E-03
 8.748E+00  5.50259556301629E-03
 8.867E+00  4.95836546092395E-03
 8.988E+00  4.46109364729896E-03
 9.111E+00  4.00742097702255E-03
 9.235E+00  3.59416820165451E-03
 9.362E+00  3.21833052345018E-03
 9.489E+00  2.87707214498141E-03
 9.619E+00  2.56772080569308E-03
 9.750E+00  2.28776229903300E-03
 9.883E+00  2.03483496627897E-03
 1.002E+01  1.80672416576007E-03
 1.016E+01  1.60135671874581E-03
 1.029E+01  1.41679533578005E-03
 1.043E+01  1.25123302959910E-03
 1.058E+01  1.10298752293866E-03
 1.072E+01  9.70495661455086E-04
 1.087E+01  8.52307843628329E-04
 1.102E+01  7.47082480847551E-04
 1.117E+01  6.53580501894192E-04
 1.132E+01  5.70659916723500E-04
 1.147E+01  4.97270454806611E-04
 1.163E+01  4.32448293341845E-04
 1.179E+01  3.75310890393282E-04
 1.195E+01  3.25051937489723E-04
 1.211E+01  2.80936445445448E-04
 1.228E+01  2.42295976177441E-04
 1.245E+01  2.08524032123631E-04
 1.262E+01  1.79071613550046E-04
 1.279E+01  1.53442952605891E-04
 1.296E+01  1.31191431479082E-04
 1.314E+01  1.11915690454238E-04
 1.332E+01  9.52559301120588E-05
 1.350E+01  8.08904103622838E-05
 1.368E+01  6.85321474982226E-05
 1.387E+01  5.79258090221600E-05
 1.406E+01  4.88448046366291E-05
 1.425E+01  4.10885705432886E-05
 1.445E+01  3.44800430510121E-05
 1.464E+01  2.88633164768735E-05
 1.484E+01  2.41014794338216E-05
 1.505E+01  2.00746228397628E-05
 1.525E+01  1.66780123546461E-05
 1.546E+01  1.38204174523001E-05
 1.567E+01  1.14225889580016E-05
 1.589E+01  9.41587662460004E-06
 1.610E+01  7.74097817172587E-06
 1.632E+01  6.34681116534307E-06
 1.655E+01  5.18949915901210E-06
 1.677E+01  4.23146364344034E-06
 1.700E+01  3.44061354692613E-06
 1.723E+01  2.78962428566928E-06
 1.747E+01  2.25529866944631E-06
 1.771E+01  1.81800231494536E-06
 1.795E+01  1.46116659691836E-06
 1.819E+01  1.17085256753746E-06
 1.844E+01  9.35369689029498E-07
 1.869E+01  7.44943646624866E-07
 1.895E+01  5.91427931796384E-07
 1.921E+01  4.68054304575376E-07
 1.947E+01  3.69220674543495E-07
 1.974E+01  2.90325826570595E-07
 2.000E+01  2.27551958292914E-07
 2.028E+01  1.77767365544395E-07
 2.055E+01  1.38414334683888E-07
 2.084E+01  1.07410913487319E-07
 2.112E+01  8.30681425859873E-08
 2.141E+01  6.40205624217871E-08
 2.170E+01  4.91680760860803E-08
 2.200E+01  3.76274889115812E-08
 2.230E+01  2.86922622657132E-08
 2.260E+01  2.17992130420385E-08
 2.291E+01  1.65010633206937E-08
 2.322E+01  1.24438980822413E-08
 2.354E+01  9.34872424668431E-09
 2.386E+01  6.99644319904689E-09
 2.419E+01  5.21565285356364E-09
 2.452E+01  3.87278564984283E-09
 2.485E+01  2.86416705196901E-09
 2.519E+01  2.10964644544720E-09
 2.554E+01  1.54751002354167E-09
 2.588E+01  1.13043446147527E-09
 2.624E+01  8.22281940194534E-10
 2.660E+01  5.95572355108141E-10
 2.696E+01  4.29498192909525E-10
 2.733E+01  3.08372357036644E-10
 2.770E+01  2.20419861366824E-10
 2.808E+01  1.56841405158252E-10
 2.846E+01  1.11090929060896E-10
 2.885E+01  7.83208032492554E-11
 2.924E+01  5.49577232886932E-11
 2.964E+01  3.83800399520736E-11
 3.005E+01  2.66734281700251E-11
 3.046E+01  1.84467651204824E-11
 3.087E+01  1.26940560951674E-11
 3.130E+01  8.69140256806324E-12
 3.172E+01  5.92050311785989E-12
 3.216E+01  4.01214188852400E-12
 3.259E+01  2.70465629134539E-12
 3.304E+01  1.81357198822451E-12
 3.349E+01  1.20951927291514E-12
 3.395E+01  8.02257879417745E-13
 3.441E+01  5.29182999151248E-13
 3.488E+01  3.47100720294358E-13
 3.536E+01  2.26375531126312E-13
 3.584E+01  1.46789140191177E-13
 3.633E+01  9.46268815794459E-14
 3.683E+01  6.06396240557588E-14
 3.733E+01  3.86264310506732E-14
 3.784E+01  2.44547392593631E-14
 3.835E+01  1.53870596541753E-14
 3.888E+01  9.62112082893268E-15
 3.941E+01  5.97772478604346E-15
 3.995E+01  3.69018943367367E-15
 4.049E+01  2.26321427526356E-15
 4.104E+01  1.37888551501318E-15
 4.161E+01  8.34482054621338E-16
 4.217E+01  5.01593915777099E-16
 4.275E+01  2.99428867956008E-16
 4.333E+01  1.77500830749489E-16
 4.392E+01  1.04479498564617E-16
 4.452E+01  6.10581881164156E-17
 4.513E+01  3.54239220382834E-17
 4.575E+01  2.04007774297084E-17
 4.637E+01  1.16614212950052E-17
 4.701E+01  6.61559027424613E-18
 4.765E+01  3.72440387507441E-18
 4.830E+01  2.08054529345787E-18
 4.896E+01  1.15317747994846E-18
 4.963E+01  6.34147556602768E-19
 5.030E+01  3.45984335256720E-19
 5.099E+01  1.87296824308147E-19
 5.169E+01  1.00629295727837E-19
 5.239E+01  5.36907535590023E-20
 5.311E+01  2.84844539320064E-20
 5.383E+01  1.50651070786885E-20
 5.457E+01  7.98408820291072E-21
 5.531E+01  4.28273824276011E-21
 5.607E+01  0.00000000000000E+00
 5.683E+01  0.00000000000000E+00
 5.761E+01  0.00000000000000E+00
 5.839E+01  0.00000000000000E+00
 5.919E+01  0.00000000000000E+00
 6.000E+01  0.00000000000000E+00
