line2: Z,NR,R(1),R(NR) /line3,4,...: R(N),RHO*4*PI*R(N)**2
74.00  2000  1.01365245284744E-10  6.00000000000000E+01
 1.014E-10  1.27982611761265E-11
 1.027E-10  1.30937545398306E-11
 1.042E-10  1.33960704187585E-11
 1.056E-10  1.63167640537164E-11
 1.070E-10  1.66934945666446E-11
 1.085E-10  1.70789232436341E-11
 1.100E-10  1.74732509115342E-11
 1.115E-10  1.78766830357723E-11
 1.130E-10  1.82894298249261E-11
 1.145E-10  1.87117063411723E-11
 1.161E-10  1.91437326121398E-11
 1.177E-10  1.95857337455769E-11
 1.193E-10  2.00379400466456E-11
 1.209E-10  2.05005871379219E-11
 1.226E-10  2.09739160821650E-11
 1.242E-10  2.14581735079260E-11
 1.259E-10  2.19536117380518E-11
 1.276E-10  2.24604889211606E-11
 1.294E-10  2.29790691661488E-11
 1.312E-10  2.35096226798036E-11
 1.329E-10  2.40524259075992E-11
 1.348E-10  2.46077616777343E-11
 1.366E-10  2.51759193485022E-11
 1.385E-10  2.57571949590607E-11
 1.404E-10  2.63518913836847E-11
 1.423E-10  2.69603184895783E-11
 1.442E-10  2.75827932983309E-11
 1.462E-10  2.82196401511028E-11
 1.482E-10  2.88711908776216E-11
 1.502E-10  2.95377849690851E-11
 1.523E-10  3.02197697550510E-11
 1.543E-10  3.09175005844143E-11
 1.564E-10  3.16313410105637E-11
 1.586E-10  3.23616629808103E-11
 1.607E-10  3.31088470301893E-11
 1.629E-10  3.38732824797406E-11
 1.652E-10  3.46553676393629E-11
 1.674E-10  3.54555100153570E-11
 1.697E-10  3.62741265227535E-11
 1.720E-10  3.71116437025478E-11
 1.744E-10  3.79684979439520E-11
 1.767E-10  3.88451357117733E-11
 1.792E-10  3.97420137790451E-11
 1.816E-10  4.06595994650311E-11
 1.841E-10  4.15983708787206E-11
 1.866E-10  4.25588171679485E-11
 1.891E-10  4.35414387742652E-11
 1.917E-10  4.45467476936923E-11
 1.943E-10  4.55752677435015E-11
 1.970E-10  4.66275348351478E-11
 1.997E-10  4.77040972535048E-11
 2.024E-10  4.88055159425522E-11
 2.052E-10  4.99323647976560E-11
 2.080E-10  5.10852309645948E-11
 2.108E-10  5.22647151454948E-11
 2.137E-10  5.34714319118261E-11
 2.166E-10  5.47060100246246E-11
 2.196E-10  5.59690927621099E-11
 2.226E-10  5.72613382548645E-11
 2.256E-10  5.85834198287550E-11
 2.287E-10  5.99360263557730E-11
 2.318E-10  6.13198626129589E-11
 2.350E-10  6.27356496496387E-11
 2.382E-10  6.41841251631331E-11
 2.414E-10  6.56660438831190E-11
 2.447E-10  6.71821779648880E-11
 2.481E-10  6.87333173916871E-11
 2.515E-10  7.03202703863303E-11
 2.549E-10  7.19438638323261E-11
 2.584E-10  7.36049437047338E-11
 2.619E-10  7.53043755109480E-11
 2.655E-10  7.70430447416740E-11
 2.691E-10  7.88218573323225E-11
 2.728E-10  8.06417401350374E-11
 2.765E-10  8.25036414016452E-11
 2.803E-10  8.44085312777332E-11
 2.841E-10  8.63574023081367E-11
 2.880E-10  8.83512699541315E-11
 2.919E-10  9.03911731225158E-11
 2.959E-10  9.24781747069401E-11
 2.999E-10  9.46133621417401E-11
 3.040E-10  9.67978479685318E-11
 3.082E-10  9.90327704159080E-11
 3.124E-10  1.01319293992514E-10
 3.166E-10  1.03658610093815E-10
 3.210E-10  1.06051937622873E-10
 3.253E-10  1.08500523625455E-10
 3.298E-10  1.11005643939816E-10
 3.343E-10  1.13568603861469E-10
 3.389E-10  1.16190738823311E-10
 3.435E-10  1.18873415091451E-10
 3.482E-10  1.21618030477105E-10
 3.529E-10  1.24426015064932E-10
 3.577E-10  1.27298831958167E-10
 3.626E-10  1.30237978040986E-10
 3.676E-10  1.33244984758460E-10
 3.726E-10  1.36321418914500E-10
 3.777E-10  1.39468883488263E-10
 3.828E-10  1.42689018469369E-10
 3.881E-10  1.45983501712409E-10
 3.934E-10  1.49354049811241E-10
 3.987E-10  1.52802418993369E-10
 4.042E-10  1.56330406035041E-10
 4.097E-10  1.59939849197490E-10
 4.153E-10  1.63632629184726E-10
 4.210E-10  1.67410670123486E-10
 4.267E-10  1.71275940565819E-10
 4.325E-10  1.75230454514788E-10
 4.384E-10  1.79276272473868E-10
 4.444E-10  1.83415502520586E-10
 4.505E-10  1.87650301404913E-10
 4.566E-10  1.91982875673055E-10
 4.629E-10  1.96415482817188E-10
 4.692E-10  2.00950432451697E-10
 4.756E-10  2.05590087516636E-10
 4.821E-10  2.10336865508906E-10
 4.887E-10  2.15193239741918E-10
 4.953E-10  2.20161740634307E-10
 5.021E-10  2.25244957028416E-10
 5.090E-10  2.30445537539203E-10
 5.159E-10  2.35766191934302E-10
 5.230E-10  2.41209692545960E-10
 5.301E-10  2.46778875715560E-10
 5.373E-10  2.52476643271516E-10
 5.447E-10  2.58305964041232E-10
 5.521E-10  2.64269875398035E-10
 5.596E-10  2.70371484843833E-10
 5.673E-10  2.76613971628215E-10
 5.750E-10  2.83000588405048E-10
 5.829E-10  2.89534662927289E-10
 5.908E-10  2.96219599780838E-10
 5.989E-10  3.03058882158589E-10
 6.071E-10  3.10056073675325E-10
 6.154E-10  3.17214820224479E-10
 6.238E-10  3.24538851877921E-10
 6.323E-10  3.32031984829447E-10
 6.409E-10  3.39698123383246E-10
 6.497E-10  3.47541261988258E-10
 6.585E-10  3.55565487319407E-10
 6.675E-10  3.63774980407069E-10
 6.766E-10  3.72174018815520E-10
 6.859E-10  3.80766978871782E-10
 6.952E-10  3.89558337945964E-10
 7.047E-10  3.98552676784130E-10
 7.144E-10  4.07754681895139E-10
 7.241E-10  4.17169147992524E-10
 7.340E-10  4.26800980492819E-10
 7.440E-10  4.36655198071511E-10
 7.542E-10  4.46736935278007E-10
 7.645E-10  4.57051445211046E-10
 7.749E-10  4.67604102255769E-10
 7.855E-10  4.78400404884088E-10
 7.962E-10  4.89445978519645E-10
 8.071E-10  5.00746578468951E-10
 8.181E-10  5.12308092920214E-10
 8.293E-10  5.24136546011347E-10
 8.406E-10  5.36238100968838E-10
 8.521E-10  5.48619063319201E-10
 8.637E-10  5.61285884174371E-10
 8.755E-10  5.74245163593064E-10
 8.874E-10  5.87503654019800E-10
 8.996E-10  6.01068263803234E-10
 9.118E-10  6.14946060795825E-10
 9.243E-10  6.29144276036402E-10
 9.369E-10  6.43670307517979E-10
 9.497E-10  6.58531724042553E-10
 9.627E-10  6.73736269164716E-10
 9.758E-10  6.89291865226508E-10
 9.891E-10  7.05206617485349E-10
 1.003E-09  7.21488818337286E-10
 1.016E-09  7.38146951637714E-10
 1.030E-09  7.55189697121956E-10
 1.044E-09  7.72625934927812E-10
 1.059E-09  7.90464750222554E-10
 1.073E-09  8.08715437936758E-10
 1.088E-09  8.27387507607456E-10
 1.102E-09  8.46490688333066E-10
 1.118E-09  8.66034933842728E-10
 1.133E-09  8.86030427682789E-10
 1.148E-09  9.06487588522803E-10
 1.164E-09  9.27417075584262E-10
 1.180E-09  9.48829794194662E-10
 1.196E-09  9.70736901469606E-10
 1.212E-09  9.93149812126220E-10
 1.229E-09  1.01608020443096E-09
 1.246E-09  1.03954002628436E-09
 1.263E-09  1.06354150144666E-09
 1.280E-09  1.08809713590697E-09
 1.297E-09  1.11321972439943E-09
 1.315E-09  1.13892235707000E-09
 1.333E-09  1.16521842629710E-09
 1.351E-09  1.19212163366963E-09
 1.370E-09  1.21964599712630E-09
 1.388E-09  1.24780585825949E-09
 1.407E-09  1.27661588978827E-09
 1.426E-09  1.30609110320326E-09
 1.446E-09  1.33624685658854E-09
 1.466E-09  1.36709886262420E-09
 1.486E-09  1.39866319677297E-09
 1.506E-09  1.43095630565676E-09
 1.527E-09  1.46399501562603E-09
 1.547E-09  1.49779654152701E-09
 1.568E-09  1.53237849567181E-09
 1.590E-09  1.56775889701509E-09
 1.612E-09  1.60395618054297E-09
 1.634E-09  1.64098920687846E-09
 1.656E-09  1.67887727210885E-09
 1.679E-09  1.71764011784005E-09
 1.701E-09  1.75729794148285E-09
 1.725E-09  1.79787140677673E-09
 1.748E-09  1.83938165455679E-09
 1.772E-09  1.88185031376921E-09
 1.796E-09  1.92529951274102E-09
 1.821E-09  1.96975189070996E-09
 1.846E-09  2.01523060962076E-09
 1.871E-09  2.06175936619375E-09
 1.896E-09  2.10936240427171E-09
 1.922E-09  2.15806452745261E-09
 1.949E-09  2.20789111201316E-09
 1.975E-09  2.25886812013129E-09
 2.002E-09  2.31102211341362E-09
 2.029E-09  2.36438026673554E-09
 2.057E-09  2.41897038240061E-09
 2.085E-09  2.47482090462690E-09
 2.114E-09  2.53196093436809E-09
 2.143E-09  2.59042024447612E-09
 2.172E-09  2.65022929521465E-09
 2.201E-09  2.71141925013026E-09
 2.232E-09  2.77402199229037E-09
 2.262E-09  2.83807014089568E-09
 2.293E-09  2.90359706827656E-09
 2.324E-09  2.97063691728161E-09
 2.356E-09  3.03922461906789E-09
 2.388E-09  3.10939591130184E-09
 2.421E-09  3.18118735678006E-09
 2.454E-09  3.25463636248092E-09
 2.487E-09  3.32978119905487E-09
 2.521E-09  3.40666102076562E-09
 2.556E-09  3.48531588589188E-09
 2.590E-09  3.56578677759879E-09
 2.626E-09  3.64811562529282E-09
 2.662E-09  3.73234532646936E-09
 2.698E-09  3.81851976906381E-09
 2.735E-09  3.90668385431947E-09
 2.772E-09  3.99688352018378E-09
 2.810E-09  4.08916576524388E-09
 2.848E-09  4.18357867321548E-09
 2.887E-09  4.28017143799634E-09
 2.927E-09  4.37899438929929E-09
 2.967E-09  4.48009901887690E-09
 3.007E-09  4.58353800734956E-09
 3.048E-09  4.68936525165662E-09
 3.090E-09  4.79763589313861E-09
 3.132E-09  4.90840634626802E-09
 3.175E-09  5.02173432804496E-09
 3.218E-09  5.13767888807034E-09
 3.262E-09  5.25630043931335E-09
 3.307E-09  5.37766078958941E-09
 3.352E-09  5.50182317376611E-09
 3.398E-09  5.62885228671067E-09
 3.444E-09  5.75881431699949E-09
 3.491E-09  5.89177698140610E-09
 3.539E-09  6.02780956018441E-09
 3.587E-09  6.16698293316723E-09
 3.636E-09  6.30936961669835E-09
 3.685E-09  6.45504380141705E-09
 3.736E-09  6.60408139091479E-09
 3.787E-09  6.75656004128553E-09
 3.838E-09  6.91255920158765E-09
 3.891E-09  7.07216015524103E-09
 3.944E-09  7.23544606237970E-09
 3.998E-09  7.40250200318232E-09
 4.052E-09  7.57341502220346E-09
 4.108E-09  7.74827417372736E-09
 4.164E-09  7.92717056817073E-09
 4.221E-09  8.11019741955466E-09
 4.278E-09  8.29745009407415E-09
 4.337E-09  8.48902615978923E-09
 4.396E-09  8.68502543746069E-09
 4.456E-09  8.88555005256413E-09
 4.517E-09  9.09070448850106E-09
 4.578E-09  9.30059564103914E-09
 4.641E-09  9.51533287401175E-09
 4.704E-09  9.73502807630055E-09
 4.769E-09  9.95979572013594E-09
 4.834E-09  1.01897529207419E-08
 4.900E-09  1.04250194973597E-08
 4.967E-09  1.06657180356786E-08
 5.034E-09  1.09119739517093E-08
 5.103E-09  1.11639155571326E-08
 5.173E-09  1.14216741261546E-08
 5.243E-09  1.16853839639079E-08
 5.315E-09  1.19551824764307E-08
 5.388E-09  1.22312102422625E-08
 5.461E-09  1.25136110856923E-08
 5.536E-09  1.28025321516967E-08
 5.611E-09  1.30981239826116E-08
 5.688E-09  1.34005405965711E-08
 5.765E-09  1.37099395677576E-08
 5.844E-09  1.40264821085071E-08
 5.924E-09  1.43503331533074E-08
 6.005E-09  1.46816614447381E-08
 6.087E-09  1.50206396213919E-08
 6.170E-09  1.53674443078293E-08
 6.254E-09  1.57222562066081E-08
 6.340E-09  1.60852601924375E-08
 6.426E-09  1.64566454085076E-08
 6.514E-09  1.68366053650413E-08
 6.603E-09  1.72253380401229E-08
 6.693E-09  1.76230459828526E-08
 6.784E-09  1.80299364188881E-08
 6.877E-09  1.84462213584154E-08
 6.971E-09  1.88721177066172E-08
 7.066E-09  1.93078473766922E-08
 7.162E-09  1.97536374054809E-08
 7.260E-09  2.02097200717634E-08
 7.359E-09  2.06763330172878E-08
 7.460E-09  2.11537193705921E-08
 7.562E-09  2.16421278736866E-08
 7.665E-09  2.21418130116594E-08
 7.770E-09  2.26530351452765E-08
 7.876E-09  2.31760606466409E-08
 7.983E-09  2.37111620379855E-08
 8.092E-09  2.42586181336710E-08
 8.203E-09  2.48187141854593E-08
 8.315E-09  2.53917420311453E-08
 8.428E-09  2.59780002466162E-08
 8.543E-09  2.65777943014260E-08
 8.660E-09  2.71914367179574E-08
 8.778E-09  2.78192472342603E-08
 8.898E-09  2.84615529706534E-08
 9.019E-09  2.91186886001657E-08
 9.142E-09  2.97909965229189E-08
 9.267E-09  3.04788270445342E-08
 9.394E-09  3.11825385586551E-08
 9.522E-09  3.19024977336905E-08
 9.652E-09  3.26390797038653E-08
 9.784E-09  3.33926682646803E-08
 9.917E-09  3.41636560728898E-08
 1.005E-08  3.49524448510952E-08
 1.019E-08  3.57594455970584E-08
 1.033E-08  3.65850787978508E-08
 1.047E-08  3.74297746489487E-08
 1.061E-08  3.82939732783851E-08
 1.076E-08  3.91781249760716E-08
 1.090E-08  4.00826904284250E-08
 1.105E-08  4.10081409584070E-08
 1.120E-08  4.19549587711009E-08
 1.136E-08  4.29236372049665E-08
 1.151E-08  4.39146809888898E-08
 1.167E-08  4.49286065051675E-08
 1.183E-08  4.59659420585714E-08
 1.199E-08  4.70272281516164E-08
 1.215E-08  4.81130177661830E-08
 1.232E-08  4.92238766516549E-08
 1.249E-08  5.03603836196921E-08
 1.266E-08  5.15231308458192E-08
 1.283E-08  5.27127241779790E-08
 1.301E-08  5.39297834522045E-08
 1.318E-08  5.51749428155810E-08
 1.336E-08  5.64488510566642E-08
 1.355E-08  5.77521719435322E-08
 1.373E-08  5.90855845696350E-08
 1.392E-08  6.04497837076298E-08
 1.411E-08  6.18454801713952E-08
 1.430E-08  6.32734011863934E-08
 1.450E-08  6.47342907685861E-08
 1.470E-08  6.62289101121015E-08
 1.490E-08  6.77580379858460E-08
 1.510E-08  6.93224711392835E-08
 1.531E-08  7.09230247175749E-08
 1.551E-08  7.25605326862994E-08
 1.573E-08  7.42358482659916E-08
 1.594E-08  7.59498443767078E-08
 1.616E-08  7.77034140928522E-08
 1.638E-08  7.94974711085109E-08
 1.660E-08  8.13329502135225E-08
 1.683E-08  8.32108077805459E-08
 1.706E-08  8.51320222633701E-08
 1.729E-08  8.70975947067356E-08
 1.753E-08  8.91085492679167E-08
 1.777E-08  9.11659337503476E-08
 1.801E-08  9.32708201495856E-08
 1.826E-08  9.54243052118589E-08
 1.851E-08  9.76275110055140E-08
 1.876E-08  9.98815855056629E-08
 1.901E-08  1.02187703192329E-07
 1.927E-08  1.04547065662407E-07
 1.954E-08  1.06960902255733E-07
 1.980E-08  1.09430470695627E-07
 2.007E-08  1.11957057744225E-07
 2.035E-08  1.14541979872923E-07
 2.063E-08  1.17186583948326E-07
 2.091E-08  1.19892247934017E-07
 2.119E-08  1.22660381608526E-07
 2.148E-08  1.25492427299890E-07
 2.178E-08  1.28389860637170E-07
 2.207E-08  1.31354191319294E-07
 2.237E-08  1.34386963901700E-07
 2.268E-08  1.37489758601090E-07
 2.299E-08  1.40664192118781E-07
 2.330E-08  1.43911918483108E-07
 2.362E-08  1.47234629911203E-07
 2.394E-08  1.50634057690715E-07
 2.427E-08  1.54111973081893E-07
 2.460E-08  1.57670188240472E-07
 2.494E-08  1.61310557161873E-07
 2.528E-08  1.65034976647229E-07
 2.562E-08  1.68845387291671E-07
 2.597E-08  1.72743774495451E-07
 2.633E-08  1.76732169498436E-07
 2.669E-08  1.80812650438450E-07
 2.705E-08  1.84987343434052E-07
 2.742E-08  1.89258423692348E-07
 2.779E-08  1.93628116642342E-07
 2.817E-08  1.98098699094465E-07
 2.856E-08  2.02672500426894E-07
 2.895E-08  2.07351903799241E-07
 2.934E-08  2.12139347394260E-07
 2.974E-08  2.17037325688236E-07
 3.015E-08  2.22048390750706E-07
 3.056E-08  2.27175153574164E-07
 3.098E-08  2.32420285434511E-07
 3.140E-08  2.37786519282868E-07
 3.183E-08  2.43276651169530E-07
 3.227E-08  2.48893541700846E-07
 3.271E-08  2.54640117529682E-07
 3.315E-08  2.60519372880277E-07
 3.361E-08  2.66534371108391E-07
 3.406E-08  2.72688246297401E-07
 3.453E-08  2.78984204891255E-07
 3.500E-08  2.85425527365168E-07
 3.548E-08  2.92015569934832E-07
 3.596E-08  2.98757766305143E-07
 3.645E-08  3.05655629459270E-07
 3.695E-08  3.12712753489051E-07
 3.746E-08  3.19932815467610E-07
 3.797E-08  3.27319577365259E-07
 3.849E-08  3.34876888009572E-07
 3.901E-08  3.42608685090820E-07
 3.954E-08  3.50518997213585E-07
 4.008E-08  3.58611945995776E-07
 4.063E-08  3.66891748216180E-07
 4.119E-08  3.75362718011503E-07
 4.175E-08  3.84029269124178E-07
 4.232E-08  3.92895917202060E-07
 4.290E-08  4.01967282151237E-07
 4.348E-08  4.11248090543111E-07
 4.408E-08  4.20743178077135E-07
 4.468E-08  4.30457492100303E-07
 4.529E-08  4.40396094184911E-07
 4.591E-08  4.50564162765747E-07
 4.653E-08  4.60966995838245E-07
 4.717E-08  4.71610013718901E-07
 4.781E-08  4.82498761869346E-07
 4.846E-08  4.93638913785774E-07
 4.913E-08  5.05036273954932E-07
 4.980E-08  5.16696780878457E-07
 5.048E-08  5.28626510166990E-07
 5.117E-08  5.40831677705725E-07
 5.186E-08  5.53318642893083E-07
 5.257E-08  5.66093911954039E-07
 5.329E-08  5.79164141330174E-07
 5.402E-08  5.92536141147754E-07
 5.475E-08  6.06216878765992E-07
 5.550E-08  6.20213482407254E-07
 5.626E-08  6.34533244870995E-07
 5.703E-08  6.49183627333554E-07
 5.781E-08  6.64172263235530E-07
 5.860E-08  6.79506962259009E-07
 5.940E-08  6.95195714396641E-07
 6.021E-08  7.11246694114574E-07
 6.103E-08  7.27668264611498E-07
 6.186E-08  7.44468982176127E-07
 6.271E-08  7.61657600645170E-07
 6.356E-08  7.79243075964279E-07
 6.443E-08  7.97234570854286E-07
 6.531E-08  8.15641459585172E-07
 6.620E-08  8.34473332860282E-07
 6.711E-08  8.53740002813178E-07
 6.802E-08  8.73451508120041E-07
 6.895E-08  8.93618119230026E-07
 6.989E-08  9.14250343716230E-07
 7.085E-08  9.35358931750477E-07
 7.181E-08  9.56954881704313E-07
 7.279E-08  9.79049445879228E-07
 7.379E-08  1.00165413636945E-06
 7.479E-08  1.02478073105985E-06
 7.582E-08  1.04844127976238E-06
 7.685E-08  1.07264811049432E-06
 7.790E-08  1.09741383590129E-06
 7.896E-08  1.12275135982857E-06
 8.004E-08  1.14867388404424E-06
 8.113E-08  1.17519491511753E-06
 8.224E-08  1.20232827145578E-06
 8.336E-08  1.23008809050408E-06
 8.450E-08  1.25848883611110E-06
 8.566E-08  1.28754530606480E-06
 8.683E-08  1.31727263980232E-06
 8.801E-08  1.34768632629773E-06
 8.921E-08  1.37880221213199E-06
 9.043E-08  1.41063650974911E-06
 9.167E-08  1.44320580590298E-06
 9.292E-08  1.47652707029920E-06
 9.419E-08  1.51061766443644E-06
 9.547E-08  1.54549535065191E-06
 9.677E-08  1.58117830137558E-06
 9.810E-08  1.61768510859818E-06
 9.944E-08  1.65503479355766E-06
 1.008E-07  1.69324681664933E-06
 1.022E-07  1.73234108756495E-06
 1.036E-07  1.77233797566552E-06
 1.050E-07  1.81325832059384E-06
 1.064E-07  1.85512344313206E-06
 1.079E-07  1.89795515630979E-06
 1.093E-07  1.94177577676865E-06
 1.108E-07  1.98660813638925E-06
 1.123E-07  2.03247559418670E-06
 1.139E-07  2.07940204848031E-06
 1.154E-07  2.12741194934481E-06
 1.170E-07  2.17653031134875E-06
 1.186E-07  2.22678272658697E-06
 1.202E-07  2.27819537801373E-06
 1.219E-07  2.33079505308414E-06
 1.235E-07  2.38460915771018E-06
 1.252E-07  2.43966573053902E-06
 1.269E-07  2.49599345756071E-06
 1.287E-07  2.55362168705372E-06
 1.304E-07  2.61258044487487E-06
 1.322E-07  2.67290045010231E-06
 1.340E-07  2.73461313104032E-06
 1.358E-07  2.79775064159244E-06
 1.377E-07  2.86234587801381E-06
 1.396E-07  2.92843249604927E-06
 1.415E-07  2.99604492846778E-06
 1.434E-07  3.06521840300121E-06
 1.454E-07  3.13598896069722E-06
 1.473E-07  3.20839347469657E-06
 1.494E-07  3.28246966944273E-06
 1.514E-07  3.35825614033581E-06
 1.535E-07  3.43579237384021E-06
 1.556E-07  3.51511876805600E-06
 1.577E-07  3.59627665376528E-06
 1.598E-07  3.67930831596486E-06
 1.620E-07  3.76425701589571E-06
 1.642E-07  3.85116701358058E-06
 1.665E-07  3.94008359088262E-06
 1.687E-07  4.03105307509627E-06
 1.710E-07  4.12412286308165E-06
 1.734E-07  4.21934144595748E-06
 1.757E-07  4.31675843436391E-06
 1.781E-07  4.41642458430694E-06
 1.806E-07  4.51839182360131E-06
 1.830E-07  4.62271327892344E-06
 1.855E-07  4.72944330348769E-06
 1.881E-07  4.83863750536307E-06
 1.906E-07  4.95035277644267E-06
 1.932E-07  5.06464732208260E-06
 1.959E-07  5.18158069142374E-06
 1.986E-07  5.30121380841478E-06
 2.013E-07  5.42360900355173E-06
 2.040E-07  5.54883004634828E-06
 2.068E-07  5.67694217855727E-06
 2.096E-07  5.80801214815919E-06
 2.125E-07  5.94210824413358E-06
 2.154E-07  6.07930033203472E-06
 2.183E-07  6.21965989038853E-06
 2.213E-07  6.36326004792870E-06
 2.243E-07  6.51017562169270E-06
 2.274E-07  6.66048315599745E-06
 2.305E-07  6.81426096231495E-06
 2.336E-07  6.97158916006776E-06
 2.368E-07  7.13254971836664E-06
 2.401E-07  7.29722649871134E-06
 2.433E-07  7.46570529867698E-06
 2.467E-07  7.63807389660955E-06
 2.500E-07  7.81442209735274E-06
 2.534E-07  7.99484177902996E-06
 2.569E-07  8.17942694090616E-06
 2.604E-07  8.36827375235602E-06
 2.640E-07  8.56148060296017E-06
 2.676E-07  8.75914815375897E-06
 2.712E-07  8.96137938969076E-06
 2.749E-07  9.16827967323729E-06
 2.787E-07  9.37995679930983E-06
 2.825E-07  9.59652105140236E-06
 2.863E-07  9.81808525903966E-06
 2.903E-07  1.00447648565517E-05
 2.942E-07  1.02766779432054E-05
 2.982E-07  1.05139453447243E-05
 3.023E-07  1.07566906762273E-05
 3.064E-07  1.10050404066204E-05
 3.106E-07  1.12591239244775E-05
 3.149E-07  1.15190736054363E-05
 3.192E-07  1.17850248811541E-05
 3.235E-07  1.20571163098572E-05
 3.279E-07  1.23354896485109E-05
 3.324E-07  1.26202899266630E-05
 3.369E-07  1.29116655219888E-05
 3.415E-07  1.32097682375787E-05
 3.462E-07  1.35147533810118E-05
 3.509E-07  1.38267798452533E-05
 3.557E-07  1.41460101914200E-05
 3.606E-07  1.44726107334547E-05
 3.655E-07  1.48067516247571E-05
 3.705E-07  1.51486069468123E-05
 3.756E-07  1.54983547998651E-05
 3.807E-07  1.58561773956902E-05
 3.859E-07  1.62222611524987E-05
 3.911E-07  1.65967967920366E-05
 3.965E-07  1.69799794389303E-05
 4.019E-07  1.73720087223145E-05
 4.074E-07  1.77730888798130E-05
 4.129E-07  1.81834288639197E-05
 4.186E-07  1.86032424508310E-05
 4.243E-07  1.90327483517913E-05
 4.301E-07  1.94721703270098E-05
 4.360E-07  1.99217373022065E-05
 4.419E-07  2.03816834878457E-05
 4.479E-07  2.08522485011225E-05
 4.541E-07  2.13336774907660E-05
 4.603E-07  2.18262212647213E-05
 4.665E-07  2.23301364207785E-05
 4.729E-07  2.28456854802176E-05
 4.794E-07  2.33731370245346E-05
 4.859E-07  2.39127658353292E-05
 4.926E-07  2.44648530374146E-05
 4.993E-07  2.50296862452303E-05
 5.061E-07  2.56075597126420E-05
 5.130E-07  2.61987744861862E-05
 5.200E-07  2.68036385618620E-05
 5.271E-07  2.74224670455376E-05
 5.343E-07  2.80555823170532E-05
 5.416E-07  2.87033141981209E-05
 5.490E-07  2.93660001240948E-05
 5.565E-07  3.00439853197006E-05
 5.641E-07  3.07376229788244E-05
 5.718E-07  3.14472744484564E-05
 5.796E-07  3.21733094168687E-05
 5.875E-07  3.29161061061411E-05
 5.955E-07  3.36760514691313E-05
 6.037E-07  3.44535413909861E-05
 6.119E-07  3.52489808953052E-05
 6.202E-07  3.60627843550653E-05
 6.287E-07  3.68953757084032E-05
 6.373E-07  3.77471886793856E-05
 6.460E-07  3.86186670038727E-05
 6.548E-07  3.95102646605907E-05
 6.638E-07  4.04224461075361E-05
 6.728E-07  4.13556865238359E-05
 6.820E-07  4.23104720571940E-05
 6.913E-07  4.32873000770387E-05
 7.008E-07  4.42866794335150E-05
 7.103E-07  4.53091307224524E-05
 7.200E-07  4.63551865564524E-05
 7.298E-07  4.74253918422203E-05
 7.398E-07  4.85203040643015E-05
 7.499E-07  4.96404935753680E-05
 7.602E-07  5.07865438932011E-05
 7.705E-07  5.19590520045165E-05
 7.811E-07  5.31586286758136E-05
 7.917E-07  5.43858987713924E-05
 8.025E-07  5.56415015786995E-05
 8.135E-07  5.69260911411938E-05
 8.246E-07  5.82403365988789E-05
 8.358E-07  5.95849225367053E-05
 8.473E-07  6.09605493410012E-05
 8.588E-07  6.23679335641268E-05
 8.705E-07  6.38078082975451E-05
 8.824E-07  6.52809235535020E-05
 8.945E-07  6.67880466555062E-05
 9.067E-07  6.83299626378163E-05
 9.191E-07  6.99074746541513E-05
 9.316E-07  7.15214043958270E-05
 9.443E-07  7.31725925195375E-05
 9.572E-07  7.48618990850020E-05
 9.703E-07  7.65902040027115E-05
 9.835E-07  7.83584074920061E-05
 9.970E-07  8.01674305497187E-05
 1.011E-06  8.20182154296236E-05
 1.024E-06  8.39117261329468E-05
 1.038E-06  8.58489489102018E-05
 1.053E-06  8.78308927745893E-05
 1.067E-06  8.98585900272375E-05
 1.081E-06  9.19330967945700E-05
 1.096E-06  9.40554935780579E-05
 1.111E-06  9.62268858166607E-05
 1.126E-06  9.84484044622378E-05
 1.142E-06  1.00721206568222E-04
 1.157E-06  1.03046475891885E-04
 1.173E-06  1.05425423510485E-04
 1.189E-06  1.07859288451637E-04
 1.205E-06  1.10349338338210E-04
 1.222E-06  1.12896870048082E-04
 1.239E-06  1.15503210389168E-04
 1.255E-06  1.18169716789954E-04
 1.273E-06  1.20897778005976E-04
 1.290E-06  1.23688814842616E-04
 1.308E-06  1.26544280894543E-04
 1.325E-06  1.29465663302201E-04
 1.344E-06  1.32454483525761E-04
 1.362E-06  1.35512298136930E-04
 1.380E-06  1.38640699628978E-04
 1.399E-06  1.41841317245471E-04
 1.418E-06  1.45115817828138E-04
 1.438E-06  1.48465906684239E-04
 1.457E-06  1.51893328473964E-04
 1.477E-06  1.55399868118299E-04
 1.497E-06  1.58987351727809E-04
 1.518E-06  1.62657647552835E-04
 1.539E-06  1.66412666955616E-04
 1.560E-06  1.70254365404827E-04
 1.581E-06  1.74184743493014E-04
 1.603E-06  1.78205847977526E-04
 1.624E-06  1.82319772845437E-04
 1.647E-06  1.86528660402992E-04
 1.669E-06  1.90834702390200E-04
 1.692E-06  1.95240141121135E-04
 1.715E-06  1.99747270650469E-04
 1.738E-06  2.04358437966959E-04
 1.762E-06  2.09076044214403E-04
 1.786E-06  2.13902545940766E-04
 1.811E-06  2.18840456376104E-04
 1.835E-06  2.23892346739926E-04
 1.860E-06  2.29060847578689E-04
 1.886E-06  2.34348650134162E-04
 1.911E-06  2.39758507743273E-04
 1.938E-06  2.45293237270276E-04
 1.964E-06  2.50955720571898E-04
 1.991E-06  2.56748905996234E-04
 2.018E-06  2.62675809916247E-04
 2.046E-06  2.68739518298555E-04
 2.073E-06  2.74943188308413E-04
 2.102E-06  2.81290049951629E-04
 2.130E-06  2.87783407754389E-04
 2.160E-06  2.94426642481755E-04
 2.189E-06  3.01223212895743E-04
 2.219E-06  3.08176657553955E-04
 2.249E-06  3.15290596649624E-04
 2.280E-06  3.22568733894089E-04
 2.311E-06  3.30014858442630E-04
 2.343E-06  3.37632846864631E-04
 2.375E-06  3.45426665159228E-04
 2.407E-06  3.53400370817339E-04
 2.440E-06  3.61558114931176E-04
 2.473E-06  3.69904144352423E-04
 2.507E-06  3.78442803900080E-04
 2.541E-06  3.87178538619204E-04
 2.576E-06  3.96115896091651E-04
 2.611E-06  4.05259528800063E-04
 2.647E-06  4.14614196546317E-04
 2.683E-06  4.24184768925676E-04
 2.719E-06  4.33976227857916E-04
 2.757E-06  4.43993670176729E-04
 2.794E-06  4.54242310278837E-04
 2.832E-06  4.64727482834053E-04
 2.871E-06  4.75454645557780E-04
 2.910E-06  4.86429382047359E-04
 2.950E-06  4.97657404683697E-04
 2.990E-06  5.09144557599766E-04
 3.031E-06  5.20896819717436E-04
 3.072E-06  5.32920307854254E-04
 3.114E-06  5.45221279901715E-04
 3.157E-06  5.57806138076685E-04
 3.200E-06  5.70681432247815E-04
 3.244E-06  5.83853863338397E-04
 3.288E-06  5.97330286807629E-04
 3.333E-06  6.11117716212004E-04
 3.378E-06  6.25223326848642E-04
 3.424E-06  6.39654459482600E-04
 3.471E-06  6.54418624159812E-04
 3.519E-06  6.69523504108034E-04
 3.567E-06  6.84976959727273E-04
 3.615E-06  7.00787032672187E-04
 3.665E-06  7.16961950028606E-04
 3.715E-06  7.33510128585898E-04
 3.765E-06  7.50440179207786E-04
 3.817E-06  7.67760911303678E-04
 3.869E-06  7.85481337403038E-04
 3.922E-06  8.03610677834803E-04
 3.975E-06  8.22158365514549E-04
 4.030E-06  8.41134050841821E-04
 4.085E-06  8.60547606710092E-04
 4.140E-06  8.80409133631949E-04
 4.197E-06  9.00728964982270E-04
 4.254E-06  9.21517672361917E-04
 4.312E-06  9.42786071084691E-04
 4.371E-06  9.64545225790811E-04
 4.431E-06  9.86806456189181E-04
 4.491E-06  1.00958134293183E-03
 4.553E-06  1.03288173362343E-03
 4.615E-06  1.05671974896894E-03
 4.678E-06  1.08110778906285E-03
 4.742E-06  1.10605853982264E-03
 4.806E-06  1.13158497957042E-03
 4.872E-06  1.15770038576585E-03
 4.938E-06  1.18441834189371E-03
 5.006E-06  1.21175274450993E-03
 5.074E-06  1.23971781044944E-03
 5.144E-06  1.26832808419978E-03
 5.214E-06  1.29759844544427E-03
 5.285E-06  1.32754411677810E-03
 5.357E-06  1.35818067160235E-03
 5.430E-06  1.38952404219894E-03
 5.504E-06  1.42159052799116E-03
 5.579E-06  1.45439680399428E-03
 5.656E-06  1.48795992945988E-03
 5.733E-06  1.52229735671908E-03
 5.811E-06  1.55742694022874E-03
 5.890E-06  1.59336694582540E-03
 5.971E-06  1.63013606019206E-03
 6.052E-06  1.66775340054181E-03
 6.135E-06  1.70623852452437E-03
 6.219E-06  1.74561144035990E-03
 6.304E-06  1.78589261720513E-03
 6.390E-06  1.82710299575823E-03
 6.477E-06  1.86926399910644E-03
 6.565E-06  1.91239754382301E-03
 6.655E-06  1.95652605131879E-03
 6.746E-06  2.00167245945427E-03
 6.838E-06  2.04786023441842E-03
 6.931E-06  2.09511338287963E-03
 7.026E-06  2.14345646441568E-03
 7.122E-06  2.19291460422916E-03
 7.219E-06  2.24351350615413E-03
 7.318E-06  2.29527946596124E-03
 7.418E-06  2.34823938496849E-03
 7.519E-06  2.40242078396352E-03
 7.622E-06  2.45785181744539E-03
 7.726E-06  2.51456128819329E-03
 7.831E-06  2.57257866216875E-03
 7.938E-06  2.63193408375969E-03
 8.046E-06  2.69265839137422E-03
 8.156E-06  2.75478313339152E-03
 8.268E-06  2.81834058447800E-03
 8.380E-06  2.88336376227854E-03
 8.495E-06  2.94988644448899E-03
 8.611E-06  3.01794318632030E-03
 8.728E-06  3.08756933836276E-03
 8.848E-06  3.15880106485969E-03
 8.968E-06  3.23167536239931E-03
 9.091E-06  3.30623007903454E-03
 9.215E-06  3.38250393384148E-03
 9.341E-06  3.46053653692490E-03
 9.468E-06  3.54036840988189E-03
 9.597E-06  3.62204100673437E-03
 9.729E-06  3.70559673534036E-03
 9.861E-06  3.79107897929545E-03
 9.996E-06  3.87853212033533E-03
 1.013E-05  3.96800156125081E-03
 1.027E-05  4.05953374932765E-03
 1.041E-05  4.15317620032155E-03
 1.055E-05  4.24897752298298E-03
 1.070E-05  4.34698744414158E-03
 1.084E-05  4.44725683436403E-03
 1.099E-05  4.54983773420005E-03
 1.114E-05  4.65478338102684E-03
 1.129E-05  4.76214823650817E-03
 1.145E-05  4.87198801467985E-03
 1.160E-05  4.98435971067827E-03
 1.176E-05  5.09932163012427E-03
 1.192E-05  5.21693341917890E-03
 1.209E-05  5.33725609528555E-03
 1.225E-05  5.46035207861342E-03
 1.242E-05  5.58628522422037E-03
 1.259E-05  5.71512085494841E-03
 1.276E-05  5.84692579507184E-03
 1.293E-05  5.98176840471164E-03
 1.311E-05  6.11971861503598E-03
 1.329E-05  6.26084796426420E-03
 1.347E-05  6.40522963449156E-03
 1.365E-05  6.55293848935351E-03
 1.384E-05  6.70405111255031E-03
 1.403E-05  6.85864584724901E-03
 1.422E-05  7.01680283638211E-03
 1.442E-05  7.17860406386809E-03
 1.461E-05  7.34413339676915E-03
 1.481E-05  7.51347662840927E-03
 1.501E-05  7.68672152247523E-03
 1.522E-05  7.86395785812217E-03
 1.543E-05  8.04527747610571E-03
 1.564E-05  8.23077432596376E-03
 1.585E-05  8.42054451427490E-03
 1.607E-05  8.61468635401176E-03
 1.629E-05  8.81330041501818E-03
 1.651E-05  9.01648957563763E-03
 1.673E-05  9.22435907551130E-03
 1.696E-05  9.43701656957975E-03
 1.719E-05  9.65457218331136E-03
 1.743E-05  9.87713856918584E-03
 1.767E-05  1.01048309644623E-02
 1.791E-05  1.03377672502584E-02
 1.815E-05  1.05760680119722E-02
 1.840E-05  1.08198566010769E-02
 1.865E-05  1.10692591983155E-02
 1.891E-05  1.13244048783344E-02
 1.916E-05  1.15854256757799E-02
 1.943E-05  1.18524566528967E-02
 1.969E-05  1.21256359686577E-02
 1.996E-05  1.24051049494628E-02
 2.023E-05  1.26910081614405E-02
 2.051E-05  1.29834934843868E-02
 2.079E-05  1.32827121873815E-02
 2.107E-05  1.35888190061153E-02
 2.136E-05  1.39019722219697E-02
 2.165E-05  1.42223337428875E-02
 2.195E-05  1.45500691860711E-02
 2.225E-05  1.48853479625566E-02
 2.255E-05  1.52283433636954E-02
 2.286E-05  1.55792326495982E-02
 2.317E-05  1.59381971395730E-02
 2.349E-05  1.63054223046094E-02
 2.381E-05  1.66810978619544E-02
 2.413E-05  1.70654178718193E-02
 2.446E-05  1.74585808362773E-02
 2.480E-05  1.78607898003880E-02
 2.514E-05  1.82722524556065E-02
 2.548E-05  1.86931812455256E-02
 2.583E-05  1.91237934740018E-02
 2.618E-05  1.95643114157183E-02
 2.654E-05  2.00149624292425E-02
 2.690E-05  2.04759790726291E-02
 2.727E-05  2.09475992216246E-02
 2.764E-05  2.14300661905376E-02
 2.802E-05  2.19236288558256E-02
 2.840E-05  2.24285417824635E-02
 2.879E-05  2.29450653531575E-02
 2.918E-05  2.34734659004552E-02
 2.958E-05  2.40140158418351E-02
 2.998E-05  2.45669938178240E-02
 3.039E-05  2.51326848332164E-02
 3.080E-05  2.57113804014658E-02
 3.123E-05  2.63033786923164E-02
 3.165E-05  2.69089846827441E-02
 3.208E-05  2.75285103112809E-02
 3.252E-05  2.81622746357998E-02
 3.297E-05  2.88106039948330E-02
 3.342E-05  2.94738321725039E-02
 3.387E-05  3.01523005671455E-02
 3.433E-05  3.08463583636979E-02
 3.480E-05  3.15563627099553E-02
 3.528E-05  3.22826788967549E-02
 3.576E-05  3.30256805421895E-02
 3.625E-05  3.37857497799400E-02
 3.674E-05  3.45632774517975E-02
 3.724E-05  3.53586633044930E-02
 3.775E-05  3.61723161909153E-02
 3.827E-05  3.70046542758055E-02
 3.879E-05  3.78561052460361E-02
 3.932E-05  3.87271065255781E-02
 3.986E-05  3.96181054952464E-02
 4.040E-05  4.05295597173251E-02
 4.095E-05  4.14619371652033E-02
 4.151E-05  4.24157164580970E-02
 4.208E-05  4.33913871009879E-02
 4.265E-05  4.43894497298895E-02
 4.324E-05  4.54104163625500E-02
 4.383E-05  4.64548106547121E-02
 4.442E-05  4.75231681620501E-02
 4.503E-05  4.86160366079065E-02
 4.565E-05  4.97339761569524E-02
 4.627E-05  5.08775596949004E-02
 4.690E-05  5.20473731143938E-02
 4.754E-05  5.32440156072176E-02
 4.819E-05  5.44680999629507E-02
 4.885E-05  5.57202528742117E-02
 4.951E-05  5.70011152486266E-02
 5.019E-05  5.83113425276712E-02
 5.088E-05  5.96516050125344E-02
 5.157E-05  6.10225881971424E-02
 5.227E-05  6.24249931085119E-02
 5.299E-05  6.38595366545658E-02
 5.371E-05  6.53269519795936E-02
 5.445E-05  6.68279888275098E-02
 5.519E-05  6.83634139130610E-02
 5.594E-05  6.99340113011774E-02
 5.671E-05  7.15405827946118E-02
 5.748E-05  7.31839483300559E-02
 5.826E-05  7.48649463829264E-02
 5.906E-05  7.65844343809605E-02
 5.987E-05  7.83432891268603E-02
 6.068E-05  8.01424072301288E-02
 6.151E-05  8.19827055483127E-02
 6.235E-05  8.38651216378547E-02
 6.320E-05  8.57906142147258E-02
 6.407E-05  8.77601636250878E-02
 6.494E-05  8.97747723261398E-02
 6.583E-05  9.18354653774140E-02
 6.673E-05  9.39432909426938E-02
 6.764E-05  9.60993208027839E-02
 6.856E-05  9.83046508793951E-02
 6.950E-05  1.00560401770324E-01
 7.045E-05  1.02867719296164E-01
 7.141E-05  1.05227775058813E-01
 7.238E-05  1.07641767012019E-01
 7.337E-05  1.10110920044161E-01
 7.437E-05  1.12636486573575E-01
 7.539E-05  1.15219747156655E-01
 7.642E-05  1.17862011108979E-01
 7.746E-05  1.20564617139727E-01
 7.852E-05  1.23328933999693E-01
 7.959E-05  1.26156361143117E-01
 8.068E-05  1.29048329403653E-01
 8.178E-05  1.32006301684726E-01
 8.289E-05  1.35031773664600E-01
 8.403E-05  1.38126274516434E-01
 8.517E-05  1.41291367643618E-01
 8.634E-05  1.44528651430700E-01
 8.751E-05  1.47839760010229E-01
 8.871E-05  1.51226364045809E-01
 8.992E-05  1.54690171531682E-01
 9.115E-05  1.58232928609202E-01
 9.239E-05  1.61856420400474E-01
 9.365E-05  1.65562471859545E-01
 9.493E-05  1.69352948641475E-01
 9.623E-05  1.73229757989635E-01
 9.754E-05  1.77194849641556E-01
 9.887E-05  1.81250216753746E-01
 1.002E-04  1.85397896845813E-01
 1.016E-04  1.89639972764280E-01
 1.030E-04  1.93978573666391E-01
 1.044E-04  1.98415876024427E-01
 1.058E-04  2.02954104650848E-01
 1.073E-04  2.07595533744590E-01
 1.087E-04  2.12342487959084E-01
 1.102E-04  2.17197343492250E-01
 1.117E-04  2.22162529198977E-01
 1.132E-04  2.27240527726437E-01
 1.148E-04  2.32433876672716E-01
 1.163E-04  2.37745169769230E-01
 1.179E-04  2.43177058087200E-01
 1.195E-04  2.48732251268845E-01
 1.212E-04  2.54413518783630E-01
 1.228E-04  2.60223691209960E-01
 1.245E-04  2.66165661543005E-01
 1.262E-04  2.72242386528865E-01
 1.279E-04  2.78456888025743E-01
 1.297E-04  2.84812254392554E-01
 1.314E-04  2.91311641905384E-01
 1.332E-04  2.97958276202447E-01
 1.351E-04  3.04755453757909E-01
 1.369E-04  3.11706543385132E-01
 1.388E-04  3.18814987769881E-01
 1.407E-04  3.26084305034001E-01
 1.426E-04  3.33518090330029E-01
 1.445E-04  3.41120017467426E-01
 1.465E-04  3.48893840570778E-01
 1.485E-04  3.56843395770623E-01
 1.505E-04  3.64972602927496E-01
 1.526E-04  3.73285467389607E-01
 1.547E-04  3.81786081784895E-01
 1.568E-04  3.90478627847788E-01
 1.589E-04  3.99367378281521E-01
 1.611E-04  4.08456698656387E-01
 1.633E-04  4.17751049344536E-01
 1.655E-04  4.27254987492023E-01
 1.678E-04  4.36973169028557E-01
 1.701E-04  4.46910350715598E-01
 1.724E-04  4.57071392233470E-01
 1.748E-04  4.67461258307995E-01
 1.771E-04  4.78085020877318E-01
 1.796E-04  4.88947861299511E-01
 1.820E-04  5.00055072601569E-01
 1.845E-04  5.11412061770482E-01
 1.870E-04  5.23024352086895E-01
 1.896E-04  5.34897585502055E-01
 1.922E-04  5.47037525058627E-01
 1.948E-04  5.59450057356111E-01
 1.974E-04  5.72141195061397E-01
 2.001E-04  5.85117079464992E-01
 2.029E-04  5.98383983083766E-01
 2.056E-04  6.11948312310736E-01
 2.084E-04  6.25816610112544E-01
 2.113E-04  6.39995558775179E-01
 2.142E-04  6.54491982698618E-01
 2.171E-04  6.69312851241154E-01
 2.201E-04  6.84465281613807E-01
 2.231E-04  6.99956541825538E-01
 2.261E-04  7.15794053679913E-01
 2.292E-04  7.31985395823751E-01
 2.323E-04  7.48538306848578E-01
 2.355E-04  7.65460688445064E-01
 2.387E-04  7.82760608611460E-01
 2.420E-04  8.00446304916456E-01
 2.453E-04  8.18526187816931E-01
 2.486E-04  8.37008844031440E-01
 2.520E-04  8.55903039969600E-01
 2.555E-04  8.75217725218308E-01
 2.589E-04  8.94962036085157E-01
 2.625E-04  9.15145299199509E-01
 2.661E-04  9.35777035171844E-01
 2.697E-04  9.56866962311794E-01
 2.734E-04  9.78425000405458E-01
 2.771E-04  1.00046127455226E+00
 2.809E-04  1.02298611906195E+00
 2.847E-04  1.04601008141217E+00
 2.886E-04  1.06954392626681E+00
 2.926E-04  1.09359863955570E+00
 2.965E-04  1.11818543261588E+00
 3.006E-04  1.14331574639496E+00
 3.047E-04  1.16900125571636E+00
 3.089E-04  1.19525387360734E+00
 3.131E-04  1.22208575568964E+00
 3.174E-04  1.24950930463303E+00
 3.217E-04  1.27753717467187E+00
 3.261E-04  1.30618227618484E+00
 3.305E-04  1.33545778033798E+00
 3.350E-04  1.36537712379105E+00
 3.396E-04  1.39595401346705E+00
 3.442E-04  1.42720243138502E+00
 3.489E-04  1.45913663955607E+00
 3.537E-04  1.49177118494217E+00
 3.585E-04  1.52512090447790E+00
 3.634E-04  1.55920093015452E+00
 3.684E-04  1.59402669416626E+00
 3.734E-04  1.62961393411854E+00
 3.785E-04  1.66597869829708E+00
 3.837E-04  1.70313735099816E+00
 3.889E-04  1.74110657791916E+00
 3.942E-04  1.77990339160806E+00
 3.996E-04  1.81954513697225E+00
 4.051E-04  1.86004949684499E+00
 4.106E-04  1.90143449760897E+00
 4.162E-04  1.94371851487565E+00
 4.219E-04  1.98692027921974E+00
 4.277E-04  2.03105888196734E+00
 4.335E-04  2.07615378103603E+00
 4.394E-04  2.12222480682651E+00
 4.454E-04  2.16929216816317E+00
 4.515E-04  2.21737645828263E+00
 4.577E-04  2.26649866086838E+00
 4.639E-04  2.31668015612953E+00
 4.702E-04  2.36794272692132E+00
 4.767E-04  2.42030856490602E+00
 4.832E-04  2.47380027675149E+00
 4.898E-04  2.52844089036457E+00
 4.965E-04  2.58425386115740E+00
 5.032E-04  2.64126307834352E+00
 5.101E-04  2.69949287126111E+00
 5.171E-04  2.75896801571976E+00
 5.241E-04  2.81971374036823E+00
 5.313E-04  2.88175573307910E+00
 5.385E-04  2.94512014734706E+00
 5.459E-04  3.00983360869710E+00
 5.533E-04  3.07592322109786E+00
 5.609E-04  3.14341657337703E+00
 5.686E-04  3.21234174563366E+00
 5.763E-04  3.28272731564203E+00
 5.842E-04  3.35460236524382E+00
 5.922E-04  3.42799648672213E+00
 6.002E-04  3.50293978915205E+00
 6.084E-04  3.57946290472293E+00
 6.167E-04  3.65759699502558E+00
 6.252E-04  3.73737375729816E+00
 6.337E-04  3.81882543062532E+00
 6.423E-04  3.90198480208268E+00
 6.511E-04  3.98688521281998E+00
 6.600E-04  4.07356056407555E+00
 6.690E-04  4.16204532311466E+00
 6.782E-04  4.25237452908311E+00
 6.874E-04  4.34458379876807E+00
 6.968E-04  4.43870933225764E+00
 7.063E-04  4.53478791848946E+00
 7.160E-04  4.63285694067957E+00
 7.257E-04  4.73295438162115E+00
 7.356E-04  4.83511882884334E+00
 7.457E-04  4.93938947961925E+00
 7.559E-04  5.04580614581211E+00
 7.662E-04  5.15440925854870E+00
 7.766E-04  5.26523987270736E+00
 7.872E-04  5.37833967120792E+00
 7.980E-04  5.49375096909302E+00
 8.089E-04  5.61151671738498E+00
 8.199E-04  5.73168050670484E+00
 8.311E-04  5.85428657064147E+00
 8.425E-04  5.97937978885371E+00
 8.540E-04  6.10700568989157E+00
 8.656E-04  6.23721045371968E+00
 8.774E-04  6.37004091392757E+00
 8.894E-04  6.50554455961060E+00
 9.016E-04  6.64376953690208E+00
 9.139E-04  6.78476465014016E+00
 9.264E-04  6.92857936265082E+00
 9.390E-04  7.07526379712759E+00
 9.518E-04  7.22486873558778E+00
 9.648E-04  7.37744561888559E+00
 9.780E-04  7.53304654576062E+00
 9.913E-04  7.69172427140072E+00
 1.005E-03  7.85353220549701E+00
 1.019E-03  8.01852440976640E+00
 1.032E-03  8.18675559492046E+00
 1.047E-03  8.35828111705496E+00
 1.061E-03  8.53315697343534E+00
 1.075E-03  8.71143979765332E+00
 1.090E-03  8.89318685412641E+00
 1.105E-03  9.07845603191619E+00
 1.120E-03  9.26730583783430E+00
 1.135E-03  9.45979538881059E+00
 1.151E-03  9.65598440349302E+00
 1.167E-03  9.85593319304894E+00
 1.182E-03  1.00597026511379E+01
 1.199E-03  1.02673542430249E+01
 1.215E-03  1.04789499938017E+01
 1.232E-03  1.06945524756818E+01
 1.248E-03  1.09142247943391E+01
 1.265E-03  1.11380305742531E+01
 1.283E-03  1.13660339430272E+01
 1.300E-03  1.15982995146422E+01
 1.318E-03  1.18348923716120E+01
 1.336E-03  1.20758780460018E+01
 1.354E-03  1.23213224992729E+01
 1.373E-03  1.25712921009137E+01
 1.391E-03  1.28258536058183E+01
 1.410E-03  1.30850741303760E+01
 1.430E-03  1.33490211272258E+01
 1.449E-03  1.36177623586400E+01
 1.469E-03  1.38913658684923E+01
 1.489E-03  1.41698999527705E+01
 1.509E-03  1.44534331285879E+01
 1.530E-03  1.47420341016533E+01
 1.551E-03  1.50357717321573E+01
 1.572E-03  1.53347149990246E+01
 1.593E-03  1.56389329624950E+01
 1.615E-03  1.59484947249827E+01
 1.637E-03  1.62634693901750E+01
 1.660E-03  1.65839260203176E+01
 1.682E-03  1.69099335916475E+01
 1.705E-03  1.72415609479252E+01
 1.729E-03  1.75788767520189E+01
 1.752E-03  1.79219494354996E+01
 1.776E-03  1.82708471461968E+01
 1.800E-03  1.86256376936715E+01
 1.825E-03  1.89863884925632E+01
 1.850E-03  1.93531665037609E+01
 1.875E-03  1.97260381733592E+01
 1.901E-03  2.01050693693538E+01
 1.927E-03  2.04903253160289E+01
 1.953E-03  2.08818705260020E+01
 1.980E-03  2.12797687298766E+01
 2.007E-03  2.16840828034665E+01
 2.034E-03  2.20948746925530E+01
 2.062E-03  2.25122053351300E+01
 2.090E-03  2.29361345811090E+01
 2.118E-03  2.33667211094414E+01
 2.147E-03  2.38040223426279E+01
 2.177E-03  2.42480943585823E+01
 2.206E-03  2.46989917998189E+01
 2.236E-03  2.51567677799363E+01
 2.267E-03  2.56214737873740E+01
 2.298E-03  2.60931595864152E+01
 2.329E-03  2.65718731154201E+01
 2.361E-03  2.70576603822703E+01
 2.393E-03  2.75505653570110E+01
 2.426E-03  2.80506298616821E+01
 2.459E-03  2.85578934573282E+01
 2.493E-03  2.90723933281907E+01
 2.527E-03  2.95941641630794E+01
 2.561E-03  3.01232380339287E+01
 2.596E-03  3.06596442715548E+01
 2.632E-03  3.12034093386250E+01
 2.668E-03  3.17545566998632E+01
 2.704E-03  3.23131066895155E+01
 2.741E-03  3.28790763761134E+01
 2.778E-03  3.34524794245719E+01
 2.816E-03  3.40333259556631E+01
 2.855E-03  3.46216224029314E+01
 2.894E-03  3.52173713670964E+01
 2.933E-03  3.58205714680161E+01
 2.973E-03  3.64312171942934E+01
 3.014E-03  3.70492987506009E+01
 3.055E-03  3.76748019028201E+01
 3.097E-03  3.83077078210998E+01
 3.139E-03  3.89479929209442E+01
 3.182E-03  3.95956287024497E+01
 3.225E-03  4.02505815878282E+01
 3.269E-03  4.09128127573578E+01
 3.314E-03  4.15822779839110E+01
 3.359E-03  4.22589274662348E+01
 3.405E-03  4.29427056611536E+01
 3.452E-03  4.36335511148887E+01
 3.499E-03  4.43313962936989E+01
 3.546E-03  4.50361674140575E+01
 3.595E-03  4.57477842725942E+01
 3.644E-03  4.64661600760519E+01
 3.694E-03  4.71912012715144E+01
 3.744E-03  4.79228073771792E+01
 3.795E-03  4.86608708139682E+01
 3.847E-03  4.94052767382774E+01
 3.900E-03  5.01559028761913E+01
 3.953E-03  5.09126193595005E+01
 4.007E-03  5.16752885638726E+01
 4.061E-03  5.24437649495562E+01
 4.117E-03  5.32178949050009E+01
 4.173E-03  5.39975165938068E+01
 4.230E-03  5.47824598054270E+01
 4.288E-03  5.55725458100647E+01
 4.346E-03  5.63675872182335E+01
 4.406E-03  5.71673878454569E+01
 4.466E-03  5.79717425826092E+01
 4.527E-03  5.87804372724173E+01
 4.589E-03  5.95932485926639E+01
 4.651E-03  6.04099439466404E+01
 4.715E-03  6.12302813614380E+01
 4.779E-03  6.20540093946627E+01
 4.844E-03  6.28808670501892E+01
 4.911E-03  6.37105837035889E+01
 4.978E-03  6.45428790378802E+01
 5.046E-03  6.53774629902683E+01
 5.114E-03  6.62140357105589E+01
 5.184E-03  6.70522875319534E+01
 5.255E-03  6.78918989549342E+01
 5.327E-03  6.87325406449835E+01
 5.400E-03  6.95738734448797E+01
 5.473E-03  7.04155484023338E+01
 5.548E-03  7.12572068137400E+01
 5.624E-03  7.20984802848304E+01
 5.700E-03  7.29389908090298E+01
 5.778E-03  7.37783508643181E+01
 5.857E-03  7.46161635294133E+01
 5.937E-03  7.54520226200918E+01
 6.018E-03  7.62855128464854E+01
 6.100E-03  7.71162099921646E+01
 6.184E-03  7.79436811158437E+01
 6.268E-03  7.87674847765414E+01
 6.354E-03  7.95871712830036E+01
 6.440E-03  8.04022829682185E+01
 6.528E-03  8.12123544898230E+01
 6.617E-03  8.20169131571955E+01
 6.708E-03  8.28154792860218E+01
 6.799E-03  8.36075665810855E+01
 6.892E-03  8.43926825480304E+01
 6.986E-03  8.51703289348110E+01
 7.082E-03  8.59400022035136E+01
 7.178E-03  8.67011940332083E+01
 7.276E-03  8.74533918544453E+01
 7.376E-03  8.81960794159746E+01
 7.476E-03  8.89287373842224E+01
 7.578E-03  8.96508439760113E+01
 7.682E-03  9.03618756249434E+01
 7.787E-03  9.10613076818223E+01
 7.893E-03  9.17486151494213E+01
 8.001E-03  9.24232734518225E+01
 8.110E-03  9.30847592385015E+01
 8.221E-03  9.37325512232278E+01
 8.333E-03  9.43661310577729E+01
 8.447E-03  9.49849842403389E+01
 8.562E-03  9.55886010585000E+01
 8.679E-03  9.61764775663597E+01
 8.798E-03  9.67481165955195E+01
 8.918E-03  9.73030287993247E+01
 9.039E-03  9.78407337297429E+01
 9.163E-03  9.83607609460968E+01
 9.288E-03  9.88626511547397E+01
 9.415E-03  9.93459573786214E+01
 9.543E-03  9.98102461555412E+01
 9.674E-03  1.00255098763739E+02
 9.806E-03  1.00680112473306E+02
 9.940E-03  1.01084901821747E+02
 1.008E-02  1.01469099911835E+02
 1.021E-02  1.01832359729737E+02
 1.035E-02  1.02174355481211E+02
 1.049E-02  1.02494783943479E+02
 1.064E-02  1.02793365830184E+02
 1.078E-02  1.03069847166668E+02
 1.093E-02  1.03324000672589E+02
 1.108E-02  1.03555627148691E+02
 1.123E-02  1.03764556864355E+02
 1.138E-02  1.03950650942336E+02
 1.154E-02  1.04113802736882E+02
 1.170E-02  1.04253939201244E+02
 1.186E-02  1.04371022240336E+02
 1.202E-02  1.04465050044143E+02
 1.218E-02  1.04536058397227E+02
 1.235E-02  1.04584121959504E+02
 1.252E-02  1.04609355513253E+02
 1.269E-02  1.04611915171116E+02
 1.286E-02  1.04591999539679E+02
 1.304E-02  1.04549850833004E+02
 1.321E-02  1.04485755930357E+02
 1.339E-02  1.04400047372153E+02
 1.358E-02  1.04293104288039E+02
 1.376E-02  1.04165353250852E+02
 1.395E-02  1.04017269050074E+02
 1.414E-02  1.03849375378315E+02
 1.433E-02  1.03662245424200E+02
 1.453E-02  1.03456502365035E+02
 1.473E-02  1.03232819752491E+02
 1.493E-02  1.02991921784567E+02
 1.513E-02  1.02734583457047E+02
 1.534E-02  1.02461630587691E+02
 1.555E-02  1.02173939706429E+02
 1.576E-02  1.01872437804911E+02
 1.598E-02  1.01558101938839E+02
 1.619E-02  1.01231958676666E+02
 1.642E-02  1.00895083388383E+02
 1.664E-02  1.00548599368333E+02
 1.687E-02  1.00193676786215E+02
 1.710E-02  9.98315314607360E+01
 1.733E-02  9.94634234506472E+01
 1.757E-02  9.90906554583010E+01
 1.781E-02  9.87145710412290E+01
 1.805E-02  9.83365526277070E+01
 1.830E-02  9.79580193327472E+01
 1.855E-02  9.75804245715023E+01
 1.880E-02  9.72052534676406E+01
 1.906E-02  9.68340200548811E+01
 1.932E-02  9.64682642705532E+01
 1.958E-02  9.61095487407691E+01
 1.985E-02  9.57594553575680E+01
 2.012E-02  9.54195816492065E+01
 2.039E-02  9.50915369456370E+01
 2.067E-02  9.47769383421261E+01
 2.095E-02  9.44774064649146E+01
 2.124E-02  9.41945610438272E+01
 2.153E-02  9.39300162977690E+01
 2.182E-02  9.36853761401280E+01
 2.212E-02  9.34622292122194E+01
 2.242E-02  9.32621437540484E+01
 2.273E-02  9.30866623228491E+01
 2.304E-02  9.29372963710608E+01
 2.335E-02  9.28155206966292E+01
 2.367E-02  9.27227677797616E+01
 2.400E-02  9.26604220215236E+01
 2.432E-02  9.26298139009306E+01
 2.466E-02  9.26322140684494E+01
 2.499E-02  9.26688273950908E+01
 2.533E-02  9.27407869975217E+01
 2.568E-02  9.28491482608621E+01
 2.603E-02  9.29948828820346E+01
 2.639E-02  9.31788729577148E+01
 2.675E-02  9.34019051420570E+01
 2.711E-02  9.36646649004623E+01
 2.748E-02  9.39677308866731E+01
 2.786E-02  9.43115694714425E+01
 2.824E-02  9.46965294519043E+01
 2.862E-02  9.51228369715653E+01
 2.901E-02  9.55905906815420E+01
 2.941E-02  9.60997571742528E+01
 2.981E-02  9.66501667212561E+01
 3.022E-02  9.72415093472740E+01
 3.063E-02  9.78733312726559E+01
 3.105E-02  9.85450317566017E+01
 3.147E-02  9.92558603733806E+01
 3.190E-02  1.00004914753523E+02
 3.234E-02  1.00791138821535E+02
 3.278E-02  1.01613321561080E+02
 3.323E-02  1.02470096337743E+02
 3.368E-02  1.03359940808523E+02
 3.414E-02  1.04281177445947E+02
 3.461E-02  1.05231974703299E+02
 3.508E-02  1.06210348845782E+02
 3.556E-02  1.07214166470580E+02
 3.604E-02  1.08241147736663E+02
 3.654E-02  1.09288870322844E+02
 3.703E-02  1.10354774130022E+02
 3.754E-02  1.11436166740753E+02
 3.805E-02  1.12530229646205E+02
 3.857E-02  1.13634025247340E+02
 3.910E-02  1.14744504633597E+02
 3.963E-02  1.15858516138679E+02
 4.017E-02  1.16972814669061E+02
 4.072E-02  1.18084071796726E+02
 4.128E-02  1.19188886603260E+02
 4.184E-02  1.20283797257919E+02
 4.241E-02  1.21365293307612E+02
 4.299E-02  1.22429828651847E+02
 4.358E-02  1.23473835170759E+02
 4.417E-02  1.24493736969213E+02
 4.478E-02  1.25485965194822E+02
 4.539E-02  1.26446973382465E+02
 4.601E-02  1.27373253272629E+02
 4.664E-02  1.28261351045604E+02
 4.727E-02  1.29107883908331E+02
 4.792E-02  1.29909556965487E+02
 4.857E-02  1.30663180301328E+02
 4.924E-02  1.31365686193822E+02
 4.991E-02  1.32014146377853E+02
 5.059E-02  1.32605789269679E+02
 5.128E-02  1.33138017060561E+02
 5.198E-02  1.33608422583432E+02
 5.269E-02  1.34014805852862E+02
 5.341E-02  1.34355190175301E+02
 5.414E-02  1.34627837723767E+02
 5.488E-02  1.34831264468833E+02
 5.563E-02  1.34964254355979E+02
 5.639E-02  1.35025872618173E+02
 5.716E-02  1.35015478111996E+02
 5.794E-02  1.34932734565710E+02
 5.873E-02  1.34777620628532E+02
 5.953E-02  1.34550438611959E+02
 6.034E-02  1.34251821816382E+02
 6.116E-02  1.33882740339499E+02
 6.200E-02  1.33444505267099E+02
 6.285E-02  1.32938771151863E+02
 6.370E-02  1.32367536691694E+02
 6.457E-02  1.31733143526041E+02
 6.546E-02  1.31038273076440E+02
 6.635E-02  1.30285941366339E+02
 6.725E-02  1.29479491764999E+02
 6.817E-02  1.28622585610937E+02
 6.910E-02  1.27719190682037E+02
 7.005E-02  1.26773567491923E+02
 7.100E-02  1.25790253405607E+02
 7.197E-02  1.24774044581581E+02
 7.296E-02  1.23729975762479E+02
 7.395E-02  1.22663297952067E+02
 7.496E-02  1.21579454032531E+02
 7.598E-02  1.20484052392781E+02
 7.702E-02  1.19382838655642E+02
 7.807E-02  1.18281665609220E+02
 7.914E-02  1.17186461465386E+02
 8.022E-02  1.16103196585892E+02
 8.132E-02  1.15037848834242E+02
 8.243E-02  1.13996367728637E+02
 8.355E-02  1.12984637588199E+02
 8.469E-02  1.12008439880883E+02
 8.585E-02  1.11073414996990E+02
 8.702E-02  1.10185023686681E+02
 8.821E-02  1.09348508413326E+02
 8.941E-02  1.08568854886574E+02
 9.063E-02  1.07850754049646E+02
 9.187E-02  1.07198564804269E+02
 9.312E-02  1.06616277763776E+02
 9.440E-02  1.06107480329957E+02
 9.568E-02  1.05675323392198E+02
 9.699E-02  1.05322489948050E+02
 9.831E-02  1.05051165942546E+02
 9.966E-02  1.04863013619240E+02
 1.010E-01  1.04759147668884E+02
 1.024E-01  1.04740114451919E+02
 1.038E-01  1.04805874558428E+02
 1.052E-01  1.04955788953777E+02
 1.066E-01  1.05188608940020E+02
 1.081E-01  1.05502470142082E+02
 1.096E-01  1.05894890703952E+02
 1.111E-01  1.06362773853647E+02
 1.126E-01  1.06902414966621E+02
 1.141E-01  1.07509513225807E+02
 1.157E-01  1.08179187942671E+02
 1.173E-01  1.08905999567893E+02
 1.189E-01  1.09683975382572E+02
 1.205E-01  1.10506639821731E+02
 1.221E-01  1.11367049341459E+02
 1.238E-01  1.12257831699734E+02
 1.255E-01  1.13171229479126E+02
 1.272E-01  1.14099147637608E+02
 1.289E-01  1.15033204831992E+02
 1.307E-01  1.15964788217474E+02
 1.325E-01  1.16885111386893E+02
 1.343E-01  1.17785275074968E+02
 1.361E-01  1.18656330216506E+02
 1.380E-01  1.19489342913691E+02
 1.399E-01  1.20275460836663E+02
 1.418E-01  1.21005980553932E+02
 1.437E-01  1.21672415265287E+02
 1.457E-01  1.22266562390026E+02
 1.477E-01  1.22780570447943E+02
 1.497E-01  1.23207004659879E+02
 1.517E-01  1.23538910689006E+02
 1.538E-01  1.23769875943615E+02
 1.559E-01  1.23894087867231E+02
 1.580E-01  1.23906388652405E+02
 1.602E-01  1.23802325830763E+02
 1.624E-01  1.23578198213695E+02
 1.646E-01  1.23231096685496E+02
 1.668E-01  1.22758939383721E+02
 1.691E-01  1.22160500839794E+02
 1.714E-01  1.21435434696364E+02
 1.738E-01  1.20584289666233E+02
 1.761E-01  1.19608518450551E+02
 1.785E-01  1.18510479391063E+02
 1.810E-01  1.17293430692039E+02
 1.834E-01  1.15961517111602E+02
 1.860E-01  1.14519749089079E+02
 1.885E-01  1.12973974344029E+02
 1.911E-01  1.11330842053241E+02
 1.937E-01  1.09597759783543E+02
 1.963E-01  1.07782843430045E+02
 1.990E-01  1.05894860480724E+02
 2.017E-01  1.03943166998364E+02
 2.045E-01  1.01937638778925E+02
 2.073E-01  9.98885972107850E+01
 2.101E-01  9.78067304210659E+01
 2.130E-01  9.57030103527726E+01
 2.159E-01  9.35886064688477E+01
 2.188E-01  9.14747968258400E+01
 2.218E-01  8.93728772999021E+01
 2.248E-01  8.72940697806444E+01
 2.279E-01  8.52494301733513E+01
 2.310E-01  8.32497570666511E+01
 2.342E-01  8.13055019304768E+01
 2.374E-01  7.94266817076736E+01
 2.406E-01  7.76227946516452E+01
 2.439E-01  7.59027402418497E+01
 2.472E-01  7.42747439787344E+01
 2.506E-01  7.27462878199765E+01
 2.540E-01  7.13240469709395E+01
 2.575E-01  7.00138336844807E+01
 2.610E-01  6.88205486592067E+01
 2.646E-01  6.77481405516656E+01
 2.682E-01  6.67995740375863E+01
 2.718E-01  6.59768067710492E+01
 2.755E-01  6.52807754993954E+01
 2.793E-01  6.47113914968026E+01
 2.831E-01  6.42675453819638E+01
 2.870E-01  6.39471212861327E+01
 2.909E-01  6.37470202384727E+01
 2.949E-01  6.36631925368790E+01
 2.989E-01  6.36906787757257E+01
 3.030E-01  6.38236591083031E+01
 3.071E-01  6.40555102321982E+01
 3.113E-01  6.43788695016498E+01
 3.156E-01  6.47857054930365E+01
 3.199E-01  6.52673942791809E+01
 3.242E-01  6.58148006060466E+01
 3.287E-01  6.64183631126042E+01
 3.331E-01  6.70681826919630E+01
 3.377E-01  6.77541130600341E+01
 3.423E-01  6.84658525775944E+01
 3.470E-01  6.91930363630730E+01
 3.517E-01  6.99253277369408E+01
 3.565E-01  7.06525080542924E+01
 3.614E-01  7.13645640099128E+01
 3.663E-01  7.20517715394633E+01
 3.713E-01  7.27047754908134E+01
 3.764E-01  7.33146643002280E+01
 3.815E-01  7.38730389781256E+01
 3.867E-01  7.43720757873251E+01
 3.920E-01  7.48045820818340E+01
 3.974E-01  7.51640448649141E+01
 4.028E-01  7.54446717199244E+01
 4.083E-01  7.56414238647764E+01
 4.139E-01  7.57500411792069E+01
 4.195E-01  7.57670591519675E+01
 4.252E-01  7.56898177909719E+01
 4.311E-01  7.55164626320572E+01
 4.369E-01  7.52459380699965E+01
 4.429E-01  7.48779733176066E+01
 4.489E-01  7.44130613742004E+01
 4.551E-01  7.38524314523854E+01
 4.613E-01  7.31980153716282E+01
 4.676E-01  7.24524084775670E+01
 4.740E-01  7.16188256874373E+01
 4.804E-01  7.07010532940060E+01
 4.870E-01  6.97033971830865E+01
 4.936E-01  6.86306281331918E+01
 5.004E-01  6.74879248704574E+01
 5.072E-01  6.62808155480537E+01
 5.141E-01  6.50151183074338E+01
 5.212E-01  6.36968815595334E+01
 5.283E-01  6.23323245981464E+01
 5.355E-01  6.09277791258695E+01
 5.428E-01  5.94896322360187E+01
 5.502E-01  5.80242713525511E+01
 5.577E-01  5.65380315850695E+01
 5.653E-01  5.50371459082253E+01
 5.731E-01  5.35276985250175E+01
 5.809E-01  5.20155817223492E+01
 5.888E-01  5.05064564754139E+01
 5.969E-01  4.90057170057052E+01
 6.050E-01  4.75184594462416E+01
 6.133E-01  4.60494547175301E+01
 6.216E-01  4.46031256693282E+01
 6.301E-01  4.31835284968439E+01
 6.387E-01  4.17943383960092E+01
 6.474E-01  4.04388393812052E+01
 6.563E-01  3.91199181505803E+01
 6.652E-01  3.78400618491166E+01
 6.743E-01  3.66013595480473E+01
 6.835E-01  3.54055072312513E+01
 6.929E-01  3.42538160549436E+01
 7.023E-01  3.31472236264013E+01
 7.119E-01  3.20863080306351E+01
 7.216E-01  3.10713043208132E+01
 7.315E-01  3.01021231788087E+01
 7.415E-01  2.91783714463955E+01
 7.516E-01  2.82993742252187E+01
 7.618E-01  2.74641982445720E+01
 7.723E-01  2.66716762000362E+01
 7.828E-01  2.59204317729526E+01
 7.935E-01  2.52089050503006E+01
 8.043E-01  2.45353780765496E+01
 8.153E-01  2.38980002832035E+01
 8.264E-01  2.32948135577677E+01
 8.377E-01  2.27237767314518E+01
 8.491E-01  2.21827892837944E+01
 8.607E-01  2.16697140822690E+01
 8.725E-01  2.11823989955247E+01
 8.844E-01  2.07186972399607E+01
 8.965E-01  2.02764863405792E+01
 9.087E-01  1.98536856082557E+01
 9.211E-01  1.94482720564996E+01
 9.337E-01  1.90582947012341E+01
 9.464E-01  1.86818872069189E+01
 9.594E-01  1.83172788613122E+01
 9.725E-01  1.79628038791600E+01
 9.857E-01  1.76169090519923E+01
 9.992E-01  1.72781597768775E+01
 1.013E+00  1.69452445113594E+01
 1.027E+00  1.66169777147845E+01
 1.041E+00  1.62923013477857E+01
 1.055E+00  1.59702850117674E+01
 1.069E+00  1.56501248188236E+01
 1.084E+00  1.53311410896159E+01
 1.099E+00  1.50127749823425E+01
 1.114E+00  1.46945841600837E+01
 1.129E+00  1.43762376065514E+01
 1.144E+00  1.40575097016537E+01
 1.160E+00  1.37382736683885E+01
 1.176E+00  1.34184945014763E+01
 1.192E+00  1.30982214859222E+01
 1.208E+00  1.27775804104644E+01
 1.225E+00  1.24567655767200E+01
 1.241E+00  1.21360316998883E+01
 1.258E+00  1.18156857912326E+01
 1.275E+00  1.14960791063421E+01
 1.293E+00  1.11775992364880E+01
 1.310E+00  1.08606624133483E+01
 1.328E+00  1.05457060900766E+01
 1.347E+00  1.02331818542537E+01
 1.365E+00  9.92354872075702E+00
 1.384E+00  9.61726684512575E+00
 1.402E+00  9.31479169065249E+00
 1.422E+00  9.01656867527519E+00
 1.441E+00  8.72302831744569E+00
 1.461E+00  8.43458189356213E+00
 1.481E+00  8.15161761332716E+00
 1.501E+00  7.87449731356998E+00
 1.521E+00  7.60355366568073E+00
 1.542E+00  7.33908788687626E+00
 1.563E+00  7.08136794106447E+00
 1.584E+00  6.83062721111073E+00
 1.606E+00  6.58706362084023E+00
 1.628E+00  6.35083918213264E+00
 1.650E+00  6.12207993997520E+00
 1.673E+00  5.90087628632470E+00
 1.696E+00  5.68728361207510E+00
 1.719E+00  5.48132326531519E+00
 1.742E+00  5.28298378336862E+00
 1.766E+00  5.09222236581227E+00
 1.790E+00  4.90896655574083E+00
 1.815E+00  4.73311609695719E+00
 1.839E+00  4.56454493548843E+00
 1.864E+00  4.40310333482593E+00
 1.890E+00  4.24862007553057E+00
 1.916E+00  4.10090471130008E+00
 1.942E+00  3.95974985523032E+00
 1.968E+00  3.82493347178422E+00
 1.995E+00  3.69622115187971E+00
 2.022E+00  3.57336835048924E+00
 2.050E+00  3.45612256818028E+00
 2.078E+00  3.34422546008976E+00
 2.106E+00  3.23741485788978E+00
 2.135E+00  3.13542669234380E+00
 2.164E+00  3.03799680604968E+00
 2.194E+00  2.94486264789936E+00
 2.224E+00  2.85576484263831E+00
 2.254E+00  2.77044863066710E+00
 2.285E+00  2.68866517488038E+00
 2.316E+00  2.61017273287730E+00
 2.348E+00  2.53473769429499E+00
 2.380E+00  2.46213548430811E+00
 2.412E+00  2.39215133550224E+00
 2.445E+00  2.32458093136473E+00
 2.479E+00  2.25923092554655E+00
 2.513E+00  2.19591934183431E+00
 2.547E+00  2.13447586043813E+00
 2.582E+00  2.07474199675212E+00
 2.617E+00  2.01657117918707E+00
 2.653E+00  1.95982873301523E+00
 2.689E+00  1.90439177741148E+00
 2.725E+00  1.85014904303186E+00
 2.763E+00  1.79700061754551E+00
 2.800E+00  1.74485762653792E+00
 2.839E+00  1.69364185713859E+00
 2.877E+00  1.64328533160247E+00
 2.917E+00  1.59372983789863E+00
 2.956E+00  1.54492642413802E+00
 2.997E+00  1.49683486341236E+00
 3.038E+00  1.44942309532286E+00
 3.079E+00  1.40266665015792E+00
 3.121E+00  1.35654806133759E+00
 3.164E+00  1.31105627138546E+00
 3.207E+00  1.26618603631932E+00
 3.251E+00  1.22193733297653E+00
 3.295E+00  1.17831477341040E+00
 3.340E+00  1.13532703011588E+00
 3.386E+00  1.09298627546762E+00
 3.432E+00  1.05130763838565E+00
 3.479E+00  1.01030868088437E+00
 3.526E+00  9.70008896813190E-01
 3.575E+00  9.30429234761637E-01
 3.623E+00  8.91591646781505E-01
 3.673E+00  8.53518664273583E-01
 3.723E+00  8.16233002097728E-01
 3.774E+00  7.79757191693391E-01
 3.825E+00  7.44113243743192E-01
 3.878E+00  7.09322340675018E-01
 3.930E+00  6.75404559078222E-01
 3.984E+00  6.42378621906628E-01
 4.039E+00  6.10261680154807E-01
 4.094E+00  5.79069123523926E-01
 4.150E+00  5.48814419438905E-01
 4.206E+00  5.19508979638941E-01
 4.264E+00  4.91162053438022E-01
 4.322E+00  4.63780646640219E-01
 4.381E+00  4.37369464995633E-01
 4.441E+00  4.11930880996163E-01
 4.501E+00  3.87464922735311E-01
 4.563E+00  3.63969283492311E-01
 4.625E+00  3.41439350647578E-01
 4.688E+00  3.19868252493346E-01
 4.752E+00  2.99246921469904E-01
 4.817E+00  2.79564172333907E-01
 4.883E+00  2.60806793750317E-01
 4.950E+00  2.42959651793523E-01
 5.017E+00  2.26005803845802E-01
 5.086E+00  2.09926621392338E-01
 5.155E+00  1.94701920231308E-01
 5.225E+00  1.80310096644873E-01
 5.297E+00  1.66728268112076E-01
 5.369E+00  1.53932417187401E-01
 5.442E+00  1.41897537218768E-01
 5.517E+00  1.30597778635784E-01
 5.592E+00  1.20006594602636E-01
 5.668E+00  1.10096884899764E-01
 5.746E+00  1.00841136973762E-01
 5.824E+00  9.22115631753566E-02
 5.904E+00  8.41802332900375E-02
 5.984E+00  7.67192015543335E-02
 6.066E+00  6.98006274420454E-02
 6.149E+00  6.33968895981332E-02
 6.233E+00  5.74806923925736E-02
 6.318E+00  5.20251646614686E-02
 6.404E+00  4.70039502970976E-02
 6.491E+00  4.23912904415788E-02
 6.580E+00  3.81620971294671E-02
 6.670E+00  3.42920183121153E-02
 6.761E+00  3.07574942801676E-02
 6.853E+00  2.75358055794011E-02
 6.947E+00  2.46051125886083E-02
 7.042E+00  2.19444869957435E-02
 7.138E+00  1.95339354696372E-02
 7.235E+00  1.73544158788261E-02
 7.334E+00  1.53878464561563E-02
 7.434E+00  1.36171083476154E-02
 7.536E+00  1.20260420162492E-02
 7.639E+00  1.05994379970628E-02
 7.743E+00  9.32302251660966E-03
 7.849E+00  8.18343850177914E-03
 7.956E+00  7.16822250639916E-03
 8.064E+00  6.26577808208819E-03
 8.174E+00  5.46534611176808E-03
 8.286E+00  4.75697261091552E-03
 8.399E+00  4.13147448354545E-03
 8.514E+00  3.58040369768589E-03
 8.630E+00  3.09601031933669E-03
 8.748E+00  2.67120481523455E-03
 8.867E+00  2.29952000379774E-03
 8.988E+00  1.97507300100620E-03
 9.111E+00  1.69252747427610E-03
 9.235E+00  1.44705648316666E-03
 9.362E+00  1.23430615152953E-03
 9.489E+00  1.05036038194777E-03
 9.619E+00  8.91706790435299E-04
 9.750E+00  7.55204007747281E-04
 9.883E+00  6.38050463600252E-04
 1.002E+01  5.37754741878157E-04
 1.016E+01  4.52107568708859E-04
 1.029E+01  3.79155471286182E-04
 1.043E+01  3.17176123584414E-04
 1.058E+01  2.64655375717690E-04
 1.072E+01  2.20265946644532E-04
 1.087E+01  1.82847745178098E-04
 1.102E+01  1.51389771771101E-04
 1.117E+01  1.25013543207542E-04
 1.132E+01  1.02957974034092E-04
 1.147E+01  8.45656421656350E-05
 1.163E+01  6.92703614512592E-05
 1.179E+01  5.65859809282752E-05
 1.195E+01  4.60963288564392E-05
 1.211E+01  3.74462192444052E-05
 1.228E+01  3.03334392889824E-05
 1.245E+01  2.45016377830442E-05
 1.262E+01  1.97340369546893E-05
 1.279E+01  1.58478932321669E-05
 1.296E+01  1.26896359501588E-05
 1.314E+01  1.01306168987594E-05
 1.332E+01  8.06340775453519E-06
 1.350E+01  6.39858672357331E-06
 1.368E+01  5.06196008214682E-06
 1.387E+01  3.99216864658735E-06
 1.406E+01  3.13863347707372E-06
 1.425E+01  2.45979926845966E-06
 1.445E+01  1.92163786358727E-06
 1.464E+01  1.49637810894077E-06
 1.484E+01  1.16143183581054E-06
 1.505E+01  8.98489076845285E-07
 1.525E+01  6.92758709151859E-07
 1.546E+01  5.32333547839807E-07
 1.567E+01  4.07661500269533E-07
 1.589E+01  3.11108564340548E-07
 1.610E+01  2.36607542204802E-07
 1.632E+01  1.79323348854966E-07
 1.655E+01  1.35431966918629E-07
 1.677E+01  1.01921536775701E-07
 1.700E+01  7.64285128948277E-08
 1.723E+01  5.71049363312866E-08
 1.747E+01  4.25113313855979E-08
 1.771E+01  3.15306175059815E-08
 1.795E+01  2.32991857610195E-08
 1.819E+01  1.71519368666707E-08
 1.844E+01  1.25786282485186E-08
 1.869E+01  9.18934323841947E-09
 1.895E+01  6.68728740800370E-09
 1.921E+01  4.84744529229191E-09
 1.947E+01  3.49990435495508E-09
 1.974E+01  2.51687998220180E-09
 2.000E+01  1.80266260713464E-09
 2.028E+01  1.28586192472592E-09
 2.055E+01  9.13448918372351E-10
 2.084E+01  6.46198710839349E-10
 2.112E+01  4.55220047159868E-10
 2.141E+01  3.19323901495271E-10
 2.170E+01  2.23037144000267E-10
 2.200E+01  1.55109824310270E-10
 2.230E+01  1.07398448498644E-10
 2.260E+01  7.40343294777106E-11
 2.291E+01  5.08070689454578E-11
 2.322E+01  3.47096265943452E-11
 2.354E+01  2.36041847535453E-11
 2.386E+01  1.59778838744379E-11
 2.419E+01  1.07651001009390E-11
 2.452E+01  7.21875347107281E-12
 2.485E+01  4.81756754044913E-12
 2.519E+01  3.19956067672940E-12
 2.554E+01  2.11458234104042E-12
 2.588E+01  1.39060762882411E-12
 2.624E+01  9.09920923501531E-13
 2.660E+01  5.92371590808304E-13
 2.696E+01  3.83661293799665E-13
 2.733E+01  2.47192770828008E-13
 2.770E+01  1.58426382470045E-13
 2.808E+01  1.00993229491459E-13
 2.846E+01  6.40321623734075E-14
 2.885E+01  4.03749910823433E-14
 2.924E+01  2.53163644205273E-14
 2.964E+01  1.57844762547737E-14
 3.005E+01  9.78505565780843E-15
 3.046E+01  6.03064956145041E-15
 3.087E+01  3.69483429641524E-15
 3.130E+01  2.25018055834391E-15
 3.172E+01  1.36204602339838E-15
 3.216E+01  8.19365623772001E-16
 3.259E+01  4.89816964098130E-16
 3.304E+01  2.90949544598823E-16
 3.349E+01  1.71706228416590E-16
 3.395E+01  1.00668767325768E-16
 3.441E+01  5.86271426166602E-17
 3.488E+01  3.39118945380805E-17
 3.536E+01  1.94808521173961E-17
 3.584E+01  1.11126801055458E-17
 3.633E+01  6.29413754103173E-18
 3.683E+01  3.53924801017594E-18
 3.733E+01  1.97557328871960E-18
 3.784E+01  1.09454080594793E-18
 3.835E+01  6.01832980409871E-19
 3.888E+01  3.28377251324871E-19
 3.941E+01  1.77774858342408E-19
 3.995E+01  9.54804113890079E-20
 4.049E+01  5.08687051076652E-20
 4.104E+01  2.68797168244302E-20
 4.161E+01  1.40857768385023E-20
 4.217E+01  7.31918786566063E-21
 4.275E+01  3.77063248772494E-21
 4.333E+01  1.92565001869082E-21
 4.392E+01  9.74752509972080E-22
 4.452E+01  4.88997472898498E-22
 4.513E+01  2.43083179592266E-22
 4.575E+01  1.19723492944463E-22
 4.637E+01  5.84143800827945E-23
 4.701E+01  2.82302750342297E-23
 4.765E+01  1.35115149077813E-23
 4.830E+01  6.40361223960305E-24
 4.896E+01  3.00480853584010E-24
 4.963E+01  1.39578109502304E-24
 5.030E+01  6.41764095504414E-25
 5.099E+01  2.92040641153032E-25
 5.169E+01  1.31522358896939E-25
 5.239E+01  5.86246128033229E-26
 5.311E+01  2.58734750466591E-26
 5.383E+01  1.13191362060710E-26
 5.457E+01  4.92271253342762E-27
 5.531E+01  2.14329271971130E-27
 5.607E+01  0.00000000000000E+00
 5.683E+01  0.00000000000000E+00
 5.761E+01  0.00000000000000E+00
 5.839E+01  0.00000000000000E+00
 5.919E+01  0.00000000000000E+00
 6.000E+01  0.00000000000000E+00
