./ilogA is logfile.
./chgdenW calculation starts
rmin,rmax=  1.35E-08  2.32E+01
  23126.44915737 -13985.14319274      0.30000000    1
   1371.83356468 -15146.32923072      0.30000000    1
    845.69708653 -15725.61860141      0.30000000    1
    506.91554352 -15982.47372563      0.30000000    1
    295.04450447 -16080.49218187      0.30000000    1
    167.49652823 -16111.90195322      0.30000000    1
     94.23351078 -16120.76841125      0.30000000    1
     54.12639864 -16123.51736492      0.30000000    1
     32.61242420 -16124.61189109      0.30000000    1
     20.58271460 -16125.08894643      0.30000000    1
     13.32240756 -16125.28803273      0.30000000    1
      8.70772645 -16125.36506178      0.30000000    1
      5.71827809 -16125.39290138      0.30000000    1
      3.77234900 -16125.40265548      0.30000000    1
      2.50138017 -16125.40615354      0.30000000    1
      1.66636056 -16125.40748796      0.30000000    1
      1.11398814 -16125.40803122      0.30000000    1
      0.74655149 -16125.40826306      0.30000000    1
      0.50122619 -16125.40836486      0.30000000    1
      0.33703505 -16125.40841031      0.30000000    1
      0.22694968 -16125.40843084      0.30000000    1
      0.15302717 -16125.40844018      0.30000000    1
      0.10331579 -16125.40844446      0.30000000    1
      0.06983855 -16125.40844643      0.30000000    1
      0.04726301 -16125.40844735      0.30000000    1
      0.03201913 -16125.40844778      0.30000000    1
      0.02171317 -16125.40844798      0.30000000    1
      0.01473756 -16125.40844807      0.30000000    1
      0.01001111 -16125.40844812      0.30000000    1
      0.00680549 -16125.40844814      0.30000000    1
      0.00462940 -16125.40844815      0.30000000    1
      0.00315102 -16125.40844815      0.30000000    1
      0.00214591 -16125.40844815      0.30000000    1
      0.00146212 -16125.40844815      0.30000000    1
      0.00099663 -16125.40844816      0.30000000    1
      0.00067961 -16125.40844816      0.30000000    1
      0.00046358 -16125.40844816      0.30000000    1
      0.00000000 -16125.40844816      1.00000000    2
      0.00000000 -16125.40844815      1.00000000    3
    1   0 0  -1/2   1    2.0000      -2532.705343
    2   0 0  -1/2   1    2.0000       -437.389120
    2   1 1  -1/2   1    2.0000       -418.610222
    2   1 1  -3/2   1    4.0000       -369.525553
    3   0 0  -1/2   1    2.0000       -100.764173
    3   1 1  -1/2   1    2.0000        -92.339370
    3   1 1  -3/2   1    4.0000        -81.715660
    3   2 2  -3/2   1    4.0000        -67.449131
    3   2 2  -5/2   1    6.0000        -65.125685
    4   0 0  -1/2   1    2.0000        -20.754996
    4   1 1  -1/2   1    2.0000        -17.251632
    4   1 1  -3/2   1    4.0000        -14.779979
    4   2 2  -3/2   1    4.0000         -9.001234
    4   2 2  -5/2   1    6.0000         -8.543535
    5   0 0  -1/2   1    2.0000         -2.893523
    5   1 1  -1/2   1    2.0000         -1.850370
    5   1 1  -3/2   1    4.0000         -1.489287
    4   3 3  -5/2   1    6.0000         -1.281778
    4   3 3  -7/2   1    8.0000         -1.199411
    5   2 2  -3/2   1    1.6000         -0.189700
    5   2 2  -5/2   1    2.4000         -0.162703
    6   0 0  -1/2   1    2.0000         -0.216029
 total energy =   -1.61254084481539E+04 -4.38794939446095E+05
