line2: Z,NR,R(1),R(NR) /line3,4,...: R(N),RHO*4*PI*R(N)**2
77.00  2000  1.01365245284744E-10  6.00000000000000E+01
 1.014E-10  2.42259004092722E-11
 1.027E-10  2.47755272514213E-11
 1.042E-10  2.53376237924515E-11
 1.056E-10  3.13791462788756E-11
 1.070E-10  3.20910628970358E-11
 1.085E-10  3.28191311759668E-11
 1.100E-10  3.35637175546627E-11
 1.115E-10  3.43251967901319E-11
 1.130E-10  3.51039521398548E-11
 1.145E-10  3.59003755569522E-11
 1.161E-10  3.67148678869504E-11
 1.177E-10  3.75478390695901E-11
 1.193E-10  3.83997083451530E-11
 1.209E-10  3.92709044654583E-11
 1.226E-10  4.01618659096645E-11
 1.242E-10  4.10730411049592E-11
 1.259E-10  4.20048886522505E-11
 1.276E-10  4.29578775569895E-11
 1.294E-10  4.39324874652208E-11
 1.312E-10  4.49292089049892E-11
 1.329E-10  4.59485435332326E-11
 1.348E-10  4.69910043882641E-11
 1.366E-10  4.80571161479913E-11
 1.385E-10  4.91474153939862E-11
 1.404E-10  5.02624508815565E-11
 1.423E-10  5.14027838159324E-11
 1.442E-10  5.25689881347244E-11
 1.462E-10  5.37616507967984E-11
 1.482E-10  5.49813720776871E-11
 1.502E-10  5.62287658717185E-11
 1.523E-10  5.75044600009901E-11
 1.543E-10  5.88090965313557E-11
 1.564E-10  6.01433320955886E-11
 1.586E-10  6.15078382238589E-11
 1.607E-10  6.29033016817229E-11
 1.629E-10  6.43304248157857E-11
 1.652E-10  6.57899259071837E-11
 1.674E-10  6.72825395331115E-11
 1.697E-10  6.88090169365349E-11
 1.720E-10  7.03701264042925E-11
 1.744E-10  7.19666536537892E-11
 1.767E-10  7.35994022284451E-11
 1.792E-10  7.52691939021307E-11
 1.816E-10  7.69768690927680E-11
 1.841E-10  7.87232872853166E-11
 1.866E-10  8.05093274643645E-11
 1.891E-10  8.23358885565207E-11
 1.917E-10  8.42038898828597E-11
 1.943E-10  8.61142716216153E-11
 1.970E-10  8.80679952813745E-11
 1.997E-10  9.00660441850250E-11
 2.024E-10  9.21094239646581E-11
 2.052E-10  9.41991630677139E-11
 2.080E-10  9.63363132746058E-11
 2.108E-10  9.85219502280844E-11
 2.137E-10  1.00757173974627E-10
 2.166E-10  1.03043109518089E-10
 2.196E-10  1.05380907385926E-10
 2.226E-10  1.07771744208269E-10
 2.256E-10  1.10216823310126E-10
 2.287E-10  1.12717375317027E-10
 2.318E-10  1.15274658774398E-10
 2.350E-10  1.17889960781008E-10
 2.382E-10  1.20564597636767E-10
 2.414E-10  1.23299915505228E-10
 2.447E-10  1.26097291091132E-10
 2.481E-10  1.28958132333292E-10
 2.515E-10  1.31883879113235E-10
 2.549E-10  1.34876003979902E-10
 2.584E-10  1.37936012890791E-10
 2.619E-10  1.41065445969911E-10
 2.655E-10  1.44265878282945E-10
 2.691E-10  1.47538920629986E-10
 2.728E-10  1.50886220356258E-10
 2.765E-10  1.54309462181257E-10
 2.803E-10  1.57810369046666E-10
 2.841E-10  1.61390702983520E-10
 2.880E-10  1.65052265999057E-10
 2.919E-10  1.68796900983679E-10
 2.959E-10  1.72626492638492E-10
 2.999E-10  1.76542968423894E-10
 3.040E-10  1.80548299529660E-10
 3.082E-10  1.84644501867075E-10
 3.124E-10  1.88833637083561E-10
 3.166E-10  1.93117813600288E-10
 3.210E-10  1.97499187673388E-10
 3.253E-10  2.01979964479212E-10
 3.298E-10  2.06562399224178E-10
 3.343E-10  2.11248798279865E-10
 3.389E-10  2.16041520343823E-10
 3.435E-10  2.20942977626699E-10
 3.482E-10  2.25955637066348E-10
 3.529E-10  2.31082021569445E-10
 3.577E-10  2.36324711281271E-10
 3.626E-10  2.41686344884340E-10
 3.676E-10  2.47169620926457E-10
 3.726E-10  2.52777299178908E-10
 3.777E-10  2.58512202025483E-10
 3.828E-10  2.64377215882999E-10
 3.881E-10  2.70375292654041E-10
 3.934E-10  2.76509451212682E-10
 3.987E-10  2.82782778923932E-10
 4.042E-10  2.89198433197595E-10
 4.097E-10  2.95759643077412E-10
 4.153E-10  3.02469710866272E-10
 4.210E-10  3.09332013788284E-10
 4.267E-10  3.16350005688581E-10
 4.325E-10  3.23527218771634E-10
 4.384E-10  3.30867265379026E-10
 4.444E-10  3.38373839807578E-10
 4.505E-10  3.46050720168763E-10
 4.566E-10  3.53901770290170E-10
 4.629E-10  3.61930941660249E-10
 4.692E-10  3.70142275417137E-10
 4.756E-10  3.78539904382519E-10
 4.821E-10  3.87128055141777E-10
 4.887E-10  3.95911050171255E-10
 4.953E-10  4.04893310013721E-10
 5.021E-10  4.14079355503323E-10
 5.090E-10  4.23473810040973E-10
 5.159E-10  4.33081401921249E-10
 5.230E-10  4.42906966712245E-10
 5.301E-10  4.52955449689362E-10
 5.373E-10  4.63231908324222E-10
 5.447E-10  4.73741514830208E-10
 5.521E-10  4.84489558765608E-10
 5.596E-10  4.95481449695936E-10
 5.673E-10  5.06722719916584E-10
 5.750E-10  5.18219027237271E-10
 5.829E-10  5.29976157829625E-10
 5.908E-10  5.42000029139441E-10
 5.989E-10  5.54296692864975E-10
 6.071E-10  5.66872338002743E-10
 6.154E-10  5.79733293962579E-10
 6.238E-10  5.92886033753190E-10
 6.323E-10  6.06337177240128E-10
 6.409E-10  6.20093494477539E-10
 6.497E-10  6.34161909115640E-10
 6.585E-10  6.48549501885454E-10
 6.675E-10  6.63263514162489E-10
 6.766E-10  6.78311351611457E-10
 6.859E-10  6.93700587913604E-10
 6.952E-10  7.09438968578553E-10
 7.047E-10  7.25534414842639E-10
 7.144E-10  7.41995027655834E-10
 7.241E-10  7.58829091758900E-10
 7.340E-10  7.76045079853183E-10
 7.440E-10  7.93651656865047E-10
 7.542E-10  8.11657684306885E-10
 7.645E-10  8.30072224737269E-10
 7.749E-10  8.48904546322091E-10
 7.855E-10  8.68164127499416E-10
 7.962E-10  8.87860661750023E-10
 8.071E-10  9.08004062476028E-10
 8.181E-10  9.28604467990587E-10
 8.293E-10  9.49672246620564E-10
 8.406E-10  9.71218001924729E-10
 8.521E-10  9.93252578030887E-10
 8.637E-10  1.01578706509371E-09
 8.755E-10  1.03883280487634E-09
 8.874E-10  1.06240139645900E-09
 8.996E-10  1.08650470207679E-09
 9.118E-10  1.11115485308996E-09
 9.243E-10  1.13636425608985E-09
 9.369E-10  1.16214559914306E-09
 9.497E-10  1.18851185817746E-09
 9.627E-10  1.21547630351321E-09
 9.758E-10  1.24305250654169E-09
 9.891E-10  1.27125434655600E-09
 1.003E-09  1.30009601773664E-09
 1.016E-09  1.32959203629546E-09
 1.030E-09  1.35975724778168E-09
 1.044E-09  1.39060683455401E-09
 1.059E-09  1.42215632342182E-09
 1.073E-09  1.45442159345987E-09
 1.088E-09  1.48741888400045E-09
 1.102E-09  1.52116480280671E-09
 1.118E-09  1.55567633443145E-09
 1.133E-09  1.59097084876560E-09
 1.148E-09  1.62706610978050E-09
 1.164E-09  1.66398028446874E-09
 1.180E-09  1.70173195198762E-09
 1.196E-09  1.74034011301026E-09
 1.212E-09  1.77982419928867E-09
 1.229E-09  1.82020408343400E-09
 1.246E-09  1.86150008891833E-09
 1.263E-09  1.90373300030382E-09
 1.280E-09  1.94692407370368E-09
 1.297E-09  1.99109504748044E-09
 1.315E-09  2.03626815318701E-09
 1.333E-09  2.08246612675607E-09
 1.351E-09  2.12971221994315E-09
 1.370E-09  2.17803021202917E-09
 1.388E-09  2.22744442178902E-09
 1.407E-09  2.27797971973135E-09
 1.426E-09  2.32966154061587E-09
 1.446E-09  2.38251589625490E-09
 1.466E-09  2.43656938860526E-09
 1.486E-09  2.49184922315736E-09
 1.506E-09  2.54838322262751E-09
 1.527E-09  2.60619984096168E-09
 1.547E-09  2.66532817765653E-09
 1.568E-09  2.72579799240504E-09
 1.590E-09  2.78763972007489E-09
 1.612E-09  2.85088448602678E-09
 1.634E-09  2.91556412177986E-09
 1.656E-09  2.98171118103234E-09
 1.679E-09  3.04935895604664E-09
 1.701E-09  3.11854149440532E-09
 1.725E-09  3.18929361614715E-09
 1.748E-09  3.26165093129262E-09
 1.772E-09  3.33564985776652E-09
 1.796E-09  3.41132763972748E-09
 1.821E-09  3.48872236631303E-09
 1.846E-09  3.56787299080990E-09
 1.871E-09  3.64881935025987E-09
 1.896E-09  3.73160218550996E-09
 1.922E-09  3.81626316171716E-09
 1.949E-09  3.90284488931889E-09
 1.975E-09  3.99139094547950E-09
 2.002E-09  4.08194589602260E-09
 2.029E-09  4.17455531786113E-09
 2.057E-09  4.26926582193664E-09
 2.085E-09  4.36612507667911E-09
 2.114E-09  4.46518183199869E-09
 2.143E-09  4.56648594382141E-09
 2.172E-09  4.67008839918244E-09
 2.201E-09  4.77604134188797E-09
 2.232E-09  4.88439809875956E-09
 2.262E-09  4.99521320647372E-09
 2.293E-09  5.10854243901064E-09
 2.324E-09  5.22444283572555E-09
 2.356E-09  5.34297273005707E-09
 2.388E-09  5.46419177888687E-09
 2.421E-09  5.58816099256459E-09
 2.454E-09  5.71494276561585E-09
 2.487E-09  5.84460090814486E-09
 2.521E-09  5.97720067795070E-09
 2.556E-09  6.11280881337235E-09
 2.590E-09  6.25149356687773E-09
 2.626E-09  6.39332473941623E-09
 2.662E-09  6.53837371554977E-09
 2.698E-09  6.68671349938091E-09
 2.735E-09  6.83841875129612E-09
 2.772E-09  6.99356582554296E-09
 2.810E-09  7.15223280865983E-09
 2.848E-09  7.31449955877689E-09
 2.887E-09  7.48044774580955E-09
 2.927E-09  7.65016089256310E-09
 2.967E-09  7.82372441677058E-09
 3.007E-09  8.00122567408309E-09
 3.048E-09  8.18275400203806E-09
 3.090E-09  8.36840076502188E-09
 3.132E-09  8.55825940025397E-09
 3.175E-09  8.75242546481533E-09
 3.218E-09  8.95099668374243E-09
 3.262E-09  9.15407299921265E-09
 3.307E-09  9.36175662084564E-09
 3.352E-09  9.57415207714707E-09
 3.398E-09  9.79136626811661E-09
 3.444E-09  1.00135085190519E-08
 3.491E-09  1.02406906355737E-08
 3.539E-09  1.04730269598974E-08
 3.587E-09  1.07106344283808E-08
 3.636E-09  1.09536326303817E-08
 3.685E-09  1.12021438684451E-08
 3.736E-09  1.14562932198600E-08
 3.787E-09  1.17162085996121E-08
 3.838E-09  1.19820208247623E-08
 3.891E-09  1.22538636802887E-08
 3.944E-09  1.25318739864215E-08
 3.998E-09  1.28161916675049E-08
 4.052E-09  1.31069598224216E-08
 4.108E-09  1.34043247966153E-08
 4.164E-09  1.37084362557475E-08
 4.221E-09  1.40194472610248E-08
 4.278E-09  1.43375143462346E-08
 4.337E-09  1.46627975965311E-08
 4.396E-09  1.49954607290048E-08
 4.456E-09  1.53356711750835E-08
 4.517E-09  1.56836001648016E-08
 4.578E-09  1.60394228129789E-08
 4.641E-09  1.64033182073597E-08
 4.704E-09  1.67754694987467E-08
 4.769E-09  1.71560639931818E-08
 4.834E-09  1.75452932462188E-08
 4.900E-09  1.79433531593325E-08
 4.967E-09  1.83504440785205E-08
 5.034E-09  1.87667708951337E-08
 5.103E-09  1.91925431490018E-08
 5.173E-09  1.96279751338956E-08
 5.243E-09  2.00732860053808E-08
 5.315E-09  2.05286998911217E-08
 5.388E-09  2.09944460036838E-08
 5.461E-09  2.14707587558991E-08
 5.536E-09  2.19578778788447E-08
 5.611E-09  2.24560485425039E-08
 5.688E-09  2.29655214791590E-08
 5.765E-09  2.34865531095867E-08
 5.844E-09  2.40194056721150E-08
 5.924E-09  2.45643473546091E-08
 6.005E-09  2.51216524294537E-08
 6.087E-09  2.56916013915920E-08
 6.170E-09  2.62744810997010E-08
 6.254E-09  2.68705849205695E-08
 6.340E-09  2.74802128767519E-08
 6.426E-09  2.81036717975675E-08
 6.514E-09  2.87412754735303E-08
 6.603E-09  2.93933448142828E-08
 6.693E-09  3.00602080101085E-08
 6.784E-09  3.07422006971122E-08
 6.877E-09  3.14396661261491E-08
 6.971E-09  3.21529553355783E-08
 7.066E-09  3.28824273279490E-08
 7.162E-09  3.36284492506843E-08
 7.260E-09  3.43913965808636E-08
 7.359E-09  3.51716533142111E-08
 7.460E-09  3.59696121583565E-08
 7.562E-09  3.67856747304821E-08
 7.665E-09  3.76202517594656E-08
 7.770E-09  3.84737632925973E-08
 7.876E-09  3.93466389069914E-08
 7.983E-09  4.02393179257955E-08
 8.092E-09  4.11522496393022E-08
 8.203E-09  4.20858935310788E-08
 8.315E-09  4.30407195092226E-08
 8.428E-09  4.40172081428732E-08
 8.543E-09  4.50158509040814E-08
 8.660E-09  4.60371504151691E-08
 8.778E-09  4.70816207017010E-08
 8.898E-09  4.81497874511911E-08
 9.019E-09  4.92421882776893E-08
 9.142E-09  5.03593729923590E-08
 9.267E-09  5.15019038802008E-08
 9.394E-09  5.26703559830502E-08
 9.522E-09  5.38653173889981E-08
 9.652E-09  5.50873895283800E-08
 9.784E-09  5.63371874764718E-08
 9.917E-09  5.76153402630634E-08
 1.005E-08  5.89224911890465E-08
 1.019E-08  6.02592981501943E-08
 1.033E-08  6.16264339682798E-08
 1.047E-08  6.30245867297018E-08
 1.061E-08  6.44544601318134E-08
 1.076E-08  6.59167738370814E-08
 1.090E-08  6.74122638352999E-08
 1.105E-08  6.89416828140205E-08
 1.120E-08  7.05058005373646E-08
 1.136E-08  7.21054042334642E-08
 1.151E-08  7.37412989906689E-08
 1.167E-08  7.54143081627449E-08
 1.183E-08  7.71252737832696E-08
 1.199E-08  7.88750569894368E-08
 1.215E-08  8.06645384554571E-08
 1.232E-08  8.24946188358087E-08
 1.249E-08  8.43662192185391E-08
 1.266E-08  8.62802815888398E-08
 1.283E-08  8.82377693031638E-08
 1.301E-08  9.02396675740743E-08
 1.318E-08  9.22869839660930E-08
 1.336E-08  9.43807489028275E-08
 1.355E-08  9.65220161855798E-08
 1.373E-08  9.87118635237055E-08
 1.392E-08  1.00951393077049E-07
 1.411E-08  1.03241732010656E-07
 1.430E-08  1.05584033062063E-07
 1.450E-08  1.07979475121478E-07
 1.470E-08  1.10429263825123E-07
 1.490E-08  1.12934632162021E-07
 1.510E-08  1.15496841094563E-07
 1.531E-08  1.18117180193148E-07
 1.551E-08  1.20796968285224E-07
 1.573E-08  1.23537554119049E-07
 1.594E-08  1.26340317042524E-07
 1.616E-08  1.29206667697415E-07
 1.638E-08  1.32138048729326E-07
 1.660E-08  1.35135935513776E-07
 1.683E-08  1.38201836898757E-07
 1.706E-08  1.41337295964141E-07
 1.729E-08  1.44543890798311E-07
 1.753E-08  1.47823235292401E-07
 1.777E-08  1.51176979952566E-07
 1.801E-08  1.54606812730686E-07
 1.826E-08  1.58114459873907E-07
 1.851E-08  1.61701686793454E-07
 1.876E-08  1.65370298953166E-07
 1.901E-08  1.69122142778172E-07
 1.927E-08  1.72959106584202E-07
 1.954E-08  1.76883121527972E-07
 1.980E-08  1.80896162579105E-07
 2.007E-08  1.85000249514175E-07
 2.035E-08  1.89197447933218E-07
 2.063E-08  1.93489870299352E-07
 2.091E-08  1.97879677001975E-07
 2.119E-08  2.02369077444077E-07
 2.148E-08  2.06960331154244E-07
 2.178E-08  2.11655748923835E-07
 2.207E-08  2.16457693970036E-07
 2.237E-08  2.21368583125235E-07
 2.268E-08  2.26390888053388E-07
 2.299E-08  2.31527136494035E-07
 2.330E-08  2.36779913534488E-07
 2.362E-08  2.42151862910868E-07
 2.394E-08  2.47645688338714E-07
 2.427E-08  2.53264154873754E-07
 2.460E-08  2.59010090303519E-07
 2.494E-08  2.64886386570562E-07
 2.528E-08  2.70896001227986E-07
 2.562E-08  2.77041958927918E-07
 2.597E-08  2.83327352943827E-07
 2.633E-08  2.89755346727352E-07
 2.669E-08  2.96329175500444E-07
 2.705E-08  3.03052147883633E-07
 2.742E-08  3.09927647561233E-07
 2.779E-08  3.16959134984327E-07
 2.817E-08  3.24150149112397E-07
 2.856E-08  3.31504309194463E-07
 2.895E-08  3.39025316590599E-07
 2.934E-08  3.46716956634829E-07
 2.974E-08  3.54583100540252E-07
 3.015E-08  3.62627707347384E-07
 3.056E-08  3.70854825916725E-07
 3.098E-08  3.79268596966501E-07
 3.140E-08  3.87873255156669E-07
 3.183E-08  3.96673131220174E-07
 3.227E-08  4.05672654142575E-07
 3.271E-08  4.14876353391146E-07
 3.315E-08  4.24288861194437E-07
 3.361E-08  4.33914914873713E-07
 3.406E-08  4.43759359227149E-07
 3.453E-08  4.53827148968208E-07
 3.500E-08  4.64123351219270E-07
 3.548E-08  4.74653148061878E-07
 3.596E-08  4.85421839144843E-07
 3.645E-08  4.96434844351432E-07
 3.695E-08  5.07697706527211E-07
 3.746E-08  5.19216094269678E-07
 3.797E-08  5.30995804781174E-07
 3.849E-08  5.43042766786577E-07
 3.901E-08  5.55363043517174E-07
 3.954E-08  5.67962835762154E-07
 4.008E-08  5.80848484989460E-07
 4.063E-08  5.94026476537290E-07
 4.119E-08  6.07503442878134E-07
 4.175E-08  6.21286166956818E-07
 4.232E-08  6.35381585604257E-07
 4.290E-08  6.49796793028642E-07
 4.348E-08  6.64539044385844E-07
 4.408E-08  6.79615759430932E-07
 4.468E-08  6.95034526252279E-07
 4.529E-08  7.10803105090646E-07
 4.591E-08  7.26929432244770E-07
 4.653E-08  7.43421624065529E-07
 4.717E-08  7.60287981040845E-07
 4.781E-08  7.77536991973099E-07
 4.846E-08  7.95177338251501E-07
 4.913E-08  8.13217898221195E-07
 4.980E-08  8.31667751651673E-07
 5.048E-08  8.50536184306385E-07
 5.117E-08  8.69832692616094E-07
 5.186E-08  8.89566988458383E-07
 5.257E-08  9.09749004045283E-07
 5.329E-08  9.30388896922076E-07
 5.402E-08  9.51497055079371E-07
 5.475E-08  9.73084102181209E-07
 5.550E-08  9.95160902911647E-07
 5.626E-08  1.01773856844282E-06
 5.703E-08  1.04082846202702E-06
 5.781E-08  1.06444220471536E-06
 5.860E-08  1.08859168120661E-06
 5.940E-08  1.11328904582850E-06
 6.021E-08  1.13854672865452E-06
 6.103E-08  1.16437744175986E-06
 6.186E-08  1.19079418561927E-06
 6.271E-08  1.21781025564945E-06
 6.356E-08  1.24543924890063E-06
 6.443E-08  1.27369507089969E-06
 6.531E-08  1.30259194264825E-06
 6.620E-08  1.33214440777985E-06
 6.711E-08  1.36236733987938E-06
 6.802E-08  1.39327594996863E-06
 6.895E-08  1.42488579416141E-06
 6.989E-08  1.45721278149277E-06
 7.085E-08  1.49027318192539E-06
 7.181E-08  1.52408363453790E-06
 7.279E-08  1.55866115589876E-06
 7.379E-08  1.59402314863035E-06
 7.479E-08  1.63018741016704E-06
 7.582E-08  1.66717214171222E-06
 7.685E-08  1.70499595739841E-06
 7.790E-08  1.74367789365502E-06
 7.896E-08  1.78323741878912E-06
 8.004E-08  1.82369444278291E-06
 8.113E-08  1.86506932731373E-06
 8.224E-08  1.90738289600180E-06
 8.336E-08  1.95065644488964E-06
 8.450E-08  1.99491175315992E-06
 8.566E-08  2.04017109409606E-06
 8.683E-08  2.08645724629136E-06
 8.801E-08  2.13379350511318E-06
 8.921E-08  2.18220369442621E-06
 9.043E-08  2.23171217858236E-06
 9.167E-08  2.28234387468217E-06
 9.292E-08  2.33412426511502E-06
 9.419E-08  2.38707941038321E-06
 9.547E-08  2.44123596221680E-06
 9.677E-08  2.49662117698726E-06
 9.810E-08  2.55326292942389E-06
 9.944E-08  2.61118972664184E-06
 1.008E-07  2.67043072248894E-06
 1.022E-07  2.73101573221744E-06
 1.036E-07  2.79297524748897E-06
 1.050E-07  2.85634045171910E-06
 1.064E-07  2.92114323577108E-06
 1.079E-07  2.98741621400490E-06
 1.093E-07  3.05519274069030E-06
 1.108E-07  3.12450692679291E-06
 1.123E-07  3.19539365714061E-06
 1.139E-07  3.26788860797877E-06
 1.154E-07  3.34202826492485E-06
 1.170E-07  3.41784994133018E-06
 1.186E-07  3.49539179705682E-06
 1.202E-07  3.57469285768235E-06
 1.219E-07  3.65579303413910E-06
 1.235E-07  3.73873314279905E-06
 1.252E-07  3.82355492601496E-06
 1.269E-07  3.91030107312635E-06
 1.287E-07  3.99901524194323E-06
 1.304E-07  4.08974208071652E-06
 1.322E-07  4.18252725060658E-06
 1.340E-07  4.27741744866220E-06
 1.358E-07  4.37446043132042E-06
 1.377E-07  4.47370503843937E-06
 1.396E-07  4.57520121787626E-06
 1.415E-07  4.67900005062331E-06
 1.434E-07  4.78515377651369E-06
 1.454E-07  4.89371582051019E-06
 1.473E-07  5.00474081959045E-06
 1.494E-07  5.11828465024290E-06
 1.514E-07  5.23440445658471E-06
 1.535E-07  5.35315867911906E-06
 1.556E-07  5.47460708414458E-06
 1.577E-07  5.59881079383028E-06
 1.598E-07  5.72583231697579E-06
 1.620E-07  5.85573558046625E-06
 1.642E-07  5.98858596144219E-06
 1.665E-07  6.12445032019951E-06
 1.687E-07  6.26339703383507E-06
 1.710E-07  6.40549603065555E-06
 1.734E-07  6.55081882536655E-06
 1.757E-07  6.69943855506122E-06
 1.781E-07  6.85143001602376E-06
 1.806E-07  7.00686970136823E-06
 1.830E-07  7.16583583953144E-06
 1.855E-07  7.32840843363931E-06
 1.881E-07  7.49466930176450E-06
 1.906E-07  7.66470211809938E-06
 1.932E-07  7.83859245506187E-06
 1.959E-07  8.01642782635589E-06
 1.986E-07  8.19829773100995E-06
 2.013E-07  8.38429369841363E-06
 2.040E-07  8.57450933437516E-06
 2.068E-07  8.76904036822491E-06
 2.096E-07  8.96798470098744E-06
 2.125E-07  9.17144245464486E-06
 2.154E-07  9.37951602251861E-06
 2.183E-07  9.59231012079437E-06
 2.213E-07  9.80993184121421E-06
 2.243E-07  1.00324907049660E-05
 2.274E-07  1.02600987177931E-05
 2.305E-07  1.04928704263551E-05
 2.336E-07  1.07309229758680E-05
 2.368E-07  1.09743761690496E-05
 2.401E-07  1.12233525264032E-05
 2.433E-07  1.14779773478691E-05
 2.467E-07  1.17383787758727E-05
 2.500E-07  1.20046878598061E-05
 2.534E-07  1.22770386219676E-05
 2.569E-07  1.25555681249997E-05
 2.604E-07  1.28404165408580E-05
 2.640E-07  1.31317272213406E-05
 2.676E-07  1.34296467702208E-05
 2.712E-07  1.37343251170145E-05
 2.749E-07  1.40459155924185E-05
 2.787E-07  1.43645750054644E-05
 2.825E-07  1.46904637224204E-05
 2.863E-07  1.50237457474806E-05
 2.903E-07  1.53645888052866E-05
 2.942E-07  1.57131644253217E-05
 2.982E-07  1.60696480282172E-05
 3.023E-07  1.64342190140162E-05
 3.064E-07  1.68070608524416E-05
 3.106E-07  1.71883611752083E-05
 3.149E-07  1.75783118704328E-05
 3.192E-07  1.79771091791805E-05
 3.235E-07  1.83849537942039E-05
 3.279E-07  1.88020509609221E-05
 3.324E-07  1.92286105806876E-05
 3.369E-07  1.96648473163975E-05
 3.415E-07  2.01109807004989E-05
 3.462E-07  2.05672352454450E-05
 3.509E-07  2.10338405566525E-05
 3.557E-07  2.15110314480255E-05
 3.606E-07  2.19990480601008E-05
 3.655E-07  2.24981359808653E-05
 3.705E-07  2.30085463693174E-05
 3.756E-07  2.35305360818348E-05
 3.807E-07  2.40643678014021E-05
 3.859E-07  2.46103101697729E-05
 3.911E-07  2.51686379226249E-05
 3.965E-07  2.57396320277861E-05
 4.019E-07  2.63235798265935E-05
 4.074E-07  2.69207751784527E-05
 4.129E-07  2.75315186086854E-05
 4.186E-07  2.81561174597204E-05
 4.243E-07  2.87948860457212E-05
 4.301E-07  2.94481458107142E-05
 4.360E-07  3.01162254903033E-05
 4.419E-07  3.07994612770611E-05
 4.479E-07  3.14981969896562E-05
 4.541E-07  3.22127842458266E-05
 4.603E-07  3.29435826392741E-05
 4.665E-07  3.36909599205650E-05
 4.729E-07  3.44552921821377E-05
 4.794E-07  3.52369640475076E-05
 4.859E-07  3.60363688647583E-05
 4.926E-07  3.68539089044177E-05
 4.993E-07  3.76899955618311E-05
 5.061E-07  3.85450495641175E-05
 5.130E-07  3.94195011818144E-05
 5.200E-07  4.03137904453342E-05
 5.271E-07  4.12283673663140E-05
 5.343E-07  4.21636921639967E-05
 5.416E-07  4.31202354967414E-05
 5.490E-07  4.40984786987817E-05
 5.565E-07  4.50989140223540E-05
 5.641E-07  4.61220448853140E-05
 5.718E-07  4.71683861243757E-05
 5.796E-07  4.82384642540824E-05
 5.875E-07  4.93328177316529E-05
 5.955E-07  5.04519972278389E-05
 6.037E-07  5.15965659039177E-05
 6.119E-07  5.27670996949675E-05
 6.202E-07  5.39641875995595E-05
 6.287E-07  5.51884319760356E-05
 6.373E-07  5.64404488454858E-05
 6.460E-07  5.77208682015960E-05
 6.548E-07  5.90303343275409E-05
 6.638E-07  6.03695061200354E-05
 6.728E-07  6.17390574207540E-05
 6.820E-07  6.31396773552518E-05
 6.913E-07  6.45720706795703E-05
 7.008E-07  6.60369581347120E-05
 7.103E-07  6.75350768091431E-05
 7.200E-07  6.90671805095144E-05
 7.298E-07  7.06340401397898E-05
 7.398E-07  7.22364440889680E-05
 7.499E-07  7.38751986276018E-05
 7.602E-07  7.55511283132954E-05
 7.705E-07  7.72650764053991E-05
 7.811E-07  7.90179052891104E-05
 7.917E-07  8.08104969091820E-05
 8.025E-07  8.26437532134668E-05
 8.135E-07  8.45185966065199E-05
 8.246E-07  8.64359704134769E-05
 8.358E-07  8.83968393544485E-05
 8.473E-07  9.04021900296820E-05
 8.588E-07  9.24530314156991E-05
 8.705E-07  9.45503953726957E-05
 8.824E-07  9.66953371634469E-05
 8.945E-07  9.88889359839653E-05
 9.067E-07  1.01132295506183E-04
 9.191E-07  1.03426544432944E-04
 9.316E-07  1.05772837065590E-04
 9.443E-07  1.08172353884381E-04
 9.572E-07  1.10626302142089E-04
 9.703E-07  1.13135916471053E-04
 9.835E-07  1.15702459503979E-04
 9.970E-07  1.18327222508823E-04
 1.011E-06  1.21011526038053E-04
 1.024E-06  1.23756720592638E-04
 1.038E-06  1.26564187301080E-04
 1.053E-06  1.29435338613825E-04
 1.067E-06  1.32371619013446E-04
 1.081E-06  1.35374505740874E-04
 1.096E-06  1.38445509538135E-04
 1.111E-06  1.41586175407886E-04
 1.126E-06  1.44798083390175E-04
 1.142E-06  1.48082849356812E-04
 1.157E-06  1.51442125823736E-04
 1.173E-06  1.54877602781790E-04
 1.189E-06  1.58391008546328E-04
 1.205E-06  1.61984110626064E-04
 1.222E-06  1.65658716611623E-04
 1.239E-06  1.69416675084223E-04
 1.255E-06  1.73259876544944E-04
 1.273E-06  1.77190254365058E-04
 1.290E-06  1.81209785757887E-04
 1.308E-06  1.85320492772690E-04
 1.325E-06  1.89524443311063E-04
 1.344E-06  1.93823752166397E-04
 1.362E-06  1.98220582086819E-04
 1.380E-06  2.02717144862292E-04
 1.399E-06  2.07315702436315E-04
 1.418E-06  2.12018568042776E-04
 1.438E-06  2.16828107368651E-04
 1.457E-06  2.21746739742943E-04
 1.477E-06  2.26776939352617E-04
 1.497E-06  2.31921236486076E-04
 1.518E-06  2.37182218804786E-04
 1.539E-06  2.42562532643727E-04
 1.560E-06  2.48064884341291E-04
 1.581E-06  2.53692041599334E-04
 1.603E-06  2.59446834873985E-04
 1.624E-06  2.65332158798008E-04
 1.647E-06  2.71350973635371E-04
 1.669E-06  2.77506306768726E-04
 1.692E-06  2.83801254220655E-04
 1.715E-06  2.90238982209313E-04
 1.738E-06  2.96822728739284E-04
 1.762E-06  3.03555805228553E-04
 1.786E-06  3.10441598172275E-04
 1.811E-06  3.17483570844208E-04
 1.835E-06  3.24685265036705E-04
 1.860E-06  3.32050302840113E-04
 1.886E-06  3.39582388462480E-04
 1.911E-06  3.47285310090400E-04
 1.938E-06  3.55162941792118E-04
 1.964E-06  3.63219245463628E-04
 1.991E-06  3.71458272818839E-04
 2.018E-06  3.79884167424905E-04
 2.046E-06  3.88501166783546E-04
 2.073E-06  3.97313604459512E-04
 2.102E-06  4.06325912257244E-04
 2.130E-06  4.15542622446869E-04
 2.160E-06  4.24968370040506E-04
 2.189E-06  4.34607895120132E-04
 2.219E-06  4.44466045218209E-04
 2.249E-06  4.54547777752164E-04
 2.280E-06  4.64858162513896E-04
 2.311E-06  4.75402384215784E-04
 2.343E-06  4.86185745094259E-04
 2.375E-06  4.97213667572271E-04
 2.407E-06  5.08491696982134E-04
 2.440E-06  5.20025504349822E-04
 2.473E-06  5.31820889242467E-04
 2.507E-06  5.43883782680194E-04
 2.541E-06  5.56220250113890E-04
 2.576E-06  5.68836494470384E-04
 2.611E-06  5.81738859266455E-04
 2.647E-06  5.94933831793427E-04
 2.683E-06  6.08428046373768E-04
 2.719E-06  6.22228287691354E-04
 2.757E-06  6.36341494197101E-04
 2.794E-06  6.50774761591749E-04
 2.832E-06  6.65535346387262E-04
 2.871E-06  6.80630669549010E-04
 2.910E-06  6.96068320220162E-04
 2.950E-06  7.11856059530464E-04
 2.990E-06  7.28001824491151E-04
 3.031E-06  7.44513731977898E-04
 3.072E-06  7.61400082804014E-04
 3.114E-06  7.78669365885542E-04
 3.157E-06  7.96330262500834E-04
 3.200E-06  8.14391650646282E-04
 3.244E-06  8.32862609490617E-04
 3.288E-06  8.51752423929923E-04
 3.333E-06  8.71070589245631E-04
 3.378E-06  8.90826815868054E-04
 3.424E-06  9.11031034247307E-04
 3.471E-06  9.31693399834624E-04
 3.519E-06  9.52824298176216E-04
 3.567E-06  9.74434350122258E-04
 3.615E-06  9.96534417153719E-04
 3.665E-06  1.01913560682954E-03
 3.715E-06  1.04224927835709E-03
 3.765E-06  1.06588704828832E-03
 3.817E-06  1.09006079634482E-03
 3.869E-06  1.11478267137462E-03
 3.922E-06  1.14006509744346E-03
 3.975E-06  1.16592078006370E-03
 4.030E-06  1.19236271256423E-03
 4.085E-06  1.21940418260409E-03
 4.140E-06  1.24705877883341E-03
 4.197E-06  1.27534039770482E-03
 4.254E-06  1.30426325043859E-03
 4.312E-06  1.33384187014563E-03
 4.371E-06  1.36409111911082E-03
 4.431E-06  1.39502619624110E-03
 4.491E-06  1.42666264468210E-03
 4.553E-06  1.45901635960624E-03
 4.615E-06  1.49210359617731E-03
 4.678E-06  1.52594097769459E-03
 4.742E-06  1.56054550392074E-03
 4.806E-06  1.59593455959823E-03
 4.872E-06  1.63212592315786E-03
 4.938E-06  1.66913777562369E-03
 5.006E-06  1.70698870971929E-03
 5.074E-06  1.74569773917955E-03
 5.144E-06  1.78528430827252E-03
 5.214E-06  1.82576830153640E-03
 5.285E-06  1.86717005373625E-03
 5.357E-06  1.90951036004535E-03
 5.430E-06  1.95281048645637E-03
 5.504E-06  1.99709218042747E-03
 5.579E-06  2.04237768176873E-03
 5.656E-06  2.08868973377412E-03
 5.733E-06  2.13605159460467E-03
 5.811E-06  2.18448704892826E-03
 5.890E-06  2.23402041982242E-03
 5.971E-06  2.28467658094518E-03
 6.052E-06  2.33648096898046E-03
 6.135E-06  2.38945959636446E-03
 6.219E-06  2.44363906429893E-03
 6.304E-06  2.49904657605753E-03
 6.390E-06  2.55570995059269E-03
 6.477E-06  2.61365763644881E-03
 6.565E-06  2.67291872598947E-03
 6.655E-06  2.73352296994543E-03
 6.746E-06  2.79550079228969E-03
 6.838E-06  2.85888330544906E-03
 6.931E-06  2.92370232585748E-03
 7.026E-06  2.98999038986003E-03
 7.122E-06  3.05778076997606E-03
 7.219E-06  3.12710749152754E-03
 7.318E-06  3.19800534964257E-03
 7.418E-06  3.27050992664200E-03
 7.519E-06  3.34465760981777E-03
 7.622E-06  3.42048560961064E-03
 7.726E-06  3.49803197819847E-03
 7.831E-06  3.57733562850231E-03
 7.938E-06  3.65843635362045E-03
 8.046E-06  3.74137484670037E-03
 8.156E-06  3.82619272125694E-03
 8.268E-06  3.91293253194932E-03
 8.380E-06  4.00163779582450E-03
 8.495E-06  4.09235301403877E-03
 8.611E-06  4.18512369406800E-03
 8.728E-06  4.27999637241802E-03
 8.848E-06  4.37701863784563E-03
 8.968E-06  4.47623915510087E-03
 9.091E-06  4.57770768920457E-03
 9.215E-06  4.68147513027152E-03
 9.341E-06  4.78759351889063E-03
 9.468E-06  4.89611607207672E-03
 9.597E-06  5.00709720980544E-03
 9.729E-06  5.12059258214418E-03
 9.861E-06  5.23665909699246E-03
 9.996E-06  5.35535494844634E-03
 1.013E-05  5.47673964579946E-03
 1.027E-05  5.60087404319538E-03
 1.041E-05  5.72782036994591E-03
 1.055E-05  5.85764226153089E-03
 1.070E-05  5.99040479129297E-03
 1.084E-05  6.12617450284427E-03
 1.099E-05  6.26501944320123E-03
 1.114E-05  6.40700919666119E-03
 1.129E-05  6.55221491944148E-03
 1.145E-05  6.70070937509340E-03
 1.160E-05  6.85256697071171E-03
 1.176E-05  7.00786379395675E-03
 1.192E-05  7.16667765090557E-03
 1.209E-05  7.32908810475225E-03
 1.225E-05  7.49517651537570E-03
 1.242E-05  7.66502607979497E-03
 1.259E-05  7.83872187352933E-03
 1.276E-05  8.01635089288742E-03
 1.293E-05  8.19800209820198E-03
 1.311E-05  8.38376645803396E-03
 1.329E-05  8.57373699436537E-03
 1.347E-05  8.76800882880479E-03
 1.365E-05  8.96667922982853E-03
 1.384E-05  9.16984766107591E-03
 1.403E-05  9.37761583072815E-03
 1.422E-05  9.59008774199030E-03
 1.442E-05  9.80736974470406E-03
 1.461E-05  1.00295705881126E-02
 1.481E-05  1.02568014748068E-02
 1.501E-05  1.04891761158780E-02
 1.522E-05  1.07268107873004E-02
 1.543E-05  1.09698243875779E-02
 1.564E-05  1.12183384966759E-02
 1.585E-05  1.14724774362683E-02
 1.607E-05  1.17323683313328E-02
 1.629E-05  1.19981411731212E-02
 1.651E-05  1.22699288835323E-02
 1.673E-05  1.25478673809238E-02
 1.696E-05  1.28320956473935E-02
 1.719E-05  1.31227557975583E-02
 1.743E-05  1.34199931488693E-02
 1.767E-05  1.37239562934952E-02
 1.791E-05  1.40347971718031E-02
 1.815E-05  1.43526711474846E-02
 1.840E-05  1.46777370843484E-02
 1.865E-05  1.50101574248275E-02
 1.891E-05  1.53500982702349E-02
 1.916E-05  1.56977294628019E-02
 1.943E-05  1.60532246695453E-02
 1.969E-05  1.64167614680012E-02
 1.996E-05  1.67885214338652E-02
 2.023E-05  1.71686902305786E-02
 2.051E-05  1.75574577009112E-02
 2.079E-05  1.79550179605755E-02
 2.107E-05  1.83615694939224E-02
 2.136E-05  1.87773152517639E-02
 2.165E-05  1.92024627513650E-02
 2.195E-05  1.96372241786569E-02
 2.225E-05  2.00818164927203E-02
 2.255E-05  2.05364615325818E-02
 2.286E-05  2.10013861263847E-02
 2.317E-05  2.14768222029757E-02
 2.349E-05  2.19630069059662E-02
 2.381E-05  2.24601827103228E-02
 2.413E-05  2.29685975415365E-02
 2.446E-05  2.34885048974324E-02
 2.480E-05  2.40201639726782E-02
 2.514E-05  2.45638397860411E-02
 2.548E-05  2.51198033104636E-02
 2.583E-05  2.56883316060201E-02
 2.618E-05  2.62697079557986E-02
 2.654E-05  2.68642220047992E-02
 2.690E-05  2.74721699018936E-02
 2.727E-05  2.80938544449145E-02
 2.764E-05  2.87295852289549E-02
 2.802E-05  2.93796787979382E-02
 2.840E-05  3.00444587995233E-02
 2.879E-05  3.07242561434292E-02
 2.918E-05  3.14194091632503E-02
 2.958E-05  3.21302637818323E-02
 2.998E-05  3.28571736802890E-02
 3.039E-05  3.36005004707396E-02
 3.080E-05  3.43606138728429E-02
 3.123E-05  3.51378918942177E-02
 3.165E-05  3.59327210148232E-02
 3.208E-05  3.67454963753951E-02
 3.252E-05  3.75766219700117E-02
 3.297E-05  3.84265108428916E-02
 3.342E-05  3.92955852895085E-02
 3.387E-05  4.01842770621094E-02
 3.433E-05  4.10930275797475E-02
 3.480E-05  4.20222881429042E-02
 3.528E-05  4.29725201528164E-02
 3.576E-05  4.39441953356015E-02
 3.625E-05  4.49377959712804E-02
 3.674E-05  4.59538151278150E-02
 3.724E-05  4.69927569002517E-02
 3.775E-05  4.80551366550847E-02
 3.827E-05  4.91414812799622E-02
 3.879E-05  5.02523294388237E-02
 3.932E-05  5.13882318326161E-02
 3.986E-05  5.25497514656771E-02
 4.040E-05  5.37374639179242E-02
 4.095E-05  5.49519576229619E-02
 4.151E-05  5.61938341522388E-02
 4.208E-05  5.74637085053878E-02
 4.265E-05  5.87622094068597E-02
 4.324E-05  6.00899796090058E-02
 4.383E-05  6.14476762017291E-02
 4.442E-05  6.28359709288486E-02
 4.503E-05  6.42555505113247E-02
 4.565E-05  6.57071169774749E-02
 4.627E-05  6.71913880003284E-02
 4.690E-05  6.87090972422875E-02
 4.754E-05  7.02609947072279E-02
 4.819E-05  7.18478471002019E-02
 4.885E-05  7.34704381948987E-02
 4.951E-05  7.51295692090276E-02
 5.019E-05  7.68260591877911E-02
 5.088E-05  7.85607453956085E-02
 5.157E-05  8.03344837162655E-02
 5.227E-05  8.21481490616635E-02
 5.299E-05  8.40026357893451E-02
 5.371E-05  8.58988581289861E-02
 5.445E-05  8.78377506180231E-02
 5.519E-05  8.98202685466066E-02
 5.594E-05  9.18473884120986E-02
 5.671E-05  9.39201083832711E-02
 5.748E-05  9.60394487744240E-02
 5.826E-05  9.82064525296400E-02
 5.906E-05  1.00422185717349E-01
 5.987E-05  1.02687738035432E-01
 6.068E-05  1.05004223327102E-01
 6.151E-05  1.07372780107727E-01
 6.235E-05  1.09794572102853E-01
 6.320E-05  1.12270788797665E-01
 6.407E-05  1.14802645998089E-01
 6.494E-05  1.17391386403768E-01
 6.583E-05  1.20038280193183E-01
 6.673E-05  1.22744625621136E-01
 6.764E-05  1.25511749628852E-01
 6.856E-05  1.28341008466951E-01
 6.950E-05  1.31233788331539E-01
 7.045E-05  1.34191506013711E-01
 7.141E-05  1.37215609562678E-01
 7.238E-05  1.40307578962847E-01
 7.337E-05  1.43468926825092E-01
 7.437E-05  1.46701199092502E-01
 7.539E-05  1.50005975760921E-01
 7.642E-05  1.53384871614506E-01
 7.746E-05  1.56839536976688E-01
 7.852E-05  1.60371658476755E-01
 7.959E-05  1.63982959832395E-01
 8.068E-05  1.67675202648536E-01
 8.178E-05  1.71450187232749E-01
 8.289E-05  1.75309753427574E-01
 8.403E-05  1.79255781460061E-01
 8.517E-05  1.83290192808923E-01
 8.634E-05  1.87414951089537E-01
 8.751E-05  1.91632062957227E-01
 8.871E-05  1.95943579029172E-01
 8.992E-05  2.00351594825179E-01
 9.115E-05  2.04858251727852E-01
 9.239E-05  2.09465737962418E-01
 9.365E-05  2.14176289596554E-01
 9.493E-05  2.18992191560699E-01
 9.623E-05  2.23915778689142E-01
 9.754E-05  2.28949436782320E-01
 9.887E-05  2.34095603690680E-01
 1.002E-04  2.39356770420579E-01
 1.016E-04  2.44735482262541E-01
 1.030E-04  2.50234339942323E-01
 1.044E-04  2.55856000795277E-01
 1.058E-04  2.61603179964269E-01
 1.073E-04  2.67478651621732E-01
 1.087E-04  2.73485250216262E-01
 1.102E-04  2.79625871744124E-01
 1.117E-04  2.85903475046206E-01
 1.132E-04  2.92321083130833E-01
 1.148E-04  2.98881784522879E-01
 1.163E-04  3.05588734639737E-01
 1.179E-04  3.12445157194491E-01
 1.195E-04  3.19454345626850E-01
 1.212E-04  3.26619664562329E-01
 1.228E-04  3.33944551300154E-01
 1.245E-04  3.41432517330366E-01
 1.262E-04  3.49087149880629E-01
 1.279E-04  3.56912113493338E-01
 1.297E-04  3.64911151633347E-01
 1.314E-04  3.73088088327107E-01
 1.332E-04  3.81446829833503E-01
 1.351E-04  3.89991366346954E-01
 1.369E-04  3.98725773733552E-01
 1.388E-04  4.07654215300416E-01
 1.407E-04  4.16780943599064E-01
 1.426E-04  4.26110302263303E-01
 1.445E-04  4.35646727882134E-01
 1.465E-04  4.45394751908308E-01
 1.485E-04  4.55359002603029E-01
 1.505E-04  4.65544207017415E-01
 1.526E-04  4.75955193011386E-01
 1.547E-04  4.86596891310287E-01
 1.568E-04  4.97474337600104E-01
 1.589E-04  5.08592674661857E-01
 1.611E-04  5.19957154545463E-01
 1.633E-04  5.31573140784029E-01
 1.655E-04  5.43446110648977E-01
 1.678E-04  5.55581657446566E-01
 1.701E-04  5.67985492856593E-01
 1.724E-04  5.80663449313630E-01
 1.748E-04  5.93621482431717E-01
 1.771E-04  6.06865673472869E-01
 1.796E-04  6.20402231859956E-01
 1.820E-04  6.34237497734950E-01
 1.845E-04  6.48377944562670E-01
 1.870E-04  6.62830181780948E-01
 1.896E-04  6.77600957497841E-01
 1.922E-04  6.92697161236190E-01
 1.948E-04  7.08125826726473E-01
 1.974E-04  7.23894134748398E-01
 2.001E-04  7.40009416021894E-01
 2.029E-04  7.56479154148031E-01
 2.056E-04  7.73310988600482E-01
 2.084E-04  7.90512717768230E-01
 2.113E-04  8.08092302049888E-01
 2.142E-04  8.26057867000526E-01
 2.171E-04  8.44417706531233E-01
 2.201E-04  8.63180286162103E-01
 2.231E-04  8.82354246329506E-01
 2.261E-04  9.01948405747743E-01
 2.292E-04  9.21971764825678E-01
 2.323E-04  9.42433509139291E-01
 2.355E-04  9.63343012960218E-01
 2.387E-04  9.84709842841026E-01
 2.420E-04  1.00654376125762E+00
 2.453E-04  1.02885473030912E+00
 2.486E-04  1.05165291547609E+00
 2.520E-04  1.07494868943713E+00
 2.555E-04  1.09875263594444E+00
 2.589E-04  1.12307555375866E+00
 2.625E-04  1.14792846064362E+00
 2.661E-04  1.17332259742110E+00
 2.697E-04  1.19926943208582E+00
 2.734E-04  1.22578066398149E+00
 2.771E-04  1.25286822803768E+00
 2.809E-04  1.28054429906798E+00
 2.847E-04  1.30882129612972E+00
 2.886E-04  1.33771188694520E+00
 2.926E-04  1.36722899238497E+00
 2.965E-04  1.39738579101305E+00
 3.006E-04  1.42819572369386E+00
 3.047E-04  1.45967249826170E+00
 3.089E-04  1.49183009425195E+00
 3.131E-04  1.52468276769450E+00
 3.174E-04  1.55824505596905E+00
 3.217E-04  1.59253178272214E+00
 3.261E-04  1.62755806284592E+00
 3.305E-04  1.66333930751803E+00
 3.350E-04  1.69989122930287E+00
 3.396E-04  1.73722984731335E+00
 3.442E-04  1.77537149243278E+00
 3.489E-04  1.81433281259694E+00
 3.537E-04  1.85413077813470E+00
 3.585E-04  1.89478268716779E+00
 3.634E-04  1.93630617106828E+00
 3.684E-04  1.97871919997290E+00
 3.734E-04  2.02204008835376E+00
 3.785E-04  2.06628750064432E+00
 3.837E-04  2.11148045691957E+00
 3.889E-04  2.15763833862916E+00
 3.942E-04  2.20478089438248E+00
 3.996E-04  2.25292824578419E+00
 4.051E-04  2.30210089331896E+00
 4.106E-04  2.35231972228331E+00
 4.162E-04  2.40360600876394E+00
 4.219E-04  2.45598142565957E+00
 4.277E-04  2.50946804874516E+00
 4.335E-04  2.56408836277638E+00
 4.394E-04  2.61986526763197E+00
 4.454E-04  2.67682208449161E+00
 4.515E-04  2.73498256204737E+00
 4.577E-04  2.79437088274527E+00
 4.639E-04  2.85501166905517E+00
 4.702E-04  2.91692998976571E+00
 4.767E-04  2.98015136630051E+00
 4.832E-04  3.04470177905372E+00
 4.898E-04  3.11060767374023E+00
 4.965E-04  3.17789596775807E+00
 5.032E-04  3.24659405655790E+00
 5.101E-04  3.31672982001680E+00
 5.171E-04  3.38833162881178E+00
 5.241E-04  3.46142835078768E+00
 5.313E-04  3.53604935731655E+00
 5.385E-04  3.61222452964203E+00
 5.459E-04  3.68998426520456E+00
 5.533E-04  3.76935948394194E+00
 5.609E-04  3.85038163455903E+00
 5.686E-04  3.93308270076196E+00
 5.763E-04  4.01749520744922E+00
 5.842E-04  4.10365222685445E+00
 5.922E-04  4.19158738463414E+00
 6.002E-04  4.28133486589207E+00
 6.084E-04  4.37292942113495E+00
 6.167E-04  4.46640637215053E+00
 6.252E-04  4.56180161780023E+00
 6.337E-04  4.65915163971907E+00
 6.423E-04  4.75849350791324E+00
 6.511E-04  4.85986488624732E+00
 6.600E-04  4.96330403781050E+00
 6.690E-04  5.06884983015370E+00
 6.782E-04  5.17654174038748E+00
 6.874E-04  5.28641986012816E+00
 6.968E-04  5.39852490028459E+00
 7.063E-04  5.51289819567210E+00
 7.160E-04  5.62958170944202E+00
 7.257E-04  5.74861803731620E+00
 7.356E-04  5.87005041161316E+00
 7.457E-04  5.99392270505164E+00
 7.559E-04  6.12027943432055E+00
 7.662E-04  6.24916576340007E+00
 7.766E-04  6.38062750661910E+00
 7.872E-04  6.51471113143472E+00
 7.980E-04  6.65146376091912E+00
 8.089E-04  6.79093317593656E+00
 8.199E-04  6.93316781699425E+00
 8.311E-04  7.07821678575154E+00
 8.425E-04  7.22612984616793E+00
 8.540E-04  7.37695742527260E+00
 8.656E-04  7.53075061353822E+00
 8.774E-04  7.68756116483713E+00
 8.894E-04  7.84744149596145E+00
 9.016E-04  8.01044468568717E+00
 9.139E-04  8.17662447336004E+00
 9.264E-04  8.34603525698296E+00
 9.390E-04  8.51873209077969E+00
 9.518E-04  8.69477068221580E+00
 9.648E-04  8.87420738845081E+00
 9.780E-04  9.05709921219630E+00
 9.913E-04  9.24350379695856E+00
 1.005E-03  9.43347942163597E+00
 1.019E-03  9.62708499444770E+00
 1.032E-03  9.82438004616668E+00
 1.047E-03  1.00254247226260E+01
 1.061E-03  1.02302797764747E+01
 1.075E-03  1.04390065581511E+01
 1.090E-03  1.06516670060426E+01
 1.105E-03  1.08683236358072E+01
 1.120E-03  1.10890395288175E+01
 1.135E-03  1.13138783197017E+01
 1.151E-03  1.15429041829459E+01
 1.167E-03  1.17761818185245E+01
 1.182E-03  1.20137764365257E+01
 1.199E-03  1.22557537407358E+01
 1.215E-03  1.25021799111496E+01
 1.232E-03  1.27531215853656E+01
 1.248E-03  1.30086458388351E+01
 1.265E-03  1.32688201639245E+01
 1.283E-03  1.35337124477510E+01
 1.300E-03  1.38033909487574E+01
 1.318E-03  1.40779242719832E+01
 1.336E-03  1.43573813429912E+01
 1.354E-03  1.46418313804138E+01
 1.373E-03  1.49313438670711E+01
 1.391E-03  1.52259885196242E+01
 1.410E-03  1.55258352567205E+01
 1.430E-03  1.58309541655854E+01
 1.449E-03  1.61414154670198E+01
 1.469E-03  1.64572894787620E+01
 1.489E-03  1.67786465771629E+01
 1.509E-03  1.71055571571367E+01
 1.530E-03  1.74380915903421E+01
 1.551E-03  1.77763201815452E+01
 1.572E-03  1.81203131231213E+01
 1.593E-03  1.84701404476528E+01
 1.615E-03  1.88258719785747E+01
 1.637E-03  1.91875772788229E+01
 1.660E-03  1.95553255974426E+01
 1.682E-03  1.99291858141113E+01
 1.705E-03  2.03092263815281E+01
 1.729E-03  2.06955152656291E+01
 1.752E-03  2.10881198835879E+01
 1.776E-03  2.14871070395454E+01
 1.800E-03  2.18925428580421E+01
 1.825E-03  2.23044927150994E+01
 1.850E-03  2.27230211669143E+01
 1.875E-03  2.31481918761244E+01
 1.901E-03  2.35800675356042E+01
 1.927E-03  2.40187097897608E+01
 1.953E-03  2.44641791532815E+01
 1.980E-03  2.49165349273069E+01
 2.007E-03  2.53758351129951E+01
 2.034E-03  2.58421363224410E+01
 2.062E-03  2.63154936869251E+01
 2.090E-03  2.67959607624643E+01
 2.118E-03  2.72835894326375E+01
 2.147E-03  2.77784298086648E+01
 2.177E-03  2.82805301267207E+01
 2.206E-03  2.87899366424659E+01
 2.236E-03  2.93066935227782E+01
 2.267E-03  2.98308427346826E+01
 2.298E-03  3.03624239314636E+01
 2.329E-03  3.09014743359605E+01
 2.361E-03  3.14480286210547E+01
 2.393E-03  3.20021187873422E+01
 2.426E-03  3.25637740380082E+01
 2.459E-03  3.31330206509240E+01
 2.493E-03  3.37098818479762E+01
 2.527E-03  3.42943776616635E+01
 2.561E-03  3.48865247989896E+01
 2.596E-03  3.54863365026905E+01
 2.632E-03  3.60938224098401E+01
 2.668E-03  3.67089884078885E+01
 2.704E-03  3.73318364881890E+01
 2.741E-03  3.79623645970824E+01
 2.778E-03  3.86005664846103E+01
 2.816E-03  3.92464315509391E+01
 2.855E-03  3.98999446905942E+01
 2.894E-03  4.05610861345881E+01
 2.933E-03  4.12298312905689E+01
 2.973E-03  4.19061505811007E+01
 3.014E-03  4.25900092801980E+01
 3.055E-03  4.32813673482697E+01
 3.097E-03  4.39801792656133E+01
 3.139E-03  4.46863938646207E+01
 3.182E-03  4.53999541608744E+01
 3.225E-03  4.61207971833230E+01
 3.269E-03  4.68488538037243E+01
 3.314E-03  4.75840485655783E+01
 3.359E-03  4.83262995127743E+01
 3.405E-03  4.90755180181867E+01
 3.452E-03  4.98316086124782E+01
 3.499E-03  5.05944688133777E+01
 3.546E-03  5.13639889557159E+01
 3.595E-03  5.21400520225167E+01
 3.644E-03  5.29225334774657E+01
 3.694E-03  5.37113010990829E+01
 3.744E-03  5.45062148169417E+01
 3.795E-03  5.53071265503117E+01
 3.847E-03  5.61138800496021E+01
 3.900E-03  5.69263107410017E+01
 3.953E-03  5.77442455747361E+01
 4.007E-03  5.85675028773875E+01
 4.061E-03  5.93958922087123E+01
 4.117E-03  6.02292142234444E+01
 4.173E-03  6.10672605385742E+01
 4.230E-03  6.19098136066065E+01
 4.288E-03  6.27566465953333E+01
 4.346E-03  6.36075232746663E+01
 4.406E-03  6.44621979110947E+01
 4.466E-03  6.53204151703619E+01
 4.527E-03  6.61819100289589E+01
 4.589E-03  6.70464076950521E+01
 4.651E-03  6.79136235395017E+01
 4.715E-03  6.87832630376218E+01
 4.779E-03  6.96550217223530E+01
 4.844E-03  7.05285851495553E+01
 4.911E-03  7.14036288761207E+01
 4.978E-03  7.22798184516368E+01
 5.046E-03  7.31568094243442E+01
 5.114E-03  7.40342473621411E+01
 5.184E-03  7.49117678894068E+01
 5.255E-03  7.57889967404249E+01
 5.327E-03  7.66655498302042E+01
 5.400E-03  7.75410333434940E+01
 5.473E-03  7.84150438428115E+01
 5.548E-03  7.92871683963003E+01
 5.624E-03  8.01569847262450E+01
 5.700E-03  8.10240613790685E+01
 5.778E-03  8.18879579176500E+01
 5.857E-03  8.27482251367883E+01
 5.937E-03  8.36044053026391E+01
 6.018E-03  8.44560324169598E+01
 6.100E-03  8.53026325069663E+01
 6.184E-03  8.61437239416198E+01
 6.268E-03  8.69788177751310E+01
 6.354E-03  8.78074181184657E+01
 6.440E-03  8.86290225396130E+01
 6.528E-03  8.94431224933478E+01
 6.617E-03  9.02492037812059E+01
 6.708E-03  9.10467470423564E+01
 6.799E-03  9.18352282760171E+01
 6.892E-03  9.26141193960244E+01
 6.986E-03  9.33828888181374E+01
 7.082E-03  9.41410020805936E+01
 7.178E-03  9.48879224983898E+01
 7.276E-03  9.56231118517178E+01
 7.376E-03  9.63460311089017E+01
 7.476E-03  9.70561411841370E+01
 7.578E-03  9.77529037302565E+01
 7.682E-03  9.84357819666623E+01
 7.787E-03  9.91042415424974E+01
 7.893E-03  9.97577514350301E+01
 8.001E-03  1.00395784883136E+02
 8.110E-03  1.01017820355668E+02
 8.221E-03  1.01623342554387E+02
 8.333E-03  1.02211843451028E+02
 8.447E-03  1.02782823357960E+02
 8.562E-03  1.03335792031750E+02
 8.679E-03  1.03870269808845E+02
 8.798E-03  1.04385788772432E+02
 8.918E-03  1.04881893949388E+02
 9.039E-03  1.05358144536099E+02
 9.163E-03  1.05814115151764E+02
 9.288E-03  1.06249397117635E+02
 9.415E-03  1.06663599760480E+02
 9.543E-03  1.07056351738400E+02
 9.674E-03  1.07427302386923E+02
 9.806E-03  1.07776123083138E+02
 9.940E-03  1.08102508625438E+02
 1.008E-02  1.08406178626238E+02
 1.021E-02  1.08686878914868E+02
 1.035E-02  1.08944382947586E+02
 1.049E-02  1.09178493221513E+02
 1.064E-02  1.09389042689045E+02
 1.078E-02  1.09575896169098E+02
 1.093E-02  1.09738951751330E+02
 1.108E-02  1.09878142189288E+02
 1.123E-02  1.09993436278188E+02
 1.138E-02  1.10084840212848E+02
 1.154E-02  1.10152398921073E+02
 1.170E-02  1.10196197367586E+02
 1.186E-02  1.10216361823405E+02
 1.202E-02  1.10213061095341E+02
 1.218E-02  1.10186507710123E+02
 1.235E-02  1.10136959047478E+02
 1.252E-02  1.10064718416261E+02
 1.269E-02  1.09970136067633E+02
 1.286E-02  1.09853610139072E+02
 1.304E-02  1.09715587522877E+02
 1.321E-02  1.09556564652694E+02
 1.339E-02  1.09377088201467E+02
 1.358E-02  1.09177755684112E+02
 1.376E-02  1.08959215958159E+02
 1.395E-02  1.08722169615487E+02
 1.414E-02  1.08467369258305E+02
 1.433E-02  1.08195619652456E+02
 1.453E-02  1.07907777751163E+02
 1.473E-02  1.07604752582357E+02
 1.493E-02  1.07287504992798E+02
 1.513E-02  1.06957047242281E+02
 1.534E-02  1.06614442441355E+02
 1.555E-02  1.06260803826155E+02
 1.576E-02  1.05897293864101E+02
 1.598E-02  1.05525123184514E+02
 1.619E-02  1.05145549328400E+02
 1.642E-02  1.04759875312037E+02
 1.664E-02  1.04369447999290E+02
 1.687E-02  1.03975656278025E+02
 1.710E-02  1.03579929036413E+02
 1.733E-02  1.03183732935400E+02
 1.757E-02  1.02788569974169E+02
 1.781E-02  1.02395974845997E+02
 1.805E-02  1.02007512082521E+02
 1.830E-02  1.01624772985145E+02
 1.855E-02  1.01249372343005E+02
 1.880E-02  1.00882944937720E+02
 1.906E-02  1.00527141835959E+02
 1.932E-02  1.00183626471732E+02
 1.958E-02  9.98540705212449E+01
 1.985E-02  9.95401495741067E+01
 2.012E-02  9.92435386056985E+01
 2.039E-02  9.89659072565586E+01
 2.067E-02  9.87089149257471E+01
 2.095E-02  9.84742056862657E+01
 2.124E-02  9.82634030317887E+01
 2.153E-02  9.80781044651603E+01
 2.182E-02  9.79198759403347E+01
 2.212E-02  9.77902461706968E+01
 2.242E-02  9.76907008179646E+01
 2.273E-02  9.76226765771719E+01
 2.304E-02  9.75875551745194E+01
 2.335E-02  9.75866572961910E+01
 2.367E-02  9.76212364675245E+01
 2.400E-02  9.76924729032252E+01
 2.432E-02  9.78014673505805E+01
 2.466E-02  9.79492349488857E+01
 2.499E-02  9.81366991295179E+01
 2.533E-02  9.83646855822723E+01
 2.568E-02  9.86339163147103E+01
 2.603E-02  9.89450038323492E+01
 2.639E-02  9.92984454685314E+01
 2.675E-02  9.96946178937517E+01
 2.711E-02  1.00133771835068E+02
 2.748E-02  1.00616027036980E+02
 2.786E-02  1.01141367495804E+02
 2.824E-02  1.01709637000120E+02
 2.862E-02  1.02320535010257E+02
 2.901E-02  1.02973612910062E+02
 2.941E-02  1.03668270664333E+02
 2.981E-02  1.04403753915234E+02
 3.022E-02  1.05179151550842E+02
 3.063E-02  1.05993393778572E+02
 3.105E-02  1.06845250735662E+02
 3.147E-02  1.07733331668166E+02
 3.190E-02  1.08656084708885E+02
 3.234E-02  1.09611797283535E+02
 3.278E-02  1.10598597173021E+02
 3.323E-02  1.11614454258066E+02
 3.368E-02  1.12657182970590E+02
 3.414E-02  1.13724445474124E+02
 3.461E-02  1.14813755593214E+02
 3.508E-02  1.15922483509196E+02
 3.556E-02  1.17047861236862E+02
 3.604E-02  1.18186988893525E+02
 3.654E-02  1.19336841768602E+02
 3.703E-02  1.20494278198346E+02
 3.754E-02  1.21656048246538E+02
 3.805E-02  1.22818803187920E+02
 3.857E-02  1.23979105786947E+02
 3.910E-02  1.25133441359965E+02
 3.963E-02  1.26278229604285E+02
 4.017E-02  1.27409837172798E+02
 4.072E-02  1.28524590967791E+02
 4.128E-02  1.29618792122469E+02
 4.184E-02  1.30688730633452E+02
 4.241E-02  1.31730700602118E+02
 4.299E-02  1.32741016037251E+02
 4.358E-02  1.33716027165936E+02
 4.417E-02  1.34652137194155E+02
 4.478E-02  1.35545819453026E+02
 4.539E-02  1.36393634861193E+02
 4.601E-02  1.37192249628506E+02
 4.664E-02  1.37938453120893E+02
 4.727E-02  1.38629175801278E+02
 4.792E-02  1.39261507156488E+02
 4.857E-02  1.39832713515554E+02
 4.924E-02  1.40340255660433E+02
 4.991E-02  1.40781806126266E+02
 5.059E-02  1.41155266084695E+02
 5.128E-02  1.41458781700653E+02
 5.198E-02  1.41690759850406E+02
 5.269E-02  1.41849883086553E+02
 5.341E-02  1.41935123734197E+02
 5.414E-02  1.41945757001660E+02
 5.488E-02  1.41881372988977E+02
 5.563E-02  1.41741887477973E+02
 5.639E-02  1.41527551389133E+02
 5.716E-02  1.41238958792659E+02
 5.794E-02  1.40877053364195E+02
 5.873E-02  1.40443133179673E+02
 5.953E-02  1.39938853748650E+02
 6.034E-02  1.39366229191392E+02
 6.116E-02  1.38727631471802E+02
 6.200E-02  1.38025787606185E+02
 6.285E-02  1.37263774776679E+02
 6.370E-02  1.36445013288091E+02
 6.457E-02  1.35573257317747E+02
 6.546E-02  1.34652583419826E+02
 6.635E-02  1.33687376758505E+02
 6.725E-02  1.32682315057962E+02
 6.817E-02  1.31642350271934E+02
 6.910E-02  1.30572687990985E+02
 7.005E-02  1.29478764621826E+02
 7.100E-02  1.28366222389919E+02
 7.197E-02  1.27240882234039E+02
 7.296E-02  1.26108714679414E+02
 7.395E-02  1.24975808794338E+02
 7.496E-02  1.23848339353667E+02
 7.598E-02  1.22732532351247E+02
 7.702E-02  1.21634629021842E+02
 7.807E-02  1.20560848551505E+02
 7.914E-02  1.19517349673262E+02
 8.022E-02  1.18510191362408E+02
 8.132E-02  1.17545292862340E+02
 8.243E-02  1.16628393287605E+02
 8.355E-02  1.15765011065440E+02
 8.469E-02  1.14960403490379E+02
 8.585E-02  1.14219526678310E+02
 8.702E-02  1.13546996216446E+02
 8.821E-02  1.12947048813925E+02
 8.941E-02  1.12423505263890E+02
 9.063E-02  1.11979735031867E+02
 9.187E-02  1.11618622786762E+02
 9.312E-02  1.11342537189867E+02
 9.440E-02  1.11153302253531E+02
 9.568E-02  1.11052171574774E+02
 9.699E-02  1.11039805739749E+02
 9.831E-02  1.11116253182710E+02
 9.966E-02  1.11280934767857E+02
 1.010E-01  1.11532632344125E+02
 1.024E-01  1.11869481501683E+02
 1.038E-01  1.12288968734594E+02
 1.052E-01  1.12787933186892E+02
 1.066E-01  1.13362573129304E+02
 1.081E-01  1.14008457281160E+02
 1.096E-01  1.14720541056825E+02
 1.111E-01  1.15493187778518E+02
 1.126E-01  1.16320194857843E+02
 1.141E-01  1.17194824907029E+02
 1.157E-01  1.18109841698175E+02
 1.173E-01  1.19057550844876E+02
 1.189E-01  1.20029845036059E+02
 1.205E-01  1.21018253606933E+02
 1.221E-01  1.22013996187168E+02
 1.238E-01  1.23008040122151E+02
 1.255E-01  1.23991161319985E+02
 1.272E-01  1.24954008135140E+02
 1.289E-01  1.25887167859945E+02
 1.307E-01  1.26781235357820E+02
 1.325E-01  1.27626883337792E+02
 1.343E-01  1.28414933738889E+02
 1.361E-01  1.29136429665869E+02
 1.380E-01  1.29782707294896E+02
 1.399E-01  1.30345467149533E+02
 1.418E-01  1.30816844134214E+02
 1.437E-01  1.31189475704431E+02
 1.457E-01  1.31456567550554E+02
 1.477E-01  1.31611956175685E+02
 1.497E-01  1.31650167757353E+02
 1.517E-01  1.31566472698436E+02
 1.538E-01  1.31356935294300E+02
 1.559E-01  1.31018457970964E+02
 1.580E-01  1.30548819582938E+02
 1.602E-01  1.29946707299118E+02
 1.624E-01  1.29211741650658E+02
 1.646E-01  1.28344494365655E+02
 1.668E-01  1.27346498671601E+02
 1.691E-01  1.26220251807434E+02
 1.714E-01  1.24969209552160E+02
 1.738E-01  1.23597772646037E+02
 1.761E-01  1.22111265052509E+02
 1.785E-01  1.20515904083992E+02
 1.810E-01  1.18818762491423E+02
 1.834E-01  1.17027722695610E+02
 1.860E-01  1.15151423417033E+02
 1.885E-01  1.13199199039089E+02
 1.911E-01  1.11181012117042E+02
 1.937E-01  1.09107379520183E+02
 1.963E-01  1.06989292767278E+02
 1.990E-01  1.04838133184115E+02
 2.017E-01  1.02665582576277E+02
 2.045E-01  1.00483530169050E+02
 2.073E-01  9.83039766189830E+01
 2.101E-01  9.61389359470705E+01
 2.130E-01  9.40003362811763E+01
 2.159E-01  9.18999203244253E+01
 2.188E-01  8.98491464861865E+01
 2.218E-01  8.78590916224845E+01
 2.248E-01  8.59403563327271E+01
 2.279E-01  8.41029737492359E+01
 2.310E-01  8.23563227350288E+01
 2.342E-01  8.07090463735915E+01
 2.374E-01  7.91689765921161E+01
 2.406E-01  7.77430657071420E+01
 2.439E-01  7.64373256191518E+01
 2.472E-01  7.52567753110240E+01
 2.506E-01  7.42053972250713E+01
 2.540E-01  7.32861030055514E+01
 2.575E-01  7.25007089990016E+01
 2.610E-01  7.18499218046129E+01
 2.646E-01  7.13333340622551E+01
 2.682E-01  7.09494305579279E+01
 2.718E-01  7.06956046165768E+01
 2.755E-01  7.05681846416796E+01
 2.793E-01  7.05624705510514E+01
 2.831E-01  7.06727797502592E+01
 2.870E-01  7.08925021801555E+01
 2.909E-01  7.12141638746508E+01
 2.949E-01  7.16294983701967E+01
 2.989E-01  7.21295252208180E+01
 3.030E-01  7.27046347930972E+01
 3.071E-01  7.33446784454414E+01
 3.113E-01  7.40390631363087E+01
 3.156E-01  7.47768494577921E+01
 3.199E-01  7.55468520548851E+01
 3.242E-01  7.63377413675352E+01
 3.287E-01  7.71381456227179E+01
 3.331E-01  7.79367520074896E+01
 3.377E-01  7.87224059713598E+01
 3.423E-01  7.94842076371661E+01
 3.470E-01  8.02116043435231E+01
 3.517E-01  8.08944783981808E+01
 3.565E-01  8.15232291894044E+01
 3.614E-01  8.20888488806813E+01
 3.663E-01  8.25829910014075E+01
 3.713E-01  8.29980313412906E+01
 3.764E-01  8.33271206574753E+01
 3.815E-01  8.35642288092263E+01
 3.867E-01  8.37041800437030E+01
 3.920E-01  8.37426792662316E+01
 3.974E-01  8.36763292378421E+01
 4.028E-01  8.35026387500689E+01
 4.083E-01  8.32200219305724E+01
 4.139E-01  8.28277889316103E+01
 4.195E-01  8.23261283454819E+01
 4.252E-01  8.17160817756752E+01
 4.311E-01  8.09995110686170E+01
 4.369E-01  8.01790587778939E+01
 4.429E-01  7.92581024900285E+01
 4.489E-01  7.82407036879543E+01
 4.551E-01  7.71315518650739E+01
 4.613E-01  7.59359046291733E+01
 4.676E-01  7.46595245516579E+01
 4.740E-01  7.33086135238892E+01
 4.804E-01  7.18897453792532E+01
 4.870E-01  7.04097975275510E+01
 4.936E-01  6.88758823280112E+01
 5.004E-01  6.72952788994015E+01
 5.072E-01  6.56753660311582E+01
 5.141E-01  6.40235568189522E+01
 5.212E-01  6.23472356025351E+01
 5.283E-01  6.06536977338735E+01
 5.355E-01  5.89500926503430E+01
 5.428E-01  5.72433706719107E+01
 5.502E-01  5.55402338835826E+01
 5.577E-01  5.38470914056726E+01
 5.653E-01  5.21700192953663E+01
 5.731E-01  5.05147252642647E+01
 5.809E-01  4.88865183387085E+01
 5.888E-01  4.72902835332635E+01
 5.969E-01  4.57304615532978E+01
 6.050E-01  4.42110334905652E+01
 6.133E-01  4.27355104265361E+01
 6.216E-01  4.13069278122525E+01
 6.301E-01  3.99278444510450E+01
 6.387E-01  3.86003458718078E+01
 6.474E-01  3.73260518459124E+01
 6.563E-01  3.61061277704307E+01
 6.652E-01  3.49412996142654E+01
 6.743E-01  3.38318721021497E+01
 6.835E-01  3.27777497943042E+01
 6.929E-01  3.17784607068343E+01
 7.023E-01  3.08331821096511E+01
 7.119E-01  2.99407681347060E+01
 7.216E-01  2.90997788274887E+01
 7.315E-01  2.83085102788626E+01
 7.415E-01  2.75650254821551E+01
 7.516E-01  2.68671855717247E+01
 7.618E-01  2.62126811136717E+01
 7.723E-01  2.55990631366341E+01
 7.828E-01  2.50237736103463E+01
 7.935E-01  2.44841751014959E+01
 8.043E-01  2.39775793600084E+01
 8.153E-01  2.35012746138757E+01
 8.264E-01  2.30525513766402E+01
 8.377E-01  2.26287265983290E+01
 8.491E-01  2.22271660176458E+01
 8.607E-01  2.18453046002738E+01
 8.725E-01  2.14806649749100E+01
 8.844E-01  2.11308738048741E+01
 8.965E-01  2.07936760585499E+01
 9.087E-01  2.04669471662993E+01
 9.211E-01  2.01487030746199E+01
 9.337E-01  1.98371082300149E+01
 9.464E-01  1.95304815451429E+01
 9.594E-01  1.92273004181743E+01
 9.725E-01  1.89262028927829E+01
 9.857E-01  1.86259880607635E+01
 9.992E-01  1.83256148218111E+01
 1.013E+00  1.80241991254990E+01
 1.027E+00  1.77210098289292E+01
 1.041E+00  1.74154633099189E+01
 1.055E+00  1.71071169799620E+01
 1.069E+00  1.67956618436335E+01
 1.084E+00  1.64809142516680E+01
 1.099E+00  1.61628069937413E+01
 1.114E+00  1.58413798741518E+01
 1.129E+00  1.55167699092539E+01
 1.144E+00  1.51892012798124E+01
 1.160E+00  1.48589751645670E+01
 1.176E+00  1.45264595733955E+01
 1.192E+00  1.41920792897134E+01
 1.208E+00  1.38563060223164E+01
 1.225E+00  1.35196488569287E+01
 1.241E+00  1.31826450874371E+01
 1.258E+00  1.28458514963109E+01
 1.275E+00  1.25098361432033E+01
 1.293E+00  1.21751707103118E+01
 1.310E+00  1.18424234428983E+01
 1.328E+00  1.15121527135228E+01
 1.347E+00  1.11849012291444E+01
 1.365E+00  1.08611908913700E+01
 1.384E+00  1.05415183118509E+01
 1.402E+00  1.02263509772071E+01
 1.422E+00  9.91612405093393E+00
 1.441E+00  9.61123779355017E+00
 1.461E+00  9.31205557679507E+00
 1.481E+00  9.01890246298475E+00
 1.501E+00  8.73206431668466E+00
 1.521E+00  8.45178741263612E+00
 1.542E+00  8.17827850136402E+00
 1.563E+00  7.91170529206117E+00
 1.584E+00  7.65219731115513E+00
 1.606E+00  7.39984709437381E+00
 1.628E+00  7.15471167008998E+00
 1.650E+00  6.91681429219387E+00
 1.673E+00  6.68614638166426E+00
 1.696E+00  6.46266963733054E+00
 1.719E+00  6.24631827798703E+00
 1.742E+00  6.03700137998404E+00
 1.766E+00  5.83460527662541E+00
 1.790E+00  5.63899598810024E+00
 1.815E+00  5.45002165321842E+00
 1.839E+00  5.26751493686018E+00
 1.864E+00  5.09129538974771E+00
 1.890E+00  4.92117173986138E+00
 1.916E+00  4.75694409752028E+00
 1.942E+00  4.59840605879401E+00
 1.968E+00  4.44534669448182E+00
 1.995E+00  4.29755241436298E+00
 2.022E+00  4.15480869876717E+00
 2.050E+00  4.01690169171961E+00
 2.078E+00  3.88361965196948E+00
 2.106E+00  3.75475426010178E+00
 2.135E+00  3.63010178165541E+00
 2.164E+00  3.50946408772124E+00
 2.194E+00  3.39264953587026E+00
 2.224E+00  3.27947371546764E+00
 2.254E+00  3.16976006246414E+00
 2.285E+00  3.06334034962999E+00
 2.316E+00  2.96005505891270E+00
 2.348E+00  2.85975364316893E+00
 2.380E+00  2.76229468494988E+00
 2.412E+00  2.66754596032009E+00
 2.445E+00  2.57538441587127E+00
 2.479E+00  2.48569606716687E+00
 2.513E+00  2.39837582683039E+00
 2.547E+00  2.31332727038199E+00
 2.582E+00  2.23046234774462E+00
 2.617E+00  2.14970104809296E+00
 2.653E+00  2.07097102541631E+00
 2.689E+00  1.99420719181979E+00
 2.725E+00  1.91935128520547E+00
 2.763E+00  1.84635141756526E+00
 2.800E+00  1.77516160968832E+00
 2.839E+00  1.70574131764374E+00
 2.877E+00  1.63805495595195E+00
 2.917E+00  1.57207142191010E+00
 2.956E+00  1.50776362509373E+00
 2.997E+00  1.44510802562259E+00
 3.038E+00  1.38408418435729E+00
 3.079E+00  1.32467432778756E+00
 3.121E+00  1.26686292998566E+00
 3.164E+00  1.21063631363113E+00
 3.207E+00  1.15598227176722E+00
 3.251E+00  1.10288971162639E+00
 3.295E+00  1.05134832156191E+00
 3.340E+00  1.00134826184561E+00
 3.386E+00  9.52879879837910E-01
 3.432E+00  9.05933449804969E-01
 3.479E+00  8.60498937448007E-01
 3.526E+00  8.16565789021741E-01
 3.575E+00  7.74122744750178E-01
 3.623E+00  7.33157676098518E-01
 3.673E+00  6.93657446328070E-01
 3.723E+00  6.55607793645620E-01
 3.774E+00  6.18993236158473E-01
 3.825E+00  5.83796997760187E-01
 3.878E+00  5.50000953998500E-01
 3.930E+00  5.17585596915226E-01
 3.984E+00  4.86530017796633E-01
 4.039E+00  4.56811906731304E-01
 4.094E+00  4.28407567839615E-01
 4.150E+00  4.01291949014185E-01
 4.206E+00  3.75438684993039E-01
 4.264E+00  3.50820152576447E-01
 4.322E+00  3.27407536793746E-01
 4.381E+00  3.05170906827712E-01
 4.441E+00  2.84079300510725E-01
 4.501E+00  2.64100816218944E-01
 4.563E+00  2.45202711007722E-01
 4.625E+00  2.27351503853358E-01
 4.688E+00  2.10513082892951E-01
 4.752E+00  1.94652815585377E-01
 4.817E+00  1.79735660752286E-01
 4.883E+00  1.65726281498218E-01
 4.950E+00  1.52589158053474E-01
 5.017E+00  1.40288699632059E-01
 5.086E+00  1.28789354449510E-01
 5.155E+00  1.18055717101708E-01
 5.225E+00  1.08052632565306E-01
 5.297E+00  9.87452961430549E-02
 5.369E+00  9.00993487425355E-02
 5.442E+00  8.20809669441865E-02
 5.517E+00  7.46569473836496E-02
 5.592E+00  6.77947850436538E-02
 5.668E+00  6.14627451214944E-02
 5.746E+00  5.56299282089539E-02
 5.824E+00  5.02663285916908E-02
 5.904E+00  4.53428855440575E-02
 5.984E+00  4.08315275623995E-02
 6.066E+00  3.67052095445296E-02
 6.149E+00  3.29379429847087E-02
 6.233E+00  2.95048193115572E-02
 6.318E+00  2.63820265503899E-02
 6.404E+00  2.35468595410814E-02
 6.491E+00  2.09777239873609E-02
 6.580E+00  1.86541346531058E-02
 6.670E+00  1.65567080555311E-02
 6.761E+00  1.46671500339991E-02
 6.853E+00  1.29682385964334E-02
 6.947E+00  1.14438024630184E-02
 7.042E+00  1.00786957390719E-02
 7.138E+00  8.85876915584964E-03
 7.235E+00  7.77083831979441E-03
 7.334E+00  6.80264940764896E-03
 7.434E+00  5.94284273725294E-03
 7.536E+00  5.18091463210643E-03
 7.639E+00  4.50717798232884E-03
 7.743E+00  3.91272188591073E-03
 7.849E+00  3.38937073261424E-03
 7.956E+00  2.92964306899712E-03
 8.064E+00  2.52671055729610E-03
 8.174E+00  2.17435731377544E-03
 8.286E+00  1.86693988408727E-03
 8.399E+00  1.59934808463773E-03
 8.514E+00  1.36696691031977E-03
 8.630E+00  1.16563968064011E-03
 8.748E+00  9.91632568579603E-04
 8.867E+00  8.41600629789421E-04
 8.988E+00  7.12555424206787E-04
 9.111E+00  6.01834298096655E-04
 9.235E+00  5.07071372072221E-04
 9.362E+00  4.26170259957341E-04
 9.489E+00  3.57278524527873E-04
 9.619E+00  2.98763859268253E-04
 9.750E+00  2.49191970330105E-04
 9.883E+00  2.07306119874465E-04
 1.002E+01  1.72008280882144E-04
 1.016E+01  1.42341844266021E-04
 1.029E+01  1.17475811630784E-04
 1.043E+01  9.66904011979596E-05
 1.058E+01  7.93639901307844E-05
 1.072E+01  6.49613136276719E-05
 1.087E+01  5.30228395705961E-05
 1.102E+01  4.31552370775548E-05
 1.117E+01  3.50228578772336E-05
 1.132E+01  2.83401508614410E-05
 1.147E+01  2.28649323430006E-05
 1.163E+01  1.83924373255050E-05
 1.179E+01  1.47500803558373E-05
 1.195E+01  1.17928581683532E-05
 1.211E+01  9.39933023818341E-06
 1.228E+01  7.46811744734381E-06
 1.245E+01  5.91486324857914E-06
 1.262E+01  4.66960591583975E-06
 1.279E+01  3.67451463488358E-06
 1.296E+01  2.88194626044890E-06
 1.314E+01  2.25278350484553E-06
 1.332E+01  1.75501909248857E-06
 1.350E+01  1.36255398972139E-06
 1.368E+01  1.05418118039365E-06
 1.387E+01  8.12729592716902E-07
 1.406E+01  6.24345685252423E-07
 1.425E+01  4.77892867723054E-07
 1.445E+01  3.64451368031380E-07
 1.464E+01  2.76903366460966E-07
 1.484E+01  2.09591199209190E-07
 1.505E+01  1.58041401908292E-07
 1.525E+01  1.18713959779168E-07
 1.546E+01  8.88266585389263E-08
 1.567E+01  6.62022376958865E-08
 1.589E+01  4.91435674829009E-08
 1.610E+01  3.63330513985267E-08
 1.632E+01  2.67518868998373E-08
 1.655E+01  1.96155343034896E-08
 1.677E+01  1.43223575761806E-08
 1.700E+01  1.04129227246869E-08
 1.723E+01  7.53788137834081E-09
 1.747E+01  5.43273931475732E-09
 1.771E+01  3.89812153508474E-09
 1.795E+01  2.78440549899902E-09
 1.819E+01  1.97980980481619E-09
 1.844E+01  1.40120359400092E-09
 1.869E+01  9.87048104570438E-10
 1.895E+01  6.92001176563854E-10
 1.921E+01  4.82812523131121E-10
 1.947E+01  3.35216003985329E-10
 1.974E+01  2.31588203161562E-10
 2.000E+01  1.59193060225141E-10
 2.028E+01  1.08872443235417E-10
 2.055E+01  7.40743179090916E-11
 2.084E+01  5.01351711842041E-11
 2.112E+01  3.37529209466429E-11
 2.141E+01  2.26017819686018E-11
 2.170E+01  1.50523553761932E-11
 2.200E+01  9.96929097400341E-12
 2.230E+01  6.56582381259178E-12
 2.260E+01  4.29977753880742E-12
 2.291E+01  2.79963081901832E-12
 2.322E+01  1.81225499671783E-12
 2.354E+01  1.16618347208050E-12
 2.386E+01  7.45947552850460E-13
 2.419E+01  4.74250566331509E-13
 2.452E+01  2.99660435103472E-13
 2.485E+01  1.88163885257733E-13
 2.519E+01  1.17406270187549E-13
 2.554E+01  7.27874980881722E-14
 2.588E+01  4.48326681577781E-14
 2.624E+01  2.74325365794012E-14
 2.660E+01  1.66736890793322E-14
 2.696E+01  1.00658860806004E-14
 2.733E+01  6.03512946547146E-15
 2.770E+01  3.59330909487135E-15
 2.808E+01  2.12439146967027E-15
 2.846E+01  1.24699446074968E-15
 2.885E+01  7.26677891598933E-16
 2.924E+01  4.20362225798568E-16
 2.964E+01  2.41360394887568E-16
 3.005E+01  1.37538601129966E-16
 3.046E+01  7.77776014267206E-17
 3.087E+01  4.36425684403328E-17
 3.130E+01  2.42966118038470E-17
 3.172E+01  1.34188099185700E-17
 3.216E+01  7.35136079744732E-18
 3.259E+01  3.99446718023043E-18
 3.304E+01  2.15247757056489E-18
 3.349E+01  1.15015847017484E-18
 3.395E+01  6.09348768212019E-19
 3.441E+01  3.20046186248719E-19
 3.488E+01  1.66627393816436E-19
 3.536E+01  8.59834832184030E-20
 3.584E+01  4.39709354172580E-20
 3.633E+01  2.22815213427202E-20
 3.683E+01  1.11866007371672E-20
 3.733E+01  5.56378774587652E-21
 3.784E+01  2.74098267530173E-21
 3.835E+01  1.33736141740753E-21
 3.888E+01  6.46160966583318E-22
 3.941E+01  3.09117764891731E-22
 3.995E+01  1.46399487908196E-22
 4.049E+01  6.86321966295912E-23
 4.104E+01  3.18440573748103E-23
 4.161E+01  1.46210880619613E-23
 4.217E+01  6.64231677967342E-24
 4.275E+01  2.98527963417876E-24
 4.333E+01  1.32711679831011E-24
 4.392E+01  5.83489501395891E-25
 4.452E+01  2.53681094757244E-25
 4.513E+01  1.09045497461113E-25
 4.575E+01  4.63366315935018E-26
 4.637E+01  1.94612107189558E-26
 4.701E+01  8.07745559457982E-27
 4.765E+01  3.31259511130630E-27
 4.830E+01  1.34208492953259E-27
 4.896E+01  5.37078144956271E-28
 4.963E+01  2.12259990477976E-28
 5.030E+01  8.28322153837429E-29
 5.099E+01  3.19124202612256E-29
 5.169E+01  1.21362454343749E-29
 5.239E+01  4.55539557778457E-30
 5.311E+01  1.68768138995742E-30
 5.383E+01  6.17352013124854E-31
 5.457E+01  2.23274151414104E-31
 5.531E+01  8.01733881454605E-32
 5.607E+01  0.00000000000000E+00
 5.683E+01  0.00000000000000E+00
 5.761E+01  0.00000000000000E+00
 5.839E+01  0.00000000000000E+00
 5.919E+01  0.00000000000000E+00
 6.000E+01  0.00000000000000E+00
