line2: Z,NR,R(1),R(NR) /line3,4,...: R(N),RHO*4*PI*R(N)**2
 1.00  2000  1.01365245284744E-10  6.00000000000000E+01
 1.014E-10  3.52945833970774E-20
 1.027E-10  3.62648510198469E-20
 1.042E-10  3.72617918363249E-20
 1.056E-10  3.82871585354136E-20
 1.070E-10  3.93396937041792E-20
 1.085E-10  4.04211636470040E-20
 1.100E-10  4.15323637968349E-20
 1.115E-10  4.26741114535065E-20
 1.130E-10  4.38472463848812E-20
 1.145E-10  4.50526314445058E-20
 1.161E-10  4.62911532062460E-20
 1.177E-10  4.75637226163745E-20
 1.193E-10  4.88712756635805E-20
 1.209E-10  5.02147740674005E-20
 1.226E-10  5.15952059855729E-20
 1.242E-10  5.30135867408385E-20
 1.259E-10  5.44709595677213E-20
 1.276E-10  5.59683963798429E-20
 1.294E-10  5.75069985583223E-20
 1.312E-10  5.90878977618499E-20
 1.329E-10  6.07122567590464E-20
 1.348E-10  6.23812702836795E-20
 1.366E-10  6.40961659134115E-20
 1.385E-10  6.58582049726948E-20
 1.404E-10  6.76686834604853E-20
 1.423E-10  6.95289330034722E-20
 1.442E-10  7.14403218354955E-20
 1.462E-10  7.34042558038982E-20
 1.482E-10  7.54221794035535E-20
 1.502E-10  7.74955768392879E-20
 1.523E-10  7.96259731175433E-20
 1.543E-10  8.18149351680348E-20
 1.564E-10  8.40640729962383E-20
 1.586E-10  8.63750408675709E-20
 1.607E-10  8.87495385241237E-20
 1.629E-10  9.11893124348403E-20
 1.652E-10  9.36961570800533E-20
 1.674E-10  9.62719162713625E-20
 1.697E-10  9.89184845077613E-20
 1.720E-10  1.01637808369068E-19
 1.744E-10  1.04431887947661E-19
 1.767E-10  1.07302778319562E-19
 1.792E-10  1.10252591055976E-19
 1.816E-10  1.13283495776367E-19
 1.841E-10  1.16397721744222E-19
 1.866E-10  1.19597559506735E-19
 1.891E-10  1.22885362579499E-19
 1.917E-10  1.26263549177560E-19
 1.943E-10  1.29734603994022E-19
 1.970E-10  1.33301080027580E-19
 1.997E-10  1.36965600460295E-19
 2.024E-10  1.40730860586929E-19
 2.052E-10  1.44599629797388E-19
 2.080E-10  1.48574753613653E-19
 2.108E-10  1.52659155782684E-19
 2.137E-10  1.56855840426838E-19
 2.166E-10  1.61167894253470E-19
 2.196E-10  1.65598488825235E-19
 2.226E-10  1.70150882892796E-19
 2.256E-10  1.74828424791666E-19
 2.287E-10  1.79634554904964E-19
 2.318E-10  1.84572808193832E-19
 2.350E-10  1.89646816797454E-19
 2.382E-10  1.94860312704548E-19
 2.414E-10  2.00217130498229E-19
 2.447E-10  2.05721210176451E-19
 2.481E-10  2.11376600049900E-19
 2.515E-10  2.17187459719532E-19
 2.549E-10  2.23158063136052E-19
 2.584E-10  2.29292801743434E-19
 2.619E-10  2.35596187708861E-19
 2.655E-10  2.42072857241518E-19
 2.691E-10  2.48727574002526E-19
 2.728E-10  2.55565232608683E-19
 2.765E-10  2.62590862232510E-19
 2.803E-10  2.69809630301264E-19
 2.841E-10  2.77226846297640E-19
 2.880E-10  2.84847965664964E-19
 2.919E-10  2.92678593819700E-19
 2.959E-10  3.00724490274286E-19
 2.999E-10  3.08991572873408E-19
 3.040E-10  3.17485922146512E-19
 3.082E-10  3.26213785780179E-19
 3.124E-10  3.35181583213385E-19
 3.166E-10  3.44395910359005E-19
 3.210E-10  3.53863544455210E-19
 3.253E-10  3.63591449050163E-19
 3.298E-10  3.73586779123900E-19
 3.343E-10  3.83856886350747E-19
 3.389E-10  3.94409324506644E-19
 3.435E-10  4.05251855025036E-19
 3.482E-10  4.16392452705423E-19
 3.529E-10  4.27839311578987E-19
 3.577E-10  4.39600850935350E-19
 3.626E-10  4.51685721515055E-19
 3.676E-10  4.64102811872301E-19
 3.726E-10  4.76861254912544E-19
 3.777E-10  4.89970434609869E-19
 3.828E-10  5.03439992909011E-19
 3.881E-10  5.17279836817105E-19
 3.934E-10  5.31500145690353E-19
 3.987E-10  5.46111378721103E-19
 4.042E-10  5.61124282630747E-19
 4.097E-10  5.76549899573929E-19
 4.153E-10  5.92399575260222E-19
 4.210E-10  6.08684967299063E-19
 4.267E-10  6.25418053774033E-19
 4.325E-10  6.42611142052822E-19
 4.384E-10  6.60276877839495E-19
 4.444E-10  6.78428254475491E-19
 4.505E-10  6.97078622496419E-19
 4.566E-10  7.16241699451488E-19
 4.629E-10  7.35931579992875E-19
 4.692E-10  7.56162746242641E-19
 4.756E-10  7.76950078444348E-19
 4.821E-10  7.98308865907618E-19
 4.887E-10  8.20254818253751E-19
 4.953E-10  8.42804076970186E-19
 5.021E-10  8.65973227282749E-19
 5.090E-10  8.89779310354382E-19
 5.159E-10  9.14239835818926E-19
 5.230E-10  9.39372794659778E-19
 5.301E-10  9.65196672442436E-19
 5.373E-10  9.91730462910843E-19
 5.447E-10  1.01899368195744E-18
 5.521E-10  1.04700638197725E-18
 5.596E-10  1.07578916661693E-18
 5.673E-10  1.10536320592861E-18
 5.750E-10  1.13575025194097E-18
 5.829E-10  1.16697265465793E-18
 5.908E-10  1.19905337849738E-18
 5.989E-10  1.23201601918184E-18
 6.071E-10  1.26588482109312E-18
 6.154E-10  1.30068469510473E-18
 6.238E-10  1.33644123690369E-18
 6.323E-10  1.37318074581665E-18
 6.409E-10  1.41093024415340E-18
 6.497E-10  1.44971749708184E-18
 6.585E-10  1.48957103304981E-18
 6.675E-10  1.53052016476782E-18
 6.766E-10  1.57259501076910E-18
 6.859E-10  1.61582651756205E-18
 6.952E-10  1.66024648239164E-18
 7.047E-10  1.70588757662670E-18
 7.144E-10  1.75278336979010E-18
 7.241E-10  1.80096835424944E-18
 7.340E-10  1.85047797058661E-18
 7.440E-10  1.90134863366465E-18
 7.542E-10  1.95361775941125E-18
 7.645E-10  2.00732379233883E-18
 7.749E-10  2.06250623382072E-18
 7.855E-10  2.11920567114472E-18
 7.962E-10  2.17746380736557E-18
 8.071E-10  2.23732349197825E-18
 8.181E-10  2.29882875243398E-18
 8.293E-10  2.36202482652292E-18
 8.406E-10  2.42695819564716E-18
 8.521E-10  2.49367661900818E-18
 8.637E-10  2.56222916873429E-18
 8.755E-10  2.63266626597401E-18
 8.874E-10  2.70503971798096E-18
 8.996E-10  2.77940275621853E-18
 9.118E-10  2.85581007551301E-18
 9.243E-10  2.93431787428134E-18
 9.369E-10  3.01498389586603E-18
 9.497E-10  3.09786747100627E-18
 9.627E-10  3.18302956147602E-18
 9.758E-10  3.27053280492196E-18
 9.891E-10  3.36044156093427E-18
 1.003E-09  3.45282195838429E-18
 1.016E-09  3.54774194406226E-18
 1.030E-09  3.64527133265312E-18
 1.044E-09  3.74548185808652E-18
 1.059E-09  3.84844722629742E-18
 1.073E-09  3.95424316943727E-18
 1.088E-09  4.06294750157675E-18
 1.102E-09  4.17464017593833E-18
 1.118E-09  4.28940334370260E-18
 1.133E-09  4.40732141443164E-18
 1.148E-09  4.52848111815296E-18
 1.164E-09  4.65297156915074E-18
 1.180E-09  4.78088433150983E-18
 1.196E-09  4.91231348646252E-18
 1.212E-09  5.04735570158632E-18
 1.229E-09  5.18611030190410E-18
 1.246E-09  5.32867934293787E-18
 1.263E-09  5.47516768577304E-18
 1.280E-09  5.62568307418412E-18
 1.297E-09  5.78033621388104E-18
 1.315E-09  5.93924085393589E-18
 1.333E-09  6.10251387044486E-18
 1.351E-09  6.27027535249284E-18
 1.370E-09  6.44264869048059E-18
 1.388E-09  6.61976066687856E-18
 1.407E-09  6.80174154947763E-18
 1.426E-09  6.98872518720249E-18
 1.446E-09  7.18084910855867E-18
 1.466E-09  7.37825462278654E-18
 1.486E-09  7.58108692379528E-18
 1.506E-09  7.78949519695524E-18
 1.527E-09  8.00363272882506E-18
 1.547E-09  8.22365701989543E-18
 1.568E-09  8.44972990043294E-18
 1.590E-09  8.68201764950757E-18
 1.612E-09  8.92069111729309E-18
 1.634E-09  9.16592585072867E-18
 1.656E-09  9.41790222263613E-18
 1.679E-09  9.67680556438601E-18
 1.701E-09  9.94282630221078E-18
 1.725E-09  1.02161600972652E-17
 1.748E-09  1.04970079895370E-17
 1.772E-09  1.07855765457150E-17
 1.796E-09  1.10820780111204E-17
 1.821E-09  1.13867304658153E-17
 1.846E-09  1.16997579850036E-17
 1.871E-09  1.20213908038405E-17
 1.896E-09  1.23518654867731E-17
 1.922E-09  1.26914251015355E-17
 1.949E-09  1.30403193979284E-17
 1.975E-09  1.33988049915127E-17
 2.002E-09  1.37671455523536E-17
 2.029E-09  1.41456119989509E-17
 2.057E-09  1.45344826975050E-17
 2.085E-09  1.49340436666569E-17
 2.114E-09  1.53445887878569E-17
 2.143E-09  1.57664200215204E-17
 2.172E-09  1.61998476291217E-17
 2.201E-09  1.66451904013934E-17
 2.232E-09  1.71027758928018E-17
 2.262E-09  1.75729406624683E-17
 2.293E-09  1.80560305217091E-17
 2.324E-09  1.85524007883840E-17
 2.356E-09  1.90624165482394E-17
 2.388E-09  1.95864529234306E-17
 2.421E-09  2.01248953484254E-17
 2.454E-09  2.06781398535000E-17
 2.487E-09  2.12465933560240E-17
 2.521E-09  2.18306739597481E-17
 2.556E-09  2.24308112623272E-17
 2.590E-09  2.30474466712926E-17
 2.626E-09  2.36810337287132E-17
 2.662E-09  2.43320384447808E-17
 2.698E-09  2.50009396405626E-17
 2.735E-09  2.56882293001843E-17
 2.772E-09  2.63944129326875E-17
 2.810E-09  2.71200099438343E-17
 2.848E-09  2.78655540181404E-17
 2.887E-09  2.86315935114050E-17
 2.927E-09  2.94186918540271E-17
 2.967E-09  3.02274279654220E-17
 3.007E-09  3.10583966798221E-17
 3.048E-09  3.19122091837782E-17
 3.090E-09  3.27894934656972E-17
 3.132E-09  3.36908947777350E-17
 3.175E-09  3.46170761103890E-17
 3.218E-09  3.55687186801283E-17
 3.262E-09  3.65465224304411E-17
 3.307E-09  3.75512065466476E-17
 3.352E-09  3.85835099848714E-17
 3.398E-09  3.96441920155511E-17
 3.444E-09  4.07340327818834E-17
 3.491E-09  4.18538338736372E-17
 3.539E-09  4.30044189167267E-17
 3.587E-09  4.41866341789954E-17
 3.636E-09  4.54013491926611E-17
 3.685E-09  4.66494573938634E-17
 3.736E-09  4.79318767797900E-17
 3.787E-09  4.92495505838854E-17
 3.838E-09  5.06034479695993E-17
 3.891E-09  5.19945647432182E-17
 3.944E-09  5.34239240862998E-17
 3.998E-09  5.48925773082245E-17
 4.052E-09  5.64016046194488E-17
 4.108E-09  5.79521159260142E-17
 4.164E-09  5.95452516458900E-17
 4.221E-09  6.11821835477695E-17
 4.278E-09  6.28641156129112E-17
 4.337E-09  6.45922849206866E-17
 4.396E-09  6.63679625584609E-17
 4.456E-09  6.81924545564951E-17
 4.517E-09  7.00671028485465E-17
 4.578E-09  7.19932862588713E-17
 4.641E-09  7.39724215163618E-17
 4.704E-09  7.60059642965730E-17
 4.769E-09  7.80954102923919E-17
 4.834E-09  8.02422963141236E-17
 4.900E-09  8.24482014198396E-17
 4.967E-09  8.47147480767908E-17
 5.034E-09  8.70436033547516E-17
 5.103E-09  8.94364801521621E-17
 5.173E-09  9.18951384559868E-17
 5.243E-09  9.44213866362094E-17
 5.315E-09  9.70170827758997E-17
 5.388E-09  9.96841360378631E-17
 5.461E-09  1.02424508068843E-16
 5.536E-09  1.05240214442330E-16
 5.611E-09  1.08133326141052E-16
 5.688E-09  1.11105971080192E-16
 5.765E-09  1.14160335672506E-16
 5.844E-09  1.17298666436433E-16
 5.924E-09  1.20523271648451E-16
 6.005E-09  1.23836523040842E-16
 6.087E-09  1.27240857546102E-16
 6.170E-09  1.30738779089359E-16
 6.254E-09  1.34332860430030E-16
 6.340E-09  1.38025745054101E-16
 6.426E-09  1.41820149118450E-16
 6.514E-09  1.45718863448618E-16
 6.603E-09  1.49724755591473E-16
 6.693E-09  1.53840771924327E-16
 6.784E-09  1.58069939822058E-16
 6.877E-09  1.62415369883719E-16
 6.971E-09  1.66880258220456E-16
 7.066E-09  1.71467888806299E-16
 7.162E-09  1.76181635893513E-16
 7.260E-09  1.81024966494447E-16
 7.359E-09  1.86001442931517E-16
 7.460E-09  1.91114725457345E-16
 7.562E-09  1.96368574946942E-16
 7.665E-09  2.01766855663844E-16
 7.770E-09  2.07313538102307E-16
 7.876E-09  2.13012701907682E-16
 7.983E-09  2.18868538877031E-16
 8.092E-09  2.24885356042231E-16
 8.203E-09  2.31067578837836E-16
 8.315E-09  2.37419754356050E-16
 8.428E-09  2.43946554691140E-16
 8.543E-09  2.50652780375839E-16
 8.660E-09  2.57543363912173E-16
 8.778E-09  2.64623373399369E-16
 8.898E-09  2.71898016261528E-16
 9.019E-09  2.79372643077666E-16
 9.142E-09  2.87052751517201E-16
 9.267E-09  2.94943990383526E-16
 9.394E-09  3.03052163768755E-16
 9.522E-09  3.11383235322690E-16
 9.652E-09  3.19943332639160E-16
 9.784E-09  3.28738751762958E-16
 9.917E-09  3.37775961820573E-16
 1.005E-08  3.47061609778421E-16
 1.019E-08  3.56602525331664E-16
 1.033E-08  3.66405725927531E-16
 1.047E-08  3.76478421926783E-16
 1.061E-08  3.86828021906977E-16
 1.076E-08  3.97462138111559E-16
 1.090E-08  4.08388592048721E-16
 1.105E-08  4.19615420244270E-16
 1.120E-08  4.31150880152533E-16
 1.136E-08  4.43003456229812E-16
 1.151E-08  4.55181866174806E-16
 1.167E-08  4.67695067340556E-16
 1.183E-08  4.80552263322680E-16
 1.199E-08  4.93762910728745E-16
 1.215E-08  5.07336726133657E-16
 1.232E-08  5.21283693226348E-16
 1.249E-08  5.35614070152839E-16
 1.266E-08  5.50338397061266E-16
 1.283E-08  5.65467503854295E-16
 1.301E-08  5.81012518154524E-16
 1.318E-08  5.96984873489088E-16
 1.336E-08  6.13396317699092E-16
 1.355E-08  6.30258921580232E-16
 1.373E-08  6.47585087761103E-16
 1.392E-08  6.65387559825371E-16
 1.411E-08  6.83679431684859E-16
 1.430E-08  7.02474157210234E-16
 1.450E-08  7.21785560126514E-16
 1.470E-08  7.41627844180566E-16
 1.490E-08  7.62015603588002E-16
 1.510E-08  7.82963833767571E-16
 1.531E-08  8.04487942370394E-16
 1.551E-08  8.26603760612311E-16
 1.573E-08  8.49327554918054E-16
 1.594E-08  8.72676038885401E-16
 1.616E-08  8.96666385578083E-16
 1.638E-08  9.21316240156826E-16
 1.660E-08  9.46643732857662E-16
 1.683E-08  9.72667492326732E-16
 1.706E-08  9.99406659321900E-16
 1.729E-08  1.02688090079112E-15
 1.753E-08  1.05511042433749E-15
 1.777E-08  1.08411599308240E-15
 1.801E-08  1.11391894093678E-15
 1.826E-08  1.14454118829247E-15
 1.851E-08  1.17600525814521E-15
 1.876E-08  1.20833429266017E-15
 1.901E-08  1.24155207019331E-15
 1.927E-08  1.27568302278088E-15
 1.954E-08  1.31075225410923E-15
 1.980E-08  1.34678555797880E-15
 2.007E-08  1.38380943727598E-15
 2.035E-08  1.42185112346602E-15
 2.063E-08  1.46093859662212E-15
 2.091E-08  1.50110060600519E-15
 2.119E-08  1.54236669120913E-15
 2.148E-08  1.58476720388766E-15
 2.178E-08  1.62833333007809E-15
 2.207E-08  1.67309711313910E-15
 2.237E-08  1.71909147731899E-15
 2.268E-08  1.76635025197176E-15
 2.299E-08  1.81490819643896E-15
 2.330E-08  1.86480102561572E-15
 2.362E-08  1.91606543621919E-15
 2.394E-08  1.96873913377953E-15
 2.427E-08  2.02286086037287E-15
 2.460E-08  2.07847042311603E-15
 2.494E-08  2.13560872344559E-15
 2.528E-08  2.19431778720121E-15
 2.562E-08  2.25464079553599E-15
 2.597E-08  2.31662211667661E-15
 2.633E-08  2.38030733855685E-15
 2.669E-08  2.44574330234781E-15
 2.705E-08  2.51297813691026E-15
 2.742E-08  2.58206129419388E-15
 2.779E-08  2.65304358560960E-15
 2.817E-08  2.72597721940214E-15
 2.856E-08  2.80091583904940E-15
 2.895E-08  2.87791456271811E-15
 2.934E-08  2.95703002380395E-15
 2.974E-08  3.03832041258538E-15
 3.015E-08  3.12184551902413E-15
 3.056E-08  3.20766677674067E-15
 3.098E-08  3.29584730819935E-15
 3.140E-08  3.38645197113619E-15
 3.183E-08  3.47954740626166E-15
 3.227E-08  3.57520208627627E-15
 3.271E-08  3.67348636623275E-15
 3.315E-08  3.77447253528276E-15
 3.361E-08  3.87823486984686E-15
 3.406E-08  3.98484968824459E-15
 3.453E-08  4.09439540682867E-15
 3.500E-08  4.20695259766072E-15
 3.548E-08  4.32260404777178E-15
 3.596E-08  4.44143482005451E-15
 3.645E-08  4.56353231582708E-15
 3.695E-08  4.68898633911816E-15
 3.746E-08  4.81788916271832E-15
 3.797E-08  4.95033559604777E-15
 3.849E-08  5.08642305489003E-15
 3.901E-08  5.22625163304197E-15
 3.954E-08  5.36992417593415E-15
 4.008E-08  5.51754635627418E-15
 4.063E-08  5.66922675177069E-15
 4.119E-08  5.82507692499302E-15
 4.175E-08  5.98521150542666E-15
 4.232E-08  6.14974827378543E-15
 4.290E-08  6.31880824863887E-15
 4.348E-08  6.49251577542343E-15
 4.408E-08  6.67099861790084E-15
 4.468E-08  6.85438805212775E-15
 4.529E-08  7.04281896301200E-15
 4.591E-08  7.23642994352173E-15
 4.653E-08  7.43536339662167E-15
 4.717E-08  7.63976564001276E-15
 4.781E-08  7.84978701374934E-15
 4.846E-08  8.06558199081614E-15
 4.913E-08  8.28730929074562E-15
 4.980E-08  8.51513199635695E-15
 5.048E-08  8.74921767370529E-15
 5.117E-08  8.98973849532892E-15
 5.186E-08  9.23687136688315E-15
 5.257E-08  9.49079805725710E-15
 5.329E-08  9.75170533226662E-15
 5.402E-08  1.00197850920216E-14
 5.475E-08  1.02952345120718E-14
 5.550E-08  1.05782561884300E-14
 5.626E-08  1.08690582865853E-14
 5.703E-08  1.11678546946105E-14
 5.781E-08  1.14748651804776E-14
 5.860E-08  1.17903155537006E-14
 5.940E-08  1.21144378314213E-14
 6.021E-08  1.24474704090604E-14
 6.103E-08  1.27896582356573E-14
 6.186E-08  1.31412529940364E-14
 6.271E-08  1.35025132859204E-14
 6.356E-08  1.38737048221346E-14
 6.443E-08  1.42551006180401E-14
 6.531E-08  1.46469811943400E-14
 6.620E-08  1.50496347834058E-14
 6.711E-08  1.54633575412727E-14
 6.802E-08  1.58884537654686E-14
 6.895E-08  1.63252361188276E-14
 6.989E-08  1.67740258594547E-14
 7.085E-08  1.72351530770152E-14
 7.181E-08  1.77089569355213E-14
 7.279E-08  1.81957859227890E-14
 7.379E-08  1.86959981067547E-14
 7.479E-08  1.92099613988378E-14
 7.582E-08  1.97380538245433E-14
 7.685E-08  2.02806638015035E-14
 7.790E-08  2.08381904251660E-14
 7.896E-08  2.14110437623275E-14
 8.004E-08  2.19996451527447E-14
 8.113E-08  2.26044275190358E-14
 8.224E-08  2.32258356850987E-14
 8.336E-08  2.38643267032794E-14
 8.450E-08  2.45203701905446E-14
 8.566E-08  2.51944486738880E-14
 8.683E-08  2.58870579452323E-14
 8.801E-08  2.65987074260920E-14
 8.921E-08  2.73299205422538E-14
 9.043E-08  2.80812351087683E-14
 9.167E-08  2.88532037255105E-14
 9.292E-08  2.96463941836309E-14
 9.419E-08  3.04613898831654E-14
 9.547E-08  3.12987902621353E-14
 9.677E-08  3.21592112374420E-14
 9.810E-08  3.30432856578734E-14
 9.944E-08  3.39516637695771E-14
 1.008E-07  3.48850136943191E-14
 1.022E-07  3.58440219208995E-14
 1.036E-07  3.68293938100673E-14
 1.050E-07  3.78418541133222E-14
 1.064E-07  3.88821475059737E-14
 1.079E-07  3.99510391348628E-14
 1.093E-07  4.10493151811343E-14
 1.108E-07  4.21777834384759E-14
 1.123E-07  4.33372739072644E-14
 1.139E-07  4.45286394050396E-14
 1.154E-07  4.57527561937532E-14
 1.170E-07  4.70105246242758E-14
 1.186E-07  4.83028697986146E-14
 1.202E-07  4.96307422503283E-14
 1.219E-07  5.09951186436584E-14
 1.235E-07  5.23970024918782E-14
 1.252E-07  5.38374248953856E-14
 1.269E-07  5.53174453000828E-14
 1.287E-07  5.68381522766160E-14
 1.304E-07  5.84006643210274E-14
 1.322E-07  6.00061306774219E-14
 1.340E-07  6.16557321832442E-14
 1.358E-07  6.33506821377971E-14
 1.377E-07  6.50922271946418E-14
 1.396E-07  6.68816482785176E-14
 1.415E-07  6.87202615274808E-14
 1.434E-07  7.06094192609253E-14
 1.454E-07  7.25505109742373E-14
 1.473E-07  7.45449643607920E-14
 1.494E-07  7.65942463620074E-14
 1.514E-07  7.86998642463291E-14
 1.535E-07  8.08633667178202E-14
 1.556E-07  8.30863450552415E-14
 1.577E-07  8.53704342824857E-14
 1.598E-07  8.77173143711125E-14
 1.620E-07  9.01287114760135E-14
 1.642E-07  9.26063992050114E-14
 1.665E-07  9.51521999233570E-14
 1.687E-07  9.77679860940950E-14
 1.710E-07  1.00455681655299E-13
 1.734E-07  1.03217263435131E-13
 1.757E-07  1.06054762605809E-13
 1.781E-07  1.08970266177577E-13
 1.806E-07  1.11965918533715E-13
 1.830E-07  1.15043923007736E-13
 1.855E-07  1.18206543503980E-13
 1.881E-07  1.21456106162739E-13
 1.906E-07  1.24795001071131E-13
 1.932E-07  1.28225684021060E-13
 1.959E-07  1.31750678315463E-13
 1.986E-07  1.35372576624216E-13
 2.013E-07  1.39094042891096E-13
 2.040E-07  1.42917814293096E-13
 2.068E-07  1.46846703253676E-13
 2.096E-07  1.50883599511329E-13
 2.125E-07  1.55031472244983E-13
 2.154E-07  1.59293372257893E-13
 2.183E-07  1.63672434221513E-13
 2.213E-07  1.68171878981096E-13
 2.243E-07  1.72795015924641E-13
 2.274E-07  1.77545245416972E-13
 2.305E-07  1.82426061300776E-13
 2.336E-07  1.87441053466322E-13
 2.368E-07  1.92593910491865E-13
 2.401E-07  1.97888422356643E-13
 2.433E-07  2.03328483228435E-13
 2.467E-07  2.08918094327760E-13
 2.500E-07  2.14661366870807E-13
 2.534E-07  2.20562525093271E-13
 2.569E-07  2.26625909357337E-13
 2.604E-07  2.32855979344038E-13
 2.640E-07  2.39257317333396E-13
 2.676E-07  2.45834631574740E-13
 2.712E-07  2.52592759749650E-13
 2.749E-07  2.59536672530139E-13
 2.787E-07  2.66671477234606E-13
 2.825E-07  2.74002421584334E-13
 2.863E-07  2.81534897563230E-13
 2.903E-07  2.89274445383669E-13
 2.942E-07  2.97226757561391E-13
 2.982E-07  3.05397683102388E-13
 3.023E-07  3.13793231804887E-13
 3.064E-07  3.22419578679624E-13
 3.106E-07  3.31283068491638E-13
 3.149E-07  3.40390220426893E-13
 3.192E-07  3.49747732887161E-13
 3.235E-07  3.59362488416787E-13
 3.279E-07  3.69241558764895E-13
 3.324E-07  3.79392210086658E-13
 3.369E-07  3.89821908287669E-13
 3.415E-07  4.00538324515139E-13
 3.462E-07  4.11549340800146E-13
 3.509E-07  4.22863055854889E-13
 3.557E-07  4.34487791029380E-13
 3.606E-07  4.46432096431897E-13
 3.655E-07  4.58704757217605E-13
 3.705E-07  4.71314800050198E-13
 3.756E-07  4.84271499740980E-13
 3.807E-07  4.97584386070615E-13
 3.859E-07  5.11263250798459E-13
 3.911E-07  5.25318154864332E-13
 3.965E-07  5.39759435788484E-13
 4.019E-07  5.54597715274965E-13
 4.074E-07  5.69843907023940E-13
 4.129E-07  5.85509224758849E-13
 4.186E-07  6.01605190474088E-13
 4.243E-07  6.18143642909652E-13
 4.301E-07  6.35136746258591E-13
 4.360E-07  6.52596999113858E-13
 4.419E-07  6.70537243661127E-13
 4.479E-07  6.88970675124326E-13
 4.541E-07  7.07910851470858E-13
 4.603E-07  7.27371703383563E-13
 4.665E-07  7.47367544506890E-13
 4.729E-07  7.67913081974634E-13
 4.794E-07  7.89023427227209E-13
 4.859E-07  8.10714107126226E-13
 4.926E-07  8.33001075374619E-13
 4.993E-07  8.55900724250697E-13
 5.061E-07  8.79429896664775E-13
 5.130E-07  9.03605898547346E-13
 5.200E-07  9.28446511577649E-13
 5.271E-07  9.53970006262262E-13
 5.343E-07  9.80195155373280E-13
 5.416E-07  1.00714124775567E-12
 5.490E-07  1.03482810251442E-12
 5.565E-07  1.06327608359184E-12
 5.641E-07  1.09250611474504E-12
 5.718E-07  1.12253969493574E-12
 5.796E-07  1.15339891414301E-12
 5.875E-07  1.18510646961027E-12
 5.955E-07  1.21768568253957E-12
 6.037E-07  1.25116051524444E-12
 6.119E-07  1.28555558877431E-12
 6.202E-07  1.32089620102353E-12
 6.287E-07  1.35720834533800E-12
 6.373E-07  1.39451872963356E-12
 6.460E-07  1.43285479603997E-12
 6.548E-07  1.47224474108462E-12
 6.638E-07  1.51271753643127E-12
 6.728E-07  1.55430295018895E-12
 6.820E-07  1.59703156880676E-12
 6.913E-07  1.64093481957023E-12
 7.008E-07  1.68604499371614E-12
 7.103E-07  1.73239527018338E-12
 7.200E-07  1.78001974001590E-12
 7.298E-07  1.82895343143702E-12
 7.398E-07  1.87923233561308E-12
 7.499E-07  1.93089343312494E-12
 7.602E-07  1.98397472116733E-12
 7.705E-07  2.03851524149651E-12
 7.811E-07  2.09455510914522E-12
 7.917E-07  2.15213554192772E-12
 8.025E-07  2.21129889075588E-12
 8.135E-07  2.27208867078843E-12
 8.246E-07  2.33454959343656E-12
 8.358E-07  2.39872759924925E-12
 8.473E-07  2.46466989170339E-12
 8.588E-07  2.53242497192164E-12
 8.705E-07  2.60204267434542E-12
 8.824E-07  2.67357420338874E-12
 8.945E-07  2.74707217109896E-12
 9.067E-07  2.82259063585313E-12
 9.191E-07  2.90018514211883E-12
 9.316E-07  2.97991276130675E-12
 9.443E-07  3.06183213374748E-12
 9.572E-07  3.14600351182159E-12
 9.703E-07  3.23248880427541E-12
 9.835E-07  3.32135162175550E-12
 9.970E-07  3.41265732359453E-12
 1.011E-06  3.50647306588338E-12
 1.024E-06  3.60286785086425E-12
 1.038E-06  3.70191257768319E-12
 1.053E-06  3.80368009453597E-12
 1.067E-06  3.90824525224841E-12
 1.081E-06  4.01568495932933E-12
 1.096E-06  4.12607823853753E-12
 1.111E-06  4.23950628500321E-12
 1.126E-06  4.35605252594704E-12
 1.142E-06  4.47580268204155E-12
 1.157E-06  4.59884483045868E-12
 1.173E-06  4.72526946965145E-12
 1.189E-06  4.85516958591530E-12
 1.205E-06  4.98864072178010E-12
 1.222E-06  5.12578104628213E-12
 1.239E-06  5.26669142716775E-12
 1.255E-06  5.41147550508170E-12
 1.273E-06  5.56023976979530E-12
 1.290E-06  5.71309363853023E-12
 1.308E-06  5.87014953643473E-12
 1.325E-06  6.03152297927319E-12
 1.344E-06  6.19733265838790E-12
 1.362E-06  6.36770052799699E-12
 1.380E-06  6.54275189489253E-12
 1.399E-06  6.72261551060279E-12
 1.418E-06  6.90742366609041E-12
 1.438E-06  7.09731228905295E-12
 1.457E-06  7.29242104389643E-12
 1.477E-06  7.49289343446048E-12
 1.497E-06  7.69887690956502E-12
 1.518E-06  7.91052297145834E-12
 1.539E-06  8.12798728724874E-12
 1.560E-06  8.35142980339726E-12
 1.581E-06  8.58101486335785E-12
 1.603E-06  8.81691132845334E-12
 1.624E-06  9.05929270207278E-12
 1.647E-06  9.30833725728269E-12
 1.669E-06  9.56422816794767E-12
 1.692E-06  9.82715364345526E-12
 1.715E-06  1.00973070671436E-11
 1.738E-06  1.03748871385339E-11
 1.762E-06  1.06600980194762E-11
 1.786E-06  1.09531494843097E-11
 1.811E-06  1.12542570741503E-11
 1.835E-06  1.15636422554227E-11
 1.860E-06  1.18815325827486E-11
 1.886E-06  1.22081618663128E-11
 1.911E-06  1.25437703438305E-11
 1.938E-06  1.28886048572420E-11
 1.964E-06  1.32429190342642E-11
 1.991E-06  1.36069734749346E-11
 2.018E-06  1.39810359432817E-11
 2.046E-06  1.43653815642651E-11
 2.073E-06  1.47602930261301E-11
 2.102E-06  1.51660607883217E-11
 2.130E-06  1.55829832951214E-11
 2.160E-06  1.60113671951501E-11
 2.189E-06  1.64515275669055E-11
 2.219E-06  1.69037881505047E-11
 2.249E-06  1.73684815857935E-11
 2.280E-06  1.78459496570010E-11
 2.311E-06  1.83365435441216E-11
 2.343E-06  1.88406240812075E-11
 2.375E-06  1.93585620217587E-11
 2.407E-06  1.98907383114127E-11
 2.440E-06  2.04375443681297E-11
 2.473E-06  2.09993823700760E-11
 2.507E-06  2.15766655514272E-11
 2.541E-06  2.21698185062965E-11
 2.576E-06  2.27792775010260E-11
 2.611E-06  2.34054907950572E-11
 2.647E-06  2.40489189706215E-11
 2.683E-06  2.47100352714977E-11
 2.719E-06  2.53893259510808E-11
 2.757E-06  2.60872906300169E-11
 2.794E-06  2.68044426636730E-11
 2.832E-06  2.75413095197080E-11
 2.871E-06  2.82984331660143E-11
 2.910E-06  2.90763704693427E-11
 2.950E-06  2.98756936048666E-11
 2.990E-06  3.06969904770139E-11
 3.031E-06  3.15408651518693E-11
 3.072E-06  3.24079383014565E-11
 3.114E-06  3.32988476602406E-11
 3.157E-06  3.42142484941751E-11
 3.200E-06  3.51548140826461E-11
 3.244E-06  3.61212362136619E-11
 3.288E-06  3.71142256926570E-11
 3.333E-06  3.81345128652854E-11
 3.378E-06  3.91828481545798E-11
 3.424E-06  4.02600026128809E-11
 3.471E-06  4.13667684889427E-11
 3.519E-06  4.25039598106182E-11
 3.567E-06  4.36724129835729E-11
 3.615E-06  4.48729874064464E-11
 3.665E-06  4.61065661029359E-11
 3.715E-06  4.73740563712514E-11
 3.765E-06  4.86763904514164E-11
 3.817E-06  5.00145262109212E-11
 3.869E-06  5.13894478492251E-11
 3.922E-06  5.28021666216261E-11
 3.975E-06  5.42537215830178E-11
 4.030E-06  5.57451803521035E-11
 4.085E-06  5.72776398966171E-11
 4.140E-06  5.88522273401273E-11
 4.197E-06  6.04701007910189E-11
 4.254E-06  6.21324501942674E-11
 4.312E-06  6.38404982066231E-11
 4.371E-06  6.55955010958560E-11
 4.431E-06  6.73987496647284E-11
 4.491E-06  6.92515702003467E-11
 4.553E-06  7.11553254496345E-11
 4.615E-06  7.31114156216079E-11
 4.678E-06  7.51212794172002E-11
 4.742E-06  7.71863950874103E-11
 4.806E-06  7.93082815205166E-11
 4.872E-06  8.14884993592015E-11
 4.938E-06  8.37286521483785E-11
 5.006E-06  8.60303875145594E-11
 5.074E-06  8.83953983776487E-11
 5.144E-06  9.08254241960662E-11
 5.214E-06  9.33222522460746E-11
 5.285E-06  9.58877189362851E-11
 5.357E-06  9.85237111582929E-11
 5.430E-06  1.01232167674450E-10
 5.504E-06  1.04015080543793E-10
 5.579E-06  1.06874496587127E-10
 5.656E-06  1.09812518892442E-10
 5.733E-06  1.12831308361682E-10
 5.811E-06  1.15933085300025E-10
 5.890E-06  1.19120131048872E-10
 5.971E-06  1.22394789663711E-10
 6.052E-06  1.25759469638115E-10
 6.135E-06  1.29216645675126E-10
 6.219E-06  1.32768860507333E-10
 6.304E-06  1.36418726766976E-10
 6.390E-06  1.40168928907487E-10
 6.477E-06  1.44022225177803E-10
 6.565E-06  1.47981449650995E-10
 6.655E-06  1.52049514308649E-10
 6.746E-06  1.56229411182539E-10
 6.838E-06  1.60524214555169E-10
 6.931E-06  1.64937083220812E-10
 7.026E-06  1.69471262808726E-10
 7.122E-06  1.74130088170192E-10
 7.219E-06  1.78916985831187E-10
 7.318E-06  1.83835476512492E-10
 7.418E-06  1.88889177719068E-10
 7.519E-06  1.94081806400579E-10
 7.622E-06  1.99417181685111E-10
 7.726E-06  2.04899227687997E-10
 7.831E-06  2.10531976397845E-10
 7.938E-06  2.16319570641940E-10
 8.046E-06  2.22266267133133E-10
 8.156E-06  2.28376439600474E-10
 8.268E-06  2.34654582005941E-10
 8.380E-06  2.41105311849567E-10
 8.495E-06  2.47733373565423E-10
 8.611E-06  2.54543642010951E-10
 8.728E-06  2.61541126052234E-10
 8.848E-06  2.68730972247809E-10
 8.968E-06  2.76118468633705E-10
 9.091E-06  2.83709048612597E-10
 9.215E-06  2.91508294949821E-10
 9.341E-06  2.99521943879245E-10
 9.468E-06  3.07755889322008E-10
 9.597E-06  3.16216187221232E-10
 9.729E-06  3.24909059995861E-10
 9.861E-06  3.33840901116955E-10
 9.996E-06  3.43018279809799E-10
 1.013E-05  3.52447945885213E-10
 1.027E-05  3.62136834703699E-10
 1.041E-05  3.72092072276047E-10
 1.055E-05  3.82320980504150E-10
 1.070E-05  3.92831082565863E-10
 1.084E-05  4.03630108447879E-10
 1.099E-05  4.14726000630728E-10
 1.114E-05  4.26126919930034E-10
 1.129E-05  4.37841251498326E-10
 1.145E-05  4.49877610991811E-10
 1.160E-05  4.62244850906688E-10
 1.176E-05  4.74952067089678E-10
 1.192E-05  4.88008605427398E-10
 1.209E-05  5.01424068719726E-10
 1.225E-05  5.15208323742086E-10
 1.242E-05  5.29371508501745E-10
 1.259E-05  5.43924039693734E-10
 1.276E-05  5.58876620361652E-10
 1.293E-05  5.74240247768990E-10
 1.311E-05  5.90026221486910E-10
 1.329E-05  6.06246151704261E-10
 1.347E-05  6.22911967766135E-10
 1.365E-05  6.40035926946992E-10
 1.384E-05  6.57630623464957E-10
 1.403E-05  6.75708997744096E-10
 1.422E-05  6.94284345931014E-10
 1.442E-05  7.13370329673150E-10
 1.461E-05  7.32980986165962E-10
 1.481E-05  7.53130738476106E-10
 1.501E-05  7.73834406148554E-10
 1.522E-05  7.95107216105067E-10
 1.543E-05  8.16964813842394E-10
 1.564E-05  8.39423274938309E-10
 1.585E-05  8.62499116873717E-10
 1.607E-05  8.86209311179968E-10
 1.629E-05  9.10571295919858E-10
 1.651E-05  9.35602988511841E-10
 1.673E-05  9.61322798906672E-10
 1.696E-05  9.87749643126204E-10
 1.719E-05  1.01490295717449E-09
 1.743E-05  1.04280271133103E-09
 1.767E-05  1.07146942483702E-09
 1.791E-05  1.10092418098540E-09
 1.815E-05  1.13118864262537E-09
 1.840E-05  1.16228506809340E-09
 1.865E-05  1.19423632758194E-09
 1.891E-05  1.22706591995804E-09
 1.916E-05  1.26079799004442E-09
 1.943E-05  1.29545734637541E-09
 1.969E-05  1.33106947944094E-09
 1.996E-05  1.36766058043201E-09
 2.023E-05  1.40525756050141E-09
 2.051E-05  1.44388807055398E-09
 2.079E-05  1.48358052158051E-09
 2.107E-05  1.52436410555082E-09
 2.136E-05  1.56626881688115E-09
 2.165E-05  1.60932547449129E-09
 2.195E-05  1.65356574446827E-09
 2.225E-05  1.69902216335293E-09
 2.255E-05  1.74572816206641E-09
 2.286E-05  1.79371809049442E-09
 2.317E-05  1.84302724274710E-09
 2.349E-05  1.89369188311336E-09
 2.381E-05  1.94574927272846E-09
 2.413E-05  1.99923769697453E-09
 2.446E-05  2.05419649363427E-09
 2.480E-05  2.11066608181859E-09
 2.514E-05  2.16868799168894E-09
 2.548E-05  2.22830489499711E-09
 2.583E-05  2.28956063646411E-09
 2.618E-05  2.35250026602142E-09
 2.654E-05  2.41717007193862E-09
 2.690E-05  2.48361761486147E-09
 2.727E-05  2.55189176278553E-09
 2.764E-05  2.62204272699087E-09
 2.802E-05  2.69412209896464E-09
 2.840E-05  2.76818288833839E-09
 2.879E-05  2.84427956186814E-09
 2.918E-05  2.92246808348558E-09
 2.958E-05  3.00280595545031E-09
 2.998E-05  3.08535226063309E-09
 3.039E-05  3.17016770596109E-09
 3.080E-05  3.25731466705726E-09
 3.123E-05  3.34685723410666E-09
 3.165E-05  3.43886125898321E-09
 3.208E-05  3.53339440367185E-09
 3.252E-05  3.63052619002152E-09
 3.297E-05  3.73032805086544E-09
 3.342E-05  3.83287338254633E-09
 3.387E-05  3.93823759888540E-09
 3.433E-05  4.04649818663454E-09
 3.480E-05  4.15773476245225E-09
 3.528E-05  4.27202913144606E-09
 3.576E-05  4.38946534732326E-09
 3.625E-05  4.51012977419513E-09
 3.674E-05  4.63411115007968E-09
 3.724E-05  4.76150065214942E-09
 3.775E-05  4.89239196377267E-09
 3.827E-05  5.02688134339730E-09
 3.879E-05  5.16506769532706E-09
 3.932E-05  5.30705264244376E-09
 3.986E-05  5.45294060092791E-09
 4.040E-05  5.60283885703193E-09
 4.095E-05  5.75685764596456E-09
 4.151E-05  5.91511023294272E-09
 4.208E-05  6.07771299647016E-09
 4.265E-05  6.24478551390566E-09
 4.324E-05  6.41645064938254E-09
 4.383E-05  6.59283464414384E-09
 4.442E-05  6.77406720936119E-09
 4.503E-05  6.96028162150314E-09
 4.565E-05  7.15161482032502E-09
 4.627E-05  7.34820750955183E-09
 4.690E-05  7.55020426032737E-09
 4.754E-05  7.75775361750744E-09
 4.819E-05  7.97100820887234E-09
 4.885E-05  8.19012485734180E-09
 4.951E-05  8.41526469627390E-09
 5.019E-05  8.64659328793093E-09
 5.088E-05  8.88428074520254E-09
 5.157E-05  9.12850185667250E-09
 5.227E-05  9.37943621512306E-09
 5.299E-05  9.63726834956996E-09
 5.371E-05  9.90218786092617E-09
 5.445E-05  1.01743895613937E-08
 5.519E-05  1.04540736176857E-08
 5.594E-05  1.07414456981832E-08
 5.671E-05  1.10367171241373E-08
 5.748E-05  1.13401050250254E-08
 5.826E-05  1.16518324981756E-08
 5.906E-05  1.19721287727789E-08
 5.987E-05  1.23012293784071E-08
 6.068E-05  1.26393763181617E-08
 6.151E-05  1.29868182465802E-08
 6.235E-05  1.33438106524318E-08
 6.320E-05  1.37106160465347E-08
 6.407E-05  1.40875041547346E-08
 6.494E-05  1.44747521161867E-08
 6.583E-05  1.48726446870842E-08
 6.673E-05  1.52814744499862E-08
 6.764E-05  1.57015420288963E-08
 6.856E-05  1.61331563102511E-08
 6.950E-05  1.65766346699807E-08
 7.045E-05  1.70323032068086E-08
 7.141E-05  1.75004969819601E-08
 7.238E-05  1.79815602654584E-08
 7.337E-05  1.84758467891880E-08
 7.437E-05  1.89837200069091E-08
 7.539E-05  1.95055533614192E-08
 7.642E-05  2.00417305590514E-08
 7.746E-05  2.05926458517164E-08
 7.852E-05  2.11587043266949E-08
 7.959E-05  2.17403222043886E-08
 8.068E-05  2.23379271442538E-08
 8.178E-05  2.29519585591395E-08
 8.289E-05  2.35828679382626E-08
 8.403E-05  2.42311191790544E-08
 8.517E-05  2.48971889281260E-08
 8.634E-05  2.55815669315994E-08
 8.751E-05  2.62847563950636E-08
 8.871E-05  2.70072743534221E-08
 8.992E-05  2.77496520508954E-08
 9.115E-05  2.85124353314687E-08
 9.239E-05  2.92961850400632E-08
 9.365E-05  3.01014774347269E-08
 9.493E-05  3.09289046101523E-08
 9.623E-05  3.17790749328257E-08
 9.754E-05  3.26526134881307E-08
 9.887E-05  3.35501625397356E-08
 1.002E-04  3.44723820015977E-08
 1.016E-04  3.54199499229358E-08
 1.030E-04  3.63935629865239E-08
 1.044E-04  3.73939370206715E-08
 1.058E-04  3.84218075252691E-08
 1.073E-04  3.94779302122842E-08
 1.087E-04  4.05630815610999E-08
 1.102E-04  4.16780593891127E-08
 1.117E-04  4.28236834380010E-08
 1.132E-04  4.40007959760947E-08
 1.148E-04  4.52102624172948E-08
 1.163E-04  4.64529719569903E-08
 1.179E-04  4.77298382254401E-08
 1.195E-04  4.90417999591044E-08
 1.212E-04  5.03898216904122E-08
 1.228E-04  5.17748944564734E-08
 1.245E-04  5.31980365272591E-08
 1.262E-04  5.46602941537767E-08
 1.279E-04  5.61627423367967E-08
 1.297E-04  5.77064856166912E-08
 1.314E-04  5.92926588849628E-08
 1.332E-04  6.09224282180627E-08
 1.351E-04  6.25969917341088E-08
 1.369E-04  6.43175804731283E-08
 1.388E-04  6.60854593014753E-08
 1.407E-04  6.79019278410888E-08
 1.426E-04  6.97683214242643E-08
 1.445E-04  7.16860120746467E-08
 1.465E-04  7.36564095151637E-08
 1.485E-04  7.56809622036344E-08
 1.505E-04  7.77611583968187E-08
 1.526E-04  7.98985272436827E-08
 1.547E-04  8.20946399086829E-08
 1.568E-04  8.43511107259001E-08
 1.589E-04  8.66695983848577E-08
 1.611E-04  8.90518071489012E-08
 1.633E-04  9.14994881070344E-08
 1.655E-04  9.40144404601227E-08
 1.678E-04  9.65985128424155E-08
 1.701E-04  9.92536046793465E-08
 1.724E-04  1.01981667582619E-07
 1.748E-04  1.04784706783591E-07
 1.771E-04  1.07664782606011E-07
 1.796E-04  1.10624011979187E-07
 1.820E-04  1.13664569992704E-07
 1.845E-04  1.16788691493811E-07
 1.870E-04  1.19998672728672E-07
 1.896E-04  1.23296873028663E-07
 1.922E-04  1.26685716542970E-07
 1.948E-04  1.30167694018738E-07
 1.974E-04  1.33745364630095E-07
 2.001E-04  1.37421357857376E-07
 2.029E-04  1.41198375417936E-07
 2.056E-04  1.45079193249951E-07
 2.084E-04  1.49066663550688E-07
 2.113E-04  1.53163716870699E-07
 2.142E-04  1.57373364265515E-07
 2.171E-04  1.61698699506382E-07
 2.201E-04  1.66142901351678E-07
 2.231E-04  1.70709235880665E-07
 2.261E-04  1.75401058891301E-07
 2.292E-04  1.80221818363843E-07
 2.323E-04  1.85175056992068E-07
 2.355E-04  1.90264414783953E-07
 2.387E-04  1.95493631733729E-07
 2.420E-04  2.00866550567255E-07
 2.453E-04  2.06387119562722E-07
 2.486E-04  2.12059395448769E-07
 2.520E-04  2.17887546382111E-07
 2.555E-04  2.23875855006871E-07
 2.589E-04  2.30028721597861E-07
 2.625E-04  2.36350667290092E-07
 2.661E-04  2.42846337396899E-07
 2.697E-04  2.49520504819105E-07
 2.734E-04  2.56378073547703E-07
 2.771E-04  2.63424082262639E-07
 2.809E-04  2.70663708030323E-07
 2.847E-04  2.78102270102565E-07
 2.886E-04  2.85745233819732E-07
 2.926E-04  2.93598214620963E-07
 2.965E-04  3.01666982164393E-07
 3.006E-04  3.09957464560385E-07
 3.047E-04  3.18475752720882E-07
 3.089E-04  3.27228104828039E-07
 3.131E-04  3.36220950925428E-07
 3.174E-04  3.45460897635156E-07
 3.217E-04  3.54954733004345E-07
 3.261E-04  3.64709431484531E-07
 3.305E-04  3.74732159047613E-07
 3.350E-04  3.85030278442081E-07
 3.396E-04  3.95611354593399E-07
 3.442E-04  4.06483160152448E-07
 3.489E-04  4.17653681196118E-07
 3.537E-04  4.29131123084192E-07
 3.585E-04  4.40923916476821E-07
 3.634E-04  4.53040723516970E-07
 3.684E-04  4.65490444182358E-07
 3.734E-04  4.78282222811543E-07
 3.785E-04  4.91425454808899E-07
 3.837E-04  5.04929793533392E-07
 3.889E-04  5.18805157376200E-07
 3.942E-04  5.33061737032311E-07
 3.996E-04  5.47710002971454E-07
 4.051E-04  5.62760713113768E-07
 4.106E-04  5.78224920715854E-07
 4.162E-04  5.94113982472949E-07
 4.219E-04  6.10439566843127E-07
 4.277E-04  6.27213662599623E-07
 4.335E-04  6.44448587617499E-07
 4.394E-04  6.62156997901080E-07
 4.454E-04  6.80351896858744E-07
 4.515E-04  6.99046644831811E-07
 4.577E-04  7.18254968884517E-07
 4.639E-04  7.37990972862181E-07
 4.702E-04  7.58269147724918E-07
 4.767E-04  7.79104382164427E-07
 4.832E-04  8.00511973511588E-07
 4.898E-04  8.22507638942842E-07
 4.965E-04  8.45107526993488E-07
 5.032E-04  8.68328229386313E-07
 5.101E-04  8.92186793184171E-07
 5.171E-04  9.16700733275354E-07
 5.241E-04  9.41888045200870E-07
 5.313E-04  9.67767218332947E-07
 5.385E-04  9.94357249414381E-07
 5.459E-04  1.02167765646857E-06
 5.533E-04  1.04974849309042E-06
 5.609E-04  1.07859036312839E-06
 5.686E-04  1.10822443576854E-06
 5.763E-04  1.13867246103143E-06
 5.842E-04  1.16995678569320E-06
 5.922E-04  1.20210036964240E-06
 6.002E-04  1.23512680268452E-06
 6.084E-04  1.26906032180629E-06
 6.167E-04  1.30392582891254E-06
 6.252E-04  1.33974890904832E-06
 6.337E-04  1.37655584911962E-06
 6.423E-04  1.41437365712626E-06
 6.511E-04  1.45323008192100E-06
 6.600E-04  1.49315363350909E-06
 6.690E-04  1.53417360390318E-06
 6.782E-04  1.57632008854861E-06
 6.874E-04  1.61962400833468E-06
 6.968E-04  1.66411713220794E-06
 7.063E-04  1.70983210040383E-06
 7.160E-04  1.75680244831352E-06
 7.257E-04  1.80506263100352E-06
 7.356E-04  1.85464804840537E-06
 7.457E-04  1.90559507119429E-06
 7.559E-04  1.95794106737499E-06
 7.662E-04  2.01172442959432E-06
 7.766E-04  2.06698460320044E-06
 7.872E-04  2.12376211506870E-06
 7.980E-04  2.18209860321546E-06
 8.089E-04  2.24203684722093E-06
 8.199E-04  2.30362079948338E-06
 8.311E-04  2.36689561732716E-06
 8.425E-04  2.43190769598793E-06
 8.540E-04  2.49870470249884E-06
 8.656E-04  2.56733561050235E-06
 8.774E-04  2.63785073601269E-06
 8.894E-04  2.71030177415508E-06
 9.016E-04  2.78474183690806E-06
 9.139E-04  2.86122549187634E-06
 9.264E-04  2.93980880212228E-06
 9.390E-04  3.02054936708457E-06
 9.518E-04  3.10350636461393E-06
 9.648E-04  3.18874059415611E-06
 9.780E-04  3.27631452111325E-06
 9.913E-04  3.36629232241590E-06
 1.005E-03  3.45873993333842E-06
 1.019E-03  3.55372509559161E-06
 1.032E-03  3.65131740672721E-06
 1.047E-03  3.75158837089012E-06
 1.061E-03  3.85461145095467E-06
 1.075E-03  3.96046212208273E-06
 1.090E-03  4.06921792674222E-06
 1.105E-03  4.18095853122565E-06
 1.120E-03  4.29576578370940E-06
 1.135E-03  4.41372377389565E-06
 1.151E-03  4.53491889427981E-06
 1.167E-03  4.65943990308756E-06
 1.182E-03  4.78737798892686E-06
 1.199E-03  4.91882683720141E-06
 1.215E-03  5.05388269833331E-06
 1.232E-03  5.19264445784401E-06
 1.248E-03  5.33521370834381E-06
 1.265E-03  5.48169482348185E-06
 1.283E-03  5.63219503390954E-06
 1.300E-03  5.78682450531193E-06
 1.318E-03  5.94569641856327E-06
 1.336E-03  6.10892705206407E-06
 1.354E-03  6.27663586631877E-06
 1.373E-03  6.44894559081472E-06
 1.391E-03  6.62598231326468E-06
 1.410E-03  6.80787557127694E-06
 1.430E-03  6.99475844651845E-06
 1.449E-03  7.18676766143866E-06
 1.469E-03  7.38404367862318E-06
 1.489E-03  7.58673080284842E-06
 1.509E-03  7.79497728590995E-06
 1.530E-03  8.00893543430002E-06
 1.551E-03  8.22876171981064E-06
 1.572E-03  8.45461689314171E-06
 1.593E-03  8.68666610059498E-06
 1.615E-03  8.92507900393732E-06
 1.637E-03  9.17002990351882E-06
 1.660E-03  9.42169786473349E-06
 1.682E-03  9.68026684791262E-06
 1.705E-03  9.94592584174358E-06
 1.729E-03  1.02188690003090E-05
 1.752E-03  1.04992957838435E-05
 1.776E-03  1.07874111033093E-05
 1.800E-03  1.10834254688917E-05
 1.825E-03  1.13875551425221E-05
 1.850E-03  1.17000222945351E-05
 1.875E-03  1.20210551645721E-05
 1.901E-03  1.23508882268456E-05
 1.927E-03  1.26897623598804E-05
 1.953E-03  1.30379250208538E-05
 1.980E-03  1.33956304246563E-05
 2.007E-03  1.37631397278021E-05
 2.034E-03  1.41407212173171E-05
 2.062E-03  1.45286505047406E-05
 2.090E-03  1.49272107253751E-05
 2.118E-03  1.53366927429280E-05
 2.147E-03  1.57573953596881E-05
 2.177E-03  1.61896255323848E-05
 2.206E-03  1.66336985938844E-05
 2.236E-03  1.70899384808779E-05
 2.267E-03  1.75586779677218E-05
 2.298E-03  1.80402589065963E-05
 2.329E-03  1.85350324741507E-05
 2.361E-03  1.90433594248081E-05
 2.393E-03  1.95656103509092E-05
 2.426E-03  2.01021659498767E-05
 2.459E-03  2.06534172985891E-05
 2.493E-03  2.12197661351551E-05
 2.527E-03  2.18016251482878E-05
 2.561E-03  2.23994182744801E-05
 2.596E-03  2.30135810031904E-05
 2.632E-03  2.36445606902522E-05
 2.668E-03  2.42928168797260E-05
 2.704E-03  2.49588216344193E-05
 2.741E-03  2.56430598753053E-05
 2.778E-03  2.63460297300774E-05
 2.816E-03  2.70682428910820E-05
 2.855E-03  2.78102249828796E-05
 2.894E-03  2.85725159396902E-05
 2.933E-03  2.93556703929851E-05
 2.973E-03  3.01602580694954E-05
 3.014E-03  3.09868641999129E-05
 3.055E-03  3.18360899385676E-05
 3.097E-03  3.27085527943726E-05
 3.139E-03  3.36048870733356E-05
 3.182E-03  3.45257443329427E-05
 3.225E-03  3.54717938487292E-05
 3.269E-03  3.64437230933601E-05
 3.314E-03  3.74422382285503E-05
 3.359E-03  3.84680646101660E-05
 3.405E-03  3.95219473068519E-05
 3.452E-03  4.06046516325457E-05
 3.499E-03  4.17169636932427E-05
 3.546E-03  4.28596909483884E-05
 3.595E-03  4.40336627872836E-05
 3.644E-03  4.52397311208986E-05
 3.694E-03  4.64787709895005E-05
 3.744E-03  4.77516811865109E-05
 3.795E-03  4.90593848990206E-05
 3.847E-03  5.04028303653977E-05
 3.900E-03  5.17829915504399E-05
 3.953E-03  5.32008688385295E-05
 4.007E-03  5.46574897452641E-05
 4.061E-03  5.61539096480467E-05
 4.117E-03  5.76912125361328E-05
 4.173E-03  5.92705117806407E-05
 4.230E-03  6.08929509250509E-05
 4.288E-03  6.25597044967265E-05
 4.346E-03  6.42719788400054E-05
 4.406E-03  6.60310129714261E-05
 4.466E-03  6.78380794576647E-05
 4.527E-03  6.96944853167738E-05
 4.589E-03  7.16015729433315E-05
 4.651E-03  7.35607210581190E-05
 4.715E-03  7.55733456829681E-05
 4.779E-03  7.76409011414289E-05
 4.844E-03  7.97648810859300E-05
 4.911E-03  8.19468195521144E-05
 4.978E-03  8.41882920410588E-05
 5.046E-03  8.64909166300954E-05
 5.114E-03  8.88563551129745E-05
 5.184E-03  9.12863141701285E-05
 5.255E-03  9.37825465698116E-05
 5.327E-03  9.63468524009119E-05
 5.400E-03  9.89810803382512E-05
 5.473E-03  1.01687128941209E-04
 5.548E-03  1.04466947986524E-04
 5.624E-03  1.07322539836156E-04
 5.700E-03  1.10255960841106E-04
 5.778E-03  1.13269322782104E-04
 5.857E-03  1.16364794348131E-04
 5.937E-03  1.19544602653722E-04
 6.018E-03  1.22811034796049E-04
 6.100E-03  1.26166439452796E-04
 6.184E-03  1.29613228521872E-04
 6.268E-03  1.33153878804014E-04
 6.354E-03  1.36790933729383E-04
 6.440E-03  1.40527005129261E-04
 6.528E-03  1.44364775053999E-04
 6.617E-03  1.48306997638383E-04
 6.708E-03  1.52356501015619E-04
 6.799E-03  1.56516189281160E-04
 6.892E-03  1.60789044507648E-04
 6.986E-03  1.65178128812234E-04
 7.082E-03  1.69686586477622E-04
 7.178E-03  1.74317646128161E-04
 7.276E-03  1.79074622962384E-04
 7.376E-03  1.83960921043398E-04
 7.476E-03  1.88980035648580E-04
 7.578E-03  1.94135555680054E-04
 7.682E-03  1.99431166137468E-04
 7.787E-03  2.04870650654622E-04
 7.893E-03  2.10457894101533E-04
 8.001E-03  2.16196885253571E-04
 8.110E-03  2.22091719529307E-04
 8.221E-03  2.28146601798804E-04
 8.333E-03  2.34365849264056E-04
 8.447E-03  2.40753894413388E-04
 8.562E-03  2.47315288051611E-04
 8.679E-03  2.54054702407813E-04
 8.798E-03  2.60976934322677E-04
 8.918E-03  2.68086908517278E-04
 9.039E-03  2.75389680945356E-04
 9.163E-03  2.82890442231090E-04
 9.288E-03  2.90594521194461E-04
 9.415E-03  2.98507388466338E-04
 9.543E-03  3.06634660195448E-04
 9.674E-03  3.14982101849463E-04
 9.806E-03  3.23555632112481E-04
 9.940E-03  3.32361326881207E-04
 1.008E-02  3.41405423362229E-04
 1.021E-02  3.50694324272795E-04
 1.035E-02  3.60234602147576E-04
 1.049E-02  3.70033003753949E-04
 1.064E-02  3.80096454618384E-04
 1.078E-02  3.90432063666566E-04
 1.093E-02  4.01047127979957E-04
 1.108E-02  4.11949137671561E-04
 1.123E-02  4.23145780883675E-04
 1.138E-02  4.34644948910528E-04
 1.154E-02  4.46454741448715E-04
 1.170E-02  4.58583471978429E-04
 1.186E-02  4.71039673278533E-04
 1.202E-02  4.83832103078600E-04
 1.218E-02  4.96969749851082E-04
 1.235E-02  5.10461838746860E-04
 1.252E-02  5.24317837677481E-04
 1.269E-02  5.38547463547447E-04
 1.286E-02  5.53160688640006E-04
 1.304E-02  5.68167747159936E-04
 1.321E-02  5.83579141936916E-04
 1.339E-02  5.99405651293104E-04
 1.358E-02  6.15658336078663E-04
 1.376E-02  6.32348546878987E-04
 1.395E-02  6.49487931397510E-04
 1.414E-02  6.67088442018011E-04
 1.433E-02  6.85162343550417E-04
 1.453E-02  7.03722221164173E-04
 1.473E-02  7.22780988513339E-04
 1.493E-02  7.42351896057619E-04
 1.513E-02  7.62448539583625E-04
 1.534E-02  7.83084868930754E-04
 1.555E-02  8.04275196926113E-04
 1.576E-02  8.26034208533033E-04
 1.598E-02  8.48376970217745E-04
 1.619E-02  8.71318939538933E-04
 1.642E-02  8.94875974964887E-04
 1.664E-02  9.19064345923101E-04
 1.687E-02  9.43900743087229E-04
 1.710E-02  9.69402288906378E-04
 1.733E-02  9.95586548381811E-04
 1.757E-02  1.02247154009620E-03
 1.781E-02  1.05007574750063E-03
 1.805E-02  1.07841813046469E-03
 1.830E-02  1.10751813709499E-03
 1.855E-02  1.13739571582756E-03
 1.880E-02  1.16807132779967E-03
 1.906E-02  1.19956595950663E-03
 1.932E-02  1.23190113574933E-03
 1.958E-02  1.26509893287813E-03
 1.985E-02  1.29918199233905E-03
 2.012E-02  1.33417353452812E-03
 2.039E-02  1.37009737295970E-03
 2.067E-02  1.40697792875510E-03
 2.095E-02  1.44484024545723E-03
 2.124E-02  1.48371000417774E-03
 2.153E-02  1.52361353908270E-03
 2.182E-02  1.56457785322315E-03
 2.212E-02  1.60663063471685E-03
 2.242E-02  1.64980027328759E-03
 2.273E-02  1.69411587716864E-03
 2.304E-02  1.73960729037662E-03
 2.335E-02  1.78630511036246E-03
 2.367E-02  1.83424070604611E-03
 2.400E-02  1.88344623624138E-03
 2.432E-02  1.93395466847782E-03
 2.466E-02  1.98579979822617E-03
 2.499E-02  2.03901626853414E-03
 2.533E-02  2.09363959007927E-03
 2.568E-02  2.14970616164557E-03
 2.603E-02  2.20725329103074E-03
 2.639E-02  2.26631921639077E-03
 2.675E-02  2.32694312802852E-03
 2.711E-02  2.38916519063326E-03
 2.748E-02  2.45302656597772E-03
 2.786E-02  2.51856943607945E-03
 2.824E-02  2.58583702683314E-03
 2.862E-02  2.65487363212059E-03
 2.901E-02  2.72572463840484E-03
 2.941E-02  2.79843654981509E-03
 2.981E-02  2.87305701372878E-03
 3.022E-02  2.94963484685730E-03
 3.063E-02  3.02822006184163E-03
 3.105E-02  3.10886389436401E-03
 3.147E-02  3.19161883078188E-03
 3.190E-02  3.27653863628993E-03
 3.234E-02  3.36367838361612E-03
 3.278E-02  3.45309448225742E-03
 3.323E-02  3.54484470826069E-03
 3.368E-02  3.63898823455399E-03
 3.414E-02  3.73558566183361E-03
 3.461E-02  3.83469905001159E-03
 3.508E-02  3.93639195022845E-03
 3.556E-02  4.04072943743557E-03
 3.604E-02  4.14777814355142E-03
 3.654E-02  4.25760629119546E-03
 3.703E-02  4.37028372800322E-03
 3.754E-02  4.48588196152603E-03
 3.805E-02  4.60447419471787E-03
 3.857E-02  4.72613536201233E-03
 3.910E-02  4.85094216599129E-03
 3.963E-02  4.97897311464739E-03
 4.017E-02  5.11030855924116E-03
 4.072E-02  5.24503073275386E-03
 4.128E-02  5.38322378893590E-03
 4.184E-02  5.52497384195087E-03
 4.241E-02  5.67036900661388E-03
 4.299E-02  5.81949943922304E-03
 4.358E-02  5.97245737898177E-03
 4.417E-02  6.12933719000903E-03
 4.478E-02  6.29023540393411E-03
 4.539E-02  6.45525076307145E-03
 4.601E-02  6.62448426417067E-03
 4.664E-02  6.79803920273563E-03
 4.727E-02  6.97602121790585E-03
 4.792E-02  7.15853833789259E-03
 4.857E-02  7.34570102596081E-03
 4.924E-02  7.53762222694746E-03
 4.991E-02  7.73441741430513E-03
 5.059E-02  7.93620463765948E-03
 5.128E-02  8.14310457086714E-03
 5.198E-02  8.35524056056002E-03
 5.269E-02  8.57273867516050E-03
 5.341E-02  8.79572775435051E-03
 5.414E-02  9.02433945897650E-03
 5.488E-02  9.25870832137036E-03
 5.563E-02  9.49897179606529E-03
 5.639E-02  9.74527031088381E-03
 5.716E-02  9.99774731837337E-03
 5.794E-02  1.02565493475636E-02
 5.873E-02  1.05218260560169E-02
 5.953E-02  1.07937302821437E-02
 6.034E-02  1.10724180977486E-02
 6.116E-02  1.13580488607763E-02
 6.200E-02  1.16507852682191E-02
 6.285E-02  1.19507934091496E-02
 6.370E-02  1.22582428178379E-02
 6.457E-02  1.25733065269101E-02
 6.546E-02  1.28961611205047E-02
 6.635E-02  1.32269867873772E-02
 6.725E-02  1.35659673739046E-02
 6.817E-02  1.39132904369369E-02
 6.910E-02  1.42691472964383E-02
 7.005E-02  1.46337330878616E-02
 7.100E-02  1.50072468141933E-02
 7.197E-02  1.53898913976052E-02
 7.296E-02  1.57818737306441E-02
 7.395E-02  1.61834047268894E-02
 7.496E-02  1.65946993710038E-02
 7.598E-02  1.70159767680984E-02
 7.702E-02  1.74474601923322E-02
 7.807E-02  1.78893771346584E-02
 7.914E-02  1.83419593496307E-02
 8.022E-02  1.88054429011747E-02
 8.132E-02  1.92800682072275E-02
 8.243E-02  1.97660800831448E-02
 8.355E-02  2.02637277837688E-02
 8.469E-02  2.07732650440473E-02
 8.585E-02  2.12949501180889E-02
 8.702E-02  2.18290458165353E-02
 8.821E-02  2.23758195421256E-02
 8.941E-02  2.29355433233249E-02
 9.063E-02  2.35084938458817E-02
 9.187E-02  2.40949524821754E-02
 9.312E-02  2.46952053182092E-02
 9.440E-02  2.53095431780989E-02
 9.568E-02  2.59382616459015E-02
 9.699E-02  2.65816610846223E-02
 9.831E-02  2.72400466522352E-02
 9.966E-02  2.79137283145418E-02
 1.010E-01  2.86030208546916E-02
 1.024E-01  2.93082438791789E-02
 1.038E-01  3.00297218201250E-02
 1.052E-01  3.07677839336489E-02
 1.066E-01  3.15227642941238E-02
 1.081E-01  3.22950017841085E-02
 1.096E-01  3.30848400797382E-02
 1.111E-01  3.38926276313520E-02
 1.126E-01  3.47187176391271E-02
 1.141E-01  3.55634680234834E-02
 1.157E-01  3.64272413900163E-02
 1.173E-01  3.73104049887078E-02
 1.189E-01  3.82133306671584E-02
 1.205E-01  3.91363948175776E-02
 1.221E-01  4.00799783172623E-02
 1.238E-01  4.10444664622851E-02
 1.255E-01  4.20302488941101E-02
 1.272E-01  4.30377195188445E-02
 1.289E-01  4.40672764188279E-02
 1.307E-01  4.51193217562559E-02
 1.325E-01  4.61942616685267E-02
 1.343E-01  4.72925061549931E-02
 1.361E-01  4.84144689547963E-02
 1.380E-01  4.95605674154501E-02
 1.399E-01  5.07312223518409E-02
 1.418E-01  5.19268578952999E-02
 1.437E-01  5.31479013323985E-02
 1.457E-01  5.43947829331162E-02
 1.477E-01  5.56679357680178E-02
 1.497E-01  5.69677955140796E-02
 1.517E-01  5.82948002487936E-02
 1.538E-01  5.96493902321773E-02
 1.559E-01  6.10320076763116E-02
 1.580E-01  6.24430965020270E-02
 1.602E-01  6.38831020823527E-02
 1.624E-01  6.53524709723440E-02
 1.646E-01  6.68516506248968E-02
 1.668E-01  6.83810890921613E-02
 1.691E-01  6.99412347121623E-02
 1.714E-01  7.15325357802343E-02
 1.738E-01  7.31554402048807E-02
 1.761E-01  7.48103951476658E-02
 1.785E-01  7.64978466467530E-02
 1.810E-01  7.82182392237006E-02
 1.834E-01  7.99720154731358E-02
 1.860E-01  8.17596156349262E-02
 1.885E-01  8.35814771484794E-02
 1.911E-01  8.54380341888026E-02
 1.937E-01  8.73297171839647E-02
 1.963E-01  8.92569523136116E-02
 1.990E-01  9.12201609881955E-02
 2.017E-01  9.32197593085880E-02
 2.045E-01  9.52561575057646E-02
 2.073E-01  9.73297593602557E-02
 2.101E-01  9.94409616010802E-02
 2.130E-01  1.01590153283891E-01
 2.159E-01  1.03777715148082E-01
 2.188E-01  1.06004018952629E-01
 2.218E-01  1.08269426790452E-01
 2.248E-01  1.10574290381114E-01
 2.279E-01  1.12918950341704E-01
 2.310E-01  1.15303735435767E-01
 2.342E-01  1.17728961800180E-01
 2.374E-01  1.20194932149904E-01
 2.406E-01  1.22701934960582E-01
 2.439E-01  1.25250243628966E-01
 2.472E-01  1.27840115611237E-01
 2.506E-01  1.30471791539271E-01
 2.540E-01  1.33145494314986E-01
 2.575E-01  1.35861428182936E-01
 2.610E-01  1.38619777781366E-01
 2.646E-01  1.41420707171982E-01
 2.682E-01  1.44264358848779E-01
 2.718E-01  1.47150852726273E-01
 2.755E-01  1.50080285107582E-01
 2.793E-01  1.53052727632858E-01
 2.831E-01  1.56068226208600E-01
 2.870E-01  1.59126799918501E-01
 2.909E-01  1.62228439916495E-01
 2.949E-01  1.65373108302785E-01
 2.989E-01  1.68560736983679E-01
 3.030E-01  1.71791226516162E-01
 3.071E-01  1.75064444938183E-01
 3.113E-01  1.78380226585748E-01
 3.156E-01  1.81738370897981E-01
 3.199E-01  1.85138641211400E-01
 3.242E-01  1.88580763544752E-01
 3.287E-01  1.92064425375851E-01
 3.331E-01  1.95589274411930E-01
 3.377E-01  1.99154917355163E-01
 3.423E-01  2.02760918665062E-01
 3.470E-01  2.06406799319587E-01
 3.517E-01  2.10092035576913E-01
 3.565E-01  2.13816057739878E-01
 3.614E-01  2.17578248925272E-01
 3.663E-01  2.21377943840214E-01
 3.713E-01  2.25214427567990E-01
 3.764E-01  2.29086934365822E-01
 3.815E-01  2.32994646477156E-01
 3.867E-01  2.36936692961170E-01
 3.920E-01  2.40912148542313E-01
 3.974E-01  2.44920032482798E-01
 4.028E-01  2.48959307481070E-01
 4.083E-01  2.53028878599419E-01
 4.139E-01  2.57127592223957E-01
 4.195E-01  2.61254235060350E-01
 4.252E-01  2.65407533168746E-01
 4.311E-01  2.69586151041481E-01
 4.369E-01  2.73788690727219E-01
 4.429E-01  2.78013691005304E-01
 4.489E-01  2.82259626614162E-01
 4.551E-01  2.86524907537710E-01
 4.613E-01  2.90807878353796E-01
 4.676E-01  2.95106817648761E-01
 4.740E-01  2.99419937502318E-01
 4.804E-01  3.03745383046977E-01
 4.870E-01  3.08081232106298E-01
 4.936E-01  3.12425494916349E-01
 5.004E-01  3.16776113934723E-01
 5.072E-01  3.21130963741550E-01
 5.141E-01  3.25487851036933E-01
 5.212E-01  3.29844514739263E-01
 5.283E-01  3.34198626188857E-01
 5.355E-01  3.38547789461355E-01
 5.428E-01  3.42889541795288E-01
 5.502E-01  3.47221354138195E-01
 5.577E-01  3.51540631815602E-01
 5.653E-01  3.55844715327118E-01
 5.731E-01  3.60130881273829E-01
 5.809E-01  3.64396343421056E-01
 5.888E-01  3.68638253900441E-01
 5.969E-01  3.72853704555199E-01
 6.050E-01  3.77039728432200E-01
 6.133E-01  3.81193301424418E-01
 6.216E-01  3.85311344067060E-01
 6.301E-01  3.89390723490512E-01
 6.387E-01  3.93428255533004E-01
 6.474E-01  3.97420707015642E-01
 6.563E-01  4.01364798182232E-01
 6.652E-01  4.05257205305970E-01
 6.743E-01  4.09094563464846E-01
 6.835E-01  4.12873469487222E-01
 6.929E-01  4.16590485068737E-01
 7.023E-01  4.20242140061305E-01
 7.119E-01  4.23824935934603E-01
 7.216E-01  4.27335349410019E-01
 7.315E-01  4.30769836266631E-01
 7.415E-01  4.34124835318313E-01
 7.516E-01  4.37396772560617E-01
 7.618E-01  4.40582065485584E-01
 7.723E-01  4.43677127562157E-01
 7.828E-01  4.46678372879313E-01
 7.935E-01  4.49582220948539E-01
 8.043E-01  4.52385101661679E-01
 8.153E-01  4.55083460399664E-01
 8.264E-01  4.57673763287007E-01
 8.377E-01  4.60152502586401E-01
 8.491E-01  4.62516202227127E-01
 8.607E-01  4.64761423460377E-01
 8.725E-01  4.66884770633985E-01
 8.844E-01  4.68882897078445E-01
 8.965E-01  4.70752511095427E-01
 9.087E-01  4.72490382039451E-01
 9.211E-01  4.74093346482661E-01
 9.337E-01  4.75558314452089E-01
 9.464E-01  4.76882275728149E-01
 9.594E-01  4.78062306192481E-01
 9.725E-01  4.79095574212674E-01
 9.857E-01  4.79979347050816E-01
 9.992E-01  4.80710997282210E-01
 1.013E+00  4.81288009210067E-01
 1.027E+00  4.81707985261438E-01
 1.041E+00  4.81968652349116E-01
 1.055E+00  4.82067868183769E-01
 1.069E+00  4.82003627520083E-01
 1.084E+00  4.81774068320282E-01
 1.099E+00  4.81377477817963E-01
 1.114E+00  4.80812298464862E-01
 1.129E+00  4.80077133742793E-01
 1.144E+00  4.79170753822789E-01
 1.160E+00  4.78092101053162E-01
 1.176E+00  4.76840295258073E-01
 1.192E+00  4.75414638828037E-01
 1.208E+00  4.73814621583709E-01
 1.225E+00  4.72039925394252E-01
 1.241E+00  4.70090428531669E-01
 1.258E+00  4.67966209742480E-01
 1.275E+00  4.65667552018384E-01
 1.293E+00  4.63194946047664E-01
 1.310E+00  4.60549093329439E-01
 1.328E+00  4.57730908933191E-01
 1.347E+00  4.54741523886411E-01
 1.365E+00  4.51582287173728E-01
 1.384E+00  4.48254767331397E-01
 1.402E+00  4.44760753621715E-01
 1.422E+00  4.41102256772606E-01
 1.441E+00  4.37281509268420E-01
 1.461E+00  4.33300965178835E-01
 1.481E+00  4.29163299513731E-01
 1.501E+00  4.24871407092838E-01
 1.521E+00  4.20428400920145E-01
 1.542E+00  4.15837610054132E-01
 1.563E+00  4.11102576966169E-01
 1.584E+00  4.06227054380734E-01
 1.606E+00  4.01215001592438E-01
 1.628E+00  3.96070580256347E-01
 1.650E+00  3.90798149649548E-01
 1.673E+00  3.85402261403523E-01
 1.696E+00  3.79887653708507E-01
 1.719E+00  3.74259244992698E-01
 1.742E+00  3.68522127080945E-01
 1.766E+00  3.62681557839326E-01
 1.790E+00  3.56742953313855E-01
 1.815E+00  3.50711879373467E-01
 1.839E+00  3.44594042869292E-01
 1.864E+00  3.38395282324214E-01
 1.890E+00  3.32121558168637E-01
 1.916E+00  3.25778942540370E-01
 1.942E+00  3.19373608668505E-01
 1.968E+00  3.12911819863164E-01
 1.995E+00  3.06399918134927E-01
 2.022E+00  2.99844312469722E-01
 2.050E+00  2.93251466786879E-01
 2.078E+00  2.86627887609904E-01
 2.106E+00  2.79980111481407E-01
 2.135E+00  2.73314692155340E-01
 2.164E+00  2.66638187601441E-01
 2.194E+00  2.59957146858397E-01
 2.224E+00  2.53278096773754E-01
 2.254E+00  2.46607528670028E-01
 2.285E+00  2.39951884977799E-01
 2.316E+00  2.33317545877718E-01
 2.348E+00  2.26710815994421E-01
 2.380E+00  2.20137911186209E-01
 2.412E+00  2.13604945475082E-01
 2.445E+00  2.07117918162258E-01
 2.479E+00  2.00682701174651E-01
 2.513E+00  1.94305026687961E-01
 2.547E+00  1.87990475071950E-01
 2.582E+00  1.81744463203227E-01
 2.617E+00  1.75572233190369E-01
 2.653E+00  1.69478841555452E-01
 2.689E+00  1.63469148915133E-01
 2.725E+00  1.57547810203170E-01
 2.763E+00  1.51719265474844E-01
 2.800E+00  1.45987731331988E-01
 2.839E+00  1.40357193005412E-01
 2.877E+00  1.34831397129259E-01
 2.917E+00  1.29413845239407E-01
 2.956E+00  1.24107788025292E-01
 2.997E+00  1.18916220361647E-01
 3.038E+00  1.13841877143466E-01
 3.079E+00  1.08887229944147E-01
 3.121E+00  1.04054484513236E-01
 3.164E+00  9.93455791264379E-02
 3.207E+00  9.47621837966776E-02
 3.251E+00  9.03057003509642E-02
 3.295E+00  8.59772633736730E-02
 3.340E+00  8.17777420126166E-02
 3.386E+00  7.77077426399901E-02
 3.432E+00  7.37676123559418E-02
 3.479E+00  6.99574433181917E-02
 3.526E+00  6.62770778768147E-02
 3.575E+00  6.27261144890653E-02
 3.623E+00  5.93039143849684E-02
 3.673E+00  5.60096089503809E-02
 3.723E+00  5.28421077903681E-02
 3.774E+00  4.98001074320656E-02
 3.825E+00  4.68821006227615E-02
 3.878E+00  4.40863861757406E-02
 3.930E+00  4.14110793135362E-02
 3.984E+00  3.88541224556467E-02
 4.039E+00  3.64132963955260E-02
 4.094E+00  3.40862318097731E-02
 4.150E+00  3.18704210409406E-02
 4.206E+00  2.97632300942767E-02
 4.264E+00  2.77619107880221E-02
 4.322E+00  2.58636129966067E-02
 4.381E+00  2.40653969262482E-02
 4.441E+00  2.23642453630277E-02
 4.501E+00  2.07570758345254E-02
 4.563E+00  1.92407526275166E-02
 4.625E+00  1.78120986060510E-02
 4.688E+00  1.64679067764555E-02
 4.752E+00  1.52049515483765E-02
 4.817E+00  1.40199996439111E-02
 4.883E+00  1.29098206101139E-02
 4.950E+00  1.18711968937043E-02
 5.017E+00  1.09009334405765E-02
 5.086E+00  9.99586678672001E-03
 5.155E+00  9.15287361133219E-03
 5.225E+00  8.36887872722300E-03
 5.297E+00  7.64086248802184E-03
 5.369E+00  6.96586759616229E-03
 5.442E+00  6.34100530009671E-03
 5.517E+00  5.76346097363929E-03
 5.592E+00  5.23049907471034E-03
 5.668E+00  4.73946748501771E-03
 5.746E+00  4.28780123632588E-03
 5.824E+00  3.87302563289254E-03
 5.904E+00  3.49275878336589E-03
 5.984E+00  3.14471355890192E-03
 6.066E+00  2.82669899745522E-03
 6.149E+00  2.53662117709637E-03
 6.233E+00  2.27248358379562E-03
 6.318E+00  2.03238700137243E-03
 6.404E+00  1.81452895323360E-03
 6.491E+00  1.61720272710285E-03
 6.580E+00  1.43879601518169E-03
 6.670E+00  1.27778920307570E-03
 6.761E+00  1.13275334138092E-03
 6.853E+00  1.00234783405910E-03
 6.947E+00  8.85317877654782E-04
 7.042E+00  7.80491685035130E-04
 7.138E+00  6.86777526686967E-04
 7.235E+00  6.03160621704704E-04
 7.334E+00  5.28699909472305E-04
 7.434E+00  4.62524731707066E-04
 7.536E+00  4.03831453019254E-04
 7.639E+00  3.51880046476658E-04
 7.743E+00  3.05990668874202E-04
 7.849E+00  2.65540248523255E-04
 7.956E+00  2.29959106419962E-04
 8.064E+00  1.98727629652730E-04
 8.174E+00  1.71373013890788E-04
 8.286E+00  1.47466089781895E-04
 8.399E+00  1.26618246099423E-04
 8.514E+00  1.08478460537107E-04
 8.630E+00  9.27304471715140E-05
 8.748E+00  7.90899278133038E-05
 8.867E+00  6.73020327621877E-05
 8.988E+00  5.71388348781687E-05
 9.111E+00  4.83970193922089E-05
 9.235E+00  4.08956905095388E-05
 9.362E+00  3.44743146130493E-05
 9.489E+00  2.89907987551288E-05
 9.619E+00  2.43197021346188E-05
 9.750E+00  2.03505773901948E-05
 9.883E+00  1.69864377998188E-05
 1.002E+01  1.41423458539332E-05
 1.016E+01  1.17441181625659E-05
 1.029E+01  9.72714125726411E-06
 1.043E+01  8.03529255074222E-06
 1.058E+01  6.61996051263875E-06
 1.072E+01  5.43915800071937E-06
 1.087E+01  4.45672264484093E-06
 1.102E+01  3.64159820748860E-06
 1.117E+01  2.96719093122497E-06
 1.132E+01  2.41079502160655E-06
 1.147E+01  1.95308159595926E-06
 1.163E+01  1.57764564613788E-06
 1.179E+01  1.27060580976445E-06
 1.195E+01  1.02025201266976E-06
 1.211E+01  8.16736329130459E-07
 1.228E+01  6.51802700356206E-07
 1.245E+01  5.18551450497558E-07
 1.262E+01  4.11234838765854E-07
 1.279E+01  3.25080182222519E-07
 1.296E+01  2.56137373407788E-07
 1.314E+01  2.01148690349987E-07
 1.332E+01  1.57441800710447E-07
 1.350E+01  1.22818573831572E-07
 1.368E+01  9.54838001554472E-08
 1.387E+01  7.39770788694736E-08
 1.406E+01  5.71145034612489E-08
 1.425E+01  4.39396901472822E-08
 1.445E+01  3.36828048825748E-08
 1.464E+01  2.57264109107395E-08
 1.484E+01  1.95771091773925E-08
 1.505E+01  1.48420790507050E-08
 1.525E+01  1.12097475758494E-08
 1.546E+01  8.43392288290436E-09
 1.567E+01  6.32082235484088E-09
 1.589E+01  4.71850974105475E-09
 1.610E+01  3.50832856463107E-09
 1.632E+01  2.59798288915887E-09
 1.655E+01  1.91597172079984E-09
 1.677E+01  1.40713091717836E-09
 1.700E+01  1.02907729922950E-09
 1.723E+01  7.49384501989254E-10
 1.747E+01  5.43349682677744E-10
 1.771E+01  3.92235195748010E-10
 1.795E+01  2.81890350449115E-10
 1.819E+01  2.01675932797996E-10
 1.844E+01  1.43628789000631E-10
 1.869E+01  1.01815864888564E-10
 1.895E+01  7.18370580305495E-11
 1.921E+01  5.04444003614217E-11
 1.947E+01  3.52517402223354E-11
 1.974E+01  2.45144846784165E-11
 2.000E+01  1.69633111746856E-11
 2.028E+01  1.16792454384504E-11
 2.055E+01  8.00028529175163E-12
 2.084E+01  5.45195825929108E-12
 2.112E+01  3.69594362921140E-12
 2.141E+01  2.49225750346829E-12
 2.170E+01  1.67156705858839E-12
 2.200E+01  1.11502894828561E-12
 2.230E+01  7.39686374383568E-13
 2.260E+01  4.87950175605693E-13
 2.291E+01  3.20063771874886E-13
 2.322E+01  2.08735867241114E-13
 2.354E+01  1.35339024728532E-13
 2.386E+01  8.72328006505004E-14
 2.419E+01  5.58897719614130E-14
 2.452E+01  3.55913993996937E-14
 2.485E+01  2.25258903106606E-14
 2.519E+01  1.41679337148958E-14
 2.554E+01  8.85485989912160E-15
 2.588E+01  5.49882587933168E-15
 2.624E+01  3.39260496407898E-15
 2.660E+01  2.07937637405489E-15
 2.696E+01  1.26599010570978E-15
 2.733E+01  7.65570666937806E-16
 2.770E+01  4.59788237298504E-16
 2.808E+01  2.74225165924361E-16
 2.846E+01  1.62402370411671E-16
 2.885E+01  9.54929225139524E-17
 2.924E+01  5.57444146546570E-17
 2.964E+01  3.23027797508084E-17
 3.005E+01  1.85798933224313E-17
 3.046E+01  1.06063790588512E-17
 3.087E+01  6.00851156891561E-18
 3.130E+01  3.37751353200921E-18
 3.172E+01  1.88369992586280E-18
 3.216E+01  1.04223134439107E-18
 3.259E+01  5.72014513145543E-19
 3.304E+01  3.11381315590523E-19
 3.349E+01  1.68101680212990E-19
 3.395E+01  8.99904283472554E-20
 3.441E+01  4.77656207080960E-20
 3.488E+01  2.51349933202199E-20
 3.536E+01  1.31109774971315E-20
 3.584E+01  6.77848009914418E-21
 3.633E+01  3.47310432672453E-21
 3.683E+01  1.76334851678625E-21
 3.733E+01  8.87031722437473E-22
 3.784E+01  4.42044422045831E-22
 3.835E+01  2.18204044862349E-22
 3.888E+01  1.06677636825348E-22
 3.941E+01  5.16464529486571E-23
 3.995E+01  2.47574648007916E-23
 4.049E+01  1.17492903823341E-23
 4.104E+01  5.51946947860571E-24
 4.161E+01  2.56627317889523E-24
 4.217E+01  1.18077479881946E-24
 4.275E+01  5.37557557879555E-25
 4.333E+01  2.42113750795047E-25
 4.392E+01  1.07865826480451E-25
 4.452E+01  4.75284440483188E-26
 4.513E+01  2.07091893982186E-26
 4.575E+01  8.92166613740628E-27
 4.637E+01  3.79957370659538E-27
 4.701E+01  1.59941653079228E-27
 4.765E+01  6.65360380832183E-28
 4.830E+01  2.73495955445982E-28
 4.896E+01  1.11063833825825E-28
 4.963E+01  4.45503185027819E-29
 5.030E+01  1.76487564770965E-29
 5.099E+01  6.90388016434946E-30
 5.169E+01  2.66640292125290E-30
 5.239E+01  1.01664561589487E-30
 5.311E+01  3.82683800315324E-31
 5.383E+01  1.42270237985684E-31
 5.457E+01  5.23146520250771E-32
 5.531E+01  1.91112139618390E-32
 5.607E+01  0.00000000000000E+00
 5.683E+01  0.00000000000000E+00
 5.761E+01  0.00000000000000E+00
 5.839E+01  0.00000000000000E+00
 5.919E+01  0.00000000000000E+00
 6.000E+01  0.00000000000000E+00
