./ilogA is logfile.
./chgdenHo calculation starts
rmin,rmax=  1.49E-08  2.44E+01
  18647.61971312 -10954.09950388      0.30000000    1
   1163.29646024 -11842.69445480      0.30000000    1
    717.81471672 -12287.56458389      0.30000000    1
    430.69033538 -12486.17692139      0.30000000    1
    250.88008681 -12562.91858901      0.30000000    1
    142.35357259 -12587.89251655      0.30000000    1
     79.71120186 -12594.87961963      0.30000000    1
     45.24455965 -12596.88696517      0.30000000    1
     26.89853459 -12597.63808973      0.30000000    1
     16.94692123 -12597.96930634      0.30000000    1
     11.07840186 -12598.11484709      0.30000000    1
      7.33367874 -12598.17693501      0.30000000    1
      4.87112579 -12598.20298562      0.30000000    1
      3.23853875 -12598.21385314      0.30000000    1
      2.15239267 -12598.21838491      0.30000000    1
      1.42931545 -12598.22027897      0.30000000    1
      0.94837317 -12598.22107415      0.30000000    1
      0.62893949 -12598.22141024      0.30000000    1
      0.41706202 -12598.22155354      0.30000000    1
      0.27665641 -12598.22161526      0.30000000    1
      0.18365055 -12598.22164216      0.30000000    1
      0.12203512 -12598.22165401      0.30000000    1
      0.08119202 -12598.22165930      0.30000000    1
      0.05409295 -12598.22166169      0.30000000    1
      0.03609131 -12598.22166278      0.30000000    1
      0.02411638 -12598.22166328      0.30000000    1
      0.01613856 -12598.22166351      0.30000000    1
      0.01081540 -12598.22166362      0.30000000    1
      0.00725799 -12598.22166368      0.30000000    1
      0.00487697 -12598.22166370      0.30000000    1
      0.00328098 -12598.22166371      0.30000000    1
      0.00220969 -12598.22166372      0.30000000    1
      0.00148965 -12598.22166372      0.30000000    1
      0.00100513 -12598.22166372      0.30000000    1
      0.00067872 -12598.22166372      0.30000000    1
      0.00045862 -12598.22166372      0.30000000    1
      0.00000000 -12598.22166372      1.00000000    2
      0.00000000 -12598.22166372      1.00000000    3
    1   0 0  -1/2   1    2.0000      -2023.824657
    2   0 0  -1/2   1    2.0000       -338.777187
    2   1 1  -1/2   1    2.0000       -322.766135
    2   1 1  -3/2   1    4.0000       -291.640010
    3   0 0  -1/2   1    2.0000        -75.680345
    3   1 1  -1/2   1    2.0000        -68.615229
    3   1 1  -3/2   1    4.0000        -62.109413
    3   2 2  -3/2   1    4.0000        -49.909836
    3   2 2  -5/2   1    6.0000        -48.480567
    4   0 0  -1/2   1    2.0000        -14.920376
    4   1 1  -1/2   1    2.0000        -12.107240
    4   1 1  -3/2   1    4.0000        -10.640299
    4   2 2  -3/2   1    4.0000         -5.986653
    4   2 2  -5/2   1    6.0000         -5.719261
    5   0 0  -1/2   1    2.0000         -1.844939
    5   1 1  -1/2   1    2.0000         -1.084228
    5   1 1  -3/2   1    4.0000         -0.900061
    4   3 3  -5/2   1    4.7143         -0.148510
    4   3 3  -7/2   1    6.2857         -0.112465
    6   0 0  -1/2   1    2.0000         -0.144414
 total energy =   -1.25982216637242E+04 -3.42815248980264E+05
