line2: Z,NR,R(1),R(NR) /line3,4,...: R(N),RHO*4*PI*R(N)**2
52.00  2000  1.01365245284744E-10  6.00000000000000E+01
 1.014E-10  2.12410644852890E-13
 1.027E-10  2.17807839622283E-13
 1.042E-10  2.23342173053091E-13
 1.056E-10  2.47997213036358E-13
 1.070E-10  2.54298635744477E-13
 1.085E-10  2.60760172867020E-13
 1.100E-10  2.67385892787384E-13
 1.115E-10  2.74179967268684E-13
 1.130E-10  2.81146674073195E-13
 1.145E-10  2.88290399658465E-13
 1.161E-10  2.95615641938569E-13
 1.177E-10  3.03127013116191E-13
 1.193E-10  3.10829242586606E-13
 1.209E-10  3.18727179915485E-13
 1.226E-10  3.26825797892297E-13
 1.242E-10  3.35130195661363E-13
 1.259E-10  3.43645601932417E-13
 1.276E-10  3.52377378272751E-13
 1.294E-10  3.61331022483090E-13
 1.312E-10  3.70512172059117E-13
 1.329E-10  3.79926607741032E-13
 1.348E-10  3.89580257153314E-13
 1.366E-10  3.99479198536907E-13
 1.385E-10  4.09629664576261E-13
 1.404E-10  4.20038046323687E-13
 1.423E-10  4.30710897223327E-13
 1.442E-10  4.41654937237373E-13
 1.462E-10  4.52877057077204E-13
 1.482E-10  4.64384322542006E-13
 1.502E-10  4.76183978967617E-13
 1.523E-10  4.88283455788364E-13
 1.543E-10  5.00690371214943E-13
 1.564E-10  5.13412537031062E-13
 1.586E-10  5.26457963511942E-13
 1.607E-10  5.39834864467888E-13
 1.629E-10  5.53551662415904E-13
 1.652E-10  5.67616993882875E-13
 1.674E-10  5.82039714843310E-13
 1.697E-10  5.96828906295330E-13
 1.720E-10  6.11993879978419E-13
 1.744E-10  6.27544184236347E-13
 1.767E-10  6.43489610029120E-13
 1.792E-10  6.59840197097654E-13
 1.816E-10  6.76606240285124E-13
 1.841E-10  6.93798296018926E-13
 1.866E-10  7.11427188957343E-13
 1.891E-10  7.29504018805030E-13
 1.917E-10  7.48040167301857E-13
 1.943E-10  7.67047305389069E-13
 1.970E-10  7.86537400557773E-13
 1.997E-10  8.06522724384036E-13
 2.024E-10  8.27015860255376E-13
 2.052E-10  8.48029711293741E-13
 2.080E-10  8.69577508479718E-13
 2.108E-10  8.91672818983150E-13
 2.137E-10  9.14329554705397E-13
 2.166E-10  9.37561981038822E-13
 2.196E-10  9.61384725848651E-13
 2.226E-10  9.85812788683124E-13
 2.256E-10  1.01086155021770E-12
 2.287E-10  1.03654678193926E-12
 2.318E-10  1.06288465607630E-12
 2.350E-10  1.08989175578144E-12
 2.382E-10  1.11758508557274E-12
 2.414E-10  1.14598208204021E-12
 2.447E-10  1.17510062482450E-12
 2.481E-10  1.20495904787452E-12
 2.515E-10  1.23557615099095E-12
 2.549E-10  1.26697121166326E-12
 2.584E-10  1.29916399720745E-12
 2.619E-10  1.33217477721208E-12
 2.655E-10  1.36602433630073E-12
 2.691E-10  1.40073398721861E-12
 2.728E-10  1.43632558425169E-12
 2.765E-10  1.47282153698691E-12
 2.803E-10  1.51024482442192E-12
 2.841E-10  1.54861900943343E-12
 2.880E-10  1.58796825361309E-12
 2.919E-10  1.62831733248034E-12
 2.959E-10  1.66969165108201E-12
 2.999E-10  1.71211725998795E-12
 3.040E-10  1.75562087169339E-12
 3.082E-10  1.80022987743788E-12
 3.124E-10  1.84597236445189E-12
 3.166E-10  1.89287713364108E-12
 3.210E-10  1.94097371772044E-12
 3.253E-10  1.99029239980911E-12
 3.298E-10  2.04086423249744E-12
 3.343E-10  2.09272105739863E-12
 3.389E-10  2.14589552519738E-12
 3.435E-10  2.20042111620746E-12
 3.482E-10  2.25633216145258E-12
 3.529E-10  2.31366386428152E-12
 3.577E-10  2.37245232253375E-12
 3.626E-10  2.43273455126779E-12
 3.676E-10  2.49454850606653E-12
 3.726E-10  2.55793310693604E-12
 3.777E-10  2.62292826281016E-12
 3.828E-10  2.68957489667867E-12
 3.881E-10  2.75791497135368E-12
 3.934E-10  2.82799151589089E-12
 3.987E-10  2.89984865268165E-12
 4.042E-10  2.97353162523412E-12
 4.097E-10  3.04908682665986E-12
 4.153E-10  3.12656182888442E-12
 4.210E-10  3.20600541260025E-12
 4.267E-10  3.28746759798012E-12
 4.325E-10  3.37099967617197E-12
 4.384E-10  3.45665424159293E-12
 4.444E-10  3.54448522504465E-12
 4.505E-10  3.63454792766988E-12
 4.566E-10  3.72689905577178E-12
 4.629E-10  3.82159675651754E-12
 4.692E-10  3.91870065455027E-12
 4.756E-10  4.01827188953044E-12
 4.821E-10  4.12037315463082E-12
 4.887E-10  4.22506873601090E-12
 4.953E-10  4.33242455329250E-12
 5.021E-10  4.44250820106537E-12
 5.090E-10  4.55538899144705E-12
 5.159E-10  4.67113799772348E-12
 5.230E-10  4.78982809909922E-12
 5.301E-10  4.91153402658455E-12
 5.373E-10  5.03633241004843E-12
 5.447E-10  5.16430182646627E-12
 5.521E-10  5.29552284939604E-12
 5.596E-10  5.43007809970874E-12
 5.673E-10  5.56805229760886E-12
 5.750E-10  5.70953231597798E-12
 5.829E-10  5.85460723507167E-12
 5.908E-10  6.00336839860746E-12
 5.989E-10  6.15590947127817E-12
 6.071E-10  6.31232649772569E-12
 6.154E-10  6.47271796301343E-12
 6.238E-10  6.63718485463633E-12
 6.323E-10  6.80583072610487E-12
 6.409E-10  6.97876176214627E-12
 6.497E-10  7.15608684556175E-12
 6.585E-10  7.33791762578174E-12
 6.675E-10  7.52436858916482E-12
 6.766E-10  7.71555713108128E-12
 6.859E-10  7.91160362982900E-12
 6.952E-10  8.11263152242785E-12
 7.047E-10  8.31876738233881E-12
 7.144E-10  8.53014099915902E-12
 7.241E-10  8.74688546034092E-12
 7.340E-10  8.96913723498926E-12
 7.440E-10  9.19703625978496E-12
 7.542E-10  9.43072602709448E-12
 7.645E-10  9.67035367531698E-12
 7.749E-10  9.91607008152682E-12
 7.855E-10  1.01680299564712E-11
 7.962E-10  1.04263919419807E-11
 8.071E-10  1.06913187108535E-11
 8.181E-10  1.09629770692819E-11
 8.293E-10  1.12415380618778E-11
 8.406E-10  1.15271770793657E-11
 8.521E-10  1.18200739690173E-11
 8.637E-10  1.21204131478872E-11
 8.755E-10  1.24283837189274E-11
 8.874E-10  1.27441795900528E-11
 8.996E-10  1.30679995962319E-11
 9.118E-10  1.34000476246802E-11
 9.243E-10  1.37405327432315E-11
 9.369E-10  1.40896693319765E-11
 9.497E-10  1.44476772182415E-11
 9.627E-10  1.48147818149983E-11
 9.758E-10  1.51912142627915E-11
 9.891E-10  1.55772115752732E-11
 1.003E-09  1.59730167884323E-11
 1.016E-09  1.63788791136172E-11
 1.030E-09  1.67950540944497E-11
 1.044E-09  1.72218037677218E-11
 1.059E-09  1.76593968283795E-11
 1.073E-09  1.81081087987051E-11
 1.088E-09  1.85682222017949E-11
 1.102E-09  1.90400267394413E-11
 1.118E-09  1.95238194745402E-11
 1.133E-09  2.00199050181312E-11
 1.148E-09  2.05285957211897E-11
 1.164E-09  2.10502118712904E-11
 1.180E-09  2.15850818942761E-11
 1.196E-09  2.21335425610394E-11
 1.212E-09  2.26959391995655E-11
 1.229E-09  2.32726259123631E-11
 1.246E-09  2.38639657994170E-11
 1.263E-09  2.44703311868060E-11
 1.280E-09  2.50921038611335E-11
 1.297E-09  2.57296753099121E-11
 1.315E-09  2.63834469680519E-11
 1.333E-09  2.70538304706226E-11
 1.351E-09  2.77412479120254E-11
 1.370E-09  2.84461321117639E-11
 1.388E-09  2.91689268869541E-11
 1.407E-09  2.99100873317680E-11
 1.426E-09  3.06700801039769E-11
 1.446E-09  3.14493837187702E-11
 1.466E-09  3.22484888500461E-11
 1.486E-09  3.30678986393522E-11
 1.506E-09  3.39081290126819E-11
 1.527E-09  3.47697090053160E-11
 1.547E-09  3.56531810949213E-11
 1.568E-09  3.65591015431076E-11
 1.590E-09  3.74880407456696E-11
 1.612E-09  3.84405835917285E-11
 1.634E-09  3.94173298319881E-11
 1.656E-09  4.04188944563673E-11
 1.679E-09  4.14459080812078E-11
 1.701E-09  4.24990173463343E-11
 1.725E-09  4.35788853221972E-11
 1.748E-09  4.46861919273606E-11
 1.772E-09  4.58216343566073E-11
 1.796E-09  4.69859275199044E-11
 1.821E-09  4.81798044925350E-11
 1.846E-09  4.94040169766743E-11
 1.871E-09  5.06593357746741E-11
 1.896E-09  5.19465512743815E-11
 1.922E-09  5.32664739468069E-11
 1.949E-09  5.46199348564034E-11
 1.975E-09  5.60077861843418E-11
 2.002E-09  5.74309017650691E-11
 2.029E-09  5.88901776364947E-11
 2.057E-09  6.03865326041722E-11
 2.085E-09  6.19209088198031E-11
 2.114E-09  6.34942723744421E-11
 2.143E-09  6.51076139067835E-11
 2.172E-09  6.67619492268950E-11
 2.201E-09  6.84583199557996E-11
 2.232E-09  7.01977941813239E-11
 2.262E-09  7.19814671305838E-11
 2.293E-09  7.38104618595788E-11
 2.324E-09  7.56859299603061E-11
 2.356E-09  7.76090522858364E-11
 2.388E-09  7.95810396938149E-11
 2.421E-09  8.16031338088521E-11
 2.454E-09  8.36766078042928E-11
 2.487E-09  8.58027672038452E-11
 2.521E-09  8.79829507035722E-11
 2.556E-09  9.02185310147763E-11
 2.590E-09  9.25109157283127E-11
 2.626E-09  9.48615482008395E-11
 2.662E-09  9.72719084636004E-11
 2.698E-09  9.97435141543053E-11
 2.735E-09  1.02277921472672E-10
 2.772E-09  1.04876726160257E-10
 2.810E-09  1.07541564505195E-10
 2.848E-09  1.10274114372442E-10
 2.887E-09  1.13076096260218E-10
 2.927E-09  1.15949274383289E-10
 2.967E-09  1.18895457783761E-10
 3.007E-09  1.21916501470108E-10
 3.048E-09  1.25014307585148E-10
 3.090E-09  1.28190826603689E-10
 3.132E-09  1.31448058560609E-10
 3.175E-09  1.34788054310128E-10
 3.218E-09  1.38212916817105E-10
 3.262E-09  1.41724802481116E-10
 3.307E-09  1.45325922494188E-10
 3.352E-09  1.49018544233045E-10
 3.398E-09  1.52804992686700E-10
 3.444E-09  1.56687651920359E-10
 3.491E-09  1.60668966576482E-10
 3.539E-09  1.64751443414010E-10
 3.587E-09  1.68937652886702E-10
 3.636E-09  1.73230230761580E-10
 3.685E-09  1.77631879778444E-10
 3.736E-09  1.82145371351646E-10
 3.787E-09  1.86773547315049E-10
 3.838E-09  1.91519321711305E-10
 3.891E-09  1.96385682626639E-10
 3.944E-09  2.01375694072264E-10
 3.998E-09  2.06492497913527E-10
 4.052E-09  2.11739315848144E-10
 4.108E-09  2.17119451434716E-10
 4.164E-09  2.22636292172675E-10
 4.221E-09  2.28293311635198E-10
 4.278E-09  2.34094071656283E-10
 4.337E-09  2.40042224573379E-10
 4.396E-09  2.46141515526970E-10
 4.456E-09  2.52395784818679E-10
 4.517E-09  2.58808970329229E-10
 4.578E-09  2.65385109997818E-10
 4.641E-09  2.72128344364545E-10
 4.704E-09  2.79042919177438E-10
 4.769E-09  2.86133188065689E-10
 4.834E-09  2.93403615280793E-10
 4.900E-09  3.00858778507449E-10
 4.967E-09  3.08503371745744E-10
 5.034E-09  3.16342208266641E-10
 5.103E-09  3.24380223642612E-10
 5.173E-09  3.32622478855157E-10
 5.243E-09  3.41074163481380E-10
 5.315E-09  3.49740598961492E-10
 5.388E-09  3.58627241949350E-10
 5.461E-09  3.67739687748162E-10
 5.536E-09  3.77083673833374E-10
 5.611E-09  3.86665083465233E-10
 5.688E-09  3.96489949393047E-10
 5.765E-09  4.06564457653536E-10
 5.844E-09  4.16894951465786E-10
 5.924E-09  4.27487935225149E-10
 6.005E-09  4.38350078598546E-10
 6.087E-09  4.49488220723900E-10
 6.170E-09  4.60909374516295E-10
 6.254E-09  4.72620731083465E-10
 6.340E-09  4.84629664253569E-10
 6.426E-09  4.96943735217964E-10
 6.514E-09  5.09570697291918E-10
 6.603E-09  5.22518500796338E-10
 6.693E-09  5.35795298063567E-10
 6.784E-09  5.49409448570293E-10
 6.877E-09  5.63369524200897E-10
 6.971E-09  5.77684314644630E-10
 7.066E-09  5.92362832929799E-10
 7.162E-09  6.07414321098639E-10
 7.260E-09  6.22848256026397E-10
 7.359E-09  6.38674355388262E-10
 7.460E-09  6.54902583777861E-10
 7.562E-09  6.71543158981206E-10
 7.665E-09  6.88606558410259E-10
 7.770E-09  7.06103525699680E-10
 7.876E-09  7.24045077471350E-10
 7.983E-09  7.42442510270805E-10
 8.092E-09  7.61307407679871E-10
 8.203E-09  7.80651647609951E-10
 8.315E-09  8.00487409780707E-10
 8.428E-09  8.20827183388880E-10
 8.543E-09  8.41683774971704E-10
 8.660E-09  8.63070316470290E-10
 8.778E-09  8.85000273498004E-10
 8.898E-09  9.07487453818667E-10
 9.019E-09  9.30546016040303E-10
 9.142E-09  9.54190478529919E-10
 9.267E-09  9.78435728554606E-10
 9.394E-09  1.00329703165501E-09
 9.522E-09  1.02879004125692E-09
 9.652E-09  1.05493080852713E-09
 9.784E-09  1.08173579247972E-09
 9.917E-09  1.10922187033911E-09
 1.005E-08  1.13740634816643E-09
 1.019E-08  1.16630697175587E-09
 1.033E-08  1.19594193780804E-09
 1.047E-08  1.22632990538690E-09
 1.061E-08  1.25749000766833E-09
 1.076E-08  1.28944186398685E-09
 1.090E-08  1.32220559218813E-09
 1.105E-08  1.35580182129623E-09
 1.120E-08  1.39025170450207E-09
 1.136E-08  1.42557693248181E-09
 1.151E-08  1.46179974705425E-09
 1.167E-08  1.49894295518475E-09
 1.183E-08  1.53702994334499E-09
 1.199E-08  1.57608469223804E-09
 1.215E-08  1.61613179189699E-09
 1.232E-08  1.65719645716767E-09
 1.249E-08  1.69930454358465E-09
 1.266E-08  1.74248256365034E-09
 1.283E-08  1.78675770352820E-09
 1.301E-08  1.83215784016004E-09
 1.318E-08  1.87871155881763E-09
 1.336E-08  1.92644817110120E-09
 1.355E-08  1.97539773339473E-09
 1.373E-08  2.02559106578998E-09
 1.392E-08  2.07705977149202E-09
 1.411E-08  2.12983625671729E-09
 1.430E-08  2.18395375109742E-09
 1.450E-08  2.23944632860161E-09
 1.470E-08  2.29634892899028E-09
 1.490E-08  2.35469737981415E-09
 1.510E-08  2.41452841897263E-09
 1.531E-08  2.47587971784440E-09
 1.551E-08  2.53878990500642E-09
 1.573E-08  2.60329859055593E-09
 1.594E-08  2.66944639104955E-09
 1.616E-08  2.73727495507659E-09
 1.638E-08  2.80682698948251E-09
 1.660E-08  2.87814628625771E-09
 1.683E-08  2.95127775011022E-09
 1.706E-08  3.02626742673937E-09
 1.729E-08  3.10316253182673E-09
 1.753E-08  3.18201148076469E-09
 1.777E-08  3.26286391913999E-09
 1.801E-08  3.34577075399155E-09
 1.826E-08  3.43078418586343E-09
 1.851E-08  3.51795774167112E-09
 1.876E-08  3.60734630840371E-09
 1.901E-08  3.69900616768188E-09
 1.927E-08  3.79299503119456E-09
 1.954E-08  3.88937207703554E-09
 1.980E-08  3.98819798696339E-09
 2.007E-08  4.08953498460805E-09
 2.035E-08  4.19344687464891E-09
 2.063E-08  4.29999908298771E-09
 2.091E-08  4.40925869794172E-09
 2.119E-08  4.52129451248460E-09
 2.148E-08  4.63617706756021E-09
 2.178E-08  4.75397869649715E-09
 2.207E-08  4.87477357055099E-09
 2.237E-08  4.99863774560493E-09
 2.268E-08  5.12564921005576E-09
 2.299E-08  5.25588793391746E-09
 2.330E-08  5.38943591917292E-09
 2.362E-08  5.52637725140342E-09
 2.394E-08  5.66679815273142E-09
 2.427E-08  5.81078703610770E-09
 2.460E-08  5.95843456097865E-09
 2.494E-08  6.10983369036759E-09
 2.528E-08  6.26507974940592E-09
 2.562E-08  6.42427048535269E-09
 2.597E-08  6.58750612913791E-09
 2.633E-08  6.75488945847087E-09
 2.669E-08  6.92652586255111E-09
 2.705E-08  7.10252340842357E-09
 2.742E-08  7.28299290902065E-09
 2.779E-08  7.46804799293180E-09
 2.817E-08  7.65780517594739E-09
 2.856E-08  7.85238393441918E-09
 2.895E-08  8.05190678048565E-09
 2.934E-08  8.25649933920763E-09
 2.974E-08  8.46629042766522E-09
 3.015E-08  8.68141213606406E-09
 3.056E-08  8.90199991090163E-09
 3.098E-08  9.12819264024738E-09
 3.140E-08  9.36013274118989E-09
 3.183E-08  9.59796624950541E-09
 3.227E-08  9.84184291160492E-09
 3.271E-08  1.00919162788192E-08
 3.315E-08  1.03483438040753E-08
 3.361E-08  1.06112869410344E-08
 3.406E-08  1.08809112457448E-08
 3.453E-08  1.11573864808812E-08
 3.500E-08  1.14408867226290E-08
 3.548E-08  1.17315904702859E-08
 3.596E-08  1.20296807586513E-08
 3.645E-08  1.23353452732661E-08
 3.695E-08  1.26487764685836E-08
 3.746E-08  1.29701716891441E-08
 3.797E-08  1.32997332938249E-08
 3.849E-08  1.36376687832497E-08
 3.901E-08  1.39841909304361E-08
 3.954E-08  1.43395179147611E-08
 4.008E-08  1.47038734593306E-08
 4.063E-08  1.50774869718387E-08
 4.119E-08  1.54605936890088E-08
 4.175E-08  1.58534348247025E-08
 4.232E-08  1.62562577217907E-08
 4.290E-08  1.66693160078861E-08
 4.348E-08  1.70928697550330E-08
 4.408E-08  1.75271856434502E-08
 4.468E-08  1.79725371294396E-08
 4.529E-08  1.84292046175596E-08
 4.591E-08  1.88974756371695E-08
 4.653E-08  1.93776450234653E-08
 4.717E-08  1.98700151031132E-08
 4.781E-08  2.03748958845977E-08
 4.846E-08  2.08926052534073E-08
 4.913E-08  2.14234691721827E-08
 4.980E-08  2.19678218859462E-08
 5.048E-08  2.25260061325486E-08
 5.117E-08  2.30983733584622E-08
 5.186E-08  2.36852839400545E-08
 5.257E-08  2.42871074104880E-08
 5.329E-08  2.49042226923862E-08
 5.402E-08  2.55370183364038E-08
 5.475E-08  2.61858927658668E-08
 5.550E-08  2.68512545276250E-08
 5.626E-08  2.75335225492775E-08
 5.703E-08  2.82331264029374E-08
 5.781E-08  2.89505065756919E-08
 5.860E-08  2.96861147469429E-08
 5.940E-08  3.04404140727897E-08
 6.021E-08  3.12138794776330E-08
 6.103E-08  3.20069979531974E-08
 6.186E-08  3.28202688651484E-08
 6.271E-08  3.36542042674938E-08
 6.356E-08  3.45093292249831E-08
 6.443E-08  3.53861821436899E-08
 6.531E-08  3.62853151100036E-08
 6.620E-08  3.72072942382257E-08
 6.711E-08  3.81527000269959E-08
 6.802E-08  3.91221277247901E-08
 6.895E-08  4.01161877046890E-08
 6.989E-08  4.11355058486711E-08
 7.085E-08  4.21807239416802E-08
 7.181E-08  4.32525000756956E-08
 7.279E-08  4.43515090640725E-08
 7.379E-08  4.54784428664089E-08
 7.479E-08  4.66340110242104E-08
 7.582E-08  4.78189411076227E-08
 7.685E-08  4.90339791735124E-08
 7.790E-08  5.02798902351945E-08
 7.896E-08  5.15574587440826E-08
 8.004E-08  5.28674890835883E-08
 8.113E-08  5.42108060755693E-08
 8.224E-08  5.55882554996313E-08
 8.336E-08  5.70007046256465E-08
 8.450E-08  5.84490427597846E-08
 8.566E-08  5.99341818044201E-08
 8.683E-08  6.14570568322778E-08
 8.801E-08  6.30186266751544E-08
 8.921E-08  6.46198745276006E-08
 9.043E-08  6.62618085659439E-08
 9.167E-08  6.79454625830374E-08
 9.292E-08  6.96718966391425E-08
 9.419E-08  7.14421977293376E-08
 9.547E-08  7.32574804678957E-08
 9.677E-08  7.51188877900454E-08
 9.810E-08  7.70275916715658E-08
 9.944E-08  7.89847938666599E-08
 1.008E-07  8.09917266645736E-08
 1.022E-07  8.30496536654507E-08
 1.036E-07  8.51598705758918E-08
 1.050E-07  8.73237060247270E-08
 1.064E-07  8.95425223995182E-08
 1.079E-07  9.18177167043230E-08
 1.093E-07  9.41507214392251E-08
 1.108E-07  9.65430055022434E-08
 1.123E-07  9.89960751141483E-08
 1.139E-07  1.01511474766757E-07
 1.154E-07  1.04090788195351E-07
 1.170E-07  1.06735639375778E-07
 1.186E-07  1.09447693546901E-07
 1.202E-07  1.12228658259023E-07
 1.219E-07  1.15080284448940E-07
 1.235E-07  1.18004367542328E-07
 1.252E-07  1.21002748584119E-07
 1.269E-07  1.24077315397613E-07
 1.287E-07  1.27230003773030E-07
 1.304E-07  1.30462798686267E-07
 1.322E-07  1.33777735548607E-07
 1.340E-07  1.37176901488214E-07
 1.358E-07  1.40662436664139E-07
 1.377E-07  1.44236535613752E-07
 1.396E-07  1.47901448634403E-07
 1.415E-07  1.51659483200146E-07
 1.434E-07  1.55513005414525E-07
 1.454E-07  1.59464441500245E-07
 1.473E-07  1.63516279326634E-07
 1.494E-07  1.67671069976003E-07
 1.514E-07  1.71931429349786E-07
 1.535E-07  1.76300039815415E-07
 1.556E-07  1.80779651895118E-07
 1.577E-07  1.85373085997603E-07
 1.598E-07  1.90083234193705E-07
 1.620E-07  1.94913062037212E-07
 1.642E-07  1.99865610431894E-07
 1.665E-07  2.04943997545987E-07
 1.687E-07  2.10151420775340E-07
 1.710E-07  2.15491158756412E-07
 1.734E-07  2.20966573430408E-07
 1.757E-07  2.26581112159907E-07
 1.781E-07  2.32338309899218E-07
 1.806E-07  2.38241791419887E-07
 1.830E-07  2.44295273592773E-07
 1.855E-07  2.50502567728092E-07
 1.881E-07  2.56867581974869E-07
 1.906E-07  2.63394323781460E-07
 1.932E-07  2.70086902418454E-07
 1.959E-07  2.76949531565776E-07
 1.986E-07  2.83986531965513E-07
 2.013E-07  2.91202334142057E-07
 2.040E-07  2.98601481191453E-07
 2.068E-07  3.06188631641559E-07
 2.096E-07  3.13968562384925E-07
 2.125E-07  3.21946171686089E-07
 2.154E-07  3.30126482265399E-07
 2.183E-07  3.38514644461102E-07
 2.213E-07  3.47115939471804E-07
 2.243E-07  3.55935782681317E-07
 2.274E-07  3.64979727067908E-07
 2.305E-07  3.74253466700292E-07
 2.336E-07  3.83762840322333E-07
 2.368E-07  3.93513835028871E-07
 2.401E-07  4.03512590034945E-07
 2.433E-07  4.13765400540717E-07
 2.467E-07  4.24278721694664E-07
 2.500E-07  4.35059172657437E-07
 2.534E-07  4.46113540768965E-07
 2.569E-07  4.57448785821371E-07
 2.604E-07  4.69072044440570E-07
 2.640E-07  4.80990634579077E-07
 2.676E-07  4.93212060122976E-07
 2.712E-07  5.05744015616012E-07
 2.749E-07  5.18594391103577E-07
 2.787E-07  5.31771277099898E-07
 2.825E-07  5.45282969681343E-07
 2.863E-07  5.59137975709069E-07
 2.903E-07  5.73345018184525E-07
 2.942E-07  5.87913041740807E-07
 2.982E-07  6.02851218273692E-07
 3.023E-07  6.18168952715744E-07
 3.064E-07  6.33875888956849E-07
 3.106E-07  6.49981915915525E-07
 3.149E-07  6.66497173764289E-07
 3.192E-07  6.83432060313080E-07
 3.235E-07  7.00797237555101E-07
 3.279E-07  7.18603638378813E-07
 3.324E-07  7.36862473450406E-07
 3.369E-07  7.55585238271267E-07
 3.415E-07  7.74783720414613E-07
 3.462E-07  7.94470006946000E-07
 3.509E-07  8.14656492032475E-07
 3.557E-07  8.35355884744765E-07
 3.606E-07  8.56581217058032E-07
 3.655E-07  8.78345852055600E-07
 3.705E-07  9.00663492341153E-07
 3.756E-07  9.23548188664792E-07
 3.807E-07  9.47014348768110E-07
 3.859E-07  9.71076746453949E-07
 3.911E-07  9.95750530886601E-07
 3.965E-07  1.02105123612838E-06
 4.019E-07  1.04699479091824E-06
 4.074E-07  1.07359752869910E-06
 4.129E-07  1.10087619789967E-06
 4.186E-07  1.12884797247747E-06
 4.243E-07  1.15753046272991E-06
 4.301E-07  1.18694172637989E-06
 4.360E-07  1.21710027994292E-06
 4.419E-07  1.24802511038313E-06
 4.479E-07  1.27973568706524E-06
 4.541E-07  1.31225197401070E-06
 4.603E-07  1.34559444246420E-06
 4.665E-07  1.37978408378014E-06
 4.729E-07  1.41484242263666E-06
 4.794E-07  1.45079153058446E-06
 4.859E-07  1.48765403994053E-06
 4.926E-07  1.52545315803484E-06
 4.993E-07  1.56421268181841E-06
 5.061E-07  1.60395701284284E-06
 5.130E-07  1.64471117262052E-06
 5.200E-07  1.68650081837463E-06
 5.271E-07  1.72935225918944E-06
 5.343E-07  1.77329247257103E-06
 5.416E-07  1.81834912142844E-06
 5.490E-07  1.86455057148614E-06
 5.565E-07  1.91192590913914E-06
 5.641E-07  1.96050495976145E-06
 5.718E-07  2.01031830647974E-06
 5.796E-07  2.06139730942359E-06
 5.875E-07  2.11377412546503E-06
 5.955E-07  2.16748172845952E-06
 6.037E-07  2.22255393000098E-06
 6.119E-07  2.27902540070404E-06
 6.202E-07  2.33693169202689E-06
 6.287E-07  2.39630925864834E-06
 6.373E-07  2.45719548141395E-06
 6.460E-07  2.51962869086379E-06
 6.548E-07  2.58364819135917E-06
 6.638E-07  2.64929428582146E-06
 6.728E-07  2.71660830109911E-06
 6.820E-07  2.78563261398004E-06
 6.913E-07  2.85641067786339E-06
 7.008E-07  2.92898705010985E-06
 7.103E-07  3.00340742008628E-06
 7.200E-07  3.07971863792272E-06
 7.298E-07  3.15796874399965E-06
 7.398E-07  3.23820699918473E-06
 7.499E-07  3.32048391583719E-06
 7.602E-07  3.40485128959927E-06
 7.705E-07  3.49136223199649E-06
 7.811E-07  3.58007120386476E-06
 7.917E-07  3.67103404962690E-06
 8.025E-07  3.76430803243966E-06
 8.135E-07  3.85995187023406E-06
 8.246E-07  3.95802577267041E-06
 8.358E-07  4.05859147903192E-06
 8.473E-07  4.16171229708152E-06
 8.588E-07  4.26745314290473E-06
 8.705E-07  4.37588058176546E-06
 8.824E-07  4.48706286999840E-06
 8.945E-07  4.60106999796607E-06
 9.067E-07  4.71797373410725E-06
 9.191E-07  4.83784767010262E-06
 9.316E-07  4.96076726718954E-06
 9.443E-07  5.08680990365213E-06
 9.572E-07  5.21605492351676E-06
 9.703E-07  5.34858368648610E-06
 9.835E-07  5.48447961913980E-06
 9.970E-07  5.62382826743547E-06
 1.011E-06  5.76671735054493E-06
 1.024E-06  5.91323681605501E-06
 1.038E-06  6.06347889657259E-06
 1.053E-06  6.21753816776651E-06
 1.067E-06  6.37551160788206E-06
 1.081E-06  6.53749865876967E-06
 1.096E-06  6.70360128846077E-06
 1.111E-06  6.87392405533513E-06
 1.126E-06  7.04857417391548E-06
 1.142E-06  7.22766158233475E-06
 1.157E-06  7.41129901151735E-06
 1.173E-06  7.59960205611424E-06
 1.189E-06  7.79268924724137E-06
 1.205E-06  7.99068212706701E-06
 1.222E-06  8.19370532528925E-06
 1.239E-06  8.40188663755836E-06
 1.255E-06  8.61535710589101E-06
 1.273E-06  8.83425110112392E-06
 1.290E-06  9.05870640746381E-06
 1.308E-06  9.28886430918274E-06
 1.325E-06  9.52486967951629E-06
 1.344E-06  9.76687107181818E-06
 1.362E-06  1.00150208130293E-05
 1.380E-06  1.02694750995213E-05
 1.399E-06  1.05303940953734E-05
 1.418E-06  1.07979420331438E-05
 1.438E-06  1.10722873172015E-05
 1.457E-06  1.13536026296800E-05
 1.477E-06  1.16420650391226E-05
 1.497E-06  1.19378561118874E-05
 1.518E-06  1.22411620263769E-05
 1.539E-06  1.25521736901727E-05
 1.560E-06  1.28710868601427E-05
 1.581E-06  1.31981022655954E-05
 1.603E-06  1.35334257345642E-05
 1.624E-06  1.38772683232978E-05
 1.647E-06  1.42298464490361E-05
 1.669E-06  1.45913820261579E-05
 1.692E-06  1.49621026057881E-05
 1.715E-06  1.53422415189457E-05
 1.738E-06  1.57320380233260E-05
 1.762E-06  1.61317374538129E-05
 1.786E-06  1.65415913768109E-05
 1.811E-06  1.69618577484910E-05
 1.835E-06  1.73928010770585E-05
 1.860E-06  1.78346925891432E-05
 1.886E-06  1.82878104004049E-05
 1.911E-06  1.87524396904758E-05
 1.938E-06  1.92288728823451E-05
 1.964E-06  1.97174098262930E-05
 1.991E-06  2.02183579884967E-05
 2.018E-06  2.07320326444234E-05
 2.046E-06  2.12587570771328E-05
 2.073E-06  2.17988627806136E-05
 2.102E-06  2.23526896682801E-05
 2.130E-06  2.29205862867634E-05
 2.160E-06  2.35029100351249E-05
 2.189E-06  2.41000273896436E-05
 2.219E-06  2.47123141342966E-05
 2.249E-06  2.53401555970960E-05
 2.280E-06  2.59839468924298E-05
 2.311E-06  2.66440931695410E-05
 2.343E-06  2.73210098673260E-05
 2.375E-06  2.80151229755920E-05
 2.407E-06  2.87268693029474E-05
 2.440E-06  2.94566967514916E-05
 2.473E-06  3.02050645984766E-05
 2.507E-06  3.09724437851171E-05
 2.541E-06  3.17593172127273E-05
 2.576E-06  3.25661800463775E-05
 2.611E-06  3.33935400262520E-05
 2.647E-06  3.42419177869143E-05
 2.683E-06  3.51118471846695E-05
 2.719E-06  3.60038756332310E-05
 2.757E-06  3.69185644479197E-05
 2.794E-06  3.78564891985793E-05
 2.832E-06  3.88182400714538E-05
 2.871E-06  3.98044222402565E-05
 2.910E-06  4.08156562466375E-05
 2.950E-06  4.18525783903200E-05
 2.990E-06  4.29158411291302E-05
 3.031E-06  4.40061134891712E-05
 3.072E-06  4.51240814854124E-05
 3.114E-06  4.62704485529516E-05
 3.157E-06  4.74459359892057E-05
 3.200E-06  4.86512834073295E-05
 3.244E-06  4.98872492011450E-05
 3.288E-06  5.11546110218465E-05
 3.333E-06  5.24541662668179E-05
 3.378E-06  5.37867325808392E-05
 3.424E-06  5.51531483700105E-05
 3.471E-06  5.65542733287152E-05
 3.519E-06  5.79909889799500E-05
 3.567E-06  5.94641992293564E-05
 3.615E-06  6.09748309333128E-05
 3.665E-06  6.25238344814287E-05
 3.715E-06  6.41121843938203E-05
 3.765E-06  6.57408799335306E-05
 3.817E-06  6.74109457344858E-05
 3.869E-06  6.91234324453775E-05
 3.922E-06  7.08794173898682E-05
 3.975E-06  7.26800052435538E-05
 4.030E-06  7.45263287280797E-05
 4.085E-06  7.64195493228766E-05
 4.140E-06  7.83608579949249E-05
 4.197E-06  8.03514759470387E-05
 4.254E-06  8.23926553851292E-05
 4.312E-06  8.44856803049027E-05
 4.371E-06  8.66318672985315E-05
 4.431E-06  8.88325663817668E-05
 4.491E-06  9.10891618420113E-05
 4.553E-06  9.34030731079138E-05
 4.615E-06  9.57757556410121E-05
 4.678E-06  9.82087018499511E-05
 4.742E-06  1.00703442027917E-04
 4.806E-06  1.03261545313829E-04
 4.872E-06  1.05884620677851E-04
 4.938E-06  1.08574317931958E-04
 5.006E-06  1.11332328766073E-04
 5.074E-06  1.14160387810469E-04
 5.144E-06  1.17060273725122E-04
 5.214E-06  1.20033810316660E-04
 5.285E-06  1.23082867683619E-04
 5.357E-06  1.26209363390730E-04
 5.430E-06  1.29415263672972E-04
 5.504E-06  1.32702584670129E-04
 5.579E-06  1.36073393692648E-04
 5.656E-06  1.39529810519551E-04
 5.733E-06  1.43074008729253E-04
 5.811E-06  1.46708217064107E-04
 5.890E-06  1.50434720829506E-04
 5.971E-06  1.54255863328456E-04
 6.052E-06  1.58174047332465E-04
 6.135E-06  1.62191736589724E-04
 6.219E-06  1.66311457371500E-04
 6.304E-06  1.70535800057672E-04
 6.390E-06  1.74867420762469E-04
 6.477E-06  1.79309043001355E-04
 6.565E-06  1.83863459400157E-04
 6.655E-06  1.88533533447499E-04
 6.746E-06  1.93322201291583E-04
 6.838E-06  1.98232473582494E-04
 6.931E-06  2.03267437361166E-04
 7.026E-06  2.08430257996190E-04
 7.122E-06  2.13724181169660E-04
 7.219E-06  2.19152534913277E-04
 7.318E-06  2.24718731696074E-04
 7.418E-06  2.30426270564953E-04
 7.519E-06  2.36278739339400E-04
 7.622E-06  2.42279816861849E-04
 7.726E-06  2.48433275304903E-04
 7.831E-06  2.54742982537019E-04
 7.938E-06  2.61212904548124E-04
 8.046E-06  2.67847107936546E-04
 8.156E-06  2.74649762458886E-04
 8.268E-06  2.81625143644532E-04
 8.380E-06  2.88777635476242E-04
 8.495E-06  2.96111733138574E-04
 8.611E-06  3.03632045835899E-04
 8.728E-06  3.11343299681688E-04
 8.848E-06  3.19250340660979E-04
 8.968E-06  3.27358137667665E-04
 9.091E-06  3.35671785618708E-04
 9.215E-06  3.44196508647198E-04
 9.341E-06  3.52937663376050E-04
 9.468E-06  3.61900742274531E-04
 9.597E-06  3.71091377099802E-04
 9.729E-06  3.80515342425402E-04
 9.861E-06  3.90178559258954E-04
 9.996E-06  4.00087098751400E-04
 1.013E-05  4.10247186000045E-04
 1.027E-05  4.20665203947748E-04
 1.041E-05  4.31347697380597E-04
 1.055E-05  4.42301377026845E-04
 1.070E-05  4.53533123759315E-04
 1.084E-05  4.65049992904053E-04
 1.099E-05  4.76859218657964E-04
 1.114E-05  4.88968218617997E-04
 1.129E-05  5.01384598424903E-04
 1.145E-05  5.14116156524245E-04
 1.160E-05  5.27170889047757E-04
 1.176E-05  5.40556994818068E-04
 1.192E-05  5.54282880479808E-04
 1.209E-05  5.68357165760413E-04
 1.225E-05  5.82788688863707E-04
 1.242E-05  5.97586511999859E-04
 1.259E-05  6.12759927054929E-04
 1.276E-05  6.28318461403586E-04
 1.293E-05  6.44271883868673E-04
 1.311E-05  6.60630210831197E-04
 1.329E-05  6.77403712494593E-04
 1.347E-05  6.94602919307171E-04
 1.365E-05  7.12238628546684E-04
 1.384E-05  7.30321911071016E-04
 1.403E-05  7.48864118239352E-04
 1.422E-05  7.67876889008053E-04
 1.442E-05  7.87372157205424E-04
 1.461E-05  8.07362158990159E-04
 1.481E-05  8.27859440497971E-04
 1.501E-05  8.48876865681069E-04
 1.522E-05  8.70427624345437E-04
 1.543E-05  8.92525240390733E-04
 1.564E-05  9.15183580258165E-04
 1.585E-05  9.38416861591168E-04
 1.607E-05  9.62239662114678E-04
 1.629E-05  9.86666928738138E-04
 1.651E-05  1.01171398688805E-03
 1.673E-05  1.03739655007560E-03
 1.696E-05  1.06373072970570E-03
 1.719E-05  1.09073304513302E-03
 1.743E-05  1.11842043397132E-03
 1.767E-05  1.14681026266295E-03
 1.791E-05  1.17592033731408E-03
 1.815E-05  1.20576891480311E-03
 1.840E-05  1.23637471416904E-03
 1.865E-05  1.26775692828622E-03
 1.891E-05  1.29993523583343E-03
 1.916E-05  1.33292981356412E-03
 1.943E-05  1.36676134888554E-03
 1.969E-05  1.40145105275447E-03
 1.996E-05  1.43702067289759E-03
 2.023E-05  1.47349250736451E-03
 2.051E-05  1.51088941842158E-03
 2.079E-05  1.54923484679558E-03
 2.107E-05  1.58855282627536E-03
 2.136E-05  1.62886799868085E-03
 2.165E-05  1.67020562920855E-03
 2.195E-05  1.71259162216265E-03
 2.225E-05  1.75605253708170E-03
 2.255E-05  1.80061560527077E-03
 2.286E-05  1.84630874674884E-03
 2.317E-05  1.89316058762211E-03
 2.349E-05  1.94120047789395E-03
 2.381E-05  1.99045850972192E-03
 2.413E-05  2.04096553613376E-03
 2.446E-05  2.09275319021271E-03
 2.480E-05  2.14585390476510E-03
 2.514E-05  2.20030093248184E-03
 2.548E-05  2.25612836660496E-03
 2.583E-05  2.31337116211377E-03
 2.618E-05  2.37206515744206E-03
 2.654E-05  2.43224709674014E-03
 2.690E-05  2.49395465269566E-03
 2.727E-05  2.55722644992620E-03
 2.764E-05  2.62210208895838E-03
 2.802E-05  2.68862217080852E-03
 2.840E-05  2.75682832217897E-03
 2.879E-05  2.82676322128589E-03
 2.918E-05  2.89847062433409E-03
 2.958E-05  2.97199539265549E-03
 2.998E-05  3.04738352052610E-03
 3.039E-05  3.12468216368085E-03
 3.080E-05  3.20393966854114E-03
 3.123E-05  3.28520560217442E-03
 3.165E-05  3.36853078300381E-03
 3.208E-05  3.45396731228470E-03
 3.252E-05  3.54156860637024E-03
 3.297E-05  3.63138942978254E-03
 3.342E-05  3.72348592911133E-03
 3.387E-05  3.81791566775907E-03
 3.433E-05  3.91473766155566E-03
 3.480E-05  4.01401241526207E-03
 3.528E-05  4.11580195998492E-03
 3.576E-05  4.22016989152757E-03
 3.625E-05  4.32718140969681E-03
 3.674E-05  4.43690335859117E-03
 3.724E-05  4.54940426789481E-03
 3.775E-05  4.66475439520136E-03
 3.827E-05  4.78302576939333E-03
 3.879E-05  4.90429223510324E-03
 3.932E-05  5.02862949828289E-03
 3.986E-05  5.15611517290855E-03
 4.040E-05  5.28682882884919E-03
 4.095E-05  5.42085204092793E-03
 4.151E-05  5.55826843920438E-03
 4.208E-05  5.69916376050819E-03
 4.265E-05  5.84362590125671E-03
 4.324E-05  5.99174497158543E-03
 4.383E-05  6.14361335082453E-03
 4.442E-05  6.29932574435539E-03
 4.503E-05  6.45897924188052E-03
 4.565E-05  6.62267337714093E-03
 4.627E-05  6.79051018911719E-03
 4.690E-05  6.96259428474956E-03
 4.754E-05  7.13903290321617E-03
 4.819E-05  7.31993598180627E-03
 4.885E-05  7.50541622342705E-03
 4.951E-05  7.69558916578519E-03
 5.019E-05  7.89057325228223E-03
 5.088E-05  8.09048990466882E-03
 5.157E-05  8.29546359749899E-03
 5.227E-05  8.50562193442562E-03
 5.299E-05  8.72109572638739E-03
 5.371E-05  8.94201907172961E-03
 5.445E-05  9.16852943830697E-03
 5.519E-05  9.40076774761719E-03
 5.594E-05  9.63887846101397E-03
 5.671E-05  9.88300966804944E-03
 5.748E-05  1.01333131770005E-02
 5.826E-05  1.03899446076282E-02
 5.906E-05  1.06530634862275E-02
 5.987E-05  1.09228333430222E-02
 6.068E-05  1.11994218119602E-02
 6.151E-05  1.14830007329703E-02
 6.235E-05  1.17737462567357E-02
 6.320E-05  1.20718389520525E-02
 6.407E-05  1.23774639158246E-02
 6.494E-05  1.26908108857704E-02
 6.583E-05  1.30120743558987E-02
 6.673E-05  1.33414536948236E-02
 6.764E-05  1.36791532669879E-02
 6.856E-05  1.40253825568606E-02
 6.950E-05  1.43803562961865E-02
 7.045E-05  1.47442945943552E-02
 7.141E-05  1.51174230719684E-02
 7.238E-05  1.54999729976807E-02
 7.337E-05  1.58921814283924E-02
 7.437E-05  1.62942913528740E-02
 7.539E-05  1.67065518389084E-02
 7.642E-05  1.71292181840273E-02
 7.746E-05  1.75625520699368E-02
 7.852E-05  1.80068217207125E-02
 7.959E-05  1.84623020648583E-02
 8.068E-05  1.89292749013235E-02
 8.178E-05  1.94080290695599E-02
 8.289E-05  1.98988606237349E-02
 8.403E-05  2.04020730111801E-02
 8.517E-05  2.09179772551875E-02
 8.634E-05  2.14468921422566E-02
 8.751E-05  2.19891444138840E-02
 8.871E-05  2.25450689630253E-02
 8.992E-05  2.31150090353216E-02
 9.115E-05  2.36993164352082E-02
 9.239E-05  2.42983517370263E-02
 9.365E-05  2.49124845012445E-02
 9.493E-05  2.55420934959236E-02
 9.623E-05  2.61875669235376E-02
 9.754E-05  2.68493026532780E-02
 9.887E-05  2.75277084589781E-02
 1.002E-04  2.82232022627764E-02
 1.016E-04  2.89362123846636E-02
 1.030E-04  2.96671777980461E-02
 1.044E-04  3.04165483914661E-02
 1.058E-04  3.11847852366224E-02
 1.073E-04  3.19723608628422E-02
 1.087E-04  3.27797595381474E-02
 1.102E-04  3.36074775570681E-02
 1.117E-04  3.44560235353683E-02
 1.132E-04  3.53259187118376E-02
 1.148E-04  3.62176972573086E-02
 1.163E-04  3.71319065910744E-02
 1.179E-04  3.80691077048727E-02
 1.195E-04  3.90298754946088E-02
 1.212E-04  4.00147990999993E-02
 1.228E-04  4.10244822523118E-02
 1.245E-04  4.20595436303980E-02
 1.262E-04  4.31206172251915E-02
 1.279E-04  4.42083527128809E-02
 1.297E-04  4.53234158369495E-02
 1.314E-04  4.64664887992673E-02
 1.332E-04  4.76382706604759E-02
 1.351E-04  4.88394777498425E-02
 1.369E-04  5.00708440848130E-02
 1.388E-04  5.13331218004890E-02
 1.407E-04  5.26270815892236E-02
 1.426E-04  5.39535131506042E-02
 1.445E-04  5.53132256520283E-02
 1.465E-04  5.67070482001081E-02
 1.485E-04  5.81358303231653E-02
 1.505E-04  5.96004424650394E-02
 1.526E-04  6.11017764904813E-02
 1.547E-04  6.26407462023825E-02
 1.568E-04  6.42182878710822E-02
 1.589E-04  6.58353607760664E-02
 1.611E-04  6.74929477602839E-02
 1.633E-04  6.91920557973688E-02
 1.655E-04  7.09337165720840E-02
 1.678E-04  7.27189870742255E-02
 1.701E-04  7.45489502063252E-02
 1.724E-04  7.64247154054186E-02
 1.748E-04  7.83474192792027E-02
 1.771E-04  8.03182262568984E-02
 1.796E-04  8.23383292551165E-02
 1.820E-04  8.44089503590530E-02
 1.845E-04  8.65313415193764E-02
 1.870E-04  8.87067852650994E-02
 1.896E-04  9.09365954327844E-02
 1.922E-04  9.32221179124706E-02
 1.948E-04  9.55647314106051E-02
 1.974E-04  9.79658482304115E-02
 2.001E-04  1.00426915070025E-01
 2.029E-04  1.02949413838757E-01
 2.056E-04  1.05534862491892E-01
 2.084E-04  1.08184815884409E-01
 2.113E-04  1.10900866643988E-01
 2.142E-04  1.13684646063727E-01
 2.171E-04  1.16537825014984E-01
 2.201E-04  1.19462114880712E-01
 2.231E-04  1.22459268509770E-01
 2.261E-04  1.25531081192582E-01
 2.292E-04  1.28679391658605E-01
 2.323E-04  1.31906083096064E-01
 2.355E-04  1.35213084194345E-01
 2.387E-04  1.38602370209568E-01
 2.420E-04  1.42075964053748E-01
 2.453E-04  1.45635937408044E-01
 2.486E-04  1.49284411860580E-01
 2.520E-04  1.53023560069256E-01
 2.555E-04  1.56855606950149E-01
 2.589E-04  1.60782830891901E-01
 2.625E-04  1.64807564996633E-01
 2.661E-04  1.68932198347924E-01
 2.697E-04  1.73159177306335E-01
 2.734E-04  1.77491006833017E-01
 2.771E-04  1.81930251841918E-01
 2.809E-04  1.86479538581187E-01
 2.847E-04  1.91141556044250E-01
 2.886E-04  1.95919057411119E-01
 2.926E-04  2.00814861520544E-01
 2.965E-04  2.05831854373529E-01
 3.006E-04  2.10972990668802E-01
 3.047E-04  2.16241295370775E-01
 3.089E-04  2.21639865310669E-01
 3.131E-04  2.27171870821293E-01
 3.174E-04  2.32840557406138E-01
 3.217E-04  2.38649247443354E-01
 3.261E-04  2.44601341925231E-01
 3.305E-04  2.50700322233819E-01
 3.350E-04  2.56949751953229E-01
 3.396E-04  2.63353278719349E-01
 3.442E-04  2.69914636107474E-01
 3.489E-04  2.76637645558593E-01
 3.537E-04  2.83526218344905E-01
 3.585E-04  2.90584357575204E-01
 3.634E-04  2.97816160240819E-01
 3.684E-04  3.05225819302672E-01
 3.734E-04  3.12817625820198E-01
 3.785E-04  3.20595971122694E-01
 3.837E-04  3.28565349023810E-01
 3.889E-04  3.36730358079752E-01
 3.942E-04  3.45095703891946E-01
 3.996E-04  3.53666201454824E-01
 4.051E-04  3.62446777549170E-01
 4.106E-04  3.71442473181971E-01
 4.162E-04  3.80658446073284E-01
 4.219E-04  3.90099973190674E-01
 4.277E-04  3.99772453332089E-01
 4.335E-04  4.09681409757584E-01
 4.394E-04  4.19832492870686E-01
 4.454E-04  4.30231482949973E-01
 4.515E-04  4.40884292931468E-01
 4.577E-04  4.51796971242546E-01
 4.639E-04  4.62975704687847E-01
 4.702E-04  4.74426821387905E-01
 4.767E-04  4.86156793771056E-01
 4.832E-04  4.98172241619122E-01
 4.898E-04  5.10479935167581E-01
 4.965E-04  5.23086798260643E-01
 5.032E-04  5.35999911561810E-01
 5.101E-04  5.49226515820596E-01
 5.171E-04  5.62774015195625E-01
 5.241E-04  5.76649980634806E-01
 5.313E-04  5.90862153313086E-01
 5.385E-04  6.05418448127993E-01
 5.459E-04  6.20326957253567E-01
 5.533E-04  6.35595953753237E-01
 5.609E-04  6.51233895251568E-01
 5.686E-04  6.67249427665575E-01
 5.763E-04  6.83651388995910E-01
 5.842E-04  7.00448813177959E-01
 5.922E-04  7.17650933993386E-01
 6.002E-04  7.35267189042140E-01
 6.084E-04  7.53307223775021E-01
 6.167E-04  7.71780895587250E-01
 6.252E-04  7.90698277972932E-01
 6.337E-04  8.10069664740244E-01
 6.423E-04  8.29905574287729E-01
 6.511E-04  8.50216753941425E-01
 6.600E-04  8.71014184352733E-01
 6.690E-04  8.92309083956758E-01
 6.782E-04  9.14112913491062E-01
 6.874E-04  9.36437380574541E-01
 6.968E-04  9.59294444345793E-01
 7.063E-04  9.82696320160807E-01
 7.160E-04  1.00665548434937E+00
 7.257E-04  1.03118467902964E+00
 7.356E-04  1.05629691698007E+00
 7.457E-04  1.08200548656814E+00
 7.559E-04  1.10832395673501E+00
 7.662E-04  1.13526618203493E+00
 7.766E-04  1.16284630772865E+00
 7.872E-04  1.19107877492964E+00
 7.980E-04  1.21997832580165E+00
 8.089E-04  1.24956000880666E+00
 8.199E-04  1.27983918400127E+00
 8.311E-04  1.31083152838036E+00
 8.425E-04  1.34255304126606E+00
 8.540E-04  1.37502004974020E+00
 8.656E-04  1.40824921411837E+00
 8.774E-04  1.44225753346318E+00
 8.894E-04  1.47706235113491E+00
 9.016E-04  1.51268136037654E+00
 9.139E-04  1.54913260993096E+00
 9.264E-04  1.58643450968758E+00
 9.390E-04  1.62460583635499E+00
 9.518E-04  1.66366573915713E+00
 9.648E-04  1.70363374554908E+00
 9.780E-04  1.74452976694950E+00
 9.913E-04  1.78637410448550E+00
 1.005E-03  1.82918745474624E+00
 1.019E-03  1.87299091554143E+00
 1.032E-03  1.91780599165948E+00
 1.047E-03  1.96365460062173E+00
 1.061E-03  2.01055907842722E+00
 1.075E-03  2.05854218528306E+00
 1.090E-03  2.10762711131507E+00
 1.105E-03  2.15783748225305E+00
 1.120E-03  2.20919736508491E+00
 1.135E-03  2.26173127367285E+00
 1.151E-03  2.31546417432620E+00
 1.167E-03  2.37042149132292E+00
 1.182E-03  2.42662911237315E+00
 1.199E-03  2.48411339401770E+00
 1.215E-03  2.54290116695311E+00
 1.232E-03  2.60301974127543E+00
 1.248E-03  2.66449691163397E+00
 1.265E-03  2.72736096228664E+00
 1.283E-03  2.79164067204716E+00
 1.300E-03  2.85736531911459E+00
 1.318E-03  2.92456468577525E+00
 1.336E-03  2.99326906296651E+00
 1.354E-03  3.06350925469162E+00
 1.373E-03  3.13531658227411E+00
 1.391E-03  3.20872288844004E+00
 1.410E-03  3.28376054121601E+00
 1.430E-03  3.36046243763010E+00
 1.449E-03  3.43886200720235E+00
 1.469E-03  3.51899321521147E+00
 1.489E-03  3.60089056572358E+00
 1.509E-03  3.68458910436768E+00
 1.530E-03  3.77012442084323E+00
 1.551E-03  3.85753265114400E+00
 1.572E-03  3.94685047948127E+00
 1.593E-03  4.03811513989033E+00
 1.615E-03  4.13136441750186E+00
 1.637E-03  4.22663664946099E+00
 1.660E-03  4.32397072547482E+00
 1.682E-03  4.42340608796897E+00
 1.705E-03  4.52498273183387E+00
 1.729E-03  4.62874120373989E+00
 1.752E-03  4.73472260099973E+00
 1.776E-03  4.84296856995704E+00
 1.800E-03  4.95352130387804E+00
 1.825E-03  5.06642354032363E+00
 1.850E-03  5.18171855797746E+00
 1.875E-03  5.29945017290596E+00
 1.901E-03  5.41966273422496E+00
 1.927E-03  5.54240111914671E+00
 1.953E-03  5.66771072738143E+00
 1.980E-03  5.79563747486499E+00
 2.007E-03  5.92622778678565E+00
 2.034E-03  6.05952858988071E+00
 2.062E-03  6.19558730397354E+00
 2.090E-03  6.33445183272093E+00
 2.118E-03  6.47617055354000E+00
 2.147E-03  6.62079230668321E+00
 2.177E-03  6.76836638342813E+00
 2.206E-03  6.91894251335082E+00
 2.236E-03  7.07257085064762E+00
 2.267E-03  7.22930195947150E+00
 2.298E-03  7.38918679824807E+00
 2.329E-03  7.55227670293501E+00
 2.361E-03  7.71862336918995E+00
 2.393E-03  7.88827883340793E+00
 2.426E-03  8.06129545259212E+00
 2.459E-03  8.23772588301967E+00
 2.493E-03  8.41762305766336E+00
 2.527E-03  8.60104016232993E+00
 2.561E-03  8.78803061047600E+00
 2.596E-03  8.97864801666067E+00
 2.632E-03  9.17294616859370E+00
 2.668E-03  9.37097899774001E+00
 2.704E-03  9.57280054843735E+00
 2.741E-03  9.77846494548516E+00
 2.778E-03  9.98802636016561E+00
 2.816E-03  1.02015389746504E+01
 2.855E-03  1.04190569447543E+01
 2.894E-03  1.06406343609924E+01
 2.933E-03  1.08663252078966E+01
 2.973E-03  1.10961833215528E+01
 3.014E-03  1.13302623453129E+01
 3.055E-03  1.15686156836415E+01
 3.097E-03  1.18112964540567E+01
 3.139E-03  1.20583574371207E+01
 3.182E-03  1.23098510244427E+01
 3.225E-03  1.25658291646519E+01
 3.269E-03  1.28263433073024E+01
 3.314E-03  1.30914443446710E+01
 3.359E-03  1.33611825514099E+01
 3.405E-03  1.36356075220195E+01
 3.452E-03  1.39147681061031E+01
 3.499E-03  1.41987123413738E+01
 3.546E-03  1.44874873843776E+01
 3.595E-03  1.47811394389031E+01
 3.644E-03  1.50797136820513E+01
 3.694E-03  1.53832541879361E+01
 3.744E-03  1.56918038489916E+01
 3.795E-03  1.60054042948655E+01
 3.847E-03  1.63240958088785E+01
 3.900E-03  1.66479172420313E+01
 3.953E-03  1.69769059245498E+01
 4.007E-03  1.73110975749545E+01
 4.061E-03  1.76505262066485E+01
 4.117E-03  1.79952240320219E+01
 4.173E-03  1.83452213640731E+01
 4.230E-03  1.87005465155527E+01
 4.288E-03  1.90612256956378E+01
 4.346E-03  1.94272829041560E+01
 4.406E-03  1.97987398233730E+01
 4.466E-03  2.01756157073735E+01
 4.527E-03  2.05579272690656E+01
 4.589E-03  2.09456885648428E+01
 4.651E-03  2.13389108769500E+01
 4.715E-03  2.17376025936034E+01
 4.779E-03  2.21417690869193E+01
 4.844E-03  2.25514125887172E+01
 4.911E-03  2.29665320642699E+01
 4.978E-03  2.33871230840806E+01
 5.046E-03  2.38131776937745E+01
 5.114E-03  2.42446842822043E+01
 5.184E-03  2.46816274478744E+01
 5.255E-03  2.51239878638015E+01
 5.327E-03  2.55717421409368E+01
 5.400E-03  2.60248626902873E+01
 5.473E-03  2.64833175838830E+01
 5.548E-03  2.69470704147486E+01
 5.624E-03  2.74160801560498E+01
 5.700E-03  2.78903010195952E+01
 5.778E-03  2.83696823138903E+01
 5.857E-03  2.88541683019482E+01
 5.937E-03  2.93436980590775E+01
 6.018E-03  2.98382053308827E+01
 6.100E-03  3.03376183917208E+01
 6.184E-03  3.08418599038789E+01
 6.268E-03  3.13508467777473E+01
 6.354E-03  3.18644900332776E+01
 6.440E-03  3.23826946630330E+01
 6.528E-03  3.29053594971524E+01
 6.617E-03  3.34323770705644E+01
 6.708E-03  3.39636334928028E+01
 6.799E-03  3.44990083207954E+01
 6.892E-03  3.50383744350088E+01
 6.986E-03  3.55815979193527E+01
 7.082E-03  3.61285379452603E+01
 7.178E-03  3.66790466603836E+01
 7.276E-03  3.72329690823496E+01
 7.376E-03  3.77901429980521E+01
 7.476E-03  3.83503988689611E+01
 7.578E-03  3.89135597429509E+01
 7.682E-03  3.94794411731701E+01
 7.787E-03  4.00478511444822E+01
 7.893E-03  4.06185900080309E+01
 8.001E-03  4.11914504244971E+01
 8.110E-03  4.17662173166261E+01
 8.221E-03  4.23426678316240E+01
 8.333E-03  4.29205713140323E+01
 8.447E-03  4.34996892897038E+01
 8.562E-03  4.40797754615203E+01
 8.679E-03  4.46605757174944E+01
 8.798E-03  4.52418281519207E+01
 8.918E-03  4.58232631002434E+01
 9.039E-03  4.64046031883171E+01
 9.163E-03  4.69855633967506E+01
 9.288E-03  4.75658511410217E+01
 9.415E-03  4.81451663680613E+01
 9.543E-03  4.87232016700071E+01
 9.674E-03  4.92996424158271E+01
 9.806E-03  4.98741669015135E+01
 9.940E-03  5.04464465195435E+01
 1.008E-02  5.10161459483039E+01
 1.021E-02  5.15829233621606E+01
 1.035E-02  5.21464306628527E+01
 1.049E-02  5.27063137328763E+01
 1.064E-02  5.32622127115033E+01
 1.078E-02  5.38137622940721E+01
 1.093E-02  5.43605920551592E+01
 1.108E-02  5.49023267962173E+01
 1.123E-02  5.54385869182419E+01
 1.138E-02  5.59689888199952E+01
 1.154E-02  5.64931453222803E+01
 1.170E-02  5.70106661187209E+01
 1.186E-02  5.75211582534645E+01
 1.202E-02  5.80242266261717E+01
 1.218E-02  5.85194745246102E+01
 1.235E-02  5.90065041851145E+01
 1.252E-02  5.94849173811138E+01
 1.269E-02  5.99543160398665E+01
 1.286E-02  6.04143028874669E+01
 1.304E-02  6.08644821221228E+01
 1.321E-02  6.13044601156186E+01
 1.339E-02  6.17338461427954E+01
 1.358E-02  6.21522531387928E+01
 1.376E-02  6.25592984837033E+01
 1.395E-02  6.29546048141869E+01
 1.414E-02  6.33378008614948E+01
 1.433E-02  6.37085223152385E+01
 1.453E-02  6.40664127121246E+01
 1.473E-02  6.44111243487629E+01
 1.493E-02  6.47423192175214E+01
 1.513E-02  6.50596699642785E+01
 1.534E-02  6.53628608667883E+01
 1.555E-02  6.56515888322345E+01
 1.576E-02  6.59255644124035E+01
 1.598E-02  6.61845128347664E+01
 1.619E-02  6.64281750476016E+01
 1.642E-02  6.66563087771378E+01
 1.664E-02  6.68686895945418E+01
 1.687E-02  6.70651119904116E+01
 1.710E-02  6.72453904542713E+01
 1.733E-02  6.74093605564065E+01
 1.757E-02  6.75568800292033E+01
 1.781E-02  6.76878298449919E+01
 1.805E-02  6.78021152872303E+01
 1.830E-02  6.78996670116947E+01
 1.855E-02  6.79804420941727E+01
 1.880E-02  6.80444250610031E+01
 1.906E-02  6.80916288986346E+01
 1.932E-02  6.81220960382234E+01
 1.958E-02  6.81358993111379E+01
 1.985E-02  6.81331428710869E+01
 2.012E-02  6.81139630784513E+01
 2.039E-02  6.80785293422659E+01
 2.067E-02  6.80270449151688E+01
 2.095E-02  6.79597476365256E+01
 2.124E-02  6.78769106188319E+01
 2.153E-02  6.77788428723998E+01
 2.182E-02  6.76658898632640E+01
 2.212E-02  6.75384339991731E+01
 2.242E-02  6.73968950384841E+01
 2.273E-02  6.72417304167530E+01
 2.304E-02  6.70734354857933E+01
 2.335E-02  6.68925436599914E+01
 2.367E-02  6.66996264646876E+01
 2.400E-02  6.64952934814911E+01
 2.432E-02  6.62801921854654E+01
 2.466E-02  6.60550076692269E+01
 2.499E-02  6.58204622491217E+01
 2.533E-02  6.55773149488002E+01
 2.568E-02  6.53263608556954E+01
 2.603E-02  6.50684303461204E+01
 2.639E-02  6.48043881749421E+01
 2.675E-02  6.45351324260698E+01
 2.711E-02  6.42615933202975E+01
 2.748E-02  6.39847318773857E+01
 2.786E-02  6.37055384296395E+01
 2.824E-02  6.34250309846530E+01
 2.862E-02  6.31442534353285E+01
 2.901E-02  6.28642736157643E+01
 2.941E-02  6.25861812021161E+01
 2.981E-02  6.23110854580836E+01
 3.022E-02  6.20401128252619E+01
 3.063E-02  6.17744043592107E+01
 3.105E-02  6.15151130127462E+01
 3.147E-02  6.12634007686426E+01
 3.190E-02  6.10204356246450E+01
 3.234E-02  6.07873884344347E+01
 3.278E-02  6.05654296089625E+01
 3.323E-02  6.03557256833604E+01
 3.368E-02  6.01594357554596E+01
 3.414E-02  5.99777078027891E+01
 3.461E-02  5.98116748857825E+01
 3.508E-02  5.96624512457979E+01
 3.556E-02  5.95311283074433E+01
 3.604E-02  5.94187705955912E+01
 3.654E-02  5.93264115783667E+01
 3.703E-02  5.92550494482938E+01
 3.754E-02  5.92056428546769E+01
 3.805E-02  5.91791066011828E+01
 3.857E-02  5.91763073234599E+01
 3.910E-02  5.91980591624847E+01
 3.963E-02  5.92451194501554E+01
 4.017E-02  5.93181844244518E+01
 4.072E-02  5.94178849922407E+01
 4.128E-02  5.95447825585351E+01
 4.184E-02  5.96993649416806E+01
 4.241E-02  5.98820423945678E+01
 4.299E-02  6.00931437525274E+01
 4.358E-02  6.03329127290557E+01
 4.417E-02  6.06015043809380E+01
 4.478E-02  6.08989817646751E+01
 4.539E-02  6.12253128063716E+01
 4.601E-02  6.15803674074031E+01
 4.664E-02  6.19639148082380E+01
 4.727E-02  6.23756212327473E+01
 4.792E-02  6.28150478351759E+01
 4.857E-02  6.32816489716764E+01
 4.924E-02  6.37747708179089E+01
 4.991E-02  6.42936503536864E+01
 5.059E-02  6.48374147349895E+01
 5.128E-02  6.54050810728781E+01
 5.198E-02  6.59955566378968E+01
 5.269E-02  6.66076395074926E+01
 5.341E-02  6.72400196727390E+01
 5.414E-02  6.78912806192917E+01
 5.488E-02  6.85599013959786E+01
 5.563E-02  6.92442591827589E+01
 5.639E-02  6.99426323679669E+01
 5.716E-02  7.06532041427905E+01
 5.794E-02  7.13740666188226E+01
 5.873E-02  7.21032254722718E+01
 5.953E-02  7.28386051160271E+01
 6.034E-02  7.35780543982483E+01
 6.116E-02  7.43193528235070E+01
 6.200E-02  7.50602172897337E+01
 6.285E-02  7.57983093313507E+01
 6.370E-02  7.65312428559968E+01
 6.457E-02  7.72565923591805E+01
 6.546E-02  7.79719015980617E+01
 6.635E-02  7.86746927023529E+01
 6.725E-02  7.93624756970832E+01
 6.817E-02  8.00327584086780E+01
 6.910E-02  8.06830567225082E+01
 7.005E-02  8.13109051567639E+01
 7.100E-02  8.19138677142278E+01
 7.197E-02  8.24895489702883E+01
 7.296E-02  8.30356053523578E+01
 7.395E-02  8.35497565627727E+01
 7.496E-02  8.40297970942705E+01
 7.598E-02  8.44736077842890E+01
 7.702E-02  8.48791673516404E+01
 7.807E-02  8.52445638565972E+01
 7.914E-02  8.55680060231267E+01
 8.022E-02  8.58478343599319E+01
 8.132E-02  8.60825320151475E+01
 8.243E-02  8.62707352980083E+01
 8.355E-02  8.64112437995920E+01
 8.469E-02  8.65030300438578E+01
 8.585E-02  8.65452485996857E+01
 8.702E-02  8.65372445844926E+01
 8.821E-02  8.64785614902838E+01
 8.941E-02  8.63689482637162E+01
 9.063E-02  8.62083655729196E+01
 9.187E-02  8.59969911954741E+01
 9.312E-02  8.57352244640800E+01
 9.440E-02  8.54236897091057E+01
 9.568E-02  8.50632386403716E+01
 9.699E-02  8.46549516142298E+01
 9.831E-02  8.42001377362367E+01
 9.966E-02  8.37003337545005E+01
 1.010E-01  8.31573017041054E+01
 1.024E-01  8.25730252688715E+01
 1.038E-01  8.19497048330948E+01
 1.052E-01  8.12897512028046E+01
 1.066E-01  8.05957779834681E+01
 1.081E-01  7.98705926089242E+01
 1.096E-01  7.91171860246250E+01
 1.111E-01  7.83387210369578E+01
 1.126E-01  7.75385193494768E+01
 1.141E-01  7.67200473162376E+01
 1.157E-01  7.58869004520547E+01
 1.173E-01  7.50427867493193E+01
 1.189E-01  7.41915088609732E+01
 1.205E-01  7.33369452192414E+01
 1.221E-01  7.24830301697287E+01
 1.238E-01  7.16337332103810E+01
 1.255E-01  7.07930374345290E+01
 1.272E-01  6.99649172866746E+01
 1.289E-01  6.91533157487575E+01
 1.307E-01  6.83621210832558E+01
 1.325E-01  6.75951432675385E+01
 1.343E-01  6.68560902612942E+01
 1.361E-01  6.61485442555270E+01
 1.380E-01  6.54759380574301E+01
 1.399E-01  6.48415317703430E+01
 1.418E-01  6.42483899318717E+01
 1.437E-01  6.36993592760311E+01
 1.457E-01  6.31970472868744E+01
 1.477E-01  6.27438017114423E+01
 1.497E-01  6.23416911989340E+01
 1.517E-01  6.19924872307219E+01
 1.538E-01  6.16976475021720E+01
 1.559E-01  6.14583009121423E+01
 1.580E-01  6.12752343095267E+01
 1.602E-01  6.11488811382491E+01
 1.624E-01  6.10793121127365E+01
 1.646E-01  6.10662280450962E+01
 1.668E-01  6.11089549330551E+01
 1.691E-01  6.12064414042143E+01
 1.714E-01  6.13572585974020E+01
 1.738E-01  6.15596025459520E+01
 1.761E-01  6.18112991106756E+01
 1.785E-01  6.21098114922511E+01
 1.810E-01  6.24522503338392E+01
 1.834E-01  6.28353864050893E+01
 1.860E-01  6.32556658384773E+01
 1.885E-01  6.37092278682801E+01
 1.911E-01  6.41919250016141E+01
 1.937E-01  6.46993455300462E+01
 1.963E-01  6.52268382695067E+01
 1.990E-01  6.57695393958142E+01
 2.017E-01  6.63224012232568E+01
 2.045E-01  6.68802227545839E+01
 2.073E-01  6.74376818126509E+01
 2.101E-01  6.79893685470306E+01
 2.130E-01  6.85298200933651E+01
 2.159E-01  6.90535561492583E+01
 2.188E-01  6.95551152182904E+01
 2.218E-01  7.00290912634198E+01
 2.248E-01  7.04701705027806E+01
 2.279E-01  7.08731680747906E+01
 2.310E-01  7.12330642956778E+01
 2.342E-01  7.15450402310632E+01
 2.374E-01  7.18045123041836E+01
 2.406E-01  7.20071656666975E+01
 2.439E-01  7.21489860638165E+01
 2.472E-01  7.22262899336969E+01
 2.506E-01  7.22357524915748E+01
 2.540E-01  7.21744335619442E+01
 2.575E-01  7.20398009370792E+01
 2.610E-01  7.18297510572455E+01
 2.646E-01  7.15426268269176E+01
 2.682E-01  7.11772324020346E+01
 2.718E-01  7.07328448056386E+01
 2.755E-01  7.02092222529368E+01
 2.793E-01  6.96066090917384E+01
 2.831E-01  6.89257372901098E+01
 2.870E-01  6.81678244297809E+01
 2.909E-01  6.73345681910859E+01
 2.949E-01  6.64281373428283E+01
 2.989E-01  6.54511592782033E+01
 3.030E-01  6.44067041655730E+01
 3.071E-01  6.32982658102566E+01
 3.113E-01  6.21297393503664E+01
 3.156E-01  6.09053959358749E+01
 3.199E-01  5.96298545653414E+01
 3.242E-01  5.83080512788650E+01
 3.287E-01  5.69452059286632E+01
 3.331E-01  5.55467867700221E+01
 3.377E-01  5.41184731350383E+01
 3.423E-01  5.26661164693942E+01
 3.470E-01  5.11957000282114E+01
 3.517E-01  4.97132975406347E+01
 3.565E-01  4.82250311640571E+01
 3.614E-01  4.67370290576504E+01
 3.663E-01  4.52553829109682E+01
 3.713E-01  4.37861057667134E+01
 3.764E-01  4.23350904771833E+01
 3.815E-01  4.09080691313318E+01
 3.867E-01  3.95105737837334E+01
 3.920E-01  3.81478988079491E+01
 3.974E-01  3.68250651848555E+01
 4.028E-01  3.55467870214198E+01
 4.083E-01  3.43174405772342E+01
 4.139E-01  3.31410360549708E+01
 4.195E-01  3.20211923869141E+01
 4.252E-01  3.09611152230914E+01
 4.311E-01  2.99635782974847E+01
 4.369E-01  2.90309083176937E+01
 4.429E-01  2.81649734905764E+01
 4.489E-01  2.73671757622228E+01
 4.551E-01  2.66384468155627E+01
 4.613E-01  2.59792478334261E+01
 4.676E-01  2.53895729994416E+01
 4.740E-01  2.48689566742365E+01
 4.804E-01  2.44164841504415E+01
 4.870E-01  2.40308058573988E+01
 4.936E-01  2.37101548555931E+01
 5.004E-01  2.34523674319553E+01
 5.072E-01  2.32549065805640E+01
 5.141E-01  2.31148881290864E+01
 5.212E-01  2.30291092496603E+01
 5.283E-01  2.29940790739494E+01
 5.355E-01  2.30060511158602E+01
 5.428E-01  2.30610571919757E+01
 5.502E-01  2.31549425192038E+01
 5.577E-01  2.32834016615500E+01
 5.653E-01  2.34420149933918E+01
 5.731E-01  2.36262853452552E+01
 5.809E-01  2.38316744999671E+01
 5.888E-01  2.40536392122459E+01
 5.969E-01  2.42876664333501E+01
 6.050E-01  2.45293074343141E+01
 6.133E-01  2.47742105365231E+01
 6.216E-01  2.50181521767836E+01
 6.301E-01  2.52570660554669E+01
 6.387E-01  2.54870701404765E+01
 6.474E-01  2.57044913264350E+01
 6.563E-01  2.59058875772109E+01
 6.652E-01  2.60880674103326E+01
 6.743E-01  2.62481066134889E+01
 6.835E-01  2.63833621157492E+01
 6.929E-01  2.64914829688444E+01
 7.023E-01  2.65704184263582E+01
 7.119E-01  2.66184231404985E+01
 7.216E-01  2.66340595268038E+01
 7.315E-01  2.66161973762535E+01
 7.415E-01  2.65640108214118E+01
 7.516E-01  2.64769727881002E+01
 7.618E-01  2.63548470863786E+01
 7.723E-01  2.61976783140841E+01
 7.828E-01  2.60057797626613E+01
 7.935E-01  2.57797195284122E+01
 8.043E-01  2.55203050425302E+01
 8.153E-01  2.52285662403895E+01
 8.264E-01  2.49057375945767E+01
 8.377E-01  2.45532392371985E+01
 8.491E-01  2.41726573952276E+01
 8.607E-01  2.37657243582465E+01
 8.725E-01  2.33342981911436E+01
 8.844E-01  2.28803423953527E+01
 8.965E-01  2.24059057113727E+01
 9.087E-01  2.19131022428337E+01
 9.211E-01  2.14040920685734E+01
 9.337E-01  2.08810624943362E+01
 9.464E-01  2.03462100800724E+01
 9.594E-01  1.98017235626753E+01
 9.725E-01  1.92497677775850E+01
 9.857E-01  1.86924686662465E+01
 9.992E-01  1.81318994401521E+01
 1.013E+00  1.75700679563008E+01
 1.027E+00  1.70089053435487E+01
 1.041E+00  1.64502559046357E+01
 1.055E+00  1.58958683047851E+01
 1.069E+00  1.53473880447693E+01
 1.084E+00  1.48063512042975E+01
 1.099E+00  1.42741794305678E+01
 1.114E+00  1.37521761368642E+01
 1.129E+00  1.32415238671961E+01
 1.144E+00  1.27432827751759E+01
 1.160E+00  1.22583901586007E+01
 1.176E+00  1.17876609855312E+01
 1.192E+00  1.13317893430125E+01
 1.208E+00  1.08913507359247E+01
 1.225E+00  1.04668051607438E+01
 1.241E+00  1.00585008771886E+01
 1.258E+00  9.66667879977430E+00
 1.275E+00  9.29147743113667E+00
 1.293E+00  8.93293825957652E+00
 1.310E+00  8.59101154454198E+00
 1.328E+00  8.26556241565907E+00
 1.347E+00  7.95637721337765E+00
 1.365E+00  7.66317000225934E+00
 1.384E+00  7.38558919133408E+00
 1.402E+00  7.12322419973075E+00
 1.422E+00  6.87561210988198E+00
 1.441E+00  6.64224425495126E+00
 1.461E+00  6.42257269167048E+00
 1.481E+00  6.21601651444672E+00
 1.501E+00  6.02196797133922E+00
 1.521E+00  5.83979834726448E+00
 1.542E+00  5.66886358450534E+00
 1.563E+00  5.50850961522859E+00
 1.584E+00  5.35807738520950E+00
 1.606E+00  5.21690755228115E+00
 1.628E+00  5.08434484713580E+00
 1.650E+00  4.95974208797729E+00
 1.673E+00  4.84246384413486E+00
 1.696E+00  4.73188974708374E+00
 1.719E+00  4.62741745036662E+00
 1.742E+00  4.52846524266763E+00
 1.766E+00  4.43447432075837E+00
 1.790E+00  4.34491073121672E+00
 1.815E+00  4.25926699172460E+00
 1.839E+00  4.17706340438921E+00
 1.864E+00  4.09784907491925E+00
 1.890E+00  4.02120265263596E+00
 1.916E+00  3.94673280722566E+00
 1.942E+00  3.87407845886044E+00
 1.968E+00  3.80290877884368E+00
 1.995E+00  3.73292297829095E+00
 2.022E+00  3.66384990255112E+00
 2.050E+00  3.59544744911948E+00
 2.078E+00  3.52750182670859E+00
 2.106E+00  3.45982667293576E+00
 2.135E+00  3.39226204776949E+00
 2.164E+00  3.32467331946325E+00
 2.194E+00  3.25694995920242E+00
 2.224E+00  3.18900426011106E+00
 2.254E+00  3.12076999561650E+00
 2.285E+00  3.05220103146344E+00
 2.316E+00  2.98326990491153E+00
 2.348E+00  2.91396638385191E+00
 2.380E+00  2.84429601774593E+00
 2.412E+00  2.77427869143186E+00
 2.445E+00  2.70394719197018E+00
 2.479E+00  2.63334579781312E+00
 2.513E+00  2.56252889869566E+00
 2.547E+00  2.49155965376102E+00
 2.582E+00  2.42050869455916E+00
 2.617E+00  2.34945287869904E+00
 2.653E+00  2.27847409909863E+00
 2.689E+00  2.20765815296698E+00
 2.725E+00  2.13709367387416E+00
 2.763E+00  2.06687112952138E+00
 2.800E+00  1.99708188711902E+00
 2.839E+00  1.92781734761696E+00
 2.877E+00  1.85916814941232E+00
 2.917E+00  1.79122344158625E+00
 2.956E+00  1.72407022619462E+00
 2.997E+00  1.65779276865855E+00
 3.038E+00  1.59247207486973E+00
 3.079E+00  1.52818543324237E+00
 3.121E+00  1.46500601960747E+00
 3.164E+00  1.40300256255503E+00
 3.207E+00  1.34223906658482E+00
 3.251E+00  1.28277459022388E+00
 3.295E+00  1.22466307610771E+00
 3.340E+00  1.16795322989974E+00
 3.386E+00  1.11268844483771E+00
 3.432E+00  1.05890676864319E+00
 3.479E+00  1.00664090950966E+00
 3.526E+00  9.55918277891827E-01
 3.575E+00  9.06761060851773E-01
 3.623E+00  8.59186325773498E-01
 3.673E+00  8.13206150333142E-01
 3.723E+00  7.68827775705486E-01
 3.774E+00  7.26053780095227E-01
 3.825E+00  6.84882269801752E-01
 3.878E+00  6.45307085156077E-01
 3.930E+00  6.07318018806227E-01
 3.984E+00  5.70901043970371E-01
 4.039E+00  5.36038550423641E-01
 4.094E+00  5.02709586132991E-01
 4.150E+00  4.70890102603108E-01
 4.206E+00  4.40553202143912E-01
 4.264E+00  4.11669385415337E-01
 4.322E+00  3.84206797746842E-01
 4.381E+00  3.58131472866651E-01
 4.441E+00  3.33407572808291E-01
 4.501E+00  3.09997622889142E-01
 4.563E+00  2.87862740776935E-01
 4.625E+00  2.66962858775324E-01
 4.688E+00  2.47256938568478E-01
 4.752E+00  2.28703177767288E-01
 4.817E+00  2.11259207696116E-01
 4.883E+00  1.94882281949286E-01
 4.950E+00  1.79529455330923E-01
 5.017E+00  1.65157752870450E-01
 5.086E+00  1.51724328679471E-01
 5.155E+00  1.39186614484051E-01
 5.225E+00  1.27502457730027E-01
 5.297E+00  1.16630249218105E-01
 5.369E+00  1.06529040280541E-01
 5.442E+00  9.71586495623796E-02
 5.517E+00  8.84797595178173E-02
 5.592E+00  8.04540027764944E-02
 5.668E+00  7.30440385755905E-02
 5.746E+00  6.62136194916561E-02
 5.824E+00  5.99276487412909E-02
 5.904E+00  5.41522283521521E-02
 5.984E+00  4.88546985354029E-02
 6.066E+00  4.40036686176185E-02
 6.149E+00  3.95690399143495E-02
 6.233E+00  3.55220209489801E-02
 6.318E+00  3.18351354391773E-02
 6.404E+00  2.84822234890602E-02
 6.491E+00  2.54384364381771E-02
 6.580E+00  2.26802258284276E-02
 6.670E+00  2.01853269571575E-02
 6.761E+00  1.79327374887764E-02
 6.853E+00  1.59026915984001E-02
 6.947E+00  1.40766301192114E-02
 7.042E+00  1.24371671605222E-02
 7.138E+00  1.09680536559765E-02
 7.235E+00  9.65413829105546E-03
 7.334E+00  8.48132624618138E-03
 7.434E+00  7.43653617640655E-03
 7.536E+00  6.50765583112470E-03
 7.639E+00  5.68349669765874E-03
 7.743E+00  4.95374803119973E-03
 7.849E+00  4.30893061065215E-03
 7.956E+00  3.74035053574787E-03
 8.064E+00  3.24005335560564E-03
 8.174E+00  2.80077879301588E-03
 8.286E+00  2.41591630240894E-03
 8.399E+00  2.07946167299798E-03
 8.514E+00  1.78597486224626E-03
 8.630E+00  1.53053921885281E-03
 8.748E+00  1.30872222912113E-03
 8.867E+00  1.11653789609541E-03
 8.988E+00  9.50410837417997E-04
 9.111E+00  8.07142165653304E-04
 9.235E+00  6.83877193987327E-04
 9.362E+00  5.78074990866815E-04
 9.489E+00  4.87479789382350E-04
 9.619E+00  4.10094241089476E-04
 9.750E+00  3.44154489539880E-04
 9.883E+00  2.88107026073050E-04
 1.002E+01  2.40587279386254E-04
 1.016E+01  2.00399881023597E-04
 1.029E+01  1.66500541150050E-04
 1.043E+01  1.37979462733345E-04
 1.058E+01  1.14046217460083E-04
 1.072E+01  9.40160032657668E-05
 1.087E+01  7.72972011552846E-05
 1.102E+01  6.33801479180667E-05
 1.117E+01  5.18270412838047E-05
 1.132E+01  4.22628949019284E-05
 1.147E+01  3.43674621428472E-05
 1.163E+01  2.78680499957083E-05
 1.179E+01  2.25331471644307E-05
 1.195E+01  1.81667937349588E-05
 1.211E+01  1.46036234024767E-05
 1.228E+01  1.17045131156927E-05
 1.245E+01  9.35277903234049E-06
 1.262E+01  7.45086181039312E-06
 1.279E+01  5.91744841649518E-06
 1.296E+01  4.68498175890052E-06
 1.314E+01  3.69751349738889E-06
 1.332E+01  2.90885930609561E-06
 1.350E+01  2.28101963359880E-06
 1.368E+01  1.78283259189313E-06
 1.387E+01  1.38882899265124E-06
 1.406E+01  1.07826272205675E-06
 1.425E+01  8.34292596464785E-07
 1.445E+01  6.43294566877769E-07
 1.464E+01  4.94285641388361E-07
 1.484E+01  3.78443175367270E-07
 1.505E+01  2.88705246364510E-07
 1.525E+01  2.19440783902175E-07
 1.546E+01  1.66183330873566E-07
 1.567E+01  1.25385149756291E-07
 1.589E+01  9.42479099341680E-08
 1.610E+01  7.05736310754922E-08
 1.632E+01  5.26424520118231E-08
 1.655E+01  3.91138117682430E-08
 1.677E+01  2.89468756806312E-08
 1.700E+01  2.13367158950071E-08
 1.723E+01  1.56633350074416E-08
 1.747E+01  1.14511155503786E-08
 1.771E+01  8.33669706623218E-09
 1.795E+01  6.04363627842939E-09
 1.819E+01  4.36250309598662E-09
 1.844E+01  3.13531369775722E-09
 1.869E+01  2.24340871098265E-09
 1.895E+01  1.59805569682705E-09
 1.921E+01  1.13319620674413E-09
 1.947E+01  7.99873313001555E-10
 1.974E+01  5.61969851919681E-10
 2.000E+01  3.92964189630711E-10
 2.028E+01  2.73472159679789E-10
 2.055E+01  1.89393510575386E-10
 2.084E+01  1.30520922846775E-10
 2.112E+01  8.95012450232521E-11
 2.141E+01  6.10635902716827E-11
 2.170E+01  4.14486043968033E-11
 2.200E+01  2.79886134487899E-11
 2.230E+01  1.88003484838016E-11
 2.260E+01  1.25612301176009E-11
 2.291E+01  8.34734714302708E-12
 2.322E+01  5.51674152941748E-12
 2.354E+01  3.62578488130593E-12
 2.386E+01  2.36959205106981E-12
 2.419E+01  1.53979797336793E-12
 2.452E+01  9.94806231710679E-13
 2.485E+01  6.38944820391483E-13
 2.519E+01  4.07946621471789E-13
 2.554E+01  2.58894602157065E-13
 2.588E+01  1.63300066340636E-13
 2.624E+01  1.02366293284366E-13
 2.660E+01  6.37672776633976E-14
 2.696E+01  3.94704041995878E-14
 2.733E+01  2.42739281704991E-14
 2.770E+01  1.48308077700435E-14
 2.808E+01  9.00133096351913E-15
 2.846E+01  5.42658010157131E-15
 2.885E+01  3.24924979106618E-15
 2.924E+01  1.93213134857051E-15
 2.964E+01  1.14089470570805E-15
 3.005E+01  6.68910455191435E-16
 3.046E+01  3.89369073425853E-16
 3.087E+01  2.25000214675868E-16
 3.130E+01  1.29059144427337E-16
 3.172E+01  7.34741814910488E-17
 3.216E+01  4.15122237703781E-17
 3.259E+01  2.32737854751705E-17
 3.304E+01  1.29467788487567E-17
 3.349E+01  7.14518299946880E-18
 3.395E+01  3.91178077912517E-18
 3.441E+01  2.12420844712414E-18
 3.488E+01  1.14401707304118E-18
 3.536E+01  6.10985969790683E-19
 3.584E+01  3.23551375167607E-19
 3.633E+01  1.69870425393449E-19
 3.683E+01  8.84103969362041E-20
 3.733E+01  4.56087077511611E-20
 3.784E+01  2.33183681292881E-20
 3.835E+01  1.18141061963572E-20
 3.888E+01  5.93063977094223E-21
 3.941E+01  2.94947731758246E-21
 3.995E+01  1.45303319778250E-21
 4.049E+01  7.08983823555442E-22
 4.104E+01  3.42586307810255E-22
 4.161E+01  1.63914866772238E-22
 4.217E+01  7.76465746489214E-23
 4.275E+01  3.64101207553441E-23
 4.333E+01  1.68988483127304E-23
 4.392E+01  7.76185961257775E-24
 4.452E+01  3.52765268277392E-24
 4.513E+01  1.58617544835310E-24
 4.575E+01  7.05510656374458E-25
 4.637E+01  3.10366724022005E-25
 4.701E+01  1.35020638696290E-25
 4.765E+01  5.80780394896865E-26
 4.830E+01  2.46969352145298E-26
 4.896E+01  1.03806696784704E-26
 4.963E+01  4.31211603438996E-27
 5.030E+01  1.76998860554198E-27
 5.099E+01  7.17795569220125E-28
 5.169E+01  2.87558462756423E-28
 5.239E+01  1.13793582671331E-28
 5.311E+01  4.44854515055022E-29
 5.383E+01  1.71894178451067E-29
 5.457E+01  6.57659855453774E-30
 5.531E+01  2.50383198717975E-30
 5.607E+01  0.00000000000000E+00
 5.683E+01  0.00000000000000E+00
 5.761E+01  0.00000000000000E+00
 5.839E+01  0.00000000000000E+00
 5.919E+01  0.00000000000000E+00
 6.000E+01  0.00000000000000E+00
