./ilogA is logfile.
./chgdenSr calculation starts
rmin,rmax=  2.63E-08  3.24E+01
   5727.86889403  -2788.58153468      0.30000000    1
    479.18322778  -2994.15233487      0.30000000    1
    296.49824049  -3097.25110102      0.30000000    1
    178.48586548  -3143.87238249      0.30000000    1
    104.41086865  -3162.60269260      0.30000000    1
     59.57184763  -3169.32159616      0.30000000    1
     33.49907836  -3171.56211277      0.30000000    1
     18.85514224  -3172.30232071      0.30000000    1
     10.77959734  -3172.55599854      0.30000000    1
      6.31878480  -3172.64743054      0.30000000    1
      3.81107364  -3172.68210989      0.30000000    1
      2.36219194  -3172.69589549      0.30000000    1
      1.49823453  -3172.70157944      0.30000000    1
      0.96711791  -3172.70397952      0.30000000    1
      0.63211487  -3172.70500764      0.30000000    1
      0.41663962  -3172.70545231      0.30000000    1
      0.27611556  -3172.70564619      0.30000000    1
      0.18361504  -3172.70573139      0.30000000    1
      0.12235747  -3172.70576915      0.30000000    1
      0.08163568  -3172.70578602      0.30000000    1
      0.05450242  -3172.70579363      0.30000000    1
      0.03639865  -3172.70579708      0.30000000    1
      0.02431044  -3172.70579867      0.30000000    1
      0.01623594  -3172.70579940      0.30000000    1
      0.01084176  -3172.70579974      0.30000000    1
      0.00723822  -3172.70579990      0.30000000    1
      0.00483117  -3172.70579997      0.30000000    1
      0.00322361  -3172.70580001      0.30000000    1
      0.00215022  -3172.70580002      0.30000000    1
      0.00143368  -3172.70580003      0.30000000    1
      0.00095549  -3172.70580003      0.30000000    1
      0.00063647  -3172.70580004      0.30000000    1
      0.00042372  -3172.70580004      0.30000000    1
      0.00000000  -3172.70580004      1.00000000    2
      0.00000000  -3172.70580004      1.00000000    3
    1   0 0  -1/2   1    2.0000       -582.396564
    2   0 0  -1/2   1    2.0000        -78.942250
    2   1 1  -1/2   1    2.0000        -71.966852
    2   1 1  -3/2   1    4.0000        -69.472258
    3   0 0  -1/2   1    2.0000        -12.191070
    3   1 1  -1/2   1    2.0000         -9.643292
    3   1 1  -3/2   1    4.0000         -9.259806
    3   2 2  -3/2   1    4.0000         -4.752581
    3   2 2  -5/2   1    6.0000         -4.685367
    4   0 0  -1/2   1    2.0000         -1.500562
    4   1 1  -1/2   1    2.0000         -0.869352
    4   1 1  -3/2   1    4.0000         -0.826117
    5   0 0  -1/2   1    2.0000         -0.133636
 total energy =   -3.17270580003869E+03 -8.63337666071728E+04
