line2: Z,NR,R(1),R(NR) /line3,4,...: R(N),RHO*4*PI*R(N)**2
40.00  2000  1.01365245284744E-10  6.00000000000000E+01
 1.014E-10  3.01010918996331E-14
 1.027E-10  3.08921026934212E-14
 1.042E-10  3.17039000446486E-14
 1.056E-10  3.40582493784047E-14
 1.070E-10  3.49532482363068E-14
 1.085E-10  3.58717662994320E-14
 1.100E-10  3.68144216164874E-14
 1.115E-10  3.77818484777650E-14
 1.130E-10  3.87746978416460E-14
 1.145E-10  3.97936377727307E-14
 1.161E-10  4.08393538913366E-14
 1.177E-10  4.19125498348343E-14
 1.193E-10  4.30139477311137E-14
 1.209E-10  4.41442886844804E-14
 1.226E-10  4.53043332743377E-14
 1.242E-10  4.64948620669498E-14
 1.259E-10  4.77166761406724E-14
 1.276E-10  4.89705976249800E-14
 1.294E-10  5.02574702536535E-14
 1.312E-10  5.15781599325156E-14
 1.329E-10  5.29335553220687E-14
 1.348E-10  5.43245684354568E-14
 1.366E-10  5.57521352521429E-14
 1.385E-10  5.72172163477002E-14
 1.404E-10  5.87207975401599E-14
 1.423E-10  6.02638905533523E-14
 1.442E-10  6.18475336976658E-14
 1.462E-10  6.34727925686970E-14
 1.482E-10  6.51407607642764E-14
 1.502E-10  6.68525606203118E-14
 1.523E-10  6.86093439659904E-14
 1.543E-10  7.04122928988129E-14
 1.564E-10  7.22626205799945E-14
 1.586E-10  7.41615720507860E-14
 1.607E-10  7.61104250702158E-14
 1.629E-10  7.81104909748681E-14
 1.652E-10  8.01631155612586E-14
 1.674E-10  8.22696799913787E-14
 1.697E-10  8.44316017220538E-14
 1.720E-10  8.66503354587118E-14
 1.744E-10  8.89273741342134E-14
 1.767E-10  9.12642499134264E-14
 1.792E-10  9.36625352241681E-14
 1.816E-10  9.61238438152614E-14
 1.841E-10  9.86498318423900E-14
 1.866E-10  1.01242198982476E-13
 1.891E-10  1.03902689577366E-13
 1.917E-10  1.06633093807544E-13
 1.943E-10  1.09435248896704E-13
 1.970E-10  1.12311040347984E-13
 1.997E-10  1.15262403212661E-13
 2.024E-10  1.18291323392208E-13
 2.052E-10  1.21399838974563E-13
 2.080E-10  1.24590041605503E-13
 2.108E-10  1.27864077896066E-13
 2.137E-10  1.31224150866956E-13
 2.166E-10  1.34672521430890E-13
 2.196E-10  1.38211509913928E-13
 2.226E-10  1.41843497616764E-13
 2.256E-10  1.45570928417039E-13
 2.287E-10  1.49396310413766E-13
 2.318E-10  1.53322217614973E-13
 2.350E-10  1.57351291669694E-13
 2.382E-10  1.61486243645471E-13
 2.414E-10  1.65729855852567E-13
 2.447E-10  1.70084983716100E-13
 2.481E-10  1.74554557697418E-13
 2.515E-10  1.79141585265923E-13
 2.549E-10  1.83849152922706E-13
 2.584E-10  1.88680428277417E-13
 2.619E-10  1.93638662179651E-13
 2.655E-10  1.98727190906353E-13
 2.691E-10  2.03949438406753E-13
 2.728E-10  2.09308918606253E-13
 2.765E-10  2.14809237770827E-13
 2.803E-10  2.20454096933621E-13
 2.841E-10  2.26247294385306E-13
 2.880E-10  2.32192728229810E-13
 2.919E-10  2.38294399007301E-13
 2.959E-10  2.44556412386027E-13
 2.999E-10  2.50982981924932E-13
 3.040E-10  2.57578431908887E-13
 3.082E-10  2.64347200258329E-13
 3.124E-10  2.71293841515499E-13
 3.166E-10  2.78423029909048E-13
 3.210E-10  2.85739562499218E-13
 3.253E-10  2.93248362405698E-13
 3.298E-10  3.00954482120226E-13
 3.343E-10  3.08863106906317E-13
 3.389E-10  3.16979558288297E-13
 3.435E-10  3.25309297632042E-13
 3.482E-10  3.33857929819780E-13
 3.529E-10  3.42631207021477E-13
 3.577E-10  3.51635032565368E-13
 3.626E-10  3.60875464910134E-13
 3.676E-10  3.70358721721501E-13
 3.726E-10  3.80091184055981E-13
 3.777E-10  3.90079400654485E-13
 3.828E-10  4.00330092348857E-13
 3.881E-10  4.10850156584137E-13
 3.934E-10  4.21646672059686E-13
 3.987E-10  4.32726903492315E-13
 4.042E-10  4.44098306504452E-13
 4.097E-10  4.55768532640938E-13
 4.153E-10  4.67745434517521E-13
 4.210E-10  4.80037071104713E-13
 4.267E-10  4.92651713150470E-13
 4.325E-10  5.05597848745347E-13
 4.384E-10  5.18884189034018E-13
 4.444E-10  5.32519674076703E-13
 4.505E-10  5.46513478864752E-13
 4.566E-10  5.60875019494318E-13
 4.629E-10  5.75613959502152E-13
 4.692E-10  5.90740216368002E-13
 4.756E-10  6.06263968187878E-13
 4.821E-10  6.22195660522578E-13
 4.887E-10  6.38546013426299E-13
 4.953E-10  6.55326028659901E-13
 5.021E-10  6.72546997093749E-13
 5.090E-10  6.90220506304972E-13
 5.159E-10  7.08358448374603E-13
 5.230E-10  7.26973027889392E-13
 5.301E-10  7.46076770153951E-13
 5.373E-10  7.65682529618817E-13
 5.447E-10  7.85803498529901E-13
 5.521E-10  8.06453215805120E-13
 5.596E-10  8.27645576144446E-13
 5.673E-10  8.49394839379472E-13
 5.750E-10  8.71715640068318E-13
 5.829E-10  8.94622997342933E-13
 5.908E-10  9.18132325015184E-13
 5.989E-10  9.42259441948246E-13
 6.071E-10  9.67020582700983E-13
 6.154E-10  9.92432408451694E-13
 6.238E-10  1.01851201820883E-12
 6.323E-10  1.04527696031683E-12
 6.409E-10  1.07274524426381E-12
 6.497E-10  1.10093535279968E-12
 6.585E-10  1.12986625437275E-12
 6.675E-10  1.15955741589329E-12
 6.766E-10  1.19002881583213E-12
 6.859E-10  1.22130095766389E-12
 6.952E-10  1.25339488366313E-12
 7.047E-10  1.28633218906324E-12
 7.144E-10  1.32013503658746E-12
 7.241E-10  1.35482617136134E-12
 7.340E-10  1.39042893621772E-12
 7.440E-10  1.42696728740348E-12
 7.542E-10  1.46446581069893E-12
 7.645E-10  1.50294973796117E-12
 7.749E-10  1.54244496410207E-12
 7.855E-10  1.58297806451206E-12
 7.962E-10  1.62457631294231E-12
 8.071E-10  1.66726769985656E-12
 8.181E-10  1.71108095126503E-12
 8.293E-10  1.75604554805364E-12
 8.406E-10  1.80219174582095E-12
 8.521E-10  1.84955059523659E-12
 8.637E-10  1.89815396293408E-12
 8.755E-10  1.94803455295342E-12
 8.874E-10  1.99922592874697E-12
 8.996E-10  2.05176253576314E-12
 9.118E-10  2.10567972462424E-12
 9.243E-10  2.16101377491275E-12
 9.369E-10  2.21780191958324E-12
 9.497E-10  2.27608237001551E-12
 9.627E-10  2.33589434172563E-12
 9.758E-10  2.39727808075390E-12
 9.891E-10  2.46027489074493E-12
 1.003E-09  2.52492716073982E-12
 1.016E-09  2.59127839369913E-12
 1.030E-09  2.65937323577442E-12
 1.044E-09  2.72925750635005E-12
 1.059E-09  2.80097822887390E-12
 1.073E-09  2.87458366249780E-12
 1.088E-09  2.95012333455036E-12
 1.102E-09  3.02764807386303E-12
 1.118E-09  3.10721004497087E-12
 1.133E-09  3.18886278321327E-12
 1.148E-09  3.27266123075651E-12
 1.164E-09  3.35866177356278E-12
 1.180E-09  3.44692227933149E-12
 1.196E-09  3.53750213643632E-12
 1.212E-09  3.63046229388679E-12
 1.229E-09  3.72586530233910E-12
 1.246E-09  3.82377535618514E-12
 1.263E-09  3.92425833674712E-12
 1.280E-09  4.02738185660750E-12
 1.297E-09  4.13321530510424E-12
 1.315E-09  4.24182989502079E-12
 1.333E-09  4.35329871050357E-12
 1.351E-09  4.46769675623847E-12
 1.370E-09  4.58510100792028E-12
 1.388E-09  4.70559046404661E-12
 1.407E-09  4.82924619907494E-12
 1.426E-09  4.95615141797586E-12
 1.446E-09  5.08639151221840E-12
 1.466E-09  5.22005411722936E-12
 1.486E-09  5.35722917136021E-12
 1.506E-09  5.49800897640476E-12
 1.527E-09  5.64248825970661E-12
 1.547E-09  5.79076423789898E-12
 1.568E-09  5.94293668231927E-12
 1.590E-09  6.09910798614296E-12
 1.612E-09  6.25938323328157E-12
 1.634E-09  6.42387026909058E-12
 1.656E-09  6.59267977293681E-12
 1.679E-09  6.76592533267086E-12
 1.701E-09  6.94372352105832E-12
 1.725E-09  7.12619397421860E-12
 1.748E-09  7.31345947212492E-12
 1.772E-09  7.50564602122033E-12
 1.796E-09  7.70288293920450E-12
 1.821E-09  7.90530294204717E-12
 1.846E-09  8.11304223329100E-12
 1.871E-09  8.32624059570004E-12
 1.896E-09  8.54504148531394E-12
 1.922E-09  8.76959212797747E-12
 1.949E-09  9.00004361840567E-12
 1.975E-09  9.23655102185045E-12
 2.002E-09  9.47927347844112E-12
 2.029E-09  9.72837431026616E-12
 2.057E-09  9.98402113126742E-12
 2.085E-09  1.02463859600251E-11
 2.114E-09  1.05156453355032E-11
 2.143E-09  1.07919804358389E-11
 2.172E-09  1.10755772002552E-11
 2.201E-09  1.13666264541700E-11
 2.232E-09  1.16653240376016E-11
 2.262E-09  1.19718709369443E-11
 2.293E-09  1.22864734202060E-11
 2.324E-09  1.26093431758018E-11
 2.356E-09  1.29406974549932E-11
 2.388E-09  1.32807592180719E-11
 2.421E-09  1.36297572843846E-11
 2.454E-09  1.39879264862983E-11
 2.487E-09  1.43555078272144E-11
 2.521E-09  1.47327486437349E-11
 2.556E-09  1.51199027720878E-11
 2.590E-09  1.55172307189270E-11
 2.626E-09  1.59249998366217E-11
 2.662E-09  1.63434845031512E-11
 2.698E-09  1.67729663067269E-11
 2.735E-09  1.72137342352659E-11
 2.772E-09  1.76660848708436E-11
 2.810E-09  1.81303225892579E-11
 2.848E-09  1.86067597648346E-11
 2.887E-09  1.90957169806177E-11
 2.927E-09  1.95975232440801E-11
 2.967E-09  2.01125162085057E-11
 3.007E-09  2.06410424001896E-11
 3.048E-09  2.11834574516041E-11
 3.090E-09  2.17401263406967E-11
 3.132E-09  2.23114236364743E-11
 3.175E-09  2.28977337510421E-11
 3.218E-09  2.34994511982641E-11
 3.262E-09  2.41169808592230E-11
 3.307E-09  2.47507382546523E-11
 3.352E-09  2.54011498245323E-11
 3.398E-09  2.60686532150307E-11
 3.444E-09  2.67536975729828E-11
 3.491E-09  2.74567438481126E-11
 3.539E-09  2.81782651031923E-11
 3.587E-09  2.89187468323572E-11
 3.636E-09  2.96786872877819E-11
 3.685E-09  3.04585978149396E-11
 3.736E-09  3.12590031966751E-11
 3.787E-09  3.20804420063225E-11
 3.838E-09  3.29234669700916E-11
 3.891E-09  3.37886453389841E-11
 3.944E-09  3.46765592704874E-11
 3.998E-09  3.55878062202890E-11
 4.052E-09  3.65229993442943E-11
 4.108E-09  3.74827679111980E-11
 4.164E-09  3.84677577259075E-11
 4.221E-09  3.94786315640913E-11
 4.278E-09  4.05160696181356E-11
 4.337E-09  4.15807699548393E-11
 4.396E-09  4.26734489851155E-11
 4.456E-09  4.37948419460563E-11
 4.517E-09  4.49457033956488E-11
 4.578E-09  4.61268077204986E-11
 4.641E-09  4.73389496569003E-11
 4.704E-09  4.85829448255872E-11
 4.769E-09  4.98596302805523E-11
 4.834E-09  5.11698650722753E-11
 4.900E-09  5.25145308257512E-11
 4.967E-09  5.38945323337214E-11
 5.034E-09  5.53107981654875E-11
 5.103E-09  5.67642812917139E-11
 5.173E-09  5.82559597256618E-11
 5.243E-09  5.97868371812722E-11
 5.315E-09  6.13579437485394E-11
 5.388E-09  6.29703365866261E-11
 5.461E-09  6.46251006352070E-11
 5.536E-09  6.63233493444933E-11
 5.611E-09  6.80662254244442E-11
 5.688E-09  6.98549016136739E-11
 5.765E-09  7.16905814685492E-11
 5.844E-09  7.35745001730352E-11
 5.924E-09  7.55079253698260E-11
 6.005E-09  7.74921580133006E-11
 6.087E-09  7.95285332449012E-11
 6.170E-09  8.16184212915262E-11
 6.254E-09  8.37632283875116E-11
 6.340E-09  8.59643977208498E-11
 6.426E-09  8.82234104042859E-11
 6.514E-09  9.05417864719086E-11
 6.603E-09  9.29210859019444E-11
 6.693E-09  9.53629096664293E-11
 6.784E-09  9.78689008084611E-11
 6.877E-09  1.00440745547770E-10
 6.971E-09  1.03080174415313E-10
 7.066E-09  1.05788963417719E-10
 7.162E-09  1.08568935232318E-10
 7.260E-09  1.11421960433570E-10
 7.359E-09  1.14349958751722E-10
 7.460E-09  1.17354900364553E-10
 7.562E-09  1.20438807223056E-10
 7.665E-09  1.23603754411949E-10
 7.770E-09  1.26851871545945E-10
 7.876E-09  1.30185344202737E-10
 7.983E-09  1.33606415393592E-10
 8.092E-09  1.37117387072611E-10
 8.203E-09  1.40720621685681E-10
 8.315E-09  1.44418543760092E-10
 8.428E-09  1.48213641535929E-10
 8.543E-09  1.52108468640355E-10
 8.660E-09  1.56105645805871E-10
 8.778E-09  1.60207862633740E-10
 8.898E-09  1.64417879403772E-10
 9.019E-09  1.68738528931604E-10
 9.142E-09  1.73172718474864E-10
 9.267E-09  1.77723431689380E-10
 9.394E-09  1.82393730636778E-10
 9.522E-09  1.87186757844896E-10
 9.652E-09  1.92105738422298E-10
 9.784E-09  1.97153982228356E-10
 9.917E-09  2.02334886100370E-10
 1.005E-08  2.07651936139226E-10
 1.019E-08  2.13108710055090E-10
 1.033E-08  2.18708879574743E-10
 1.047E-08  2.24456212912202E-10
 1.061E-08  2.30354577304265E-10
 1.076E-08  2.36407941612631E-10
 1.090E-08  2.42620378994486E-10
 1.105E-08  2.48996069643206E-10
 1.120E-08  2.55539303601081E-10
 1.136E-08  2.62254483645999E-10
 1.151E-08  2.69146128253935E-10
 1.167E-08  2.76218874639315E-10
 1.183E-08  2.83477481875302E-10
 1.199E-08  2.90926834096019E-10
 1.215E-08  2.98571943782923E-10
 1.232E-08  3.06417955137650E-10
 1.249E-08  3.14470147543360E-10
 1.266E-08  3.22733939117069E-10
 1.283E-08  3.31214890355414E-10
 1.301E-08  3.39918707876109E-10
 1.318E-08  3.48851248257784E-10
 1.336E-08  3.58018521980740E-10
 1.355E-08  3.67426697471228E-10
 1.373E-08  3.77082105252005E-10
 1.392E-08  3.86991242201968E-10
 1.411E-08  3.97160775927744E-10
 1.430E-08  4.07597549250144E-10
 1.450E-08  4.18308584808458E-10
 1.470E-08  4.29301089785874E-10
 1.490E-08  4.40582460758919E-10
 1.510E-08  4.52160288674457E-10
 1.531E-08  4.64042363957474E-10
 1.551E-08  4.76236681752873E-10
 1.573E-08  4.88751447305338E-10
 1.594E-08  5.01595081480466E-10
 1.616E-08  5.14776226430710E-10
 1.638E-08  5.28303751410597E-10
 1.660E-08  5.42186758744650E-10
 1.683E-08  5.56434589951926E-10
 1.706E-08  5.71056832031802E-10
 1.729E-08  5.86063323914733E-10
 1.753E-08  6.01464163082598E-10
 1.777E-08  6.17269712363030E-10
 1.801E-08  6.33490606902241E-10
 1.826E-08  6.50137761321107E-10
 1.851E-08  6.67222377059377E-10
 1.876E-08  6.84755949912728E-10
 1.901E-08  7.02750277767979E-10
 1.927E-08  7.21217468541589E-10
 1.954E-08  7.40169948326606E-10
 1.980E-08  7.59620469754000E-10
 2.007E-08  7.79582120573394E-10
 2.035E-08  8.00068332459586E-10
 2.063E-08  8.21092890050166E-10
 2.091E-08  8.42669940220885E-10
 2.119E-08  8.64814001604737E-10
 2.148E-08  8.87539974360962E-10
 2.178E-08  9.10863150201095E-10
 2.207E-08  9.34799222678244E-10
 2.237E-08  9.59364297746811E-10
 2.268E-08  9.84574904599627E-10
 2.299E-08  1.01044800679016E-09
 2.330E-08  1.03700101364672E-09
 2.362E-08  1.06425179198653E-09
 2.394E-08  1.09221867813796E-09
 2.427E-08  1.12092049027841E-09
 2.460E-08  1.15037654109654E-09
 2.494E-08  1.18060665078713E-09
 2.528E-08  1.21163116038756E-09
 2.562E-08  1.24347094546468E-09
 2.597E-08  1.27614743016135E-09
 2.633E-08  1.30968260161196E-09
 2.669E-08  1.34409902473719E-09
 2.705E-08  1.37941985742695E-09
 2.742E-08  1.41566886612286E-09
 2.779E-08  1.45287044180987E-09
 2.817E-08  1.49104961642803E-09
 2.856E-08  1.53023207971601E-09
 2.895E-08  1.57044419649677E-09
 2.934E-08  1.61171302441769E-09
 2.974E-08  1.65406633215668E-09
 3.015E-08  1.69753261810710E-09
 3.056E-08  1.74214112955318E-09
 3.098E-08  1.78792188234976E-09
 3.140E-08  1.83490568111898E-09
 3.183E-08  1.88312413997770E-09
 3.227E-08  1.93260970380973E-09
 3.271E-08  1.98339567009683E-09
 3.315E-08  2.03551621132359E-09
 3.361E-08  2.08900639797104E-09
 3.406E-08  2.14390222211425E-09
 3.453E-08  2.20024062164062E-09
 3.500E-08  2.25805950510385E-09
 3.548E-08  2.31739777723148E-09
 3.596E-08  2.37829536510251E-09
 3.645E-08  2.44079324501318E-09
 3.695E-08  2.50493347004881E-09
 3.746E-08  2.57075919837933E-09
 3.797E-08  2.63831472229930E-09
 3.849E-08  2.70764549803080E-09
 3.901E-08  2.77879817630941E-09
 3.954E-08  2.85182063377370E-09
 4.008E-08  2.92676200518003E-09
 4.063E-08  3.00367271646365E-09
 4.119E-08  3.08260451866843E-09
 4.175E-08  3.16361052276849E-09
 4.232E-08  3.24674523540499E-09
 4.290E-08  3.33206459556124E-09
 4.348E-08  3.41962601220262E-09
 4.408E-08  3.50948840290505E-09
 4.468E-08  3.60171223349809E-09
 4.529E-08  3.69635955875091E-09
 4.591E-08  3.79349406412627E-09
 4.653E-08  3.89318110863252E-09
 4.717E-08  3.99548776880155E-09
 4.781E-08  4.10048288382151E-09
 4.846E-08  4.20823710185689E-09
 4.913E-08  4.31882292758496E-09
 4.980E-08  4.43231477098157E-09
 5.048E-08  4.54878899738896E-09
 5.117E-08  4.66832397889903E-09
 5.186E-08  4.79100014708714E-09
 5.257E-08  4.91690004713164E-09
 5.329E-08  5.04610839335585E-09
 5.402E-08  5.17871212622828E-09
 5.475E-08  5.31480047086245E-09
 5.550E-08  5.45446499705297E-09
 5.626E-08  5.59779968088905E-09
 5.703E-08  5.74490096798801E-09
 5.781E-08  5.89586783838906E-09
 5.860E-08  6.05080187315418E-09
 5.940E-08  6.20980732271786E-09
 6.021E-08  6.37299117703264E-09
 6.103E-08  6.54046323755885E-09
 6.186E-08  6.71233619114626E-09
 6.271E-08  6.88872568585597E-09
 6.356E-08  7.06975040877496E-09
 6.443E-08  7.25553216587752E-09
 6.531E-08  7.44619596398251E-09
 6.620E-08  7.64187009486559E-09
 6.711E-08  7.84268622158187E-09
 6.802E-08  8.04877946705654E-09
 6.895E-08  8.26028850500331E-09
 6.989E-08  8.47735565323226E-09
 7.085E-08  8.70012696941147E-09
 7.181E-08  8.92875234934005E-09
 7.279E-08  9.16338562780850E-09
 7.379E-08  9.40418468210850E-09
 7.479E-08  9.65131153826032E-09
 7.582E-08  9.90493248003468E-09
 7.685E-08  1.01652181608366E-08
 7.790E-08  1.04323437185319E-08
 7.896E-08  1.07064888932898E-08
 8.004E-08  1.09878381485212E-08
 8.113E-08  1.12765807949977E-08
 8.224E-08  1.15729111182293E-08
 8.336E-08  1.18770285091910E-08
 8.450E-08  1.21891375984842E-08
 8.566E-08  1.25094483940235E-08
 8.683E-08  1.28381764223415E-08
 8.801E-08  1.31755428736070E-08
 8.921E-08  1.35217747504532E-08
 9.043E-08  1.38771050207178E-08
 9.167E-08  1.42417727741969E-08
 9.292E-08  1.46160233835165E-08
 9.419E-08  1.50001086692328E-08
 9.547E-08  1.53942870692697E-08
 9.677E-08  1.57988238128100E-08
 9.810E-08  1.62139910987567E-08
 9.944E-08  1.66400682788804E-08
 1.008E-07  1.70773420457815E-08
 1.022E-07  1.75261066257949E-08
 1.036E-07  1.79866639769572E-08
 1.050E-07  1.84593239921793E-08
 1.064E-07  1.89444047077613E-08
 1.079E-07  1.94422325173799E-08
 1.093E-07  1.99531423917031E-08
 1.108E-07  2.04774781037762E-08
 1.123E-07  2.10155924603271E-08
 1.139E-07  2.15678475391534E-08
 1.154E-07  2.21346149327450E-08
 1.170E-07  2.27162759983096E-08
 1.186E-07  2.33132221143671E-08
 1.202E-07  2.39258549440889E-08
 1.219E-07  2.45545867055553E-08
 1.235E-07  2.51998404491126E-08
 1.252E-07  2.58620503420225E-08
 1.269E-07  2.65416619605913E-08
 1.287E-07  2.72391325899709E-08
 1.304E-07  2.79549315318403E-08
 1.322E-07  2.86895404201762E-08
 1.340E-07  2.94434535453127E-08
 1.358E-07  3.02171781865244E-08
 1.377E-07  3.10112349533417E-08
 1.396E-07  3.18261581358463E-08
 1.415E-07  3.26624960641565E-08
 1.434E-07  3.35208114773691E-08
 1.454E-07  3.44016819021935E-08
 1.473E-07  3.53057000415342E-08
 1.494E-07  3.62334741732876E-08
 1.514E-07  3.71856285596100E-08
 1.535E-07  3.81628038669522E-08
 1.556E-07  3.91656575971188E-08
 1.577E-07  4.01948645296648E-08
 1.598E-07  4.12511171759069E-08
 1.620E-07  4.23351262448758E-08
 1.642E-07  4.34476211215064E-08
 1.665E-07  4.45893503573882E-08
 1.687E-07  4.57610821744286E-08
 1.710E-07  4.69636049817279E-08
 1.734E-07  4.81977279060520E-08
 1.757E-07  4.94642813362442E-08
 1.781E-07  5.07641174819277E-08
 1.806E-07  5.20981109469127E-08
 1.830E-07  5.34671593176507E-08
 1.855E-07  5.48721837671528E-08
 1.881E-07  5.63141296747969E-08
 1.906E-07  5.77939672623965E-08
 1.932E-07  5.93126922469950E-08
 1.959E-07  6.08713265108198E-08
 1.986E-07  6.24709187888254E-08
 2.013E-07  6.41125453743156E-08
 2.040E-07  6.57973108430994E-08
 2.068E-07  6.75263487966815E-08
 2.096E-07  6.93008226249720E-08
 2.125E-07  7.11219262890531E-08
 2.154E-07  7.29908851244984E-08
 2.183E-07  7.49089566658054E-08
 2.213E-07  7.68774314924984E-08
 2.243E-07  7.88976340974538E-08
 2.274E-07  8.09709237780519E-08
 2.305E-07  8.30986955507314E-08
 2.336E-07  8.52823810895926E-08
 2.368E-07  8.75234496896480E-08
 2.401E-07  8.98234092553940E-08
 2.433E-07  9.21838073153560E-08
 2.467E-07  9.46062320632837E-08
 2.500E-07  9.70923134267213E-08
 2.534E-07  9.96437241636388E-08
 2.569E-07  1.02262180987894E-07
 2.604E-07  1.04949445724260E-07
 2.640E-07  1.07707326493785E-07
 2.676E-07  1.10537678930345E-07
 2.712E-07  1.13442407429110E-07
 2.749E-07  1.16423466427849E-07
 2.787E-07  1.19482861721891E-07
 2.825E-07  1.22622651813644E-07
 2.863E-07  1.25844949297558E-07
 2.903E-07  1.29151922281498E-07
 2.942E-07  1.32545795845464E-07
 2.982E-07  1.36028853538619E-07
 3.023E-07  1.39603438915674E-07
 3.064E-07  1.43271957113633E-07
 3.106E-07  1.47036876469985E-07
 3.149E-07  1.50900730183390E-07
 3.192E-07  1.54866118017996E-07
 3.235E-07  1.58935708052584E-07
 3.279E-07  1.63112238475624E-07
 3.324E-07  1.67398519427526E-07
 3.369E-07  1.71797434891279E-07
 3.415E-07  1.76311944632761E-07
 3.462E-07  1.80945086192089E-07
 3.509E-07  1.85699976927210E-07
 3.557E-07  1.90579816111245E-07
 3.606E-07  1.95587887084915E-07
 3.655E-07  2.00727559465528E-07
 3.705E-07  2.06002291414040E-07
 3.756E-07  2.11415631961614E-07
 3.807E-07  2.16971223397391E-07
 3.859E-07  2.22672803718922E-07
 3.911E-07  2.28524209147025E-07
 3.965E-07  2.34529376706768E-07
 4.019E-07  2.40692346876148E-07
 4.074E-07  2.47017266304479E-07
 4.129E-07  2.53508390602131E-07
 4.186E-07  2.60170087203621E-07
 4.243E-07  2.67006838305890E-07
 4.301E-07  2.74023243883798E-07
 4.360E-07  2.81224024784861E-07
 4.419E-07  2.88614025905284E-07
 4.479E-07  2.96198219449432E-07
 4.541E-07  3.03981708275015E-07
 4.603E-07  3.11969729326057E-07
 4.665E-07  3.20167657156112E-07
 4.729E-07  3.28581007544121E-07
 4.794E-07  3.37215441205136E-07
 4.859E-07  3.46076767598661E-07
 4.926E-07  3.55170948836960E-07
 4.993E-07  3.64504103696148E-07
 5.061E-07  3.74082511732599E-07
 5.130E-07  3.83912617507498E-07
 5.200E-07  3.94001034922467E-07
 5.271E-07  4.04354551669039E-07
 5.343E-07  4.14980133795032E-07
 5.416E-07  4.25884930390958E-07
 5.490E-07  4.37076278399480E-07
 5.565E-07  4.48561707551341E-07
 5.641E-07  4.60348945430837E-07
 5.718E-07  4.72445922674493E-07
 5.796E-07  4.84860778306313E-07
 5.875E-07  4.97601865213074E-07
 5.955E-07  5.10677755763699E-07
 6.037E-07  5.24097247576072E-07
 6.119E-07  5.37869369435472E-07
 6.202E-07  5.52003387368429E-07
 6.287E-07  5.66508810876217E-07
 6.373E-07  5.81395399332173E-07
 6.460E-07  5.96673168546901E-07
 6.548E-07  6.12352397506140E-07
 6.638E-07  6.28443635285621E-07
 6.728E-07  6.44957708147471E-07
 6.820E-07  6.61905726823284E-07
 6.913E-07  6.79299093988325E-07
 7.008E-07  6.97149511932134E-07
 7.103E-07  7.15468990430883E-07
 7.200E-07  7.34269854826174E-07
 7.298E-07  7.53564754316391E-07
 7.398E-07  7.73366670465739E-07
 7.499E-07  7.93688925936853E-07
 7.602E-07  8.14545193452931E-07
 7.705E-07  8.35949504995090E-07
 7.811E-07  8.57916261241609E-07
 7.917E-07  8.80460241255036E-07
 8.025E-07  9.03596612423705E-07
 8.135E-07  9.27340940664560E-07
 8.246E-07  9.51709200894019E-07
 8.358E-07  9.76717787773849E-07
 8.473E-07  1.00238352673931E-06
 8.588E-07  1.02872368531718E-06
 8.705E-07  1.05575598474101E-06
 8.824E-07  1.08349861187143E-06
 8.945E-07  1.11197023142982E-06
 9.067E-07  1.14118999855318E-06
 9.191E-07  1.17117757167895E-06
 9.316E-07  1.20195312576818E-06
 9.443E-07  1.23353736587633E-06
 9.572E-07  1.26595154108020E-06
 9.703E-07  1.29921745877107E-06
 9.835E-07  1.33335749932306E-06
 9.970E-07  1.36839463114702E-06
 1.011E-06  1.40435242613983E-06
 1.024E-06  1.44125507553932E-06
 1.038E-06  1.47912740619624E-06
 1.053E-06  1.51799489727298E-06
 1.067E-06  1.55788369738136E-06
 1.081E-06  1.59882064217074E-06
 1.096E-06  1.64083327237778E-06
 1.111E-06  1.68394985235060E-06
 1.126E-06  1.72819938905942E-06
 1.142E-06  1.77361165160660E-06
 1.157E-06  1.82021719124939E-06
 1.173E-06  1.86804736194814E-06
 1.189E-06  1.91713434145489E-06
 1.205E-06  1.96751115295549E-06
 1.222E-06  2.01921168728025E-06
 1.239E-06  2.07227072569822E-06
 1.255E-06  2.12672396331005E-06
 1.273E-06  2.18260803305531E-06
 1.290E-06  2.23996053035050E-06
 1.308E-06  2.29882003837419E-06
 1.325E-06  2.35922615401639E-06
 1.344E-06  2.42121951450932E-06
 1.362E-06  2.48484182475785E-06
 1.380E-06  2.55013588538802E-06
 1.399E-06  2.61714562153152E-06
 1.418E-06  2.68591611236715E-06
 1.438E-06  2.75649362143788E-06
 1.457E-06  2.82892562776378E-06
 1.477E-06  2.90326085777281E-06
 1.497E-06  2.97954931807007E-06
 1.518E-06  3.05784232906717E-06
 1.539E-06  3.13819255949565E-06
 1.560E-06  3.22065406182680E-06
 1.581E-06  3.30528230862128E-06
 1.603E-06  3.39213422983376E-06
 1.624E-06  3.48126825109737E-06
 1.647E-06  3.57274433301362E-06
 1.669E-06  3.66662401147426E-06
 1.692E-06  3.76297043904177E-06
 1.715E-06  3.86184842741708E-06
 1.738E-06  3.96332449102278E-06
 1.762E-06  4.06746689173047E-06
 1.786E-06  4.17434568476278E-06
 1.811E-06  4.28403276580142E-06
 1.835E-06  4.39660191933193E-06
 1.860E-06  4.51212886825810E-06
 1.886E-06  4.63069132481987E-06
 1.911E-06  4.75236904284774E-06
 1.938E-06  4.87724387138963E-06
 1.964E-06  5.00539980974660E-06
 1.991E-06  5.13692306395299E-06
 2.018E-06  5.27190210474029E-06
 2.046E-06  5.41042772702350E-06
 2.073E-06  5.55259311094899E-06
 2.102E-06  5.69849388454509E-06
 2.130E-06  5.84822818801983E-06
 2.160E-06  6.00189673974466E-06
 2.189E-06  6.15960290397211E-06
 2.219E-06  6.32145276033241E-06
 2.249E-06  6.48755517515297E-06
 2.280E-06  6.65802187465233E-06
 2.311E-06  6.83296752005499E-06
 2.343E-06  7.01250978467992E-06
 2.375E-06  7.19676943305194E-06
 2.407E-06  7.38587040209024E-06
 2.440E-06  7.57993988443045E-06
 2.473E-06  7.77910841393240E-06
 2.507E-06  7.98350995343359E-06
 2.541E-06  8.19328198480821E-06
 2.576E-06  8.40856560138904E-06
 2.611E-06  8.62950560281551E-06
 2.647E-06  8.85625059237441E-06
 2.683E-06  9.08895307689406E-06
 2.719E-06  9.32776956926229E-06
 2.757E-06  9.57286069363546E-06
 2.794E-06  9.82439129340932E-06
 2.832E-06  1.00825305420264E-05
 2.871E-06  1.03474520566894E-05
 2.910E-06  1.06193340150626E-05
 2.950E-06  1.08983592750355E-05
 2.990E-06  1.11847154976311E-05
 3.031E-06  1.14785952731404E-05
 3.072E-06  1.17801962505686E-05
 3.114E-06  1.20897212704791E-05
 3.157E-06  1.24073785013241E-05
 3.200E-06  1.27333815793565E-05
 3.244E-06  1.30679497522110E-05
 3.288E-06  1.34113080262559E-05
 3.333E-06  1.37636873178131E-05
 3.378E-06  1.41253246083474E-05
 3.424E-06  1.44964631037283E-05
 3.471E-06  1.48773523976732E-05
 3.519E-06  1.52682486394789E-05
 3.567E-06  1.56694147061592E-05
 3.615E-06  1.60811203790953E-05
 3.665E-06  1.65036425253279E-05
 3.715E-06  1.69372652836042E-05
 3.765E-06  1.73822802553076E-05
 3.817E-06  1.78389867004006E-05
 3.869E-06  1.83076917385102E-05
 3.922E-06  1.87887105552864E-05
 3.975E-06  1.92823666141803E-05
 4.030E-06  1.97889918737817E-05
 4.085E-06  2.03089270108526E-05
 4.140E-06  2.08425216492216E-05
 4.197E-06  2.13901345946825E-05
 4.254E-06  2.19521340760520E-05
 4.312E-06  2.25288979925606E-05
 4.371E-06  2.31208141677310E-05
 4.431E-06  2.37282806099166E-05
 4.491E-06  2.43517057796803E-05
 4.553E-06  2.49915088641870E-05
 4.615E-06  2.56481200587952E-05
 4.678E-06  2.63219808560358E-05
 4.742E-06  2.70135443421762E-05
 4.806E-06  2.77232755015628E-05
 4.872E-06  2.84516515289470E-05
 4.938E-06  2.91991621500104E-05
 5.006E-06  2.99663099502911E-05
 5.074E-06  3.07536107127441E-05
 5.144E-06  3.15615937641579E-05
 5.214E-06  3.23908023306543E-05
 5.285E-06  3.32417939025192E-05
 5.357E-06  3.41151406085942E-05
 5.430E-06  3.50114296005061E-05
 5.504E-06  3.59312634469509E-05
 5.579E-06  3.68752605383364E-05
 5.656E-06  3.78440555020458E-05
 5.733E-06  3.88382996285637E-05
 5.811E-06  3.98586613088062E-05
 5.890E-06  4.09058264829080E-05
 5.971E-06  4.19804991007824E-05
 6.052E-06  4.30834015947600E-05
 6.135E-06  4.42152753646187E-05
 6.219E-06  4.53768812753402E-05
 6.304E-06  4.65690001679101E-05
 6.390E-06  4.77924333835202E-05
 6.477E-06  4.90480033015133E-05
 6.565E-06  5.03365538914305E-05
 6.655E-06  5.16589512795405E-05
 6.746E-06  5.30160843302145E-05
 6.838E-06  5.44088652425474E-05
 6.931E-06  5.58382301626294E-05
 7.026E-06  5.73051398118503E-05
 7.122E-06  5.88105801316914E-05
 7.219E-06  6.03555629454202E-05
 7.318E-06  6.19411266371230E-05
 7.418E-06  6.35683368485334E-05
 7.519E-06  6.52382871941498E-05
 7.622E-06  6.69520999950703E-05
 7.726E-06  6.87109270320686E-05
 7.831E-06  7.05159503184295E-05
 7.938E-06  7.23683828930068E-05
 8.046E-06  7.42694696340873E-05
 8.156E-06  7.62204880945746E-05
 8.268E-06  7.82227493590628E-05
 8.380E-06  8.02775989233732E-05
 8.495E-06  8.23864175971299E-05
 8.611E-06  8.45506224299922E-05
 8.728E-06  8.67716676621540E-05
 8.848E-06  8.90510456997441E-05
 8.968E-06  9.13902881157915E-05
 9.091E-06  9.37909666774011E-05
 9.215E-06  9.62546943998416E-05
 9.341E-06  9.87831266282638E-05
 9.468E-06  1.01377962147735E-04
 9.597E-06  1.04040944322349E-04
 9.729E-06  1.06773862264194E-04
 9.861E-06  1.09578552032918E-04
 9.996E-06  1.12456897866715E-04
 1.013E-05  1.15410833445562E-04
 1.027E-05  1.18442343187518E-04
 1.041E-05  1.21553463578992E-04
 1.055E-05  1.24746284539830E-04
 1.070E-05  1.28022950824140E-04
 1.084E-05  1.31385663457816E-04
 1.099E-05  1.34836681213691E-04
 1.114E-05  1.38378322125299E-04
 1.129E-05  1.42012965040276E-04
 1.145E-05  1.45743051214423E-04
 1.160E-05  1.49571085947512E-04
 1.176E-05  1.53499640261872E-04
 1.192E-05  1.57531352624949E-04
 1.209E-05  1.61668930716937E-04
 1.225E-05  1.65915153244641E-04
 1.242E-05  1.70272871802865E-04
 1.259E-05  1.74745012784435E-04
 1.276E-05  1.79334579340298E-04
 1.293E-05  1.84044653390807E-04
 1.311E-05  1.88878397689654E-04
 1.329E-05  1.93839057941881E-04
 1.347E-05  1.98929964977169E-04
 1.365E-05  2.04154536980079E-04
 1.384E-05  2.09516281778574E-04
 1.403E-05  2.15018799192403E-04
 1.422E-05  2.20665783442950E-04
 1.442E-05  2.26461025626037E-04
 1.461E-05  2.32408416249435E-04
 1.481E-05  2.38511947836714E-04
 1.501E-05  2.44775717599180E-04
 1.522E-05  2.51203930177648E-04
 1.543E-05  2.57800900455932E-04
 1.564E-05  2.64571056447830E-04
 1.585E-05  2.71518942259632E-04
 1.607E-05  2.78649221130010E-04
 1.629E-05  2.85966678549358E-04
 1.651E-05  2.93476225460710E-04
 1.673E-05  3.01182901544211E-04
 1.696E-05  3.09091878587508E-04
 1.719E-05  3.17208463944096E-04
 1.743E-05  3.25538104082098E-04
 1.767E-05  3.34086388225717E-04
 1.791E-05  3.42859052091788E-04
 1.815E-05  3.51861981723975E-04
 1.840E-05  3.61101217427008E-04
 1.865E-05  3.70582957803806E-04
 1.891E-05  3.80313563897870E-04
 1.916E-05  3.90299563443936E-04
 1.943E-05  4.00547655229538E-04
 1.969E-05  4.11064713570474E-04
 1.996E-05  4.21857792903079E-04
 2.023E-05  4.32934132496287E-04
 2.051E-05  4.44301161286852E-04
 2.079E-05  4.55966502840523E-04
 2.107E-05  4.67937980442806E-04
 2.136E-05  4.80223622322574E-04
 2.165E-05  4.92831667011789E-04
 2.195E-05  5.05770568845216E-04
 2.225E-05  5.19049003603459E-04
 2.255E-05  5.32675874303169E-04
 2.286E-05  5.46660317138389E-04
 2.317E-05  5.61011707576653E-04
 2.349E-05  5.75739666614020E-04
 2.381E-05  5.90854067193263E-04
 2.413E-05  6.06365040789373E-04
 2.446E-05  6.22282984166529E-04
 2.480E-05  6.38618566311324E-04
 2.514E-05  6.55382735546588E-04
 2.548E-05  6.72586726830488E-04
 2.583E-05  6.90242069245968E-04
 2.618E-05  7.08360593685007E-04
 2.654E-05  7.26954440733186E-04
 2.690E-05  7.46036068759565E-04
 2.727E-05  7.65618262217135E-04
 2.764E-05  7.85714140159365E-04
 2.802E-05  8.06337164978617E-04
 2.840E-05  8.27501151371737E-04
 2.879E-05  8.49220275539165E-04
 2.918E-05  8.71509084623364E-04
 2.958E-05  8.94382506392680E-04
 2.998E-05  9.17855859177415E-04
 3.039E-05  9.41944862064053E-04
 3.080E-05  9.66665645354711E-04
 3.123E-05  9.92034761298523E-04
 3.165E-05  1.01806919510209E-03
 3.208E-05  1.04478637622621E-03
 3.252E-05  1.07220418997598E-03
 3.297E-05  1.10034098939225E-03
 3.342E-05  1.12921560745222E-03
 3.387E-05  1.15884736958655E-03
 3.433E-05  1.18925610652197E-03
 3.480E-05  1.22046216745752E-03
 3.528E-05  1.25248643358249E-03
 3.576E-05  1.28535033194551E-03
 3.625E-05  1.31907584968389E-03
 3.674E-05  1.35368554862198E-03
 3.724E-05  1.38920258024834E-03
 3.775E-05  1.42565070108174E-03
 3.827E-05  1.46305428843538E-03
 3.879E-05  1.50143835659022E-03
 3.932E-05  1.54082857338768E-03
 3.986E-05  1.58125127725239E-03
 4.040E-05  1.62273349465626E-03
 4.095E-05  1.66530295803501E-03
 4.151E-05  1.70898812416914E-03
 4.208E-05  1.75381819304111E-03
 4.265E-05  1.79982312718042E-03
 4.324E-05  1.84703367151030E-03
 4.383E-05  1.89548137370792E-03
 4.442E-05  1.94519860509132E-03
 4.503E-05  1.99621858204748E-03
 4.565E-05  2.04857538801437E-03
 4.627E-05  2.10230399603183E-03
 4.690E-05  2.15744029187561E-03
 4.754E-05  2.21402109778930E-03
 4.819E-05  2.27208419683009E-03
 4.885E-05  2.33166835784410E-03
 4.951E-05  2.39281336108606E-03
 5.019E-05  2.45556002450142E-03
 5.088E-05  2.51995023068744E-03
 5.157E-05  2.58602695454961E-03
 5.227E-05  2.65383429167320E-03
 5.299E-05  2.72341748742573E-03
 5.371E-05  2.79482296681082E-03
 5.445E-05  2.86809836509291E-03
 5.519E-05  2.94329255921019E-03
 5.594E-05  3.02045569999835E-03
 5.671E-05  3.09963924524497E-03
 5.748E-05  3.18089599359485E-03
 5.826E-05  3.26428011932952E-03
 5.906E-05  3.34984720804173E-03
 5.987E-05  3.43765429322879E-03
 6.068E-05  3.52775989382805E-03
 6.151E-05  3.62022405271733E-03
 6.235E-05  3.71510837620598E-03
 6.320E-05  3.81247607454234E-03
 6.407E-05  3.91239200346107E-03
 6.494E-05  4.01492270679894E-03
 6.583E-05  4.12013646020594E-03
 6.673E-05  4.22810331597790E-03
 6.764E-05  4.33889514904101E-03
 6.856E-05  4.45258570411657E-03
 6.950E-05  4.56925064409521E-03
 7.045E-05  4.68896759965224E-03
 7.141E-05  4.81181622013567E-03
 7.238E-05  4.93787822575791E-03
 7.337E-05  5.06723746112417E-03
 7.437E-05  5.19997995013337E-03
 7.539E-05  5.33619395228368E-03
 7.642E-05  5.47597002041925E-03
 7.746E-05  5.61940105995455E-03
 7.852E-05  5.76658238961368E-03
 7.959E-05  5.91761180372160E-03
 8.068E-05  6.07258963608812E-03
 8.178E-05  6.23161882552364E-03
 8.289E-05  6.39480498302728E-03
 8.403E-05  6.56225646069037E-03
 8.517E-05  6.73408442235773E-03
 8.634E-05  6.91040291609188E-03
 8.751E-05  7.09132894848296E-03
 8.871E-05  7.27698256085363E-03
 8.992E-05  7.46748690740383E-03
 9.115E-05  7.66296833534556E-03
 9.239E-05  7.86355646707755E-03
 9.365E-05  8.06938428444809E-03
 9.493E-05  8.28058821516200E-03
 9.623E-05  8.49730822138338E-03
 9.754E-05  8.71968789058679E-03
 9.887E-05  8.94787452871718E-03
 1.002E-04  9.18201925571248E-03
 1.016E-04  9.42227710344919E-03
 1.030E-04  9.66880711617104E-03
 1.044E-04  9.92177245346112E-03
 1.058E-04  1.01813404958228E-02
 1.073E-04  1.04476829529322E-02
 1.087E-04  1.07209759746285E-02
 1.102E-04  1.10014002647108E-02
 1.117E-04  1.12891411976114E-02
 1.132E-04  1.15843889380132E-02
 1.148E-04  1.18873385634866E-02
 1.163E-04  1.21981901902224E-02
 1.179E-04  1.25171491019312E-02
 1.195E-04  1.28444258819912E-02
 1.212E-04  1.31802365489246E-02
 1.228E-04  1.35248026952805E-02
 1.245E-04  1.38783516300127E-02
 1.262E-04  1.42411165244357E-02
 1.279E-04  1.46133365618432E-02
 1.297E-04  1.49952570908858E-02
 1.314E-04  1.53871297827926E-02
 1.332E-04  1.57892127925356E-02
 1.351E-04  1.62017709240299E-02
 1.369E-04  1.66250757994683E-02
 1.388E-04  1.70594060328930E-02
 1.407E-04  1.75050474081039E-02
 1.426E-04  1.79622930610111E-02
 1.445E-04  1.84314436665372E-02
 1.465E-04  1.89128076301837E-02
 1.485E-04  1.94067012843675E-02
 1.505E-04  1.99134490896475E-02
 1.526E-04  2.04333838409594E-02
 1.547E-04  2.09668468789745E-02
 1.568E-04  2.15141883067102E-02
 1.589E-04  2.20757672115164E-02
 1.611E-04  2.26519518925683E-02
 1.633E-04  2.32431200939925E-02
 1.655E-04  2.38496592437670E-02
 1.678E-04  2.44719666985272E-02
 1.701E-04  2.51104499944252E-02
 1.724E-04  2.57655271041807E-02
 1.748E-04  2.64376267004691E-02
 1.771E-04  2.71271884258051E-02
 1.796E-04  2.78346631690707E-02
 1.820E-04  2.85605133488364E-02
 1.845E-04  2.93052132036543E-02
 1.870E-04  3.00692490894711E-02
 1.896E-04  3.08531197843327E-02
 1.922E-04  3.16573368005568E-02
 1.948E-04  3.24824247045417E-02
 1.974E-04  3.33289214443921E-02
 2.001E-04  3.41973786855446E-02
 2.029E-04  3.50883621545829E-02
 2.056E-04  3.60024519914208E-02
 2.084E-04  3.69402431100608E-02
 2.113E-04  3.79023455681232E-02
 2.142E-04  3.88893849453428E-02
 2.171E-04  3.99020027312414E-02
 2.201E-04  4.09408567221921E-02
 2.231E-04  4.20066214280914E-02
 2.261E-04  4.30999884888465E-02
 2.292E-04  4.42216671009145E-02
 2.323E-04  4.53723844541267E-02
 2.355E-04  4.65528861790123E-02
 2.387E-04  4.77639368048752E-02
 2.420E-04  4.90063202288661E-02
 2.453E-04  5.02808401962912E-02
 2.486E-04  5.15883207924186E-02
 2.520E-04  5.29296069460289E-02
 2.555E-04  5.43055649449889E-02
 2.589E-04  5.57170829641021E-02
 2.625E-04  5.71650716055111E-02
 2.661E-04  5.86504644519483E-02
 2.697E-04  6.01742186330865E-02
 2.734E-04  6.17373154053093E-02
 2.771E-04  6.33407607451852E-02
 2.809E-04  6.49855859569382E-02
 2.847E-04  6.66728482942332E-02
 2.886E-04  6.84036315965746E-02
 2.926E-04  7.01790469406517E-02
 2.965E-04  7.20002333069416E-02
 3.006E-04  7.38683582619058E-02
 3.047E-04  7.57846186561037E-02
 3.089E-04  7.77502413385760E-02
 3.131E-04  7.97664838878562E-02
 3.174E-04  8.18346353599200E-02
 3.217E-04  8.39560170534823E-02
 3.261E-04  8.61319832929840E-02
 3.305E-04  8.83639222296164E-02
 3.350E-04  9.06532566608140E-02
 3.396E-04  9.30014448685527E-02
 3.442E-04  9.54099814768630E-02
 3.489E-04  9.78803983289623E-02
 3.537E-04  1.00414265384377E-01
 3.585E-04  1.03013191636503E-01
 3.634E-04  1.05678826050995E-01
 3.684E-04  1.08412858525413E-01
 3.734E-04  1.11217020870552E-01
 3.785E-04  1.14093087813888E-01
 3.837E-04  1.17042878025586E-01
 3.889E-04  1.20068255167512E-01
 3.942E-04  1.23171128965704E-01
 3.996E-04  1.26353456306755E-01
 4.051E-04  1.29617242358579E-01
 4.106E-04  1.32964541716040E-01
 4.162E-04  1.36397459571896E-01
 4.219E-04  1.39918152913564E-01
 4.277E-04  1.43528831746203E-01
 4.335E-04  1.47231760342558E-01
 4.394E-04  1.51029258520137E-01
 4.454E-04  1.54923702946170E-01
 4.515E-04  1.58917528470903E-01
 4.577E-04  1.63013229489712E-01
 4.639E-04  1.67213361334568E-01
 4.702E-04  1.71520541695394E-01
 4.767E-04  1.75937452071826E-01
 4.832E-04  1.80466839255942E-01
 4.898E-04  1.85111516846452E-01
 4.965E-04  1.89874366794948E-01
 5.032E-04  1.94758340984739E-01
 5.101E-04  1.99766462842789E-01
 5.171E-04  2.04901828985391E-01
 5.241E-04  2.10167610898077E-01
 5.313E-04  2.15567056650320E-01
 5.385E-04  2.21103492645642E-01
 5.459E-04  2.26780325407660E-01
 5.533E-04  2.32601043402602E-01
 5.609E-04  2.38569218898980E-01
 5.686E-04  2.44688509864839E-01
 5.763E-04  2.50962661903244E-01
 5.842E-04  2.57395510226598E-01
 5.922E-04  2.63990981670253E-01
 6.002E-04  2.70753096746082E-01
 6.084E-04  2.77685971736536E-01
 6.167E-04  2.84793820829751E-01
 6.252E-04  2.92080958296256E-01
 6.337E-04  2.99551800707879E-01
 6.423E-04  3.07210869199344E-01
 6.511E-04  3.15062791773137E-01
 6.600E-04  3.23112305648205E-01
 6.690E-04  3.31364259652954E-01
 6.782E-04  3.39823616663145E-01
 6.874E-04  3.48495456085138E-01
 6.968E-04  3.57384976385038E-01
 7.063E-04  3.66497497664227E-01
 7.160E-04  3.75838464281740E-01
 7.257E-04  3.85413447523998E-01
 7.356E-04  3.95228148322295E-01
 7.457E-04  4.05288400018534E-01
 7.559E-04  4.15600171179610E-01
 7.662E-04  4.26169568460863E-01
 7.766E-04  4.37002839518957E-01
 7.872E-04  4.48106375974554E-01
 7.980E-04  4.59486716425138E-01
 8.089E-04  4.71150549508347E-01
 8.199E-04  4.83104717015986E-01
 8.311E-04  4.95356217059081E-01
 8.425E-04  5.07912207284256E-01
 8.540E-04  5.20780008141440E-01
 8.656E-04  5.33967106203275E-01
 8.774E-04  5.47481157536278E-01
 8.894E-04  5.61329991123794E-01
 9.016E-04  5.75521612340931E-01
 9.139E-04  5.90064206481333E-01
 9.264E-04  6.04966142335892E-01
 9.390E-04  6.20235975823244E-01
 9.518E-04  6.35882453671940E-01
 9.648E-04  6.51914517154088E-01
 9.780E-04  6.68341305870298E-01
 9.913E-04  6.85172161585540E-01
 1.005E-03  7.02416632115609E-01
 1.019E-03  7.20084475263810E-01
 1.032E-03  7.38185662807227E-01
 1.047E-03  7.56730384532229E-01
 1.061E-03  7.75729052318439E-01
 1.075E-03  7.95192304270407E-01
 1.090E-03  8.15131008896311E-01
 1.105E-03  8.35556269332765E-01
 1.120E-03  8.56479427614699E-01
 1.135E-03  8.77912068989342E-01
 1.151E-03  8.99866026273001E-01
 1.167E-03  9.22353384249547E-01
 1.182E-03  9.45386484109099E-01
 1.199E-03  9.68977927925428E-01
 1.215E-03  9.93140583170505E-01
 1.232E-03  1.01788758726450E+00
 1.248E-03  1.04323235215927E+00
 1.265E-03  1.06918856895347E+00
 1.283E-03  1.09577021253700E+00
 1.300E-03  1.12299154626276E+00
 1.318E-03  1.15086712664296E+00
 1.336E-03  1.17941180806777E+00
 1.354E-03  1.20864074754322E+00
 1.373E-03  1.23856940944573E+00
 1.391E-03  1.26921357029005E+00
 1.410E-03  1.30058932350726E+00
 1.430E-03  1.33271308422963E+00
 1.449E-03  1.36560159407843E+00
 1.469E-03  1.39927192595098E+00
 1.489E-03  1.43374148880285E+00
 1.509E-03  1.46902803242091E+00
 1.530E-03  1.50514965218280E+00
 1.551E-03  1.54212479379792E+00
 1.572E-03  1.57997225802520E+00
 1.593E-03  1.61871120536214E+00
 1.615E-03  1.65836116069988E+00
 1.637E-03  1.69894201793852E+00
 1.660E-03  1.74047404455637E+00
 1.682E-03  1.78297788612725E+00
 1.705E-03  1.82647457077894E+00
 1.729E-03  1.87098551358598E+00
 1.752E-03  1.91653252088956E+00
 1.776E-03  1.96313779453695E+00
 1.800E-03  2.01082393603271E+00
 1.825E-03  2.05961395059338E+00
 1.850E-03  2.10953125109693E+00
 1.875E-03  2.16059966191853E+00
 1.901E-03  2.21284342264276E+00
 1.927E-03  2.26628719164275E+00
 1.953E-03  2.32095604951683E+00
 1.980E-03  2.37687550237108E+00
 2.007E-03  2.43407148493787E+00
 2.034E-03  2.49257036351858E+00
 2.062E-03  2.55239893873898E+00
 2.090E-03  2.61358444810497E+00
 2.118E-03  2.67615456834623E+00
 2.147E-03  2.74013741753453E+00
 2.177E-03  2.80556155696302E+00
 2.206E-03  2.87245599277283E+00
 2.236E-03  2.94085017731217E+00
 2.267E-03  3.01077401021293E+00
 2.298E-03  3.08225783916913E+00
 2.329E-03  3.15533246040129E+00
 2.361E-03  3.23002911879020E+00
 2.393E-03  3.30637950766255E+00
 2.426E-03  3.38441576821115E+00
 2.459E-03  3.46417048853118E+00
 2.493E-03  3.54567670225366E+00
 2.527E-03  3.62896788675703E+00
 2.561E-03  3.71407796093660E+00
 2.596E-03  3.80104128251109E+00
 2.632E-03  3.88989264484571E+00
 2.668E-03  3.98066727326951E+00
 2.704E-03  4.07340082086452E+00
 2.741E-03  4.16812936370464E+00
 2.778E-03  4.26488939551945E+00
 2.816E-03  4.36371782175951E+00
 2.855E-03  4.46465195303821E+00
 2.894E-03  4.56772949792477E+00
 2.933E-03  4.67298855506238E+00
 2.973E-03  4.78046760458452E+00
 3.014E-03  4.89020549880260E+00
 3.055E-03  5.00224145213721E+00
 3.097E-03  5.11661503026393E+00
 3.139E-03  5.23336613844516E+00
 3.182E-03  5.35253500901845E+00
 3.225E-03  5.47416218801066E+00
 3.269E-03  5.59828852084781E+00
 3.314E-03  5.72495513712894E+00
 3.359E-03  5.85420343443234E+00
 3.405E-03  5.98607506112207E+00
 3.452E-03  6.12061189812172E+00
 3.499E-03  6.25785603962247E+00
 3.546E-03  6.39784977269143E+00
 3.595E-03  6.54063555574670E+00
 3.644E-03  6.68625599586453E+00
 3.694E-03  6.83475382488377E+00
 3.744E-03  6.98617187427264E+00
 3.795E-03  7.14055304872279E+00
 3.847E-03  7.29794029843475E+00
 3.900E-03  7.45837659005941E+00
 3.953E-03  7.62190487626005E+00
 4.007E-03  7.78856806385829E+00
 4.061E-03  7.95840898052928E+00
 4.117E-03  8.13147034000954E+00
 4.173E-03  8.30779470578262E+00
 4.230E-03  8.48742445320661E+00
 4.288E-03  8.67040173004894E+00
 4.346E-03  8.85676841539374E+00
 4.406E-03  9.04656607688760E+00
 4.466E-03  9.23983592628978E+00
 4.527E-03  9.43661877329465E+00
 4.589E-03  9.63695497759359E+00
 4.651E-03  9.84088439914540E+00
 4.715E-03  1.00484463466247E+01
 4.779E-03  1.02596795240192E+01
 4.844E-03  1.04746219753486E+01
 4.911E-03  1.06933110274773E+01
 4.978E-03  1.09157832309967E+01
 5.046E-03  1.11420742991550E+01
 5.114E-03  1.13722190448094E+01
 5.184E-03  1.16062513153859E+01
 5.255E-03  1.18442039258255E+01
 5.327E-03  1.20861085895041E+01
 5.400E-03  1.23319958471124E+01
 5.473E-03  1.25818949934872E+01
 5.548E-03  1.28358340023860E+01
 5.624E-03  1.30938394492020E+01
 5.700E-03  1.33559364316197E+01
 5.778E-03  1.36221484882123E+01
 5.857E-03  1.38924975149909E+01
 5.937E-03  1.41670036799134E+01
 6.018E-03  1.44456853353704E+01
 6.100E-03  1.47285589286684E+01
 6.184E-03  1.50156389105320E+01
 6.268E-03  1.53069376416585E+01
 6.354E-03  1.56024652973575E+01
 6.440E-03  1.59022297703165E+01
 6.528E-03  1.62062365715398E+01
 6.617E-03  1.65144887295123E+01
 6.708E-03  1.68269866876490E+01
 6.799E-03  1.71437282000935E+01
 6.892E-03  1.74647082259420E+01
 6.986E-03  1.77899188219702E+01
 7.082E-03  1.81193490339532E+01
 7.178E-03  1.84529847866740E+01
 7.276E-03  1.87908087727255E+01
 7.376E-03  1.91328003402186E+01
 7.476E-03  1.94789353795203E+01
 7.578E-03  1.98291862091514E+01
 7.682E-03  2.01835214609879E+01
 7.787E-03  2.05419059649143E+01
 7.893E-03  2.09043006330937E+01
 8.001E-03  2.12706623440248E+01
 8.110E-03  2.16409438265700E+01
 8.221E-03  2.20150935441496E+01
 8.333E-03  2.23930555793073E+01
 8.447E-03  2.27747695188652E+01
 8.562E-03  2.31601703398998E+01
 8.679E-03  2.35491882967788E+01
 8.798E-03  2.39417488095162E+01
 8.918E-03  2.43377723537128E+01
 9.039E-03  2.47371743523624E+01
 9.163E-03  2.51398650698194E+01
 9.288E-03  2.55457495082335E+01
 9.415E-03  2.59547273067754E+01
 9.543E-03  2.63666926439856E+01
 9.674E-03  2.67815341435968E+01
 9.806E-03  2.71991347841912E+01
 9.940E-03  2.76193718130705E+01
 1.008E-02  2.80421166647259E+01
 1.021E-02  2.84672348843152E+01
 1.035E-02  2.88945860565602E+01
 1.049E-02  2.93240237404992E+01
 1.064E-02  2.97553954105356E+01
 1.078E-02  3.01885424042400E+01
 1.093E-02  3.06232998773746E+01
 1.108E-02  3.10594967666241E+01
 1.123E-02  3.14969557605215E+01
 1.138E-02  3.19354932790770E+01
 1.154E-02  3.23749194626231E+01
 1.170E-02  3.28150381704015E+01
 1.186E-02  3.32556469894242E+01
 1.202E-02  3.36965372541524E+01
 1.218E-02  3.41374940775416E+01
 1.235E-02  3.45782963940085E+01
 1.252E-02  3.50187170148814E+01
 1.269E-02  3.54585226968973E+01
 1.286E-02  3.58974742243141E+01
 1.304E-02  3.63353265052052E+01
 1.321E-02  3.67718286825063E+01
 1.339E-02  3.72067242603778E+01
 1.358E-02  3.76397512464468E+01
 1.376E-02  3.80706423104847E+01
 1.395E-02  3.84991249600675E+01
 1.414E-02  3.89249217337600E+01
 1.433E-02  3.93477504123490E+01
 1.453E-02  3.97673242486377E+01
 1.473E-02  4.01833522162966E+01
 1.493E-02  4.05955392782471E+01
 1.513E-02  4.10035866750304E+01
 1.534E-02  4.14071922335897E+01
 1.555E-02  4.18060506968660E+01
 1.576E-02  4.21998540745750E+01
 1.598E-02  4.25882920155004E+01
 1.619E-02  4.29710522015988E+01
 1.642E-02  4.33478207641706E+01
 1.664E-02  4.37182827223073E+01
 1.687E-02  4.40821224437765E+01
 1.710E-02  4.44390241284532E+01
 1.733E-02  4.47886723143503E+01
 1.757E-02  4.51307524062417E+01
 1.781E-02  4.54649512268065E+01
 1.805E-02  4.57909575901545E+01
 1.830E-02  4.61084628975238E+01
 1.855E-02  4.64171617548618E+01
 1.880E-02  4.67167526119218E+01
 1.906E-02  4.70069384224260E+01
 1.932E-02  4.72874273247518E+01
 1.958E-02  4.75579333425117E+01
 1.985E-02  4.78181771042961E+01
 2.012E-02  4.80678865817523E+01
 2.039E-02  4.83067978450649E+01
 2.067E-02  4.85346558347991E+01
 2.095E-02  4.87512151489540E+01
 2.124E-02  4.89562408439620E+01
 2.153E-02  4.91495092482489E+01
 2.182E-02  4.93308087868541E+01
 2.212E-02  4.94999408154826E+01
 2.242E-02  4.96567204622383E+01
 2.273E-02  4.98009774751604E+01
 2.304E-02  4.99325570735566E+01
 2.335E-02  5.00513208009947E+01
 2.367E-02  5.01571473776885E+01
 2.400E-02  5.02499335498782E+01
 2.432E-02  5.03295949336786E+01
 2.466E-02  5.03960668507362E+01
 2.499E-02  5.04493051529132E+01
 2.533E-02  5.04892870330817E+01
 2.568E-02  5.05160118189996E+01
 2.603E-02  5.05295017471086E+01
 2.639E-02  5.05298027129869E+01
 2.675E-02  5.05169849950755E+01
 2.711E-02  5.04911439481925E+01
 2.748E-02  5.04524006632496E+01
 2.786E-02  5.04009025894994E+01
 2.824E-02  5.03368241155530E+01
 2.862E-02  5.02603671053386E+01
 2.901E-02  5.01717613851081E+01
 2.941E-02  5.00712651775449E+01
 2.981E-02  4.99591654789895E+01
 3.022E-02  4.98357783757705E+01
 3.063E-02  4.97014492956178E+01
 3.105E-02  4.95565531901369E+01
 3.147E-02  4.94014946443434E+01
 3.190E-02  4.92367079092905E+01
 3.234E-02  4.90626568538800E+01
 3.278E-02  4.88798348320178E+01
 3.323E-02  4.86887644613700E+01
 3.368E-02  4.84899973100873E+01
 3.414E-02  4.82841134880061E+01
 3.461E-02  4.80717211389871E+01
 3.508E-02  4.78534558312384E+01
 3.556E-02  4.76299798426723E+01
 3.604E-02  4.74019813385775E+01
 3.654E-02  4.71701734391410E+01
 3.703E-02  4.69352931746334E+01
 3.754E-02  4.66981003263817E+01
 3.805E-02  4.64593761519776E+01
 3.857E-02  4.62199219935330E+01
 3.910E-02  4.59805577681744E+01
 3.963E-02  4.57421203403767E+01
 4.017E-02  4.55054617761707E+01
 4.072E-02  4.52714474797177E+01
 4.128E-02  4.50409542132260E+01
 4.184E-02  4.48148680016902E+01
 4.241E-02  4.45940819244626E+01
 4.299E-02  4.43794937962123E+01
 4.358E-02  4.41720037403991E+01
 4.417E-02  4.39725116589727E+01
 4.478E-02  4.37819146026122E+01
 4.539E-02  4.36011040464355E+01
 4.601E-02  4.34309630767406E+01
 4.664E-02  4.32723634949743E+01
 4.727E-02  4.31261628457764E+01
 4.792E-02  4.29932013765918E+01
 4.857E-02  4.28742989370000E+01
 4.924E-02  4.27702518265596E+01
 4.991E-02  4.26818296006142E+01
 5.059E-02  4.26097718441415E+01
 5.128E-02  4.25547849243577E+01
 5.198E-02  4.25175387333976E+01
 5.269E-02  4.24986634329856E+01
 5.341E-02  4.24987462135816E+01
 5.414E-02  4.25183280810260E+01
 5.488E-02  4.25579006842225E+01
 5.563E-02  4.26179031978690E+01
 5.639E-02  4.26987192746853E+01
 5.716E-02  4.28006740819744E+01
 5.794E-02  4.29240314377003E+01
 5.873E-02  4.30689910615506E+01
 5.953E-02  4.32356859566898E+01
 6.034E-02  4.34241799380734E+01
 6.116E-02  4.36344653233041E+01
 6.200E-02  4.38664608020426E+01
 6.285E-02  4.41200094999474E+01
 6.370E-02  4.43948772530020E+01
 6.457E-02  4.46907511078923E+01
 6.546E-02  4.50072380638085E+01
 6.635E-02  4.53438640706846E+01
 6.725E-02  4.57000732984211E+01
 6.817E-02  4.60752276910867E+01
 6.910E-02  4.64686068194466E+01
 7.005E-02  4.68794080444190E+01
 7.100E-02  4.73067470032207E+01
 7.197E-02  4.77496584290195E+01
 7.296E-02  4.82070973138729E+01
 7.395E-02  4.86779404235940E+01
 7.496E-02  4.91609881719494E+01
 7.598E-02  4.96549668602615E+01
 7.702E-02  5.01585312870627E+01
 7.807E-02  5.06702677309299E+01
 7.914E-02  5.11886973080255E+01
 8.022E-02  5.17122797041769E+01
 8.132E-02  5.22394172795641E+01
 8.243E-02  5.27684595422372E+01
 8.355E-02  5.32977079847804E+01
 8.469E-02  5.38254212764645E+01
 8.585E-02  5.43498208012083E+01
 8.702E-02  5.48690965295992E+01
 8.821E-02  5.53814132111162E+01
 8.941E-02  5.58849168705681E+01
 9.063E-02  5.63777415906069E+01
 9.187E-02  5.68580165600246E+01
 9.312E-02  5.73238733653879E+01
 9.440E-02  5.77734535014344E+01
 9.568E-02  5.82049160735482E+01
 9.699E-02  5.86164456635759E+01
 9.831E-02  5.90062603282334E+01
 9.966E-02  5.93726196974240E+01
 1.010E-01  5.97138331379341E+01
 1.024E-01  6.00282679462198E+01
 1.038E-01  6.03143575323592E+01
 1.052E-01  6.05706095557315E+01
 1.066E-01  6.07956139716150E+01
 1.081E-01  6.09880509466851E+01
 1.096E-01  6.11466986003531E+01
 1.111E-01  6.12704405280379E+01
 1.126E-01  6.13582730618097E+01
 1.141E-01  6.14093122234155E+01
 1.157E-01  6.14228003244925E+01
 1.173E-01  6.13981121688155E+01
 1.189E-01  6.13347608117255E+01
 1.205E-01  6.12324028324470E+01
 1.221E-01  6.10908430758520E+01
 1.238E-01  6.09100388213595E+01
 1.255E-01  6.06901033380914E+01
 1.272E-01  6.04313087871445E+01
 1.289E-01  6.01340884338865E+01
 1.307E-01  5.97990381355462E+01
 1.325E-01  5.94269170720521E+01
 1.343E-01  5.90186476910736E+01
 1.361E-01  5.85753148415328E+01
 1.380E-01  5.80981640734885E+01
 1.399E-01  5.75885990862246E+01
 1.418E-01  5.70481783106072E+01
 1.437E-01  5.64786106162922E+01
 1.457E-01  5.58817501391435E+01
 1.477E-01  5.52595902292641E+01
 1.497E-01  5.46142565252985E+01
 1.517E-01  5.39479991661388E+01
 1.538E-01  5.32631841568074E+01
 1.559E-01  5.25622839110790E+01
 1.580E-01  5.18478669993025E+01
 1.602E-01  5.11225871358542E+01
 1.624E-01  5.03891714466502E+01
 1.646E-01  4.96504080631337E+01
 1.668E-01  4.89091330950741E+01
 1.691E-01  4.81682170403276E+01
 1.714E-01  4.74305506953563E+01
 1.738E-01  4.66990306357357E+01
 1.761E-01  4.59765443410385E+01
 1.785E-01  4.52659550433180E+01
 1.810E-01  4.45700863828615E+01
 1.834E-01  4.38917069589014E+01
 1.860E-01  4.32335148664905E+01
 1.885E-01  4.25981223137292E+01
 1.911E-01  4.19880404159245E+01
 1.937E-01  4.14056642650106E+01
 1.963E-01  4.08532583736431E+01
 1.990E-01  4.03329425937420E+01
 2.017E-01  3.98466786088868E+01
 2.045E-01  3.93962570988244E+01
 2.073E-01  3.89832856724298E+01
 2.101E-01  3.86091776627444E+01
 2.130E-01  3.82751418742064E+01
 2.159E-01  3.79821733678869E+01
 2.188E-01  3.77310453654624E+01
 2.218E-01  3.75223023468133E+01
 2.248E-01  3.73562544095554E+01
 2.279E-01  3.72329729515289E+01
 2.310E-01  3.71522877293176E+01
 2.342E-01  3.71137853372973E+01
 2.374E-01  3.71168091425711E+01
 2.406E-01  3.71604607014890E+01
 2.439E-01  3.72436026733412E+01
 2.472E-01  3.73648632363239E+01
 2.506E-01  3.75226420000793E+01
 2.540E-01  3.77151173980845E+01
 2.575E-01  3.79402555320056E+01
 2.610E-01  3.81958204289211E+01
 2.646E-01  3.84793856611609E+01
 2.682E-01  3.87883472675044E+01
 2.718E-01  3.91199379037313E+01
 2.755E-01  3.94712421401433E+01
 2.793E-01  3.98392128137649E+01
 2.831E-01  4.02206883336158E+01
 2.870E-01  4.06124108288135E+01
 2.909E-01  4.10110450214280E+01
 2.949E-01  4.14131976990610E+01
 2.989E-01  4.18154376561519E+01
 3.030E-01  4.22143159681032E+01
 3.071E-01  4.26063864585292E+01
 3.113E-01  4.29882262173418E+01
 3.156E-01  4.33564560260090E+01
 3.199E-01  4.37077605462158E+01
 3.242E-01  4.40389081293178E+01
 3.287E-01  4.43467701064037E+01
 3.331E-01  4.46283394224734E+01
 3.377E-01  4.48807484831376E+01
 3.423E-01  4.51012860883223E+01
 3.470E-01  4.52874133346443E+01
 3.517E-01  4.54367783763405E+01
 3.565E-01  4.55472299437947E+01
 3.614E-01  4.56168295287047E+01
 3.663E-01  4.56438621556764E+01
 3.713E-01  4.56268456713826E+01
 3.764E-01  4.55645384942817E+01
 3.815E-01  4.54559457801114E+01
 3.867E-01  4.53003239708433E+01
 3.920E-01  4.50971837073652E+01
 3.974E-01  4.48462910987340E+01
 4.028E-01  4.45476673532874E+01
 4.083E-01  4.42015867891025E+01
 4.139E-01  4.38085732531347E+01
 4.195E-01  4.33693949897640E+01
 4.252E-01  4.28850580103236E+01
 4.311E-01  4.23567980254048E+01
 4.369E-01  4.17860710112617E+01
 4.429E-01  4.11745424904083E+01
 4.489E-01  4.05240756144698E+01
 4.551E-01  3.98367181444780E+01
 4.613E-01  3.91146884300643E+01
 4.676E-01  3.83603604943809E+01
 4.740E-01  3.75762483360707E+01
 4.804E-01  3.67649895632056E+01
 4.870E-01  3.59293284768313E+01
 4.936E-01  3.50720987236081E+01
 5.004E-01  3.41962056380434E+01
 5.072E-01  3.33046083949926E+01
 5.141E-01  3.24003020924972E+01
 5.212E-01  3.14862998836463E+01
 5.283E-01  3.05656152740351E+01
 5.355E-01  2.96412446985970E+01
 5.428E-01  2.87161504880425E+01
 5.502E-01  2.77932443310959E+01
 5.577E-01  2.68753713339014E+01
 5.653E-01  2.59652947726989E+01
 5.731E-01  2.50656816299863E+01
 5.809E-01  2.41790889980032E+01
 5.888E-01  2.33079514264939E+01
 5.969E-01  2.24545692843763E+01
 6.050E-01  2.16210981971892E+01
 6.133E-01  2.08095396140513E+01
 6.216E-01  2.00217325493778E+01
 6.301E-01  1.92593465358197E+01
 6.387E-01  1.85238758158558E+01
 6.474E-01  1.78166347902441E+01
 6.563E-01  1.71387547321880E+01
 6.652E-01  1.64911817666637E+01
 6.743E-01  1.58746761049713E+01
 6.835E-01  1.52898125152857E+01
 6.929E-01  1.47369820009009E+01
 7.023E-01  1.42163946490605E+01
 7.119E-01  1.37280836048528E+01
 7.216E-01  1.32719101167158E+01
 7.315E-01  1.28475695927312E+01
 7.415E-01  1.24545986001846E+01
 7.516E-01  1.20923827348942E+01
 7.618E-01  1.17601652816389E+01
 7.723E-01  1.14570565826867E+01
 7.828E-01  1.11820440279717E+01
 7.935E-01  1.09340025779021E+01
 8.043E-01  1.07117057280959E+01
 8.153E-01  1.05138368245086E+01
 8.264E-01  1.03390006373995E+01
 8.377E-01  1.01857351033276E+01
 8.491E-01  1.00525231458130E+01
 8.607E-01  9.93780448738467E+00
 8.725E-01  9.83998736839437E+00
 8.844E-01  9.75746009115191E+00
 8.965E-01  9.68860231157681E+00
 9.087E-01  9.63179600461941E+00
 9.211E-01  9.58543603414388E+00
 9.337E-01  9.54794026275565E+00
 9.464E-01  9.51775914216949E+00
 9.594E-01  9.49338473012986E+00
 9.725E-01  9.47335908558664E+00
 9.857E-01  9.45628199977248E+00
 9.992E-01  9.44081802699205E+00
 1.013E+00  9.42570278528270E+00
 1.027E+00  9.40974850359866E+00
 1.041E+00  9.39184879875823E+00
 1.055E+00  9.37098267202112E+00
 1.069E+00  9.34621772177175E+00
 1.084E+00  9.31671257531048E+00
 1.099E+00  9.28171854913274E+00
 1.114E+00  9.24058055324057E+00
 1.129E+00  9.19273726091665E+00
 1.144E+00  9.13772057093574E+00
 1.160E+00  9.07515439433551E+00
 1.176E+00  9.00475280256606E+00
 1.192E+00  8.92631757803961E+00
 1.208E+00  8.83973521177392E+00
 1.225E+00  8.74497339593360E+00
 1.241E+00  8.64207706160612E+00
 1.258E+00  8.53116401409106E+00
 1.275E+00  8.41242021933171E+00
 1.293E+00  8.28609479588333E+00
 1.310E+00  8.15249476700836E+00
 1.328E+00  8.01197962713659E+00
 1.347E+00  7.86495577605792E+00
 1.365E+00  7.71187087286064E+00
 1.384E+00  7.55320815982881E+00
 1.402E+00  7.38948080431200E+00
 1.422E+00  7.22122630402437E+00
 1.441E+00  7.04900099836639E+00
 1.461E+00  6.87337472524015E+00
 1.481E+00  6.69492565949637E+00
 1.501E+00  6.51423536565614E+00
 1.521E+00  6.33188409394070E+00
 1.542E+00  6.14844634496057E+00
 1.563E+00  5.96448672470613E+00
 1.584E+00  5.78055610778175E+00
 1.606E+00  5.59718812317334E+00
 1.628E+00  5.41489597326560E+00
 1.650E+00  5.23416959336145E+00
 1.673E+00  5.05547315562666E+00
 1.696E+00  4.87924291821104E+00
 1.719E+00  4.70588541730313E+00
 1.742E+00  4.53577599707375E+00
 1.766E+00  4.36925766986853E+00
 1.790E+00  4.20664029663213E+00
 1.815E+00  4.04820007539326E+00
 1.839E+00  3.89417932371775E+00
 1.864E+00  3.74478653934826E+00
 1.890E+00  3.60019672179672E+00
 1.916E+00  3.46055193643809E+00
 1.942E+00  3.32596210166954E+00
 1.968E+00  3.19650597894464E+00
 1.995E+00  3.07223234496141E+00
 2.022E+00  2.95316132497049E+00
 2.050E+00  2.83928586606688E+00
 2.078E+00  2.73057332942538E+00
 2.106E+00  2.62696718072733E+00
 2.135E+00  2.52838875848948E+00
 2.164E+00  2.43473910063459E+00
 2.194E+00  2.34590081042008E+00
 2.224E+00  2.26173994375230E+00
 2.254E+00  2.18210790094137E+00
 2.285E+00  2.10684330707867E+00
 2.316E+00  2.03577386642642E+00
 2.348E+00  1.96871817747938E+00
 2.380E+00  1.90548749667204E+00
 2.412E+00  1.84588744004408E+00
 2.445E+00  1.78971961352295E+00
 2.479E+00  1.73678316381927E+00
 2.513E+00  1.68687624324185E+00
 2.547E+00  1.63979738301110E+00
 2.582E+00  1.59534677086851E+00
 2.617E+00  1.55332742993694E+00
 2.653E+00  1.51354629687124E+00
 2.689E+00  1.47581519834640E+00
 2.725E+00  1.43995172585492E+00
 2.763E+00  1.40578000962530E+00
 2.800E+00  1.37313139322707E+00
 2.839E+00  1.34184501109729E+00
 2.877E+00  1.31176827180850E+00
 2.917E+00  1.28275725040437E+00
 2.956E+00  1.25467699355842E+00
 2.997E+00  1.22740174166944E+00
 3.038E+00  1.20081507229786E+00
 3.079E+00  1.17480996957715E+00
 3.121E+00  1.14928882440610E+00
 3.164E+00  1.12416337034923E+00
 3.207E+00  1.09935456024586E+00
 3.251E+00  1.07479238855969E+00
 3.295E+00  1.05041566449400E+00
 3.340E+00  1.02617174085636E+00
 3.386E+00  1.00201620358540E+00
 3.432E+00  9.77912526753758E-01
 3.479E+00  9.53831697739143E-01
 3.526E+00  9.29751817112614E-01
 3.575E+00  9.05657677632366E-01
 3.623E+00  8.81540326555044E-01
 3.673E+00  8.57396615287516E-01
 3.723E+00  8.33228740202279E-01
 3.774E+00  8.09043778231302E-01
 3.825E+00  7.84853220638321E-01
 3.878E+00  7.60672508150057E-01
 3.930E+00  7.36520570404329E-01
 3.984E+00  7.12419372449240E-01
 4.039E+00  6.88393470803773E-01
 4.094E+00  6.64469581367780E-01
 4.150E+00  6.40676161249498E-01
 4.206E+00  6.17043006362487E-01
 4.264E+00  5.93600866432085E-01
 4.322E+00  5.70381078844965E-01
 4.381E+00  5.47415222574671E-01
 4.441E+00  5.24734793221705E-01
 4.501E+00  5.02370900019179E-01
 4.563E+00  4.80353985474518E-01
 4.625E+00  4.58713568144470E-01
 4.688E+00  4.37478008874797E-01
 4.752E+00  4.16674300677577E-01
 4.817E+00  3.96327882268184E-01
 4.883E+00  3.76462475140515E-01
 4.950E+00  3.57099943923126E-01
 5.017E+00  3.38260179630425E-01
 5.086E+00  3.19961005302049E-01
 5.155E+00  3.02218103410050E-01
 5.225E+00  2.85044964307543E-01
 5.297E+00  2.68452854894138E-01
 5.369E+00  2.52450806582914E-01
 5.442E+00  2.37045621571110E-01
 5.517E+00  2.22241896342179E-01
 5.592E+00  2.08042061260780E-01
 5.668E+00  1.94446435064749E-01
 5.746E+00  1.81453293009513E-01
 5.824E+00  1.69058947380887E-01
 5.904E+00  1.57257839062123E-01
 5.984E+00  1.46042638820574E-01
 6.066E+00  1.35404356968576E-01
 6.149E+00  1.25332460052302E-01
 6.233E+00  1.15814993231369E-01
 6.318E+00  1.06838707030912E-01
 6.404E+00  9.83891871764549E-02
 6.491E+00  9.04509862600134E-02
 6.580E+00  8.30077560331119E-02
 6.670E+00  7.60423791782300E-02
 6.761E+00  6.95370994741488E-02
 6.853E+00  6.34736493419455E-02
 6.947E+00  5.78333738362514E-02
 7.042E+00  5.25973502299169E-02
 7.138E+00  4.77465024284660E-02
 7.235E+00  4.32617095426163E-02
 7.334E+00  3.91239080415930E-02
 7.434E+00  3.53141870058674E-02
 7.536E+00  3.18138760941579E-02
 7.639E+00  2.86046259349141E-02
 7.743E+00  2.56684807459741E-02
 7.849E+00  2.29879430765701E-02
 7.956E+00  2.05460306523999E-02
 8.064E+00  1.83263253861529E-02
 8.174E+00  1.63130146919014E-02
 8.286E+00  1.44909253114327E-02
 8.399E+00  1.28455499233420E-02
 8.514E+00  1.13630668610919E-02
 8.630E+00  1.00303533139527E-02
 8.748E+00  8.83499242460016E-03
 8.867E+00  7.76527472910804E-03
 8.988E+00  6.81019440922759E-03
 9.111E+00  5.95944084337464E-03
 9.235E+00  5.20338595197106E-03
 9.362E+00  4.53306783510541E-03
 9.489E+00  3.94017119638275E-03
 9.619E+00  3.41700503688277E-03
 9.750E+00  2.95647808795417E-03
 9.883E+00  2.55207243179566E-03
 1.002E+01  2.19781573509004E-03
 1.016E+01  1.88825249405360E-03
 1.029E+01  1.61841465982830E-03
 1.043E+01  1.38379198184470E-03
 1.058E+01  1.18030237426154E-03
 1.072E+01  1.00426257744639E-03
 1.087E+01  8.52359353256486E-04
 1.102E+01  7.21621420116794E-04
 1.117E+01  6.09392302017548E-04
 1.132E+01  5.13304234954638E-04
 1.147E+01  4.31253245336697E-04
 1.163E+01  3.61375487744035E-04
 1.179E+01  3.02024904349461E-04
 1.195E+01  2.51752245442006E-04
 1.211E+01  2.09285469920284E-04
 1.228E+01  1.73511526381005E-04
 1.245E+01  1.43459499513054E-04
 1.262E+01  1.18285092871648E-04
 1.279E+01  9.72564076695244E-05
 1.296E+01  7.97409678731057E-05
 1.314E+01  6.51939344993388E-05
 1.332E+01  5.31474464239144E-05
 1.350E+01  4.32010210723762E-05
 1.368E+01  3.50129459036114E-05
 1.387E+01  2.82925904388167E-05
 1.406E+01  2.27935685676118E-05
 1.425E+01  1.83076818099192E-05
 1.445E+01  1.46595759681119E-05
 1.464E+01  1.17020460181763E-05
 1.484E+01  9.31192702158708E-06
 1.505E+01  7.38651216351325E-06
 1.525E+01  5.84044262293351E-06
 1.546E+01  4.60301775430722E-06
 1.567E+01  3.61587791990891E-06
 1.589E+01  2.83101618081345E-06
 1.610E+01  2.20907886917817E-06
 1.632E+01  1.71791877282101E-06
 1.655E+01  1.33136822382808E-06
 1.677E+01  1.02820276445139E-06
 1.700E+01  7.91269243040924E-07
 1.723E+01  6.06755155065771E-07
 1.747E+01  4.63578781454182E-07
 1.771E+01  3.52884687657523E-07
 1.795E+01  2.67639563975308E-07
 1.819E+01  2.02236753078042E-07
 1.844E+01  1.52244856275124E-07
 1.869E+01  1.14176893639059E-07
 1.895E+01  8.52995851807591E-08
 1.921E+01  6.34787762301978E-08
 1.947E+01  4.70546679028870E-08
 1.974E+01  3.47415198718843E-08
 2.000E+01  2.55473601746594E-08
 2.028E+01  1.87099804896858E-08
 2.055E+01  1.36461295789645E-08
 2.084E+01  9.91135570711195E-09
 2.112E+01  7.16840303027201E-09
 2.141E+01  5.16244831439470E-09
 2.170E+01  3.70178291883585E-09
 2.200E+01  2.64280973710316E-09
 2.230E+01  1.87844368222059E-09
 2.260E+01  1.32918435081161E-09
 2.291E+01  9.36276827619327E-10
 2.322E+01  6.56496522194393E-10
 2.354E+01  4.58191049295068E-10
 2.386E+01  3.18290401924691E-10
 2.419E+01  2.20059361414888E-10
 2.452E+01  1.51416064956301E-10
 2.485E+01  1.03680276640298E-10
 2.519E+01  7.06461593083249E-11
 2.554E+01  4.78988587234113E-11
 2.588E+01  3.23133370874352E-11
 2.624E+01  2.16887329680935E-11
 2.660E+01  1.44829763100625E-11
 2.696E+01  9.62117518504505E-12
 2.733E+01  6.35799724444660E-12
 2.770E+01  4.17935781481899E-12
 2.808E+01  2.73256638449043E-12
 2.846E+01  1.77696394438176E-12
 2.885E+01  1.14923237380251E-12
 2.924E+01  7.39150486657258E-13
 2.964E+01  4.72746058170704E-13
 3.005E+01  3.00654048160426E-13
 3.046E+01  1.90118391749112E-13
 3.087E+01  1.19528856380268E-13
 3.130E+01  7.47113060163400E-14
 3.172E+01  4.64235057430082E-14
 3.216E+01  2.86748003291266E-14
 3.259E+01  1.76054140074058E-14
 3.304E+01  1.07435453044918E-14
 3.349E+01  6.51592876047559E-15
 3.395E+01  3.92738749934808E-15
 3.441E+01  2.35234405839768E-15
 3.488E+01  1.40003231554228E-15
 3.536E+01  8.27914232838176E-16
 3.584E+01  4.86420742924465E-16
 3.633E+01  2.83914153025311E-16
 3.683E+01  1.64618381391139E-16
 3.733E+01  9.48098252351179E-17
 3.784E+01  5.42348881308546E-17
 3.835E+01  3.08120347073227E-17
 3.888E+01  1.73837401252130E-17
 3.941E+01  9.73893245428534E-18
 3.995E+01  5.41736247363563E-18
 4.049E+01  2.99181651180365E-18
 4.104E+01  1.64026336926665E-18
 4.161E+01  8.92655203465431E-19
 4.217E+01  4.82174484499353E-19
 4.275E+01  2.58483400975394E-19
 4.333E+01  1.37507201971746E-19
 4.392E+01  7.25834710127051E-20
 4.452E+01  3.80122344889531E-20
 4.513E+01  1.97485419826659E-20
 4.575E+01  1.01770980237562E-20
 4.637E+01  5.20163920263265E-21
 4.701E+01  2.63653021901734E-21
 4.765E+01  1.32510261120279E-21
 4.830E+01  6.60294928224865E-22
 4.896E+01  3.26171504797095E-22
 4.963E+01  1.59707029661504E-22
 5.030E+01  7.75048904024681E-23
 5.099E+01  3.72764358593347E-23
 5.169E+01  1.77684417066970E-23
 5.239E+01  8.39584264526047E-24
 5.311E+01  3.93504988533684E-24
 5.383E+01  1.83222875700531E-24
 5.457E+01  8.50584421764121E-25
 5.531E+01  3.96925695589727E-25
 5.607E+01  0.00000000000000E+00
 5.683E+01  0.00000000000000E+00
 5.761E+01  0.00000000000000E+00
 5.839E+01  0.00000000000000E+00
 5.919E+01  0.00000000000000E+00
 6.000E+01  0.00000000000000E+00
