line2: Z,NR,R(1),R(NR) /line3,4,...: R(N),RHO*4*PI*R(N)**2
33.00  2000  1.01365245284744E-10  6.00000000000000E+01
 1.014E-10  9.85353155982219E-15
 1.027E-10  1.01163407941049E-14
 1.042E-10  1.03861595653349E-14
 1.056E-10  1.09948901811168E-14
 1.070E-10  1.12881412506957E-14
 1.085E-10  1.15892137890018E-14
 1.100E-10  1.18983164069373E-14
 1.115E-10  1.22156632793995E-14
 1.130E-10  1.25414742936627E-14
 1.145E-10  1.28759752017434E-14
 1.161E-10  1.32193977768195E-14
 1.177E-10  1.35719799738258E-14
 1.193E-10  1.39339660943307E-14
 1.209E-10  1.43056069558099E-14
 1.226E-10  1.46871600654386E-14
 1.242E-10  1.50788897985126E-14
 1.259E-10  1.54810675816352E-14
 1.276E-10  1.58939720807858E-14
 1.294E-10  1.63178893944037E-14
 1.312E-10  1.67531132516251E-14
 1.329E-10  1.71999452158069E-14
 1.348E-10  1.76586948934761E-14
 1.366E-10  1.81296801488517E-14
 1.385E-10  1.86132273240971E-14
 1.404E-10  1.91096714654331E-14
 1.423E-10  1.96193565552918E-14
 1.442E-10  2.01426357506621E-14
 1.462E-10  2.06798716277826E-14
 1.482E-10  2.12314364333750E-14
 1.502E-10  2.17977123425689E-14
 1.523E-10  2.23790917237054E-14
 1.543E-10  2.29759774102088E-14
 1.564E-10  2.35887829797068E-14
 1.586E-10  2.42179330405949E-14
 1.607E-10  2.48638635262457E-14
 1.629E-10  2.55270219970588E-14
 1.652E-10  2.62078679505763E-14
 1.674E-10  2.69068731398692E-14
 1.697E-10  2.76245219004029E-14
 1.720E-10  2.83613114856341E-14
 1.744E-10  2.91177524115535E-14
 1.767E-10  2.98943688104206E-14
 1.792E-10  3.06916987939271E-14
 1.816E-10  3.15102948260530E-14
 1.841E-10  3.23507241058630E-14
 1.866E-10  3.32135689605170E-14
 1.891E-10  3.40994272487595E-14
 1.917E-10  3.50089127751677E-14
 1.943E-10  3.59426557154574E-14
 1.970E-10  3.69013030531262E-14
 1.997E-10  3.78855190277374E-14
 2.024E-10  3.88959855951759E-14
 2.052E-10  3.99334029001638E-14
 2.080E-10  4.09984897613846E-14
 2.108E-10  4.20919841695547E-14
 2.137E-10  4.32146437987643E-14
 2.166E-10  4.43672465314680E-14
 2.196E-10  4.55505909974700E-14
 2.226E-10  4.67654971272944E-14
 2.256E-10  4.80128067203019E-14
 2.287E-10  4.92933840279731E-14
 2.318E-10  5.06081163527365E-14
 2.350E-10  5.19579146627763E-14
 2.382E-10  5.33437142232368E-14
 2.414E-10  5.47664752442568E-14
 2.447E-10  5.62271835462958E-14
 2.481E-10  5.77268512431956E-14
 2.515E-10  5.92665174434758E-14
 2.549E-10  6.08472489703170E-14
 2.584E-10  6.24701411007561E-14
 2.619E-10  6.41363183245936E-14
 2.655E-10  6.58469351235508E-14
 2.691E-10  6.76031767711978E-14
 2.728E-10  6.94062601542146E-14
 2.765E-10  7.12574346155735E-14
 2.803E-10  7.31579828201882E-14
 2.841E-10  7.51092216436753E-14
 2.880E-10  7.71125030847972E-14
 2.919E-10  7.91692152022550E-14
 2.959E-10  8.12807830764678E-14
 2.999E-10  8.34486697969954E-14
 3.040E-10  8.56743774763010E-14
 3.082E-10  8.79594482905558E-14
 3.124E-10  9.03054655482077E-14
 3.166E-10  9.27140547870305E-14
 3.210E-10  9.51868849004583E-14
 3.253E-10  9.77256692939409E-14
 3.298E-10  1.00332167072158E-13
 3.343E-10  1.03008184257888E-13
 3.389E-10  1.05755575043373E-13
 3.435E-10  1.08576243075093E-13
 3.482E-10  1.11472142772781E-13
 3.529E-10  1.14445280683627E-13
 3.577E-10  1.17497716872599E-13
 3.626E-10  1.20631566349843E-13
 3.676E-10  1.23849000536166E-13
 3.726E-10  1.27152248767587E-13
 3.777E-10  1.30543599840032E-13
 3.828E-10  1.34025403595226E-13
 3.881E-10  1.37600072548878E-13
 3.934E-10  1.41270083562292E-13
 3.987E-10  1.45037979558567E-13
 4.042E-10  1.48906371284573E-13
 4.097E-10  1.52877939119916E-13
 4.153E-10  1.56955434934155E-13
 4.210E-10  1.61141683993543E-13
 4.267E-10  1.65439586918643E-13
 4.325E-10  1.69852121694133E-13
 4.384E-10  1.74382345732244E-13
 4.444E-10  1.79033397991228E-13
 4.505E-10  1.83808501150268E-13
 4.566E-10  1.88710963842499E-13
 4.629E-10  1.93744182947536E-13
 4.692E-10  1.98911645945099E-13
 4.756E-10  2.04216933331494E-13
 4.821E-10  2.09663721100522E-13
 4.887E-10  2.15255783290534E-13
 4.953E-10  2.20996994599418E-13
 5.021E-10  2.26891333069374E-13
 5.090E-10  2.32942882843260E-13
 5.159E-10  2.39155836994448E-13
 5.230E-10  2.45534500432200E-13
 5.301E-10  2.52083292884503E-13
 5.373E-10  2.58806751960431E-13
 5.447E-10  2.65709536294247E-13
 5.521E-10  2.72796428773367E-13
 5.596E-10  2.80072339852326E-13
 5.673E-10  2.87542310955206E-13
 5.750E-10  2.95211517968850E-13
 5.829E-10  3.03085274829146E-13
 5.908E-10  3.11169037203010E-13
 5.989E-10  3.19468406268613E-13
 6.071E-10  3.27989132596383E-13
 6.154E-10  3.36737120133518E-13
 6.238E-10  3.45718430294796E-13
 6.323E-10  3.54939286162442E-13
 6.409E-10  3.64406076798119E-13
 6.497E-10  3.74125361669881E-13
 6.585E-10  3.84103875197058E-13
 6.675E-10  3.94348531416578E-13
 6.766E-10  4.04866428773667E-13
 6.859E-10  4.15664855040221E-13
 6.952E-10  4.26751292364500E-13
 7.047E-10  4.38133422455496E-13
 7.144E-10  4.49819131905454E-13
 7.241E-10  4.61816517654423E-13
 7.340E-10  4.74133892600672E-13
 7.440E-10  4.86779791360526E-13
 7.542E-10  4.99762976181968E-13
 7.645E-10  5.13092443015980E-13
 7.749E-10  5.26777427749684E-13
 7.855E-10  5.40827412605863E-13
 7.962E-10  5.55252132713165E-13
 8.071E-10  5.70061582851427E-13
 8.181E-10  5.85266024377019E-13
 8.293E-10  6.00875992332834E-13
 8.406E-10  6.16902302747966E-13
 8.521E-10  6.33356060132065E-13
 8.637E-10  6.50248665169504E-13
 8.755E-10  6.67591822618883E-13
 8.874E-10  6.85397549423191E-13
 8.996E-10  7.03678183036158E-13
 9.118E-10  7.22446389970881E-13
 9.243E-10  7.41715174576272E-13
 9.369E-10  7.61497888047719E-13
 9.497E-10  7.81808237678078E-13
 9.627E-10  8.02660296355229E-13
 9.758E-10  8.24068512313130E-13
 9.891E-10  8.46047719142923E-13
 1.003E-09  8.68613146071029E-13
 1.016E-09  8.91780428511205E-13
 1.030E-09  9.15565618898390E-13
 1.044E-09  9.39985197811285E-13
 1.059E-09  9.65056085391513E-13
 1.073E-09  9.90795653067488E-13
 1.088E-09  1.01722173559106E-12
 1.102E-09  1.04435264339491E-12
 1.118E-09  1.07220717527982E-12
 1.133E-09  1.10080463144024E-12
 1.148E-09  1.13016482683707E-12
 1.164E-09  1.16030810492751E-12
 1.180E-09  1.19125535176085E-12
 1.196E-09  1.22302801045002E-12
 1.212E-09  1.25564809602959E-12
 1.229E-09  1.28913821070986E-12
 1.246E-09  1.32352155953752E-12
 1.263E-09  1.35882196647446E-12
 1.280E-09  1.39506389090516E-12
 1.297E-09  1.43227244458431E-12
 1.315E-09  1.47047340903660E-12
 1.333E-09  1.50969325342060E-12
 1.351E-09  1.54995915286908E-12
 1.370E-09  1.59129900731825E-12
 1.388E-09  1.63374146083949E-12
 1.407E-09  1.67731592148680E-12
 1.426E-09  1.72205258167309E-12
 1.446E-09  1.76798243909056E-12
 1.466E-09  1.81513731818859E-12
 1.486E-09  1.86354989222456E-12
 1.506E-09  1.91325370590322E-12
 1.527E-09  1.96428319861934E-12
 1.547E-09  2.01667372832039E-12
 1.568E-09  2.07046159600607E-12
 1.590E-09  2.12568407088081E-12
 1.612E-09  2.18237941617724E-12
 1.634E-09  2.24058691566874E-12
 1.656E-09  2.30034690088864E-12
 1.679E-09  2.36170077907569E-12
 1.701E-09  2.42469106186476E-12
 1.725E-09  2.48936139474295E-12
 1.748E-09  2.55575658729119E-12
 1.772E-09  2.62392264423233E-12
 1.796E-09  2.69390679730751E-12
 1.821E-09  2.76575753800260E-12
 1.846E-09  2.83952465114779E-12
 1.871E-09  2.91525924941281E-12
 1.896E-09  2.99301380872266E-12
 1.922E-09  3.07284220461799E-12
 1.949E-09  3.15479974958447E-12
 1.975E-09  3.23894323137897E-12
 2.002E-09  3.32533095237699E-12
 2.029E-09  3.41402276996984E-12
 2.057E-09  3.50508013803976E-12
 2.085E-09  3.59856614954046E-12
 2.114E-09  3.69454558021413E-12
 2.143E-09  3.79308493347356E-12
 2.172E-09  3.89425248648180E-12
 2.201E-09  3.99811833746173E-12
 2.232E-09  4.10475445426550E-12
 2.262E-09  4.21423472424083E-12
 2.293E-09  4.32663500542763E-12
 2.324E-09  4.44203317911845E-12
 2.356E-09  4.56050920382235E-12
 2.388E-09  4.68214517066742E-12
 2.421E-09  4.80702536028093E-12
 2.454E-09  4.93523630118695E-12
 2.487E-09  5.06686682976121E-12
 2.521E-09  5.20200815178494E-12
 2.556E-09  5.34075390564080E-12
 2.590E-09  5.48320022719409E-12
 2.626E-09  5.62944581640450E-12
 2.662E-09  5.77959200571486E-12
 2.698E-09  5.93374283026282E-12
 2.735E-09  6.09200509996690E-12
 2.772E-09  6.25448847353366E-12
 2.810E-09  6.42130553443897E-12
 2.848E-09  6.59257186893726E-12
 2.887E-09  6.76840614614961E-12
 2.927E-09  6.94893020028851E-12
 2.967E-09  7.13426911507610E-12
 3.007E-09  7.32455131041366E-12
 3.048E-09  7.51990863136276E-12
 3.090E-09  7.72047643949917E-12
 3.132E-09  7.92639370670444E-12
 3.175E-09  8.13780311145799E-12
 3.218E-09  8.35485113769842E-12
 3.262E-09  8.57768817632021E-12
 3.307E-09  8.80646862937867E-12
 3.352E-09  9.04135101707412E-12
 3.398E-09  9.28249808758890E-12
 3.444E-09  9.53007692985523E-12
 3.491E-09  9.78425908932818E-12
 3.539E-09  1.00452206868492E-11
 3.587E-09  1.03131425406781E-11
 3.636E-09  1.05882102917819E-11
 3.685E-09  1.08706145324620E-11
 3.736E-09  1.11605509384153E-11
 3.787E-09  1.14582204043173E-11
 3.838E-09  1.17638291830164E-11
 3.891E-09  1.20775890284500E-11
 3.944E-09  1.23997173423635E-11
 3.998E-09  1.27304373249468E-11
 4.052E-09  1.30699781294892E-11
 4.108E-09  1.34185750211560E-11
 4.164E-09  1.37764695400024E-11
 4.221E-09  1.41439096683370E-11
 4.278E-09  1.45211500025418E-11
 4.337E-09  1.49084519294839E-11
 4.396E-09  1.53060838076284E-11
 4.456E-09  1.57143211529774E-11
 4.517E-09  1.61334468299779E-11
 4.578E-09  1.65637512475136E-11
 4.641E-09  1.70055325601270E-11
 4.704E-09  1.74590968746077E-11
 4.769E-09  1.79247584620928E-11
 4.834E-09  1.84028399758220E-11
 4.900E-09  1.88936726747004E-11
 4.967E-09  1.93975966528254E-11
 5.034E-09  1.99149610751357E-11
 5.103E-09  2.04461244193449E-11
 5.173E-09  2.09914547243272E-11
 5.243E-09  2.15513298451278E-11
 5.315E-09  2.21261377147750E-11
 5.388E-09  2.27162766130778E-11
 5.461E-09  2.33221554425900E-11
 5.536E-09  2.39441940119338E-11
 5.611E-09  2.45828233266816E-11
 5.688E-09  2.52384858879983E-11
 5.765E-09  2.59116359992455E-11
 5.844E-09  2.66027400807617E-11
 5.924E-09  2.73122769930454E-11
 6.005E-09  2.80407383685525E-11
 6.087E-09  2.87886289523401E-11
 6.170E-09  2.95564669518013E-11
 6.254E-09  3.03447843957337E-11
 6.340E-09  3.11541275029688E-11
 6.426E-09  3.19850570608430E-11
 6.514E-09  3.28381488137673E-11
 6.603E-09  3.37139938621539E-11
 6.693E-09  3.46131990719818E-11
 6.784E-09  3.55363874952883E-11
 6.877E-09  3.64841988018834E-11
 6.971E-09  3.74572897225619E-11
 7.066E-09  3.84563345041523E-11
 7.162E-09  3.94820253766958E-11
 7.260E-09  4.05350730330839E-11
 7.359E-09  4.16162071214954E-11
 7.460E-09  4.27261767509573E-11
 7.562E-09  4.38657510103995E-11
 7.665E-09  4.50357195015527E-11
 7.770E-09  4.62368928860454E-11
 7.876E-09  4.74701034471170E-11
 7.983E-09  4.87362056662924E-11
 8.092E-09  5.00360768154438E-11
 8.203E-09  5.13706175646475E-11
 8.315E-09  5.27407526062464E-11
 8.428E-09  5.41474312955688E-11
 8.543E-09  5.55916283087168E-11
 8.660E-09  5.70743443179182E-11
 8.778E-09  5.85966066848796E-11
 8.898E-09  6.01594701726368E-11
 9.019E-09  6.17640176763933E-11
 9.142E-09  6.34113609738447E-11
 9.267E-09  6.51026414955159E-11
 9.394E-09  6.68390311156567E-11
 9.522E-09  6.86217329642177E-11
 9.652E-09  7.04519822604847E-11
 9.784E-09  7.23310471689533E-11
 9.917E-09  7.42602296780305E-11
 1.005E-08  7.62408665021681E-11
 1.019E-08  7.82743300080531E-11
 1.033E-08  8.03620291655221E-11
 1.047E-08  8.25054105238139E-11
 1.061E-08  8.47059592138632E-11
 1.076E-08  8.69651999773436E-11
 1.090E-08  8.92846982231470E-11
 1.105E-08  9.16660611120319E-11
 1.120E-08  9.41109386702166E-11
 1.136E-08  9.66210249326689E-11
 1.151E-08  9.91980591168721E-11
 1.167E-08  1.01843826827925E-10
 1.183E-08  1.04560161295771E-10
 1.199E-08  1.07348944645415E-10
 1.215E-08  1.10212109201033E-10
 1.232E-08  1.13151638824865E-10
 1.249E-08  1.16169570291814E-10
 1.266E-08  1.19267994700695E-10
 1.283E-08  1.22449058923152E-10
 1.301E-08  1.25714967091195E-10
 1.318E-08  1.29067982124421E-10
 1.336E-08  1.32510427297968E-10
 1.355E-08  1.36044687852287E-10
 1.373E-08  1.39673212645862E-10
 1.392E-08  1.43398515851990E-10
 1.411E-08  1.47223178700821E-10
 1.430E-08  1.51149851267875E-10
 1.450E-08  1.55181254310243E-10
 1.470E-08  1.59320181151785E-10
 1.490E-08  1.63569499618584E-10
 1.510E-08  1.67932154026033E-10
 1.531E-08  1.72411167218925E-10
 1.551E-08  1.77009642665940E-10
 1.573E-08  1.81730766610025E-10
 1.594E-08  1.86577810276088E-10
 1.616E-08  1.91554132137603E-10
 1.638E-08  1.96663180243668E-10
 1.660E-08  2.01908494608097E-10
 1.683E-08  2.07293709662287E-10
 1.706E-08  2.12822556773467E-10
 1.729E-08  2.18498866830098E-10
 1.753E-08  2.24326572896287E-10
 1.777E-08  2.30309712936949E-10
 1.801E-08  2.36452432615655E-10
 1.826E-08  2.42758988167160E-10
 1.851E-08  2.49233749346428E-10
 1.876E-08  2.55881202456460E-10
 1.901E-08  2.62705953456782E-10
 1.927E-08  2.69712731154804E-10
 1.954E-08  2.76906390482449E-10
 1.980E-08  2.84291915860026E-10
 2.007E-08  2.91874424649869E-10
 2.035E-08  2.99659170702138E-10
 2.063E-08  3.07651547995131E-10
 2.091E-08  3.15857094372681E-10
 2.119E-08  3.24281495381314E-10
 2.148E-08  3.32930588209671E-10
 2.178E-08  3.41810365733017E-10
 2.207E-08  3.50926980665671E-10
 2.237E-08  3.60286749824086E-10
 2.268E-08  3.69896158503754E-10
 2.299E-08  3.79761864972777E-10
 2.330E-08  3.89890705085281E-10
 2.362E-08  4.00289697017896E-10
 2.394E-08  4.10966046132576E-10
 2.427E-08  4.21927149969121E-10
 2.460E-08  4.33180603370823E-10
 2.494E-08  4.44734203746808E-10
 2.528E-08  4.56595956474832E-10
 2.562E-08  4.68774080448056E-10
 2.597E-08  4.81277013769819E-10
 2.633E-08  4.94113419600308E-10
 2.669E-08  5.07292192159130E-10
 2.705E-08  5.20822462888055E-10
 2.742E-08  5.34713606778006E-10
 2.779E-08  5.48975248864875E-10
 2.817E-08  5.63617270898624E-10
 2.856E-08  5.78649818190215E-10
 2.895E-08  5.94083306641152E-10
 2.934E-08  6.09928429960505E-10
 2.974E-08  6.26196167074418E-10
 3.015E-08  6.42897789733338E-10
 3.056E-08  6.60044870322017E-10
 3.098E-08  6.77649289877784E-10
 3.140E-08  6.95723246322906E-10
 3.183E-08  7.14279262916207E-10
 3.227E-08  7.33330196930370E-10
 3.271E-08  7.52889248560538E-10
 3.315E-08  7.72969970070435E-10
 3.361E-08  7.93586275182756E-10
 3.406E-08  8.14752448719586E-10
 3.453E-08  8.36483156500196E-10
 3.500E-08  8.58793455502851E-10
 3.548E-08  8.81698804297482E-10
 3.596E-08  9.05215073756806E-10
 3.645E-08  9.29358558052934E-10
 3.695E-08  9.54145985947319E-10
 3.746E-08  9.79594532382054E-10
 3.797E-08  1.00572183037991E-09
 3.849E-08  1.03254598326210E-09
 3.901E-08  1.06008557719183E-09
 3.954E-08  1.08835969405226E-09
 4.008E-08  1.11738792466820E-09
 4.063E-08  1.14719038238009E-09
 4.119E-08  1.17778771698032E-09
 4.175E-08  1.20920112902125E-09
 4.232E-08  1.24145238450457E-09
 4.290E-08  1.27456382996268E-09
 4.348E-08  1.30855840794226E-09
 4.408E-08  1.34345967290067E-09
 4.468E-08  1.37929180752667E-09
 4.529E-08  1.41607963949604E-09
 4.591E-08  1.45384865867424E-09
 4.653E-08  1.49262503477809E-09
 4.717E-08  1.53243563550809E-09
 4.781E-08  1.57330804516481E-09
 4.846E-08  1.61527058376143E-09
 4.913E-08  1.65835232664625E-09
 4.980E-08  1.70258312464848E-09
 5.048E-08  1.74799362476139E-09
 5.117E-08  1.79461529137702E-09
 5.186E-08  1.84248042808733E-09
 5.257E-08  1.89162220006677E-09
 5.329E-08  1.94207465705178E-09
 5.402E-08  1.99387275693336E-09
 5.475E-08  2.04705238997855E-09
 5.550E-08  2.10165040369837E-09
 5.626E-08  2.15770462837854E-09
 5.703E-08  2.21525390329175E-09
 5.781E-08  2.27433810360812E-09
 5.860E-08  2.33499816802398E-09
 5.940E-08  2.39727612712845E-09
 6.021E-08  2.46121513252435E-09
 6.103E-08  2.52685948672762E-09
 6.186E-08  2.59425467386407E-09
 6.271E-08  2.66344739118381E-09
 6.356E-08  2.73448558141705E-09
 6.443E-08  2.80741846599257E-09
 6.531E-08  2.88229657914243E-09
 6.620E-08  2.95917180291613E-09
 6.711E-08  3.03809740312820E-09
 6.802E-08  3.11912806626543E-09
 6.895E-08  3.20231993737788E-09
 6.989E-08  3.28773065898005E-09
 7.085E-08  3.37541941099084E-09
 7.181E-08  3.46544695173796E-09
 7.279E-08  3.55787566005534E-09
 7.379E-08  3.65276957850476E-09
 7.479E-08  3.75019445774962E-09
 7.582E-08  3.85021780211116E-09
 7.685E-08  3.95290891634140E-09
 7.790E-08  4.05833895364298E-09
 7.896E-08  4.16658096496900E-09
 8.004E-08  4.27770994963867E-09
 8.113E-08  4.39180290730230E-09
 8.224E-08  4.50893889129270E-09
 8.336E-08  4.62919906339954E-09
 8.450E-08  4.75266675010405E-09
 8.566E-08  4.87942750031379E-09
 8.683E-08  5.00956914463783E-09
 8.801E-08  5.14318185624197E-09
 8.921E-08  5.28035821332755E-09
 9.043E-08  5.42119326327669E-09
 9.167E-08  5.56578458850808E-09
 9.292E-08  5.71423237408940E-09
 9.419E-08  5.86663947715264E-09
 9.547E-08  6.02311149816127E-09
 9.677E-08  6.18375685407772E-09
 9.810E-08  6.34868685348336E-09
 9.944E-08  6.51801577370037E-09
 1.008E-07  6.69186093997146E-09
 1.022E-07  6.87034280675154E-09
 1.036E-07  7.05358504116702E-09
 1.050E-07  7.24171460870131E-09
 1.064E-07  7.43486186116560E-09
 1.079E-07  7.63316062701628E-09
 1.093E-07  7.83674830407962E-09
 1.108E-07  8.04576595475151E-09
 1.123E-07  8.26035840373565E-09
 1.139E-07  8.48067433838725E-09
 1.154E-07  8.70686641173513E-09
 1.170E-07  8.93909134824916E-09
 1.186E-07  9.17751005243039E-09
 1.202E-07  9.42228772029689E-09
 1.219E-07  9.67359395384264E-09
 1.235E-07  9.93160287854842E-09
 1.252E-07  1.01964932640294E-08
 1.269E-07  1.04684486478978E-08
 1.287E-07  1.07476574629295E-08
 1.304E-07  1.10343131676246E-08
 1.322E-07  1.13286143802458E-08
 1.340E-07  1.16307650164352E-08
 1.358E-07  1.19409744305027E-08
 1.377E-07  1.22594575604767E-08
 1.396E-07  1.25864350770284E-08
 1.415E-07  1.29221335363686E-08
 1.434E-07  1.32667855372170E-08
 1.454E-07  1.36206298819638E-08
 1.473E-07  1.39839117421259E-08
 1.494E-07  1.43568828282182E-08
 1.514E-07  1.47398015641525E-08
 1.535E-07  1.51329332662918E-08
 1.556E-07  1.55365503272766E-08
 1.577E-07  1.59509324047550E-08
 1.598E-07  1.63763666151461E-08
 1.620E-07  1.68131477325734E-08
 1.642E-07  1.72615783931015E-08
 1.665E-07  1.77219693044177E-08
 1.687E-07  1.81946394611113E-08
 1.710E-07  1.86799163656914E-08
 1.734E-07  1.91781362554986E-08
 1.757E-07  1.96896443356704E-08
 1.781E-07  2.02147950183181E-08
 1.806E-07  2.07539521680843E-08
 1.830E-07  2.13074893542504E-08
 1.855E-07  2.18757901095628E-08
 1.881E-07  2.24592481959645E-08
 1.906E-07  2.30582678774229E-08
 1.932E-07  2.36732642000169E-08
 1.959E-07  2.43046632795050E-08
 1.986E-07  2.49529025965651E-08
 2.013E-07  2.56184312998999E-08
 2.040E-07  2.63017105174317E-08
 2.068E-07  2.70032136757949E-08
 2.096E-07  2.77234268283519E-08
 2.125E-07  2.84628489919527E-08
 2.154E-07  2.92219924926802E-08
 2.183E-07  3.00013833208141E-08
 2.213E-07  3.08015614952623E-08
 2.243E-07  3.16230814377147E-08
 2.274E-07  3.24665123567668E-08
 2.305E-07  3.33324386422982E-08
 2.336E-07  3.42214602703690E-08
 2.368E-07  3.51341932188974E-08
 2.401E-07  3.60712698944486E-08
 2.433E-07  3.70333395703918E-08
 2.467E-07  3.80210688367384E-08
 2.500E-07  3.90351420619943E-08
 2.534E-07  4.00762618673099E-08
 2.569E-07  4.11451496132890E-08
 2.604E-07  4.22425458997798E-08
 2.640E-07  4.33692110789841E-08
 2.676E-07  4.45259257822668E-08
 2.712E-07  4.57134914610059E-08
 2.749E-07  4.69327309418633E-08
 2.787E-07  4.81844889968745E-08
 2.825E-07  4.94696329287344E-08
 2.863E-07  5.07890531716984E-08
 2.903E-07  5.21436639085038E-08
 2.942E-07  5.35344037037493E-08
 2.982E-07  5.49622361541608E-08
 3.023E-07  5.64281505561975E-08
 3.064E-07  5.79331625914809E-08
 3.106E-07  5.94783150304784E-08
 3.149E-07  6.10646784549676E-08
 3.192E-07  6.26933519997780E-08
 3.235E-07  6.43654641142827E-08
 3.279E-07  6.60821733442323E-08
 3.324E-07  6.78446691344271E-08
 3.369E-07  6.96541726527815E-08
 3.415E-07  7.15119376363931E-08
 3.462E-07  7.34192512601581E-08
 3.509E-07  7.53774350285462E-08
 3.557E-07  7.73878456911819E-08
 3.606E-07  7.94518761828154E-08
 3.655E-07  8.15709565883778E-08
 3.705E-07  8.37465551337826E-08
 3.756E-07  8.59801792031230E-08
 3.807E-07  8.82733763830220E-08
 3.859E-07  9.06277355348211E-08
 3.911E-07  9.30448878953663E-08
 3.965E-07  9.55265082071569E-08
 4.019E-07  9.80743158786207E-08
 4.074E-07  1.00690076175334E-07
 4.129E-07  1.03375601443036E-07
 4.186E-07  1.06132752363224E-07
 4.243E-07  1.08963439242241E-07
 4.301E-07  1.11869623334769E-07
 4.360E-07  1.14853318202585E-07
 4.419E-07  1.17916591109561E-07
 4.479E-07  1.21061564453885E-07
 4.541E-07  1.24290417238456E-07
 4.603E-07  1.27605386580491E-07
 4.665E-07  1.31008769261412E-07
 4.729E-07  1.34502923318043E-07
 4.794E-07  1.38090269676257E-07
 4.859E-07  1.41773293828175E-07
 4.926E-07  1.45554547554116E-07
 4.993E-07  1.49436650690440E-07
 5.061E-07  1.53422292944540E-07
 5.130E-07  1.57514235758271E-07
 5.200E-07  1.61715314221026E-07
 5.271E-07  1.66028439033858E-07
 5.343E-07  1.70456598525966E-07
 5.416E-07  1.75002860724970E-07
 5.490E-07  1.79670375482401E-07
 5.565E-07  1.84462376655833E-07
 5.641E-07  1.89382184349254E-07
 5.718E-07  1.94433207213147E-07
 5.796E-07  1.99618944805955E-07
 5.875E-07  2.04942990018466E-07
 5.955E-07  2.10409031562858E-07
 6.037E-07  2.16020856528188E-07
 6.119E-07  2.21782353003918E-07
 6.202E-07  2.27697512773488E-07
 6.287E-07  2.33770434079715E-07
 6.373E-07  2.40005324463876E-07
 6.460E-07  2.46406503680554E-07
 6.548E-07  2.52978406690209E-07
 6.638E-07  2.59725586731555E-07
 6.728E-07  2.66652718475805E-07
 6.820E-07  2.73764601265111E-07
 6.913E-07  2.81066162437355E-07
 7.008E-07  2.88562460739539E-07
 7.103E-07  2.96258689832251E-07
 7.200E-07  3.04160181887563E-07
 7.298E-07  3.12272411282891E-07
 7.398E-07  3.20600998393334E-07
 7.499E-07  3.29151713485130E-07
 7.602E-07  3.37930480713008E-07
 7.705E-07  3.46943382224043E-07
 7.811E-07  3.56196662370962E-07
 7.917E-07  3.65696732037884E-07
 8.025E-07  3.75450173081296E-07
 8.135E-07  3.85463742889521E-07
 8.246E-07  3.95744379063783E-07
 8.358E-07  4.06299204224010E-07
 8.473E-07  4.17135530942877E-07
 8.588E-07  4.28260866811392E-07
 8.705E-07  4.39682919639488E-07
 8.824E-07  4.51409602795403E-07
 8.945E-07  4.63449040687382E-07
 9.067E-07  4.75809574391527E-07
 9.191E-07  4.88499767429785E-07
 9.316E-07  5.01528411701867E-07
 9.443E-07  5.14904533575517E-07
 9.572E-07  5.28637400139107E-07
 9.703E-07  5.42736525620811E-07
 9.835E-07  5.57211677979265E-07
 9.970E-07  5.72072885669629E-07
 1.011E-06  5.87330444590229E-07
 1.024E-06  6.02994925214488E-07
 1.038E-06  6.19077179912857E-07
 1.053E-06  6.35588350470079E-07
 1.067E-06  6.52539875802927E-07
 1.081E-06  6.69943499883611E-07
 1.096E-06  6.87811279874549E-07
 1.111E-06  7.06155594480070E-07
 1.126E-06  7.24989152520682E-07
 1.142E-06  7.44325001735978E-07
 1.157E-06  7.64176537822482E-07
 1.173E-06  7.84557513712108E-07
 1.189E-06  8.05482049098229E-07
 1.205E-06  8.26964640215977E-07
 1.222E-06  8.49020169882644E-07
 1.239E-06  8.71663917806380E-07
 1.255E-06  8.94911571169724E-07
 1.273E-06  9.18779235494951E-07
 1.290E-06  9.43283445799352E-07
 1.308E-06  9.68441178047933E-07
 1.325E-06  9.94269860911539E-07
 1.344E-06  1.02078738783835E-06
 1.362E-06  1.04801212944706E-06
 1.380E-06  1.07596294625095E-06
 1.399E-06  1.10465920172093E-06
 1.418E-06  1.13412077569656E-06
 1.438E-06  1.16436807815534E-06
 1.457E-06  1.19542206334852E-06
 1.477E-06  1.22730424431383E-06
 1.497E-06  1.26003670777559E-06
 1.518E-06  1.29364212944151E-06
 1.539E-06  1.32814378970771E-06
 1.560E-06  1.36356558978218E-06
 1.581E-06  1.39993206823823E-06
 1.603E-06  1.43726841800946E-06
 1.624E-06  1.47560050383728E-06
 1.647E-06  1.51495488018409E-06
 1.669E-06  1.55535880962382E-06
 1.692E-06  1.59684028172285E-06
 1.715E-06  1.63942803242393E-06
 1.738E-06  1.68315156394744E-06
 1.762E-06  1.72804116522265E-06
 1.786E-06  1.77412793286417E-06
 1.811E-06  1.82144379270733E-06
 1.835E-06  1.87002152191724E-06
 1.860E-06  1.91989477168815E-06
 1.886E-06  1.97109809054745E-06
 1.911E-06  2.02366694828067E-06
 1.938E-06  2.07763776049461E-06
 1.964E-06  2.13304791383526E-06
 1.991E-06  2.18993579187802E-06
 2.018E-06  2.24834080170761E-06
 2.046E-06  2.30830340120712E-06
 2.073E-06  2.36986512707429E-06
 2.102E-06  2.43306862358434E-06
 2.130E-06  2.49795767212007E-06
 2.160E-06  2.56457722148863E-06
 2.189E-06  2.63297341904652E-06
 2.219E-06  2.70319364265450E-06
 2.249E-06  2.77528653348408E-06
 2.280E-06  2.84930202969869E-06
 2.311E-06  2.92529140103180E-06
 2.343E-06  3.00330728428825E-06
 2.375E-06  3.08340371979057E-06
 2.407E-06  3.16563618879698E-06
 2.440E-06  3.25006165191752E-06
 2.473E-06  3.33673858855296E-06
 2.507E-06  3.42572703738615E-06
 2.541E-06  3.51708863795142E-06
 2.576E-06  3.61088667331231E-06
 2.611E-06  3.70718611387795E-06
 2.647E-06  3.80605366238571E-06
 2.683E-06  3.90755780008296E-06
 2.719E-06  4.01176883414098E-06
 2.757E-06  4.11875894633075E-06
 2.794E-06  4.22860224299766E-06
 2.832E-06  4.34137480636747E-06
 2.871E-06  4.45715474721860E-06
 2.910E-06  4.57602225896034E-06
 2.950E-06  4.69805967315040E-06
 2.990E-06  4.82335151649298E-06
 3.031E-06  4.95198456935567E-06
 3.072E-06  5.08404792584571E-06
 3.114E-06  5.21963305548763E-06
 3.157E-06  5.35883386654357E-06
 3.200E-06  5.50174677102224E-06
 3.244E-06  5.64847075141985E-06
 3.288E-06  5.79910742923918E-06
 3.333E-06  5.95376113533435E-06
 3.378E-06  6.11253898213188E-06
 3.424E-06  6.27555093777449E-06
 3.471E-06  6.44290990224009E-06
 3.519E-06  6.61473178549160E-06
 3.567E-06  6.79113558770703E-06
 3.615E-06  6.97224348164795E-06
 3.665E-06  7.15818089722339E-06
 3.715E-06  7.34907660830529E-06
 3.765E-06  7.54506282185982E-06
 3.817E-06  7.74627526945128E-06
 3.869E-06  7.95285330118395E-06
 3.922E-06  8.16493998214931E-06
 3.975E-06  8.38268219144078E-06
 4.030E-06  8.60623072380669E-06
 4.085E-06  8.83574039401313E-06
 4.140E-06  9.07137014398517E-06
 4.197E-06  9.31328315280403E-06
 4.254E-06  9.56164694963423E-06
 4.312E-06  9.81663352965905E-06
 4.371E-06  1.00784194731050E-05
 4.431E-06  1.03471860674377E-05
 4.491E-06  1.06231194328119E-05
 4.553E-06  1.09064106508621E-05
 4.615E-06  1.11972558969283E-05
 4.678E-06  1.14958565758012E-05
 4.742E-06  1.18024194610817E-05
 4.806E-06  1.21171568382570E-05
 4.872E-06  1.24402866515840E-05
 4.938E-06  1.27720326548874E-05
 5.006E-06  1.31126245663745E-05
 5.074E-06  1.34622982275700E-05
 5.144E-06  1.38212957664908E-05
 5.214E-06  1.41898657651604E-05
 5.285E-06  1.45682634315881E-05
 5.357E-06  1.49567507763299E-05
 5.430E-06  1.53555967937482E-05
 5.504E-06  1.57650776481005E-05
 5.579E-06  1.61854768645863E-05
 5.656E-06  1.66170855254791E-05
 5.733E-06  1.70602024714812E-05
 5.811E-06  1.75151345084444E-05
 5.890E-06  1.79821966195910E-05
 5.971E-06  1.84617121833902E-05
 6.052E-06  1.89540131972327E-05
 6.135E-06  1.94594405070650E-05
 6.219E-06  1.99783440431353E-05
 6.304E-06  2.05110830620179E-05
 6.390E-06  2.10580263950816E-05
 6.477E-06  2.16195527035757E-05
 6.565E-06  2.21960507405046E-05
 6.655E-06  2.27879196194743E-05
 6.746E-06  2.33955690907015E-05
 6.838E-06  2.40194198243687E-05
 6.931E-06  2.46599037015178E-05
 7.026E-06  2.53174641126951E-05
 7.122E-06  2.59925562645453E-05
 7.219E-06  2.66856474945613E-05
 7.318E-06  2.73972175942214E-05
 7.418E-06  2.81277591407209E-05
 7.519E-06  2.88777778375402E-05
 7.622E-06  2.96477928640699E-05
 7.726E-06  3.04383372345502E-05
 7.831E-06  3.12499581665611E-05
 7.938E-06  3.20832174593134E-05
 8.046E-06  3.29386918820229E-05
 8.156E-06  3.38169735726049E-05
 8.268E-06  3.47186704469857E-05
 8.380E-06  3.56444066193155E-05
 8.495E-06  3.65948228333477E-05
 8.611E-06  3.75705769053053E-05
 8.728E-06  3.85723441785374E-05
 8.848E-06  3.96008179902646E-05
 8.968E-06  4.06567101507490E-05
 9.091E-06  4.17407514352094E-05
 9.215E-06  4.28536920888340E-05
 9.341E-06  4.39963023452146E-05
 9.468E-06  4.51693729585869E-05
 9.597E-06  4.63737157502253E-05
 9.729E-06  4.76101641693668E-05
 9.861E-06  4.88795738690734E-05
 9.996E-06  5.01828232973955E-05
 1.013E-05  5.15208143042660E-05
 1.027E-05  5.28944727645441E-05
 1.041E-05  5.43047492176258E-05
 1.055E-05  5.57526195240550E-05
 1.070E-05  5.72390855396241E-05
 1.084E-05  5.87651758073763E-05
 1.099E-05  6.03319462680196E-05
 1.114E-05  6.19404809892440E-05
 1.129E-05  6.35918929144151E-05
 1.145E-05  6.52873246311879E-05
 1.160E-05  6.70279491605523E-05
 1.176E-05  6.88149707668603E-05
 1.192E-05  7.06496257893870E-05
 1.209E-05  7.25331834960042E-05
 1.225E-05  7.44669469595462E-05
 1.242E-05  7.64522539574680E-05
 1.259E-05  7.84904778954288E-05
 1.276E-05  8.05830287554262E-05
 1.293E-05  8.27313540691110E-05
 1.311E-05  8.49369399169960E-05
 1.329E-05  8.72013119542153E-05
 1.347E-05  8.95260364635320E-05
 1.365E-05  9.19127214363537E-05
 1.384E-05  9.43630176824437E-05
 1.403E-05  9.68786199691459E-05
 1.422E-05  9.94612681908752E-05
 1.442E-05  1.02112748569658E-04
 1.461E-05  1.04834894887606E-04
 1.481E-05  1.07629589752110E-04
 1.501E-05  1.10498765894638E-04
 1.522E-05  1.13444407504056E-04
 1.543E-05  1.16468551595351E-04
 1.564E-05  1.19573289414710E-04
 1.585E-05  1.22760767881917E-04
 1.607E-05  1.26033191071064E-04
 1.629E-05  1.29392821730578E-04
 1.651E-05  1.32841982843604E-04
 1.673E-05  1.36383059229835E-04
 1.696E-05  1.40018499189887E-04
 1.719E-05  1.43750816193287E-04
 1.743E-05  1.47582590611311E-04
 1.767E-05  1.51516471495812E-04
 1.791E-05  1.55555178405271E-04
 1.815E-05  1.59701503279314E-04
 1.840E-05  1.63958312362966E-04
 1.865E-05  1.68328548182012E-04
 1.891E-05  1.72815231570739E-04
 1.916E-05  1.77421463753508E-04
 1.943E-05  1.82150428481555E-04
 1.969E-05  1.87005394226492E-04
 1.996E-05  1.91989716431971E-04
 2.023E-05  1.97106839825136E-04
 2.051E-05  2.02360300789342E-04
 2.079E-05  2.07753729799827E-04
 2.107E-05  2.13290853923972E-04
 2.136E-05  2.18975499387909E-04
 2.165E-05  2.24811594211139E-04
 2.195E-05  2.30803170911016E-04
 2.225E-05  2.36954369278992E-04
 2.255E-05  2.43269439230391E-04
 2.286E-05  2.49752743729801E-04
 2.317E-05  2.56408761793945E-04
 2.349E-05  2.63242091574175E-04
 2.381E-05  2.70257453520699E-04
 2.413E-05  2.77459693630561E-04
 2.446E-05  2.84853786781788E-04
 2.480E-05  2.92444840155848E-04
 2.514E-05  3.00238096750737E-04
 2.548E-05  3.08238938987183E-04
 2.583E-05  3.16452892410364E-04
 2.618E-05  3.24885629489631E-04
 2.654E-05  3.33542973518941E-04
 2.690E-05  3.42430902620481E-04
 2.727E-05  3.51555553854341E-04
 2.764E-05  3.60923227437064E-04
 2.802E-05  3.70540391071736E-04
 2.840E-05  3.80413684392783E-04
 2.879E-05  3.90549923528427E-04
 2.918E-05  4.00956105783821E-04
 2.958E-05  4.11639414448127E-04
 2.998E-05  4.22607223728863E-04
 3.039E-05  4.33867103816630E-04
 3.080E-05  4.45426826083967E-04
 3.123E-05  4.57294368421653E-04
 3.165E-05  4.69477920716164E-04
 3.208E-05  4.81985890471928E-04
 3.252E-05  4.94826908582217E-04
 3.297E-05  5.08009835252776E-04
 3.342E-05  5.21543766081832E-04
 3.387E-05  5.35438038300885E-04
 3.433E-05  5.49702237180478E-04
 3.480E-05  5.64346202605125E-04
 3.528E-05  5.79380035822108E-04
 3.576E-05  5.94814106368407E-04
 3.625E-05  6.10659059180674E-04
 3.674E-05  6.26925821892996E-04
 3.724E-05  6.43625612327329E-04
 3.775E-05  6.60769946181724E-04
 3.827E-05  6.78370644921508E-04
 3.879E-05  6.96439843878826E-04
 3.932E-05  7.14990000565815E-04
 3.986E-05  7.34033903207249E-04
 4.040E-05  7.53584679498274E-04
 4.095E-05  7.73655805593247E-04
 4.151E-05  7.94261115331437E-04
 4.208E-05  8.15414809706394E-04
 4.265E-05  8.37131466584724E-04
 4.324E-05  8.59426050681100E-04
 4.383E-05  8.82313923796438E-04
 4.442E-05  9.05810855325553E-04
 4.503E-05  9.29933033042042E-04
 4.565E-05  9.54697074167140E-04
 4.627E-05  9.80120036730167E-04
 4.690E-05  1.00621943122814E-03
 4.754E-05  1.03301323259255E-03
 4.819E-05  1.06051989247109E-03
 4.885E-05  1.08875835183271E-03
 4.951E-05  1.11774805390438E-03
 5.019E-05  1.14750895744838E-03
 5.088E-05  1.17806155038881E-03
 5.157E-05  1.20942686379649E-03
 5.227E-05  1.24162648624186E-03
 5.299E-05  1.27468257852496E-03
 5.371E-05  1.30861788879282E-03
 5.445E-05  1.34345576805422E-03
 5.519E-05  1.37922018610202E-03
 5.594E-05  1.41593574785393E-03
 5.671E-05  1.45362771012232E-03
 5.748E-05  1.49232199882468E-03
 5.826E-05  1.53204522664567E-03
 5.906E-05  1.57282471116296E-03
 5.987E-05  1.61468849344882E-03
 6.068E-05  1.65766535715972E-03
 6.151E-05  1.70178484812636E-03
 6.235E-05  1.74707729445806E-03
 6.320E-05  1.79357382717392E-03
 6.407E-05  1.84130640137484E-03
 6.494E-05  1.89030781797032E-03
 6.583E-05  1.94061174597454E-03
 6.673E-05  1.99225274538704E-03
 6.764E-05  2.04526629067145E-03
 6.856E-05  2.09968879484979E-03
 6.950E-05  2.15555763422733E-03
 7.045E-05  2.21291117376390E-03
 7.141E-05  2.27178879310976E-03
 7.238E-05  2.33223091332140E-03
 7.337E-05  2.39427902427655E-03
 7.437E-05  2.45797571280569E-03
 7.539E-05  2.52336469155841E-03
 7.642E-05  2.59049082862398E-03
 7.746E-05  2.65940017792549E-03
 7.852E-05  2.73014001040773E-03
 7.959E-05  2.80275884603871E-03
 8.068E-05  2.87730648664623E-03
 8.178E-05  2.95383404961138E-03
 8.289E-05  3.03239400244029E-03
 8.403E-05  3.11304019823695E-03
 8.517E-05  3.19582791210088E-03
 8.634E-05  3.28081387847261E-03
 8.751E-05  3.36805632945178E-03
 8.871E-05  3.45761503411323E-03
 8.992E-05  3.54955133884562E-03
 9.115E-05  3.64392820873967E-03
 9.239E-05  3.74081027005322E-03
 9.365E-05  3.84026385377958E-03
 9.493E-05  3.94235704034875E-03
 9.623E-05  4.04715970548943E-03
 9.754E-05  4.15474356728211E-03
 9.887E-05  4.26518223443378E-03
 1.002E-04  4.37855125580530E-03
 1.016E-04  4.49492817122297E-03
 1.030E-04  4.61439256360833E-03
 1.044E-04  4.73702611245831E-03
 1.058E-04  4.86291264871113E-03
 1.073E-04  4.99213821103373E-03
 1.087E-04  5.12479110356529E-03
 1.102E-04  5.26096195515508E-03
 1.117E-04  5.40074378013292E-03
 1.132E-04  5.54423204065024E-03
 1.148E-04  5.69152471063205E-03
 1.163E-04  5.84272234138103E-03
 1.179E-04  5.99792812887563E-03
 1.195E-04  6.15724798280338E-03
 1.212E-04  6.32079059737665E-03
 1.228E-04  6.48866752397318E-03
 1.245E-04  6.66099324564819E-03
 1.262E-04  6.83788525356629E-03
 1.279E-04  7.01946412540034E-03
 1.297E-04  7.20585360574764E-03
 1.314E-04  7.39718068861432E-03
 1.332E-04  7.59357570202051E-03
 1.351E-04  7.79517239477677E-03
 1.369E-04  8.00210802549095E-03
 1.388E-04  8.21452345385814E-03
 1.407E-04  8.43256323429108E-03
 1.426E-04  8.65637571195197E-03
 1.445E-04  8.88611312124452E-03
 1.465E-04  9.12193168682574E-03
 1.485E-04  9.36399172720424E-03
 1.505E-04  9.61245776098741E-03
 1.526E-04  9.86749861584378E-03
 1.547E-04  1.01292875402486E-02
 1.568E-04  1.03980023180809E-02
 1.589E-04  1.06738253861456E-02
 1.611E-04  1.09569439546897E-02
 1.633E-04  1.12475501309899E-02
 1.655E-04  1.15458410460862E-02
 1.678E-04  1.18520189847392E-02
 1.701E-04  1.21662915186934E-02
 1.724E-04  1.24888716433238E-02
 1.748E-04  1.28199779177525E-02
 1.771E-04  1.31598346085215E-02
 1.796E-04  1.35086718369065E-02
 1.820E-04  1.38667257299619E-02
 1.845E-04  1.42342385753910E-02
 1.870E-04  1.46114589803327E-02
 1.896E-04  1.49986420341603E-02
 1.922E-04  1.53960494753940E-02
 1.948E-04  1.58039498628239E-02
 1.974E-04  1.62226187509467E-02
 2.001E-04  1.66523388698251E-02
 2.029E-04  1.70934003094718E-02
 2.056E-04  1.75461007088709E-02
 2.084E-04  1.80107454497508E-02
 2.113E-04  1.84876478552208E-02
 2.142E-04  1.89771293933913E-02
 2.171E-04  1.94795198860936E-02
 2.201E-04  1.99951577228287E-02
 2.231E-04  2.05243900800689E-02
 2.261E-04  2.10675731460352E-02
 2.292E-04  2.16250723510907E-02
 2.323E-04  2.21972626038767E-02
 2.355E-04  2.27845285333365E-02
 2.387E-04  2.33872647367596E-02
 2.420E-04  2.40058760339927E-02
 2.453E-04  2.46407777279708E-02
 2.486E-04  2.52923958717090E-02
 2.520E-04  2.59611675419072E-02
 2.555E-04  2.66475411193366E-02
 2.589E-04  2.73519765761556E-02
 2.625E-04  2.80749457703239E-02
 2.661E-04  2.88169327472783E-02
 2.697E-04  2.95784340490479E-02
 2.734E-04  3.03599590309730E-02
 2.771E-04  3.11620301862111E-02
 2.809E-04  3.19851834782142E-02
 2.847E-04  3.28299686813522E-02
 2.886E-04  3.36969497298876E-02
 2.926E-04  3.45867050754760E-02
 2.965E-04  3.54998280534074E-02
 3.006E-04  3.64369272577762E-02
 3.047E-04  3.73986269257866E-02
 3.089E-04  3.83855673314202E-02
 3.131E-04  3.93984051886517E-02
 3.174E-04  4.04378140644497E-02
 3.217E-04  4.15044848017808E-02
 3.261E-04  4.25991259528483E-02
 3.305E-04  4.37224642227828E-02
 3.350E-04  4.48752449240335E-02
 3.396E-04  4.60582324417012E-02
 3.442E-04  4.72722107100493E-02
 3.489E-04  4.85179837004498E-02
 3.537E-04  4.97963759210147E-02
 3.585E-04  5.11082329281816E-02
 3.634E-04  5.24544218505002E-02
 3.684E-04  5.38358319249087E-02
 3.734E-04  5.52533750457635E-02
 3.785E-04  5.67079863269069E-02
 3.837E-04  5.82006246770502E-02
 3.889E-04  5.97322733887646E-02
 3.942E-04  6.13039407413924E-02
 3.996E-04  6.29166606181464E-02
 4.051E-04  6.45714931377251E-02
 4.106E-04  6.62695253007612E-02
 4.162E-04  6.80118716513880E-02
 4.219E-04  6.97996749542860E-02
 4.277E-04  7.16341068875076E-02
 4.335E-04  7.35163687514128E-02
 4.394E-04  7.54476921940885E-02
 4.454E-04  7.74293399535394E-02
 4.515E-04  7.94626066170484E-02
 4.577E-04  8.15488193980421E-02
 4.639E-04  8.36893389308065E-02
 4.702E-04  8.58855600834590E-02
 4.767E-04  8.81389127895021E-02
 4.832E-04  9.04508628983599E-02
 4.898E-04  9.28229130452900E-02
 4.965E-04  9.52566035410267E-02
 5.032E-04  9.77535132815767E-02
 5.101E-04  1.00315260678558E-01
 5.171E-04  1.02943504610486E-01
 5.241E-04  1.05639945395403E-01
 5.313E-04  1.08406325785282E-01
 5.385E-04  1.11244431982635E-01
 5.459E-04  1.14156094679717E-01
 5.533E-04  1.17143190120784E-01
 5.609E-04  1.20207641187826E-01
 5.686E-04  1.23351418510228E-01
 5.763E-04  1.26576541598795E-01
 5.842E-04  1.29885080004578E-01
 5.922E-04  1.33279154502988E-01
 6.002E-04  1.36760938303617E-01
 6.084E-04  1.40332658286261E-01
 6.167E-04  1.43996596263597E-01
 6.252E-04  1.47755090270980E-01
 6.337E-04  1.51610535883831E-01
 6.423E-04  1.55565387563117E-01
 6.511E-04  1.59622160029393E-01
 6.600E-04  1.63783429665848E-01
 6.690E-04  1.68051835950910E-01
 6.782E-04  1.72430082920861E-01
 6.874E-04  1.76920940662925E-01
 6.968E-04  1.81527246839385E-01
 7.063E-04  1.86251908243182E-01
 7.160E-04  1.91097902385476E-01
 7.257E-04  1.96068279115690E-01
 7.356E-04  2.01166162274541E-01
 7.457E-04  2.06394751380531E-01
 7.559E-04  2.11757323350352E-01
 7.662E-04  2.17257234253805E-01
 7.766E-04  2.22897921103634E-01
 7.872E-04  2.28682903680766E-01
 7.980E-04  2.34615786395470E-01
 8.089E-04  2.40700260184948E-01
 8.199E-04  2.46940104447737E-01
 8.311E-04  2.53339189015484E-01
 8.425E-04  2.59901476162534E-01
 8.540E-04  2.66631022653747E-01
 8.656E-04  2.73531981831076E-01
 8.774E-04  2.80608605739265E-01
 8.894E-04  2.87865247291174E-01
 9.016E-04  2.95306362473109E-01
 9.139E-04  3.02936512590570E-01
 9.264E-04  3.10760366554866E-01
 9.390E-04  3.18782703210916E-01
 9.518E-04  3.27008413706674E-01
 9.648E-04  3.35442503904510E-01
 9.780E-04  3.44090096834847E-01
 9.913E-04  3.52956435192455E-01
 1.005E-03  3.62046883875678E-01
 1.019E-03  3.71366932568825E-01
 1.032E-03  3.80922198368072E-01
 1.047E-03  3.90718428451057E-01
 1.061E-03  4.00761502790383E-01
 1.075E-03  4.11057436911242E-01
 1.090E-03  4.21612384693313E-01
 1.105E-03  4.32432641216998E-01
 1.120E-03  4.43524645654195E-01
 1.135E-03  4.54894984203600E-01
 1.151E-03  4.66550393070537E-01
 1.167E-03  4.78497761491384E-01
 1.182E-03  4.90744134802478E-01
 1.199E-03  5.03296717553363E-01
 1.215E-03  5.16162876664355E-01
 1.232E-03  5.29350144628161E-01
 1.248E-03  5.42866222755223E-01
 1.265E-03  5.56718984462660E-01
 1.283E-03  5.70916478606365E-01
 1.300E-03  5.85466932855813E-01
 1.318E-03  6.00378757111164E-01
 1.336E-03  6.15660546962101E-01
 1.354E-03  6.31321087187833E-01
 1.373E-03  6.47369355297525E-01
 1.391E-03  6.63814525110420E-01
 1.410E-03  6.80665970374863E-01
 1.430E-03  6.97933268425265E-01
 1.449E-03  7.15626203876086E-01
 1.469E-03  7.33754772351600E-01
 1.489E-03  7.52329184250425E-01
 1.509E-03  7.71359868543484E-01
 1.530E-03  7.90857476603928E-01
 1.551E-03  8.10832886067686E-01
 1.572E-03  8.31297204722947E-01
 1.593E-03  8.52261774426837E-01
 1.615E-03  8.73738175047543E-01
 1.637E-03  8.95738228429906E-01
 1.660E-03  9.18274002382295E-01
 1.682E-03  9.41357814682668E-01
 1.705E-03  9.65002237101386E-01
 1.729E-03  9.89220099438259E-01
 1.752E-03  1.01402449357118E+00
 1.776E-03  1.03942877751351E+00
 1.800E-03  1.06544657947724E+00
 1.825E-03  1.09209180193878E+00
 1.850E-03  1.11937862570393E+00
 1.875E-03  1.14732151396873E+00
 1.901E-03  1.17593521637226E+00
 1.927E-03  1.20523477303755E+00
 1.953E-03  1.23523551859661E+00
 1.980E-03  1.26595308619511E+00
 2.007E-03  1.29740341147218E+00
 2.034E-03  1.32960273651064E+00
 2.062E-03  1.36256761375265E+00
 2.090E-03  1.39631490987550E+00
 2.118E-03  1.43086180962206E+00
 2.147E-03  1.46622581958012E+00
 2.177E-03  1.50242477190479E+00
 2.206E-03  1.53947682797740E+00
 2.236E-03  1.57740048199448E+00
 2.267E-03  1.61621456448013E+00
 2.298E-03  1.65593824571421E+00
 2.329E-03  1.69659103906944E+00
 2.361E-03  1.73819280424914E+00
 2.393E-03  1.78076375041779E+00
 2.426E-03  1.82432443921601E+00
 2.459E-03  1.86889578765097E+00
 2.493E-03  1.91449907085331E+00
 2.527E-03  1.96115592469107E+00
 2.561E-03  2.00888834823062E+00
 2.596E-03  2.05771870603458E+00
 2.632E-03  2.10766973028601E+00
 2.668E-03  2.15876452272773E+00
 2.704E-03  2.21102655640567E+00
 2.741E-03  2.26447967720420E+00
 2.778E-03  2.31914810516111E+00
 2.816E-03  2.37505643554983E+00
 2.855E-03  2.43222963971554E+00
 2.894E-03  2.49069306565166E+00
 2.933E-03  2.55047243830285E+00
 2.973E-03  2.61159385957967E+00
 3.014E-03  2.67408380807032E+00
 3.055E-03  2.73796913843397E+00
 3.097E-03  2.80327708045928E+00
 3.139E-03  2.87003523777242E+00
 3.182E-03  2.93827158617718E+00
 3.225E-03  3.00801447160975E+00
 3.269E-03  3.07929260769065E+00
 3.314E-03  3.15213507285477E+00
 3.359E-03  3.22657130704101E+00
 3.405E-03  3.30263110792197E+00
 3.452E-03  3.38034462665338E+00
 3.499E-03  3.45974236312306E+00
 3.546E-03  3.54085516067831E+00
 3.595E-03  3.62371420030973E+00
 3.644E-03  3.70835099427000E+00
 3.694E-03  3.79479737910457E+00
 3.744E-03  3.88308550807081E+00
 3.795E-03  3.97324784292264E+00
 3.847E-03  4.06531714503593E+00
 3.900E-03  4.15932646584994E+00
 3.953E-03  4.25530913659997E+00
 4.007E-03  4.35329875731490E+00
 4.061E-03  4.45332918505404E+00
 4.117E-03  4.55543452135654E+00
 4.173E-03  4.65964909887563E+00
 4.230E-03  4.76600746717104E+00
 4.288E-03  4.87454437763117E+00
 4.346E-03  4.98529476749636E+00
 4.406E-03  5.09829374295552E+00
 4.466E-03  5.21357656128580E+00
 4.527E-03  5.33117861200692E+00
 4.589E-03  5.45113539701984E+00
 4.651E-03  5.57348250970028E+00
 4.715E-03  5.69825561291657E+00
 4.779E-03  5.82549041594149E+00
 4.844E-03  5.95522265022814E+00
 4.911E-03  6.08748804401842E+00
 4.978E-03  6.22232229575412E+00
 5.046E-03  6.35976104625989E+00
 5.114E-03  6.49983984966716E+00
 5.184E-03  6.64259414304903E+00
 5.255E-03  6.78805921473561E+00
 5.327E-03  6.93627017127973E+00
 5.400E-03  7.08726190304346E+00
 5.473E-03  7.24106904837633E+00
 5.548E-03  7.39772595635577E+00
 5.624E-03  7.55726664806240E+00
 5.700E-03  7.71972477636173E+00
 5.778E-03  7.88513358416613E+00
 5.857E-03  8.05352586115067E+00
 5.937E-03  8.22493389889743E+00
 6.018E-03  8.39938944444552E+00
 6.100E-03  8.57692365222261E+00
 6.184E-03  8.75756703433719E+00
 6.268E-03  8.94134940921170E+00
 6.354E-03  9.12829984853744E+00
 6.440E-03  9.31844662253493E+00
 6.528E-03  9.51181714350456E+00
 6.617E-03  9.70843790765499E+00
 6.708E-03  9.90833443519797E+00
 6.799E-03  1.01115312087015E+01
 6.892E-03  1.03180516096955E+01
 6.986E-03  1.05279178535269E+01
 7.082E-03  1.07411509224627E+01
 7.178E-03  1.09577704970452E+01
 7.276E-03  1.11777948857046E+01
 7.376E-03  1.14012409526383E+01
 7.476E-03  1.16281240439696E+01
 7.578E-03  1.18584579122040E+01
 7.682E-03  1.20922546390029E+01
 7.787E-03  1.23295245563008E+01
 7.893E-03  1.25702761657954E+01
 8.001E-03  1.28145160568463E+01
 8.110E-03  1.30622488228208E+01
 8.221E-03  1.33134769759330E+01
 8.333E-03  1.35682008606271E+01
 8.447E-03  1.38264185655598E+01
 8.562E-03  1.40881258342463E+01
 8.679E-03  1.43533159744379E+01
 8.798E-03  1.46219797663068E+01
 8.918E-03  1.48941053695206E+01
 9.039E-03  1.51696782292966E+01
 9.163E-03  1.54486809815325E+01
 9.288E-03  1.57310933571183E+01
 9.415E-03  1.60168920855427E+01
 9.543E-03  1.63060507979145E+01
 9.674E-03  1.65985399295298E+01
 9.806E-03  1.68943266221210E+01
 9.940E-03  1.71933746259385E+01
 1.008E-02  1.74956442018199E+01
 1.021E-02  1.78010920234126E+01
 1.035E-02  1.81096710797284E+01
 1.049E-02  1.84213305782152E+01
 1.064E-02  1.87360158485417E+01
 1.078E-02  1.90536682473049E+01
 1.093E-02  1.93742250638755E+01
 1.108E-02  1.96976194276126E+01
 1.123E-02  2.00237802166861E+01
 1.138E-02  2.03526319687584E+01
 1.154E-02  2.06840947937895E+01
 1.170E-02  2.10180842892365E+01
 1.186E-02  2.13545114579361E+01
 1.202E-02  2.16932826289660E+01
 1.218E-02  2.20342993817938E+01
 1.235E-02  2.23774584740343E+01
 1.252E-02  2.27226517731474E+01
 1.269E-02  2.30697661924191E+01
 1.286E-02  2.34186836315811E+01
 1.304E-02  2.37692809224358E+01
 1.321E-02  2.41214297798618E+01
 1.339E-02  2.44749967585880E+01
 1.358E-02  2.48298432161369E+01
 1.376E-02  2.51858252823404E+01
 1.395E-02  2.55427938358508E+01
 1.414E-02  2.59005944880697E+01
 1.433E-02  2.62590675749327E+01
 1.453E-02  2.66180481569918E+01
 1.473E-02  2.69773660282467E+01
 1.493E-02  2.73368457341816E+01
 1.513E-02  2.76963065994697E+01
 1.534E-02  2.80555627658144E+01
 1.555E-02  2.84144232403957E+01
 1.576E-02  2.87726919553984E+01
 1.598E-02  2.91301678390944E+01
 1.619E-02  2.94866448989575E+01
 1.642E-02  2.98419123172820E+01
 1.664E-02  3.01957545597798E+01
 1.687E-02  3.05479514976205E+01
 1.710E-02  3.08982785433798E+01
 1.733E-02  3.12465068013464E+01
 1.757E-02  3.15924032326367E+01
 1.781E-02  3.19357308355472E+01
 1.805E-02  3.22762488415678E+01
 1.830E-02  3.26137129274587E+01
 1.855E-02  3.29478754437791E+01
 1.880E-02  3.32784856602352E+01
 1.906E-02  3.36052900281899E+01
 1.932E-02  3.39280324606560E+01
 1.958E-02  3.42464546300626E+01
 1.985E-02  3.45602962840571E+01
 2.012E-02  3.48692955795697E+01
 2.039E-02  3.51731894353321E+01
 2.067E-02  3.54717139030033E+01
 2.095E-02  3.57646045570120E+01
 2.124E-02  3.60515969031800E+01
 2.153E-02  3.63324268061436E+01
 2.182E-02  3.66068309355355E+01
 2.212E-02  3.68745472308377E+01
 2.242E-02  3.71353153847550E+01
 2.273E-02  3.73888773448979E+01
 2.304E-02  3.76349778334983E+01
 2.335E-02  3.78733648848132E+01
 2.367E-02  3.81037903998000E+01
 2.400E-02  3.83260107175695E+01
 2.432E-02  3.85397872030493E+01
 2.466E-02  3.87448868502027E+01
 2.499E-02  3.89410829000695E+01
 2.533E-02  3.91281554728020E+01
 2.568E-02  3.93058922127844E+01
 2.603E-02  3.94740889458268E+01
 2.639E-02  3.96325503473306E+01
 2.675E-02  3.97810906202258E+01
 2.711E-02  3.99195341813778E+01
 2.748E-02  4.00477163550627E+01
 2.786E-02  4.01654840720036E+01
 2.824E-02  4.02726965723591E+01
 2.862E-02  4.03692261109457E+01
 2.901E-02  4.04549586628745E+01
 2.941E-02  4.05297946276721E+01
 2.981E-02  4.05936495298521E+01
 3.022E-02  4.06464547137974E+01
 3.063E-02  4.06881580307100E+01
 3.105E-02  4.07187245152822E+01
 3.147E-02  4.07381370496433E+01
 3.190E-02  4.07463970120378E+01
 3.234E-02  4.07435249075985E+01
 3.278E-02  4.07295609784883E+01
 3.323E-02  4.07045657905962E+01
 3.368E-02  4.06686207938978E+01
 3.414E-02  4.06218288535136E+01
 3.461E-02  4.05643147484324E+01
 3.508E-02  4.04962256348087E+01
 3.556E-02  4.04177314706900E+01
 3.604E-02  4.03290253989896E+01
 3.654E-02  4.02303240854877E+01
 3.703E-02  4.01218680086213E+01
 3.754E-02  4.00039216978143E+01
 3.805E-02  3.98767739171003E+01
 3.857E-02  3.97407377908075E+01
 3.910E-02  3.95961508680999E+01
 3.963E-02  3.94433751232170E+01
 4.017E-02  3.92827968883099E+01
 4.072E-02  3.91148267158458E+01
 4.128E-02  3.89398991676463E+01
 4.184E-02  3.87584725277310E+01
 4.241E-02  3.85710284362653E+01
 4.299E-02  3.83780714420565E+01
 4.358E-02  3.81801284712026E+01
 4.417E-02  3.79777482096868E+01
 4.478E-02  3.77715003979064E+01
 4.539E-02  3.75619750353536E+01
 4.601E-02  3.73497814939020E+01
 4.664E-02  3.71355475384215E+01
 4.727E-02  3.69199182537214E+01
 4.792E-02  3.67035548771290E+01
 4.857E-02  3.64871335363296E+01
 4.924E-02  3.62713438924403E+01
 4.991E-02  3.60568876886467E+01
 5.059E-02  3.58444772051151E+01
 5.128E-02  3.56348336212868E+01
 5.198E-02  3.54286852870770E+01
 5.269E-02  3.52267659049305E+01
 5.341E-02  3.50298126251295E+01
 5.414E-02  3.48385640572076E+01
 5.488E-02  3.46537582007924E+01
 5.563E-02  3.44761302996825E+01
 5.639E-02  3.43064106234458E+01
 5.716E-02  3.41453221813298E+01
 5.794E-02  3.39935783737676E+01
 5.873E-02  3.38518805872679E+01
 5.953E-02  3.37209157389809E+01
 6.034E-02  3.36013537777283E+01
 6.116E-02  3.34938451487865E+01
 6.200E-02  3.33990182301940E+01
 6.285E-02  3.33174767488376E+01
 6.370E-02  3.32497971850317E+01
 6.457E-02  3.31965261747599E+01
 6.546E-02  3.31581779191715E+01
 6.635E-02  3.31352316113408E+01
 6.725E-02  3.31281288906748E+01
 6.817E-02  3.31372713357128E+01
 6.910E-02  3.31630180063853E+01
 7.005E-02  3.32056830470874E+01
 7.100E-02  3.32655333621748E+01
 7.197E-02  3.33427863757016E+01
 7.296E-02  3.34376078873836E+01
 7.395E-02  3.35501100368957E+01
 7.496E-02  3.36803493886766E+01
 7.598E-02  3.38283251494361E+01
 7.702E-02  3.39939775305206E+01
 7.807E-02  3.41771862671951E+01
 7.914E-02  3.43777693067478E+01
 8.022E-02  3.45954816770993E+01
 8.132E-02  3.48300145473197E+01
 8.243E-02  3.50809944911038E+01
 8.355E-02  3.53479829638371E+01
 8.469E-02  3.56304760034012E+01
 8.585E-02  3.59279041643058E+01
 8.702E-02  3.62396326941100E+01
 8.821E-02  3.65649619603983E+01
 8.941E-02  3.69031281358031E+01
 9.063E-02  3.72533041477322E+01
 9.187E-02  3.76146008985489E+01
 9.312E-02  3.79860687609756E+01
 9.440E-02  3.83666993524552E+01
 9.568E-02  3.87554275910931E+01
 9.699E-02  3.91511340346450E+01
 9.831E-02  3.95526475027848E+01
 9.966E-02  3.99587479816177E+01
 1.010E-01  4.03681698080717E+01
 1.024E-01  4.07796051304333E+01
 1.038E-01  4.11917076398807E+01
 1.052E-01  4.16030965664227E+01
 1.066E-01  4.20123609311777E+01
 1.081E-01  4.24180640454329E+01
 1.096E-01  4.28187482454121E+01
 1.111E-01  4.32129398501606E+01
 1.126E-01  4.35991543284392E+01
 1.141E-01  4.39759016590055E+01
 1.157E-01  4.43416918671646E+01
 1.173E-01  4.46950407189993E+01
 1.189E-01  4.50344755532501E+01
 1.205E-01  4.53585412294176E+01
 1.221E-01  4.56658061693113E+01
 1.238E-01  4.59548684679814E+01
 1.255E-01  4.62243620487538E+01
 1.272E-01  4.64729628359440E+01
 1.289E-01  4.66993949177796E+01
 1.307E-01  4.69024366711001E+01
 1.325E-01  4.70809268185600E+01
 1.343E-01  4.72337703883260E+01
 1.361E-01  4.73599445456529E+01
 1.380E-01  4.74585042652498E+01
 1.399E-01  4.75285878130165E+01
 1.418E-01  4.75694220055502E+01
 1.437E-01  4.75803272157995E+01
 1.457E-01  4.75607220933905E+01
 1.477E-01  4.75101279684613E+01
 1.497E-01  4.74281729083434E+01
 1.517E-01  4.73145953971063E+01
 1.538E-01  4.71692476088558E+01
 1.559E-01  4.69920982467419E+01
 1.580E-01  4.67832349208961E+01
 1.602E-01  4.65428660399845E+01
 1.624E-01  4.62713221927284E+01
 1.646E-01  4.59690569976126E+01
 1.668E-01  4.56366474010719E+01
 1.691E-01  4.52747934067182E+01
 1.714E-01  4.48843172206297E+01
 1.738E-01  4.44661618003842E+01
 1.761E-01  4.40213887983544E+01
 1.785E-01  4.35511758927983E+01
 1.810E-01  4.30568135034557E+01
 1.834E-01  4.25397008916976E+01
 1.860E-01  4.20013416487436E+01
 1.885E-01  4.14433385790614E+01
 1.911E-01  4.08673879897625E+01
 1.937E-01  4.02752734005966E+01
 1.963E-01  3.96688586929984E+01
 1.990E-01  3.90500807205341E+01
 2.017E-01  3.84209414070000E+01
 2.045E-01  3.77834993623221E+01
 2.073E-01  3.71398610502528E+01
 2.101E-01  3.64921715456444E+01
 2.130E-01  3.58426049227449E+01
 2.159E-01  3.51933543195006E+01
 2.188E-01  3.45466217262041E+01
 2.218E-01  3.39046075499785E+01
 2.248E-01  3.32695000094957E+01
 2.279E-01  3.26434644169520E+01
 2.310E-01  3.20286324066396E+01
 2.342E-01  3.14270911714213E+01
 2.374E-01  3.08408727700035E+01
 2.406E-01  3.02719435690901E+01
 2.439E-01  2.97221938852487E+01
 2.472E-01  2.91934278916146E+01
 2.506E-01  2.86873538543815E+01
 2.540E-01  2.82055747633538E+01
 2.575E-01  2.77495794196695E+01
 2.610E-01  2.73207340421248E+01
 2.646E-01  2.69202744513537E+01
 2.682E-01  2.65492988884366E+01
 2.718E-01  2.62087615213435E+01
 2.755E-01  2.58994666889796E+01
 2.793E-01  2.56220639285090E+01
 2.831E-01  2.53770438271142E+01
 2.870E-01  2.51647347344391E+01
 2.909E-01  2.49853003666838E+01
 2.949E-01  2.48387383277186E+01
 2.989E-01  2.47248795666919E+01
 3.030E-01  2.46433887854698E+01
 3.071E-01  2.45937658028994E+01
 3.113E-01  2.45753478763885E+01
 3.156E-01  2.45873129746725E+01
 3.199E-01  2.46286839889556E+01
 3.242E-01  2.46983338629114E+01
 3.287E-01  2.47949916153538E+01
 3.331E-01  2.49172492228027E+01
 3.377E-01  2.50635693227214E+01
 3.423E-01  2.52322936919429E+01
 3.470E-01  2.54216524488031E+01
 3.517E-01  2.56297739217957E+01
 3.565E-01  2.58546951222391E+01
 3.614E-01  2.60943727535356E+01
 3.663E-01  2.63466946851799E+01
 3.713E-01  2.66094918157808E+01
 3.764E-01  2.68805502460553E+01
 3.815E-01  2.71576236800769E+01
 3.867E-01  2.74384459710545E+01
 3.920E-01  2.77207437266192E+01
 3.974E-01  2.80022488880206E+01
 4.028E-01  2.82807111978171E+01
 4.083E-01  2.85539104715695E+01
 4.139E-01  2.88196685907393E+01
 4.195E-01  2.90758611364223E+01
 4.252E-01  2.93204285867033E+01
 4.311E-01  2.95513870042656E+01
 4.369E-01  2.97668381453941E+01
 4.429E-01  2.99649789266197E+01
 4.489E-01  3.01441101909127E+01
 4.551E-01  3.03026447214838E+01
 4.613E-01  3.04391144578159E+01
 4.676E-01  3.05521768754619E+01
 4.740E-01  3.06406204983209E+01
 4.804E-01  3.07033695194662E+01
 4.870E-01  3.07394875140641E+01
 4.936E-01  3.07481802354067E+01
 5.004E-01  3.07287974925060E+01
 5.072E-01  3.06808341149818E+01
 5.141E-01  3.06039300180439E+01
 5.212E-01  3.04978693871532E+01
 5.283E-01  3.03625790083794E+01
 5.355E-01  3.01981257764933E+01
 5.428E-01  3.00047134183963E+01
 5.502E-01  2.97826784745388E+01
 5.577E-01  2.95324855854983E+01
 5.653E-01  2.92547221348225E+01
 5.731E-01  2.89500923026014E+01
 5.809E-01  2.86194105869750E+01
 5.888E-01  2.82635948529325E+01
 5.969E-01  2.78836589692964E+01
 6.050E-01  2.74807050957388E+01
 6.133E-01  2.70559156820546E+01
 6.216E-01  2.66105452417441E+01
 6.301E-01  2.61459119612700E+01
 6.387E-01  2.56633892051717E+01
 6.474E-01  2.51643969755991E+01
 6.563E-01  2.46503933827869E+01
 6.652E-01  2.41228661805946E+01
 6.743E-01  2.35833244185110E+01
 6.835E-01  2.30332902585186E+01
 6.929E-01  2.24742910019856E+01
 7.023E-01  2.19078513683205E+01
 7.119E-01  2.13354860635618E+01
 7.216E-01  2.07586926733946E+01
 7.315E-01  2.01789449113452E+01
 7.415E-01  1.95976862491319E+01
 7.516E-01  1.90163239523798E+01
 7.618E-01  1.84362235411730E+01
 7.723E-01  1.78587036912438E+01
 7.828E-01  1.72850315880098E+01
 7.935E-01  1.67164187421943E+01
 8.043E-01  1.61540172724084E+01
 8.153E-01  1.55989166568668E+01
 8.264E-01  1.50521409533543E+01
 8.377E-01  1.45146464836687E+01
 8.491E-01  1.39873199760549E+01
 8.607E-01  1.34709771566108E+01
 8.725E-01  1.29663617782936E+01
 8.844E-01  1.24741450739976E+01
 8.965E-01  1.19949256182006E+01
 9.087E-01  1.15292295798932E+01
 9.211E-01  1.10775113479130E+01
 9.337E-01  1.06401545083965E+01
 9.464E-01  1.02174731528464E+01
 9.594E-01  9.80971349426807E+00
 9.725E-01  9.41705576798013E+00
 9.857E-01  9.03961639301916E+00
 9.992E-01  8.67745036955931E+00
 1.013E+00  8.33055388743208E+00
 1.027E+00  7.99886712066753E+00
 1.041E+00  7.68227718297510E+00
 1.055E+00  7.38062121923955E+00
 1.069E+00  7.09368960841756E+00
 1.084E+00  6.82122925367960E+00
 1.099E+00  6.56294693624212E+00
 1.114E+00  6.31851271007098E+00
 1.129E+00  6.08756331549917E+00
 1.144E+00  5.86970559078195E+00
 1.160E+00  5.66451986169981E+00
 1.176E+00  5.47156329050331E+00
 1.192E+00  5.29037316676081E+00
 1.208E+00  5.12047012400762E+00
 1.225E+00  4.96136126748800E+00
 1.241E+00  4.81254319971550E+00
 1.258E+00  4.67350493203628E+00
 1.275E+00  4.54373067184840E+00
 1.293E+00  4.42270247659309E+00
 1.310E+00  4.30990276707510E+00
 1.328E+00  4.20481669407610E+00
 1.347E+00  4.10693435358280E+00
 1.365E+00  4.01575284725024E+00
 1.384E+00  3.93077818594993E+00
 1.402E+00  3.85152703540378E+00
 1.422E+00  3.77752830397414E+00
 1.441E+00  3.70832457366108E+00
 1.461E+00  3.64347337625076E+00
 1.481E+00  3.58254831736179E+00
 1.501E+00  3.52514005185096E+00
 1.521E+00  3.47085711466959E+00
 1.542E+00  3.41932661180908E+00
 1.563E+00  3.37019477644444E+00
 1.584E+00  3.32312739578311E+00
 1.606E+00  3.27781011445660E+00
 1.628E+00  3.23394862056265E+00
 1.650E+00  3.19126872067816E+00
 1.673E+00  3.14951631032566E+00
 1.696E+00  3.10845724649128E+00
 1.719E+00  3.06787712886613E+00
 1.742E+00  3.02758099651891E+00
 1.766E+00  2.98739294670863E+00
 1.790E+00  2.94715568251716E+00
 1.815E+00  2.90672999592304E+00
 1.839E+00  2.86599419285444E+00
 1.864E+00  2.82484346665153E+00
 1.890E+00  2.78318922623967E+00
 1.916E+00  2.74095838516559E+00
 1.942E+00  2.69809261748124E+00
 1.968E+00  2.65454758627555E+00
 1.995E+00  2.61029215045429E+00
 2.022E+00  2.56530755515372E+00
 2.050E+00  2.51958661094633E+00
 2.078E+00  2.47313286675758E+00
 2.106E+00  2.42595978116295E+00
 2.135E+00  2.37808989647514E+00
 2.164E+00  2.32955401976457E+00
 2.194E+00  2.28039041468219E+00
 2.224E+00  2.23064400767481E+00
 2.254E+00  2.18036561189980E+00
 2.285E+00  2.12961117186055E+00
 2.316E+00  2.07844103149711E+00
 2.348E+00  2.02691922817965E+00
 2.380E+00  1.97511281476757E+00
 2.412E+00  1.92309121161452E+00
 2.445E+00  1.87092559012209E+00
 2.479E+00  1.81868828917246E+00
 2.513E+00  1.76645226550506E+00
 2.547E+00  1.71429057884499E+00
 2.582E+00  1.66227591234275E+00
 2.617E+00  1.61048012864723E+00
 2.653E+00  1.55897386170724E+00
 2.689E+00  1.50782614418253E+00
 2.725E+00  1.45710407014390E+00
 2.763E+00  1.40687249255384E+00
 2.800E+00  1.35719375484588E+00
 2.839E+00  1.30812745576126E+00
 2.877E+00  1.25973024645794E+00
 2.917E+00  1.21205565877759E+00
 2.956E+00  1.16515396344264E+00
 2.997E+00  1.11907205685717E+00
 3.038E+00  1.07385337510188E+00
 3.079E+00  1.02953783364495E+00
 3.121E+00  9.86161791236877E-01
 3.164E+00  9.43758036417058E-01
 3.207E+00  9.02355795034129E-01
 3.251E+00  8.61980757168134E-01
 3.295E+00  8.22655121841710E-01
 3.340E+00  7.84397657917606E-01
 3.386E+00  7.47223779600717E-01
 3.432E+00  7.11145634993460E-01
 3.479E+00  6.76172206192737E-01
 3.526E+00  6.42309419464127E-01
 3.575E+00  6.09560264083219E-01
 3.623E+00  5.77924918494312E-01
 3.673E+00  5.47400882502017E-01
 3.723E+00  5.17983114280681E-01
 3.774E+00  4.89664171059136E-01
 3.825E+00  4.62434352413064E-01
 3.878E+00  4.36281845173490E-01
 3.930E+00  4.11192869036747E-01
 3.984E+00  3.87151822037868E-01
 4.039E+00  3.64141425125158E-01
 4.094E+00  3.42142865147966E-01
 4.150E+00  3.21135935641867E-01
 4.206E+00  3.01099174865048E-01
 4.264E+00  2.82010000606355E-01
 4.322E+00  2.63844841348592E-01
 4.381E+00  2.46579263430326E-01
 4.441E+00  2.30188093905073E-01
 4.501E+00  2.14645538848463E-01
 4.563E+00  1.99925296911548E-01
 4.625E+00  1.86000667961881E-01
 4.688E+00  1.72844656693411E-01
 4.752E+00  1.60430071121671E-01
 4.817E+00  1.48729615912311E-01
 4.883E+00  1.37715980519054E-01
 4.950E+00  1.27361922131633E-01
 5.017E+00  1.17640343455720E-01
 5.086E+00  1.08524365365299E-01
 5.155E+00  9.99873944838599E-02
 5.225E+00  9.20031857643569E-02
 5.297E+00  8.45459001494457E-02
 5.369E+00  7.75901574033709E-02
 5.442E+00  7.11110842152836E-02
 5.517E+00  6.50843576810134E-02
 5.592E+00  5.94862442766324E-02
 5.668E+00  5.42936344427665E-02
 5.746E+00  4.94840729037051E-02
 5.824E+00  4.50357848501230E-02
 5.904E+00  4.09276981187671E-02
 5.984E+00  3.71394615068996E-02
 6.066E+00  3.36514593636834E-02
 6.149E+00  3.04448226050943E-02
 6.233E+00  2.75014363033547E-02
 6.318E+00  2.48039440062934E-02
 6.404E+00  2.23357489464117E-02
 6.491E+00  2.00810123037018E-02
 6.580E+00  1.80246486903688E-02
 6.670E+00  1.61523190294497E-02
 6.761E+00  1.44504210028068E-02
 6.853E+00  1.29060772470093E-02
 6.947E+00  1.15071214780914E-02
 7.042E+00  1.02420827280018E-02
 7.138E+00  9.10016787664423E-03
 7.235E+00  8.07124266367215E-03
 7.334E+00  7.14581136357557E-03
 7.434E+00  6.31499530603585E-03
 7.536E+00  5.57051042098516E-03
 7.639E+00  4.90464398427991E-03
 7.743E+00  4.31023073537758E-03
 7.849E+00  3.78062853291736E-03
 7.956E+00  3.30969370768513E-03
 8.064E+00  2.89175626514581E-03
 8.174E+00  2.52159508162244E-03
 8.286E+00  2.19441322937641E-03
 8.399E+00  1.90581355639314E-03
 8.514E+00  1.65177463670807E-03
 8.630E+00  1.42862719673307E-03
 8.748E+00  1.23303111237945E-03
 8.867E+00  1.06195306094267E-03
 8.988E+00  9.12644900832158E-04
 9.111E+00  7.82622841416053E-04
 9.235E+00  6.69647454616221E-04
 9.362E+00  5.71704569537769E-04
 9.489E+00  4.86987081446038E-04
 9.619E+00  4.13877696898647E-04
 9.750E+00  3.50932627875620E-04
 9.883E+00  2.96866239390089E-04
 1.002E+01  2.50536647356328E-04
 1.016E+01  2.10932256479390E-04
 1.029E+01  1.77159221636793E-04
 1.043E+01  1.48429810661988E-04
 1.058E+01  1.24051641613825E-04
 1.072E+01  1.03417763517814E-04
 1.087E+01  8.59975461758108E-05
 1.102E+01  7.13283419343817E-05
 1.117E+01  5.90078802447358E-05
 1.132E+01  4.86873543987928E-05
 1.147E+01  4.00651589415837E-05
 1.163E+01  3.28812358913376E-05
 1.179E+01  2.69119879940578E-05
 1.195E+01  2.19657177466071E-05
 1.211E+01  1.78785517884841E-05
 1.228E+01  1.45108114352910E-05
 1.245E+01  1.17437915555854E-05
 1.262E+01  9.47691162862171E-06
 1.279E+01  7.62520461754193E-06
 1.296E+01  6.11711120808467E-06
 1.314E+01  4.89254895764840E-06
 1.332E+01  3.90122793816944E-06
 1.350E+01  3.10118650727545E-06
 1.368E+01  2.45752287802108E-06
 1.387E+01  1.94130015463109E-06
 1.406E+01  1.52860444026990E-06
 1.425E+01  1.19973748677897E-06
 1.445E+01  9.38527132825508E-07
 1.464E+01  7.31740456410243E-07
 1.484E+01  5.68586143459322E-07
 1.505E+01  4.40294042096095E-07
 1.525E+01  3.39761230618397E-07
 1.546E+01  2.61256574521050E-07
 1.567E+01  2.00181525040070E-07
 1.589E+01  1.52836120715713E-07
 1.610E+01  1.16265901447634E-07
 1.632E+01  8.81214943680533E-08
 1.655E+01  6.65415558746154E-08
 1.677E+01  5.00568844765418E-08
 1.700E+01  3.75121784223401E-08
 1.723E+01  2.80024400191271E-08
 1.747E+01  2.08214885821015E-08
 1.771E+01  1.54204427067567E-08
 1.795E+01  1.13743765344851E-08
 1.819E+01  8.35564997018809E-09
 1.844E+01  6.11266507291476E-09
 1.869E+01  4.45301530251811E-09
 1.895E+01  3.23017574658660E-09
 1.921E+01  2.33303521032000E-09
 1.947E+01  1.67769903461376E-09
 1.974E+01  1.20109820782152E-09
 2.000E+01  8.56028856070223E-10
 2.028E+01  6.07319270435728E-10
 2.055E+01  4.28881652042277E-10
 2.084E+01  3.01454812367016E-10
 2.112E+01  2.10883957413631E-10
 2.141E+01  1.46815958587304E-10
 2.170E+01  1.01714491058783E-10
 2.200E+01  7.01202226797597E-11
 2.230E+01  4.80978077002659E-11
 2.260E+01  3.28245710166933E-11
 2.291E+01  2.22861193838992E-11
 2.322E+01  1.50522312585058E-11
 2.354E+01  1.01127052034227E-11
 2.386E+01  6.75775470066231E-12
 2.419E+01  4.49132264920038E-12
 2.452E+01  2.96859227066907E-12
 2.485E+01  1.95118560419875E-12
 2.519E+01  1.27522015755606E-12
 2.554E+01  8.28660579353166E-13
 2.588E+01  5.35351500863530E-13
 2.624E+01  3.43825158076363E-13
 2.660E+01  2.19501521861317E-13
 2.696E+01  1.39284624293547E-13
 2.733E+01  8.78412671745261E-14
 2.770E+01  5.50538009548319E-14
 2.808E+01  3.42872265658081E-14
 2.846E+01  2.12176004980780E-14
 2.885E+01  1.30449091983970E-14
 2.924E+01  7.96761313402067E-15
 2.964E+01  4.83413510598396E-15
 3.005E+01  2.91321908864405E-15
 3.046E+01  1.74361758839742E-15
 3.087E+01  1.03636427975226E-15
 3.130E+01  6.11667700059143E-16
 3.172E+01  3.58441952159683E-16
 3.216E+01  2.08535493827246E-16
 3.259E+01  1.20435942328286E-16
 3.304E+01  6.90404727523996E-17
 3.349E+01  3.92806666711315E-17
 3.395E+01  2.21787332201673E-17
 3.441E+01  1.24260229484178E-17
 3.488E+01  6.90747323838295E-18
 3.536E+01  3.80935466845964E-18
 3.584E+01  2.08392270526653E-18
 3.633E+01  1.13073808608030E-18
 3.683E+01  6.08477072287531E-19
 3.733E+01  3.24697621389269E-19
 3.784E+01  1.71797533455580E-19
 3.835E+01  9.01171043688338E-20
 3.888E+01  4.68596338474666E-20
 3.941E+01  2.41512761414433E-20
 3.995E+01  1.23361111032442E-20
 4.049E+01  6.24396131709169E-21
 4.104E+01  3.13135206068509E-21
 4.161E+01  1.55574580236712E-21
 4.217E+01  7.65640601043687E-22
 4.275E+01  3.73193977092192E-22
 4.333E+01  1.80140206001348E-22
 4.392E+01  8.60984370373561E-23
 4.452E+01  4.07408325086196E-23
 4.513E+01  1.90833750248987E-23
 4.575E+01  8.84729932525285E-24
 4.637E+01  4.05915833723096E-24
 4.701E+01  1.84275112316367E-24
 4.765E+01  8.27646394121105E-25
 4.830E+01  3.67709538558350E-25
 4.896E+01  1.61578368899751E-25
 4.963E+01  7.02127977443602E-26
 5.030E+01  3.01676963049600E-26
 5.099E+01  1.28145706685224E-26
 5.169E+01  5.38095389421738E-27
 5.239E+01  2.23357890883837E-27
 5.311E+01  9.16677116175194E-28
 5.383E+01  3.72244371564283E-28
 5.457E+01  1.49889328320727E-28
 5.531E+01  6.01937879690418E-29
 5.607E+01  0.00000000000000E+00
 5.683E+01  0.00000000000000E+00
 5.761E+01  0.00000000000000E+00
 5.839E+01  0.00000000000000E+00
 5.919E+01  0.00000000000000E+00
 6.000E+01  0.00000000000000E+00
