line2: Z,NR,R(1),R(NR) /line3,4,...: R(N),RHO*4*PI*R(N)**2
64.00  2000  1.01365245284744E-10  6.00000000000000E+01
 1.014E-10  1.77692151061499E-12
 1.027E-10  1.82004854065285E-12
 1.042E-10  1.86422229151542E-12
 1.056E-10  2.16450383175874E-12
 1.070E-10  2.21703773447858E-12
 1.085E-10  2.27084666890770E-12
 1.100E-10  2.32596158081420E-12
 1.115E-10  2.38241416714854E-12
 1.130E-10  2.44023689412048E-12
 1.145E-10  2.49946301592698E-12
 1.161E-10  2.56012659386458E-12
 1.177E-10  2.62226251591927E-12
 1.193E-10  2.68590651683109E-12
 1.209E-10  2.75109519864514E-12
 1.226E-10  2.81786605176161E-12
 1.242E-10  2.88625747649695E-12
 1.259E-10  2.95630880516819E-12
 1.276E-10  3.02806032471265E-12
 1.294E-10  3.10155329985772E-12
 1.312E-10  3.17682999685236E-12
 1.329E-10  3.25393370777458E-12
 1.348E-10  3.33290877542882E-12
 1.366E-10  3.41380061884816E-12
 1.385E-10  3.49665575941470E-12
 1.404E-10  3.58152184761427E-12
 1.423E-10  3.66844769044117E-12
 1.442E-10  3.75748327946637E-12
 1.462E-10  3.84867981958846E-12
 1.482E-10  3.94208975848220E-12
 1.502E-10  4.03776681676094E-12
 1.523E-10  4.13576601887186E-12
 1.543E-10  4.23614372474113E-12
 1.564E-10  4.33895766218627E-12
 1.586E-10  4.44426696011624E-12
 1.607E-10  4.55213218253677E-12
 1.629E-10  4.66261536338065E-12
 1.652E-10  4.77578004218466E-12
 1.674E-10  4.89169130063049E-12
 1.697E-10  5.01041579997433E-12
 1.720E-10  5.13202181938414E-12
 1.744E-10  5.25657929520687E-12
 1.767E-10  5.38415986118998E-12
 1.792E-10  5.51483688967767E-12
 1.816E-10  5.64868553380828E-12
 1.841E-10  5.78578277073527E-12
 1.866E-10  5.92620744589709E-12
 1.891E-10  6.07004031836185E-12
 1.917E-10  6.21736410727179E-12
 1.943E-10  6.36826353941631E-12
 1.970E-10  6.52282539795831E-12
 1.997E-10  6.68113857234376E-12
 2.024E-10  6.84329410942309E-12
 2.052E-10  7.00938526581199E-12
 2.080E-10  7.17950756152421E-12
 2.108E-10  7.35375883490577E-12
 2.137E-10  7.53223929890243E-12
 2.166E-10  7.71505159869236E-12
 2.196E-10  7.90230087071775E-12
 2.226E-10  8.09409480315100E-12
 2.256E-10  8.29054369782483E-12
 2.287E-10  8.49176053366828E-12
 2.318E-10  8.69786103168230E-12
 2.350E-10  8.90896372149042E-12
 2.382E-10  9.12519000950665E-12
 2.414E-10  9.34666424875683E-12
 2.447E-10  9.57351381039425E-12
 2.481E-10  9.80586915695218E-12
 2.515E-10  1.00438639173731E-11
 2.549E-10  1.02876349638606E-11
 2.584E-10  1.05373224905943E-11
 2.619E-10  1.07930700943559E-11
 2.655E-10  1.10550248571144E-11
 2.691E-10  1.13233374306124E-11
 2.728E-10  1.15981621230067E-11
 2.765E-10  1.18796569876131E-11
 2.803E-10  1.21679839138026E-11
 2.841E-10  1.24633087201041E-11
 2.880E-10  1.27658012495699E-11
 2.919E-10  1.30756354674529E-11
 2.959E-10  1.33929895612535E-11
 2.999E-10  1.37180460431975E-11
 3.040E-10  1.40509918551995E-11
 3.082E-10  1.43920184763743E-11
 3.124E-10  1.47413220331585E-11
 3.166E-10  1.50991034121032E-11
 3.210E-10  1.54655683754045E-11
 3.253E-10  1.58409276792401E-11
 3.298E-10  1.62253971949750E-11
 3.343E-10  1.66191980333105E-11
 3.389E-10  1.70225566714471E-11
 3.435E-10  1.74357050833324E-11
 3.482E-10  1.78588808730711E-11
 3.529E-10  1.82923274115715E-11
 3.577E-10  1.87362939765104E-11
 3.626E-10  1.91910358956933E-11
 3.676E-10  1.96568146938955E-11
 3.726E-10  2.01338982432689E-11
 3.777E-10  2.06225609173908E-11
 3.828E-10  2.11230837490635E-11
 3.881E-10  2.16357545919367E-11
 3.934E-10  2.21608682860500E-11
 3.987E-10  2.26987268274026E-11
 4.042E-10  2.32496395416302E-11
 4.097E-10  2.38139232618988E-11
 4.153E-10  2.43919025111191E-11
 4.210E-10  2.49839096885827E-11
 4.267E-10  2.55902852611237E-11
 4.325E-10  2.62113779589249E-11
 4.384E-10  2.68475449760743E-11
 4.444E-10  2.74991521759908E-11
 4.505E-10  2.81665743018312E-11
 4.566E-10  2.88501951920112E-11
 4.629E-10  2.95504080009505E-11
 4.692E-10  3.02676154251768E-11
 4.756E-10  3.10022299349241E-11
 4.821E-10  3.17546740113413E-11
 4.887E-10  3.25253803894654E-11
 4.953E-10  3.33147923070920E-11
 5.021E-10  3.41233637596804E-11
 5.090E-10  3.49515597614523E-11
 5.159E-10  3.57998566128212E-11
 5.230E-10  3.66687421743190E-11
 5.301E-10  3.75587161471634E-11
 5.373E-10  3.84702903606420E-11
 5.447E-10  3.94039890664679E-11
 5.521E-10  4.03603492402770E-11
 5.596E-10  4.13399208904513E-11
 5.673E-10  4.23432673744247E-11
 5.750E-10  4.33709657226788E-11
 5.829E-10  4.44236069705975E-11
 5.908E-10  4.55017964983675E-11
 5.989E-10  4.66061543791428E-11
 6.071E-10  4.77373157356519E-11
 6.154E-10  4.88959311054539E-11
 6.238E-10  5.00826668150743E-11
 6.323E-10  5.12982053632089E-11
 6.409E-10  5.25432458132344E-11
 6.497E-10  5.38185041952445E-11
 6.585E-10  5.51247139178405E-11
 6.675E-10  5.64626261899193E-11
 6.766E-10  5.78330104526965E-11
 6.859E-10  5.92366548222232E-11
 6.952E-10  6.06743665426290E-11
 7.047E-10  6.21469724503727E-11
 7.144E-10  6.36553194497693E-11
 7.241E-10  6.52002750000377E-11
 7.340E-10  6.67827276141870E-11
 7.440E-10  6.84035873700114E-11
 7.542E-10  7.00637864334671E-11
 7.645E-10  7.17642795947793E-11
 7.749E-10  7.35060448175418E-11
 7.855E-10  7.52900838011454E-11
 7.962E-10  7.71174225568738E-11
 8.071E-10  7.89891119979556E-11
 8.181E-10  8.09062285439501E-11
 8.293E-10  8.28698747398188E-11
 8.406E-10  8.48811798899861E-11
 8.521E-10  8.69413007078163E-11
 8.637E-10  8.90514219808485E-11
 8.755E-10  9.12127572521688E-11
 8.874E-10  9.34265495183381E-11
 8.996E-10  9.56940719442240E-11
 9.118E-10  9.80166285952282E-11
 9.243E-10  1.00395555187251E-10
 9.369E-10  1.02832219854863E-10
 9.497E-10  1.05328023938143E-10
 9.627E-10  1.07884402788582E-10
 9.758E-10  1.10502826594573E-10
 9.891E-10  1.13184801226914E-10
 1.003E-09  1.15931869104850E-10
 1.016E-09  1.18745610083126E-10
 1.030E-09  1.21627642360570E-10
 1.044E-09  1.24579623410719E-10
 1.059E-09  1.27603250935062E-10
 1.073E-09  1.30700263839374E-10
 1.088E-09  1.33872443233784E-10
 1.102E-09  1.37121613457112E-10
 1.118E-09  1.40449643126027E-10
 1.133E-09  1.43858446209713E-10
 1.148E-09  1.47349983130621E-10
 1.164E-09  1.50926261891894E-10
 1.180E-09  1.54589339232191E-10
 1.196E-09  1.58341321808531E-10
 1.212E-09  1.62184367407827E-10
 1.229E-09  1.66120686187873E-10
 1.246E-09  1.70152541948380E-10
 1.263E-09  1.74282253432934E-10
 1.280E-09  1.78512195662494E-10
 1.297E-09  1.82844801301279E-10
 1.315E-09  1.87282562055844E-10
 1.333E-09  1.91828030108016E-10
 1.351E-09  1.96483819582707E-10
 1.370E-09  2.01252608051317E-10
 1.388E-09  2.06137138071575E-10
 1.407E-09  2.11140218764853E-10
 1.426E-09  2.16264727431684E-10
 1.446E-09  2.21513611206490E-10
 1.466E-09  2.26889888752538E-10
 1.486E-09  2.32396651997953E-10
 1.506E-09  2.38037067913923E-10
 1.527E-09  2.43814380336049E-10
 1.547E-09  2.49731911829846E-10
 1.568E-09  2.55793065601637E-10
 1.590E-09  2.62001327455709E-10
 1.612E-09  2.68360267799008E-10
 1.634E-09  2.74873543694542E-10
 1.656E-09  2.81544900964560E-10
 1.679E-09  2.88378176344785E-10
 1.701E-09  2.95377299690920E-10
 1.725E-09  3.02546296238777E-10
 1.748E-09  3.09889288919194E-10
 1.772E-09  3.17410500729140E-10
 1.796E-09  3.25114257160389E-10
 1.821E-09  3.33004988687143E-10
 1.846E-09  3.41087233314004E-10
 1.871E-09  3.49365639185833E-10
 1.896E-09  3.57844967260885E-10
 1.922E-09  3.66530094048882E-10
 1.949E-09  3.75426014415538E-10
 1.975E-09  3.84537844455085E-10
 2.002E-09  3.93870824432617E-10
 2.029E-09  4.03430321797738E-10
 2.057E-09  4.13221834271449E-10
 2.085E-09  4.23250993007950E-10
 2.114E-09  4.33523565833046E-10
 2.143E-09  4.44045460561330E-10
 2.172E-09  4.54822728393781E-10
 2.201E-09  4.65861567397843E-10
 2.232E-09  4.77168326071963E-10
 2.262E-09  4.88749506996614E-10
 2.293E-09  5.00611770574033E-10
 2.324E-09  5.12761938858579E-10
 2.356E-09  5.25206999480152E-10
 2.388E-09  5.37954109662853E-10
 2.421E-09  5.51010600341104E-10
 2.454E-09  5.64383980375678E-10
 2.487E-09  5.78081940872133E-10
 2.521E-09  5.92112359604048E-10
 2.556E-09  6.06483305543412E-10
 2.590E-09  6.21203043501270E-10
 2.626E-09  6.36280038880823E-10
 2.662E-09  6.51722962545918E-10
 2.698E-09  6.67540695807663E-10
 2.735E-09  6.83742335532174E-10
 2.772E-09  7.00337199372282E-10
 2.810E-09  7.17334831125933E-10
 2.848E-09  7.34745006225094E-10
 2.887E-09  7.52577737357625E-10
 2.927E-09  7.70843280225505E-10
 2.967E-09  7.89552139443031E-10
 3.007E-09  8.08715074578066E-10
 3.048E-09  8.28343106339924E-10
 3.090E-09  8.48447522917347E-10
 3.132E-09  8.69039886470532E-10
 3.175E-09  8.90132039780454E-10
 3.218E-09  9.11736113059734E-10
 3.262E-09  9.33864530928945E-10
 3.307E-09  9.56530019561793E-10
 3.352E-09  9.79745614004220E-10
 3.398E-09  1.00352466567082E-09
 3.444E-09  1.02788085002327E-09
 3.491E-09  1.05282817443530E-09
 3.539E-09  1.07838098624822E-09
 3.587E-09  1.10455398102227E-09
 3.636E-09  1.13136221098802E-09
 3.685E-09  1.15882109370304E-09
 3.736E-09  1.18694642091853E-09
 3.787E-09  1.21575436766132E-09
 3.838E-09  1.24526150153611E-09
 3.891E-09  1.27548479225368E-09
 3.944E-09  1.30644162139015E-09
 3.998E-09  1.33814979238317E-09
 4.052E-09  1.37062754077090E-09
 4.108E-09  1.40389354467926E-09
 4.164E-09  1.43796693556388E-09
 4.221E-09  1.47286730921246E-09
 4.278E-09  1.50861473701459E-09
 4.337E-09  1.54522977750489E-09
 4.396E-09  1.58273348818626E-09
 4.456E-09  1.62114743764009E-09
 4.517E-09  1.66049371793049E-09
 4.578E-09  1.70079495730970E-09
 4.641E-09  1.74207433323136E-09
 4.704E-09  1.78435558568014E-09
 4.769E-09  1.82766303082483E-09
 4.834E-09  1.87202157500227E-09
 4.900E-09  1.91745672904154E-09
 4.967E-09  1.96399462293521E-09
 5.034E-09  2.01166202086648E-09
 5.103E-09  2.06048633660178E-09
 5.173E-09  2.11049564925643E-09
 5.243E-09  2.16171871944292E-09
 5.315E-09  2.21418500581131E-09
 5.388E-09  2.26792468199111E-09
 5.461E-09  2.32296865394411E-09
 5.536E-09  2.37934857773852E-09
 5.611E-09  2.43709687775465E-09
 5.688E-09  2.49624676533231E-09
 5.765E-09  2.55683225787045E-09
 5.844E-09  2.61888819839089E-09
 5.924E-09  2.68245027557693E-09
 6.005E-09  2.74755504429738E-09
 6.087E-09  2.81423994663015E-09
 6.170E-09  2.88254333339501E-09
 6.254E-09  2.95250448620905E-09
 6.340E-09  3.02416364007788E-09
 6.426E-09  3.09756200653490E-09
 6.514E-09  3.17274179734249E-09
 6.603E-09  3.24974624876760E-09
 6.693E-09  3.32861964644737E-09
 6.784E-09  3.40940735085787E-09
 6.877E-09  3.49215582340106E-09
 6.971E-09  3.57691265312515E-09
 7.066E-09  3.66372658409290E-09
 7.162E-09  3.75264754341435E-09
 7.260E-09  3.84372666996045E-09
 7.359E-09  3.93701634377318E-09
 7.460E-09  4.03257021618900E-09
 7.562E-09  4.13044324069422E-09
 7.665E-09  4.23069170452923E-09
 7.770E-09  4.33337326105871E-09
 7.876E-09  4.43854696292890E-09
 7.983E-09  4.54627329602869E-09
 8.092E-09  4.65661421427506E-09
 8.203E-09  4.76963317524327E-09
 8.315E-09  4.88539517666129E-09
 8.428E-09  5.00396679379017E-09
 8.543E-09  5.12541621771171E-09
 8.660E-09  5.24981329454517E-09
 8.778E-09  5.37722956561638E-09
 8.898E-09  5.50773830860074E-09
 9.019E-09  5.64141457966600E-09
 9.142E-09  5.77833525663657E-09
 9.267E-09  5.91857908320670E-09
 9.394E-09  6.06222671422583E-09
 9.522E-09  6.20936076208337E-09
 9.652E-09  6.36006584421985E-09
 9.784E-09  6.51442863178958E-09
 9.917E-09  6.67253789950635E-09
 1.005E-08  6.83448457669735E-09
 1.019E-08  7.00036179959682E-09
 1.033E-08  7.17026496490957E-09
 1.047E-08  7.34429178467302E-09
 1.061E-08  7.52254234245152E-09
 1.076E-08  7.70511915089544E-09
 1.090E-08  7.89212721069534E-09
 1.105E-08  8.08367407096893E-09
 1.120E-08  8.27986989111213E-09
 1.136E-08  8.48082750415170E-09
 1.151E-08  8.68666248163679E-09
 1.167E-08  8.89749320010384E-09
 1.183E-08  9.11344090915361E-09
 1.199E-08  9.33462980118379E-09
 1.215E-08  9.56118708281174E-09
 1.232E-08  9.79324304803125E-09
 1.249E-08  1.00309311531440E-08
 1.266E-08  1.02743880935103E-08
 1.283E-08  1.05237538821652E-08
 1.301E-08  1.07791719303370E-08
 1.318E-08  1.10407891299244E-08
 1.336E-08  1.13087559379743E-08
 1.355E-08  1.15832264632097E-08
 1.373E-08  1.18643585546573E-08
 1.392E-08  1.21523138924270E-08
 1.411E-08  1.24472580806942E-08
 1.430E-08  1.27493607429387E-08
 1.450E-08  1.30587956194951E-08
 1.470E-08  1.33757406674707E-08
 1.490E-08  1.37003781630887E-08
 1.510E-08  1.40328948065155E-08
 1.531E-08  1.43734818292334E-08
 1.551E-08  1.47223351040146E-08
 1.573E-08  1.50796552575695E-08
 1.594E-08  1.54456477859277E-08
 1.616E-08  1.58205231726171E-08
 1.638E-08  1.62044970097137E-08
 1.660E-08  1.65977901218291E-08
 1.683E-08  1.70006286931052E-08
 1.706E-08  1.74132443972933E-08
 1.729E-08  1.78358745309891E-08
 1.753E-08  1.82687621501023E-08
 1.777E-08  1.87121562096376E-08
 1.801E-08  1.91663117068686E-08
 1.826E-08  1.96314898279861E-08
 1.851E-08  2.01079580983055E-08
 1.876E-08  2.05959905361219E-08
 1.901E-08  2.10958678102944E-08
 1.927E-08  2.16078774016617E-08
 1.954E-08  2.21323137683713E-08
 1.980E-08  2.26694785152191E-08
 2.007E-08  2.32196805671055E-08
 2.035E-08  2.37832363466938E-08
 2.063E-08  2.43604699563877E-08
 2.091E-08  2.49517133647195E-08
 2.119E-08  2.55573065972629E-08
 2.148E-08  2.61775979321862E-08
 2.178E-08  2.68129441005429E-08
 2.207E-08  2.74637104914237E-08
 2.237E-08  2.81302713620967E-08
 2.268E-08  2.88130100532383E-08
 2.299E-08  2.95123192093909E-08
 2.330E-08  3.02286010047719E-08
 2.362E-08  3.09622673745642E-08
 2.394E-08  3.17137402518183E-08
 2.427E-08  3.24834518101023E-08
 2.460E-08  3.32718447120439E-08
 2.494E-08  3.40793723639079E-08
 2.528E-08  3.49064991763428E-08
 2.562E-08  3.57537008314641E-08
 2.597E-08  3.66214645564196E-08
 2.633E-08  3.75102894035865E-08
 2.669E-08  3.84206865375744E-08
 2.705E-08  3.93531795291977E-08
 2.742E-08  4.03083046565806E-08
 2.779E-08  4.12866112135580E-08
 2.817E-08  4.22886618255793E-08
 2.856E-08  4.33150327732722E-08
 2.895E-08  4.43663143238513E-08
 2.934E-08  4.54431110705877E-08
 2.974E-08  4.65460422804961E-08
 3.015E-08  4.76757422504772E-08
 3.056E-08  4.88328606721048E-08
 3.098E-08  5.00180630052439E-08
 3.140E-08  5.12320308607631E-08
 3.183E-08  5.24754623925245E-08
 3.227E-08  5.37490726988819E-08
 3.271E-08  5.50535942339354E-08
 3.315E-08  5.63897772287521E-08
 3.361E-08  5.77583901228270E-08
 3.406E-08  5.91602200060025E-08
 3.453E-08  6.05960730711150E-08
 3.500E-08  6.20667750776430E-08
 3.548E-08  6.35731718265748E-08
 3.596E-08  6.51161296468343E-08
 3.645E-08  6.66965358935026E-08
 3.695E-08  6.83152994581155E-08
 3.746E-08  6.99733512913725E-08
 3.797E-08  7.16716449385065E-08
 3.849E-08  7.34111570876670E-08
 3.901E-08  7.51928881316024E-08
 3.954E-08  7.70178627429722E-08
 4.008E-08  7.88871304636368E-08
 4.063E-08  8.08017663082209E-08
 4.119E-08  8.27628713823561E-08
 4.175E-08  8.47715735159185E-08
 4.232E-08  8.68290279116171E-08
 4.290E-08  8.89364178093521E-08
 4.348E-08  9.10949551666721E-08
 4.408E-08  9.33058813557647E-08
 4.468E-08  9.55704678773584E-08
 4.529E-08  9.78900170919280E-08
 4.591E-08  1.00265862968692E-07
 4.653E-08  1.02699371852745E-07
 4.717E-08  1.05191943250825E-07
 4.781E-08  1.07745010636168E-07
 4.846E-08  1.10360042272856E-07
 4.913E-08  1.13038542060214E-07
 4.980E-08  1.15782050397679E-07
 5.048E-08  1.18592145070652E-07
 5.117E-08  1.21470442157869E-07
 5.186E-08  1.24418596960786E-07
 5.257E-08  1.27438304955509E-07
 5.329E-08  1.30531302767842E-07
 5.402E-08  1.33699369172001E-07
 5.475E-08  1.36944326113549E-07
 5.550E-08  1.40268039757167E-07
 5.626E-08  1.43672421559856E-07
 5.703E-08  1.47159429370196E-07
 5.781E-08  1.50731068554262E-07
 5.860E-08  1.54389393148869E-07
 5.940E-08  1.58136507042823E-07
 6.021E-08  1.61974565186823E-07
 6.103E-08  1.65905774832749E-07
 6.186E-08  1.69932396802986E-07
 6.271E-08  1.74056746790602E-07
 6.356E-08  1.78281196691047E-07
 6.443E-08  1.82608175966188E-07
 6.531E-08  1.87040173041455E-07
 6.620E-08  1.91579736736861E-07
 6.711E-08  1.96229477732787E-07
 6.802E-08  2.00992070071343E-07
 6.895E-08  2.05870252694131E-07
 6.989E-08  2.10866831017353E-07
 7.085E-08  2.15984678545172E-07
 7.181E-08  2.21226738522163E-07
 7.279E-08  2.26596025625923E-07
 7.379E-08  2.32095627700739E-07
 7.479E-08  2.37728707533352E-07
 7.582E-08  2.43498504671765E-07
 7.685E-08  2.49408337288248E-07
 7.790E-08  2.55461604087544E-07
 7.896E-08  2.61661786261365E-07
 8.004E-08  2.68012449490343E-07
 8.113E-08  2.74517245994543E-07
 8.224E-08  2.81179916633782E-07
 8.336E-08  2.88004293058884E-07
 8.450E-08  2.94994299915151E-07
 8.566E-08  3.02153957099343E-07
 8.683E-08  3.09487382071382E-07
 8.801E-08  3.16998792222173E-07
 8.921E-08  3.24692507298923E-07
 9.043E-08  3.32572951889308E-07
 9.167E-08  3.40644657965895E-07
 9.292E-08  3.48912267492358E-07
 9.419E-08  3.57380535092929E-07
 9.547E-08  3.66054330786587E-07
 9.677E-08  3.74938642787693E-07
 9.810E-08  3.84038580374572E-07
 9.944E-08  3.93359376827609E-07
 1.008E-07  4.02906392438779E-07
 1.022E-07  4.12685117594209E-07
 1.036E-07  4.22701175931411E-07
 1.050E-07  4.32960327573300E-07
 1.064E-07  4.43468472440609E-07
 1.079E-07  4.54231653644736E-07
 1.093E-07  4.65256060962901E-07
 1.108E-07  4.76548034397653E-07
 1.123E-07  4.88114067822760E-07
 1.139E-07  4.99960812717554E-07
 1.154E-07  5.12095081991995E-07
 1.170E-07  5.24523853904460E-07
 1.186E-07  5.37254276074635E-07
 1.202E-07  5.50293669593868E-07
 1.219E-07  5.63649533235181E-07
 1.235E-07  5.77329547765482E-07
 1.252E-07  5.91341580362473E-07
 1.269E-07  6.05693689138685E-07
 1.287E-07  6.20394127775371E-07
 1.304E-07  6.35451350268771E-07
 1.322E-07  6.50874015791685E-07
 1.340E-07  6.66670993672880E-07
 1.358E-07  6.82851368497466E-07
 1.377E-07  6.99424445330969E-07
 1.396E-07  7.16399755070199E-07
 1.415E-07  7.33787059924121E-07
 1.434E-07  7.51596359027428E-07
 1.454E-07  7.69837894190593E-07
 1.473E-07  7.88522155789484E-07
 1.494E-07  8.07659888797652E-07
 1.514E-07  8.27262098965376E-07
 1.535E-07  8.47340059148336E-07
 1.556E-07  8.67905315789980E-07
 1.577E-07  8.88969695561399E-07
 1.598E-07  9.10545312161962E-07
 1.620E-07  9.32644573285419E-07
 1.642E-07  9.55280187754584E-07
 1.665E-07  9.78465172829582E-07
 1.687E-07  1.00221286169332E-06
 1.710E-07  1.02653691111838E-06
 1.734E-07  1.05145130932040E-06
 1.757E-07  1.07697038400166E-06
 1.781E-07  1.10310881059001E-06
 1.806E-07  1.12988162067795E-06
 1.830E-07  1.15730421066602E-06
 1.855E-07  1.18539235061629E-06
 1.881E-07  1.21416219332084E-06
 1.906E-07  1.24363028358995E-06
 1.932E-07  1.27381356776584E-06
 1.959E-07  1.30472940346734E-06
 1.986E-07  1.33639556957103E-06
 2.013E-07  1.36883027643451E-06
 2.040E-07  1.40205217636778E-06
 2.068E-07  1.43608037435876E-06
 2.096E-07  1.47093443905928E-06
 2.125E-07  1.50663441403734E-06
 2.154E-07  1.54320082930248E-06
 2.183E-07  1.58065471311107E-06
 2.213E-07  1.61901760405799E-06
 2.243E-07  1.65831156346152E-06
 2.274E-07  1.69855918804904E-06
 2.305E-07  1.73978362295064E-06
 2.336E-07  1.78200857500748E-06
 2.368E-07  1.82525832640385E-06
 2.401E-07  1.86955774862970E-06
 2.433E-07  1.91493231678171E-06
 2.467E-07  1.96140812421190E-06
 2.500E-07  2.00901189753144E-06
 2.534E-07  2.05777101197866E-06
 2.569E-07  2.10771350715977E-06
 2.604E-07  2.15886810317181E-06
 2.640E-07  2.21126421711680E-06
 2.676E-07  2.26493198001647E-06
 2.712E-07  2.31990225413763E-06
 2.749E-07  2.37620665073772E-06
 2.787E-07  2.43387754824139E-06
 2.825E-07  2.49294811085773E-06
 2.863E-07  2.55345230764948E-06
 2.903E-07  2.61542493206499E-06
 2.942E-07  2.67890162194406E-06
 2.982E-07  2.74391888000927E-06
 3.023E-07  2.81051409485426E-06
 3.064E-07  2.87872556244211E-06
 3.106E-07  2.94859250812457E-06
 3.149E-07  3.02015510919582E-06
 3.192E-07  3.09345451799377E-06
 3.235E-07  3.16853288556162E-06
 3.279E-07  3.24543338588396E-06
 3.324E-07  3.32420024071034E-06
 3.369E-07  3.40487874498156E-06
 3.415E-07  3.48751529287321E-06
 3.462E-07  3.57215740447087E-06
 3.509E-07  3.65885375309230E-06
 3.557E-07  3.74765419327303E-06
 3.606E-07  3.83860978943118E-06
 3.655E-07  3.93177284522683E-06
 3.705E-07  4.02719693363511E-06
 3.756E-07  4.12493692774839E-06
 3.807E-07  4.22504903232522E-06
 3.859E-07  4.32759081610581E-06
 3.911E-07  4.43262124491167E-06
 3.965E-07  4.54020071554721E-06
 4.019E-07  4.65039109052492E-06
 4.074E-07  4.76325573363301E-06
 4.129E-07  4.87885954636602E-06
 4.186E-07  4.99726900523903E-06
 4.243E-07  5.11855220000752E-06
 4.301E-07  5.24277887281490E-06
 4.360E-07  5.37002045828942E-06
 4.419E-07  5.50035012461396E-06
 4.479E-07  5.63384281559254E-06
 4.541E-07  5.77057529373806E-06
 4.603E-07  5.91062618440405E-06
 4.665E-07  6.05407602098810E-06
 4.729E-07  6.20100729123296E-06
 4.794E-07  6.35150448464912E-06
 4.859E-07  6.50565414108891E-06
 4.926E-07  6.66354490049988E-06
 4.993E-07  6.82526755388426E-06
 5.061E-07  6.99091509549493E-06
 5.130E-07  7.16058277629859E-06
 5.200E-07  7.33436815873561E-06
 5.271E-07  7.51237117280713E-06
 5.343E-07  7.69469417352589E-06
 5.416E-07  7.88144199975856E-06
 5.490E-07  8.07272203449587E-06
 5.565E-07  8.26864426658653E-06
 5.641E-07  8.46932135396698E-06
 5.718E-07  8.67486868842629E-06
 5.796E-07  8.88540446194300E-06
 5.875E-07  9.10104973462953E-06
 5.955E-07  9.32192850432637E-06
 6.037E-07  9.54816777788437E-06
 6.119E-07  9.77989764417610E-06
 6.202E-07  1.00172513488787E-05
 6.287E-07  1.02603653710719E-05
 6.373E-07  1.05093795016925E-05
 6.460E-07  1.07644369238936E-05
 6.548E-07  1.10256842953529E-05
 6.638E-07  1.12932718325771E-05
 6.728E-07  1.15673533972539E-05
 6.820E-07  1.18480865846960E-05
 6.913E-07  1.21356328144320E-05
 7.008E-07  1.24301574229950E-05
 7.103E-07  1.27318297589623E-05
 7.200E-07  1.30408232802995E-05
 7.298E-07  1.33573156540690E-05
 7.398E-07  1.36814888585540E-05
 7.499E-07  1.40135292878602E-05
 7.602E-07  1.43536278590579E-05
 7.705E-07  1.47019801219202E-05
 7.811E-07  1.50587863713250E-05
 7.917E-07  1.54242517623819E-05
 8.025E-07  1.57985864283539E-05
 8.135E-07  1.61820056014377E-05
 8.246E-07  1.65747297364752E-05
 8.358E-07  1.69769846376655E-05
 8.473E-07  1.73890015883495E-05
 8.588E-07  1.78110174839448E-05
 8.705E-07  1.82432749681033E-05
 8.824E-07  1.86860225721716E-05
 8.945E-07  1.91395148580360E-05
 9.067E-07  1.96040125644305E-05
 9.191E-07  2.00797827567927E-05
 9.316E-07  2.05670989807597E-05
 9.443E-07  2.10662414193799E-05
 9.572E-07  2.15774970541427E-05
 9.703E-07  2.21011598299139E-05
 9.835E-07  2.26375308238696E-05
 9.970E-07  2.31869184185291E-05
 1.011E-06  2.37496384789836E-05
 1.024E-06  2.43260145344221E-05
 1.038E-06  2.49163779640654E-05
 1.053E-06  2.55210681876045E-05
 1.067E-06  2.61404328602563E-05
 1.081E-06  2.67748280725590E-05
 1.096E-06  2.74246185550027E-05
 1.111E-06  2.80901778876280E-05
 1.126E-06  2.87718887147084E-05
 1.142E-06  2.94701429646379E-05
 1.157E-06  3.01853420751522E-05
 1.173E-06  3.09178972240086E-05
 1.189E-06  3.16682295652662E-05
 1.205E-06  3.24367704712920E-05
 1.222E-06  3.32239617806330E-05
 1.239E-06  3.40302560519084E-05
 1.255E-06  3.48561168238550E-05
 1.273E-06  3.57020188816675E-05
 1.290E-06  3.65684485298174E-05
 1.308E-06  3.74559038714737E-05
 1.325E-06  3.83648950947019E-05
 1.344E-06  3.92959447656097E-05
 1.362E-06  4.02495881285882E-05
 1.380E-06  4.12263734138451E-05
 1.399E-06  4.22268621523953E-05
 1.418E-06  4.32516294986778E-05
 1.438E-06  4.43012645610047E-05
 1.457E-06  4.53763707400223E-05
 1.477E-06  4.64775660753762E-05
 1.497E-06  4.76054836007840E-05
 1.518E-06  4.87607717077116E-05
 1.539E-06  4.99440945178746E-05
 1.560E-06  5.11561322647699E-05
 1.581E-06  5.23975816844546E-05
 1.603E-06  5.36691564157949E-05
 1.624E-06  5.49715874104300E-05
 1.647E-06  5.63056233526693E-05
 1.669E-06  5.76720310895716E-05
 1.692E-06  5.90715960714403E-05
 1.715E-06  6.05051228030167E-05
 1.738E-06  6.19734353055967E-05
 1.762E-06  6.34773775903525E-05
 1.786E-06  6.50178141431362E-05
 1.811E-06  6.65956304210233E-05
 1.835E-06  6.82117333609073E-05
 1.860E-06  6.98670519004106E-05
 1.886E-06  7.15625375114280E-05
 1.911E-06  7.32991647466073E-05
 1.938E-06  7.50779317990629E-05
 1.964E-06  7.68998610756737E-05
 1.991E-06  7.87659997842676E-05
 2.018E-06  8.06774205350291E-05
 2.046E-06  8.26352219565121E-05
 2.073E-06  8.46405293265464E-05
 2.102E-06  8.66944952184596E-05
 2.130E-06  8.87983001629619E-05
 2.160E-06  9.09531533260595E-05
 2.189E-06  9.31602932034091E-05
 2.219E-06  9.54209883314792E-05
 2.249E-06  9.77365380159813E-05
 2.280E-06  1.00108273077924E-04
 2.311E-06  1.02537556617752E-04
 2.343E-06  1.05025784798020E-04
 2.375E-06  1.07574387645005E-04
 2.407E-06  1.10184829869775E-04
 2.440E-06  1.12858611709118E-04
 2.473E-06  1.15597269786876E-04
 2.507E-06  1.18402377996139E-04
 2.541E-06  1.21275548402812E-04
 2.576E-06  1.24218432171074E-04
 2.611E-06  1.27232720511269E-04
 2.647E-06  1.30320145650754E-04
 2.683E-06  1.33482481828269E-04
 2.719E-06  1.36721546312400E-04
 2.757E-06  1.40039200444713E-04
 2.794E-06  1.43437350708166E-04
 2.832E-06  1.46917949821386E-04
 2.871E-06  1.50482997859481E-04
 2.910E-06  1.54134543401969E-04
 2.950E-06  1.57874684708549E-04
 2.990E-06  1.61705570923332E-04
 3.031E-06  1.65629403308219E-04
 3.072E-06  1.69648436506213E-04
 3.114E-06  1.73764979835273E-04
 3.157E-06  1.77981398613525E-04
 3.200E-06  1.82300115516580E-04
 3.244E-06  1.86723611967699E-04
 3.288E-06  1.91254429561651E-04
 3.333E-06  1.95895171523041E-04
 3.378E-06  2.00648504199929E-04
 3.424E-06  2.05517158593659E-04
 3.471E-06  2.10503931925723E-04
 3.519E-06  2.15611689242554E-04
 3.567E-06  2.20843365059145E-04
 3.615E-06  2.26201965042546E-04
 3.665E-06  2.31690567736057E-04
 3.715E-06  2.37312326325140E-04
 3.765E-06  2.43070470446195E-04
 3.817E-06  2.48968308039015E-04
 3.869E-06  2.55009227244108E-04
 3.922E-06  2.61196698346005E-04
 3.975E-06  2.67534275763558E-04
 4.030E-06  2.74025600088416E-04
 4.085E-06  2.80674400172859E-04
 4.140E-06  2.87484495268149E-04
 4.197E-06  2.94459797214675E-04
 4.254E-06  3.01604312685051E-04
 4.312E-06  3.08922145481530E-04
 4.371E-06  3.16417498889011E-04
 4.431E-06  3.24094678084958E-04
 4.491E-06  3.31958092607737E-04
 4.553E-06  3.40012258884536E-04
 4.615E-06  3.48261802820524E-04
 4.678E-06  3.56711462450706E-04
 4.742E-06  3.65366090655831E-04
 4.806E-06  3.74230657944075E-04
 4.872E-06  3.83310255300020E-04
 4.938E-06  3.92610097102533E-04
 5.006E-06  4.02135524113198E-04
 5.074E-06  4.11892006537110E-04
 5.144E-06  4.21885147157667E-04
 5.214E-06  4.32120684547109E-04
 5.285E-06  4.42604496354845E-04
 5.357E-06  4.53342602675200E-04
 5.430E-06  4.64341169496673E-04
 5.504E-06  4.75606512234506E-04
 5.579E-06  4.87145099348784E-04
 5.656E-06  4.98963556049985E-04
 5.733E-06  5.11068668094043E-04
 5.811E-06  5.23467385669321E-04
 5.890E-06  5.36166827377383E-04
 5.971E-06  5.49174284310153E-04
 6.052E-06  5.62497224225487E-04
 6.135E-06  5.76143295823793E-04
 6.219E-06  5.90120333127977E-04
 6.304E-06  6.04436359969213E-04
 6.390E-06  6.19099594581159E-04
 6.477E-06  6.34118454305211E-04
 6.565E-06  6.49501560409477E-04
 6.655E-06  6.65257743024040E-04
 6.746E-06  6.81396046195669E-04
 6.838E-06  6.97925733064559E-04
 6.931E-06  7.14856291166133E-04
 7.026E-06  7.32197437860949E-04
 7.122E-06  7.49959125895683E-04
 7.219E-06  7.68151549098601E-04
 7.318E-06  7.86785148212446E-04
 7.418E-06  8.05870616868147E-04
 7.519E-06  8.25418907703067E-04
 7.622E-06  8.45441238626706E-04
 7.726E-06  8.65949099237743E-04
 7.831E-06  8.86954257396150E-04
 7.938E-06  9.08468765953896E-04
 8.046E-06  9.30504969648108E-04
 8.156E-06  9.53075512160568E-04
 8.268E-06  9.76193343347812E-04
 8.380E-06  9.99871726645508E-04
 8.495E-06  1.02412424665164E-03
 8.611E-06  1.04896481689280E-03
 8.728E-06  1.07440768777752E-03
 8.848E-06  1.10046745474184E-03
 8.968E-06  1.12715906659130E-03
 9.091E-06  1.15449783404421E-03
 9.215E-06  1.18249943848078E-03
 9.341E-06  1.21117994090348E-03
 9.468E-06  1.24055579111355E-03
 9.597E-06  1.27064383710865E-03
 9.729E-06  1.30146133470729E-03
 9.861E-06  1.33302595740499E-03
 9.996E-06  1.36535580646849E-03
 1.013E-05  1.39846942127309E-03
 1.027E-05  1.43238578988901E-03
 1.041E-05  1.46712435992323E-03
 1.055E-05  1.50270504962248E-03
 1.070E-05  1.53914825924354E-03
 1.084E-05  1.57647488269792E-03
 1.099E-05  1.61470631947705E-03
 1.114E-05  1.65386448686422E-03
 1.129E-05  1.69397183244136E-03
 1.145E-05  1.73505134689676E-03
 1.160E-05  1.77712657714110E-03
 1.176E-05  1.82022163973958E-03
 1.192E-05  1.86436123466730E-03
 1.209E-05  1.90957065939581E-03
 1.225E-05  1.95587582331890E-03
 1.242E-05  2.00330326252546E-03
 1.259E-05  2.05188015492782E-03
 1.276E-05  2.10163433575435E-03
 1.293E-05  2.15259431341474E-03
 1.311E-05  2.20478928574687E-03
 1.329E-05  2.25824915665473E-03
 1.347E-05  2.31300455314625E-03
 1.365E-05  2.36908684278096E-03
 1.384E-05  2.42652815153753E-03
 1.403E-05  2.48536138211039E-03
 1.422E-05  2.54562023264649E-03
 1.442E-05  2.60733921593241E-03
 1.461E-05  2.67055367904284E-03
 1.481E-05  2.73529982346053E-03
 1.501E-05  2.80161472568046E-03
 1.522E-05  2.86953635830845E-03
 1.543E-05  2.93910361166681E-03
 1.564E-05  3.01035631591918E-03
 1.585E-05  3.08333526372587E-03
 1.607E-05  3.15808223344383E-03
 1.629E-05  3.23464001288348E-03
 1.651E-05  3.31305242363562E-03
 1.673E-05  3.39336434598205E-03
 1.696E-05  3.47562174440404E-03
 1.719E-05  3.55987169370334E-03
 1.743E-05  3.64616240574865E-03
 1.767E-05  3.73454325686443E-03
 1.791E-05  3.82506481587643E-03
 1.815E-05  3.91777887282880E-03
 1.840E-05  4.01273846839141E-03
 1.865E-05  4.10999792396974E-03
 1.891E-05  4.20961287253758E-03
 1.916E-05  4.31164029020872E-03
 1.943E-05  4.41613852856427E-03
 1.969E-05  4.52316734775430E-03
 1.996E-05  4.63278795039249E-03
 2.023E-05  4.74506301626225E-03
 2.051E-05  4.86005673785255E-03
 2.079E-05  4.97783485674648E-03
 2.107E-05  5.09846470087788E-03
 2.136E-05  5.22201522268097E-03
 2.165E-05  5.34855703815233E-03
 2.195E-05  5.47816246684598E-03
 2.225E-05  5.61090557282587E-03
 2.255E-05  5.74686220659638E-03
 2.286E-05  5.88611004803554E-03
 2.317E-05  6.02872865035328E-03
 2.349E-05  6.17479948510096E-03
 2.381E-05  6.32440598825463E-03
 2.413E-05  6.47763360739920E-03
 2.446E-05  6.63456985003919E-03
 2.480E-05  6.79530433306163E-03
 2.514E-05  6.95992883338027E-03
 2.548E-05  7.12853733978760E-03
 2.583E-05  7.30122610604242E-03
 2.618E-05  7.47809370522505E-03
 2.654E-05  7.65924108538671E-03
 2.690E-05  7.84477162652552E-03
 2.727E-05  8.03479119892083E-03
 2.764E-05  8.22940822285548E-03
 2.802E-05  8.42873372976180E-03
 2.840E-05  8.63288142482194E-03
 2.879E-05  8.84196775105895E-03
 2.918E-05  9.05611195495286E-03
 2.958E-05  9.27543615361678E-03
 2.998E-05  9.50006540357158E-03
 3.039E-05  9.73012777115441E-03
 3.080E-05  9.96575440460096E-03
 3.123E-05  1.02070796078417E-02
 3.165E-05  1.04542409160487E-02
 3.208E-05  1.07073791729786E-02
 3.252E-05  1.09666386101483E-02
 3.297E-05  1.12321669278935E-02
 3.342E-05  1.15041153783488E-02
 3.387E-05  1.17826388503926E-02
 3.433E-05  1.20678959566112E-02
 3.480E-05  1.23600491223190E-02
 3.528E-05  1.26592646766916E-02
 3.576E-05  1.29657129460554E-02
 3.625E-05  1.32795683493844E-02
 3.674E-05  1.36010094960613E-02
 3.724E-05  1.39302192859471E-02
 3.775E-05  1.42673850118200E-02
 3.827E-05  1.46126984642359E-02
 3.879E-05  1.49663560388660E-02
 3.932E-05  1.53285588463698E-02
 3.986E-05  1.56995128248669E-02
 4.040E-05  1.60794288550572E-02
 4.095E-05  1.64685228780618E-02
 4.151E-05  1.68670160160431E-02
 4.208E-05  1.72751346956686E-02
 4.265E-05  1.76931107744824E-02
 4.324E-05  1.81211816702560E-02
 4.383E-05  1.85595904933860E-02
 4.442E-05  1.90085861824036E-02
 4.503E-05  1.94684236426793E-02
 4.565E-05  1.99393638883805E-02
 4.627E-05  2.04216741877755E-02
 4.690E-05  2.09156282119452E-02
 4.754E-05  2.14215061869877E-02
 4.819E-05  2.19395950497994E-02
 4.885E-05  2.24701886075088E-02
 4.951E-05  2.30135877006473E-02
 5.019E-05  2.35701003701474E-02
 5.088E-05  2.41400420282544E-02
 5.157E-05  2.47237356334360E-02
 5.227E-05  2.53215118693899E-02
 5.299E-05  2.59337093282349E-02
 5.371E-05  2.65606746979869E-02
 5.445E-05  2.72027629544185E-02
 5.519E-05  2.78603375573925E-02
 5.594E-05  2.85337706517829E-02
 5.671E-05  2.92234432730842E-02
 5.748E-05  2.99297455578084E-02
 5.826E-05  3.06530769587932E-02
 5.906E-05  3.13938464655154E-02
 5.987E-05  3.21524728295361E-02
 6.068E-05  3.29293847951930E-02
 6.151E-05  3.37250213356482E-02
 6.235E-05  3.45398318944228E-02
 6.320E-05  3.53742766325418E-02
 6.407E-05  3.62288266814081E-02
 6.494E-05  3.71039644015403E-02
 6.583E-05  3.80001836473120E-02
 6.673E-05  3.89179900378141E-02
 6.764E-05  3.98579012339823E-02
 6.856E-05  4.08204472221427E-02
 6.950E-05  4.18061706041016E-02
 7.045E-05  4.28156268939343E-02
 7.141E-05  4.38493848216222E-02
 7.238E-05  4.49080266436900E-02
 7.337E-05  4.59921484610076E-02
 7.437E-05  4.71023605438908E-02
 7.539E-05  4.82392876646964E-02
 7.642E-05  4.94035694380603E-02
 7.746E-05  5.05958606689335E-02
 7.852E-05  5.18168317086301E-02
 7.959E-05  5.30671688190175E-02
 8.068E-05  5.43475745450600E-02
 8.178E-05  5.56587680958936E-02
 8.289E-05  5.70014857346069E-02
 8.403E-05  5.83764811769319E-02
 8.517E-05  5.97845259990412E-02
 8.634E-05  6.12264100546447E-02
 8.751E-05  6.27029419015843E-02
 8.871E-05  6.42149492381550E-02
 8.992E-05  6.57632793493275E-02
 9.115E-05  6.73487995631420E-02
 9.239E-05  6.89723977174382E-02
 9.365E-05  7.06349826371638E-02
 9.493E-05  7.23374846225309E-02
 9.623E-05  7.40808559481844E-02
 9.754E-05  7.58660713736734E-02
 9.887E-05  7.76941286654465E-02
 1.002E-04  7.95660491306219E-02
 1.016E-04  8.14828781627918E-02
 1.030E-04  8.34456858001056E-02
 1.044E-04  8.54555672959049E-02
 1.058E-04  8.75136437021588E-02
 1.073E-04  8.96210624660183E-02
 1.087E-04  9.17789980397070E-02
 1.102E-04  9.39886525040621E-02
 1.117E-04  9.62512562060302E-02
 1.132E-04  9.85680684103728E-02
 1.148E-04  1.00940377965907E-01
 1.163E-04  1.03369503986583E-01
 1.179E-04  1.05856796547688E-01
 1.195E-04  1.08403637397537E-01
 1.212E-04  1.11011440684921E-01
 1.228E-04  1.13681653702666E-01
 1.245E-04  1.16415757647645E-01
 1.262E-04  1.19215268397551E-01
 1.279E-04  1.22081737304811E-01
 1.297E-04  1.25016752007988E-01
 1.314E-04  1.28021937260965E-01
 1.332E-04  1.31098955780402E-01
 1.351E-04  1.34249509111711E-01
 1.369E-04  1.37475338513971E-01
 1.388E-04  1.40778225864210E-01
 1.407E-04  1.44159994581383E-01
 1.426E-04  1.47622510570446E-01
 1.445E-04  1.51167683186968E-01
 1.465E-04  1.54797466222673E-01
 1.485E-04  1.58513858912292E-01
 1.505E-04  1.62318906962212E-01
 1.526E-04  1.66214703601294E-01
 1.547E-04  1.70203390654329E-01
 1.568E-04  1.74287159638560E-01
 1.589E-04  1.78468252883727E-01
 1.611E-04  1.82748964676101E-01
 1.633E-04  1.87131642426927E-01
 1.655E-04  1.91618687865822E-01
 1.678E-04  1.96212558259536E-01
 1.701E-04  2.00915767656573E-01
 1.724E-04  2.05730888158215E-01
 1.748E-04  2.10660551216387E-01
 1.771E-04  2.15707448958882E-01
 1.796E-04  2.20874335542502E-01
 1.820E-04  2.26164028534557E-01
 1.845E-04  2.31579410323323E-01
 1.870E-04  2.37123429557961E-01
 1.896E-04  2.42799102618391E-01
 1.922E-04  2.48609515115785E-01
 1.948E-04  2.54557823424106E-01
 1.974E-04  2.60647256243353E-01
 2.001E-04  2.66881116194959E-01
 2.029E-04  2.73262781450058E-01
 2.056E-04  2.79795707391166E-01
 2.084E-04  2.86483428307697E-01
 2.113E-04  2.93329559126161E-01
 2.142E-04  3.00337797175494E-01
 2.171E-04  3.07511923988102E-01
 2.201E-04  3.14855807137323E-01
 2.231E-04  3.22373402111881E-01
 2.261E-04  3.30068754227924E-01
 2.292E-04  3.37946000579275E-01
 2.323E-04  3.46009372026651E-01
 2.355E-04  3.54263195226266E-01
 2.387E-04  3.62711894698623E-01
 2.420E-04  3.71359994938167E-01
 2.453E-04  3.80212122564258E-01
 2.486E-04  3.89273008514288E-01
 2.520E-04  3.98547490279562E-01
 2.555E-04  4.08040514184593E-01
 2.589E-04  4.17757137710400E-01
 2.625E-04  4.27702531862612E-01
 2.661E-04  4.37881983584959E-01
 2.697E-04  4.48300898218754E-01
 2.734E-04  4.58964802009224E-01
 2.771E-04  4.69879344659163E-01
 2.809E-04  4.81050301930690E-01
 2.847E-04  4.92483578295753E-01
 2.886E-04  5.04185209636015E-01
 2.926E-04  5.16161365992840E-01
 2.965E-04  5.28418354368021E-01
 3.006E-04  5.40962621575878E-01
 3.047E-04  5.53800757147418E-01
 3.089E-04  5.66939496287266E-01
 3.131E-04  5.80385722883821E-01
 3.174E-04  5.94146472573521E-01
 3.217E-04  6.08228935859679E-01
 3.261E-04  6.22640461286622E-01
 3.305E-04  6.37388558669626E-01
 3.350E-04  6.52480902381355E-01
 3.396E-04  6.67925334695454E-01
 3.442E-04  6.83729869187722E-01
 3.489E-04  6.99902694195478E-01
 3.537E-04  7.16452176335792E-01
 3.585E-04  7.33386864083030E-01
 3.634E-04  7.50715491406259E-01
 3.684E-04  7.68446981467033E-01
 3.734E-04  7.86590450377842E-01
 3.785E-04  8.05155211022207E-01
 3.837E-04  8.24150776936290E-01
 3.889E-04  8.43586866252687E-01
 3.942E-04  8.63473405706952E-01
 3.996E-04  8.83820534706904E-01
 4.051E-04  9.04638609465295E-01
 4.106E-04  9.25938207196011E-01
 4.162E-04  9.47730130374171E-01
 4.219E-04  9.70025411060286E-01
 4.277E-04  9.92835315288703E-01
 4.335E-04  1.01617134752046E+00
 4.394E-04  1.04004525516085E+00
 4.454E-04  1.06446903314151E+00
 4.515E-04  1.08945492856714E+00
 4.577E-04  1.11501544542692E+00
 4.639E-04  1.14116334937055E+00
 4.702E-04  1.16791167254865E+00
 4.767E-04  1.19527371851750E+00
 4.832E-04  1.22326306720752E+00
 4.898E-04  1.25189357995581E+00
 4.965E-04  1.28117940460183E+00
 5.032E-04  1.31113498064582E+00
 5.101E-04  1.34177504446983E+00
 5.171E-04  1.37311463462014E+00
 5.241E-04  1.40516909715103E+00
 5.313E-04  1.43795409102875E+00
 5.385E-04  1.47148559359484E+00
 5.459E-04  1.50577990608796E+00
 5.533E-04  1.54085365922329E+00
 5.609E-04  1.57672381882801E+00
 5.686E-04  1.61340769153193E+00
 5.763E-04  1.65092293051184E+00
 5.842E-04  1.68928754128786E+00
 5.922E-04  1.72851988757062E+00
 6.002E-04  1.76863869715710E+00
 6.084E-04  1.80966306787364E+00
 6.167E-04  1.85161247356382E+00
 6.252E-04  1.89450677011933E+00
 6.337E-04  1.93836620155131E+00
 6.423E-04  1.98321140610010E+00
 6.511E-04  2.02906342238034E+00
 6.600E-04  2.07594369555874E+00
 6.690E-04  2.12387408356219E+00
 6.782E-04  2.17287686331232E+00
 6.874E-04  2.22297473698346E+00
 6.968E-04  2.27419083828065E+00
 7.063E-04  2.32654873873419E+00
 7.160E-04  2.38007245400616E+00
 7.257E-04  2.43478645020543E+00
 7.356E-04  2.49071565020674E+00
 7.457E-04  2.54788543996882E+00
 7.559E-04  2.60632167484739E+00
 7.662E-04  2.66605068589755E+00
 7.766E-04  2.72709928616031E+00
 7.872E-04  2.78949477692784E+00
 7.980E-04  2.85326495398178E+00
 8.089E-04  2.91843811379767E+00
 8.199E-04  2.98504305970991E+00
 8.311E-04  3.05310910803049E+00
 8.425E-04  3.12266609411380E+00
 8.540E-04  3.19374437836100E+00
 8.656E-04  3.26637485215551E+00
 8.774E-04  3.34058894372201E+00
 8.894E-04  3.41641862390082E+00
 9.016E-04  3.49389641182828E+00
 9.139E-04  3.57305538051439E+00
 9.264E-04  3.65392916230851E+00
 9.390E-04  3.73655195424233E+00
 9.518E-04  3.82095852324109E+00
 9.648E-04  3.90718421119087E+00
 9.780E-04  3.99526493985224E+00
 9.913E-04  4.08523721560802E+00
 1.005E-03  4.17713813403217E+00
 1.019E-03  4.27100538426980E+00
 1.032E-03  4.36687725321239E+00
 1.047E-03  4.46479262945672E+00
 1.061E-03  4.56479100703345E+00
 1.075E-03  4.66691248888963E+00
 1.090E-03  4.77119779011107E+00
 1.105E-03  4.87768824086950E+00
 1.120E-03  4.98642578907718E+00
 1.135E-03  5.09745300273278E+00
 1.151E-03  5.21081307194241E+00
 1.167E-03  5.32654981059614E+00
 1.182E-03  5.44470765768282E+00
 1.199E-03  5.56533167822425E+00
 1.215E-03  5.68846756380808E+00
 1.232E-03  5.81416163270050E+00
 1.248E-03  5.94246082951646E+00
 1.265E-03  6.07341272442689E+00
 1.283E-03  6.20706551188072E+00
 1.300E-03  6.34346800881741E+00
 1.318E-03  6.48266965234879E+00
 1.336E-03  6.62472049688302E+00
 1.354E-03  6.76967121066875E+00
 1.373E-03  6.91757307173151E+00
 1.391E-03  7.06847796317637E+00
 1.410E-03  7.22243836783148E+00
 1.430E-03  7.37950736220163E+00
 1.449E-03  7.53973860970581E+00
 1.469E-03  7.70318635316873E+00
 1.489E-03  7.86990540653502E+00
 1.509E-03  8.03995114577721E+00
 1.530E-03  8.21337949896440E+00
 1.551E-03  8.39024693546038E+00
 1.572E-03  8.57061045421724E+00
 1.593E-03  8.75452757113066E+00
 1.615E-03  8.94205630542413E+00
 1.637E-03  9.13325516502410E+00
 1.660E-03  9.32818313089139E+00
 1.682E-03  9.52689964027268E+00
 1.705E-03  9.72946456883413E+00
 1.729E-03  9.93593821163816E+00
 1.752E-03  1.01463812629251E+01
 1.776E-03  1.03608547946615E+01
 1.800E-03  1.05794202338124E+01
 1.825E-03  1.08021393382994E+01
 1.850E-03  1.10290741716009E+01
 1.875E-03  1.12602870759540E+01
 1.901E-03  1.14958406441145E+01
 1.927E-03  1.17357976896338E+01
 1.953E-03  1.19802212156060E+01
 1.980E-03  1.22291743818443E+01
 2.007E-03  1.24827204704413E+01
 2.034E-03  1.27409228496675E+01
 2.062E-03  1.30038449361635E+01
 2.090E-03  1.32715501553824E+01
 2.118E-03  1.35441019002336E+01
 2.147E-03  1.38215634878849E+01
 2.177E-03  1.41039981146770E+01
 2.206E-03  1.43914688091023E+01
 2.236E-03  1.46840383828070E+01
 2.267E-03  1.49817693795654E+01
 2.298E-03  1.52847240221858E+01
 2.329E-03  1.55929641573015E+01
 2.361E-03  1.59065511980018E+01
 2.393E-03  1.62255460642593E+01
 2.426E-03  1.65500091211116E+01
 2.459E-03  1.68800001145544E+01
 2.493E-03  1.72155781051023E+01
 2.527E-03  1.75568013989803E+01
 2.561E-03  1.79037274769039E+01
 2.596E-03  1.82564129204104E+01
 2.632E-03  1.86149133357068E+01
 2.668E-03  1.89792832749946E+01
 2.704E-03  1.93495761552430E+01
 2.741E-03  1.97258441743775E+01
 2.778E-03  2.01081382248535E+01
 2.816E-03  2.04965078045888E+01
 2.855E-03  2.08910009252325E+01
 2.894E-03  2.12916640177462E+01
 2.933E-03  2.16985418352791E+01
 2.973E-03  2.21116773533244E+01
 3.014E-03  2.25311116671394E+01
 3.055E-03  2.29568838864281E+01
 3.097E-03  2.33890310272752E+01
 3.139E-03  2.38275879013350E+01
 3.182E-03  2.42725870022783E+01
 3.225E-03  2.47240583895054E+01
 3.269E-03  2.51820295691420E+01
 3.314E-03  2.56465253723312E+01
 3.359E-03  2.61175678308529E+01
 3.405E-03  2.65951760500995E+01
 3.452E-03  2.70793660794402E+01
 3.499E-03  2.75701507800245E+01
 3.546E-03  2.80675396900728E+01
 3.595E-03  2.85715388877079E+01
 3.644E-03  2.90821508514017E+01
 3.694E-03  2.95993743181015E+01
 3.744E-03  3.01232041391243E+01
 3.795E-03  3.06536311339091E+01
 3.847E-03  3.11906419417224E+01
 3.900E-03  3.17342188714350E+01
 3.953E-03  3.22843397494817E+01
 4.007E-03  3.28409777661401E+01
 4.061E-03  3.34041013202658E+01
 4.117E-03  3.39736738626383E+01
 4.173E-03  3.45496537380812E+01
 4.230E-03  3.51319940265306E+01
 4.288E-03  3.57206423832464E+01
 4.346E-03  3.63155408783600E+01
 4.406E-03  3.69166258359799E+01
 4.466E-03  3.75238276730799E+01
 4.527E-03  3.81370707384165E+01
 4.589E-03  3.87562731517297E+01
 4.651E-03  3.93813466435016E+01
 4.715E-03  4.00121963955613E+01
 4.779E-03  4.06487208828376E+01
 4.844E-03  4.12908117165820E+01
 4.911E-03  4.19383534893996E+01
 4.978E-03  4.25912236224352E+01
 5.046E-03  4.32492922150908E+01
 5.114E-03  4.39124218976622E+01
 5.184E-03  4.45804676872957E+01
 5.255E-03  4.52532768476930E+01
 5.327E-03  4.59306887530032E+01
 5.400E-03  4.66125347563641E+01
 5.473E-03  4.72986380635693E+01
 5.548E-03  4.79888136123546E+01
 5.624E-03  4.86828679578292E+01
 5.700E-03  4.93805991645741E+01
 5.778E-03  5.00817967059669E+01
 5.857E-03  5.07862413713013E+01
 5.937E-03  5.14937051812907E+01
 6.018E-03  5.22039513125639E+01
 6.100E-03  5.29167340317751E+01
 6.184E-03  5.36317986399712E+01
 6.268E-03  5.43488814278758E+01
 6.354E-03  5.50677096427641E+01
 6.440E-03  5.57880014676188E+01
 6.528E-03  5.65094660132731E+01
 6.617E-03  5.72318033242601E+01
 6.708E-03  5.79547043991006E+01
 6.799E-03  5.86778512257766E+01
 6.892E-03  5.94009168331464E+01
 6.986E-03  6.01235653590594E+01
 7.082E-03  6.08454521359602E+01
 7.178E-03  6.15662237947464E+01
 7.276E-03  6.22855183876784E+01
 7.376E-03  6.30029655311274E+01
 7.476E-03  6.37181865689490E+01
 7.578E-03  6.44307947572806E+01
 7.682E-03  6.51403954715479E+01
 7.787E-03  6.58465864364608E+01
 7.893E-03  6.65489579797802E+01
 8.001E-03  6.72470933106202E+01
 8.110E-03  6.79405688230324E+01
 8.221E-03  6.86289544256181E+01
 8.333E-03  6.93118138978815E+01
 8.447E-03  6.99887052740137E+01
 8.562E-03  7.06591812547882E+01
 8.679E-03  7.13227896481951E+01
 8.798E-03  7.19790738394254E+01
 8.918E-03  7.26275732907748E+01
 9.039E-03  7.32678240719839E+01
 9.163E-03  7.38993594215061E+01
 9.288E-03  7.45217103391216E+01
 9.415E-03  7.51344062102756E+01
 9.543E-03  7.57369754624533E+01
 9.674E-03  7.63289462538351E+01
 9.806E-03  7.69098471944119E+01
 9.940E-03  7.74792080996596E+01
 1.008E-02  7.80365607767926E+01
 1.021E-02  7.85814398435245E+01
 1.035E-02  7.91133835791809E+01
 1.049E-02  7.96319348079040E+01
 1.064E-02  8.01366418135827E+01
 1.078E-02  8.06270592860360E+01
 1.093E-02  8.11027492978677E+01
 1.108E-02  8.15632823112709E+01
 1.123E-02  8.20082382139511E+01
 1.138E-02  8.24372073831957E+01
 1.154E-02  8.28497917769735E+01
 1.170E-02  8.32456060508128E+01
 1.186E-02  8.36242786990485E+01
 1.202E-02  8.39854532188771E+01
 1.218E-02  8.43287892954897E+01
 1.235E-02  8.46539640063966E+01
 1.252E-02  8.49606730428782E+01
 1.269E-02  8.52486319463269E+01
 1.286E-02  8.55175773570558E+01
 1.304E-02  8.57672682729799E+01
 1.321E-02  8.59974873153743E+01
 1.339E-02  8.62080419987336E+01
 1.358E-02  8.63987660015641E+01
 1.376E-02  8.65695204347397E+01
 1.395E-02  8.67201951038651E+01
 1.414E-02  8.68507097618933E+01
 1.433E-02  8.69610153480441E+01
 1.453E-02  8.70510952088836E+01
 1.473E-02  8.71209662972320E+01
 1.493E-02  8.71706803443722E+01
 1.513E-02  8.72003250008532E+01
 1.534E-02  8.72100249410070E+01
 1.555E-02  8.71999429261097E+01
 1.576E-02  8.71702808209623E+01
 1.598E-02  8.71212805585124E+01
 1.619E-02  8.70532250469752E+01
 1.642E-02  8.69664390137888E+01
 1.664E-02  8.68612897806091E+01
 1.687E-02  8.67381879634342E+01
 1.710E-02  8.65975880918632E+01
 1.733E-02  8.64399891414035E+01
 1.757E-02  8.62659349726863E+01
 1.781E-02  8.60760146714104E+01
 1.805E-02  8.58708627828093E+01
 1.830E-02  8.56511594344438E+01
 1.855E-02  8.54176303411505E+01
 1.880E-02  8.51710466860262E+01
 1.906E-02  8.49122248714154E+01
 1.932E-02  8.46420261339743E+01
 1.958E-02  8.43613560180311E+01
 1.985E-02  8.40711637016301E+01
 2.012E-02  8.37724411698613E+01
 2.039E-02  8.34662222303167E+01
 2.067E-02  8.31535813657943E+01
 2.095E-02  8.28356324196887E+01
 2.124E-02  8.25135271098631E+01
 2.153E-02  8.21884533671919E+01
 2.182E-02  8.18616334954035E+01
 2.212E-02  8.15343221493257E+01
 2.242E-02  8.12078041291617E+01
 2.273E-02  8.08833919889861E+01
 2.304E-02  8.05624234582511E+01
 2.335E-02  8.02462586757516E+01
 2.367E-02  7.99362772361778E+01
 2.400E-02  7.96338750501288E+01
 2.432E-02  7.93404610192239E+01
 2.466E-02  7.90574535287748E+01
 2.499E-02  7.87862767613302E+01
 2.533E-02  7.85283568352996E+01
 2.568E-02  7.82851177737934E+01
 2.603E-02  7.80579773097792E+01
 2.639E-02  7.78483425346498E+01
 2.675E-02  7.76576053983206E+01
 2.711E-02  7.74871380700290E+01
 2.748E-02  7.73382881700756E+01
 2.786E-02  7.72123738838420E+01
 2.824E-02  7.71106789705250E+01
 2.862E-02  7.70344476801414E+01
 2.901E-02  7.69848795934800E+01
 2.941E-02  7.69631244007988E+01
 2.981E-02  7.69702766361799E+01
 3.022E-02  7.70073703855566E+01
 3.063E-02  7.70753739875189E+01
 3.105E-02  7.71751847470581E+01
 3.147E-02  7.73076236834472E+01
 3.190E-02  7.74734303344421E+01
 3.234E-02  7.76732576399377E+01
 3.278E-02  7.79076669291012E+01
 3.323E-02  7.81771230358411E+01
 3.368E-02  7.84819895682245E+01
 3.414E-02  7.88225243581434E+01
 3.461E-02  7.91988751181245E+01
 3.508E-02  7.96110753326774E+01
 3.556E-02  8.00590404119729E+01
 3.604E-02  8.05425641359306E+01
 3.654E-02  8.10613154169531E+01
 3.703E-02  8.16148354095839E+01
 3.754E-02  8.22025349952590E+01
 3.805E-02  8.28236926700737E+01
 3.857E-02  8.34774528630822E+01
 3.910E-02  8.41628247120865E+01
 3.963E-02  8.48786813231353E+01
 4.017E-02  8.56237595390478E+01
 4.072E-02  8.63966602411936E+01
 4.128E-02  8.71958492074826E+01
 4.184E-02  8.80196585480576E+01
 4.241E-02  8.88662887385270E+01
 4.299E-02  8.97338112687172E+01
 4.358E-02  9.06201719228765E+01
 4.417E-02  9.15231947050045E+01
 4.478E-02  9.24405864205341E+01
 4.539E-02  9.33699419229423E+01
 4.601E-02  9.43087500310174E+01
 4.664E-02  9.52544001194823E+01
 4.727E-02  9.62041893824434E+01
 4.792E-02  9.71553307657405E+01
 4.857E-02  9.81049615606995E+01
 4.924E-02  9.90501526480590E+01
 4.991E-02  9.99879183769626E+01
 5.059E-02  1.00915227059894E+02
 5.128E-02  1.01829012060295E+02
 5.198E-02  1.02726183445365E+02
 5.269E-02  1.03603640172230E+02
 5.341E-02  1.04458282771246E+02
 5.414E-02  1.05287026485817E+02
 5.488E-02  1.06086814823606E+02
 5.563E-02  1.06854633469606E+02
 5.639E-02  1.07587524507111E+02
 5.716E-02  1.08282600888267E+02
 5.794E-02  1.08937061091638E+02
 5.873E-02  1.09548203900078E+02
 5.953E-02  1.10113443228216E+02
 6.034E-02  1.10630322925076E+02
 6.116E-02  1.11096531473791E+02
 6.200E-02  1.11509916507080E+02
 6.285E-02  1.11868499054125E+02
 6.370E-02  1.12170487431881E+02
 6.457E-02  1.12414290691497E+02
 6.546E-02  1.12598531528733E+02
 6.635E-02  1.12722058565778E+02
 6.725E-02  1.12783957910993E+02
 6.817E-02  1.12783563902684E+02
 6.910E-02  1.12720468943218E+02
 7.005E-02  1.12594532330505E+02
 7.100E-02  1.12405887995348E+02
 7.197E-02  1.12154951055184E+02
 7.296E-02  1.11842423097515E+02
 7.395E-02  1.11469296109828E+02
 7.496E-02  1.11036854976999E+02
 7.598E-02  1.10546678472175E+02
 7.702E-02  1.10000638672880E+02
 7.807E-02  1.09400898740600E+02
 7.914E-02  1.08749909009448E+02
 8.022E-02  1.08050401337561E+02
 8.132E-02  1.07305381683778E+02
 8.243E-02  1.06518120881716E+02
 8.355E-02  1.05692143593727E+02
 8.469E-02  1.04831215438238E+02
 8.585E-02  1.03939328295627E+02
 8.702E-02  1.03020683810127E+02
 8.821E-02  1.02079675118024E+02
 8.941E-02  1.01120866845744E+02
 9.063E-02  1.00148973435143E+02
 9.187E-02  9.91688358673146E+01
 9.312E-02  9.81853968704952E+01
 9.440E-02  9.72036747120057E+01
 9.568E-02  9.62287356885574E+01
 9.699E-02  9.52656654435141E+01
 9.831E-02  9.43195392537454E+01
 9.966E-02  9.33953914423841E+01
 1.010E-01  9.24981840869791E+01
 1.024E-01  9.16327752050752E+01
 1.038E-01  9.08038866110109E+01
 1.052E-01  9.00160716485618E+01
 1.066E-01  8.92736830138246E+01
 1.081E-01  8.85808408912903E+01
 1.096E-01  8.79414016332679E+01
 1.111E-01  8.73589272185372E+01
 1.126E-01  8.68366557302266E+01
 1.141E-01  8.63774730952849E+01
 1.157E-01  8.59838863284596E+01
 1.173E-01  8.56579985222810E+01
 1.189E-01  8.54014858211240E+01
 1.205E-01  8.52155766118781E+01
 1.221E-01  8.51010331560619E+01
 1.238E-01  8.50581358783282E+01
 1.255E-01  8.50866705141855E+01
 1.272E-01  8.51859183054303E+01
 1.289E-01  8.53546494152427E+01
 1.307E-01  8.55911197161970E+01
 1.325E-01  8.58930710836427E+01
 1.343E-01  8.62577353041010E+01
 1.361E-01  8.66818416836285E+01
 1.380E-01  8.71616284146377E+01
 1.399E-01  8.76928577316230E+01
 1.418E-01  8.82708348567945E+01
 1.437E-01  8.88904307059903E+01
 1.457E-01  8.95461082936633E+01
 1.477E-01  9.02319527434737E+01
 1.497E-01  9.09417047783569E+01
 1.517E-01  9.16687975311604E+01
 1.538E-01  9.24063964843884E+01
 1.559E-01  9.31474423155627E+01
 1.580E-01  9.38846963935583E+01
 1.602E-01  9.46107886413236E+01
 1.624E-01  9.53182674519960E+01
 1.646E-01  9.59996513189083E+01
 1.668E-01  9.66474818156688E+01
 1.691E-01  9.72543775407113E+01
 1.714E-01  9.78130886217328E+01
 1.738E-01  9.83165513595561E+01
 1.761E-01  9.87579425784076E+01
 1.785E-01  9.91307332406178E+01
 1.810E-01  9.94287408785167E+01
 1.834E-01  9.96461803949647E+01
 1.860E-01  9.97777127866559E+01
 1.885E-01  9.98184913511243E+01
 1.911E-01  9.97642049493230E+01
 1.937E-01  9.96111179107340E+01
 1.963E-01  9.93561061871506E+01
 1.990E-01  9.89966893844935E+01
 2.017E-01  9.85310583291324E+01
 2.045E-01  9.79580978560549E+01
 2.073E-01  9.72774045406324E+01
 2.101E-01  9.64892991334668E+01
 2.130E-01  9.55948334985831E+01
 2.159E-01  9.45957918987738E+01
 2.188E-01  9.34946865178607E+01
 2.218E-01  9.22947471576784E+01
 2.248E-01  9.09999050973036E+01
 2.279E-01  8.96147711530620E+01
 2.310E-01  8.81446080297049E+01
 2.342E-01  8.65952971054168E+01
 2.374E-01  8.49732998455294E+01
 2.406E-01  8.32856140914933E+01
 2.439E-01  8.15397255223085E+01
 2.472E-01  7.97435546347279E+01
 2.506E-01  7.79053996356259E+01
 2.540E-01  7.60338756844350E+01
 2.575E-01  7.41378509649988E+01
 2.610E-01  7.22263801040480E+01
 2.646E-01  7.03086354872765E+01
 2.682E-01  6.83938370531964E+01
 2.718E-01  6.64911811691108E+01
 2.755E-01  6.46097692122331E+01
 2.793E-01  6.27585364918008E+01
 2.831E-01  6.09461821546360E+01
 2.870E-01  5.91811007166973E+01
 2.909E-01  5.74713158565287E+01
 2.949E-01  5.58244170930012E+01
 2.989E-01  5.42474999492950E+01
 3.030E-01  5.27471101777369E+01
 3.071E-01  5.13291925860309E+01
 3.113E-01  4.99990449648575E+01
 3.156E-01  4.87612775701351E+01
 3.199E-01  4.76197785609166E+01
 3.242E-01  4.65776857365105E+01
 3.287E-01  4.56373648546491E+01
 3.331E-01  4.48003947471110E+01
 3.377E-01  4.40675593809622E+01
 3.423E-01  4.34388469433342E+01
 3.470E-01  4.29134559562745E+01
 3.517E-01  4.24898083565171E+01
 3.565E-01  4.21655694038605E+01
 3.614E-01  4.19376742119835E+01
 3.663E-01  4.18023606277236E+01
 3.713E-01  4.17552081197843E+01
 3.764E-01  4.17911822761965E+01
 3.815E-01  4.19046844522722E+01
 3.867E-01  4.20896060578677E+01
 3.920E-01  4.23393869251294E+01
 3.974E-01  4.26470771561074E+01
 4.028E-01  4.30054018142655E+01
 4.083E-01  4.34068277955244E+01
 4.139E-01  4.38436321935319E+01
 4.195E-01  4.43079714607937E+01
 4.252E-01  4.47919506624354E+01
 4.311E-01  4.52876921229343E+01
 4.369E-01  4.57874027782448E+01
 4.429E-01  4.62834395662961E+01
 4.489E-01  4.67683722176631E+01
 4.551E-01  4.72350428449514E+01
 4.613E-01  4.76766217735800E+01
 4.676E-01  4.80866591075542E+01
 4.740E-01  4.84591315807070E+01
 4.804E-01  4.87884843058636E+01
 4.870E-01  4.90696671004722E+01
 4.936E-01  4.92981651363793E+01
 5.004E-01  4.94700237325312E+01
 5.072E-01  4.95818671813250E+01
 5.141E-01  4.96309115710171E+01
 5.212E-01  4.96149716369319E+01
 5.283E-01  4.95324617421957E+01
 5.355E-01  4.93823911533733E+01
 5.428E-01  4.91643538368736E+01
 5.502E-01  4.88785130575433E+01
 5.577E-01  4.85255811108561E+01
 5.653E-01  4.81067945640135E+01
 5.731E-01  4.76238854187160E+01
 5.809E-01  4.70790486390923E+01
 5.888E-01  4.64749065121428E+01
 5.969E-01  4.58144703250792E+01
 6.050E-01  4.51010998542033E+01
 6.133E-01  4.43384611636963E+01
 6.216E-01  4.35304832101650E+01
 6.301E-01  4.26813137404120E+01
 6.387E-01  4.17952749560850E+01
 6.474E-01  4.08768194001330E+01
 6.563E-01  3.99304864968695E+01
 6.652E-01  3.89608601504815E+01
 6.743E-01  3.79725277766025E+01
 6.835E-01  3.69700411086499E+01
 6.929E-01  3.59578790855861E+01
 7.023E-01  3.49404130911473E+01
 7.119E-01  3.39218747769143E+01
 7.216E-01  3.29063266633814E+01
 7.315E-01  3.18976356748754E+01
 7.415E-01  3.08994497262209E+01
 7.516E-01  2.99151774418333E+01
 7.618E-01  2.89479710518110E+01
 7.723E-01  2.80007124749117E+01
 7.828E-01  2.70760025653226E+01
 7.935E-01  2.61761534691228E+01
 8.043E-01  2.53031840075023E+01
 8.153E-01  2.44588179773380E+01
 8.264E-01  2.36444852357720E+01
 8.377E-01  2.28613254141304E+01
 8.491E-01  2.21101940879356E+01
 8.607E-01  2.13916712139750E+01
 8.725E-01  2.07060716324161E+01
 8.844E-01  2.00534574218094E+01
 8.965E-01  1.94336518874593E+01
 9.087E-01  1.88462549590175E+01
 9.211E-01  1.82906597711683E+01
 9.337E-01  1.77660702018194E+01
 9.464E-01  1.72715191451382E+01
 9.594E-01  1.68058873019229E+01
 9.725E-01  1.63679222769725E+01
 9.857E-01  1.59562577821323E+01
 9.992E-01  1.55694327543052E+01
 1.013E+00  1.52059102097330E+01
 1.027E+00  1.48640956690198E+01
 1.041E+00  1.45423550014700E+01
 1.055E+00  1.42390315521384E+01
 1.069E+00  1.39524624302998E+01
 1.084E+00  1.36809938536668E+01
 1.099E+00  1.34229954584112E+01
 1.114E+00  1.31768735007084E+01
 1.129E+00  1.29410828909688E+01
 1.144E+00  1.27141380170011E+01
 1.160E+00  1.24946223269420E+01
 1.176E+00  1.22811966567689E+01
 1.192E+00  1.20726063004917E+01
 1.208E+00  1.18676868336049E+01
 1.225E+00  1.16653687119988E+01
 1.241E+00  1.14646806792124E+01
 1.258E+00  1.12647520246172E+01
 1.275E+00  1.10648137437972E+01
 1.293E+00  1.08641986600170E+01
 1.310E+00  1.06623405722282E+01
 1.328E+00  1.04587725005404E+01
 1.347E+00  1.02531241044945E+01
 1.365E+00  1.00451183528246E+01
 1.384E+00  9.83456752572085E+00
 1.402E+00  9.62136863193808E+00
 1.422E+00  9.40549832348299E+00
 1.441E+00  9.18700739011230E+00
 1.461E+00  8.96601491454943E+00
 1.481E+00  8.74270216724470E+00
 1.501E+00  8.51730631674195E+00
 1.521E+00  8.29011402834824E+00
 1.542E+00  8.06145501991601E+00
 1.563E+00  7.83169563921868E+00
 1.584E+00  7.60123252271378E+00
 1.606E+00  7.37048639052102E+00
 1.628E+00  7.13989602727401E+00
 1.650E+00  6.90991249320627E+00
 1.673E+00  6.68099360447389E+00
 1.696E+00  6.45359871636194E+00
 1.719E+00  6.22818383772728E+00
 1.742E+00  6.00519709984913E+00
 1.766E+00  5.78507459783515E+00
 1.790E+00  5.56823661790555E+00
 1.815E+00  5.35508425928299E+00
 1.839E+00  5.14599645508015E+00
 1.864E+00  4.94132739252109E+00
 1.890E+00  4.74140432907324E+00
 1.916E+00  4.54652579761753E+00
 1.942E+00  4.35696019065012E+00
 1.968E+00  4.17294471069649E+00
 1.995E+00  3.99468467162632E+00
 2.022E+00  3.82235313338429E+00
 2.050E+00  3.65609085079236E+00
 2.078E+00  3.49600651552663E+00
 2.106E+00  3.34217726911864E+00
 2.135E+00  3.19464946386577E+00
 2.164E+00  3.05343964784869E+00
 2.194E+00  2.91853574983236E+00
 2.224E+00  2.78989843965809E+00
 2.254E+00  2.66746263980426E+00
 2.285E+00  2.55113916408726E+00
 2.316E+00  2.44081645997638E+00
 2.348E+00  2.33636243169127E+00
 2.380E+00  2.23762632212032E+00
 2.412E+00  2.14444063262470E+00
 2.445E+00  2.05662306095810E+00
 2.479E+00  1.97397843881519E+00
 2.513E+00  1.89630065190352E+00
 2.547E+00  1.82337452689202E+00
 2.582E+00  1.75497767110395E+00
 2.617E+00  1.69088225237082E+00
 2.653E+00  1.63085670802643E+00
 2.689E+00  1.57466737357517E+00
 2.725E+00  1.52208002309721E+00
 2.763E+00  1.47286131493718E+00
 2.800E+00  1.42678013764577E+00
 2.839E+00  1.38360885249162E+00
 2.877E+00  1.34312443012205E+00
 2.917E+00  1.30510948011697E+00
 2.956E+00  1.26935317324390E+00
 2.997E+00  1.23565205718002E+00
 3.038E+00  1.20381076731858E+00
 3.079E+00  1.17364263502256E+00
 3.121E+00  1.14497019633202E+00
 3.164E+00  1.11762560467687E+00
 3.207E+00  1.09145095160147E+00
 3.251E+00  1.06629849987639E+00
 3.295E+00  1.04203083366543E+00
 3.340E+00  1.01852093063870E+00
 3.386E+00  9.95652161083110E-01
 3.432E+00  9.73318219167730E-01
 3.479E+00  9.51422991579431E-01
 3.526E+00  9.29880368759998E-01
 3.575E+00  9.08614003955739E-01
 3.623E+00  8.87557025238733E-01
 3.673E+00  8.66651705579939E-01
 3.723E+00  8.45849095951921E-01
 3.774E+00  8.25108626316244E-01
 3.825E+00  8.04397679210322E-01
 3.878E+00  7.83691140493017E-01
 3.930E+00  7.62970931639636E-01
 3.984E+00  7.42225527797039E-01
 4.039E+00  7.21449465619747E-01
 4.094E+00  7.00642844709940E-01
 4.150E+00  6.79810826279192E-01
 4.206E+00  6.58963132439055E-01
 4.264E+00  6.38113549312334E-01
 4.322E+00  6.17279436938238E-01
 4.381E+00  5.96481248723591E-01
 4.441E+00  5.75742062969987E-01
 4.501E+00  5.55087128784209E-01
 4.563E+00  5.34543428457205E-01
 4.625E+00  5.14139258176451E-01
 4.688E+00  4.93903828718354E-01
 4.752E+00  4.73866887552243E-01
 4.817E+00  4.54058363576162E-01
 4.883E+00  4.34508035497824E-01
 4.950E+00  4.15245224672129E-01
 5.017E+00  3.96298513010367E-01
 5.086E+00  3.77695486385893E-01
 5.155E+00  3.59462503777259E-01
 5.225E+00  3.41624492212898E-01
 5.297E+00  3.24204767411860E-01
 5.369E+00  3.07224879853251E-01
 5.442E+00  2.90704485853203E-01
 5.517E+00  2.74661243082880E-01
 5.592E+00  2.59110729824512E-01
 5.668E+00  2.44066387135146E-01
 5.746E+00  2.29539482970153E-01
 5.824E+00  2.15539097210819E-01
 5.904E+00  2.02072126443096E-01
 5.984E+00  1.89143307248094E-01
 6.066E+00  1.76755256689551E-01
 6.149E+00  1.64908528619737E-01
 6.233E+00  1.53601684373215E-01
 6.318E+00  1.42831376377992E-01
 6.404E+00  1.32592443185934E-01
 6.491E+00  1.22878014409115E-01
 6.580E+00  1.13679624045914E-01
 6.670E+00  1.04987330690229E-01
 6.761E+00  9.67898431388343E-02
 6.853E+00  8.90746499454526E-02
 6.947E+00  8.18281515149876E-02
 7.042E+00  7.50357933871294E-02
 7.138E+00  6.86821994243655E-02
 7.235E+00  6.27513036945697E-02
 7.334E+00  5.72264799218049E-02
 7.434E+00  5.20906674696986E-02
 7.536E+00  4.73264929186037E-02
 7.639E+00  4.29163863994929E-02
 7.743E+00  3.88426919528730E-02
 7.849E+00  3.50877712886076E-02
 7.956E+00  3.16341004310780E-02
 8.064E+00  2.84643588422487E-02
 8.174E+00  2.55615107216434E-02
 8.286E+00  2.29088782857430E-02
 8.399E+00  2.04902069287028E-02
 8.514E+00  1.82897222605169E-02
 8.630E+00  1.62921791068451E-02
 8.748E+00  1.44829026358554E-02
 8.867E+00  1.28478218509373E-02
 8.988E+00  1.13734957534657E-02
 9.111E+00  1.00471325365673E-02
 9.235E+00  8.85660221882223E-03
 9.362E+00  7.79044316596051E-03
 9.489E+00  6.83786297894047E-03
 9.619E+00  5.98873424854354E-03
 9.750E+00  5.23358569011445E-03
 9.883E+00  4.56358917776572E-03
 1.002E+01  3.97054319579503E-03
 1.016E+01  3.44685321685227E-03
 1.029E+01  2.98550950223479E-03
 1.043E+01  2.58006280031211E-03
 1.058E+01  2.22459839524897E-03
 1.072E+01  1.91370893067840E-03
 1.087E+01  1.64246640254355E-03
 1.102E+01  1.40639368272562E-03
 1.117E+01  1.20143590102198E-03
 1.132E+01  1.02393197820579E-03
 1.147E+01  8.70586567906819E-04
 1.163E+01  7.38442630460998E-04
 1.179E+01  6.24854828180703E-04
 1.195E+01  5.27463899124168E-04
 1.211E+01  4.44172135747990E-04
 1.228E+01  3.73120066098379E-04
 1.245E+01  3.12664408654433E-04
 1.262E+01  2.61357347735111E-04
 1.279E+01  2.17927154615759E-04
 1.296E+01  1.81260160208698E-04
 1.314E+01  1.50384068336561E-04
 1.332E+01  1.24452584213201E-04
 1.350E+01  1.02731320655297E-04
 1.368E+01  8.45849346582672E-05
 1.387E+01  6.94654391388089E-05
 1.406E+01  5.69016287115642E-05
 1.425E+01  4.64895541550068E-05
 1.445E+01  3.78839775510793E-05
 1.464E+01  3.07907387711741E-05
 1.484E+01  2.49599638464531E-05
 1.505E+01  2.01800466272226E-05
 1.525E+01  1.62723368361578E-05
 1.546E+01  1.30864699960032E-05
 1.567E+01  1.04962776182381E-05
 1.589E+01  8.39621934269953E-06
 1.610E+01  6.69828230055623E-06
 1.632E+01  5.32929672972682E-06
 1.655E+01  4.22862071218523E-06
 1.677E+01  3.34615074947297E-06
 1.700E+01  2.64061868196893E-06
 1.723E+01  2.07813913689624E-06
 1.747E+01  1.63097521861847E-06
 1.771E+01  1.27649350145049E-06
 1.795E+01  9.96282527884688E-07
 1.819E+01  7.75411939459153E-07
 1.844E+01  6.01812065828234E-07
 1.869E+01  4.65756268406895E-07
 1.895E+01  3.59433391983791E-07
 1.921E+01  2.76609090333293E-07
 1.947E+01  2.12276323249546E-07
 1.974E+01  1.62449586682205E-07
 2.000E+01  1.23968725549263E-07
 2.028E+01  9.43357394287481E-08
 2.055E+01  7.15821318723266E-08
 2.084E+01  5.41614598112897E-08
 2.112E+01  4.08625963332666E-08
 2.141E+01  3.07399553700831E-08
 2.170E+01  2.30575545593052E-08
 2.200E+01  1.72443259186803E-08
 2.230E+01  1.28585350500923E-08
 2.260E+01  9.55954929204278E-09
 2.291E+01  7.08551339040961E-09
 2.322E+01  5.23575662058655E-09
 2.354E+01  3.85697563100524E-09
 2.386E+01  2.83241941212372E-09
 2.419E+01  2.07345268460433E-09
 2.452E+01  1.51299681415154E-09
 2.485E+01  1.10044755307593E-09
 2.519E+01  7.97750295814792E-10
 2.554E+01  5.76379365994409E-10
 2.588E+01  4.15020875707973E-10
 2.624E+01  2.97801227257279E-10
 2.660E+01  2.12937299758433E-10
 2.696E+01  1.51711388900875E-10
 2.733E+01  1.07695381308596E-10
 2.770E+01  7.61655432962740E-11
 2.808E+01  5.36625865846742E-11
 2.846E+01  3.76620735193476E-11
 2.885E+01  2.63283356814451E-11
 2.924E+01  1.83313818924667E-11
 2.964E+01  1.27111494548752E-11
 3.005E+01  8.77721370548631E-12
 3.046E+01  6.03496035041075E-12
 3.087E+01  4.13143643712272E-12
 3.130E+01  2.81578202993885E-12
 3.172E+01  1.91042566179858E-12
 3.216E+01  1.29019621493432E-12
 3.259E+01  8.67235030217675E-13
 3.304E+01  5.80141342893722E-13
 3.349E+01  3.86195274583267E-13
 3.395E+01  2.55809167272499E-13
 3.441E+01  1.68585749843400E-13
 3.488E+01  1.10530106372919E-13
 3.536E+01  7.20865803133676E-14
 3.584E+01  4.67628869185115E-14
 3.633E+01  3.01703276327417E-14
 3.683E+01  1.93574950509192E-14
 3.733E+01  1.23500052996285E-14
 3.784E+01  7.83415697797754E-15
 3.835E+01  4.94063374451559E-15
 3.888E+01  3.09739280316828E-15
 3.941E+01  1.93014950069106E-15
 3.995E+01  1.19543037260548E-15
 4.049E+01  7.35789775649727E-16
 4.104E+01  4.50024954775145E-16
 4.161E+01  2.73482716453508E-16
 4.217E+01  1.65116490789553E-16
 4.275E+01  9.90318521106349E-17
 4.333E+01  5.89983159406086E-17
 4.392E+01  3.49092676385233E-17
 4.452E+01  2.05132374182942E-17
 4.513E+01  1.19694943201661E-17
 4.575E+01  6.93459762002712E-18
 4.637E+01  3.98865538738066E-18
 4.701E+01  2.27744594980053E-18
 4.765E+01  1.29075524717346E-18
 4.830E+01  7.26063930169136E-19
 4.896E+01  4.05328996961569E-19
 4.963E+01  2.24553757245434E-19
 5.030E+01  1.23456089796809E-19
 5.099E+01  6.73636574989313E-20
 5.169E+01  3.64906410478183E-20
 5.239E+01  1.96361799967922E-20
 5.311E+01  1.05106616561374E-20
 5.383E+01  5.61127643189519E-21
 5.457E+01  3.00355667903568E-21
 5.531E+01  1.62838312078127E-21
 5.607E+01  0.00000000000000E+00
 5.683E+01  0.00000000000000E+00
 5.761E+01  0.00000000000000E+00
 5.839E+01  0.00000000000000E+00
 5.919E+01  0.00000000000000E+00
 6.000E+01  0.00000000000000E+00
