./ilogA is logfile.
./chgdenGd calculation starts
rmin,rmax=  1.56E-08  2.50E+01
  16907.48431510  -9855.88592929      0.30000000    1
   1071.01054536 -10607.45836031      0.30000000    1
    663.15297755 -10983.34455692      0.30000000    1
    400.14564111 -11152.70771875      0.30000000    1
    235.06642712 -11220.02948418      0.30000000    1
    134.85394091 -11243.26372585      0.30000000    1
     76.29601382 -11250.30982086      0.30000000    1
     43.36433205 -11252.36301875      0.30000000    1
     25.34657836 -11253.04303605      0.30000000    1
     15.47897767 -11253.31536281      0.30000000    1
      9.84478829 -11253.43372885      0.30000000    1
      6.41668978 -11253.48499862      0.30000000    1
      4.22632795 -11253.50660163      0.30000000    1
      2.79341664 -11253.51542593      0.30000000    1
      1.84843943 -11253.51893649      0.30000000    1
      1.22407300 -11253.52031287      0.30000000    1
      0.81141296 -11253.52085315      0.30000000    1
      0.53855934 -11253.52106857      0.30000000    1
      0.35798971 -11253.52115662      0.30000000    1
      0.23834718 -11253.52119364      0.30000000    1
      0.15896076 -11253.52120963      0.30000000    1
      0.10620219 -11253.52121671      0.30000000    1
      0.07108028 -11253.52121990      0.30000000    1
      0.04765744 -11253.52122137      0.30000000    1
      0.03200795 -11253.52122205      0.30000000    1
      0.02153272 -11253.52122237      0.30000000    1
      0.01450818 -11253.52122252      0.30000000    1
      0.00978933 -11253.52122259      0.30000000    1
      0.00661406 -11253.52122263      0.30000000    1
      0.00447409 -11253.52122265      0.30000000    1
      0.00302977 -11253.52122265      0.30000000    1
      0.00205368 -11253.52122266      0.30000000    1
      0.00139322 -11253.52122266      0.30000000    1
      0.00094586 -11253.52122266      0.30000000    1
      0.00064255 -11253.52122266      0.30000000    1
      0.00043673 -11253.52122266      0.30000000    1
      0.00000000 -11253.52122266      1.00000000    2
      0.00000000 -11253.52122266      1.00000000    3
    1   0 0  -1/2   1    2.0000      -1827.512555
    2   0 0  -1/2   1    2.0000       -302.005468
    2   1 1  -1/2   1    2.0000       -287.077406
    2   1 1  -3/2   1    4.0000       -261.791406
    3   0 0  -1/2   1    2.0000        -66.969453
    3   1 1  -1/2   1    2.0000        -60.443037
    3   1 1  -3/2   1    4.0000        -55.253145
    3   2 2  -3/2   1    4.0000        -43.898363
    3   2 2  -5/2   1    6.0000        -42.761539
    4   0 0  -1/2   1    2.0000        -13.467045
    4   1 1  -1/2   1    2.0000        -10.919045
    4   1 1  -3/2   1    4.0000         -9.756721
    4   2 2  -3/2   1    4.0000         -5.537590
    4   2 2  -5/2   1    6.0000         -5.326484
    5   0 0  -1/2   1    2.0000         -1.822589
    5   1 1  -1/2   1    2.0000         -1.116921
    5   1 1  -3/2   1    4.0000         -0.956285
    4   3 3  -5/2   1    3.0000         -0.348285
    4   3 3  -7/2   1    4.0000         -0.320364
    5   2 2  -3/2   1    0.4000         -0.105649
    5   2 2  -5/2   1    0.6000         -0.095679
    6   0 0  -1/2   1    2.0000         -0.156390
 total energy =   -1.12535212226621E+04 -3.06224067398348E+05
