                       Supplemental Material

     Low-energy electron diffraction with energy-invariant carrier-wave
         wavenumber modulated by exchange-correlation interaction

        John Rundgren,1, Bo E. Sernelius,2, and Wolfgang Moritz,3 

  1,Department of Physics, KTH Royal Institute of Technology, 10691 Stockholm,
                                 Sweden
     2,Department of Physics, Chemistry and Biology, Linköping University,
                           58183 Linköping, Sweden
3,Department of Earth and Environmental Sciences, Ludwig-Maximilians-University,
                   Theresienstrasse 41, 80333 Munich, Germany

!FORTRAN MODULE SDATA with PROGRAM RESHAPE SDATA
 module sdata
 implicit none
!Self-energy data by B.E.Sernelius.
!Ref.: K.W.Shung, B.E.Sernelius, and G.D.Mahan, PRB 36,4499 (1987).
 integer,parameter :: nsr=17,nsp=151
 real*8,dimension(nsr),parameter :: sr=(/&
 0.00d0,0.01d0,0.02d0,0.05d0,0.10d0,0.20d0,0.30d0,0.40d0,0.50d0,0.70d0,1.00d0,1.50d0,2.00d0,3.00d0,&
 4.00d0,5.00d0,6.00d0/)
 real*8,dimension(nsp),parameter :: sp=(/&
 0.00d0,0.02d0,0.04d0,0.06d0,0.08d0,0.10d0,0.12d0,0.14d0,0.16d0,0.18d0,0.20d0,0.22d0,0.24d0,0.26d0,&
 0.28d0,0.30d0,0.32d0,0.34d0,0.36d0,0.38d0,0.40d0,0.42d0,0.44d0,0.46d0,0.48d0,0.50d0,0.52d0,0.54d0,&
 0.56d0,0.58d0,0.60d0,0.62d0,0.64d0,0.66d0,0.68d0,0.70d0,0.72d0,0.74d0,0.76d0,0.78d0,0.80d0,0.82d0,&
 0.84d0,0.86d0,0.88d0,0.90d0,0.92d0,0.94d0,0.96d0,0.98d0,1.00d0,1.02d0,1.04d0,1.06d0,1.08d0,1.10d0,&
 1.12d0,1.14d0,1.16d0,1.18d0,1.20d0,1.22d0,1.24d0,1.26d0,1.28d0,1.30d0,1.32d0,1.34d0,1.36d0,1.38d0,&
 1.40d0,1.42d0,1.44d0,1.46d0,1.48d0,1.50d0,1.52d0,1.54d0,1.56d0,1.58d0,1.60d0,1.62d0,1.64d0,1.66d0,&
 1.68d0,1.70d0,1.72d0,1.74d0,1.76d0,1.78d0,1.80d0,1.82d0,1.84d0,1.86d0,1.88d0,1.90d0,1.92d0,1.94d0,&
 1.96d0,1.98d0,2.00d0,2.02d0,2.04d0,2.06d0,2.08d0,2.10d0,2.12d0,2.14d0,2.16d0,2.18d0,2.20d0,2.22d0,&
 2.24d0,2.26d0,2.28d0,2.30d0,2.32d0,2.34d0,2.36d0,2.38d0,2.40d0,2.42d0,2.44d0,2.46d0,2.48d0,2.50d0,&
 2.52d0,2.54d0,2.56d0,2.58d0,2.60d0,2.62d0,2.64d0,2.66d0,2.68d0,2.70d0,2.72d0,2.74d0,2.76d0,2.78d0,&
 2.80d0,2.82d0,2.84d0,2.86d0,2.88d0,2.90d0,2.92d0,2.94d0,2.96d0,2.98d0,3.00d0/)
 real*8 :: sdat(nsp,nsr)
 real*8,dimension(nsp*nsr),parameter :: sdat1=(/&
-0.66340d0,-0.66330d0,-0.66310d0,-0.66260d0,-0.66200d0,-0.66120d0,-0.66020d0,-0.65910d0,-0.65770d0,-0.65620d0,-0.65450d0,&
-0.65260d0,-0.65050d0,-0.64830d0,-0.64580d0,-0.64320d0,-0.64030d0,-0.63720d0,-0.63400d0,-0.63050d0,-0.62680d0,-0.62290d0,&
-0.61880d0,-0.61450d0,-0.60990d0,-0.60500d0,-0.60000d0,-0.59460d0,-0.58900d0,-0.58310d0,-0.57700d0,-0.57050d0,-0.56370d0,&
-0.55660d0,-0.54920d0,-0.54130d0,-0.53310d0,-0.52450d0,-0.51540d0,-0.50580d0,-0.49570d0,-0.48500d0,-0.47370d0,-0.46160d0,&
-0.44870d0,-0.43480d0,-0.41970d0,-0.40310d0,-0.38440d0,-0.36250d0,-0.33170d0,-0.30140d0,-0.28060d0,-0.26330d0,-0.24850d0,&
-0.23530d0,-0.22350d0,-0.21290d0,-0.20310d0,-0.19420d0,-0.18590d0,-0.17820d0,-0.17110d0,-0.16450d0,-0.15820d0,-0.15240d0,&
-0.14690d0,-0.14180d0,-0.13690d0,-0.13230d0,-0.12790d0,-0.12380d0,-0.11990d0,-0.11620d0,-0.11260d0,-0.10930d0,-0.10610d0,&
-0.10300d0,-0.10010d0,-0.09727d0,-0.09459d0,-0.09203d0,-0.08958d0,-0.08722d0,-0.08496d0,-0.08280d0,-0.08071d0,-0.07870d0,&
-0.07678d0,-0.07493d0,-0.07314d0,-0.07142d0,-0.06977d0,-0.06817d0,-0.06662d0,-0.06513d0,-0.06369d0,-0.06230d0,-0.06096d0,&
-0.05965d0,-0.05840d0,-0.05718d0,-0.05600d0,-0.05486d0,-0.05375d0,-0.05267d0,-0.05163d0,-0.05062d0,-0.04964d0,-0.04869d0,&
-0.04777d0,-0.04687d0,-0.04600d0,-0.04515d0,-0.04433d0,-0.04353d0,-0.04275d0,-0.04199d0,-0.04125d0,-0.04054d0,-0.03984d0,&
-0.03916d0,-0.03849d0,-0.03785d0,-0.03722d0,-0.03660d0,-0.03600d0,-0.03542d0,-0.03485d0,-0.03429d0,-0.03375d0,-0.03322d0,&
-0.03270d0,-0.03220d0,-0.03170d0,-0.03122d0,-0.03075d0,-0.03029d0,-0.02984d0,-0.02940d0,-0.02897d0,-0.02855d0,-0.02814d0,&
-0.02773d0,-0.02734d0,-0.02696d0,-0.02658d0,-0.02621d0,-0.02585d0,-0.02549d0,-0.02515d0,-0.61980d0,-0.61970d0,-0.61950d0,&
-0.61920d0,-0.61870d0,-0.61800d0,-0.61720d0,-0.61620d0,-0.61500d0,-0.61360d0,-0.61210d0,-0.61040d0,-0.60840d0,-0.60630d0,&
-0.60400d0,-0.60150d0,-0.59880d0,-0.59590d0,-0.59280d0,-0.58950d0,-0.58600d0,-0.58220d0,-0.57830d0,-0.57410d0,-0.56970d0,&
-0.56500d0,-0.56010d0,-0.55500d0,-0.54960d0,-0.54390d0,-0.53790d0,-0.53170d0,-0.52510d0,-0.51820d0,-0.51100d0,-0.50340d0,&
-0.49550d0,-0.48710d0,-0.47830d0,-0.46910d0,-0.45940d0,-0.44910d0,-0.43830d0,-0.42690d0,-0.41490d0,-0.40230d0,-0.38920d0,&
-0.37560d0,-0.36180d0,-0.34750d0,-0.33290d0,-0.31990d0,-0.30740d0,-0.29630d0,-0.28700d0,-0.27060d0,-0.25900d0,-0.24830d0,&
-0.23830d0,-0.22900d0,-0.22050d0,-0.21250d0,-0.20500d0,-0.19800d0,-0.19150d0,-0.18530d0,-0.17950d0,-0.17400d0,-0.16880d0,&
-0.16390d0,-0.15930d0,-0.15490d0,-0.15060d0,-0.14660d0,-0.14280d0,-0.13920d0,-0.13570d0,-0.13240d0,-0.12920d0,-0.12620d0,&
-0.12330d0,-0.12050d0,-0.11780d0,-0.11520d0,-0.11270d0,-0.11030d0,-0.10800d0,-0.10580d0,-0.10370d0,-0.10170d0,-0.09967d0,&
-0.09776d0,-0.09591d0,-0.09412d0,-0.09240d0,-0.09073d0,-0.08911d0,-0.08754d0,-0.08603d0,-0.08456d0,-0.08314d0,-0.08176d0,&
-0.08042d0,-0.07912d0,-0.07786d0,-0.07663d0,-0.07544d0,-0.07428d0,-0.07316d0,-0.07206d0,-0.07100d0,-0.06996d0,-0.06895d0,&
-0.06797d0,-0.06701d0,-0.06608d0,-0.06517d0,-0.06429d0,-0.06343d0,-0.06259d0,-0.06177d0,-0.06097d0,-0.06018d0,-0.05942d0,&
-0.05860d0,-0.05794d0,-0.05723d0,-0.05653d0,-0.05585d0,-0.05518d0,-0.05453d0,-0.05389d0,-0.05327d0,-0.05266d0,-0.05206d0,&
-0.05147d0,-0.05090d0,-0.05034d0,-0.04979d0,-0.04925d0,-0.04873d0,-0.04821d0,-0.04773d0,-0.04723d0,-0.04675d0,-0.04628d0,&
-0.04581d0,-0.04536d0,-0.04493d0,-0.04450d0,-0.04407d0,-0.60270d0,-0.60270d0,-0.60250d0,-0.60210d0,-0.60170d0,-0.60110d0,&
-0.60030d0,-0.59930d0,-0.59820d0,-0.59690d0,-0.59540d0,-0.59380d0,-0.59190d0,-0.58990d0,-0.58770d0,-0.58530d0,-0.58270d0,&
-0.57980d0,-0.57680d0,-0.57360d0,-0.57020d0,-0.56650d0,-0.56270d0,-0.55860d0,-0.55430d0,-0.54970d0,-0.54490d0,-0.53990d0,&
-0.53450d0,-0.52900d0,-0.52310d0,-0.51700d0,-0.51050d0,-0.50380d0,-0.49670d0,-0.48930d0,-0.48150d0,-0.47330d0,-0.46480d0,&
-0.45580d0,-0.44640d0,-0.43660d0,-0.42630d0,-0.41570d0,-0.40470d0,-0.39340d0,-0.38190d0,-0.37030d0,-0.35840d0,-0.34630d0,&
-0.33390d0,-0.32240d0,-0.31130d0,-0.30100d0,-0.29130d0,-0.28190d0,-0.27220d0,-0.26220d0,-0.25250d0,-0.24330d0,-0.23470d0,&
-0.22660d0,-0.21900d0,-0.21190d0,-0.20520d0,-0.19880d0,-0.19290d0,-0.18730d0,-0.18190d0,-0.17690d0,-0.17210d0,-0.16750d0,&
-0.16320d0,-0.15900d0,-0.15510d0,-0.15130d0,-0.14770d0,-0.14430d0,-0.14100d0,-0.13790d0,-0.13480d0,-0.13190d0,-0.12910d0,&
-0.12650d0,-0.12390d0,-0.12140d0,-0.11900d0,-0.11670d0,-0.11450d0,-0.11230d0,-0.11030d0,-0.10830d0,-0.10630d0,-0.10450d0,&
-0.10270d0,-0.10090d0,-0.09924d0,-0.09760d0,-0.09601d0,-0.09440d0,-0.09297d0,-0.09150d0,-0.09012d0,-0.08875d0,-0.08742d0,&
-0.08613d0,-0.08488d0,-0.08366d0,-0.08247d0,-0.08132d0,-0.08019d0,-0.07910d0,-0.07803d0,-0.07699d0,-0.07598d0,-0.07499d0,&
-0.07403d0,-0.07309d0,-0.07218d0,-0.07128d0,-0.07041d0,-0.06956d0,-0.06872d0,-0.06791d0,-0.06712d0,-0.06634d0,-0.06558d0,&
-0.06484d0,-0.06411d0,-0.06340d0,-0.06271d0,-0.06203d0,-0.06136d0,-0.06071d0,-0.06008d0,-0.05945d0,-0.05884d0,-0.05824d0,&
-0.05765d0,-0.05707d0,-0.05651d0,-0.05596d0,-0.05541d0,-0.05488d0,-0.05435d0,-0.05384d0,-0.05333d0,-0.05284d0,-0.05235d0,&
-0.05187d0,-0.05141d0,-0.57140d0,-0.57130d0,-0.57110d0,-0.57080d0,-0.57040d0,-0.56980d0,-0.56910d0,-0.56820d0,-0.56720d0,&
-0.56600d0,-0.56470d0,-0.56310d0,-0.56140d0,-0.55950d0,-0.55750d0,-0.55520d0,-0.55280d0,-0.55010d0,-0.54730d0,-0.54430d0,&
-0.54100d0,-0.53760d0,-0.53390d0,-0.53000d0,-0.52590d0,-0.52160d0,-0.51700d0,-0.51220d0,-0.50720d0,-0.50190d0,-0.49630d0,&
-0.49050d0,-0.48440d0,-0.47800d0,-0.47130d0,-0.46440d0,-0.45710d0,-0.44960d0,-0.44180d0,-0.43380d0,-0.42560d0,-0.41710d0,&
-0.40860d0,-0.39990d0,-0.39120d0,-0.38240d0,-0.37350d0,-0.36440d0,-0.35530d0,-0.34590d0,-0.33650d0,-0.32740d0,-0.31860d0,&
-0.31020d0,-0.30230d0,-0.29460d0,-0.28780d0,-0.28130d0,-0.27630d0,-0.26990d0,-0.26200d0,-0.25410d0,-0.24650d0,-0.23920d0,&
-0.23230d0,-0.22580d0,-0.21950d0,-0.21360d0,-0.20800d0,-0.20260d0,-0.19750d0,-0.19270d0,-0.18800d0,-0.18360d0,-0.17940d0,&
-0.17540d0,-0.17150d0,-0.16780d0,-0.16430d0,-0.16090d0,-0.15760d0,-0.15450d0,-0.15150d0,-0.14860d0,-0.14580d0,-0.14320d0,&
-0.14060d0,-0.13810d0,-0.13570d0,-0.13330d0,-0.13110d0,-0.12890d0,-0.12680d0,-0.12480d0,-0.12280d0,-0.12090d0,-0.11910d0,&
-0.11730d0,-0.11550d0,-0.11390d0,-0.11220d0,-0.11060d0,-0.10910d0,-0.10760d0,-0.10610d0,-0.10470d0,-0.10330d0,-0.10200d0,&
-0.10070d0,-0.09939d0,-0.09815d0,-0.09694d0,-0.09575d0,-0.09460d0,-0.09348d0,-0.09238d0,-0.09131d0,-0.09026d0,-0.08924d0,&
-0.08825d0,-0.08727d0,-0.08632d0,-0.08539d0,-0.08448d0,-0.08359d0,-0.08272d0,-0.08186d0,-0.08103d0,-0.08021d0,-0.07941d0,&
-0.07863d0,-0.07786d0,-0.07711d0,-0.07638d0,-0.07566d0,-0.07495d0,-0.07425d0,-0.07357d0,-0.07290d0,-0.07225d0,-0.07161d0,&
-0.07098d0,-0.07036d0,-0.06975d0,-0.06915d0,-0.06857d0,-0.06799d0,-0.06743d0,-0.06687d0,-0.06633d0,-0.06579d0,-0.54000d0,&
-0.54000d0,-0.53980d0,-0.53950d0,-0.53910d0,-0.53850d0,-0.53780d0,-0.53700d0,-0.53600d0,-0.53490d0,-0.53370d0,-0.53230d0,&
-0.53070d0,-0.52890d0,-0.52700d0,-0.52490d0,-0.52270d0,-0.52020d0,-0.51760d0,-0.51480d0,-0.51170d0,-0.50850d0,-0.50510d0,&
-0.50150d0,-0.49770d0,-0.49370d0,-0.48940d0,-0.48500d0,-0.48030d0,-0.47540d0,-0.47030d0,-0.46500d0,-0.45950d0,-0.45380d0,&
-0.44790d0,-0.44180d0,-0.43560d0,-0.42920d0,-0.42270d0,-0.41620d0,-0.40950d0,-0.40290d0,-0.39620d0,-0.38940d0,-0.38260d0,&
-0.37580d0,-0.36880d0,-0.36180d0,-0.35470d0,-0.34740d0,-0.34010d0,-0.33300d0,-0.32610d0,-0.31940d0,-0.31310d0,-0.30700d0,&
-0.30140d0,-0.29600d0,-0.29120d0,-0.28650d0,-0.28240d0,-0.28030d0,-0.27580d0,-0.26920d0,-0.26250d0,-0.25590d0,-0.24950d0,&
-0.24330d0,-0.23740d0,-0.23170d0,-0.22630d0,-0.22110d0,-0.21610d0,-0.21140d0,-0.20680d0,-0.20250d0,-0.19830d0,-0.19430d0,&
-0.19050d0,-0.18680d0,-0.18330d0,-0.17990d0,-0.17660d0,-0.17350d0,-0.17050d0,-0.16750d0,-0.16470d0,-0.16200d0,-0.15940d0,&
-0.15680d0,-0.15440d0,-0.15200d0,-0.14970d0,-0.14750d0,-0.14530d0,-0.14320d0,-0.14120d0,-0.13920d0,-0.13730d0,-0.13550d0,&
-0.13370d0,-0.13190d0,-0.13020d0,-0.12850d0,-0.12690d0,-0.12530d0,-0.12380d0,-0.12230d0,-0.12090d0,-0.11950d0,-0.11810d0,&
-0.11670d0,-0.11540d0,-0.11410d0,-0.11290d0,-0.11170d0,-0.11050d0,-0.10930d0,-0.10820d0,-0.10700d0,-0.10590d0,-0.10490d0,&
-0.10380d0,-0.10280d0,-0.10180d0,-0.10080d0,-0.09988d0,-0.09894d0,-0.09802d0,-0.09712d0,-0.09623d0,-0.09537d0,-0.09452d0,&
-0.09369d0,-0.09287d0,-0.09207d0,-0.09129d0,-0.09051d0,-0.08976d0,-0.08902d0,-0.08829d0,-0.08757d0,-0.08687d0,-0.08618d0,&
-0.08550d0,-0.08483d0,-0.08417d0,-0.08353d0,-0.08289d0,-0.08227d0,-0.08166d0,-0.50230d0,-0.50220d0,-0.50210d0,-0.50180d0,&
-0.50140d0,-0.50090d0,-0.50020d0,-0.49940d0,-0.49860d0,-0.49750d0,-0.49640d0,-0.49510d0,-0.49370d0,-0.49210d0,-0.49040d0,&
-0.48860d0,-0.48650d0,-0.48440d0,-0.48200d0,-0.47960d0,-0.47690d0,-0.47410d0,-0.47110d0,-0.46800d0,-0.46470d0,-0.46120d0,&
-0.45760d0,-0.45390d0,-0.44990d0,-0.44590d0,-0.44170d0,-0.43750d0,-0.43310d0,-0.42860d0,-0.42410d0,-0.41950d0,-0.41490d0,&
-0.41020d0,-0.40560d0,-0.40090d0,-0.39610d0,-0.39140d0,-0.38660d0,-0.38180d0,-0.37690d0,-0.37200d0,-0.36700d0,-0.36190d0,&
-0.35670d0,-0.35150d0,-0.34620d0,-0.34100d0,-0.33600d0,-0.33110d0,-0.32640d0,-0.32190d0,-0.31770d0,-0.31370d0,-0.30990d0,&
-0.30640d0,-0.30310d0,-0.30040d0,-0.29800d0,-0.29590d0,-0.29480d0,-0.29560d0,-0.28990d0,-0.28420d0,-0.27840d0,-0.27260d0,&
-0.26680d0,-0.26130d0,-0.25590d0,-0.25070d0,-0.24570d0,-0.24090d0,-0.23630d0,-0.23190d0,-0.22760d0,-0.22350d0,-0.21960d0,&
-0.21580d0,-0.21210d0,-0.20860d0,-0.20520d0,-0.20190d0,-0.19880d0,-0.19570d0,-0.19270d0,-0.18990d0,-0.18710d0,-0.18440d0,&
-0.18180d0,-0.17930d0,-0.17690d0,-0.17450d0,-0.17220d0,-0.17000d0,-0.16780d0,-0.16570d0,-0.16370d0,-0.16170d0,-0.15970d0,&
-0.15780d0,-0.15600d0,-0.15420d0,-0.15250d0,-0.15080d0,-0.14910d0,-0.14750d0,-0.14590d0,-0.14440d0,-0.14280d0,-0.14140d0,&
-0.13990d0,-0.13850d0,-0.13720d0,-0.13580d0,-0.13450d0,-0.13320d0,-0.13200d0,-0.13070d0,-0.12950d0,-0.12830d0,-0.12720d0,&
-0.12600d0,-0.12490d0,-0.12380d0,-0.12280d0,-0.12170d0,-0.12070d0,-0.11970d0,-0.11870d0,-0.11770d0,-0.11680d0,-0.11590d0,&
-0.11490d0,-0.11400d0,-0.11320d0,-0.11230d0,-0.11140d0,-0.11060d0,-0.10980d0,-0.10900d0,-0.10820d0,-0.10740d0,-0.10660d0,&
-0.10590d0,-0.10510d0,-0.10440d0,-0.10370d0,-0.47820d0,-0.47810d0,-0.47800d0,-0.47770d0,-0.47730d0,-0.47680d0,-0.47620d0,&
-0.47550d0,-0.47470d0,-0.47370d0,-0.47270d0,-0.47150d0,-0.47020d0,-0.46880d0,-0.46720d0,-0.46560d0,-0.46380d0,-0.46180d0,&
-0.45980d0,-0.45760d0,-0.45530d0,-0.45280d0,-0.45030d0,-0.44760d0,-0.44480d0,-0.44190d0,-0.43880d0,-0.43570d0,-0.43250d0,&
-0.42920d0,-0.42590d0,-0.42250d0,-0.41900d0,-0.41550d0,-0.41200d0,-0.40850d0,-0.40490d0,-0.40130d0,-0.39780d0,-0.39410d0,&
-0.39050d0,-0.38690d0,-0.38320d0,-0.37940d0,-0.37560d0,-0.37180d0,-0.36780d0,-0.36380d0,-0.35980d0,-0.35560d0,-0.35150d0,&
-0.34740d0,-0.34340d0,-0.33950d0,-0.33580d0,-0.33220d0,-0.32880d0,-0.32560d0,-0.32260d0,-0.31970d0,-0.31700d0,-0.31480d0,&
-0.31270d0,-0.31080d0,-0.30940d0,-0.30850d0,-0.30780d0,-0.30900d0,-0.30780d0,-0.30260d0,-0.29710d0,-0.29160d0,-0.28610d0,&
-0.28070d0,-0.27540d0,-0.27030d0,-0.26540d0,-0.26060d0,-0.25610d0,-0.25160d0,-0.24740d0,-0.24330d0,-0.23930d0,-0.23550d0,&
-0.23180d0,-0.22830d0,-0.22480d0,-0.22150d0,-0.21830d0,-0.21520d0,-0.21210d0,-0.20920d0,-0.20640d0,-0.20370d0,-0.20100d0,&
-0.19840d0,-0.19590d0,-0.19350d0,-0.19110d0,-0.18880d0,-0.18650d0,-0.18440d0,-0.18220d0,-0.18020d0,-0.17810d0,-0.17620d0,&
-0.17430d0,-0.17240d0,-0.17060d0,-0.16880d0,-0.16700d0,-0.16530d0,-0.16370d0,-0.16210d0,-0.16050d0,-0.15890d0,-0.15740d0,&
-0.15590d0,-0.15450d0,-0.15310d0,-0.15170d0,-0.15030d0,-0.14900d0,-0.14770d0,-0.14640d0,-0.14520d0,-0.14390d0,-0.14270d0,&
-0.14150d0,-0.14040d0,-0.13920d0,-0.13810d0,-0.13700d0,-0.13600d0,-0.13490d0,-0.13390d0,-0.13280d0,-0.13180d0,-0.13090d0,&
-0.12990d0,-0.12890d0,-0.12800d0,-0.12710d0,-0.12620d0,-0.12530d0,-0.12440d0,-0.12360d0,-0.12270d0,-0.12190d0,-0.12110d0,&
-0.12030d0,-0.46080d0,-0.46080d0,-0.46060d0,-0.46040d0,-0.46000d0,-0.45960d0,-0.45900d0,-0.45830d0,-0.45760d0,-0.45670d0,&
-0.45580d0,-0.45470d0,-0.45350d0,-0.45220d0,-0.45090d0,-0.44940d0,-0.44780d0,-0.44610d0,-0.44430d0,-0.44240d0,-0.44040d0,&
-0.43830d0,-0.43610d0,-0.43380d0,-0.43140d0,-0.42900d0,-0.42650d0,-0.42390d0,-0.42130d0,-0.41870d0,-0.41600d0,-0.41320d0,&
-0.41050d0,-0.40770d0,-0.40490d0,-0.40210d0,-0.39930d0,-0.39650d0,-0.39370d0,-0.39080d0,-0.38790d0,-0.38500d0,-0.38200d0,&
-0.37900d0,-0.37590d0,-0.37280d0,-0.36960d0,-0.36640d0,-0.36300d0,-0.35970d0,-0.35620d0,-0.35290d0,-0.34960d0,-0.34640d0,&
-0.34330d0,-0.34040d0,-0.33760d0,-0.33490d0,-0.33240d0,-0.33000d0,-0.32780d0,-0.32590d0,-0.32420d0,-0.32260d0,-0.32130d0,&
-0.32040d0,-0.31960d0,-0.31940d0,-0.31990d0,-0.32140d0,-0.32150d0,-0.31610d0,-0.31090d0,-0.30550d0,-0.30020d0,-0.29490d0,&
-0.28980d0,-0.28480d0,-0.28000d0,-0.27530d0,-0.27080d0,-0.26640d0,-0.26220d0,-0.25820d0,-0.25420d0,-0.25040d0,-0.24680d0,&
-0.24320d0,-0.23980d0,-0.23640d0,-0.23320d0,-0.23010d0,-0.22700d0,-0.22410d0,-0.22130d0,-0.21850d0,-0.21580d0,-0.21320d0,&
-0.21060d0,-0.20810d0,-0.20570d0,-0.20340d0,-0.20110d0,-0.19890d0,-0.19670d0,-0.19460d0,-0.19250d0,-0.19050d0,-0.18860d0,&
-0.18660d0,-0.18480d0,-0.18290d0,-0.18110d0,-0.17940d0,-0.17770d0,-0.17600d0,-0.17440d0,-0.17280d0,-0.17120d0,-0.16970d0,&
-0.16820d0,-0.16670d0,-0.16530d0,-0.16390d0,-0.16250d0,-0.16110d0,-0.15980d0,-0.15850d0,-0.15720d0,-0.15600d0,-0.15470d0,&
-0.15350d0,-0.15230d0,-0.15120d0,-0.15000d0,-0.14890d0,-0.14780d0,-0.14670d0,-0.14560d0,-0.14460d0,-0.14360d0,-0.14260d0,&
-0.14160d0,-0.14060d0,-0.13960d0,-0.13870d0,-0.13770d0,-0.13680d0,-0.13590d0,-0.13500d0,-0.13410d0,-0.44770d0,-0.44760d0,&
-0.44750d0,-0.44730d0,-0.44690d0,-0.44650d0,-0.44600d0,-0.44540d0,-0.44470d0,-0.44390d0,-0.44310d0,-0.44210d0,-0.44100d0,&
-0.43990d0,-0.43870d0,-0.43740d0,-0.43600d0,-0.43450d0,-0.43290d0,-0.43130d0,-0.42960d0,-0.42780d0,-0.42590d0,-0.42400d0,&
-0.42210d0,-0.42000d0,-0.41800d0,-0.41590d0,-0.41380d0,-0.41160d0,-0.40940d0,-0.40720d0,-0.40500d0,-0.40280d0,-0.40060d0,&
-0.39830d0,-0.39610d0,-0.39380d0,-0.39150d0,-0.38920d0,-0.38690d0,-0.38450d0,-0.38210d0,-0.37960d0,-0.37700d0,-0.37450d0,&
-0.37180d0,-0.36910d0,-0.36630d0,-0.36350d0,-0.36060d0,-0.35780d0,-0.35510d0,-0.35240d0,-0.34980d0,-0.34730d0,-0.34500d0,&
-0.34270d0,-0.34060d0,-0.33860d0,-0.33680d0,-0.33510d0,-0.33370d0,-0.33230d0,-0.33130d0,-0.33050d0,-0.32970d0,-0.32950d0,&
-0.32960d0,-0.32980d0,-0.33100d0,-0.33440d0,-0.33210d0,-0.32670d0,-0.32150d0,-0.31630d0,-0.31110d0,-0.30600d0,-0.30100d0,&
-0.29610d0,-0.29140d0,-0.28680d0,-0.28240d0,-0.27810d0,-0.27400d0,-0.27000d0,-0.26610d0,-0.26230d0,-0.25870d0,-0.25520d0,&
-0.25170d0,-0.24840d0,-0.24520d0,-0.24210d0,-0.23910d0,-0.23610d0,-0.23330d0,-0.23050d0,-0.22780d0,-0.22520d0,-0.22260d0,&
-0.22010d0,-0.21770d0,-0.21530d0,-0.21300d0,-0.21080d0,-0.20860d0,-0.20640d0,-0.20430d0,-0.20230d0,-0.20030d0,-0.19840d0,&
-0.19650d0,-0.19460d0,-0.19280d0,-0.19100d0,-0.18930d0,-0.18760d0,-0.18590d0,-0.18430d0,-0.18270d0,-0.18110d0,-0.17950d0,&
-0.17800d0,-0.17660d0,-0.17510d0,-0.17370d0,-0.17230d0,-0.17090d0,-0.16960d0,-0.16830d0,-0.16700d0,-0.16570d0,-0.16450d0,&
-0.16330d0,-0.16210d0,-0.16090d0,-0.15970d0,-0.15860d0,-0.15750d0,-0.15640d0,-0.15530d0,-0.15420d0,-0.15320d0,-0.15210d0,&
-0.15110d0,-0.15010d0,-0.14910d0,-0.14810d0,-0.14720d0,-0.14630d0,-0.42930d0,-0.42920d0,-0.42910d0,-0.42890d0,-0.42870d0,&
-0.42830d0,-0.42790d0,-0.42740d0,-0.42690d0,-0.42620d0,-0.42560d0,-0.42480d0,-0.42400d0,-0.42310d0,-0.42220d0,-0.42120d0,&
-0.42010d0,-0.41910d0,-0.41790d0,-0.41670d0,-0.41550d0,-0.41430d0,-0.41300d0,-0.41170d0,-0.41030d0,-0.40900d0,-0.40760d0,&
-0.40620d0,-0.40480d0,-0.40340d0,-0.40200d0,-0.40060d0,-0.39920d0,-0.39770d0,-0.39630d0,-0.39480d0,-0.39330d0,-0.39180d0,&
-0.39030d0,-0.38880d0,-0.38720d0,-0.38550d0,-0.38390d0,-0.38220d0,-0.38040d0,-0.37860d0,-0.37670d0,-0.37470d0,-0.37270d0,&
-0.37070d0,-0.36860d0,-0.36660d0,-0.36460d0,-0.36260d0,-0.36070d0,-0.35890d0,-0.35720d0,-0.35560d0,-0.35400d0,-0.35260d0,&
-0.35130d0,-0.35010d0,-0.34910d0,-0.34810d0,-0.34740d0,-0.34680d0,-0.34630d0,-0.34620d0,-0.34620d0,-0.34630d0,-0.34670d0,&
-0.34740d0,-0.34850d0,-0.35060d0,-0.35660d0,-0.35290d0,-0.34720d0,-0.34200d0,-0.33690d0,-0.33180d0,-0.32680d0,-0.32200d0,&
-0.31720d0,-0.31260d0,-0.30810d0,-0.30370d0,-0.29950d0,-0.29540d0,-0.29140d0,-0.28760d0,-0.28380d0,-0.28020d0,-0.27670d0,&
-0.27320d0,-0.26990d0,-0.26670d0,-0.26350d0,-0.26050d0,-0.25750d0,-0.25460d0,-0.25180d0,-0.24900d0,-0.24630d0,-0.24370d0,&
-0.24120d0,-0.23870d0,-0.23630d0,-0.23390d0,-0.23160d0,-0.22930d0,-0.22710d0,-0.22500d0,-0.22290d0,-0.22080d0,-0.21880d0,&
-0.21680d0,-0.21490d0,-0.21300d0,-0.21120d0,-0.20940d0,-0.20760d0,-0.20590d0,-0.20410d0,-0.20250d0,-0.20080d0,-0.19920d0,&
-0.19770d0,-0.19610d0,-0.19460d0,-0.19310d0,-0.19160d0,-0.19020d0,-0.18880d0,-0.18740d0,-0.18600d0,-0.18470d0,-0.18340d0,&
-0.18210d0,-0.18080d0,-0.17960d0,-0.17840d0,-0.17710d0,-0.17600d0,-0.17480d0,-0.17360d0,-0.17250d0,-0.17140d0,-0.17030d0,&
-0.16920d0,-0.16810d0,-0.16710d0,-0.41320d0,-0.41320d0,-0.41310d0,-0.41300d0,-0.41280d0,-0.41260d0,-0.41230d0,-0.41200d0,&
-0.41160d0,-0.41120d0,-0.41080d0,-0.41030d0,-0.40980d0,-0.40920d0,-0.40870d0,-0.40810d0,-0.40750d0,-0.40680d0,-0.40620d0,&
-0.40550d0,-0.40490d0,-0.40420d0,-0.40350d0,-0.40280d0,-0.40210d0,-0.40150d0,-0.40080d0,-0.40010d0,-0.39940d0,-0.39870d0,&
-0.39800d0,-0.39730d0,-0.39660d0,-0.39590d0,-0.39520d0,-0.39450d0,-0.39370d0,-0.39290d0,-0.39210d0,-0.39130d0,-0.39040d0,&
-0.38950d0,-0.38850d0,-0.38750d0,-0.38650d0,-0.38540d0,-0.38420d0,-0.38300d0,-0.38180d0,-0.38050d0,-0.37920d0,-0.37790d0,&
-0.37660d0,-0.37530d0,-0.37410d0,-0.37290d0,-0.37190d0,-0.37080d0,-0.36990d0,-0.36900d0,-0.36820d0,-0.36750d0,-0.36690d0,&
-0.36640d0,-0.36600d0,-0.36580d0,-0.36560d0,-0.36560d0,-0.36580d0,-0.36600d0,-0.36650d0,-0.36700d0,-0.36770d0,-0.36860d0,&
-0.36980d0,-0.37140d0,-0.37390d0,-0.37810d0,-0.38520d0,-0.37700d0,-0.37110d0,-0.36580d0,-0.36070d0,-0.35570d0,-0.35090d0,&
-0.34610d0,-0.34150d0,-0.33700d0,-0.33260d0,-0.32830d0,-0.32410d0,-0.32010d0,-0.31620d0,-0.31240d0,-0.30860d0,-0.30500d0,&
-0.30150d0,-0.29810d0,-0.29480d0,-0.29150d0,-0.28840d0,-0.28530d0,-0.28230d0,-0.27940d0,-0.27650d0,-0.27370d0,-0.27100d0,&
-0.26840d0,-0.26580d0,-0.26320d0,-0.26080d0,-0.25830d0,-0.25600d0,-0.25370d0,-0.25140d0,-0.24920d0,-0.24700d0,-0.24490d0,&
-0.24280d0,-0.24080d0,-0.23880d0,-0.23680d0,-0.23490d0,-0.23300d0,-0.23120d0,-0.22940d0,-0.22760d0,-0.22580d0,-0.22410d0,&
-0.22240d0,-0.22080d0,-0.21920d0,-0.21760d0,-0.21600d0,-0.21450d0,-0.21300d0,-0.21150d0,-0.21000d0,-0.20860d0,-0.20720d0,&
-0.20580d0,-0.20440d0,-0.20310d0,-0.20180d0,-0.20040d0,-0.19920d0,-0.19790d0,-0.19670d0,-0.19540d0,-0.19420d0,-0.19300d0,&
-0.40190d0,-0.40190d0,-0.40190d0,-0.40180d0,-0.40180d0,-0.40170d0,-0.40160d0,-0.40150d0,-0.40130d0,-0.40120d0,-0.40110d0,&
-0.40090d0,-0.40080d0,-0.40060d0,-0.40050d0,-0.40040d0,-0.40020d0,-0.40010d0,-0.40000d0,-0.39990d0,-0.39980d0,-0.39970d0,&
-0.39960d0,-0.39960d0,-0.39950d0,-0.39950d0,-0.39940d0,-0.39940d0,-0.39940d0,-0.39940d0,-0.39930d0,-0.39930d0,-0.39930d0,&
-0.39920d0,-0.39920d0,-0.39910d0,-0.39900d0,-0.39890d0,-0.39880d0,-0.39860d0,-0.39840d0,-0.39820d0,-0.39790d0,-0.39760d0,&
-0.39720d0,-0.39680d0,-0.39640d0,-0.39590d0,-0.39540d0,-0.39480d0,-0.39420d0,-0.39360d0,-0.39310d0,-0.39250d0,-0.39200d0,&
-0.39150d0,-0.39100d0,-0.39060d0,-0.39020d0,-0.38990d0,-0.38970d0,-0.38950d0,-0.38940d0,-0.38930d0,-0.38930d0,-0.38950d0,&
-0.38960d0,-0.39000d0,-0.39040d0,-0.39090d0,-0.39150d0,-0.39210d0,-0.39280d0,-0.39360d0,-0.39460d0,-0.39560d0,-0.39680d0,&
-0.39820d0,-0.40000d0,-0.40220d0,-0.40520d0,-0.40980d0,-0.42080d0,-0.41930d0,-0.41160d0,-0.40520d0,-0.39960d0,-0.39430d0,&
-0.38920d0,-0.38430d0,-0.37950d0,-0.37490d0,-0.37040d0,-0.36610d0,-0.36180d0,-0.35770d0,-0.35360d0,-0.34970d0,-0.34590d0,&
-0.34210d0,-0.33850d0,-0.33500d0,-0.33150d0,-0.32810d0,-0.32480d0,-0.32160d0,-0.31850d0,-0.31540d0,-0.31240d0,-0.30950d0,&
-0.30660d0,-0.30390d0,-0.30110d0,-0.29840d0,-0.29580d0,-0.29330d0,-0.29080d0,-0.28830d0,-0.28590d0,-0.28350d0,-0.28120d0,&
-0.27900d0,-0.27670d0,-0.27460d0,-0.27240d0,-0.27030d0,-0.26830d0,-0.26630d0,-0.26430d0,-0.26230d0,-0.26040d0,-0.25850d0,&
-0.25670d0,-0.25490d0,-0.25310d0,-0.25130d0,-0.24960d0,-0.24790d0,-0.24630d0,-0.24460d0,-0.24300d0,-0.24140d0,-0.23990d0,&
-0.23830d0,-0.23680d0,-0.23530d0,-0.23380d0,-0.23240d0,-0.23100d0,-0.22960d0,-0.22820d0,-0.39990d0,-0.39990d0,-0.39990d0,&
-0.39990d0,-0.39990d0,-0.39990d0,-0.39990d0,-0.40000d0,-0.40000d0,-0.40000d0,-0.40010d0,-0.40020d0,-0.40020d0,-0.40030d0,&
-0.40040d0,-0.40060d0,-0.40070d0,-0.40090d0,-0.40110d0,-0.40130d0,-0.40150d0,-0.40170d0,-0.40200d0,-0.40230d0,-0.40260d0,&
-0.40290d0,-0.40320d0,-0.40350d0,-0.40380d0,-0.40420d0,-0.40450d0,-0.40480d0,-0.40520d0,-0.40550d0,-0.40580d0,-0.40610d0,&
-0.40640d0,-0.40660d0,-0.40690d0,-0.40710d0,-0.40720d0,-0.40740d0,-0.40750d0,-0.40760d0,-0.40770d0,-0.40770d0,-0.40770d0,&
-0.40760d0,-0.40750d0,-0.40740d0,-0.40720d0,-0.40710d0,-0.40690d0,-0.40680d0,-0.40670d0,-0.40660d0,-0.40650d0,-0.40650d0,&
-0.40650d0,-0.40650d0,-0.40660d0,-0.40670d0,-0.40690d0,-0.40720d0,-0.40750d0,-0.40780d0,-0.40820d0,-0.40880d0,-0.40940d0,&
-0.41000d0,-0.41080d0,-0.41160d0,-0.41240d0,-0.41330d0,-0.41420d0,-0.41520d0,-0.41630d0,-0.41750d0,-0.41890d0,-0.42050d0,&
-0.42220d0,-0.42430d0,-0.42680d0,-0.43000d0,-0.43430d0,-0.44120d0,-0.45510d0,-0.44820d0,-0.44070d0,-0.43400d0,-0.42790d0,&
-0.42230d0,-0.41700d0,-0.41190d0,-0.40700d0,-0.40230d0,-0.39780d0,-0.39330d0,-0.38900d0,-0.38480d0,-0.38080d0,-0.37680d0,&
-0.37290d0,-0.36910d0,-0.36550d0,-0.36190d0,-0.35840d0,-0.35490d0,-0.35160d0,-0.34830d0,-0.34510d0,-0.34200d0,-0.33890d0,&
-0.33590d0,-0.33300d0,-0.33010d0,-0.32730d0,-0.32460d0,-0.32190d0,-0.31930d0,-0.31670d0,-0.31410d0,-0.31170d0,-0.30920d0,&
-0.30680d0,-0.30450d0,-0.30220d0,-0.29990d0,-0.29770d0,-0.29550d0,-0.29340d0,-0.29130d0,-0.28920d0,-0.28720d0,-0.28520d0,&
-0.28320d0,-0.28130d0,-0.27940d0,-0.27750d0,-0.27570d0,-0.27390d0,-0.27210d0,-0.27040d0,-0.26870d0,-0.26700d0,-0.26530d0,&
-0.26370d0,-0.26200d0,-0.26040d0,-0.25890d0,-0.25730d0,-0.40670d0,-0.40670d0,-0.40680d0,-0.40680d0,-0.40690d0,-0.40700d0,&
-0.40720d0,-0.40730d0,-0.40750d0,-0.40780d0,-0.40800d0,-0.40830d0,-0.40860d0,-0.40890d0,-0.40930d0,-0.40970d0,-0.41010d0,&
-0.41060d0,-0.41100d0,-0.41150d0,-0.41210d0,-0.41260d0,-0.41320d0,-0.41380d0,-0.41440d0,-0.41500d0,-0.41570d0,-0.41630d0,&
-0.41700d0,-0.41760d0,-0.41830d0,-0.41900d0,-0.41970d0,-0.42030d0,-0.42100d0,-0.42160d0,-0.42230d0,-0.42290d0,-0.42360d0,&
-0.42420d0,-0.42470d0,-0.42530d0,-0.42590d0,-0.42640d0,-0.42690d0,-0.42730d0,-0.42780d0,-0.42820d0,-0.42860d0,-0.42890d0,&
-0.42930d0,-0.42960d0,-0.43000d0,-0.43030d0,-0.43070d0,-0.43100d0,-0.43140d0,-0.43180d0,-0.43230d0,-0.43270d0,-0.43320d0,&
-0.43370d0,-0.43430d0,-0.43490d0,-0.43550d0,-0.43620d0,-0.43690d0,-0.43770d0,-0.43850d0,-0.43940d0,-0.44030d0,-0.44130d0,&
-0.44230d0,-0.44340d0,-0.44440d0,-0.44550d0,-0.44670d0,-0.44790d0,-0.44920d0,-0.45050d0,-0.45200d0,-0.45350d0,-0.45520d0,&
-0.45700d0,-0.45900d0,-0.46120d0,-0.46380d0,-0.46690d0,-0.47050d0,-0.47510d0,-0.48150d0,-0.49340d0,-0.50360d0,-0.49810d0,&
-0.49100d0,-0.48400d0,-0.47730d0,-0.47090d0,-0.46500d0,-0.45940d0,-0.45400d0,-0.44890d0,-0.44400d0,-0.43920d0,-0.43460d0,&
-0.43020d0,-0.42590d0,-0.42170d0,-0.41760d0,-0.41360d0,-0.40980d0,-0.40600d0,-0.40230d0,-0.39870d0,-0.39520d0,-0.39170d0,&
-0.38840d0,-0.38510d0,-0.38190d0,-0.37870d0,-0.37560d0,-0.37260d0,-0.36970d0,-0.36670d0,-0.36390d0,-0.36110d0,-0.35840d0,&
-0.35570d0,-0.35300d0,-0.35050d0,-0.34790d0,-0.34540d0,-0.34300d0,-0.34050d0,-0.33820d0,-0.33590d0,-0.33360d0,-0.33130d0,&
-0.32910d0,-0.32690d0,-0.32480d0,-0.32270d0,-0.32060d0,-0.31860d0,-0.31660d0,-0.31460d0,-0.31260d0,-0.31070d0,-0.30880d0,&
-0.30700d0,-0.30510d0,-0.41860d0,-0.41860d0,-0.41870d0,-0.41880d0,-0.41890d0,-0.41910d0,-0.41920d0,-0.41950d0,-0.41970d0,&
-0.42000d0,-0.42040d0,-0.42070d0,-0.42110d0,-0.42150d0,-0.42200d0,-0.42250d0,-0.42300d0,-0.42360d0,-0.42410d0,-0.42480d0,&
-0.42540d0,-0.42610d0,-0.42680d0,-0.42750d0,-0.42820d0,-0.42900d0,-0.42970d0,-0.43050d0,-0.43130d0,-0.43210d0,-0.43290d0,&
-0.43370d0,-0.43450d0,-0.43540d0,-0.43620d0,-0.43700d0,-0.43780d0,-0.43860d0,-0.43940d0,-0.44020d0,-0.44100d0,-0.44180d0,&
-0.44250d0,-0.44320d0,-0.44400d0,-0.44470d0,-0.44530d0,-0.44600d0,-0.44660d0,-0.44730d0,-0.44790d0,-0.44850d0,-0.44910d0,&
-0.44970d0,-0.45030d0,-0.45090d0,-0.45160d0,-0.45220d0,-0.45290d0,-0.45360d0,-0.45430d0,-0.45500d0,-0.45580d0,-0.45660d0,&
-0.45740d0,-0.45830d0,-0.45920d0,-0.46010d0,-0.46110d0,-0.46210d0,-0.46320d0,-0.46430d0,-0.46540d0,-0.46650d0,-0.46770d0,&
-0.46890d0,-0.47010d0,-0.47130d0,-0.47260d0,-0.47400d0,-0.47540d0,-0.47690d0,-0.47840d0,-0.48010d0,-0.48180d0,-0.48360d0,&
-0.48550d0,-0.48770d0,-0.49010d0,-0.49270d0,-0.49560d0,-0.49900d0,-0.50300d0,-0.50780d0,-0.51420d0,-0.52380d0,-0.54550d0,&
-0.54160d0,-0.53660d0,-0.53010d0,-0.52330d0,-0.51660d0,-0.51000d0,-0.50370d0,-0.49760d0,-0.49190d0,-0.48630d0,-0.48100d0,&
-0.47590d0,-0.47100d0,-0.46620d0,-0.46160d0,-0.45720d0,-0.45280d0,-0.44860d0,-0.44450d0,-0.44060d0,-0.43670d0,-0.43290d0,&
-0.42920d0,-0.42560d0,-0.42200d0,-0.41860d0,-0.41520d0,-0.41190d0,-0.40860d0,-0.40550d0,-0.40240d0,-0.39930d0,-0.39630d0,&
-0.39340d0,-0.39050d0,-0.38770d0,-0.38490d0,-0.38220d0,-0.37950d0,-0.37690d0,-0.37430d0,-0.37180d0,-0.36930d0,-0.36680d0,&
-0.36440d0,-0.36200d0,-0.35970d0,-0.35740d0,-0.35520d0,-0.35290d0,-0.35070d0,-0.34860d0,-0.34650d0,-0.34440d0,-0.43170d0,&
-0.43170d0,-0.43180d0,-0.43190d0,-0.43200d0,-0.43220d0,-0.43240d0,-0.43270d0,-0.43290d0,-0.43330d0,-0.43360d0,-0.43400d0,&
-0.43440d0,-0.43490d0,-0.43540d0,-0.43590d0,-0.43650d0,-0.43710d0,-0.43770d0,-0.43840d0,-0.43900d0,-0.43970d0,-0.44050d0,&
-0.44120d0,-0.44200d0,-0.44280d0,-0.44360d0,-0.44450d0,-0.44530d0,-0.44620d0,-0.44700d0,-0.44790d0,-0.44880d0,-0.44970d0,&
-0.45060d0,-0.45150d0,-0.45240d0,-0.45330d0,-0.45420d0,-0.45500d0,-0.45590d0,-0.45680d0,-0.45770d0,-0.45850d0,-0.45930d0,&
-0.46020d0,-0.46100d0,-0.46180d0,-0.46260d0,-0.46330d0,-0.46410d0,-0.46490d0,-0.46560d0,-0.46640d0,-0.46720d0,-0.46790d0,&
-0.46870d0,-0.46950d0,-0.47040d0,-0.47120d0,-0.47210d0,-0.47290d0,-0.47380d0,-0.47470d0,-0.47570d0,-0.47670d0,-0.47770d0,&
-0.47870d0,-0.47980d0,-0.48090d0,-0.48210d0,-0.48320d0,-0.48440d0,-0.48560d0,-0.48680d0,-0.48810d0,-0.48940d0,-0.49060d0,&
-0.49200d0,-0.49340d0,-0.49480d0,-0.49620d0,-0.49770d0,-0.49930d0,-0.50090d0,-0.50260d0,-0.50440d0,-0.50640d0,-0.50840d0,&
-0.51060d0,-0.51290d0,-0.51540d0,-0.51820d0,-0.52120d0,-0.52470d0,-0.52870d0,-0.53330d0,-0.53910d0,-0.54690d0,-0.55950d0,&
-0.57810d0,-0.57410d0,-0.57020d0,-0.56420d0,-0.55790d0,-0.55130d0,-0.54480d0,-0.53830d0,-0.53200d0,-0.52590d0,-0.52000d0,&
-0.51430d0,-0.50880d0,-0.50350d0,-0.49840d0,-0.49350d0,-0.48870d0,-0.48400d0,-0.47950d0,-0.47510d0,-0.47090d0,-0.46680d0,&
-0.46270d0,-0.45880d0,-0.45490d0,-0.45120d0,-0.44750d0,-0.44390d0,-0.44040d0,-0.43700d0,-0.43370d0,-0.43040d0,-0.42720d0,&
-0.42400d0,-0.42090d0,-0.41790d0,-0.41490d0,-0.41200d0,-0.40910d0,-0.40630d0,-0.40350d0,-0.40080d0,-0.39810d0,-0.39550d0,&
-0.39290d0,-0.39040d0,-0.38790d0,-0.38540d0,-0.38300d0,-0.38060d0,-0.37820d0,-0.44480d0,-0.44480d0,-0.44490d0,-0.44500d0,&
-0.44510d0,-0.44530d0,-0.44550d0,-0.44570d0,-0.44600d0,-0.44640d0,-0.44670d0,-0.44710d0,-0.44760d0,-0.44800d0,-0.44860d0,&
-0.44910d0,-0.44970d0,-0.45030d0,-0.45090d0,-0.45160d0,-0.45220d0,-0.45300d0,-0.45370d0,-0.45450d0,-0.45530d0,-0.45610d0,&
-0.45690d0,-0.45780d0,-0.45860d0,-0.45950d0,-0.46040d0,-0.46130d0,-0.46220d0,-0.46310d0,-0.46410d0,-0.46500d0,-0.46590d0,&
-0.46690d0,-0.46780d0,-0.46870d0,-0.46970d0,-0.47060d0,-0.47150d0,-0.47240d0,-0.47330d0,-0.47420d0,-0.47510d0,-0.47600d0,&
-0.47690d0,-0.47780d0,-0.47860d0,-0.47950d0,-0.48030d0,-0.48120d0,-0.48210d0,-0.48300d0,-0.48390d0,-0.48480d0,-0.48570d0,&
-0.48660d0,-0.48760d0,-0.48850d0,-0.48950d0,-0.49050d0,-0.49150d0,-0.49260d0,-0.49370d0,-0.49480d0,-0.49590d0,-0.49710d0,&
-0.49830d0,-0.49950d0,-0.50080d0,-0.50200d0,-0.50330d0,-0.50460d0,-0.50590d0,-0.50720d0,-0.50860d0,-0.51000d0,-0.51140d0,&
-0.51290d0,-0.51440d0,-0.51590d0,-0.51750d0,-0.51910d0,-0.52090d0,-0.52270d0,-0.52460d0,-0.52660d0,-0.52860d0,-0.53080d0,&
-0.53320d0,-0.53570d0,-0.53850d0,-0.54150d0,-0.54470d0,-0.54850d0,-0.55270d0,-0.55760d0,-0.56360d0,-0.57120d0,-0.58280d0,&
-0.60870d0,-0.60460d0,-0.60110d0,-0.59620d0,-0.59040d0,-0.58430d0,-0.57800d0,-0.57160d0,-0.56520d0,-0.55890d0,-0.55270d0,&
-0.54670d0,-0.54080d0,-0.53520d0,-0.52960d0,-0.52430d0,-0.51910d0,-0.51410d0,-0.50930d0,-0.50450d0,-0.49990d0,-0.49550d0,&
-0.49110d0,-0.48690d0,-0.48270d0,-0.47870d0,-0.47480d0,-0.47090d0,-0.46720d0,-0.46350d0,-0.45990d0,-0.45640d0,-0.45300d0,&
-0.44960d0,-0.44630d0,-0.44310d0,-0.43990d0,-0.43680d0,-0.43370d0,-0.43070d0,-0.42780d0,-0.42490d0,-0.42210d0,-0.41930d0,&
-0.41650d0,-0.41380d0,-0.41120d0,-0.40860d0/)
 end module sdata
 !
 program reshape_sdata
 use sdata,only: nsp,nsr,sp,sr,sdat,sdat1
 implicit none
 character(len=2) :: cj
!sdat1(1:nsp*nsr) -> sdat(1:nsp,1),sdat(1:nsp,2),...,sdat(1:nsp,nsr)
!                    piled up vertically:
 sdat=reshape(sdat1,shape=(/nsp,nsr/))
!rectangular matrix written:
 do j=1,nsr
   write(cj,'(i0)') j
   open(62,file='spx'//trim(cj),status='unknown')    
   write(62,'(2f9.5)') (sp(i),sdat(i,j),i=1,nsp)  !sdat(1:nsp,j)
 enddo
 close(62)
 end program reshape_sdata
