./ilogA is logfile.
./chgdenIn calculation starts
rmin,rmax=  2.04E-08  2.86E+01
   9656.43387630  -5142.39860926      0.30000000    1
    708.68385568  -5533.20773880      0.30000000    1
    438.32835031  -5728.77454791      0.30000000    1
    263.93570891  -5816.93786224      0.30000000    1
    154.58324317  -5852.21035380      0.30000000    1
     88.33449457  -5864.63952657      0.30000000    1
     49.67166957  -5868.51289562      0.30000000    1
     27.89625900  -5869.62253008      0.30000000    1
     15.95998923  -5869.95197598      0.30000000    1
      9.46782729  -5870.07048469      0.30000000    1
      5.85744781  -5870.12211831      0.30000000    1
      3.75110992  -5870.14621021      0.30000000    1
      2.45578646  -5870.15732465      0.30000000    1
      1.62695634  -5870.16227347      0.30000000    1
      1.08406330  -5870.16439927      0.30000000    1
      0.72422369  -5870.16528707      0.30000000    1
      0.48439584  -5870.16565128      0.30000000    1
      0.32415904  -5870.16579957      0.30000000    1
      0.21698507  -5870.16586004      0.30000000    1
      0.14527141  -5870.16588493      0.30000000    1
      0.09727856  -5870.16589532      0.30000000    1
      0.06515869  -5870.16589974      0.30000000    1
      0.04366047  -5870.16590166      0.30000000    1
      0.02926914  -5870.16590251      0.30000000    1
      0.01963265  -5870.16590290      0.30000000    1
      0.01317739  -5870.16590307      0.30000000    1
      0.00885092  -5870.16590316      0.30000000    1
      0.00594940  -5870.16590320      0.30000000    1
      0.00400216  -5870.16590322      0.30000000    1
      0.00269434  -5870.16590323      0.30000000    1
      0.00181528  -5870.16590323      0.30000000    1
      0.00122393  -5870.16590323      0.30000000    1
      0.00082580  -5870.16590323      0.30000000    1
      0.00055755  -5870.16590323      0.30000000    1
      0.00037666  -5870.16590324      0.30000000    1
      0.00000000  -5870.16590323      1.00000000    2
      0.00000000  -5870.16590324      1.00000000    3
    1   0 0  -1/2   1    2.0000      -1013.478014
    2   0 0  -1/2   1    2.0000       -151.913033
    2   1 1  -1/2   1    2.0000       -141.873432
    2   1 1  -3/2   1    4.0000       -134.194414
    3   0 0  -1/2   1    2.0000        -28.820726
    3   1 1  -1/2   1    2.0000        -24.735816
    3   1 1  -3/2   1    4.0000        -23.347865
    3   2 2  -3/2   1    4.0000        -16.062047
    3   2 2  -5/2   1    6.0000        -15.776263
    4   0 0  -1/2   1    2.0000         -4.373327
    4   1 1  -1/2   1    2.0000         -3.032015
    4   1 1  -3/2   1    4.0000         -2.786226
    4   2 2  -3/2   1    4.0000         -0.708223
    4   2 2  -5/2   1    6.0000         -0.676441
    5   0 0  -1/2   1    2.0000         -0.310716
    5   1 1  -1/2   1    0.3333         -0.107221
    5   1 1  -3/2   1    0.6667         -0.095609
 total energy =   -5.87016590323504E+03 -1.59735432459290E+05
