line2: Z,NR,R(1),R(NR) /line3,4,...: R(N),RHO*4*PI*R(N)**2
42.00  2000  1.01365245284744E-10  6.00000000000000E+01
 1.014E-10  4.14101828044149E-14
 1.027E-10  4.24931050143859E-14
 1.042E-10  4.36043468412672E-14
 1.056E-10  4.70674863815147E-14
 1.070E-10  4.82983533545863E-14
 1.085E-10  4.95614088642752E-14
 1.100E-10  5.08574946762598E-14
 1.115E-10  5.21874745696975E-14
 1.130E-10  5.35522349123735E-14
 1.145E-10  5.49526852516079E-14
 1.161E-10  5.63897589203886E-14
 1.177E-10  5.78644136593980E-14
 1.193E-10  5.93776322552955E-14
 1.209E-10  6.09304231957077E-14
 1.226E-10  6.25238213413231E-14
 1.242E-10  6.41588886155896E-14
 1.259E-10  6.58367147124269E-14
 1.276E-10  6.75584178224635E-14
 1.294E-10  6.93251453782510E-14
 1.312E-10  7.11380748189710E-14
 1.329E-10  7.29984143751527E-14
 1.348E-10  7.49074038738857E-14
 1.366E-10  7.68663155651135E-14
 1.385E-10  7.88764549695277E-14
 1.404E-10  8.09391617486380E-14
 1.423E-10  8.30558105975827E-14
 1.442E-10  8.52278121613016E-14
 1.462E-10  8.74566139746636E-14
 1.482E-10  8.97437014271809E-14
 1.502E-10  9.20905987529519E-14
 1.523E-10  9.44988700464800E-14
 1.543E-10  9.69701203050752E-14
 1.564E-10  9.95059964985094E-14
 1.586E-10  1.02108188666636E-13
 1.607E-10  1.04778431045730E-13
 1.629E-10  1.07518503224262E-13
 1.652E-10  1.10330231328912E-13
 1.674E-10  1.13215489241610E-13
 1.697E-10  1.16176199848359E-13
 1.720E-10  1.19214336320770E-13
 1.744E-10  1.22331923431085E-13
 1.767E-10  1.25531038901575E-13
 1.792E-10  1.28813814789263E-13
 1.816E-10  1.32182438906809E-13
 1.841E-10  1.35639156280611E-13
 1.866E-10  1.39186270647003E-13
 1.891E-10  1.42826145987563E-13
 1.917E-10  1.46561208104617E-13
 1.943E-10  1.50393946237903E-13
 1.970E-10  1.54326914723548E-13
 1.997E-10  1.58362734696391E-13
 2.024E-10  1.62504095836852E-13
 2.052E-10  1.66753758163484E-13
 2.080E-10  1.71114553872377E-13
 2.108E-10  1.75589389224689E-13
 2.137E-10  1.80181246483537E-13
 2.166E-10  1.84893185901509E-13
 2.196E-10  1.89728347760203E-13
 2.226E-10  1.94689954463059E-13
 2.256E-10  1.99781312682929E-13
 2.287E-10  2.05005815565834E-13
 2.318E-10  2.10366944992323E-13
 2.350E-10  2.15868273897979E-13
 2.382E-10  2.21513468654613E-13
 2.414E-10  2.27306291513719E-13
 2.447E-10  2.33250603113833E-13
 2.481E-10  2.39350365053475E-13
 2.515E-10  2.45609642531358E-13
 2.549E-10  2.52032607055637E-13
 2.584E-10  2.58623539224043E-13
 2.619E-10  2.65386831576662E-13
 2.655E-10  2.72326991523383E-13
 2.691E-10  2.79448644347869E-13
 2.728E-10  2.86756536290046E-13
 2.765E-10  2.94255537709300E-13
 2.803E-10  3.01950646330306E-13
 2.841E-10  3.09846990573778E-13
 2.880E-10  3.17949832974302E-13
 2.919E-10  3.26264573687592E-13
 2.959E-10  3.34796754089413E-13
 2.999E-10  3.43552060468627E-13
 3.040E-10  3.52536327816896E-13
 3.082E-10  3.61755543717319E-13
 3.124E-10  3.71215852334969E-13
 3.166E-10  3.80923558511628E-13
 3.210E-10  3.90885131967682E-13
 3.253E-10  4.01107211613881E-13
 3.298E-10  4.11596609975827E-13
 3.343E-10  4.22360317734231E-13
 3.389E-10  4.33405508383834E-13
 3.435E-10  4.44739543014227E-13
 3.482E-10  4.56369975215657E-13
 3.529E-10  4.68304556113089E-13
 3.577E-10  4.80551239531995E-13
 3.626E-10  4.93118187299247E-13
 3.676E-10  5.06013774682491E-13
 3.726E-10  5.19246595971896E-13
 3.777E-10  5.32825470207854E-13
 3.828E-10  5.46759447058418E-13
 3.881E-10  5.61057812850513E-13
 3.934E-10  5.75730096758766E-13
 3.987E-10  5.90786077156259E-13
 4.042E-10  6.06235788131455E-13
 4.097E-10  6.22089526175244E-13
 4.153E-10  6.38357857043191E-13
 4.210E-10  6.55051622797087E-13
 4.267E-10  6.72181949030612E-13
 4.325E-10  6.89760252284095E-13
 4.384E-10  7.07798247652971E-13
 4.444E-10  7.26307956595462E-13
 4.505E-10  7.45301714944193E-13
 4.566E-10  7.64792181127473E-13
 4.629E-10  7.84792344605560E-13
 4.692E-10  8.05315534527442E-13
 4.756E-10  8.26375428614134E-13
 4.821E-10  8.47986062274211E-13
 4.887E-10  8.70161837957727E-13
 4.953E-10  8.92917534754700E-13
 5.021E-10  9.16268318244755E-13
 5.090E-10  9.40229750604241E-13
 5.159E-10  9.64817800977659E-13
 5.230E-10  9.90048856120233E-13
 5.301E-10  1.01593973131896E-12
 5.373E-10  1.04250768159941E-12
 5.447E-10  1.06977041322499E-12
 5.521E-10  1.09774609549750E-12
 5.596E-10  1.12645337286618E-12
 5.673E-10  1.15591137735319E-12
 5.750E-10  1.18613974130432E-12
 5.829E-10  1.21715861047290E-12
 5.908E-10  1.24898865744588E-12
 5.989E-10  1.28165109542143E-12
 6.071E-10  1.31516769234633E-12
 6.154E-10  1.34956078542311E-12
 6.238E-10  1.38485329599693E-12
 6.323E-10  1.42106874483156E-12
 6.409E-10  1.45823126778468E-12
 6.497E-10  1.49636563189342E-12
 6.585E-10  1.53549725188029E-12
 6.675E-10  1.57565220709098E-12
 6.766E-10  1.61685725887489E-12
 6.859E-10  1.65913986842024E-12
 6.952E-10  1.70252821505595E-12
 7.047E-10  1.74705121503131E-12
 7.144E-10  1.79273854078760E-12
 7.241E-10  1.83962064073324E-12
 7.340E-10  1.88772875953633E-12
 7.440E-10  1.93709495894759E-12
 7.542E-10  1.98775213916779E-12
 7.645E-10  2.03973406077456E-12
 7.749E-10  2.09307536722189E-12
 7.855E-10  2.14781160792844E-12
 7.962E-10  2.20397926196950E-12
 8.071E-10  2.26161576238845E-12
 8.181E-10  2.32075952114417E-12
 8.293E-10  2.38144995471090E-12
 8.406E-10  2.44372751034709E-12
 8.521E-10  2.50763369305169E-12
 8.637E-10  2.57321109322543E-12
 8.755E-10  2.64050341505511E-12
 8.874E-10  2.70955550564022E-12
 8.996E-10  2.78041338488141E-12
 9.118E-10  2.85312427615085E-12
 9.243E-10  2.92773663776403E-12
 9.369E-10  3.00430019527482E-12
 9.497E-10  3.08286597461544E-12
 9.627E-10  3.16348633610264E-12
 9.758E-10  3.24621500933320E-12
 9.891E-10  3.33110712899231E-12
 1.003E-09  3.41821927159807E-12
 1.016E-09  3.50760949320720E-12
 1.030E-09  3.59933736810634E-12
 1.044E-09  3.69346402851552E-12
 1.059E-09  3.79005220532995E-12
 1.073E-09  3.88916626992702E-12
 1.088E-09  3.99087227706714E-12
 1.102E-09  4.09523800891493E-12
 1.118E-09  4.20233302021380E-12
 1.133E-09  4.31222868464124E-12
 1.148E-09  4.42499824237414E-12
 1.164E-09  4.54071684890134E-12
 1.180E-09  4.65946162511111E-12
 1.196E-09  4.78131170868762E-12
 1.212E-09  4.90634830685313E-12
 1.229E-09  5.03465475048844E-12
 1.246E-09  5.16631654966870E-12
 1.263E-09  5.30142145065220E-12
 1.280E-09  5.44005949435850E-12
 1.297E-09  5.58232307637676E-12
 1.315E-09  5.72830700854310E-12
 1.333E-09  5.87810858212727E-12
 1.351E-09  6.03182763267335E-12
 1.370E-09  6.18956660653524E-12
 1.388E-09  6.35143062915159E-12
 1.407E-09  6.51752757510787E-12
 1.426E-09  6.68796814002873E-12
 1.446E-09  6.86286591435156E-12
 1.466E-09  7.04233745902885E-12
 1.486E-09  7.22650238321088E-12
 1.506E-09  7.41548342395913E-12
 1.527E-09  7.60940652804439E-12
 1.547E-09  7.80840093588461E-12
 1.568E-09  8.01259926767690E-12
 1.590E-09  8.22213761178349E-12
 1.612E-09  8.43715561542690E-12
 1.634E-09  8.65779657775813E-12
 1.656E-09  8.88420754535983E-12
 1.679E-09  9.11653941024411E-12
 1.701E-09  9.35494701041586E-12
 1.725E-09  9.59958923306526E-12
 1.748E-09  9.85062912045596E-12
 1.772E-09  1.01082339785871E-11
 1.796E-09  1.03725754886954E-11
 1.821E-09  1.06438298216697E-11
 1.846E-09  1.09221777554619E-11
 1.871E-09  1.12078047955666E-11
 1.896E-09  1.15009012986519E-11
 1.922E-09  1.18016625994216E-11
 1.949E-09  1.21102891407977E-11
 1.975E-09  1.24269866075059E-11
 2.002E-09  1.27519660631525E-11
 2.029E-09  1.30854440908903E-11
 2.057E-09  1.34276429377603E-11
 2.085E-09  1.37787906628080E-11
 2.114E-09  1.41391212890739E-11
 2.143E-09  1.45088749595587E-11
 2.172E-09  1.48882980972666E-11
 2.201E-09  1.52776435694348E-11
 2.232E-09  1.56771708560575E-11
 2.262E-09  1.60871462228147E-11
 2.293E-09  1.65078428985276E-11
 2.324E-09  1.69395412572523E-11
 2.356E-09  1.73825290051344E-11
 2.388E-09  1.78371013721506E-11
 2.421E-09  1.83035613088674E-11
 2.454E-09  1.87822196883420E-11
 2.487E-09  1.92733955133006E-11
 2.521E-09  1.97774161287450E-11
 2.556E-09  2.02946174401081E-11
 2.590E-09  2.08253441371157E-11
 2.626E-09  2.13699499235116E-11
 2.662E-09  2.19287977527821E-11
 2.698E-09  2.25022600700432E-11
 2.735E-09  2.30907190602598E-11
 2.772E-09  2.36945669029547E-11
 2.810E-09  2.43142060335753E-11
 2.848E-09  2.49500494116968E-11
 2.887E-09  2.56025207962419E-11
 2.927E-09  2.62720550278938E-11
 2.967E-09  2.69590983188968E-11
 3.007E-09  2.76641085504341E-11
 3.048E-09  2.83875555777851E-11
 3.090E-09  2.91299215434595E-11
 3.132E-09  2.98917011985225E-11
 3.175E-09  3.06734022323220E-11
 3.218E-09  3.14755456108396E-11
 3.262E-09  3.22986659238878E-11
 3.307E-09  3.31433117413876E-11
 3.352E-09  3.40100459789666E-11
 3.398E-09  3.48994462731117E-11
 3.444E-09  3.58121053661363E-11
 3.491E-09  3.67486315012146E-11
 3.539E-09  3.77096488277474E-11
 3.587E-09  3.86957978173213E-11
 3.636E-09  3.97077356905594E-11
 3.685E-09  4.07461368551260E-11
 3.736E-09  4.18116933551788E-11
 3.787E-09  4.29051153325882E-11
 3.838E-09  4.40271315002123E-11
 3.891E-09  4.51784896275466E-11
 3.944E-09  4.63599570390777E-11
 3.998E-09  4.75723211256670E-11
 4.052E-09  4.88163898693040E-11
 4.108E-09  5.00929923815907E-11
 4.164E-09  5.14029794563079E-11
 4.221E-09  5.27472241364206E-11
 4.278E-09  5.41266222959168E-11
 4.337E-09  5.55420932368706E-11
 4.396E-09  5.69945803021106E-11
 4.456E-09  5.84850515039046E-11
 4.517E-09  6.00145001691019E-11
 4.578E-09  6.15839456011334E-11
 4.641E-09  6.31944337593212E-11
 4.704E-09  6.48470379559698E-11
 4.769E-09  6.65428595716625E-11
 4.834E-09  6.82830287892916E-11
 4.900E-09  7.00687053472667E-11
 4.967E-09  7.19010793124098E-11
 5.034E-09  7.37813718730933E-11
 5.103E-09  7.57108361530913E-11
 5.173E-09  7.76907580467310E-11
 5.243E-09  7.97224570758772E-11
 5.315E-09  8.18072872693220E-11
 5.388E-09  8.39466380651853E-11
 5.461E-09  8.61419352369026E-11
 5.536E-09  8.83946418434399E-11
 5.611E-09  9.07062592043388E-11
 5.688E-09  9.30783279002783E-11
 5.765E-09  9.55124287997995E-11
 5.844E-09  9.80101841128711E-11
 5.924E-09  1.00573258472009E-10
 6.005E-09  1.03203360041682E-10
 6.087E-09  1.05902241656708E-10
 6.170E-09  1.08671701990432E-10
 6.254E-09  1.11513586753469E-10
 6.340E-09  1.14429789923754E-10
 6.426E-09  1.17422255008803E-10
 6.514E-09  1.20492976340960E-10
 6.603E-09  1.23644000406516E-10
 6.693E-09  1.26877427209592E-10
 6.784E-09  1.30195411671689E-10
 6.877E-09  1.33600165067840E-10
 6.971E-09  1.37093956500308E-10
 7.066E-09  1.40679114410830E-10
 7.162E-09  1.44358028132414E-10
 7.260E-09  1.48133149481709E-10
 7.359E-09  1.52006994393000E-10
 7.460E-09  1.55982144594993E-10
 7.562E-09  1.60061249331367E-10
 7.665E-09  1.64247027126384E-10
 7.770E-09  1.68542267596648E-10
 7.876E-09  1.72949833310232E-10
 7.983E-09  1.77472661694478E-10
 8.092E-09  1.82113766993585E-10
 8.203E-09  1.86876242277485E-10
 8.315E-09  1.91763261503223E-10
 8.428E-09  1.96778081630235E-10
 8.543E-09  2.01924044790950E-10
 8.660E-09  2.07204580518141E-10
 8.778E-09  2.12623208030544E-10
 8.898E-09  2.18183538578249E-10
 9.019E-09  2.23889277849422E-10
 9.142E-09  2.29744228439912E-10
 9.267E-09  2.35752292387559E-10
 9.394E-09  2.41917473772671E-10
 9.522E-09  2.48243881386509E-10
 9.652E-09  2.54735731469676E-10
 9.784E-09  2.61397350521944E-10
 9.917E-09  2.68233178185679E-10
 1.005E-08  2.75247770204648E-10
 1.019E-08  2.82445801460182E-10
 1.033E-08  2.89832069086754E-10
 1.047E-08  2.97411495669008E-10
 1.061E-08  3.05189132522446E-10
 1.076E-08  3.13170163059835E-10
 1.090E-08  3.21359906245718E-10
 1.105E-08  3.29763820141227E-10
 1.120E-08  3.38387505541588E-10
 1.136E-08  3.47236709708786E-10
 1.151E-08  3.56317330201815E-10
 1.167E-08  3.65635418807100E-10
 1.183E-08  3.75197185571695E-10
 1.199E-08  3.85009002941998E-10
 1.215E-08  3.95077410010621E-10
 1.232E-08  4.05409116874352E-10
 1.249E-08  4.16011009106152E-10
 1.266E-08  4.26890152343986E-10
 1.283E-08  4.38053796999734E-10
 1.301E-08  4.49509383091179E-10
 1.318E-08  4.61264545200453E-10
 1.336E-08  4.73327117562077E-10
 1.355E-08  4.85705139284021E-10
 1.373E-08  4.98406859705445E-10
 1.392E-08  5.11440743894402E-10
 1.411E-08  5.24815478289363E-10
 1.430E-08  5.38539976488327E-10
 1.450E-08  5.52623385189231E-10
 1.470E-08  5.67075090285781E-10
 1.490E-08  5.81904723122622E-10
 1.510E-08  5.97122166914186E-10
 1.531E-08  6.12737563331294E-10
 1.551E-08  6.28761319260071E-10
 1.573E-08  6.45204113737635E-10
 1.594E-08  6.62076905069055E-10
 1.616E-08  6.79390938130513E-10
 1.638E-08  6.97157751863446E-10
 1.660E-08  7.15389186964620E-10
 1.683E-08  7.34097393777354E-10
 1.706E-08  7.53294840389138E-10
 1.729E-08  7.72994320940841E-10
 1.753E-08  7.93208964153399E-10
 1.777E-08  8.13952242077471E-10
 1.801E-08  8.35237979071796E-10
 1.826E-08  8.57080361016380E-10
 1.851E-08  8.79493944766685E-10
 1.876E-08  9.02493667855020E-10
 1.901E-08  9.26094858445486E-10
 1.927E-08  9.50313245549618E-10
 1.954E-08  9.75164969508753E-10
 1.980E-08  1.00066659275069E-09
 2.007E-08  1.02683511082787E-09
 2.035E-08  1.05368796374379E-09
 2.063E-08  1.08124304757600E-09
 2.091E-08  1.10951872640282E-09
 2.119E-08  1.13853384454194E-09
 2.148E-08  1.16830773910932E-09
 2.178E-08  1.19886025290616E-09
 2.207E-08  1.23021174764321E-09
 2.237E-08  1.26238311751070E-09
 2.268E-08  1.29539580310316E-09
 2.299E-08  1.32927180570856E-09
 2.330E-08  1.36403370197078E-09
 2.362E-08  1.39970465893584E-09
 2.394E-08  1.43630844949154E-09
 2.427E-08  1.47386946821069E-09
 2.460E-08  1.51241274760880E-09
 2.494E-08  1.55196397482692E-09
 2.528E-08  1.59254950875074E-09
 2.562E-08  1.63419639757734E-09
 2.597E-08  1.67693239684117E-09
 2.633E-08  1.72078598791195E-09
 2.669E-08  1.76578639697564E-09
 2.705E-08  1.81196361451213E-09
 2.742E-08  1.85934841528246E-09
 2.779E-08  1.90797237883821E-09
 2.817E-08  1.95786791056776E-09
 2.856E-08  2.00906826329253E-09
 2.895E-08  2.06160755942830E-09
 2.934E-08  2.11552081372582E-09
 2.974E-08  2.17084395660610E-09
 3.015E-08  2.22761385810632E-09
 3.056E-08  2.28586835245136E-09
 3.098E-08  2.34564626326823E-09
 3.140E-08  2.40698742946017E-09
 3.183E-08  2.46993273175661E-09
 3.227E-08  2.53452411995819E-09
 3.271E-08  2.60080464089379E-09
 3.315E-08  2.66881846710887E-09
 3.361E-08  2.73861092630385E-09
 3.406E-08  2.81022853154271E-09
 3.453E-08  2.88371901225114E-09
 3.500E-08  2.95913134602538E-09
 3.548E-08  3.03651579127331E-09
 3.596E-08  3.11592392070855E-09
 3.645E-08  3.19740865572072E-09
 3.695E-08  3.28102430164470E-09
 3.746E-08  3.36682658395186E-09
 3.797E-08  3.45487268538789E-09
 3.849E-08  3.54522128408187E-09
 3.901E-08  3.63793259265161E-09
 3.954E-08  3.73306839833234E-09
 4.008E-08  3.83069210415412E-09
 4.063E-08  3.93086877119569E-09
 4.119E-08  4.03366516194475E-09
 4.175E-08  4.13914978479072E-09
 4.232E-08  4.24739293968158E-09
 4.290E-08  4.35846676497514E-09
 4.348E-08  4.47244528551416E-09
 4.408E-08  4.58940446196019E-09
 4.468E-08  4.70942224141661E-09
 4.529E-08  4.83257860937608E-09
 4.591E-08  4.95895564302505E-09
 4.653E-08  5.08863756594460E-09
 4.717E-08  5.22171080424014E-09
 4.781E-08  5.35826404413795E-09
 4.846E-08  5.49838829109088E-09
 4.913E-08  5.64217693042699E-09
 4.980E-08  5.78972578958561E-09
 5.048E-08  5.94113320198037E-09
 5.117E-08  6.09650007253239E-09
 5.186E-08  6.25592994491723E-09
 5.257E-08  6.41952907057046E-09
 5.329E-08  6.58740647949801E-09
 5.402E-08  6.75967405293690E-09
 5.475E-08  6.93644659791860E-09
 5.550E-08  7.11784192377969E-09
 5.626E-08  7.30398092067483E-09
 5.703E-08  7.49498764014287E-09
 5.781E-08  7.69098937777834E-09
 5.860E-08  7.89211675806721E-09
 5.940E-08  8.09850382143954E-09
 6.021E-08  8.31028811359800E-09
 6.103E-08  8.52761077718453E-09
 6.186E-08  8.75061664584252E-09
 6.271E-08  8.97945434073867E-09
 6.356E-08  9.21427636961054E-09
 6.443E-08  9.45523922840213E-09
 6.531E-08  9.70250350555852E-09
 6.620E-08  9.95623398904824E-09
 6.711E-08  1.02165997761835E-08
 6.802E-08  1.04837743863122E-08
 6.895E-08  1.07579358764561E-08
 6.989E-08  1.10392669599772E-08
 7.085E-08  1.13279551283421E-08
 7.181E-08  1.16241927760719E-08
 7.279E-08  1.19281773289614E-08
 7.379E-08  1.22401113756507E-08
 7.479E-08  1.25602028026367E-08
 7.582E-08  1.28886649328139E-08
 7.685E-08  1.32257166676413E-08
 7.790E-08  1.35715826330262E-08
 7.896E-08  1.39264933290194E-08
 8.004E-08  1.42906852834300E-08
 8.113E-08  1.46644012094548E-08
 8.224E-08  1.50478901674281E-08
 8.336E-08  1.54414077308046E-08
 8.450E-08  1.58452161564815E-08
 8.566E-08  1.62595845595740E-08
 8.683E-08  1.66847890927621E-08
 8.801E-08  1.71211131303255E-08
 8.921E-08  1.75688474569951E-08
 9.043E-08  1.80282904617379E-08
 9.167E-08  1.84997483366130E-08
 9.292E-08  1.89835352808267E-08
 9.419E-08  1.94799737101241E-08
 9.547E-08  1.99893944716537E-08
 9.677E-08  2.05121370644560E-08
 9.810E-08  2.10485498657149E-08
 9.944E-08  2.15989903629216E-08
 1.008E-07  2.21638253921173E-08
 1.022E-07  2.27434313823615E-08
 1.036E-07  2.33381946065937E-08
 1.050E-07  2.39485114390555E-08
 1.064E-07  2.45747886194439E-08
 1.079E-07  2.52174435239734E-08
 1.093E-07  2.58769044435254E-08
 1.108E-07  2.65536108690708E-08
 1.123E-07  2.72480137845577E-08
 1.139E-07  2.79605759674574E-08
 1.154E-07  2.86917722971697E-08
 1.170E-07  2.94420900714942E-08
 1.186E-07  3.02120293313726E-08
 1.202E-07  3.10021031941301E-08
 1.219E-07  3.18128381954285E-08
 1.235E-07  3.26447746401581E-08
 1.252E-07  3.34984669625062E-08
 1.269E-07  3.43744840954461E-08
 1.287E-07  3.52734098498838E-08
 1.304E-07  3.61958433037211E-08
 1.322E-07  3.71423992010932E-08
 1.340E-07  3.81137083620400E-08
 1.358E-07  3.91104181029014E-08
 1.377E-07  4.01331926676983E-08
 1.396E-07  4.11827136707940E-08
 1.415E-07  4.22596805511362E-08
 1.434E-07  4.33648110383690E-08
 1.454E-07  4.44988416311435E-08
 1.473E-07  4.56625280879285E-08
 1.494E-07  4.68566459306583E-08
 1.514E-07  4.80819909615544E-08
 1.535E-07  4.93393797934566E-08
 1.556E-07  5.06296503940220E-08
 1.577E-07  5.19536626441555E-08
 1.598E-07  5.33122989110495E-08
 1.620E-07  5.47064646362017E-08
 1.642E-07  5.61370889388040E-08
 1.665E-07  5.76051252349233E-08
 1.687E-07  5.91115518728681E-08
 1.710E-07  6.06573727851604E-08
 1.734E-07  6.22436181575698E-08
 1.757E-07  6.38713451156368E-08
 1.781E-07  6.55416384291439E-08
 1.806E-07  6.72556112350182E-08
 1.830E-07  6.90144057791295E-08
 1.855E-07  7.08191941774866E-08
 1.881E-07  7.26711791973463E-08
 1.906E-07  7.45715950587319E-08
 1.932E-07  7.65217082569293E-08
 1.959E-07  7.85228184064800E-08
 1.986E-07  8.05762591072412E-08
 2.013E-07  8.26833988331090E-08
 2.040E-07  8.48456418439603E-08
 2.068E-07  8.70644291214481E-08
 2.096E-07  8.93412393292766E-08
 2.125E-07  9.16775897985788E-08
 2.154E-07  9.40750375390578E-08
 2.183E-07  9.65351802765807E-08
 2.213E-07  9.90596575178862E-08
 2.243E-07  1.01650151643147E-07
 2.274E-07  1.04308389027100E-07
 2.305E-07  1.07036141189492E-07
 2.336E-07  1.09835225975606E-07
 2.368E-07  1.12707508767645E-07
 2.401E-07  1.15654903727833E-07
 2.433E-07  1.18679375073972E-07
 2.467E-07  1.21782938388384E-07
 2.500E-07  1.24967661961062E-07
 2.534E-07  1.28235668167970E-07
 2.569E-07  1.31589134885356E-07
 2.604E-07  1.35030296941051E-07
 2.640E-07  1.38561447603730E-07
 2.676E-07  1.42184940111114E-07
 2.712E-07  1.45903189238130E-07
 2.749E-07  1.49718672906049E-07
 2.787E-07  1.53633933833761E-07
 2.825E-07  1.57651581232175E-07
 2.863E-07  1.61774292542925E-07
 2.903E-07  1.66004815222588E-07
 2.942E-07  1.70345968573528E-07
 2.982E-07  1.74800645622569E-07
 3.023E-07  1.79371815048885E-07
 3.064E-07  1.84062523162228E-07
 3.106E-07  1.88875895932890E-07
 3.149E-07  1.93815141074805E-07
 3.192E-07  1.98883550183041E-07
 3.235E-07  2.04084500927220E-07
 3.279E-07  2.09421459302306E-07
 3.324E-07  2.14897981938231E-07
 3.369E-07  2.20517718469891E-07
 3.415E-07  2.26284413969160E-07
 3.462E-07  2.32201911440455E-07
 3.509E-07  2.38274154381579E-07
 3.557E-07  2.44505189411516E-07
 3.606E-07  2.50899168966929E-07
 3.655E-07  2.57460354069184E-07
 3.705E-07  2.64193117163682E-07
 3.756E-07  2.71101945033518E-07
 3.807E-07  2.78191441789253E-07
 3.859E-07  2.85466331936837E-07
 3.911E-07  2.92931463525857E-07
 3.965E-07  3.00591811380006E-07
 4.019E-07  3.08452480412051E-07
 4.074E-07  3.16518709025520E-07
 4.129E-07  3.24795872605228E-07
 4.186E-07  3.33289487099219E-07
 4.243E-07  3.42005212694236E-07
 4.301E-07  3.50948857587331E-07
 4.360E-07  3.60126381856163E-07
 4.419E-07  3.69543901430370E-07
 4.479E-07  3.79207692166879E-07
 4.541E-07  3.89124194031740E-07
 4.603E-07  3.99300015391279E-07
 4.665E-07  4.09741937415495E-07
 4.729E-07  4.20456918596538E-07
 4.794E-07  4.31452099385384E-07
 4.859E-07  4.42734806949704E-07
 4.926E-07  4.54312560056185E-07
 4.993E-07  4.66193074080415E-07
 5.061E-07  4.78384266147864E-07
 5.130E-07  4.90894260409224E-07
 5.200E-07  5.03731393453635E-07
 5.271E-07  5.16904219863581E-07
 5.343E-07  5.30421517914903E-07
 5.416E-07  5.44292295425917E-07
 5.490E-07  5.58525795759380E-07
 5.565E-07  5.73131503981482E-07
 5.641E-07  5.88119153181824E-07
 5.718E-07  6.03498730958587E-07
 5.796E-07  6.19280486073342E-07
 5.875E-07  6.35474935279879E-07
 5.955E-07  6.52092870331470E-07
 6.037E-07  6.69145365171383E-07
 6.119E-07  6.86643783311406E-07
 6.202E-07  7.04599785403313E-07
 6.287E-07  7.23025337008297E-07
 6.373E-07  7.41932716569404E-07
 6.460E-07  7.61334523592538E-07
 6.548E-07  7.81243687041458E-07
 6.638E-07  8.01673473951891E-07
 6.728E-07  8.22637498271235E-07
 6.820E-07  8.44149729929270E-07
 6.913E-07  8.66224504145922E-07
 7.008E-07  8.88876530982471E-07
 7.103E-07  9.12120905142347E-07
 7.200E-07  9.35973116028463E-07
 7.298E-07  9.60449058062979E-07
 7.398E-07  9.85565041277447E-07
 7.499E-07  1.01133780217953E-06
 7.602E-07  1.03778451490355E-06
 7.705E-07  1.06492280265315E-06
 7.811E-07  1.09277074944283E-06
 7.917E-07  1.12134691214616E-06
 8.025E-07  1.15067033285942E-06
 8.135E-07  1.18076055158833E-06
 8.246E-07  1.21163761926640E-06
 8.358E-07  1.24332211111349E-06
 8.473E-07  1.27583514034401E-06
 8.588E-07  1.30919837223307E-06
 8.705E-07  1.34343403855051E-06
 8.824E-07  1.37856495237265E-06
 8.945E-07  1.41461452328038E-06
 9.067E-07  1.45160677295553E-06
 9.191E-07  1.48956635118435E-06
 9.316E-07  1.52851855227957E-06
 9.443E-07  1.56848933193198E-06
 9.572E-07  1.60950532450200E-06
 9.703E-07  1.65159386076371E-06
 9.835E-07  1.69478298611276E-06
 9.970E-07  1.73910147925019E-06
 1.011E-06  1.78457887135438E-06
 1.024E-06  1.83124546575478E-06
 1.038E-06  1.87913235811940E-06
 1.053E-06  1.92827145717015E-06
 1.067E-06  1.97869550594011E-06
 1.081E-06  2.03043810358593E-06
 1.096E-06  2.08353372777079E-06
 1.111E-06  2.13801775763218E-06
 1.126E-06  2.19392649735042E-06
 1.142E-06  2.25129720033307E-06
 1.157E-06  2.31016809403147E-06
 1.173E-06  2.37057840540607E-06
 1.189E-06  2.43256838705752E-06
 1.205E-06  2.49617934404080E-06
 1.222E-06  2.56145366137975E-06
 1.239E-06  2.62843483230201E-06
 1.255E-06  2.69716748721062E-06
 1.273E-06  2.76769742341373E-06
 1.290E-06  2.84007163563175E-06
 1.308E-06  2.91433834730041E-06
 1.325E-06  2.99054704269409E-06
 1.344E-06  3.06874849988719E-06
 1.362E-06  3.14899482457775E-06
 1.380E-06  3.23133948479556E-06
 1.399E-06  3.31583734651604E-06
 1.418E-06  3.40254471020667E-06
 1.438E-06  3.49151934832751E-06
 1.457E-06  3.58282054381285E-06
 1.477E-06  3.67650912955756E-06
 1.497E-06  3.77264752893636E-06
 1.518E-06  3.87129979738195E-06
 1.539E-06  3.97253166504930E-06
 1.560E-06  4.07641058059626E-06
 1.581E-06  4.18300575610699E-06
 1.603E-06  4.29238821319044E-06
 1.624E-06  4.40463083028362E-06
 1.647E-06  4.51980839119110E-06
 1.669E-06  4.63799763489252E-06
 1.692E-06  4.75927730665275E-06
 1.715E-06  4.88372821046738E-06
 1.738E-06  5.01143326287864E-06
 1.762E-06  5.14247754819860E-06
 1.786E-06  5.27694837517441E-06
 1.811E-06  5.41493533513544E-06
 1.835E-06  5.55653036166001E-06
 1.860E-06  5.70182779180017E-06
 1.886E-06  5.85092442890877E-06
 1.911E-06  6.00391960710617E-06
 1.938E-06  6.16091525743261E-06
 1.964E-06  6.32201597573024E-06
 1.991E-06  6.48732909229704E-06
 2.018E-06  6.65696474336262E-06
 2.046E-06  6.83103594443145E-06
 2.073E-06  7.00965866554232E-06
 2.102E-06  7.19295190849502E-06
 2.130E-06  7.38103778609457E-06
 2.160E-06  7.57404160346548E-06
 2.189E-06  7.77209194149324E-06
 2.219E-06  7.97532074244373E-06
 2.249E-06  8.18386339782055E-06
 2.280E-06  8.39785883851890E-06
 2.311E-06  8.61744962733414E-06
 2.343E-06  8.84278205388853E-06
 2.375E-06  9.07400623203618E-06
 2.407E-06  9.31127619981663E-06
 2.440E-06  9.55475002201736E-06
 2.473E-06  9.80458989541538E-06
 2.507E-06  1.00609622567716E-05
 2.541E-06  1.03240378936451E-05
 2.576E-06  1.05939920581019E-05
 2.611E-06  1.08710045833961E-05
 2.647E-06  1.11552600036984E-05
 2.683E-06  1.14469476769525E-05
 2.719E-06  1.17462619109434E-05
 2.757E-06  1.20534020926570E-05
 2.794E-06  1.23685728210201E-05
 2.832E-06  1.26919840431067E-05
 2.871E-06  1.30238511939053E-05
 2.910E-06  1.33643953397375E-05
 2.950E-06  1.37138433254193E-05
 2.990E-06  1.40724279252708E-05
 3.031E-06  1.44403879980687E-05
 3.072E-06  1.48179686460485E-05
 3.114E-06  1.52054213780575E-05
 3.157E-06  1.56030042769695E-05
 3.200E-06  1.60109821714794E-05
 3.244E-06  1.64296268123745E-05
 3.288E-06  1.68592170534176E-05
 3.333E-06  1.73000390369547E-05
 3.378E-06  1.77523863843644E-05
 3.424E-06  1.82165603914903E-05
 3.471E-06  1.86928702291714E-05
 3.519E-06  1.91816331490137E-05
 3.567E-06  1.96831746945340E-05
 3.615E-06  2.01978289178187E-05
 3.665E-06  2.07259386018427E-05
 3.715E-06  2.12678554885915E-05
 3.765E-06  2.18239405131447E-05
 3.817E-06  2.23945640438698E-05
 3.869E-06  2.29801061288901E-05
 3.922E-06  2.35809567489878E-05
 3.975E-06  2.41975160771125E-05
 4.030E-06  2.48301947446677E-05
 4.085E-06  2.54794141147474E-05
 4.140E-06  2.61456065625119E-05
 4.197E-06  2.68292157628810E-05
 4.254E-06  2.75306969857415E-05
 4.312E-06  2.82505173988611E-05
 4.371E-06  2.89891563787146E-05
 4.431E-06  2.97471058294244E-05
 4.491E-06  3.05248705100248E-05
 4.553E-06  3.13229683702779E-05
 4.615E-06  3.21419308952488E-05
 4.678E-06  3.29823034588848E-05
 4.742E-06  3.38446456868219E-05
 4.806E-06  3.47295318286568E-05
 4.872E-06  3.56375511399519E-05
 4.938E-06  3.65693082742019E-05
 5.006E-06  3.75254236850272E-05
 5.074E-06  3.85065340388838E-05
 5.144E-06  3.95132926385342E-05
 5.214E-06  4.05463698575704E-05
 5.285E-06  4.16064535862831E-05
 5.357E-06  4.26942496891715E-05
 5.430E-06  4.38104824743895E-05
 5.504E-06  4.49558951754445E-05
 5.579E-06  4.61312504454746E-05
 5.656E-06  4.73373308644123E-05
 5.733E-06  4.85749394594013E-05
 5.811E-06  4.98449002387830E-05
 5.890E-06  5.11480587400197E-05
 5.971E-06  5.24852825919203E-05
 6.052E-06  5.38574620915312E-05
 6.135E-06  5.52655107960872E-05
 6.219E-06  5.67103661304084E-05
 6.304E-06  5.81929900101347E-05
 6.390E-06  5.97143694812328E-05
 6.477E-06  6.12755173761883E-05
 6.565E-06  6.28774729873119E-05
 6.655E-06  6.45213027576157E-05
 6.746E-06  6.62081009897118E-05
 6.838E-06  6.79389905732061E-05
 6.931E-06  6.97151237310611E-05
 7.026E-06  7.15376827854407E-05
 7.122E-06  7.34078809435256E-05
 7.219E-06  7.53269631038151E-05
 7.318E-06  7.72962066834752E-05
 7.418E-06  7.93169224672639E-05
 7.519E-06  8.13904554785926E-05
 7.622E-06  8.35181858732966E-05
 7.726E-06  8.57015298567341E-05
 7.831E-06  8.79419406248038E-05
 7.938E-06  9.02409093294569E-05
 8.046E-06  9.25999660694395E-05
 8.156E-06  9.50206809068626E-05
 8.268E-06  9.75046649102357E-05
 8.380E-06  1.00053571224734E-04
 8.495E-06  1.02669096170379E-04
 8.611E-06  1.05352980368799E-04
 8.728E-06  1.08107009899412E-04
 8.848E-06  1.10933017485745E-04
 8.968E-06  1.13832883712645E-04
 9.091E-06  1.16808538275252E-04
 9.215E-06  1.19861961260514E-04
 9.341E-06  1.22995184462094E-04
 9.468E-06  1.26210292729571E-04
 9.597E-06  1.29509425352789E-04
 9.729E-06  1.32894777482272E-04
 9.861E-06  1.36368601586689E-04
 9.996E-06  1.39933208948258E-04
 1.013E-05  1.43590971197127E-04
 1.027E-05  1.47344321885773E-04
 1.041E-05  1.51195758104357E-04
 1.055E-05  1.55147842138206E-04
 1.070E-05  1.59203203168477E-04
 1.084E-05  1.63364539017082E-04
 1.099E-05  1.67634617937122E-04
 1.114E-05  1.72016280449921E-04
 1.129E-05  1.76512441229925E-04
 1.145E-05  1.81126091038670E-04
 1.160E-05  1.85860298709142E-04
 1.176E-05  1.90718213181810E-04
 1.192E-05  1.95703065593651E-04
 1.209E-05  2.00818171421594E-04
 1.225E-05  2.06066932681788E-04
 1.242E-05  2.11452840186095E-04
 1.259E-05  2.16979475857337E-04
 1.276E-05  2.22650515104859E-04
 1.293E-05  2.28469729261834E-04
 1.311E-05  2.34440988086100E-04
 1.329E-05  2.40568262326051E-04
 1.347E-05  2.46855626353319E-04
 1.365E-05  2.53307260863956E-04
 1.384E-05  2.59927455649870E-04
 1.403E-05  2.66720612442485E-04
 1.422E-05  2.73691247830276E-04
 1.442E-05  2.80843996252279E-04
 1.461E-05  2.88183613069422E-04
 1.481E-05  2.95714977715783E-04
 1.501E-05  3.03443096931880E-04
 1.522E-05  3.11373108081901E-04
 1.543E-05  3.19510282557341E-04
 1.564E-05  3.27860029269110E-04
 1.585E-05  3.36427898230457E-04
 1.607E-05  3.45219584233014E-04
 1.629E-05  3.54240930618443E-04
 1.651E-05  3.63497933148213E-04
 1.673E-05  3.72996743973788E-04
 1.696E-05  3.82743675710178E-04
 1.719E-05  3.92745205615329E-04
 1.743E-05  4.03007979878107E-04
 1.767E-05  4.13538818017647E-04
 1.791E-05  4.24344717397141E-04
 1.815E-05  4.35432857854876E-04
 1.840E-05  4.46810606455486E-04
 1.865E-05  4.58485522364718E-04
 1.891E-05  4.70465361850812E-04
 1.916E-05  4.82758083415777E-04
 1.943E-05  4.95371853059863E-04
 1.969E-05  5.08315049682844E-04
 1.996E-05  5.21596270625453E-04
 2.023E-05  5.35224337354738E-04
 2.051E-05  5.49208301296977E-04
 2.079E-05  5.63557449822038E-04
 2.107E-05  5.78281312383060E-04
 2.136E-05  5.93389666815393E-04
 2.165E-05  6.08892545799037E-04
 2.195E-05  6.24800243488818E-04
 2.225E-05  6.41123322316542E-04
 2.255E-05  6.57872619969483E-04
 2.286E-05  6.75059256550013E-04
 2.317E-05  6.92694641920938E-04
 2.349E-05  7.10790483241219E-04
 2.381E-05  7.29358792697044E-04
 2.413E-05  7.48411895433476E-04
 2.446E-05  7.67962437691649E-04
 2.480E-05  7.88023395156854E-04
 2.514E-05  8.08608081522959E-04
 2.548E-05  8.29730157278825E-04
 2.583E-05  8.51403638722385E-04
 2.618E-05  8.73642907208091E-04
 2.654E-05  8.96462718634087E-04
 2.690E-05  9.19878213175030E-04
 2.727E-05  9.43904925266930E-04
 2.764E-05  9.68558793850565E-04
 2.802E-05  9.93856172879984E-04
 2.840E-05  1.01981384210321E-03
 2.879E-05  1.04644901812184E-03
 2.918E-05  1.07377936573682E-03
 2.958E-05  1.10182300958792E-03
 2.998E-05  1.13059854609421E-03
 3.039E-05  1.16012505570353E-03
 3.080E-05  1.19042211545848E-03
 3.123E-05  1.22150981188771E-03
 3.165E-05  1.25340875423035E-03
 3.208E-05  1.28614008800223E-03
 3.252E-05  1.31972550891291E-03
 3.297E-05  1.35418727714209E-03
 3.342E-05  1.38954823198525E-03
 3.387E-05  1.42583180687740E-03
 3.433E-05  1.46306204480500E-03
 3.480E-05  1.50126361411571E-03
 3.528E-05  1.54046182473656E-03
 3.576E-05  1.58068264481083E-03
 3.625E-05  1.62195271776405E-03
 3.674E-05  1.66429937981093E-03
 3.724E-05  1.70775067791342E-03
 3.775E-05  1.75233538820231E-03
 3.827E-05  1.79808303487418E-03
 3.879E-05  1.84502390957532E-03
 3.932E-05  1.89318909128550E-03
 3.986E-05  1.94261046671426E-03
 4.040E-05  1.99332075122310E-03
 4.095E-05  2.04535351028635E-03
 4.151E-05  2.09874318150517E-03
 4.208E-05  2.15352509718862E-03
 4.265E-05  2.20973550751601E-03
 4.324E-05  2.26741160429552E-03
 4.383E-05  2.32659154533449E-03
 4.442E-05  2.38731447943700E-03
 4.503E-05  2.44962057204417E-03
 4.565E-05  2.51355103153432E-03
 4.627E-05  2.57914813619949E-03
 4.690E-05  2.64645526191496E-03
 4.754E-05  2.71551691052089E-03
 4.819E-05  2.78637873893275E-03
 4.885E-05  2.85908758899940E-03
 4.951E-05  2.93369151812866E-03
 5.019E-05  3.01023983069915E-03
 5.088E-05  3.08878311027817E-03
 5.157E-05  3.16937325266660E-03
 5.227E-05  3.25206349979240E-03
 5.299E-05  3.33690847447250E-03
 5.371E-05  3.42396421606634E-03
 5.445E-05  3.51328821704449E-03
 5.519E-05  3.60493946049321E-03
 5.594E-05  3.69897845858100E-03
 5.671E-05  3.79546729200976E-03
 5.748E-05  3.89446965047664E-03
 5.826E-05  3.99605087417238E-03
 5.906E-05  4.10027799634019E-03
 5.987E-05  4.20721978692498E-03
 6.068E-05  4.31694679733838E-03
 6.151E-05  4.42953140636857E-03
 6.235E-05  4.54504786726341E-03
 6.320E-05  4.66357235601702E-03
 6.407E-05  4.78518302088994E-03
 6.494E-05  4.90996003319316E-03
 6.583E-05  5.03798563937001E-03
 6.673E-05  5.16934421440549E-03
 6.764E-05  5.30412231659860E-03
 6.856E-05  5.44240874373286E-03
 6.950E-05  5.58429459067687E-03
 7.045E-05  5.72987330845360E-03
 7.141E-05  5.87924076481476E-03
 7.238E-05  6.03249530635650E-03
 7.337E-05  6.18973782221815E-03
 7.437E-05  6.35107180940029E-03
 7.539E-05  6.51660343974405E-03
 7.642E-05  6.68644162861492E-03
 7.746E-05  6.86069810533122E-03
 7.852E-05  7.03948748538123E-03
 7.959E-05  7.22292734447583E-03
 8.068E-05  7.41113829447958E-03
 8.178E-05  7.60424406126871E-03
 8.289E-05  7.80237156456469E-03
 8.403E-05  8.00565099978972E-03
 8.517E-05  8.21421592199910E-03
 8.634E-05  8.42820333193754E-03
 8.751E-05  8.64775376427449E-03
 8.871E-05  8.87301137807328E-03
 8.992E-05  9.10412404954724E-03
 9.115E-05  9.34124346716191E-03
 9.239E-05  9.58452522914068E-03
 9.365E-05  9.83412894343110E-03
 9.493E-05  1.00902183301971E-02
 9.623E-05  1.03529613268968E-02
 9.754E-05  1.06225301960090E-02
 9.887E-05  1.08991016354768E-02
 1.002E-04  1.11828568919310E-02
 1.016E-04  1.14739818767680E-02
 1.030E-04  1.17726672851456E-02
 1.044E-04  1.20791087179734E-02
 1.058E-04  1.23935068069684E-02
 1.073E-04  1.27160673428531E-02
 1.087E-04  1.30470014067738E-02
 1.102E-04  1.33865255050149E-02
 1.117E-04  1.37348617070906E-02
 1.132E-04  1.40922377872988E-02
 1.148E-04  1.44588873698246E-02
 1.163E-04  1.48350500774693E-02
 1.179E-04  1.52209716841018E-02
 1.195E-04  1.56169042709281E-02
 1.212E-04  1.60231063866540E-02
 1.228E-04  1.64398432116546E-02
 1.245E-04  1.68673867262396E-02
 1.262E-04  1.73060158831075E-02
 1.279E-04  1.77560167841058E-02
 1.297E-04  1.82176828613856E-02
 1.314E-04  1.86913150630662E-02
 1.332E-04  1.91772220435156E-02
 1.351E-04  1.96757203583568E-02
 1.369E-04  2.01871346643193E-02
 1.388E-04  2.07117979240429E-02
 1.407E-04  2.12500516159614E-02
 1.426E-04  2.18022459493853E-02
 1.445E-04  2.23687400849057E-02
 1.465E-04  2.29499023602485E-02
 1.485E-04  2.35461105217087E-02
 1.505E-04  2.41577519613021E-02
 1.526E-04  2.47852239597588E-02
 1.547E-04  2.54289339355135E-02
 1.568E-04  2.60892996998213E-02
 1.589E-04  2.67667497181511E-02
 1.611E-04  2.74617233780059E-02
 1.633E-04  2.81746712633165E-02
 1.655E-04  2.89060554355695E-02
 1.678E-04  2.96563497218235E-02
 1.701E-04  3.04260400097785E-02
 1.724E-04  3.12156245500660E-02
 1.748E-04  3.20256142659235E-02
 1.771E-04  3.28565330704281E-02
 1.796E-04  3.37089181914707E-02
 1.820E-04  3.45833205046421E-02
 1.845E-04  3.54803048742268E-02
 1.870E-04  3.64004505024818E-02
 1.896E-04  3.73443512873955E-02
 1.922E-04  3.83126161891303E-02
 1.948E-04  3.93058696053382E-02
 1.974E-04  4.03247517555636E-02
 2.001E-04  4.13699190749326E-02
 2.029E-04  4.24420446173537E-02
 2.056E-04  4.35418184684302E-02
 2.084E-04  4.46699481683343E-02
 2.113E-04  4.58271591448375E-02
 2.142E-04  4.70141951567501E-02
 2.171E-04  4.82318187479985E-02
 2.201E-04  4.94808117125824E-02
 2.231E-04  5.07619755706600E-02
 2.261E-04  5.20761320560021E-02
 2.292E-04  5.34241236150840E-02
 2.323E-04  5.48068139180700E-02
 2.355E-04  5.62250883819515E-02
 2.387E-04  5.76798547061167E-02
 2.420E-04  5.91720434206292E-02
 2.453E-04  6.07026084474828E-02
 2.486E-04  6.22725276751462E-02
 2.520E-04  6.38828035466585E-02
 2.555E-04  6.55344636616049E-02
 2.589E-04  6.72285613922509E-02
 2.625E-04  6.89661765141506E-02
 2.661E-04  7.07484158515675E-02
 2.697E-04  7.25764139379887E-02
 2.734E-04  7.44513336920910E-02
 2.771E-04  7.63743671094802E-02
 2.809E-04  7.83467359705447E-02
 2.847E-04  8.03696925647587E-02
 2.886E-04  8.24445204318029E-02
 2.926E-04  8.45725351198494E-02
 2.965E-04  8.67550849613731E-02
 3.006E-04  8.89935518668708E-02
 3.047E-04  9.12893521368351E-02
 3.089E-04  9.36439372924097E-02
 3.131E-04  9.60587949250739E-02
 3.174E-04  9.85354495657699E-02
 3.217E-04  1.01075463573881E-01
 3.261E-04  1.03680438046439E-01
 3.305E-04  1.06352013748022E-01
 3.350E-04  1.09091872061727E-01
 3.396E-04  1.11901735961635E-01
 3.442E-04  1.14783371007237E-01
 3.489E-04  1.17738586360269E-01
 3.537E-04  1.20769235824339E-01
 3.585E-04  1.23877218907850E-01
 3.634E-04  1.27064481910693E-01
 3.684E-04  1.30333019035121E-01
 3.734E-04  1.33684873521322E-01
 3.785E-04  1.37122138808149E-01
 3.837E-04  1.40646959719499E-01
 3.889E-04  1.44261533676831E-01
 3.942E-04  1.47968111938311E-01
 3.996E-04  1.51769000865108E-01
 4.051E-04  1.55666563215337E-01
 4.106E-04  1.59663219466161E-01
 4.162E-04  1.63761449164562E-01
 4.219E-04  1.67963792307357E-01
 4.277E-04  1.72272850750930E-01
 4.335E-04  1.76691289651245E-01
 4.394E-04  1.81221838934702E-01
 4.454E-04  1.85867294800338E-01
 4.515E-04  1.90630521253978E-01
 4.577E-04  1.95514451674829E-01
 4.639E-04  2.00522090415148E-01
 4.702E-04  2.05656514433493E-01
 4.767E-04  2.10920874962159E-01
 4.832E-04  2.16318399209369E-01
 4.898E-04  2.21852392096770E-01
 4.965E-04  2.27526238032824E-01
 5.032E-04  2.33343402722717E-01
 5.101E-04  2.39307435015297E-01
 5.171E-04  2.45421968787674E-01
 5.241E-04  2.51690724868094E-01
 5.313E-04  2.58117512997551E-01
 5.385E-04  2.64706233830891E-01
 5.459E-04  2.71460880977911E-01
 5.533E-04  2.78385543084977E-01
 5.609E-04  2.85484405957890E-01
 5.686E-04  2.92761754726462E-01
 5.763E-04  3.00221976051450E-01
 5.842E-04  3.07869560374417E-01
 5.922E-04  3.15709104211046E-01
 6.002E-04  3.23745312488556E-01
 6.084E-04  3.31983000927703E-01
 6.167E-04  3.40427098470029E-01
 6.252E-04  3.49082649750772E-01
 6.337E-04  3.57954817618105E-01
 6.423E-04  3.67048885699185E-01
 6.511E-04  3.76370261013517E-01
 6.600E-04  3.85924476634209E-01
 6.690E-04  3.95717194397559E-01
 6.782E-04  4.05754207661480E-01
 6.874E-04  4.16041444113290E-01
 6.968E-04  4.26584968627235E-01
 7.063E-04  4.37390986172233E-01
 7.160E-04  4.48465844770337E-01
 7.257E-04  4.59816038506138E-01
 7.356E-04  4.71448210587670E-01
 7.457E-04  4.83369156459142E-01
 7.559E-04  4.95585826965698E-01
 7.662E-04  5.08105331570686E-01
 7.766E-04  5.20934941625671E-01
 7.872E-04  5.34082093693346E-01
 7.980E-04  5.47554392923675E-01
 8.089E-04  5.61359616483437E-01
 8.199E-04  5.75505717039253E-01
 8.311E-04  5.90000826294298E-01
 8.425E-04  6.04853258578702E-01
 8.540E-04  6.20071514493687E-01
 8.656E-04  6.35664284609478E-01
 8.774E-04  6.51640453216825E-01
 8.894E-04  6.68009102132099E-01
 9.016E-04  6.84779514555782E-01
 9.139E-04  7.01961178984094E-01
 9.264E-04  7.19563793173525E-01
 9.390E-04  7.37597268157892E-01
 9.518E-04  7.56071732317507E-01
 9.648E-04  7.74997535500016E-01
 9.780E-04  7.94385253192365E-01
 9.913E-04  8.14245690743124E-01
 1.005E-03  8.34589887634728E-01
 1.019E-03  8.55429121804657E-01
 1.032E-03  8.76774914014599E-01
 1.047E-03  8.98639032266948E-01
 1.061E-03  9.21033496267267E-01
 1.075E-03  9.43970581931689E-01
 1.090E-03  9.67462825938017E-01
 1.105E-03  9.91523030319033E-01
 1.120E-03  1.01616426709668E+00
 1.135E-03  1.04139988295540E+00
 1.151E-03  1.06724350395294E+00
 1.167E-03  1.09370904026680E+00
 1.182E-03  1.12081069097417E+00
 1.199E-03  1.14856294886354E+00
 1.215E-03  1.17698060527537E+00
 1.232E-03  1.20607875496959E+00
 1.248E-03  1.23587280101730E+00
 1.265E-03  1.26637845971389E+00
 1.283E-03  1.29761176551064E+00
 1.300E-03  1.32958907596192E+00
 1.318E-03  1.36232707668424E+00
 1.336E-03  1.39584278632424E+00
 1.354E-03  1.43015356153153E+00
 1.373E-03  1.46527710193275E+00
 1.391E-03  1.50123145510257E+00
 1.410E-03  1.53803502152750E+00
 1.430E-03  1.57570655955794E+00
 1.449E-03  1.61426519034343E+00
 1.469E-03  1.65373040274668E+00
 1.489E-03  1.69412205823042E+00
 1.509E-03  1.73546039571204E+00
 1.530E-03  1.77776603637998E+00
 1.551E-03  1.82105998846588E+00
 1.572E-03  1.86536365196609E+00
 1.593E-03  1.91069882330595E+00
 1.615E-03  1.95708769993970E+00
 1.637E-03  2.00455288487896E+00
 1.660E-03  2.05311739114197E+00
 1.682E-03  2.10280464611575E+00
 1.705E-03  2.15363849582292E+00
 1.729E-03  2.20564320908437E+00
 1.752E-03  2.25884348156895E+00
 1.776E-03  2.31326443972068E+00
 1.800E-03  2.36893164455380E+00
 1.825E-03  2.42587109530526E+00
 1.850E-03  2.48410923293435E+00
 1.875E-03  2.54367294345841E+00
 1.901E-03  2.60458956111293E+00
 1.927E-03  2.66688687132448E+00
 1.953E-03  2.73059311348422E+00
 1.980E-03  2.79573698350854E+00
 2.007E-03  2.86234763617460E+00
 2.034E-03  2.93045468721619E+00
 2.062E-03  3.00008821516599E+00
 2.090E-03  3.07127876292972E+00
 2.118E-03  3.14405733907649E+00
 2.147E-03  3.21845541882994E+00
 2.177E-03  3.29450494474357E+00
 2.206E-03  3.37223832704384E+00
 2.236E-03  3.45168844362312E+00
 2.267E-03  3.53288863966504E+00
 2.298E-03  3.61587272688321E+00
 2.329E-03  3.70067498235444E+00
 2.361E-03  3.78733014692727E+00
 2.393E-03  3.87587342318422E+00
 2.426E-03  3.96634047293827E+00
 2.459E-03  4.05876741424128E+00
 2.493E-03  4.15319081788226E+00
 2.527E-03  4.24964770335316E+00
 2.561E-03  4.34817553425824E+00
 2.596E-03  4.44881221314369E+00
 2.632E-03  4.55159607572224E+00
 2.668E-03  4.65656588446795E+00
 2.704E-03  4.76376082155510E+00
 2.741E-03  4.87322048111486E+00
 2.778E-03  4.98498486078222E+00
 2.816E-03  5.09909435250562E+00
 2.855E-03  5.21558973259110E+00
 2.894E-03  5.33451215095151E+00
 2.933E-03  5.45590311953146E+00
 2.973E-03  5.57980449987771E+00
 3.014E-03  5.70625848982399E+00
 3.055E-03  5.83530760925902E+00
 3.097E-03  5.96699468494586E+00
 3.139E-03  6.10136283435971E+00
 3.182E-03  6.23845544851142E+00
 3.225E-03  6.37831617372299E+00
 3.269E-03  6.52098889232093E+00
 3.314E-03  6.66651770221321E+00
 3.359E-03  6.81494689531443E+00
 3.405E-03  6.96632093478442E+00
 3.452E-03  7.12068443104401E+00
 3.499E-03  7.27808211653196E+00
 3.546E-03  7.43855881916715E+00
 3.595E-03  7.60215943447901E+00
 3.644E-03  7.76892889636919E+00
 3.694E-03  7.93891214646837E+00
 3.744E-03  8.11215410205018E+00
 3.795E-03  8.28869962246565E+00
 3.847E-03  8.46859347406135E+00
 3.900E-03  8.65188029354341E+00
 3.953E-03  8.83860454975198E+00
 4.007E-03  9.02881050380818E+00
 4.061E-03  9.22254216759819E+00
 4.117E-03  9.41984326055870E+00
 4.173E-03  9.62075716472781E+00
 4.230E-03  9.82532687802736E+00
 4.288E-03  1.00335949657425E+01
 4.346E-03  1.02456035101653E+01
 4.406E-03  1.04613940583700E+01
 4.466E-03  1.06810075680892E+01
 4.527E-03  1.09044843516611E+01
 4.589E-03  1.11318640180180E+01
 4.651E-03  1.13631854126907E+01
 4.715E-03  1.15984865558016E+01
 4.779E-03  1.18378045780237E+01
 4.844E-03  1.20811756544834E+01
 4.911E-03  1.23286349365865E+01
 4.978E-03  1.25802164817518E+01
 5.046E-03  1.28359531810352E+01
 5.114E-03  1.30958766846332E+01
 5.184E-03  1.33600173252555E+01
 5.255E-03  1.36284040393613E+01
 5.327E-03  1.39010642862549E+01
 5.400E-03  1.41780239650414E+01
 5.473E-03  1.44593073294471E+01
 5.548E-03  1.47449369005112E+01
 5.624E-03  1.50349333771629E+01
 5.700E-03  1.53293155446989E+01
 5.778E-03  1.56281001811835E+01
 5.857E-03  1.59313019617979E+01
 5.937E-03  1.62389333611705E+01
 6.018E-03  1.65510045537238E+01
 6.100E-03  1.68675233120841E+01
 6.184E-03  1.71884949036007E+01
 6.268E-03  1.75139219850311E+01
 6.354E-03  1.78438044954551E+01
 6.440E-03  1.81781395474878E+01
 6.528E-03  1.85169213168665E+01
 6.617E-03  1.88601409304990E+01
 6.708E-03  1.92077863530645E+01
 6.799E-03  1.95598422722677E+01
 6.892E-03  1.99162899828579E+01
 6.986E-03  2.02771072695310E+01
 7.082E-03  2.06422682888427E+01
 7.178E-03  2.10117434502715E+01
 7.276E-03  2.13854992965799E+01
 7.376E-03  2.17634983836317E+01
 7.476E-03  2.21456991598358E+01
 7.578E-03  2.25320558453967E+01
 7.682E-03  2.29225183115629E+01
 7.787E-03  2.33170319600786E+01
 7.893E-03  2.37155376030521E+01
 8.001E-03  2.41179713434713E+01
 8.110E-03  2.45242644566049E+01
 8.221E-03  2.49343432725446E+01
 8.333E-03  2.53481290601532E+01
 8.447E-03  2.57655379127004E+01
 8.562E-03  2.61864806354786E+01
 8.679E-03  2.66108626357069E+01
 8.798E-03  2.70385838150447E+01
 8.918E-03  2.74695384650495E+01
 9.039E-03  2.79036151659304E+01
 9.163E-03  2.83406966889594E+01
 9.288E-03  2.87806599029202E+01
 9.415E-03  2.92233756849869E+01
 9.543E-03  2.96687088364392E+01
 9.674E-03  3.01165180036368E+01
 9.806E-03  3.05666556046860E+01
 9.940E-03  3.10189677622504E+01
 1.008E-02  3.14732942429682E+01
 1.021E-02  3.19294684039507E+01
 1.035E-02  3.23873171468547E+01
 1.049E-02  3.28466608800279E+01
 1.064E-02  3.33073134892449E+01
 1.078E-02  3.37690823175566E+01
 1.093E-02  3.42317681547933E+01
 1.108E-02  3.46951652372656E+01
 1.123E-02  3.51590612582223E+01
 1.138E-02  3.56232373896299E+01
 1.154E-02  3.60874683158458E+01
 1.170E-02  3.65515222797660E+01
 1.186E-02  3.70151611420310E+01
 1.202E-02  3.74781404538797E+01
 1.218E-02  3.79402095442422E+01
 1.235E-02  3.84011116216647E+01
 1.252E-02  3.88605838916589E+01
 1.269E-02  3.93183576900657E+01
 1.286E-02  3.97741586330195E+01
 1.304E-02  4.02277067840941E+01
 1.321E-02  4.06787168392019E+01
 1.339E-02  4.11268983298083E+01
 1.358E-02  4.15719558450112E+01
 1.376E-02  4.20135892730189E+01
 1.395E-02  4.24514940625457E+01
 1.414E-02  4.28853615046174E+01
 1.433E-02  4.33148790352636E+01
 1.453E-02  4.37397305595412E+01
 1.473E-02  4.41595967973080E+01
 1.493E-02  4.45741556511295E+01
 1.513E-02  4.49830825966690E+01
 1.534E-02  4.53860510958705E+01
 1.555E-02  4.57827330332000E+01
 1.576E-02  4.61727991751638E+01
 1.598E-02  4.65559196532754E+01
 1.619E-02  4.69317644705830E+01
 1.642E-02  4.73000040318139E+01
 1.664E-02  4.76603096971309E+01
 1.687E-02  4.80123543594247E+01
 1.710E-02  4.83558130450008E+01
 1.733E-02  4.86903635374391E+01
 1.757E-02  4.90156870243295E+01
 1.781E-02  4.93314687664997E+01
 1.805E-02  4.96373987892656E+01
 1.830E-02  4.99331725951411E+01
 1.855E-02  5.02184918973486E+01
 1.880E-02  5.04930653733708E+01
 1.906E-02  5.07566094376785E+01
 1.932E-02  5.10088490326630E+01
 1.958E-02  5.12495184366862E+01
 1.985E-02  5.14783620880479E+01
 2.012E-02  5.16951354235490E+01
 2.039E-02  5.18996057302063E+01
 2.067E-02  5.20915530085491E+01
 2.095E-02  5.22707708457997E+01
 2.124E-02  5.24370672971082E+01
 2.153E-02  5.25902657728775E+01
 2.182E-02  5.27302059300840E+01
 2.212E-02  5.28567445653582E+01
 2.242E-02  5.29697565074552E+01
 2.273E-02  5.30691355066094E+01
 2.304E-02  5.31547951181269E+01
 2.335E-02  5.32266695774363E+01
 2.367E-02  5.32847146636830E+01
 2.400E-02  5.33289085488178E+01
 2.432E-02  5.33592526290045E+01
 2.466E-02  5.33757723350392E+01
 2.499E-02  5.33785179183589E+01
 2.533E-02  5.33675652090931E+01
 2.568E-02  5.33430163425066E+01
 2.603E-02  5.33050004500739E+01
 2.639E-02  5.32536743113301E+01
 2.675E-02  5.31892229625563E+01
 2.711E-02  5.31118602582777E+01
 2.748E-02  5.30218293814863E+01
 2.786E-02  5.29194032984418E+01
 2.824E-02  5.28048851538653E+01
 2.862E-02  5.26786086023059E+01
 2.901E-02  5.25409380714476E+01
 2.941E-02  5.23922689531265E+01
 2.981E-02  5.22330277178428E+01
 3.022E-02  5.20636719485900E+01
 3.063E-02  5.18846902898781E+01
 3.105E-02  5.16966023079017E+01
 3.147E-02  5.14999582578997E+01
 3.190E-02  5.12953387548706E+01
 3.234E-02  5.10833543439481E+01
 3.278E-02  5.08646449669049E+01
 3.323E-02  5.06398793214408E+01
 3.368E-02  5.04097541101252E+01
 3.414E-02  5.01749931761024E+01
 3.461E-02  4.99363465229338E+01
 3.508E-02  4.96945892162432E+01
 3.556E-02  4.94505201651502E+01
 3.604E-02  4.92049607818245E+01
 3.654E-02  4.89587535178646E+01
 3.703E-02  4.87127602766106E+01
 3.754E-02  4.84678607009234E+01
 3.805E-02  4.82249503364231E+01
 3.857E-02  4.79849386706571E+01
 3.910E-02  4.77487470491775E+01
 3.963E-02  4.75173064700396E+01
 4.017E-02  4.72915552587878E+01
 4.072E-02  4.70724366265748E+01
 4.128E-02  4.68608961146593E+01
 4.184E-02  4.66578789291469E+01
 4.241E-02  4.64643271704742E+01
 4.299E-02  4.62811769627911E+01
 4.358E-02  4.61093554890609E+01
 4.417E-02  4.59497779383756E+01
 4.478E-02  4.58033443726695E+01
 4.539E-02  4.56709365207044E+01
 4.601E-02  4.55534145078963E+01
 4.664E-02  4.54516135312441E+01
 4.727E-02  4.53663404893109E+01
 4.792E-02  4.52983705778909E+01
 4.857E-02  4.52484438626640E+01
 4.924E-02  4.52172618407958E+01
 4.991E-02  4.52054840040756E+01
 5.059E-02  4.52137244167964E+01
 5.128E-02  4.52425483221671E+01
 5.198E-02  4.52924687915931E+01
 5.269E-02  4.53639434316833E+01
 5.341E-02  4.54573711643065E+01
 5.414E-02  4.55730890954520E+01
 5.488E-02  4.57113694890225E+01
 5.563E-02  4.58724168620063E+01
 5.639E-02  4.60563652177367E+01
 5.716E-02  4.62632754341396E+01
 5.794E-02  4.64931328239947E+01
 5.873E-02  4.67458448842858E+01
 5.953E-02  4.70212392516894E+01
 6.034E-02  4.73190618811375E+01
 6.116E-02  4.76389754641936E+01
 6.200E-02  4.79805581036958E+01
 6.285E-02  4.83433022607358E+01
 6.370E-02  4.87266139895656E+01
 6.457E-02  4.91298124754476E+01
 6.546E-02  4.95521298897804E+01
 6.635E-02  4.99927115760505E+01
 6.725E-02  5.04506165792708E+01
 6.817E-02  5.09248185305689E+01
 6.910E-02  5.14142068974887E+01
 7.005E-02  5.19175886093541E+01
 7.100E-02  5.24336900657336E+01
 7.197E-02  5.29611595346203E+01
 7.296E-02  5.34985699454208E+01
 7.395E-02  5.40444220802227E+01
 7.496E-02  5.45971481650935E+01
 7.598E-02  5.51551158613488E+01
 7.702E-02  5.57166326548336E+01
 7.807E-02  5.62799506392755E+01
 7.914E-02  5.68432716877165E+01
 8.022E-02  5.74047530039049E+01
 8.132E-02  5.79625130433454E+01
 8.243E-02  5.85146377914694E+01
 8.355E-02  5.90591873841134E+01
 8.469E-02  5.95942030531791E+01
 8.585E-02  6.01177143780251E+01
 8.702E-02  6.06277468207975E+01
 8.821E-02  6.11223295215705E+01
 8.941E-02  6.15995033268527E+01
 9.063E-02  6.20573290227181E+01
 9.187E-02  6.24938957415815E+01
 9.312E-02  6.29073295094442E+01
 9.440E-02  6.32958018983257E+01
 9.568E-02  6.36575387465690E+01
 9.699E-02  6.39908289077901E+01
 9.831E-02  6.42940329874408E+01
 9.966E-02  6.45655920242938E+01
 1.010E-01  6.48040360726549E+01
 1.024E-01  6.50079926397685E+01
 1.038E-01  6.51761949317379E+01
 1.052E-01  6.53074898603376E+01
 1.066E-01  6.54008457623743E+01
 1.081E-01  6.54553597827661E+01
 1.096E-01  6.54702648722789E+01
 1.111E-01  6.54449363508927E+01
 1.126E-01  6.53788979880879E+01
 1.141E-01  6.52718275519514E+01
 1.157E-01  6.51235617799284E+01
 1.173E-01  6.49341007252737E+01
 1.189E-01  6.47036114348385E+01
 1.205E-01  6.44324309157192E+01
 1.221E-01  6.41210683505566E+01
 1.238E-01  6.37702065238650E+01
 1.255E-01  6.33807024247263E+01
 1.272E-01  6.29535869944836E+01
 1.289E-01  6.24900639917273E+01
 1.307E-01  6.19915079508633E+01
 1.325E-01  6.14594612148946E+01
 1.343E-01  6.08956300277134E+01
 1.361E-01  6.03018796761843E+01
 1.380E-01  5.96802286775773E+01
 1.399E-01  5.90328420134685E+01
 1.418E-01  5.83620234170340E+01
 1.437E-01  5.76702067267004E+01
 1.457E-01  5.69599463253421E+01
 1.477E-01  5.62339066906039E+01
 1.497E-01  5.54948510884341E+01
 1.517E-01  5.47456294484937E+01
 1.538E-01  5.39891654667244E+01
 1.559E-01  5.32284429869457E+01
 1.580E-01  5.24664917198771E+01
 1.602E-01  5.17063723643719E+01
 1.624E-01  5.09511612018573E+01
 1.646E-01  5.02039342409403E+01
 1.668E-01  4.94677509947919E+01
 1.691E-01  4.87456379792192E+01
 1.714E-01  4.80405720241889E+01
 1.738E-01  4.73554634959450E+01
 1.761E-01  4.66931395306846E+01
 1.785E-01  4.60563273839758E+01
 1.810E-01  4.54476380026659E+01
 1.834E-01  4.48695499278781E+01
 1.860E-01  4.43243936388005E+01
 1.885E-01  4.38143364472786E+01
 1.911E-01  4.33413680527072E+01
 1.937E-01  4.29072868653542E+01
 1.963E-01  4.25136872040090E+01
 1.990E-01  4.21619474707310E+01
 2.017E-01  4.18532194014676E+01
 2.045E-01  4.15884184864232E+01
 2.073E-01  4.13682156482986E+01
 2.101E-01  4.11930302599128E+01
 2.130E-01  4.10630245752757E+01
 2.159E-01  4.09780996399603E+01
 2.188E-01  4.09378927376389E+01
 2.218E-01  4.09417764199810E+01
 2.248E-01  4.09888591567876E+01
 2.279E-01  4.10779876323480E+01
 2.310E-01  4.12077507026034E+01
 2.342E-01  4.13764850158768E+01
 2.374E-01  4.15822822877667E+01
 2.406E-01  4.18229982083894E+01
 2.439E-01  4.20962629476017E+01
 2.472E-01  4.23994932112442E+01
 2.506E-01  4.27299057889263E+01
 2.540E-01  4.30845325215523E+01
 2.575E-01  4.34602366047743E+01
 2.610E-01  4.38537301329865E+01
 2.646E-01  4.42615927774594E+01
 2.682E-01  4.46802914818834E+01
 2.718E-01  4.51062010490611E+01
 2.755E-01  4.55356254838768E+01
 2.793E-01  4.59648199500805E+01
 2.831E-01  4.63900131919550E+01
 2.870E-01  4.68074302666768E+01
 2.909E-01  4.72133154291993E+01
 2.949E-01  4.76039550088561E+01
 2.989E-01  4.79757001156316E+01
 3.030E-01  4.83249890142187E+01
 3.071E-01  4.86483690055801E+01
 3.113E-01  4.89425176587542E+01
 3.156E-01  4.92042632400661E+01
 3.199E-01  4.94306041926900E+01
 3.242E-01  4.96187275265948E+01
 3.287E-01  4.97660259872228E+01
 3.331E-01  4.98701138807160E+01
 3.377E-01  4.99288414440110E+01
 3.423E-01  4.99403076595656E+01
 3.470E-01  4.99028714267362E+01
 3.517E-01  4.98151610147592E+01
 3.565E-01  4.96760817357817E+01
 3.614E-01  4.94848217902808E+01
 3.663E-01  4.92408562513877E+01
 3.713E-01  4.89439491689331E+01
 3.764E-01  4.85941537883365E+01
 3.815E-01  4.81918108936288E+01
 3.867E-01  4.77375452978094E+01
 3.920E-01  4.72322605172689E+01
 3.974E-01  4.66771316800569E+01
 4.028E-01  4.60735967302326E+01
 4.083E-01  4.54233460023240E+01
 4.139E-01  4.47283102509531E+01
 4.195E-01  4.39906472309014E+01
 4.252E-01  4.32127269322279E+01
 4.311E-01  4.23971155834762E+01
 4.369E-01  4.15465585434696E+01
 4.429E-01  4.06639622086867E+01
 4.489E-01  3.97523750686993E+01
 4.551E-01  3.88149680466472E+01
 4.613E-01  3.78550142652057E+01
 4.676E-01  3.68758683809905E+01
 4.740E-01  3.58809456318294E+01
 4.804E-01  3.48737007418474E+01
 4.870E-01  3.38576068288529E+01
 4.936E-01  3.28361344571152E+01
 5.004E-01  3.18127309762864E+01
 5.072E-01  3.07908002840085E+01
 5.141E-01  2.97736831455550E+01
 5.212E-01  2.87646381989613E+01
 5.283E-01  2.77668237681770E+01
 5.355E-01  2.67832806001699E+01
 5.428E-01  2.58169156344608E+01
 5.502E-01  2.48704869053707E+01
 5.577E-01  2.39465896683513E+01
 5.653E-01  2.30476438321692E+01
 5.731E-01  2.21758827684926E+01
 5.809E-01  2.13333435596334E+01
 5.888E-01  2.05218587338922E+01
 5.969E-01  1.97430495262247E+01
 6.050E-01  1.89983206898760E+01
 6.133E-01  1.82888568723155E+01
 6.216E-01  1.76156205563634E+01
 6.301E-01  1.69793515549495E+01
 6.387E-01  1.63805680356118E+01
 6.474E-01  1.58195690387778E+01
 6.563E-01  1.52964384421979E+01
 6.652E-01  1.48110503127793E+01
 6.743E-01  1.43630755766224E+01
 6.835E-01  1.39519899284315E+01
 6.929E-01  1.35770828927617E+01
 7.023E-01  1.32374679418859E+01
 7.119E-01  1.29320935684744E+01
 7.216E-01  1.26597552058437E+01
 7.315E-01  1.24191078842591E+01
 7.415E-01  1.22086795086673E+01
 7.516E-01  1.20268846412630E+01
 7.618E-01  1.18720386714100E+01
 7.723E-01  1.17423722555755E+01
 7.828E-01  1.16360459110302E+01
 7.935E-01  1.15511646490431E+01
 8.043E-01  1.14857925360798E+01
 8.153E-01  1.14379670750506E+01
 8.264E-01  1.14057133028716E+01
 8.377E-01  1.13870575054789E+01
 8.491E-01  1.13800404569125E+01
 8.607E-01  1.13827300951477E+01
 8.725E-01  1.13932335539630E+01
 8.844E-01  1.14097084772585E+01
 8.965E-01  1.14303735498548E+01
 9.087E-01  1.14535181868532E+01
 9.211E-01  1.14775113320808E+01
 9.337E-01  1.15008093249105E+01
 9.464E-01  1.15219628037631E+01
 9.594E-01  1.15396226237815E+01
 9.725E-01  1.15525447754257E+01
 9.857E-01  1.15595942999670E+01
 9.992E-01  1.15597482069596E+01
 1.013E+00  1.15520974076379E+01
 1.027E+00  1.15358476867099E+01
 1.041E+00  1.15103197431110E+01
 1.055E+00  1.14749483378360E+01
 1.069E+00  1.14292805939079E+01
 1.084E+00  1.13729734997923E+01
 1.099E+00  1.13057906730588E+01
 1.114E+00  1.12275984457847E+01
 1.129E+00  1.11383613370513E+01
 1.144E+00  1.10381369808735E+01
 1.160E+00  1.09270705800368E+01
 1.176E+00  1.08053889575785E+01
 1.192E+00  1.06733942780794E+01
 1.208E+00  1.05314575105513E+01
 1.225E+00  1.03800117035530E+01
 1.241E+00  1.02195451413099E+01
 1.258E+00  1.00505944470915E+01
 1.275E+00  9.87373769699716E+00
 1.293E+00  9.68958760367756E+00
 1.310E+00  9.49878482545859E+00
 1.328E+00  9.30199145190232E+00
 1.347E+00  9.09988471212495E+00
 1.365E+00  8.89315094726123E+00
 1.384E+00  8.68247988339665E+00
 1.402E+00  8.46855923615206E+00
 1.422E+00  8.25206967296679E+00
 1.441E+00  8.03368015404720E+00
 1.461E+00  7.81404366798390E+00
 1.481E+00  7.59379337324269E+00
 1.501E+00  7.37353915214612E+00
 1.521E+00  7.15386457962122E+00
 1.542E+00  6.93532430492724E+00
 1.563E+00  6.71844184081932E+00
 1.584E+00  6.50370775117046E+00
 1.606E+00  6.29157822497774E+00
 1.628E+00  6.08247402192940E+00
 1.650E+00  5.87677977230891E+00
 1.673E+00  5.67484361196200E+00
 1.696E+00  5.47697713134570E+00
 1.719E+00  5.28345561630813E+00
 1.742E+00  5.09451855720163E+00
 1.766E+00  4.91037040219573E+00
 1.790E+00  4.73118153021435E+00
 1.815E+00  4.55708941875495E+00
 1.839E+00  4.38819998193616E+00
 1.864E+00  4.22458905444425E+00
 1.890E+00  4.06630399758575E+00
 1.916E+00  3.91336540438137E+00
 1.942E+00  3.76576888153241E+00
 1.968E+00  3.62348688713383E+00
 1.995E+00  3.48647060417407E+00
 2.022E+00  3.35465183113070E+00
 2.050E+00  3.22794487232048E+00
 2.078E+00  3.10624841207311E+00
 2.106E+00  2.98944735824971E+00
 2.135E+00  2.87741464210206E+00
 2.164E+00  2.77001296294924E+00
 2.194E+00  2.66709646761884E+00
 2.224E+00  2.56851235604583E+00
 2.254E+00  2.47410240582993E+00
 2.285E+00  2.38370440991050E+00
 2.316E+00  2.29715352281651E+00
 2.348E+00  2.21428351217837E+00
 2.380E+00  2.13492791334251E+00
 2.412E+00  2.05892108600129E+00
 2.445E+00  1.98609917273715E+00
 2.479E+00  1.91630096027662E+00
 2.513E+00  1.84936864505667E+00
 2.547E+00  1.78514850542084E+00
 2.582E+00  1.72349148338839E+00
 2.617E+00  1.66425367947578E+00
 2.653E+00  1.60729676450086E+00
 2.689E+00  1.55248831266855E+00
 2.725E+00  1.49970206052659E+00
 2.763E+00  1.44881809659637E+00
 2.800E+00  1.39972298663178E+00
 2.839E+00  1.35230983954321E+00
 2.877E+00  1.30647831905126E+00
 2.917E+00  1.26213460610943E+00
 2.956E+00  1.21919131706432E+00
 2.997E+00  1.17756738241030E+00
 3.038E+00  1.13718789084909E+00
 3.079E+00  1.09798390318895E+00
 3.121E+00  1.05989224041761E+00
 3.164E+00  1.02285525006310E+00
 3.207E+00  9.86820554721659E-01
 3.251E+00  9.51740786385799E-01
 3.295E+00  9.17573309952780E-01
 3.340E+00  8.84279939037194E-01
 3.386E+00  8.51826646954495E-01
 3.432E+00  8.20183275487816E-01
 3.479E+00  7.89323243800741E-01
 3.526E+00  7.59223259615916E-01
 3.575E+00  7.29863034545210E-01
 3.623E+00  7.01225005233103E-01
 3.673E+00  6.73294061762096E-01
 3.723E+00  6.46057284568150E-01
 3.774E+00  6.19503690926110E-01
 3.825E+00  5.93623991889951E-01
 3.878E+00  5.68410360410851E-01
 3.930E+00  5.43856211207390E-01
 3.984E+00  5.19955992826388E-01
 4.039E+00  4.96704992209729E-01
 4.094E+00  4.74099151971441E-01
 4.150E+00  4.52134900489744E-01
 4.206E+00  4.30808994830097E-01
 4.264E+00  4.10118376436689E-01
 4.322E+00  3.90060039460645E-01
 4.381E+00  3.70630911532573E-01
 4.441E+00  3.51827746734240E-01
 4.501E+00  3.33647030478319E-01
 4.563E+00  3.16084895965485E-01
 4.625E+00  2.99137051854041E-01
 4.688E+00  2.82798720747914E-01
 4.752E+00  2.67064588083696E-01
 4.817E+00  2.51928760975914E-01
 4.883E+00  2.37384736561262E-01
 4.950E+00  2.23425379366793E-01
 5.017E+00  2.10042907213663E-01
 5.086E+00  1.97228885156564E-01
 5.155E+00  1.84974226949442E-01
 5.225E+00  1.73269203520094E-01
 5.297E+00  1.62103457929827E-01
 5.369E+00  1.51466026289492E-01
 5.442E+00  1.41345364099763E-01
 5.517E+00  1.31729377481751E-01
 5.592E+00  1.22605458763811E-01
 5.668E+00  1.13960525891989E-01
 5.746E+00  1.05781065134944E-01
 5.824E+00  9.80531765596060E-02
 5.904E+00  9.07626217613286E-02
 5.984E+00  8.38948733420218E-02
 6.066E+00  7.74351656418047E-02
 6.149E+00  7.13685462441210E-02
 6.233E+00  6.56799277911019E-02
 6.318E+00  6.03541396652067E-02
 6.404E+00  5.53759791148021E-02
 6.491E+00  5.07302614252723E-02
 6.580E+00  4.64018687633635E-02
 6.670E+00  4.23757973506032E-02
 6.761E+00  3.86372026515905E-02
 6.853E+00  3.51714422944847E-02
 6.947E+00  3.19641164738653E-02
 7.042E+00  2.90011056199868E-02
 7.138E+00  2.62686051529891E-02
 7.235E+00  2.37531571754949E-02
 7.334E+00  2.14416789918920E-02
 7.434E+00  1.93214883770877E-02
 7.536E+00  1.73803255512916E-02
 7.639E+00  1.56063718500815E-02
 7.743E+00  1.39882651103086E-02
 7.849E+00  1.25151118219946E-02
 7.956E+00  1.11764961239879E-02
 8.064E+00  9.96248574653690E-03
 8.174E+00  8.86363502688134E-03
 8.286E+00  7.87098514431206E-03
 8.399E+00  6.97606173875590E-03
 8.514E+00  6.17087009173884E-03
 8.630E+00  5.44788806051603E-03
 8.748E+00  4.80005696524034E-03
 8.867E+00  4.22077063531351E-03
 8.988E+00  3.70386282461038E-03
 9.111E+00  3.24359320620521E-03
 9.235E+00  2.83463215571194E-03
 9.362E+00  2.47204452855796E-03
 9.489E+00  2.15127263064317E-03
 9.619E+00  1.86811857411828E-03
 9.750E+00  1.61872620068279E-03
 9.883E+00  1.39956274409682E-03
 1.002E+01  1.20740039177177E-03
 1.016E+01  1.03929789259865E-03
 1.029E+01  8.92582344833200E-04
 1.043E+01  7.64831284116416E-04
 1.058E+01  6.53855177788969E-04
 1.072E+01  5.57680417764375E-04
 1.087E+01  4.74532890544950E-04
 1.102E+01  4.02822189666143E-04
 1.117E+01  3.41126523085156E-04
 1.132E+01  2.88178355913834E-04
 1.147E+01  2.42850817536911E-04
 1.163E+01  2.04144891635750E-04
 1.179E+01  1.71177398014532E-04
 1.195E+01  1.43169766439824E-04
 1.211E+01  1.19437594976077E-04
 1.228E+01  9.93809785313941E-05
 1.245E+01  8.24755875075949E-05
 1.262E+01  6.82644715492898E-05
 1.279E+01  5.63505593700831E-05
 1.296E+01  4.63898224519216E-05
 1.314E+01  3.80850680100526E-05
 1.332E+01  3.11803249291984E-05
 1.350E+01  2.54557853403637E-05
 1.368E+01  2.07232640540398E-05
 1.387E+01  1.68221381252761E-05
 1.406E+01  1.36157293306127E-05
 1.425E+01  1.09880932193969E-05
 1.445E+01  8.84117959848900E-06
 1.464E+01  7.09233075922899E-06
 1.484E+01  5.67208540252348E-06
 1.505E+01  4.52225801032354E-06
 1.525E+01  3.59426530289997E-06
 1.546E+01  2.84767336961909E-06
 1.567E+01  2.24894102994398E-06
 1.589E+01  1.77033693983399E-06
 1.610E+01  1.38900988016139E-06
 1.632E+01  1.08619352644633E-06
 1.655E+01  8.46528785758368E-07
 1.677E+01  6.57488483653325E-07
 1.700E+01  5.08890781723649E-07
 1.723E+01  3.92489198633051E-07
 1.747E+01  3.01630486829930E-07
 1.771E+01  2.30979497125144E-07
 1.795E+01  1.76240239264149E-07
 1.819E+01  1.33982959371728E-07
 1.844E+01  1.01481297809081E-07
 1.869E+01  7.65760948597625E-08
 1.895E+01  5.75638284134999E-08
 1.921E+01  4.31055874173514E-08
 1.947E+01  3.21530954021783E-08
 1.974E+01  2.38888312855592E-08
 2.000E+01  1.76777572388473E-08
 2.028E+01  1.30285629446713E-08
 2.055E+01  9.56267891526404E-09
 2.084E+01  6.98960511400605E-09
 2.112E+01  5.08735088027497E-09
 2.141E+01  3.68699357704643E-09
 2.170E+01  2.66054145119298E-09
 2.200E+01  1.91143542716369E-09
 2.230E+01  1.36714898875971E-09
 2.260E+01  9.73448539065537E-10
 2.291E+01  6.89961843961299E-10
 2.322E+01  4.86772148533520E-10
 2.354E+01  3.41812737500538E-10
 2.386E+01  2.38883192748387E-10
 2.419E+01  1.66146190413635E-10
 2.452E+01  1.14993920043469E-10
 2.485E+01  7.91974088318376E-11
 2.519E+01  5.42712989505925E-11
 2.554E+01  3.70018806369709E-11
 2.588E+01  2.50981981057832E-11
 2.624E+01  1.69354566707117E-11
 2.660E+01  1.13672915052189E-11
 2.696E+01  7.58913921606189E-12
 2.733E+01  5.03933031224086E-12
 2.770E+01  3.32787408344700E-12
 2.808E+01  2.18546214099639E-12
 2.846E+01  1.42715202254204E-12
 2.885E+01  9.26649623096363E-13
 2.924E+01  5.98200352099262E-13
 2.964E+01  3.83911043401418E-13
 3.005E+01  2.44925505844134E-13
 3.046E+01  1.55318478742328E-13
 3.087E+01  9.78957375637041E-14
 3.130E+01  6.13227191729260E-14
 3.172E+01  3.81734144852629E-14
 3.216E+01  2.36127840376921E-14
 3.259E+01  1.45125640013327E-14
 3.304E+01  8.86167108563323E-15
 3.349E+01  5.37557547325287E-15
 3.395E+01  3.23917985094451E-15
 3.441E+01  1.93869008668375E-15
 3.488E+01  1.15240988204949E-15
 3.536E+01  6.80287355572708E-16
 3.584E+01  3.98773050189894E-16
 3.633E+01  2.32096108875495E-16
 3.683E+01  1.34115446428416E-16
 3.733E+01  7.69340116840785E-17
 3.784E+01  4.38072394888146E-17
 3.835E+01  2.47582609808075E-17
 3.888E+01  1.38867129841741E-17
 3.941E+01  7.72932731529422E-18
 3.995E+01  4.26878422633841E-18
 4.049E+01  2.33907322952028E-18
 4.104E+01  1.27150151365542E-18
 4.161E+01  6.85613264460422E-19
 4.217E+01  3.66679052992727E-19
 4.275E+01  1.94487776073851E-19
 4.333E+01  1.02294446266759E-19
 4.392E+01  5.33481058274896E-20
 4.452E+01  2.75833026554854E-20
 4.513E+01  1.41379482751152E-20
 4.575E+01  7.18276028393582E-21
 4.637E+01  3.61670166734816E-21
 4.701E+01  1.80468469521754E-21
 4.765E+01  8.92294081434801E-22
 4.830E+01  4.37102645376940E-22
 4.896E+01  2.12118762865978E-22
 4.963E+01  1.01964463430076E-22
 5.030E+01  4.85458981040020E-23
 5.099E+01  2.28909572724869E-23
 5.169E+01  1.06902629261862E-23
 5.239E+01  4.94540843179594E-24
 5.311E+01  2.26749461407681E-24
 5.383E+01  1.03188456078529E-24
 5.457E+01  4.67639313517556E-25
 5.531E+01  2.12696170212203E-25
 5.607E+01  0.00000000000000E+00
 5.683E+01  0.00000000000000E+00
 5.761E+01  0.00000000000000E+00
 5.839E+01  0.00000000000000E+00
 5.919E+01  0.00000000000000E+00
 6.000E+01  0.00000000000000E+00
