line2: Z,NR,R(1),R(NR) /line3,4,...: R(N),RHO*4*PI*R(N)**2
53.00  2000  1.01365245284744E-10  6.00000000000000E+01
 1.014E-10  2.51515826601155E-13
 1.027E-10  2.57885485674571E-13
 1.042E-10  2.64416456890685E-13
 1.056E-10  2.94561848845826E-13
 1.070E-10  3.02021651985911E-13
 1.085E-10  3.09670375258475E-13
 1.100E-10  3.17512803076992E-13
 1.115E-10  3.25553841027238E-13
 1.130E-10  3.33798518926541E-13
 1.145E-10  3.42251993973438E-13
 1.161E-10  3.50919553972877E-13
 1.177E-10  3.59806620643901E-13
 1.193E-10  3.68918753011041E-13
 1.209E-10  3.78261650881573E-13
 1.226E-10  3.87841158410858E-13
 1.242E-10  3.97663267757954E-13
 1.259E-10  4.07734122833874E-13
 1.276E-10  4.18060023144676E-13
 1.294E-10  4.28647427731893E-13
 1.312E-10  4.39502959212847E-13
 1.329E-10  4.50633407923178E-13
 1.348E-10  4.62045736164328E-13
 1.366E-10  4.73747082558599E-13
 1.385E-10  4.85744766514484E-13
 1.404E-10  4.98046292805090E-13
 1.423E-10  5.10659356262549E-13
 1.442E-10  5.23591846591203E-13
 1.462E-10  5.36851853302823E-13
 1.482E-10  5.50447670776751E-13
 1.502E-10  5.64387803448119E-13
 1.523E-10  5.78680971127615E-13
 1.543E-10  5.93336114455833E-13
 1.564E-10  6.08362400495801E-13
 1.586E-10  6.23769228467219E-13
 1.607E-10  6.39566235625758E-13
 1.629E-10  6.55763303291362E-13
 1.652E-10  6.72370563029248E-13
 1.674E-10  6.89398402987340E-13
 1.697E-10  7.06857474394275E-13
 1.720E-10  7.24758698221889E-13
 1.744E-10  7.43113272016518E-13
 1.767E-10  7.61932676903322E-13
 1.792E-10  7.81228684767875E-13
 1.816E-10  8.01013365619707E-13
 1.841E-10  8.21299095142322E-13
 1.866E-10  8.42098562434432E-13
 1.891E-10  8.63424777947197E-13
 1.917E-10  8.85291081622540E-13
 1.943E-10  9.07711151237499E-13
 1.970E-10  9.30699010959882E-13
 1.997E-10  9.54269040120797E-13
 2.024E-10  9.78435982208964E-13
 2.052E-10  1.00321495409320E-12
 2.080E-10  1.02862145547832E-12
 2.108E-10  1.05467137860041E-12
 2.137E-10  1.08138101816763E-12
 2.166E-10  1.10876708155305E-12
 2.196E-10  1.13684669924534E-12
 2.226E-10  1.16563743556408E-12
 2.256E-10  1.19515729964682E-12
 2.287E-10  1.22542475671387E-12
 2.318E-10  1.25645873961887E-12
 2.350E-10  1.28827866069140E-12
 2.382E-10  1.32090442387989E-12
 2.414E-10  1.35435643720193E-12
 2.447E-10  1.38865562550983E-12
 2.481E-10  1.42382344357939E-12
 2.515E-10  1.45988188953043E-12
 2.549E-10  1.49685351858697E-12
 2.584E-10  1.53476145718582E-12
 2.619E-10  1.57362941744280E-12
 2.655E-10  1.61348171198492E-12
 2.691E-10  1.65434326915844E-12
 2.728E-10  1.69623964862198E-12
 2.765E-10  1.73919705733475E-12
 2.803E-10  1.78324236594919E-12
 2.841E-10  1.82840312561909E-12
 2.880E-10  1.87470758523379E-12
 2.919E-10  1.92218470908774E-12
 2.959E-10  1.97086419499858E-12
 2.999E-10  2.02077649288362E-12
 3.040E-10  2.07195282380687E-12
 3.082E-10  2.12442519950813E-12
 3.124E-10  2.17822644242721E-12
 3.166E-10  2.23339020623497E-12
 3.210E-10  2.28995099688401E-12
 3.253E-10  2.34794419419301E-12
 3.298E-10  2.40740607397769E-12
 3.343E-10  2.46837383074140E-12
 3.389E-10  2.53088560094133E-12
 3.435E-10  2.59498048684388E-12
 3.482E-10  2.66069858098311E-12
 3.529E-10  2.72808099123991E-12
 3.577E-10  2.79716986655563E-12
 3.626E-10  2.86800842329684E-12
 3.676E-10  2.94064097228817E-12
 3.726E-10  3.01511294652945E-12
 3.777E-10  3.09147092961490E-12
 3.828E-10  3.16976268487202E-12
 3.881E-10  3.25003718523833E-12
 3.934E-10  3.33234464389507E-12
 3.987E-10  3.41673654567629E-12
 4.042E-10  3.50326567927370E-12
 4.097E-10  3.59198617025690E-12
 4.153E-10  3.68295351492954E-12
 4.210E-10  3.77622461504405E-12
 4.267E-10  3.87185781339421E-12
 4.325E-10  3.96991293030949E-12
 4.384E-10  4.07045130107449E-12
 4.444E-10  4.17353581429450E-12
 4.505E-10  4.27923095123365E-12
 4.566E-10  4.38760282614969E-12
 4.629E-10  4.49871922764893E-12
 4.692E-10  4.61264966108951E-12
 4.756E-10  4.72946539205870E-12
 4.821E-10  4.84923949095012E-12
 4.887E-10  4.97204687867134E-12
 4.953E-10  5.09796437350766E-12
 5.021E-10  5.22707073917333E-12
 5.090E-10  5.35944673408075E-12
 5.159E-10  5.49517516185478E-12
 5.230E-10  5.63434092312890E-12
 5.301E-10  5.77703106865249E-12
 5.373E-10  5.92333485374121E-12
 5.447E-10  6.07334379410939E-12
 5.521E-10  6.22715172311426E-12
 5.596E-10  6.38485485044942E-12
 5.673E-10  6.54655182232707E-12
 5.750E-10  6.71234378318320E-12
 5.829E-10  6.88233443894412E-12
 5.908E-10  7.05663012189661E-12
 5.989E-10  7.23533985720196E-12
 6.071E-10  7.41857543109179E-12
 6.154E-10  7.60645146079268E-12
 6.238E-10  7.79908546622246E-12
 6.323E-10  7.99659794349938E-12
 6.409E-10  8.19911244031538E-12
 6.497E-10  8.40675563321849E-12
 6.585E-10  8.61965740684928E-12
 6.675E-10  8.83795093518757E-12
 6.766E-10  9.06177276485516E-12
 6.859E-10  9.29126290052699E-12
 6.952E-10  9.52656489250803E-12
 7.047E-10  9.76782592652593E-12
 7.144E-10  1.00151969157988E-11
 7.241E-10  1.02688325954333E-11
 7.340E-10  1.05288916192152E-11
 7.440E-10  1.07955366588504E-11
 7.542E-10  1.10689345057175E-11
 7.645E-10  1.13492561752004E-11
 7.749E-10  1.16366770136614E-11
 7.855E-10  1.19313768081228E-11
 7.962E-10  1.22335398987277E-11
 8.071E-10  1.25433552940471E-11
 8.181E-10  1.28610167893090E-11
 8.293E-10  1.31867230876217E-11
 8.406E-10  1.35206779242647E-11
 8.521E-10  1.38630901941287E-11
 8.637E-10  1.42141740823851E-11
 8.755E-10  1.45741491984605E-11
 8.874E-10  1.49432407134077E-11
 8.996E-10  1.53216795007543E-11
 9.118E-10  1.57097022809175E-11
 9.243E-10  1.61075517692774E-11
 9.369E-10  1.65154768280007E-11
 9.497E-10  1.69337326217069E-11
 9.627E-10  1.73625807770797E-11
 9.758E-10  1.78022895465191E-11
 9.891E-10  1.82531339759379E-11
 1.003E-09  1.87153960768075E-11
 1.016E-09  1.91893650025612E-11
 1.030E-09  1.96753372294677E-11
 1.044E-09  2.01736167420773E-11
 1.059E-09  2.06845152233739E-11
 1.073E-09  2.12083522497371E-11
 1.088E-09  2.17454554908410E-11
 1.102E-09  2.22961609146231E-11
 1.118E-09  2.28608129974317E-11
 1.133E-09  2.34397649395056E-11
 1.148E-09  2.40333788859072E-11
 1.164E-09  2.46420261530493E-11
 1.180E-09  2.52660874609642E-11
 1.196E-09  2.59059531714444E-11
 1.212E-09  2.65620235322265E-11
 1.229E-09  2.72347089273515E-11
 1.246E-09  2.79244301338671E-11
 1.263E-09  2.86316185850325E-11
 1.280E-09  2.93567166401865E-11
 1.297E-09  3.01001778614508E-11
 1.315E-09  3.08624672974428E-11
 1.333E-09  3.16440617741725E-11
 1.351E-09  3.24454501933033E-11
 1.370E-09  3.32671338379709E-11
 1.388E-09  3.41096266863443E-11
 1.407E-09  3.49734557331268E-11
 1.426E-09  3.58591613192038E-11
 1.446E-09  3.67672974696329E-11
 1.466E-09  3.76984322401999E-11
 1.486E-09  3.86531480727435E-11
 1.506E-09  3.96320421594873E-11
 1.527E-09  4.06357268165942E-11
 1.547E-09  4.16648298671739E-11
 1.568E-09  4.27199950340075E-11
 1.590E-09  4.38018823422029E-11
 1.612E-09  4.49111685320530E-11
 1.634E-09  4.60485474823473E-11
 1.656E-09  4.72147306444059E-11
 1.679E-09  4.84104474871119E-11
 1.701E-09  4.96364459531970E-11
 1.725E-09  5.08934929270973E-11
 1.748E-09  5.21823747146535E-11
 1.772E-09  5.35038975349637E-11
 1.796E-09  5.48588880246789E-11
 1.821E-09  5.62481937550854E-11
 1.846E-09  5.76726837622769E-11
 1.871E-09  5.91332490907438E-11
 1.896E-09  6.06308033507478E-11
 1.922E-09  6.21662832897977E-11
 1.949E-09  6.37406493785948E-11
 1.975E-09  6.53548864118332E-11
 2.002E-09  6.70100041242070E-11
 2.029E-09  6.87070378220119E-11
 2.057E-09  7.04470490307480E-11
 2.085E-09  7.22311261591289E-11
 2.114E-09  7.40603851798950E-11
 2.143E-09  7.59359703278701E-11
 2.172E-09  7.78590548157148E-11
 2.201E-09  7.98308415677828E-11
 2.232E-09  8.18525639725678E-11
 2.262E-09  8.39254866542164E-11
 2.293E-09  8.60509062635751E-11
 2.324E-09  8.82301522892588E-11
 2.356E-09  9.04645878892772E-11
 2.388E-09  9.27556107437181E-11
 2.421E-09  9.51046539290047E-11
 2.454E-09  9.75131868143207E-11
 2.487E-09  9.99827159807377E-11
 2.521E-09  1.02514786163594E-10
 2.556E-09  1.05110981218752E-10
 2.590E-09  1.07772925113335E-10
 2.626E-09  1.10502282941547E-10
 2.662E-09  1.13300761966215E-10
 2.698E-09  1.16170112686716E-10
 2.735E-09  1.19112129933948E-10
 2.772E-09  1.22128653993020E-10
 2.810E-09  1.25221571754378E-10
 2.848E-09  1.28392817894102E-10
 2.887E-09  1.31644376084085E-10
 2.927E-09  1.34978280232828E-10
 2.967E-09  1.38396615757713E-10
 3.007E-09  1.41901520889453E-10
 3.048E-09  1.45495188009587E-10
 3.090E-09  1.49179865021880E-10
 3.132E-09  1.52957856758398E-10
 3.175E-09  1.56831526421230E-10
 3.218E-09  1.60803297060716E-10
 3.262E-09  1.64875653091110E-10
 3.307E-09  1.69051141844606E-10
 3.352E-09  1.73332375164755E-10
 3.398E-09  1.77722031040241E-10
 3.444E-09  1.82222855279949E-10
 3.491E-09  1.86837663230558E-10
 3.539E-09  1.91569341537602E-10
 3.587E-09  1.96420849951079E-10
 3.636E-09  2.01395223176852E-10
 3.685E-09  2.06495572774896E-10
 3.736E-09  2.11725089105643E-10
 3.787E-09  2.17087043325600E-10
 3.838E-09  2.22584789433522E-10
 3.891E-09  2.28221766368388E-10
 3.944E-09  2.34001500160525E-10
 3.998E-09  2.39927606137188E-10
 4.052E-09  2.46003791184009E-10
 4.108E-09  2.52233856063752E-10
 4.164E-09  2.58621697793702E-10
 4.221E-09  2.65171312083351E-10
 4.278E-09  2.71886795833787E-10
 4.337E-09  2.78772349700353E-10
 4.396E-09  2.85832280720225E-10
 4.456E-09  2.93071005006568E-10
 4.517E-09  3.00493050510890E-10
 4.578E-09  3.08103059855297E-10
 4.641E-09  3.15905793236590E-10
 4.704E-09  3.23906131403834E-10
 4.769E-09  3.32109078711345E-10
 4.834E-09  3.40519766249011E-10
 4.900E-09  3.49143455051807E-10
 4.967E-09  3.57985539390776E-10
 5.034E-09  3.67051550147170E-10
 5.103E-09  3.76347158272087E-10
 5.173E-09  3.85878178333806E-10
 5.243E-09  3.95650572154865E-10
 5.315E-09  4.05670452541279E-10
 5.388E-09  4.15944087106192E-10
 5.461E-09  4.26477902190399E-10
 5.536E-09  4.37278486882130E-10
 5.611E-09  4.48352597138633E-10
 5.688E-09  4.59707160012119E-10
 5.765E-09  4.71349277982726E-10
 5.844E-09  4.83286233401315E-10
 5.924E-09  4.95525493044651E-10
 6.005E-09  5.08074712785998E-10
 6.087E-09  5.20941742383983E-10
 6.170E-09  5.34134630392772E-10
 6.254E-09  5.47661629196596E-10
 6.340E-09  5.61531200171676E-10
 6.426E-09  5.75752018979045E-10
 6.514E-09  5.90332980991235E-10
 6.603E-09  6.05283206856524E-10
 6.693E-09  6.20612048204059E-10
 6.784E-09  6.36329093493406E-10
 6.877E-09  6.52444174012343E-10
 6.971E-09  6.68967370026432E-10
 7.066E-09  6.85909017084470E-10
 7.162E-09  7.03279712483430E-10
 7.260E-09  7.21090321897341E-10
 7.359E-09  7.39351986173918E-10
 7.460E-09  7.58076128303303E-10
 7.562E-09  7.77274460563367E-10
 7.665E-09  7.96958991845879E-10
 7.770E-09  8.17142035168347E-10
 7.876E-09  8.37836215375924E-10
 7.983E-09  8.59054477038489E-10
 8.092E-09  8.80810092547661E-10
 8.203E-09  9.03116670418914E-10
 8.315E-09  9.25988163803933E-10
 8.428E-09  9.49438879218406E-10
 8.543E-09  9.73483485491194E-10
 8.660E-09  9.98137022939741E-10
 8.778E-09  1.02341491277807E-09
 8.898E-09  1.04933296676301E-09
 9.019E-09  1.07590739708469E-09
 9.142E-09  1.10315482650755E-09
 9.267E-09  1.13109229876800E-09
 9.394E-09  1.15973728923579E-09
 9.522E-09  1.18910771584485E-09
 9.652E-09  1.21922195030142E-09
 9.784E-09  1.25009882957580E-09
 9.917E-09  1.28175766768507E-09
 1.005E-08  1.31421826777444E-09
 1.019E-08  1.34750093450428E-09
 1.033E-08  1.38162648675104E-09
 1.047E-08  1.41661627062987E-09
 1.061E-08  1.45249217284688E-09
 1.076E-08  1.48927663438950E-09
 1.090E-08  1.52699266456378E-09
 1.105E-08  1.56566385538694E-09
 1.120E-08  1.60531439634475E-09
 1.136E-08  1.64596908952211E-09
 1.151E-08  1.68765336511726E-09
 1.167E-08  1.73039329734896E-09
 1.183E-08  1.77421562076593E-09
 1.199E-08  1.81914774696978E-09
 1.215E-08  1.86521778176165E-09
 1.232E-08  1.91245454272252E-09
 1.249E-08  1.96088757723898E-09
 1.266E-08  2.01054718098579E-09
 1.283E-08  2.06146441687619E-09
 1.301E-08  2.11367113449195E-09
 1.318E-08  2.16719999000598E-09
 1.336E-08  2.22208446660929E-09
 1.355E-08  2.27835889545510E-09
 1.373E-08  2.33605847713319E-09
 1.392E-08  2.39521930368883E-09
 1.411E-08  2.45587838119865E-09
 1.430E-08  2.51807365291832E-09
 1.450E-08  2.58184402301678E-09
 1.470E-08  2.64722938091134E-09
 1.490E-08  2.71427062621886E-09
 1.510E-08  2.78300969433901E-09
 1.531E-08  2.85348958268583E-09
 1.551E-08  2.92575437758279E-09
 1.573E-08  2.99984928183934E-09
 1.594E-08  3.07582064302626E-09
 1.616E-08  3.15371598246652E-09
 1.638E-08  3.23358402496010E-09
 1.660E-08  3.31547472926246E-09
 1.683E-08  3.39943931933447E-09
 1.706E-08  3.48553031638311E-09
 1.729E-08  3.57380157171478E-09
 1.753E-08  3.66430830041944E-09
 1.777E-08  3.75710711590860E-09
 1.801E-08  3.85225606532817E-09
 1.826E-08  3.94981466586678E-09
 1.851E-08  4.04984394198510E-09
 1.876E-08  4.15240646358766E-09
 1.901E-08  4.25756638516025E-09
 1.927E-08  4.36538948589982E-09
 1.954E-08  4.47594321086046E-09
 1.980E-08  4.58929671314093E-09
 2.007E-08  4.70552089714005E-09
 2.035E-08  4.82468846290910E-09
 2.063E-08  4.94687395162670E-09
 2.091E-08  5.07215379222408E-09
 2.119E-08  5.20060634919323E-09
 2.148E-08  5.33231197160506E-09
 2.178E-08  5.46735304336739E-09
 2.207E-08  5.60581403475782E-09
 2.237E-08  5.74778155526106E-09
 2.268E-08  5.89334440774371E-09
 2.299E-08  6.04259364400189E-09
 2.330E-08  6.19562262171444E-09
 2.362E-08  6.35252706283960E-09
 2.394E-08  6.51340511349016E-09
 2.427E-08  6.67835740532473E-09
 2.460E-08  6.84748711849390E-09
 2.494E-08  7.02090004618067E-09
 2.528E-08  7.19870466077531E-09
 2.562E-08  7.38101218172526E-09
 2.597E-08  7.56793664510460E-09
 2.633E-08  7.75959497494495E-09
 2.669E-08  7.95610705637183E-09
 2.705E-08  8.15759581059461E-09
 2.742E-08  8.36418727179499E-09
 2.779E-08  8.57601066596189E-09
 2.817E-08  8.79319849172426E-09
 2.856E-08  9.01588660322921E-09
 2.895E-08  9.24421429512149E-09
 2.934E-08  9.47832438967280E-09
 2.974E-08  9.71836332611766E-09
 3.015E-08  9.96448125225303E-09
 3.056E-08  1.02168321183573E-08
 3.098E-08  1.04755737734884E-08
 3.140E-08  1.07408680642168E-08
 3.183E-08  1.10128809358646E-08
 3.227E-08  1.12917825363053E-08
 3.271E-08  1.15777473223910E-08
 3.315E-08  1.18709541690779E-08
 3.361E-08  1.21715864813138E-08
 3.406E-08  1.24798323087590E-08
 3.453E-08  1.27958844634127E-08
 3.500E-08  1.31199406402193E-08
 3.548E-08  1.34522035407256E-08
 3.596E-08  1.37928809998745E-08
 3.645E-08  1.41421861160064E-08
 3.695E-08  1.45003373841524E-08
 3.746E-08  1.48675588327054E-08
 3.797E-08  1.52440801635526E-08
 3.849E-08  1.56301368957524E-08
 3.901E-08  1.60259705128537E-08
 3.954E-08  1.64318286139487E-08
 4.008E-08  1.68479650685435E-08
 4.063E-08  1.72746401753553E-08
 4.119E-08  1.77121208251323E-08
 4.175E-08  1.81606806675943E-08
 4.232E-08  1.86206002826019E-08
 4.290E-08  1.90921673556607E-08
 4.348E-08  1.95756768578692E-08
 4.408E-08  2.00714312304256E-08
 4.468E-08  2.05797405738052E-08
 4.529E-08  2.11009228417290E-08
 4.591E-08  2.16353040400463E-08
 4.653E-08  2.21832184306505E-08
 4.717E-08  2.27450087405637E-08
 4.781E-08  2.33210263763110E-08
 4.846E-08  2.39116316437277E-08
 4.913E-08  2.45171939733304E-08
 4.980E-08  2.51380921513964E-08
 5.048E-08  2.57747145568991E-08
 5.117E-08  2.64274594044344E-08
 5.186E-08  2.70967349933073E-08
 5.257E-08  2.77829599629257E-08
 5.329E-08  2.84865635546561E-08
 5.402E-08  2.92079858803142E-08
 5.475E-08  2.99476781974606E-08
 5.550E-08  3.07061031916577E-08
 5.626E-08  3.14837352658802E-08
 5.703E-08  3.22810608372558E-08
 5.781E-08  3.30985786413184E-08
 5.860E-08  3.39368000439669E-08
 5.940E-08  3.47962493613231E-08
 6.021E-08  3.56774641876928E-08
 6.103E-08  3.65809957318284E-08
 6.186E-08  3.75074091617110E-08
 6.271E-08  3.84572839580611E-08
 6.356E-08  3.94312142768017E-08
 6.443E-08  4.04298093207049E-08
 6.531E-08  4.14536937204376E-08
 6.620E-08  4.25035079252791E-08
 6.711E-08  4.35799086037135E-08
 6.802E-08  4.46835690541664E-08
 6.895E-08  4.58151796261660E-08
 6.989E-08  4.69754481521401E-08
 7.085E-08  4.81651003901680E-08
 7.181E-08  4.93848804779405E-08
 7.279E-08  5.06355513982096E-08
 7.379E-08  5.19178954560344E-08
 7.479E-08  5.32327147681051E-08
 7.582E-08  5.45808317644610E-08
 7.685E-08  5.59630897029232E-08
 7.790E-08  5.73803531965380E-08
 7.896E-08  5.88335087543858E-08
 8.004E-08  6.03234653360956E-08
 8.113E-08  6.18511549203846E-08
 8.224E-08  6.34175330880010E-08
 8.336E-08  6.50235796194395E-08
 8.450E-08  6.66702991077790E-08
 8.566E-08  6.83587215870492E-08
 8.683E-08  7.00899031765054E-08
 8.801E-08  7.18649267412225E-08
 8.921E-08  7.36849025694157E-08
 9.043E-08  7.55509690669055E-08
 9.167E-08  7.74642934691935E-08
 9.292E-08  7.94260725715435E-08
 9.419E-08  8.14375334775619E-08
 9.547E-08  8.34999343667444E-08
 9.677E-08  8.56145652814424E-08
 9.810E-08  8.77827489337675E-08
 9.944E-08  9.00058415329380E-08
 1.008E-07  9.22852336335611E-08
 1.022E-07  9.46223510054089E-08
 1.036E-07  9.70186555252124E-08
 1.050E-07  9.94756460910463E-08
 1.064E-07  1.01994859559857E-07
 1.079E-07  1.04577871708752E-07
 1.093E-07  1.07226298220625E-07
 1.108E-07  1.09941795694715E-07
 1.123E-07  1.12726062682807E-07
 1.139E-07  1.15580840751627E-07
 1.154E-07  1.18507915572160E-07
 1.170E-07  1.21509118036570E-07
 1.186E-07  1.24586325403363E-07
 1.202E-07  1.27741462471585E-07
 1.219E-07  1.30976502784749E-07
 1.235E-07  1.34293469865234E-07
 1.252E-07  1.37694438479954E-07
 1.269E-07  1.41181535938080E-07
 1.287E-07  1.44756943421632E-07
 1.304E-07  1.48422897349744E-07
 1.322E-07  1.52181690777487E-07
 1.340E-07  1.56035674830136E-07
 1.358E-07  1.59987260173722E-07
 1.377E-07  1.64038918522838E-07
 1.396E-07  1.68193184186651E-07
 1.415E-07  1.72452655654024E-07
 1.434E-07  1.76819997218801E-07
 1.454E-07  1.81297940646254E-07
 1.473E-07  1.85889286881732E-07
 1.494E-07  1.90596907802528E-07
 1.514E-07  1.95423748014183E-07
 1.535E-07  2.00372826692264E-07
 1.556E-07  2.05447239470713E-07
 1.577E-07  2.10650160378091E-07
 1.598E-07  2.15984843822822E-07
 1.620E-07  2.21454626628746E-07
 1.642E-07  2.27062930122126E-07
 1.665E-07  2.32813262271597E-07
 1.687E-07  2.38709219882304E-07
 1.710E-07  2.44754490845520E-07
 1.734E-07  2.50952856445312E-07
 1.757E-07  2.57308193723571E-07
 1.781E-07  2.63824477904977E-07
 1.806E-07  2.70505784883307E-07
 1.830E-07  2.77356293770783E-07
 1.855E-07  2.84380289511893E-07
 1.881E-07  2.91582165563435E-07
 1.906E-07  2.98966426642496E-07
 1.932E-07  3.06537691543900E-07
 1.959E-07  3.14300696029060E-07
 1.986E-07  3.22260295787992E-07
 2.013E-07  3.30421469476361E-07
 2.040E-07  3.38789321829288E-07
 2.068E-07  3.47369086854202E-07
 2.096E-07  3.56166131104457E-07
 2.125E-07  3.65185957035771E-07
 2.154E-07  3.74434206447774E-07
 2.183E-07  3.83916664012702E-07
 2.213E-07  3.93639260893312E-07
 2.243E-07  4.03608078452562E-07
 2.274E-07  4.13829352057148E-07
 2.305E-07  4.24309474977361E-07
 2.336E-07  4.35055002385778E-07
 2.368E-07  4.46072655457032E-07
 2.401E-07  4.57369325571623E-07
 2.433E-07  4.68952078625984E-07
 2.467E-07  4.80828159451769E-07
 2.500E-07  4.93004996347067E-07
 2.534E-07  5.05490205722332E-07
 2.569E-07  5.18291596863967E-07
 2.604E-07  5.31417176818465E-07
 2.640E-07  5.44875155400273E-07
 2.676E-07  5.58673950326580E-07
 2.712E-07  5.72822192481907E-07
 2.749E-07  5.87328731316143E-07
 2.787E-07  6.02202640379296E-07
 2.825E-07  6.17453222996208E-07
 2.863E-07  6.33090018085212E-07
 2.903E-07  6.49122806123995E-07
 2.942E-07  6.65561615266491E-07
 2.982E-07  6.82416727614652E-07
 3.023E-07  6.99698685649226E-07
 3.064E-07  7.17418298823143E-07
 3.106E-07  7.35586650321963E-07
 3.149E-07  7.54215103995445E-07
 3.192E-07  7.73315311464656E-07
 3.235E-07  7.92899219409198E-07
 3.279E-07  8.12979077038609E-07
 3.324E-07  8.33567443753258E-07
 3.369E-07  8.54677196999108E-07
 3.415E-07  8.76321540321365E-07
 3.462E-07  8.98514011622078E-07
 3.509E-07  9.21268491626728E-07
 3.557E-07  9.44599212565297E-07
 3.606E-07  9.68520767073248E-07
 3.655E-07  9.93048117317640E-07
 3.705E-07  1.01819660435440E-06
 3.756E-07  1.04398195772275E-06
 3.807E-07  1.07042030528223E-06
 3.859E-07  1.09752818329899E-06
 3.911E-07  1.12532254678745E-06
 3.965E-07  1.15382078011380E-06
 4.019E-07  1.18304070786797E-06
 4.074E-07  1.21300060601088E-06
 4.129E-07  1.24371921330391E-06
 4.186E-07  1.27521574302792E-06
 4.243E-07  1.30750989499877E-06
 4.301E-07  1.34062186788701E-06
 4.360E-07  1.37457237185013E-06
 4.419E-07  1.40938264148377E-06
 4.479E-07  1.44507444910131E-06
 4.541E-07  1.48167011834986E-06
 4.603E-07  1.51919253817057E-06
 4.665E-07  1.55766517711276E-06
 4.729E-07  1.59711209801031E-06
 4.794E-07  1.63755797302958E-06
 4.859E-07  1.67902809909849E-06
 4.926E-07  1.72154841372628E-06
 4.993E-07  1.76514551122341E-06
 5.061E-07  1.80984665933270E-06
 5.130E-07  1.85567981628120E-06
 5.200E-07  1.90267364826383E-06
 5.271E-07  1.95085754736975E-06
 5.343E-07  2.00026164996254E-06
 5.416E-07  2.05091685552568E-06
 5.490E-07  2.10285484598546E-06
 5.565E-07  2.15610810552279E-06
 5.641E-07  2.21070994088661E-06
 5.718E-07  2.26669450222173E-06
 5.796E-07  2.32409680442421E-06
 5.875E-07  2.38295274903685E-06
 5.955E-07  2.44329914669937E-06
 6.037E-07  2.50517374016722E-06
 6.119E-07  2.56861522791258E-06
 6.202E-07  2.63366328832323E-06
 6.287E-07  2.70035860451429E-06
 6.373E-07  2.76874288976740E-06
 6.460E-07  2.83885891361480E-06
 6.548E-07  2.91075052858343E-06
 6.638E-07  2.98446269761544E-06
 6.728E-07  3.06004152218436E-06
 6.820E-07  3.13753427112187E-06
 6.913E-07  3.21698941017423E-06
 7.008E-07  3.29845663230847E-06
 7.103E-07  3.38198688878426E-06
 7.200E-07  3.46763242101285E-06
 7.298E-07  3.55544679322286E-06
 7.398E-07  3.64548492595270E-06
 7.499E-07  3.73780313039160E-06
 7.602E-07  3.83245914358860E-06
 7.705E-07  3.92951216455420E-06
 7.811E-07  4.02902289127551E-06
 7.917E-07  4.13105355866786E-06
 8.025E-07  4.23566797748854E-06
 8.135E-07  4.34293157423381E-06
 8.246E-07  4.45291143204776E-06
 8.358E-07  4.56567633266523E-06
 8.473E-07  4.68129679941748E-06
 8.588E-07  4.79984514132641E-06
 8.705E-07  4.92139549831396E-06
 8.824E-07  5.04602388755792E-06
 8.945E-07  5.17380825101905E-06
 9.067E-07  5.30482850417281E-06
 9.191E-07  5.43916658597436E-06
 9.316E-07  5.57690651008723E-06
 9.443E-07  5.71813441741073E-06
 9.572E-07  5.86293862993561E-06
 9.703E-07  6.01140970596269E-06
 9.835E-07  6.16364049672098E-06
 9.970E-07  6.31972620441692E-06
 1.011E-06  6.47976444175381E-06
 1.024E-06  6.64385529295924E-06
 1.038E-06  6.81210137635447E-06
 1.053E-06  6.98460790850985E-06
 1.067E-06  7.16148277002342E-06
 1.081E-06  7.34283657296319E-06
 1.096E-06  7.52878273001954E-06
 1.111E-06  7.71943752540475E-06
 1.126E-06  7.91492018754865E-06
 1.142E-06  8.11535296363491E-06
 1.157E-06  8.32086119602209E-06
 1.173E-06  8.53157340060013E-06
 1.189E-06  8.74762134713034E-06
 1.205E-06  8.96914014161770E-06
 1.222E-06  9.19626831076830E-06
 1.239E-06  9.42914788858672E-06
 1.255E-06  9.66792450516057E-06
 1.273E-06  9.91274747769595E-06
 1.290E-06  1.01637699038564E-05
 1.308E-06  1.04211487574614E-05
 1.325E-06  1.06850449866107E-05
 1.344E-06  1.09556236142896E-05
 1.362E-06  1.12330538415208E-05
 1.380E-06  1.15175091531283E-05
 1.399E-06  1.18091674261737E-05
 1.418E-06  1.21082110411428E-05
 1.438E-06  1.24148269959419E-05
 1.457E-06  1.27292070227788E-05
 1.477E-06  1.30515477080062E-05
 1.497E-06  1.33820506149911E-05
 1.518E-06  1.37209224100988E-05
 1.539E-06  1.40683749918637E-05
 1.560E-06  1.44246256234279E-05
 1.581E-06  1.47898970683330E-05
 1.603E-06  1.51644177297447E-05
 1.624E-06  1.55484217932066E-05
 1.647E-06  1.59421493729983E-05
 1.669E-06  1.63458466622044E-05
 1.692E-06  1.67597660865771E-05
 1.715E-06  1.71841664622922E-05
 1.738E-06  1.76193131576989E-05
 1.762E-06  1.80654782591573E-05
 1.786E-06  1.85229407410811E-05
 1.811E-06  1.89919866402741E-05
 1.835E-06  1.94729092346809E-05
 1.860E-06  1.99660092266627E-05
 1.886E-06  2.04715949309083E-05
 1.911E-06  2.09899824670964E-05
 1.938E-06  2.15214959574394E-05
 1.964E-06  2.20664677292215E-05
 1.991E-06  2.26252385224564E-05
 2.018E-06  2.31981577028076E-05
 2.046E-06  2.37855834798914E-05
 2.073E-06  2.43878831311010E-05
 2.102E-06  2.50054332310951E-05
 2.130E-06  2.56386198870927E-05
 2.160E-06  2.62878389801198E-05
 2.189E-06  2.69534964123618E-05
 2.219E-06  2.76360083607653E-05
 2.249E-06  2.83358015370626E-05
 2.280E-06  2.90533134543785E-05
 2.311E-06  2.97889927005648E-05
 2.343E-06  3.05432992184675E-05
 2.375E-06  3.13167045932725E-05
 2.407E-06  3.21096923471217E-05
 2.440E-06  3.29227582411833E-05
 2.473E-06  3.37564105853639E-05
 2.507E-06  3.46111705558505E-05
 2.541E-06  3.54875725206822E-05
 2.576E-06  3.63861643735707E-05
 2.611E-06  3.73075078761462E-05
 2.647E-06  3.82521790088691E-05
 2.683E-06  3.92207683308171E-05
 2.719E-06  4.02138813485694E-05
 2.757E-06  4.12321388944200E-05
 2.794E-06  4.22761775141526E-05
 2.832E-06  4.33466498646395E-05
 2.871E-06  4.44442251214743E-05
 2.910E-06  4.55695893969182E-05
 2.950E-06  4.67234461684266E-05
 2.990E-06  4.79065167180038E-05
 3.031E-06  4.91195405826662E-05
 3.072E-06  5.03632760163053E-05
 3.114E-06  5.16385004632156E-05
 3.157E-06  5.29460110436071E-05
 3.200E-06  5.42866250513980E-05
 3.244E-06  5.56611804645763E-05
 3.288E-06  5.70705364684893E-05
 3.333E-06  5.85155739923393E-05
 3.378E-06  5.99971962592617E-05
 3.424E-06  6.15163293503047E-05
 3.471E-06  6.30739227826679E-05
 3.519E-06  6.46709501025562E-05
 3.567E-06  6.63084094930263E-05
 3.615E-06  6.79873243972012E-05
 3.665E-06  6.97087441572311E-05
 3.715E-06  7.14737446694189E-05
 3.765E-06  7.32834290558853E-05
 3.817E-06  7.51389283532458E-05
 3.869E-06  7.70414022186600E-05
 3.922E-06  7.89920396537496E-05
 3.975E-06  8.09920597468098E-05
 4.030E-06  8.30427124337747E-05
 4.085E-06  8.51452792784185E-05
 4.140E-06  8.73010742722810E-05
 4.197E-06  8.95114446548028E-05
 4.254E-06  9.17777717541801E-05
 4.312E-06  9.41014718494979E-05
 4.371E-06  9.64839970546145E-05
 4.431E-06  9.89268362244040E-05
 4.491E-06  1.01431515883894E-04
 4.553E-06  1.03999601180881E-04
 4.615E-06  1.06632696862620E-04
 4.678E-06  1.09332448277178E-04
 4.742E-06  1.12100542400107E-04
 4.806E-06  1.14938708887046E-04
 4.872E-06  1.17848721152923E-04
 4.938E-06  1.20832397478411E-04
 5.006E-06  1.23891602144351E-04
 5.074E-06  1.27028246594818E-04
 5.144E-06  1.30244290629579E-04
 5.214E-06  1.33541743626669E-04
 5.285E-06  1.36922665795853E-04
 5.357E-06  1.40389169463740E-04
 5.430E-06  1.43943420391353E-04
 5.504E-06  1.47587639125010E-04
 5.579E-06  1.51324102381278E-04
 5.656E-06  1.55155144466921E-04
 5.733E-06  1.59083158734721E-04
 5.811E-06  1.63110599076062E-04
 5.890E-06  1.67239981451176E-04
 5.971E-06  1.71473885458045E-04
 6.052E-06  1.75814955940946E-04
 6.135E-06  1.80265904639571E-04
 6.219E-06  1.84829511879800E-04
 6.304E-06  1.89508628307156E-04
 6.390E-06  1.94306176664040E-04
 6.477E-06  1.99225153611818E-04
 6.565E-06  2.04268631598883E-04
 6.655E-06  2.09439760775918E-04
 6.746E-06  2.14741770959473E-04
 6.838E-06  2.20177973645101E-04
 6.931E-06  2.25751764071327E-04
 7.026E-06  2.31466623335681E-04
 7.122E-06  2.37326120564153E-04
 7.219E-06  2.43333915135379E-04
 7.318E-06  2.49493758960973E-04
 7.418E-06  2.55809498823378E-04
 7.519E-06  2.62285078772708E-04
 7.622E-06  2.68924542584098E-04
 7.726E-06  2.75732036277012E-04
 7.831E-06  2.82711810698080E-04
 7.938E-06  2.89868224169201E-04
 8.046E-06  2.97205745202347E-04
 8.156E-06  3.04728955282840E-04
 8.268E-06  3.12442551722900E-04
 8.380E-06  3.20351350587152E-04
 8.495E-06  3.28460289691829E-04
 8.611E-06  3.36774431679716E-04
 8.728E-06  3.45298967172563E-04
 8.848E-06  3.54039218003014E-04
 8.968E-06  3.63000640528067E-04
 9.091E-06  3.72188829025967E-04
 9.215E-06  3.81609519178822E-04
 9.341E-06  3.91268591643032E-04
 9.468E-06  4.01172075709642E-04
 9.597E-06  4.11326153056986E-04
 9.729E-06  4.21737161597961E-04
 9.861E-06  4.32411599424221E-04
 9.996E-06  4.43356128849747E-04
 1.013E-05  4.54577580556354E-04
 1.027E-05  4.66082957843646E-04
 1.041E-05  4.77879440986075E-04
 1.055E-05  4.89974391699687E-04
 1.070E-05  5.02375357721477E-04
 1.084E-05  5.15090077504123E-04
 1.099E-05  5.28126485028850E-04
 1.114E-05  5.41492714739647E-04
 1.129E-05  5.55197106601676E-04
 1.145E-05  5.69248211287084E-04
 1.160E-05  5.83654795491439E-04
 1.176E-05  5.98425847383956E-04
 1.192E-05  6.13570582195005E-04
 1.209E-05  6.29098447944235E-04
 1.225E-05  6.45019131312873E-04
 1.242E-05  6.61342563664035E-04
 1.259E-05  6.78078927214271E-04
 1.276E-05  6.95238661360540E-04
 1.293E-05  7.12832469166523E-04
 1.311E-05  7.30871324011998E-04
 1.329E-05  7.49366476409502E-04
 1.347E-05  7.68329460992638E-04
 1.365E-05  7.87772103680019E-04
 1.384E-05  8.07706529019400E-04
 1.403E-05  8.28145167716769E-04
 1.422E-05  8.49100764354420E-04
 1.442E-05  8.70586385303372E-04
 1.461E-05  8.92615426834654E-04
 1.481E-05  9.15201623434436E-04
 1.501E-05  9.38359056328363E-04
 1.522E-05  9.62102162219930E-04
 1.543E-05  9.86445742248638E-04
 1.564E-05  1.01140497117340E-03
 1.585E-05  1.03699540678631E-03
 1.607E-05  1.06323299956324E-03
 1.629E-05  1.09013410255697E-03
 1.651E-05  1.11771548153841E-03
 1.673E-05  1.14599432539302E-03
 1.696E-05  1.17498825677804E-03
 1.719E-05  1.20471534304740E-03
 1.743E-05  1.23519410745087E-03
 1.767E-05  1.26644354061453E-03
 1.791E-05  1.29848311230935E-03
 1.815E-05  1.33133278351505E-03
 1.840E-05  1.36501301878683E-03
 1.865E-05  1.39954479893229E-03
 1.891E-05  1.43494963400662E-03
 1.916E-05  1.47124957663373E-03
 1.943E-05  1.50846723566124E-03
 1.969E-05  1.54662579015839E-03
 1.996E-05  1.58574900376443E-03
 2.023E-05  1.62586123939743E-03
 2.051E-05  1.66698747433120E-03
 2.079E-05  1.70915331565041E-03
 2.107E-05  1.75238501609324E-03
 2.136E-05  1.79670949029066E-03
 2.165E-05  1.84215433141265E-03
 2.195E-05  1.88874782823174E-03
 2.225E-05  1.93651898261377E-03
 2.255E-05  1.98549752744642E-03
 2.286E-05  2.03571394501708E-03
 2.317E-05  2.08719948585065E-03
 2.349E-05  2.13998618801882E-03
 2.381E-05  2.19410689693270E-03
 2.413E-05  2.24959528563092E-03
 2.446E-05  2.30648587557490E-03
 2.480E-05  2.36481405796468E-03
 2.514E-05  2.42461611558775E-03
 2.548E-05  2.48592924521418E-03
 2.583E-05  2.54879158055216E-03
 2.618E-05  2.61324221577654E-03
 2.654E-05  2.67932122964600E-03
 2.690E-05  2.74706971022297E-03
 2.727E-05  2.81652978021092E-03
 2.764E-05  2.88774462292457E-03
 2.802E-05  2.96075850890838E-03
 2.840E-05  3.03561682322074E-03
 2.879E-05  3.11236609339828E-03
 2.918E-05  3.19105401811835E-03
 2.958E-05  3.27172949657745E-03
 2.998E-05  3.35444265860161E-03
 3.039E-05  3.43924489550861E-03
 3.080E-05  3.52618889173984E-03
 3.123E-05  3.61532865728077E-03
 3.165E-05  3.70671956088903E-03
 3.208E-05  3.80041836415189E-03
 3.252E-05  3.89648325639120E-03
 3.297E-05  3.99497389043830E-03
 3.342E-05  4.09595141930032E-03
 3.387E-05  4.19947853373923E-03
 3.433E-05  4.30561950078586E-03
 3.480E-05  4.41444020321301E-03
 3.528E-05  4.52600817999150E-03
 3.576E-05  4.64039266775105E-03
 3.625E-05  4.75766464327298E-03
 3.674E-05  4.87789686704037E-03
 3.724E-05  5.00116392786918E-03
 3.775E-05  5.12754228864955E-03
 3.827E-05  5.25711033322338E-03
 3.879E-05  5.38994841442578E-03
 3.932E-05  5.52613890332039E-03
 3.986E-05  5.66576623965563E-03
 4.040E-05  5.80891698357389E-03
 4.095E-05  5.95567986860413E-03
 4.151E-05  6.10614585596779E-03
 4.208E-05  6.26040819023157E-03
 4.265E-05  6.41856245634042E-03
 4.324E-05  6.58070663806279E-03
 4.383E-05  6.74694117788571E-03
 4.442E-05  6.91736903838992E-03
 4.503E-05  7.09209576514732E-03
 4.565E-05  7.27122955117514E-03
 4.627E-05  7.45488130298217E-03
 4.690E-05  7.64316470825204E-03
 4.754E-05  7.83619630519743E-03
 4.819E-05  8.03409555362912E-03
 4.885E-05  8.23698490778200E-03
 4.951E-05  8.44498989093963E-03
 5.019E-05  8.65823917189987E-03
 5.088E-05  8.87686464332985E-03
 5.157E-05  9.10100150205321E-03
 5.227E-05  9.33078833131748E-03
 5.299E-05  9.56636718509122E-03
 5.371E-05  9.80788367443589E-03
 5.445E-05  1.00554870560088E-02
 5.519E-05  1.03093303227440E-02
 5.594E-05  1.05695702967652E-02
 5.671E-05  1.08363677245852E-02
 5.748E-05  1.11098873746479E-02
 5.826E-05  1.13902981372679E-02
 5.906E-05  1.16777731270257E-02
 5.987E-05  1.19724897876792E-02
 6.068E-05  1.22746299996513E-02
 6.151E-05  1.25843801901549E-02
 6.235E-05  1.29019314460203E-02
 6.320E-05  1.32274796292901E-02
 6.407E-05  1.35612254956468E-02
 6.494E-05  1.39033748157406E-02
 6.583E-05  1.42541384994910E-02
 6.673E-05  1.46137327234285E-02
 6.764E-05  1.49823790611535E-02
 6.856E-05  1.53603046169837E-02
 6.950E-05  1.57477421628668E-02
 7.045E-05  1.61449302786446E-02
 7.141E-05  1.65521134957303E-02
 7.238E-05  1.69695424443012E-02
 7.337E-05  1.73974740040802E-02
 7.437E-05  1.78361714587857E-02
 7.539E-05  1.82859046543524E-02
 7.642E-05  1.87469501610016E-02
 7.746E-05  1.92195914392549E-02
 7.852E-05  1.97041190099866E-02
 7.959E-05  2.02008306286079E-02
 8.068E-05  2.07100314634856E-02
 8.178E-05  2.12320342786904E-02
 8.289E-05  2.17671596211776E-02
 8.403E-05  2.23157360125108E-02
 8.517E-05  2.28781001452294E-02
 8.634E-05  2.34545970839693E-02
 8.751E-05  2.40455804714556E-02
 8.871E-05  2.46514127394744E-02
 8.992E-05  2.52724653249445E-02
 9.115E-05  2.59091188912082E-02
 9.239E-05  2.65617635546638E-02
 9.365E-05  2.72307991168630E-02
 9.493E-05  2.79166353022017E-02
 9.623E-05  2.86196920013390E-02
 9.754E-05  2.93403995204720E-02
 9.887E-05  3.00791988366067E-02
 1.002E-04  3.08365418589626E-02
 1.016E-04  3.16128916966528E-02
 1.030E-04  3.24087229327916E-02
 1.044E-04  3.32245219051699E-02
 1.058E-04  3.40607869936557E-02
 1.073E-04  3.49180289144692E-02
 1.087E-04  3.57967710215071E-02
 1.102E-04  3.66975496148570E-02
 1.117E-04  3.76209142566770E-02
 1.132E-04  3.85674280946222E-02
 1.148E-04  3.95376681929663E-02
 1.163E-04  4.05322258716145E-02
 1.179E-04  4.15517070531812E-02
 1.195E-04  4.25967326183180E-02
 1.212E-04  4.36679387694737E-02
 1.228E-04  4.47659774032902E-02
 1.245E-04  4.58915164918213E-02
 1.262E-04  4.70452404727759E-02
 1.279E-04  4.82278506489951E-02
 1.297E-04  4.94400655973642E-02
 1.314E-04  5.06826215873809E-02
 1.332E-04  5.19562730095882E-02
 1.351E-04  5.32617928140980E-02
 1.369E-04  5.45999729594408E-02
 1.388E-04  5.59716248719524E-02
 1.407E-04  5.73775799159474E-02
 1.426E-04  5.88186898749320E-02
 1.445E-04  6.02958274440594E-02
 1.465E-04  6.18098867341276E-02
 1.485E-04  6.33617837873478E-02
 1.505E-04  6.49524571051406E-02
 1.526E-04  6.65828681882459E-02
 1.547E-04  6.82540020893954E-02
 1.568E-04  6.99668679788308E-02
 1.589E-04  7.17224997229641E-02
 1.611E-04  7.35219564764480E-02
 1.633E-04  7.53663232879436E-02
 1.655E-04  7.72567117199175E-02
 1.678E-04  7.91942604827306E-02
 1.701E-04  8.11801360833516E-02
 1.724E-04  8.32155334890152E-02
 1.748E-04  8.53016768061267E-02
 1.771E-04  8.74398199747507E-02
 1.796E-04  8.96312474790159E-02
 1.820E-04  9.18772750737912E-02
 1.845E-04  9.41792505279477E-02
 1.870E-04  9.65385543845790E-02
 1.896E-04  9.89566007385319E-02
 1.922E-04  1.01434838031618E-01
 1.948E-04  1.03974749865879E-01
 1.974E-04  1.06577855835263E-01
 2.001E-04  1.09245712376114E-01
 2.029E-04  1.11979913636876E-01
 2.056E-04  1.14782092367370E-01
 2.084E-04  1.17653920828105E-01
 2.113E-04  1.20597111719974E-01
 2.142E-04  1.23613419134786E-01
 2.171E-04  1.26704639527074E-01
 2.201E-04  1.29872612707572E-01
 2.231E-04  1.33119222858814E-01
 2.261E-04  1.36446399573311E-01
 2.292E-04  1.39856118914773E-01
 2.323E-04  1.43350404502775E-01
 2.355E-04  1.46931328621406E-01
 2.387E-04  1.50601013352332E-01
 2.420E-04  1.54361631732751E-01
 2.453E-04  1.58215408938773E-01
 2.486E-04  1.62164623494656E-01
 2.520E-04  1.66211608508444E-01
 2.555E-04  1.70358752934505E-01
 2.589E-04  1.74608502863503E-01
 2.625E-04  1.78963362840271E-01
 2.661E-04  1.83425897210168E-01
 2.697E-04  1.87998731494476E-01
 2.734E-04  1.92684553795283E-01
 2.771E-04  1.97486116230505E-01
 2.809E-04  2.02406236399577E-01
 2.847E-04  2.07447798880320E-01
 2.886E-04  2.12613756757643E-01
 2.926E-04  2.17907133184572E-01
 2.965E-04  2.23331022976268E-01
 3.006E-04  2.28888594237568E-01
 3.047E-04  2.34583090024631E-01
 3.089E-04  2.40417830041372E-01
 3.131E-04  2.46396212371188E-01
 3.174E-04  2.52521715244672E-01
 3.217E-04  2.58797898843870E-01
 3.261E-04  2.65228407143757E-01
 3.305E-04  2.71816969791483E-01
 3.350E-04  2.78567404024119E-01
 3.396E-04  2.85483616625461E-01
 3.442E-04  2.92569605922548E-01
 3.489E-04  2.99829463822588E-01
 3.537E-04  3.07267377890824E-01
 3.585E-04  3.14887633470144E-01
 3.634E-04  3.22694615842914E-01
 3.684E-04  3.30692812435821E-01
 3.734E-04  3.38886815068385E-01
 3.785E-04  3.47281322245636E-01
 3.837E-04  3.55881141495782E-01
 3.889E-04  3.64691191753474E-01
 3.942E-04  3.73716505789299E-01
 3.996E-04  3.82962232686138E-01
 4.051E-04  3.92433640363131E-01
 4.106E-04  4.02136118147809E-01
 4.162E-04  4.12075179397071E-01
 4.219E-04  4.22256464167654E-01
 4.277E-04  4.32685741936755E-01
 4.335E-04  4.43368914373396E-01
 4.394E-04  4.54312018161167E-01
 4.454E-04  4.65521227873041E-01
 4.515E-04  4.77002858898730E-01
 4.577E-04  4.88763370425319E-01
 4.639E-04  5.00809368471721E-01
 4.702E-04  5.13147608977493E-01
 4.767E-04  5.25785000946677E-01
 4.832E-04  5.38728609647137E-01
 4.898E-04  5.51985659865921E-01
 4.965E-04  5.65563539221299E-01
 5.032E-04  5.79469801531854E-01
 5.101E-04  5.93712170243134E-01
 5.171E-04  6.08298541912395E-01
 5.241E-04  6.23236989751817E-01
 5.313E-04  6.38535767230716E-01
 5.385E-04  6.54203311736916E-01
 5.459E-04  6.70248248297983E-01
 5.533E-04  6.86679393362388E-01
 5.609E-04  7.03505758641028E-01
 5.686E-04  7.20736555009327E-01
 5.763E-04  7.38381196470304E-01
 5.842E-04  7.56449304178580E-01
 5.922E-04  7.74950710525593E-01
 6.002E-04  7.93895463286412E-01
 6.084E-04  8.13293829827591E-01
 6.167E-04  8.33156301376790E-01
 6.252E-04  8.53493597353778E-01
 6.337E-04  8.74316669762639E-01
 6.423E-04  8.95636707645478E-01
 6.511E-04  9.17465141597032E-01
 6.600E-04  9.39813648340132E-01
 6.690E-04  9.62694155361738E-01
 6.782E-04  9.86118845609007E-01
 6.874E-04  1.01010016224523E+00
 6.968E-04  1.03465081346473E+00
 7.063E-04  1.05978377736647E+00
 7.160E-04  1.08551230688560E+00
 7.257E-04  1.11184993478189E+00
 7.356E-04  1.13881047868479E+00
 7.457E-04  1.16640804619353E+00
 7.559E-04  1.19465704003145E+00
 7.662E-04  1.22357216325380E+00
 7.766E-04  1.25316842450699E+00
 7.872E-04  1.28346114333849E+00
 7.980E-04  1.31446595555580E+00
 8.089E-04  1.34619881863261E+00
 8.199E-04  1.37867601716075E+00
 8.311E-04  1.41191416834580E+00
 8.425E-04  1.44593022754447E+00
 8.540E-04  1.48074149384157E+00
 8.656E-04  1.51636561566424E+00
 8.774E-04  1.55282059643102E+00
 8.894E-04  1.59012480023298E+00
 9.016E-04  1.62829695754432E+00
 9.139E-04  1.66735617095947E+00
 9.264E-04  1.70732192095311E+00
 9.390E-04  1.74821407166043E+00
 9.518E-04  1.79005287667349E+00
 9.648E-04  1.83285898485025E+00
 9.780E-04  1.87665344613220E+00
 9.913E-04  1.92145771736645E+00
 1.005E-03  1.96729366812785E+00
 1.019E-03  2.01418358653625E+00
 1.032E-03  2.06215018506477E+00
 1.047E-03  2.11121660633279E+00
 1.061E-03  2.16140642887904E+00
 1.075E-03  2.21274367290917E+00
 1.090E-03  2.26525280601114E+00
 1.105E-03  2.31895874883308E+00
 1.120E-03  2.37388688071617E+00
 1.135E-03  2.43006304527624E+00
 1.151E-03  2.48751355592703E+00
 1.167E-03  2.54626520133664E+00
 1.182E-03  2.60634525081088E+00
 1.199E-03  2.66778145959388E+00
 1.215E-03  2.73060207407787E+00
 1.232E-03  2.79483583691372E+00
 1.248E-03  2.86051199201205E+00
 1.265E-03  2.92766028942592E+00
 1.283E-03  2.99631099010450E+00
 1.300E-03  3.06649487050720E+00
 1.318E-03  3.13824322706789E+00
 1.336E-03  3.21158788049709E+00
 1.354E-03  3.28656117991059E+00
 1.373E-03  3.36319600677190E+00
 1.391E-03  3.44152577863640E+00
 1.410E-03  3.52158445268326E+00
 1.430E-03  3.60340652902161E+00
 1.449E-03  3.68702705375653E+00
 1.469E-03  3.77248162180017E+00
 1.489E-03  3.85980637941278E+00
 1.509E-03  3.94903802645750E+00
 1.530E-03  4.04021381835245E+00
 1.551E-03  4.13337156770328E+00
 1.572E-03  4.22854964559858E+00
 1.593E-03  4.32578698254973E+00
 1.615E-03  4.42512306905642E+00
 1.637E-03  4.52659795577904E+00
 1.660E-03  4.63025225329664E+00
 1.682E-03  4.73612713143123E+00
 1.705E-03  4.84426431811582E+00
 1.729E-03  4.95470609778507E+00
 1.752E-03  5.06749530926581E+00
 1.776E-03  5.18267534314342E+00
 1.800E-03  5.30029013858130E+00
 1.825E-03  5.42038417956735E+00
 1.850E-03  5.54300249056320E+00
 1.875E-03  5.66819063152941E+00
 1.901E-03  5.79599469230058E+00
 1.927E-03  5.92646128628173E+00
 1.953E-03  6.05963754343916E+00
 1.980E-03  6.19557110255569E+00
 2.007E-03  6.33431010272093E+00
 2.034E-03  6.47590317402705E+00
 2.062E-03  6.62039942743763E+00
 2.090E-03  6.76784844379873E+00
 2.118E-03  6.91830026195935E+00
 2.147E-03  7.07180536596830E+00
 2.177E-03  7.22841467131322E+00
 2.206E-03  7.38817951016726E+00
 2.236E-03  7.55115161560846E+00
 2.267E-03  7.71738310477559E+00
 2.298E-03  7.88692646092372E+00
 2.329E-03  8.05983451434278E+00
 2.361E-03  8.23616042210090E+00
 2.393E-03  8.41595764657400E+00
 2.426E-03  8.59927993272282E+00
 2.459E-03  8.78618128407831E+00
 2.493E-03  8.97671593739426E+00
 2.527E-03  9.17093833592730E+00
 2.561E-03  9.36890310130371E+00
 2.596E-03  9.57066500393011E+00
 2.632E-03  9.77627893190851E+00
 2.668E-03  9.98579985841174E+00
 2.704E-03  1.01992828074776E+01
 2.741E-03  1.04167828181799E+01
 2.778E-03  1.06383549071320E+01
 2.816E-03  1.08640540292822E+01
 2.855E-03  1.10939350369567E+01
 2.894E-03  1.13280526371080E+01
 2.933E-03  1.15664613467249E+01
 2.973E-03  1.18092154463647E+01
 3.014E-03  1.20563689317617E+01
 3.055E-03  1.23079754634739E+01
 3.097E-03  1.25640883145233E+01
 3.139E-03  1.28247603159922E+01
 3.182E-03  1.30900438005336E+01
 3.225E-03  1.33599905437576E+01
 3.269E-03  1.36346517034559E+01
 3.314E-03  1.39140777566254E+01
 3.359E-03  1.41983184342591E+01
 3.405E-03  1.44874226538653E+01
 3.452E-03  1.47814384496848E+01
 3.499E-03  1.50804129005759E+01
 3.546E-03  1.53843920555341E+01
 3.595E-03  1.56934208568230E+01
 3.644E-03  1.60075430606894E+01
 3.694E-03  1.63268011556397E+01
 3.744E-03  1.66512362782583E+01
 3.795E-03  1.69808881265511E+01
 3.847E-03  1.73157948707969E+01
 3.900E-03  1.76559930619005E+01
 3.953E-03  1.80015175372365E+01
 4.007E-03  1.83524013239788E+01
 4.061E-03  1.87086755399216E+01
 4.117E-03  1.90703692917910E+01
 4.173E-03  1.94375095710566E+01
 4.230E-03  1.98101211472619E+01
 4.288E-03  2.01882264588853E+01
 4.346E-03  2.05718455017622E+01
 4.406E-03  2.09609957150939E+01
 4.466E-03  2.13556918650813E+01
 4.527E-03  2.17559459262257E+01
 4.589E-03  2.21617669603453E+01
 4.651E-03  2.25731609933634E+01
 4.715E-03  2.29901308899313E+01
 4.779E-03  2.34126762259588E+01
 4.844E-03  2.38407931591293E+01
 4.911E-03  2.42744742974881E+01
 4.978E-03  2.47137085662007E+01
 5.046E-03  2.51584810725860E+01
 5.114E-03  2.56087729695408E+01
 5.184E-03  2.60645613174792E+01
 5.255E-03  2.65258189449237E+01
 5.327E-03  2.69925143078944E+01
 5.400E-03  2.74646113482528E+01
 5.473E-03  2.79420693511706E+01
 5.548E-03  2.84248428019037E+01
 5.624E-03  2.89128812420637E+01
 5.700E-03  2.94061291255957E+01
 5.778E-03  2.99045256746791E+01
 5.857E-03  3.04080047357854E+01
 5.937E-03  3.09164946361378E+01
 6.018E-03  3.14299180408362E+01
 6.100E-03  3.19481918109200E+01
 6.184E-03  3.24712268626598E+01
 6.268E-03  3.29989280283856E+01
 6.354E-03  3.35311939191671E+01
 6.440E-03  3.40679167896881E+01
 6.528E-03  3.46089824056667E+01
 6.617E-03  3.51542699141858E+01
 6.708E-03  3.57036517173253E+01
 6.799E-03  3.62569933494952E+01
 6.892E-03  3.68141533588866E+01
 6.986E-03  3.73749831934819E+01
 7.082E-03  3.79393270920709E+01
 7.178E-03  3.85070219807453E+01
 7.276E-03  3.90778973753602E+01
 7.376E-03  3.96517752904603E+01
 7.476E-03  4.02284701551970E+01
 7.578E-03  4.08077887367701E+01
 7.682E-03  4.13895300719463E+01
 7.787E-03  4.19734854072254E+01
 7.893E-03  4.25594381482378E+01
 8.001E-03  4.31471638189727E+01
 8.110E-03  4.37364300314495E+01
 8.221E-03  4.43269964664634E+01
 8.333E-03  4.49186148660445E+01
 8.447E-03  4.55110290382815E+01
 8.562E-03  4.61039748751803E+01
 8.679E-03  4.66971803842269E+01
 8.798E-03  4.72903657343426E+01
 8.918E-03  4.78832433169243E+01
 9.039E-03  4.84755178226653E+01
 9.163E-03  4.90668863348662E+01
 9.288E-03  4.96570384399409E+01
 9.415E-03  5.02456563558278E+01
 9.543E-03  5.08324150790182E+01
 9.674E-03  5.14169825509078E+01
 9.806E-03  5.19990198441779E+01
 9.940E-03  5.25781813699013E+01
 1.008E-02  5.31541151060640E+01
 1.021E-02  5.37264628481807E+01
 1.035E-02  5.42948604826641E+01
 1.049E-02  5.48589382836010E+01
 1.064E-02  5.54183212335545E+01
 1.078E-02  5.59726293690025E+01
 1.093E-02  5.65214781509843E+01
 1.108E-02  5.70644788615052E+01
 1.123E-02  5.76012390262124E+01
 1.138E-02  5.81313628638155E+01
 1.154E-02  5.86544517626882E+01
 1.170E-02  5.91701047850397E+01
 1.186E-02  5.96779191989928E+01
 1.202E-02  6.01774910388555E+01
 1.218E-02  6.06684156938103E+01
 1.235E-02  6.11502885251856E+01
 1.252E-02  6.16227055123999E+01
 1.269E-02  6.20852639276038E+01
 1.286E-02  6.25375630389608E+01
 1.304E-02  6.29792048424254E+01
 1.321E-02  6.34097948217958E+01
 1.339E-02  6.38289427367112E+01
 1.358E-02  6.42362634381814E+01
 1.376E-02  6.46313777111202E+01
 1.395E-02  6.50139131432483E+01
 1.414E-02  6.53835050196231E+01
 1.433E-02  6.57397972419239E+01
 1.453E-02  6.60824432715015E+01
 1.473E-02  6.64111070950740E+01
 1.493E-02  6.67254642118090E+01
 1.513E-02  6.70252026404030E+01
 1.534E-02  6.73100239446126E+01
 1.555E-02  6.75796442755581E+01
 1.576E-02  6.78337954289582E+01
 1.598E-02  6.80722259153006E+01
 1.619E-02  6.82947020407992E+01
 1.642E-02  6.85010089968196E+01
 1.664E-02  6.86909519552953E+01
 1.687E-02  6.88643571674869E+01
 1.710E-02  6.90210730632702E+01
 1.733E-02  6.91609713479669E+01
 1.757E-02  6.92839480935683E+01
 1.781E-02  6.93899248210199E+01
 1.805E-02  6.94788495700817E+01
 1.830E-02  6.95506979531006E+01
 1.855E-02  6.96054741888673E+01
 1.880E-02  6.96432121125780E+01
 1.906E-02  6.96639761577504E+01
 1.932E-02  6.96678623058012E+01
 1.958E-02  6.96549989988444E+01
 1.985E-02  6.96255480111284E+01
 2.012E-02  6.95797052743998E+01
 2.039E-02  6.95177016523653E+01
 2.067E-02  6.94398036593067E+01
 2.095E-02  6.93463141178072E+01
 2.124E-02  6.92375727504651E+01
 2.153E-02  6.91139567003956E+01
 2.182E-02  6.89758809752656E+01
 2.212E-02  6.88237988095715E+01
 2.242E-02  6.86582019398462E+01
 2.273E-02  6.84796207874820E+01
 2.304E-02  6.82886245438763E+01
 2.335E-02  6.80858211526492E+01
 2.367E-02  6.78718571837488E+01
 2.400E-02  6.76474175943515E+01
 2.432E-02  6.74132253715807E+01
 2.466E-02  6.71700410522139E+01
 2.499E-02  6.69186621147215E+01
 2.533E-02  6.66599222391837E+01
 2.568E-02  6.63946904308680E+01
 2.603E-02  6.61238700035132E+01
 2.639E-02  6.58483974186698E+01
 2.675E-02  6.55692409777760E+01
 2.711E-02  6.52873993640169E+01
 2.748E-02  6.50039000314178E+01
 2.786E-02  6.47197974390603E+01
 2.824E-02  6.44361711287798E+01
 2.862E-02  6.41541236452171E+01
 2.901E-02  6.38747782976375E+01
 2.941E-02  6.35992767635125E+01
 2.981E-02  6.33287765344722E+01
 3.022E-02  6.30644482058898E+01
 3.063E-02  6.28074726120353E+01
 3.105E-02  6.25590378094578E+01
 3.147E-02  6.23203359119942E+01
 3.190E-02  6.20925597815817E+01
 3.234E-02  6.18768995798522E+01
 3.278E-02  6.16745391863103E+01
 3.323E-02  6.14866524897539E+01
 3.368E-02  6.13143995604584E+01
 3.414E-02  6.11589227115367E+01
 3.461E-02  6.10213424587901E+01
 3.508E-02  6.09027533892677E+01
 3.556E-02  6.08042199496815E+01
 3.604E-02  6.07267721667327E+01
 3.654E-02  6.06714013123291E+01
 3.703E-02  6.06390555275838E+01
 3.754E-02  6.06306354203803E+01
 3.805E-02  6.06469896521768E+01
 3.857E-02  6.06889105305802E+01
 3.910E-02  6.07571296250501E+01
 3.963E-02  6.08523134238979E+01
 4.017E-02  6.09750590514966E+01
 4.072E-02  6.11258900653358E+01
 4.128E-02  6.13052523532133E+01
 4.184E-02  6.15135101514567E+01
 4.241E-02  6.17509422056038E+01
 4.299E-02  6.20177380954337E+01
 4.358E-02  6.23139947466257E+01
 4.417E-02  6.26397131516208E+01
 4.478E-02  6.29947953224685E+01
 4.539E-02  6.33790414985476E+01
 4.601E-02  6.37921476320537E+01
 4.664E-02  6.42337031740367E+01
 4.727E-02  6.47031891835436E+01
 4.792E-02  6.51999767820733E+01
 4.857E-02  6.57233259750714E+01
 4.924E-02  6.62723848615786E+01
 4.991E-02  6.68461892523965E+01
 5.059E-02  6.74436627162419E+01
 5.128E-02  6.80636170723177E+01
 5.198E-02  6.87047533465431E+01
 5.269E-02  6.93656632073430E+01
 5.341E-02  7.00448308954053E+01
 5.414E-02  7.07406356601655E+01
 5.488E-02  7.14513547139809E+01
 5.563E-02  7.21751667129999E+01
 5.639E-02  7.29101557716292E+01
 5.716E-02  7.36543160152529E+01
 5.794E-02  7.44055566734552E+01
 5.873E-02  7.51617077134689E+01
 5.953E-02  7.59205260109022E+01
 6.034E-02  7.66797020519995E+01
 6.116E-02  7.74368671587868E+01
 6.200E-02  7.81896012254265E+01
 6.285E-02  7.89354409509947E+01
 6.370E-02  7.96718885506921E+01
 6.457E-02  8.03964209242248E+01
 6.546E-02  8.11064992567626E+01
 6.635E-02  8.17995790245117E+01
 6.725E-02  8.24731203735374E+01
 6.817E-02  8.31245988370751E+01
 6.910E-02  8.37515163531720E+01
 7.005E-02  8.43514125411471E+01
 7.100E-02  8.49218761920537E+01
 7.197E-02  8.54605569250998E+01
 7.296E-02  8.59651769588596E+01
 7.395E-02  8.64335429431044E+01
 7.496E-02  8.68635577942321E+01
 7.598E-02  8.72532324745973E+01
 7.702E-02  8.76006976535709E+01
 7.807E-02  8.79042151859119E+01
 7.914E-02  8.81621893410448E+01
 8.022E-02  8.83731777151329E+01
 8.132E-02  8.85359017564372E+01
 8.243E-02  8.86492568333977E+01
 8.355E-02  8.87123217741784E+01
 8.469E-02  8.87243678061153E+01
 8.585E-02  8.86848668236196E+01
 8.702E-02  8.85934989136420E+01
 8.821E-02  8.84501590688227E+01
 8.941E-02  8.82549630199491E+01
 9.063E-02  8.80082521213511E+01
 9.187E-02  8.77105972253890E+01
 9.312E-02  8.73628014852506E+01
 9.440E-02  8.69659020288824E+01
 9.568E-02  8.65211704510455E+01
 9.699E-02  8.60301120752130E+01
 9.831E-02  8.54944639423112E+01
 9.966E-02  8.49161914891573E+01
 1.010E-01  8.42974838858409E+01
 1.024E-01  8.36407480082353E+01
 1.038E-01  8.29486010292806E+01
 1.052E-01  8.22238616206358E+01
 1.066E-01  8.14695397647203E+01
 1.081E-01  8.06888251860207E+01
 1.096E-01  7.98850744197880E+01
 1.111E-01  7.90617965458429E+01
 1.126E-01  7.82226376250922E+01
 1.141E-01  7.73713638864734E+01
 1.157E-01  7.65118437223269E+01
 1.173E-01  7.56480285605694E+01
 1.189E-01  7.47839326924324E+01
 1.205E-01  7.39236121448508E+01
 1.221E-01  7.30711426967600E+01
 1.238E-01  7.22305971484773E+01
 1.255E-01  7.14060219629317E+01
 1.272E-01  7.06014134066417E+01
 1.289E-01  6.98206933269542E+01
 1.307E-01  6.90676847100189E+01
 1.325E-01  6.83460871712049E+01
 1.343E-01  6.76594525360601E+01
 1.361E-01  6.70111606753775E+01
 1.380E-01  6.64043957623688E+01
 1.399E-01  6.58421231232797E+01
 1.418E-01  6.53270668549152E+01
 1.437E-01  6.48616883834225E+01
 1.457E-01  6.44481661382177E+01
 1.477E-01  6.40883765131065E+01
 1.497E-01  6.37838762833690E+01
 1.517E-01  6.35358866428421E+01
 1.538E-01  6.33452790187939E+01
 1.559E-01  6.32125628146526E+01
 1.580E-01  6.31378752214094E+01
 1.602E-01  6.31209732277940E+01
 1.624E-01  6.31612279471344E+01
 1.646E-01  6.32576213652205E+01
 1.668E-01  6.34087455985356E+01
 1.691E-01  6.36128047359904E+01
 1.714E-01  6.38676193198688E+01
 1.738E-01  6.41706335031896E+01
 1.761E-01  6.45189249012169E+01
 1.785E-01  6.49092171345571E+01
 1.810E-01  6.53378950403159E+01
 1.834E-01  6.58010225063187E+01
 1.860E-01  6.62943628616057E+01
 1.885E-01  6.68134017344925E+01
 1.911E-01  6.73533722676389E+01
 1.937E-01  6.79092825580088E+01
 1.963E-01  6.84759451685432E+01
 1.990E-01  6.90480085380336E+01
 2.017E-01  6.96199900962891E+01
 2.045E-01  7.01863108734597E+01
 2.073E-01  7.07413313755152E+01
 2.101E-01  7.12793884825957E+01
 2.130E-01  7.17948331134270E+01
 2.159E-01  7.22820683874139E+01
 2.188E-01  7.27355880065423E+01
 2.218E-01  7.31500145719718E+01
 2.248E-01  7.35201375453059E+01
 2.279E-01  7.38409505620730E+01
 2.310E-01  7.41076878050048E+01
 2.342E-01  7.43158591473024E+01
 2.374E-01  7.44612837812431E+01
 2.406E-01  7.45401220551914E+01
 2.439E-01  7.45489052522950E+01
 2.472E-01  7.44845630567992E+01
 2.506E-01  7.43444484689220E+01
 2.540E-01  7.41263599464645E+01
 2.575E-01  7.38285605706712E+01
 2.610E-01  7.34497940551295E+01
 2.646E-01  7.29892974395464E+01
 2.682E-01  7.24468103348712E+01
 2.718E-01  7.18225806122416E+01
 2.755E-01  7.11173664554170E+01
 2.793E-01  7.03324347244970E+01
 2.831E-01  6.94695556075885E+01
 2.870E-01  6.85309935664505E+01
 2.909E-01  6.75194946117846E+01
 2.949E-01  6.64382699735081E+01
 2.989E-01  6.52909762608411E+01
 3.030E-01  6.40816922360960E+01
 3.071E-01  6.28148923544825E+01
 3.113E-01  6.14954172497877E+01
 3.156E-01  6.01284413722534E+01
 3.199E-01  5.87194380101216E+01
 3.242E-01  5.72741419499536E+01
 3.287E-01  5.57985100527268E+01
 3.331E-01  5.42986800426788E+01
 3.377E-01  5.27809278236959E+01
 3.423E-01  5.12516236535351E+01
 3.470E-01  4.97171875191433E+01
 3.517E-01  4.81840440666044E+01
 3.565E-01  4.66585774466399E+01
 3.614E-01  4.51470864409539E+01
 3.663E-01  4.36557402359045E+01
 3.713E-01  4.21905352078813E+01
 3.764E-01  4.07572530792791E+01
 3.815E-01  3.93614207950129E+01
 3.867E-01  3.80082724570823E+01
 3.920E-01  3.67027136387870E+01
 3.974E-01  3.54492883808575E+01
 4.028E-01  3.42521491491193E+01
 4.083E-01  3.31150300074999E+01
 4.139E-01  3.20412232314534E+01
 4.195E-01  3.10335595554847E+01
 4.252E-01  3.00943922147461E+01
 4.311E-01  2.92255849050538E+01
 4.369E-01  2.84285037485660E+01
 4.429E-01  2.77040133142575E+01
 4.489E-01  2.70524767037298E+01
 4.551E-01  2.64737596743088E+01
 4.613E-01  2.59672387333197E+01
 4.676E-01  2.55318131003535E+01
 4.740E-01  2.51659203986866E+01
 4.804E-01  2.48675559031607E+01
 4.870E-01  2.46342951400861E+01
 4.936E-01  2.44633196053504E+01
 5.004E-01  2.43514453400993E+01
 5.072E-01  2.42951540792529E+01
 5.141E-01  2.42906266668668E+01
 5.212E-01  2.43337784140384E+01
 5.283E-01  2.44202960598284E+01
 5.355E-01  2.45456759836057E+01
 5.428E-01  2.47052633084821E+01
 5.502E-01  2.48942915302011E+01
 5.577E-01  2.51079223041174E+01
 5.653E-01  2.53412850248666E+01
 5.731E-01  2.55895158390689E+01
 5.809E-01  2.58477957409746E+01
 5.888E-01  2.61113874143377E+01
 5.969E-01  2.63756705009211E+01
 6.050E-01  2.66361749967376E+01
 6.133E-01  2.68886125012056E+01
 6.216E-01  2.71289050715418E+01
 6.301E-01  2.73532114645739E+01
 6.387E-01  2.75579505803060E+01
 6.474E-01  2.77398219555415E+01
 6.563E-01  2.78958231911542E+01
 6.652E-01  2.80232642326624E+01
 6.743E-01  2.81197784600597E+01
 6.835E-01  2.81833305788432E+01
 6.929E-01  2.82122213393305E+01
 7.023E-01  2.82050891451571E+01
 7.119E-01  2.81609086438453E+01
 7.216E-01  2.80789864220947E+01
 7.315E-01  2.79589539556141E+01
 7.415E-01  2.78007579875772E+01
 7.516E-01  2.76046485309018E+01
 7.618E-01  2.73711647073484E+01
 7.723E-01  2.71011186507978E+01
 7.828E-01  2.67955777129554E+01
 7.935E-01  2.64558452171585E+01
 8.043E-01  2.60834400100119E+01
 8.153E-01  2.56800750613731E+01
 8.264E-01  2.52476353609275E+01
 8.377E-01  2.47881553544567E+01
 8.491E-01  2.43037961551491E+01
 8.607E-01  2.37968227552186E+01
 8.725E-01  2.32695814509603E+01
 8.844E-01  2.27244776804981E+01
 8.965E-01  2.21639544581607E+01
 9.087E-01  2.15904715729756E+01
 9.211E-01  2.10064857014773E+01
 9.337E-01  2.04144315671755E+01
 9.464E-01  1.98167042608900E+01
 9.594E-01  1.92156428179637E+01
 9.725E-01  1.86135151303547E+01
 9.857E-01  1.80125042539626E+01
 9.992E-01  1.74146961544594E+01
 1.013E+00  1.68220689185014E+01
 1.027E+00  1.62364834416422E+01
 1.041E+00  1.56596755896342E+01
 1.055E+00  1.50932498161957E+01
 1.069E+00  1.45386742077838E+01
 1.084E+00  1.39972769145005E+01
 1.099E+00  1.34702439159972E+01
 1.114E+00  1.29586180621512E+01
 1.129E+00  1.24632993203552E+01
 1.144E+00  1.19850461545001E+01
 1.160E+00  1.15244779551016E+01
 1.176E+00  1.10820784355211E+01
 1.192E+00  1.06581999058041E+01
 1.208E+00  1.02530683332924E+01
 1.225E+00  9.86678909779626E+00
 1.241E+00  9.49935334870188E+00
 1.258E+00  9.15064487188846E+00
 1.275E+00  8.82044737566701E+00
 1.293E+00  8.50845210708530E+00
 1.310E+00  8.21426571279171E+00
 1.328E+00  7.93741826214985E+00
 1.347E+00  7.67737135437123E+00
 1.365E+00  7.43352623600618E+00
 1.384E+00  7.20523186012321E+00
 1.402E+00  6.99179282383183E+00
 1.422E+00  6.79247712638031E+00
 1.441E+00  6.60652369580492E+00
 1.461E+00  6.43314963794133E+00
 1.481E+00  6.27155716745574E+00
 1.501E+00  6.12094018634093E+00
 1.521E+00  5.98049048098789E+00
 1.542E+00  5.84940351442939E+00
 1.563E+00  5.72688379561008E+00
 1.584E+00  5.61214981252938E+00
 1.606E+00  5.50443852079838E+00
 1.628E+00  5.40300938352790E+00
 1.650E+00  5.30714796250902E+00
 1.673E+00  5.21616906435143E+00
 1.696E+00  5.12941944860886E+00
 1.719E+00  5.04628010794780E+00
 1.742E+00  4.96616813311281E+00
 1.766E+00  4.88853817781922E+00
 1.790E+00  4.81288354077309E+00
 1.815E+00  4.73873688379170E+00
 1.839E+00  4.66567060648872E+00
 1.864E+00  4.59329689920931E+00
 1.890E+00  4.52126749686521E+00
 1.916E+00  4.44927315704093E+00
 1.942E+00  4.37704288623187E+00
 1.968E+00  4.30434293834663E+00
 1.995E+00  4.23097560967071E+00
 2.022E+00  4.15677785436054E+00
 2.050E+00  4.08161974422729E+00
 2.078E+00  4.00540279609346E+00
 2.106E+00  3.92805818937443E+00
 2.135E+00  3.84954489576630E+00
 2.164E+00  3.76984774202542E+00
 2.194E+00  3.68897542581794E+00
 2.224E+00  3.60695850351513E+00
 2.254E+00  3.52384736762721E+00
 2.285E+00  3.43971023032071E+00
 2.316E+00  3.35463112816602E+00
 2.348E+00  3.26870796192938E+00
 2.380E+00  3.18205058387001E+00
 2.412E+00  3.09477894364331E+00
 2.445E+00  3.00702130255791E+00
 2.479E+00  2.91891252460021E+00
 2.513E+00  2.83059245133620E+00
 2.547E+00  2.74220436653722E+00
 2.582E+00  2.65389355516313E+00
 2.617E+00  2.56580596018072E+00
 2.653E+00  2.47808693960452E+00
 2.689E+00  2.39088012512628E+00
 2.725E+00  2.30432638275302E+00
 2.763E+00  2.21856287500516E+00
 2.800E+00  2.13372222343674E+00
 2.839E+00  2.04993176953176E+00
 2.877E+00  1.96731293140226E+00
 2.917E+00  1.88598065316569E+00
 2.956E+00  1.80604294340851E+00
 2.997E+00  1.72760049874742E+00
 3.038E+00  1.65074640817679E+00
 3.079E+00  1.57556593363596E+00
 3.121E+00  1.50213636203962E+00
 3.164E+00  1.43052692388441E+00
 3.207E+00  1.36079877346928E+00
 3.251E+00  1.29300502574246E+00
 3.295E+00  1.22719084480841E+00
 3.340E+00  1.16339357918921E+00
 3.386E+00  1.10164293903129E+00
 3.432E+00  1.04196121057594E+00
 3.479E+00  9.84363503365623E-01
 3.526E+00  9.28858025833429E-01
 3.575E+00  8.75446385116145E-01
 3.623E+00  8.24123907138180E-01
 3.673E+00  7.74879973230591E-01
 3.723E+00  7.27698369773371E-01
 3.774E+00  6.82557647577052E-01
 3.825E+00  6.39431487948901E-01
 3.878E+00  5.98289072617249E-01
 3.930E+00  5.59095454912805E-01
 3.984E+00  5.21811929826474E-01
 4.039E+00  4.86396400777817E-01
 4.094E+00  4.52803741135768E-01
 4.150E+00  4.20986148732635E-01
 4.206E+00  3.90893491803176E-01
 4.264E+00  3.62473644962149E-01
 4.322E+00  3.35672814006023E-01
 4.381E+00  3.10435848487368E-01
 4.441E+00  2.86706541163820E-01
 4.501E+00  2.64427913567733E-01
 4.563E+00  2.43542487077781E-01
 4.625E+00  2.23992539000263E-01
 4.688E+00  2.05720343286073E-01
 4.752E+00  1.88668395619520E-01
 4.817E+00  1.72779622717947E-01
 4.883E+00  1.57997575776692E-01
 4.950E+00  1.44266608082845E-01
 5.017E+00  1.31532036903757E-01
 5.086E+00  1.19740289832745E-01
 5.155E+00  1.08839035845177E-01
 5.225E+00  9.87773013833376E-02
 5.297E+00  8.95055718484580E-02
 5.369E+00  8.09758789330711E-02
 5.442E+00  7.31418742767221E-02
 5.517E+00  6.59588899729581E-02
 5.592E+00  5.93839864956025E-02
 5.668E+00  5.33759886475814E-02
 5.746E+00  4.78955101660397E-02
 5.824E+00  4.29049676431681E-02
 5.904E+00  3.83685844430703E-02
 5.984E+00  3.42523853111360E-02
 6.066E+00  3.05241823837765E-02
 6.149E+00  2.71535533130604E-02
 6.233E+00  2.41118122228232E-02
 6.318E+00  2.13719742103055E-02
 6.404E+00  1.89087141004247E-02
 6.491E+00  1.66983201485629E-02
 6.580E+00  1.47186433724491E-02
 6.670E+00  1.29490431745602E-02
 6.761E+00  1.13703298937303E-02
 6.853E+00  9.96470489862931E-03
 6.947E+00  8.71569880679380E-03
 7.042E+00  7.60810838130255E-03
 7.138E+00  6.62793262338263E-03
 7.235E+00  5.76230854358168E-03
 7.334E+00  4.99944705706674E-03
 7.434E+00  4.32856941050969E-03
 7.536E+00  3.73984450930187E-03
 7.639E+00  3.22432747490622E-03
 7.743E+00  2.77389972338753E-03
 7.849E+00  2.38121081792896E-03
 7.956E+00  2.03962231078766E-03
 8.064E+00  1.74315375398042E-03
 8.174E+00  1.48643102330537E-03
 8.286E+00  1.26463706734712E-03
 8.399E+00  1.07346516209337E-03
 8.514E+00  9.09074722885347E-04
 8.630E+00  7.68049698769937E-04
 8.748E+00  6.47359550014724E-04
 8.867E+00  5.44322787650865E-04
 8.988E+00  4.56573034446598E-04
 9.111E+00  3.82027549678215E-04
 9.235E+00  3.18858145415782E-04
 9.362E+00  2.65464409710116E-04
 9.489E+00  2.20449141963119E-04
 9.619E+00  1.82595897771883E-04
 9.750E+00  1.50848534526986E-04
 9.883E+00  1.24292644871880E-04
 1.002E+01  1.02138762637978E-04
 1.016E+01  8.37072248966926E-05
 1.029E+01  6.84145741494634E-05
 1.043E+01  5.57613862434837E-05
 1.058E+01  4.53214121902897E-05
 1.072E+01  3.67319255171083E-05
 1.087E+01  2.96851709441664E-05
 1.102E+01  2.39208149107129E-05
 1.117E+01  1.92193036338489E-05
 1.132E+01  1.53960398537431E-05
 1.147E+01  1.22962950844389E-05
 1.163E+01  9.79077995115526E-06
 1.179E+01  7.77180096480905E-06
 1.195E+01  6.14993778651392E-06
 1.211E+01  4.85118060475531E-06
 1.228E+01  3.81447263270422E-06
 1.245E+01  2.98960789010771E-06
 1.262E+01  2.33543933052149E-06
 1.279E+01  1.81835698635664E-06
 1.296E+01  1.41100011532056E-06
 1.314E+01  1.09117133343675E-06
 1.332E+01  8.40924409166671E-07
 1.350E+01  6.45800772707188E-07
 1.368E+01  4.94192871145293E-07
 1.387E+01  3.76815284202787E-07
 1.406E+01  2.86267020285752E-07
 1.425E+01  2.16671631525545E-07
 1.445E+01  1.63386928510484E-07
 1.464E+01  1.22743244133712E-07
 1.484E+01  9.18588502070843E-08
 1.505E+01  6.84802422445627E-08
 1.525E+01  5.08519805418054E-08
 1.546E+01  3.76119498640528E-08
 1.567E+01  2.77074124285864E-08
 1.589E+01  2.03279996176674E-08
 1.610E+01  1.48524443946257E-08
 1.632E+01  1.08064128452055E-08
 1.655E+01  7.82926262891825E-09
 1.677E+01  5.64795012073423E-09
 1.700E+01  4.05663715421592E-09
 1.723E+01  2.90082188715587E-09
 1.747E+01  2.06504465641412E-09
 1.771E+01  1.46340601668335E-09
 1.795E+01  1.03228678721714E-09
 1.819E+01  7.24784335557485E-10
 1.844E+01  5.06480220818908E-10
 1.869E+01  3.52235732975346E-10
 1.895E+01  2.43777226802755E-10
 1.921E+01  1.67885356291592E-10
 1.947E+01  1.15043800226427E-10
 1.974E+01  7.84358630254394E-11
 2.000E+01  5.32031218291736E-11
 2.028E+01  3.59004608573277E-11
 2.055E+01  2.40975263496079E-11
 2.084E+01  1.60887781284347E-11
 2.112E+01  1.06836586490643E-11
 2.141E+01  7.05555240711409E-12
 2.170E+01  4.63365184758471E-12
 2.200E+01  3.02596540166387E-12
 2.230E+01  1.96480318263816E-12
 2.260E+01  1.26839513603369E-12
 2.291E+01  8.14021561426348E-13
 2.322E+01  5.19311565806418E-13
 2.354E+01  3.29302674085730E-13
 2.386E+01  2.07539911573046E-13
 2.419E+01  1.29990176246770E-13
 2.452E+01  8.09067749032898E-14
 2.485E+01  5.00365200334041E-14
 2.519E+01  3.07453208814172E-14
 2.554E+01  1.87681743594774E-14
 2.588E+01  1.13809076461661E-14
 2.624E+01  6.85494376374563E-15
 2.660E+01  4.10074462875736E-15
 2.696E+01  2.43619769183526E-15
 2.733E+01  1.43718236310033E-15
 2.770E+01  8.41819105784550E-16
 2.808E+01  4.89542769249767E-16
 2.846E+01  2.82607894105043E-16
 2.885E+01  1.61940676260983E-16
 2.924E+01  9.21003406587891E-17
 2.964E+01  5.19822597224883E-17
 3.005E+01  2.91133433098780E-17
 3.046E+01  1.61780347457893E-17
 3.087E+01  8.91885919503807E-18
 3.130E+01  4.87747633442788E-18
 3.172E+01  2.64566683998216E-18
 3.216E+01  1.42324737555278E-18
 3.259E+01  7.59243956133473E-19
 3.304E+01  4.01594526953812E-19
 3.349E+01  2.10595361350651E-19
 3.395E+01  1.09474449872563E-19
 3.441E+01  5.64062680653081E-20
 3.488E+01  2.88031202337807E-20
 3.536E+01  1.45745616587086E-20
 3.584E+01  7.30702747866492E-21
 3.633E+01  3.62927588965592E-21
 3.683E+01  1.78557132071366E-21
 3.733E+01  8.70072809103070E-22
 3.784E+01  4.19853317971759E-22
 3.835E+01  2.00606413037408E-22
 3.888E+01  9.48938486218884E-23
 3.941E+01  4.44342063525493E-23
 3.995E+01  2.05931163592219E-23
 4.049E+01  9.44474775522573E-24
 4.104E+01  4.28607552020194E-24
 4.161E+01  1.92426010464180E-24
 4.217E+01  8.54564203676529E-25
 4.275E+01  3.75348054385833E-25
 4.333E+01  1.63029509705818E-25
 4.392E+01  7.00122420169913E-26
 4.452E+01  2.97227967457574E-26
 4.513E+01  1.24722431373475E-26
 4.575E+01  5.17212514561747E-27
 4.637E+01  2.11930000093688E-27
 4.701E+01  8.57912999232870E-28
 4.765E+01  3.43043290389942E-28
 4.830E+01  1.35467776264610E-28
 4.896E+01  5.28238537159146E-29
 4.963E+01  2.03355552825507E-29
 5.030E+01  7.72748968144103E-30
 5.099E+01  2.89802964040294E-30
 5.169E+01  1.07245563449029E-30
 5.239E+01  3.91573215056565E-31
 5.311E+01  1.41056570997219E-31
 5.383E+01  5.01465726322616E-32
 5.457E+01  1.76142953382120E-32
 5.531E+01  6.13655328845229E-33
 5.607E+01  0.00000000000000E+00
 5.683E+01  0.00000000000000E+00
 5.761E+01  0.00000000000000E+00
 5.839E+01  0.00000000000000E+00
 5.919E+01  0.00000000000000E+00
 6.000E+01  0.00000000000000E+00
