./ilogA is logfile.
./chgdenTi calculation starts
rmin,rmax=  4.55E-08  4.26E+01
   1894.50901585   -756.35696096      0.30000000    1
    202.69565504   -806.58566364      0.30000000    1
    126.06271618   -831.96696382      0.30000000    1
     76.39572816   -843.66435005      0.30000000    1
     45.02881849   -848.51091755      0.30000000    1
     25.83750201   -850.29741569      0.30000000    1
     14.51054678   -850.88705460      0.30000000    1
      8.06663399   -851.06940731      0.30000000    1
      4.51144490   -851.12729467      0.30000000    1
      2.58088988   -851.14788110      0.30000000    1
      1.52721070   -851.15615523      0.30000000    1
      0.93676592   -851.15971215      0.30000000    1
      0.59226614   -851.16126865      0.30000000    1
      0.38257098   -851.16194741      0.30000000    1
      0.25042503   -851.16224122      0.30000000    1
      0.16513703   -851.16236779      0.30000000    1
      0.10928785   -851.16242224      0.30000000    1
      0.07242490   -851.16244573      0.30000000    1
      0.04800034   -851.16245591      0.30000000    1
      0.03179403   -851.16246035      0.30000000    1
      0.02103978   -851.16246230      0.30000000    1
      0.01390794   -851.16246317      0.30000000    1
      0.00918303   -851.16246356      0.30000000    1
      0.00605632   -851.16246373      0.30000000    1
      0.00398970   -851.16246381      0.30000000    1
      0.00262537   -851.16246385      0.30000000    1
      0.00172571   -851.16246387      0.30000000    1
      0.00113313   -851.16246388      0.30000000    1
      0.00074323   -851.16246388      0.30000000    1
      0.00048695   -851.16246388      0.30000000    1
      0.00000000   -851.16246388      1.00000000    2
      0.00000000   -851.16246388      1.00000000    3
    1   0 0  -1/2   1    2.0000       -178.025309
    2   0 0  -1/2   1    2.0000        -19.642818
    2   1 1  -1/2   1    2.0000        -16.439496
    2   1 1  -3/2   1    4.0000        -16.228617
    3   0 0  -1/2   1    2.0000         -2.284633
    3   1 1  -1/2   1    2.0000         -1.441049
    3   1 1  -3/2   1    4.0000         -1.416659
    3   2 2  -3/2   1    0.8000         -0.165798
    3   2 2  -5/2   1    1.2000         -0.164080
    4   0 0  -1/2   1    2.0000         -0.168570
 total energy =   -8.51162463882641E+02 -2.31613222696961E+04
