./ilogA is logfile.
./chgdenMg calculation starts
rmin,rmax=  8.33E-08  5.77E+01
    561.07768353   -176.69594220      0.30000000    1
     81.77693135   -188.81350085      0.30000000    1
     50.62266238   -194.90633005      0.30000000    1
     30.41185251   -197.65544966      0.30000000    1
     17.69226470   -198.75807806      0.30000000    1
     10.00283154   -199.15882382      0.30000000    1
      5.55474597   -199.29879490      0.30000000    1
      3.07455582   -199.34941464      0.30000000    1
      1.71864879   -199.36908427      0.30000000    1
      0.97802563   -199.37716032      0.30000000    1
      0.56826835   -199.38054712      0.30000000    1
      0.33704784   -199.38196597      0.30000000    1
      0.20369257   -199.38255505      0.30000000    1
      0.12512079   -199.38279739      0.30000000    1
      0.07791039   -199.38289645      0.30000000    1
      0.04905046   -199.38293682      0.30000000    1
      0.03114878   -199.38295328      0.30000000    1
      0.01991097   -199.38296001      0.30000000    1
      0.01278926   -199.38296278      0.30000000    1
      0.00824298   -199.38296393      0.30000000    1
      0.00532490   -199.38296441      0.30000000    1
      0.00344449   -199.38296461      0.30000000    1
      0.00222943   -199.38296470      0.30000000    1
      0.00144292   -199.38296474      0.30000000    1
      0.00093332   -199.38296475      0.30000000    1
      0.00060302   -199.38296476      0.30000000    1
      0.00038899   -199.38296476      0.30000000    1
      0.00000000   -199.38296476      1.00000000    2
      0.00000000   -199.38296477      1.00000000    3
    1   0 0  -1/2   1    2.0000        -46.002449
    2   0 0  -1/2   1    2.0000         -2.911514
    2   1 1  -1/2   1    2.0000         -1.724099
    2   1 1  -3/2   1    4.0000         -1.713511
    3   0 0  -1/2   1    2.0000         -0.175623
 total energy =   -1.99382964766104E+02 -5.42548960743637E+03
