line2: Z,NR,R(1),R(NR) /line3,4,...: R(N),RHO*4*PI*R(N)**2
69.00  2000  1.01365245284744E-10  6.00000000000000E+01
 1.014E-10  4.63993299374819E-12
 1.027E-10  4.74993707197755E-12
 1.042E-10  4.86254913992448E-12
 1.056E-10  5.77472177919398E-12
 1.070E-10  5.91162956371913E-12
 1.085E-10  6.05178317429460E-12
 1.100E-10  6.19525956306335E-12
 1.115E-10  6.34213750698042E-12
 1.130E-10  6.49249765047571E-12
 1.145E-10  6.64642254995159E-12
 1.161E-10  6.80399671906123E-12
 1.177E-10  6.96530667511741E-12
 1.193E-10  7.13044098659658E-12
 1.209E-10  7.29949032176644E-12
 1.226E-10  7.47254749846814E-12
 1.242E-10  7.64970753507986E-12
 1.259E-10  7.83106770268602E-12
 1.276E-10  8.01672757848534E-12
 1.294E-10  8.20678910046504E-12
 1.312E-10  8.40135662336955E-12
 1.329E-10  8.60053697599768E-12
 1.348E-10  8.80443951985832E-12
 1.366E-10  9.01317620921599E-12
 1.385E-10  9.22686165255930E-12
 1.404E-10  9.44561317552849E-12
 1.423E-10  9.66955088533410E-12
 1.442E-10  9.89879773670250E-12
 1.462E-10  1.01334795993853E-11
 1.482E-10  1.03737253272679E-11
 1.502E-10  1.06196668291195E-11
 1.523E-10  1.08714391410179E-11
 1.543E-10  1.11291805004917E-11
 1.564E-10  1.13930324224216E-11
 1.586E-10  1.16631397767385E-11
 1.607E-10  1.19396508679672E-11
 1.629E-10  1.22227175166537E-11
 1.652E-10  1.25124951427223E-11
 1.674E-10  1.28091428508125E-11
 1.697E-10  1.31128235176342E-11
 1.720E-10  1.34237038813970E-11
 1.744E-10  1.37419546333609E-11
 1.767E-10  1.40677505115531E-11
 1.792E-10  1.44012703967104E-11
 1.816E-10  1.47426974104954E-11
 1.841E-10  1.50922190160398E-11
 1.866E-10  1.54500271208738E-11
 1.891E-10  1.58163181822933E-11
 1.917E-10  1.61912933152268E-11
 1.943E-10  1.65751584026592E-11
 1.970E-10  1.69681242086729E-11
 1.997E-10  1.73704064941697E-11
 2.024E-10  1.77822261353364E-11
 2.052E-10  1.82038092449176E-11
 2.080E-10  1.86353872963661E-11
 2.108E-10  1.90771972509336E-11
 2.137E-10  1.95294816877762E-11
 2.166E-10  1.99924889371462E-11
 2.196E-10  2.04664732167372E-11
 2.226E-10  2.09516947712667E-11
 2.256E-10  2.14484200153636E-11
 2.287E-10  2.19569216798452E-11
 2.318E-10  2.24774789614648E-11
 2.350E-10  2.30103776762022E-11
 2.382E-10  2.35559104161959E-11
 2.414E-10  2.41143767103952E-11
 2.447E-10  2.46860831890155E-11
 2.481E-10  2.52713437518959E-11
 2.515E-10  2.58704797408505E-11
 2.549E-10  2.64838201161027E-11
 2.584E-10  2.71117016369013E-11
 2.619E-10  2.77544690464245E-11
 2.655E-10  2.84124752610599E-11
 2.691E-10  2.90860815641789E-11
 2.728E-10  2.97756578045021E-11
 2.765E-10  3.04815825991645E-11
 2.803E-10  3.12042435416006E-11
 2.841E-10  3.19440374143561E-11
 2.880E-10  3.27013704069426E-11
 2.919E-10  3.34766583388583E-11
 2.959E-10  3.42703268879005E-11
 2.999E-10  3.50828118238845E-11
 3.040E-10  3.59145592479049E-11
 3.082E-10  3.67660258372756E-11
 3.124E-10  3.76376790962665E-11
 3.166E-10  3.85299976127954E-11
 3.210E-10  3.94434713211978E-11
 3.253E-10  4.03786017712243E-11
 3.298E-10  4.13359024034298E-11
 3.343E-10  4.23158988310769E-11
 3.389E-10  4.33191291287255E-11
 3.435E-10  4.43461441276720E-11
 3.482E-10  4.53975077183839E-11
 3.529E-10  4.64737971601071E-11
 3.577E-10  4.75756033978201E-11
 3.626E-10  4.87035313866916E-11
 3.676E-10  4.98582004242357E-11
 3.726E-10  5.10402444903443E-11
 3.777E-10  5.22503125953799E-11
 3.828E-10  5.34890691365147E-11
 3.881E-10  5.47571942625236E-11
 3.934E-10  5.60553842472310E-11
 3.987E-10  5.73843518718011E-11
 4.042E-10  5.87448268160938E-11
 4.097E-10  6.01375560593049E-11
 4.153E-10  6.15633042900961E-11
 4.210E-10  6.30228543264621E-11
 4.267E-10  6.45170075455312E-11
 4.325E-10  6.60465843235697E-11
 4.384E-10  6.76124244864260E-11
 4.444E-10  6.92153877706342E-11
 4.505E-10  7.08563542954556E-11
 4.566E-10  7.25362250461249E-11
 4.629E-10  7.42559223685407E-11
 4.692E-10  7.60163904756735E-11
 4.756E-10  7.78185959660150E-11
 4.821E-10  7.96635283542767E-11
 4.887E-10  8.15522006147012E-11
 4.953E-10  8.34856497372416E-11
 5.021E-10  8.54649372969225E-11
 5.090E-10  8.74911500367178E-11
 5.159E-10  8.95654004642195E-11
 5.230E-10  9.16888274624814E-11
 5.301E-10  9.38625969153315E-11
 5.373E-10  9.60879023474976E-11
 5.447E-10  9.83659655799271E-11
 5.521E-10  1.00698037400642E-10
 5.596E-10  1.03085398251491E-10
 5.673E-10  1.05529358931177E-10
 5.750E-10  1.08031261314967E-10
 5.829E-10  1.10592479091473E-10
 5.908E-10  1.13214418516860E-10
 5.989E-10  1.15898519186976E-10
 6.071E-10  1.18646254827775E-10
 6.154E-10  1.21459134104469E-10
 6.238E-10  1.24338701449882E-10
 6.323E-10  1.27286537912415E-10
 6.409E-10  1.30304262024161E-10
 6.497E-10  1.33393530689544E-10
 6.585E-10  1.36556040095057E-10
 6.675E-10  1.39793526640594E-10
 6.766E-10  1.43107767892804E-10
 6.859E-10  1.46500583561087E-10
 6.952E-10  1.49973836496710E-10
 7.047E-10  1.53529433715647E-10
 7.144E-10  1.57169327445622E-10
 7.241E-10  1.60895516197966E-10
 7.340E-10  1.64710045864968E-10
 7.440E-10  1.68615010843159E-10
 7.542E-10  1.72612555183248E-10
 7.645E-10  1.76704873767345E-10
 7.749E-10  1.80894213514074E-10
 7.855E-10  1.85182874612249E-10
 7.962E-10  1.89573211783835E-10
 8.071E-10  1.94067635576794E-10
 8.181E-10  1.98668613688631E-10
 8.293E-10  2.03378672321316E-10
 8.406E-10  2.08200397568279E-10
 8.521E-10  2.13136436834349E-10
 8.637E-10  2.18189500289327E-10
 8.755E-10  2.23362362356013E-10
 8.874E-10  2.28657863233540E-10
 8.996E-10  2.34078910456798E-10
 9.118E-10  2.39628480492843E-10
 9.243E-10  2.45309620375126E-10
 9.369E-10  2.51125449376524E-10
 9.497E-10  2.57079160721983E-10
 9.627E-10  2.63174023341758E-10
 9.758E-10  2.69413383666292E-10
 9.891E-10  2.75800667463555E-10
 1.003E-09  2.82339381719997E-10
 1.016E-09  2.89033116566116E-10
 1.030E-09  2.95885547247604E-10
 1.044E-09  3.02900436143281E-10
 1.059E-09  3.10081634830868E-10
 1.073E-09  3.17433086201705E-10
 1.088E-09  3.24958826625646E-10
 1.102E-09  3.32662988167223E-10
 1.118E-09  3.40549800854434E-10
 1.133E-09  3.48623595001247E-10
 1.148E-09  3.56888803585150E-10
 1.164E-09  3.65349964681197E-10
 1.180E-09  3.74011723953582E-10
 1.196E-09  3.82878837206446E-10
 1.212E-09  3.91956172995034E-10
 1.229E-09  4.01248715298802E-10
 1.246E-09  4.10761566257995E-10
 1.263E-09  4.20499948974920E-10
 1.280E-09  4.30469210381753E-10
 1.297E-09  4.40674824176328E-10
 1.315E-09  4.51122393827535E-10
 1.333E-09  4.61817655651845E-10
 1.351E-09  4.72766481962981E-10
 1.370E-09  4.83974884296113E-10
 1.388E-09  4.95449016708527E-10
 1.407E-09  5.07195179158574E-10
 1.426E-09  5.19219820964651E-10
 1.446E-09  5.31529544346358E-10
 1.466E-09  5.44131108049384E-10
 1.486E-09  5.57031431056468E-10
 1.506E-09  5.70237596386382E-10
 1.527E-09  5.83756854982844E-10
 1.547E-09  5.97596629695706E-10
 1.568E-09  6.11764519356556E-10
 1.590E-09  6.26268302950851E-10
 1.612E-09  6.41115943889114E-10
 1.634E-09  6.56315594379225E-10
 1.656E-09  6.71875599902413E-10
 1.679E-09  6.87804503795567E-10
 1.701E-09  7.04111051941854E-10
 1.725E-09  7.20804197572745E-10
 1.748E-09  7.37893106183908E-10
 1.772E-09  7.55387160567511E-10
 1.796E-09  7.73295965963949E-10
 1.821E-09  7.91629355335682E-10
 1.846E-09  8.10397394766044E-10
 1.871E-09  8.29610388986153E-10
 1.896E-09  8.49278887032717E-10
 1.922E-09  8.69413688040133E-10
 1.949E-09  8.90025847169837E-10
 1.975E-09  9.11126681680120E-10
 2.002E-09  9.32727777140015E-10
 2.029E-09  9.54840993790410E-10
 2.057E-09  9.77478473056075E-10
 2.085E-09  1.00065264421185E-09
 2.114E-09  1.02437623120706E-09
 2.143E-09  1.04866225965184E-09
 2.172E-09  1.07352406396879E-09
 2.201E-09  1.09897529471430E-09
 2.232E-09  1.12502992607357E-09
 2.262E-09  1.15170226353322E-09
 2.293E-09  1.17900695173574E-09
 2.324E-09  1.20695898252040E-09
 2.356E-09  1.23557370315440E-09
 2.388E-09  1.26486682475945E-09
 2.421E-09  1.29485443093825E-09
 2.454E-09  1.32555298660509E-09
 2.487E-09  1.35697934702613E-09
 2.521E-09  1.38915076707376E-09
 2.556E-09  1.42208491070070E-09
 2.590E-09  1.45579986063838E-09
 2.626E-09  1.49031412832537E-09
 2.662E-09  1.52564666407131E-09
 2.698E-09  1.56181686746164E-09
 2.735E-09  1.59884459800901E-09
 2.772E-09  1.63675018605748E-09
 2.810E-09  1.67555444394473E-09
 2.848E-09  1.71527867742939E-09
 2.887E-09  1.75594469738913E-09
 2.927E-09  1.79757483179599E-09
 2.967E-09  1.84019193797577E-09
 3.007E-09  1.88381941515789E-09
 3.048E-09  1.92848121732299E-09
 3.090E-09  1.97420186635482E-09
 3.132E-09  2.02100646550449E-09
 3.175E-09  2.06892071317327E-09
 3.218E-09  2.11797091702258E-09
 3.262E-09  2.16818400841825E-09
 3.307E-09  2.21958755721748E-09
 3.352E-09  2.27220978690646E-09
 3.398E-09  2.32607959009616E-09
 3.444E-09  2.38122654438630E-09
 3.491E-09  2.43768092860513E-09
 3.539E-09  2.49547373943412E-09
 3.587E-09  2.55463670842697E-09
 3.636E-09  2.61520231943184E-09
 3.685E-09  2.67720382642694E-09
 3.736E-09  2.74067527177891E-09
 3.787E-09  2.80565150493379E-09
 3.838E-09  2.87216820155154E-09
 3.891E-09  2.94026188309365E-09
 3.944E-09  3.00996993687579E-09
 3.998E-09  3.08133063659555E-09
 4.052E-09  3.15438316334660E-09
 4.108E-09  3.22916762713147E-09
 4.164E-09  3.30572508888400E-09
 4.221E-09  3.38409758301444E-09
 4.278E-09  3.46432814048827E-09
 4.337E-09  3.54646081245299E-09
 4.396E-09  3.63054069442446E-09
 4.456E-09  3.71661395104682E-09
 4.517E-09  3.80472784143949E-09
 4.578E-09  3.89493074514515E-09
 4.641E-09  3.98727218869286E-09
 4.704E-09  4.08180287279031E-09
 4.769E-09  4.17857470016229E-09
 4.834E-09  4.27764080404758E-09
 4.900E-09  4.37905557737192E-09
 4.967E-09  4.48287470261328E-09
 5.034E-09  4.58915518237410E-09
 5.103E-09  4.69795537067893E-09
 5.173E-09  4.80933500501475E-09
 5.243E-09  4.92335523912941E-09
 5.315E-09  5.04007867660817E-09
 5.388E-09  5.15956940524806E-09
 5.461E-09  5.28189303224370E-09
 5.536E-09  5.40711672021011E-09
 5.611E-09  5.53530922405947E-09
 5.688E-09  5.66654092875041E-09
 5.765E-09  5.80088388793313E-09
 5.844E-09  5.93841186351132E-09
 5.924E-09  6.07920036614174E-09
 6.005E-09  6.22332669669294E-09
 6.087E-09  6.37086998868833E-09
 6.170E-09  6.52191125175483E-09
 6.254E-09  6.67653341610131E-09
 6.340E-09  6.83482137805159E-09
 6.426E-09  6.99686204665821E-09
 6.514E-09  7.16274439141941E-09
 6.603E-09  7.33255949112828E-09
 6.693E-09  7.50640058388022E-09
 6.784E-09  7.68436311826623E-09
 6.877E-09  7.86654480577861E-09
 6.971E-09  8.05304567445983E-09
 7.066E-09  8.24396812382484E-09
 7.162E-09  8.43941698108193E-09
 7.260E-09  8.63949955869023E-09
 7.359E-09  8.84432571327974E-09
 7.460E-09  9.05400790596798E-09
 7.562E-09  9.26866126410806E-09
 7.665E-09  9.48840364449865E-09
 7.770E-09  9.71335569809558E-09
 7.876E-09  9.94364093625474E-09
 7.983E-09  1.01793857985462E-08
 8.092E-09  1.04207197221766E-08
 8.203E-09  1.06677752130574E-08
 8.315E-09  1.09206879185588E-08
 8.428E-09  1.11795967019852E-08
 8.543E-09  1.14446437188205E-08
 8.660E-09  1.17159744947788E-08
 8.778E-09  1.19937380057053E-08
 8.898E-09  1.22780867593721E-08
 9.019E-09  1.25691768792142E-08
 9.142E-09  1.28671681900487E-08
 9.267E-09  1.31722243058271E-08
 9.394E-09  1.34845127194685E-08
 9.522E-09  1.38042048948229E-08
 9.652E-09  1.41314763608132E-08
 9.784E-09  1.44665068078095E-08
 9.917E-09  1.48094801862898E-08
 1.005E-08  1.51605848078381E-08
 1.019E-08  1.55200134485383E-08
 1.033E-08  1.58879634548162E-08
 1.047E-08  1.62646368517961E-08
 1.061E-08  1.66502404542223E-08
 1.076E-08  1.70449859800096E-08
 1.090E-08  1.74490901664916E-08
 1.105E-08  1.78627748894170E-08
 1.120E-08  1.82862672847718E-08
 1.136E-08  1.87197998734917E-08
 1.151E-08  1.91636106891258E-08
 1.167E-08  1.96179434085309E-08
 1.183E-08  2.00830474856616E-08
 1.199E-08  2.05591782885348E-08
 1.215E-08  2.10465972394383E-08
 1.232E-08  2.15455719584691E-08
 1.249E-08  2.20563764104689E-08
 1.266E-08  2.25792910554405E-08
 1.283E-08  2.31146030025439E-08
 1.301E-08  2.36626061677282E-08
 1.318E-08  2.42236014351051E-08
 1.336E-08  2.47978968221570E-08
 1.355E-08  2.53858076488503E-08
 1.373E-08  2.59876567107577E-08
 1.392E-08  2.66037744563006E-08
 1.411E-08  2.72344991681741E-08
 1.430E-08  2.78801771490816E-08
 1.450E-08  2.85411629118796E-08
 1.470E-08  2.92178193742148E-08
 1.490E-08  2.99105180577911E-08
 1.510E-08  3.06196392923512E-08
 1.531E-08  3.13455724244974E-08
 1.551E-08  3.20887160314617E-08
 1.573E-08  3.28494781399481E-08
 1.594E-08  3.36282764501585E-08
 1.616E-08  3.44255385651292E-08
 1.638E-08  3.52417022255094E-08
 1.660E-08  3.60772155499013E-08
 1.683E-08  3.69325372809003E-08
 1.706E-08  3.78081370369705E-08
 1.729E-08  3.87044955702838E-08
 1.753E-08  3.96221050306810E-08
 1.777E-08  4.05614692358846E-08
 1.801E-08  4.15231039481189E-08
 1.826E-08  4.25075371572961E-08
 1.851E-08  4.35153093708981E-08
 1.876E-08  4.45469739107501E-08
 1.901E-08  4.56030972168199E-08
 1.927E-08  4.66842591582202E-08
 1.954E-08  4.77910533515861E-08
 1.980E-08  4.89240874869994E-08
 2.007E-08  5.00839836616417E-08
 2.035E-08  5.12713787213540E-08
 2.063E-08  5.24869246102979E-08
 2.091E-08  5.37312887289052E-08
 2.119E-08  5.50051543003097E-08
 2.148E-08  5.63092207454732E-08
 2.178E-08  5.76442040672021E-08
 2.207E-08  5.90108372432629E-08
 2.237E-08  6.04098706288318E-08
 2.268E-08  6.18420723684610E-08
 2.299E-08  6.33082288178369E-08
 2.330E-08  6.48091449755321E-08
 2.362E-08  6.63456449249745E-08
 2.394E-08  6.79185722869119E-08
 2.427E-08  6.95287906826090E-08
 2.460E-08  7.11771842080056E-08
 2.494E-08  7.28646579191290E-08
 2.528E-08  7.45921383290232E-08
 2.562E-08  7.63605739164284E-08
 2.597E-08  7.81709356465520E-08
 2.633E-08  8.00242175041731E-08
 2.669E-08  8.19214370393880E-08
 2.705E-08  8.38636359262855E-08
 2.742E-08  8.58518805348768E-08
 2.779E-08  8.78872625165843E-08
 2.817E-08  8.99708994036003E-08
 2.856E-08  9.21039352224743E-08
 2.895E-08  9.42875411222304E-08
 2.934E-08  9.65229160173719E-08
 2.974E-08  9.88112872461523E-08
 3.015E-08  1.01153911244435E-07
 3.056E-08  1.03552074235524E-07
 3.098E-08  1.06007092936379E-07
 3.140E-08  1.08520315280529E-07
 3.183E-08  1.11093121158154E-07
 3.227E-08  1.13726923173710E-07
 3.271E-08  1.16423167421502E-07
 3.315E-08  1.19183334279665E-07
 3.361E-08  1.22008939222945E-07
 3.406E-08  1.24901533654767E-07
 3.453E-08  1.27862705759016E-07
 3.500E-08  1.30894081372015E-07
 3.548E-08  1.33997324875193E-07
 3.596E-08  1.37174140108889E-07
 3.645E-08  1.40426271307828E-07
 3.695E-08  1.43755504058791E-07
 3.746E-08  1.47163666280973E-07
 3.797E-08  1.50652629229570E-07
 3.849E-08  1.54224308523207E-07
 3.901E-08  1.57880665195667E-07
 3.954E-08  1.61623706772574E-07
 4.008E-08  1.65455488373637E-07
 4.063E-08  1.69378113840954E-07
 4.119E-08  1.73393736894130E-07
 4.175E-08  1.77504562312755E-07
 4.232E-08  1.81712847146907E-07
 4.290E-08  1.86020901956355E-07
 4.348E-08  1.90431092079168E-07
 4.408E-08  1.94945838930354E-07
 4.468E-08  1.99567621331331E-07
 4.529E-08  2.04298976870871E-07
 4.591E-08  2.09142503298346E-07
 4.653E-08  2.14100859950013E-07
 4.717E-08  2.19176769209048E-07
 4.781E-08  2.24373018000243E-07
 4.846E-08  2.29692459320157E-07
 4.913E-08  2.35138013803509E-07
 4.980E-08  2.40712671326691E-07
 5.048E-08  2.46419492649323E-07
 5.117E-08  2.52261611094741E-07
 5.186E-08  2.58242234270303E-07
 5.257E-08  2.64364645828409E-07
 5.329E-08  2.70632207269443E-07
 5.402E-08  2.77048359787302E-07
 5.475E-08  2.83616626158707E-07
 5.550E-08  2.90340612677369E-07
 5.626E-08  2.97224011133948E-07
 5.703E-08  3.04270600842969E-07
 5.781E-08  3.11484250717762E-07
 5.860E-08  3.18868921394691E-07
 5.940E-08  3.26428667407602E-07
 6.021E-08  3.34167639413921E-07
 6.103E-08  3.42090086473510E-07
 6.186E-08  3.50200358381486E-07
 6.271E-08  3.58502908056433E-07
 6.356E-08  3.67002293985187E-07
 6.443E-08  3.75703182725568E-07
 6.531E-08  3.84610351468455E-07
 6.620E-08  3.93728690660620E-07
 6.711E-08  4.03063206689715E-07
 6.802E-08  4.12619024632940E-07
 6.895E-08  4.22401391070806E-07
 6.989E-08  4.32415676967701E-07
 7.085E-08  4.42667380620689E-07
 7.181E-08  4.53162130678205E-07
 7.279E-08  4.63905689230328E-07
 7.379E-08  4.74903954972337E-07
 7.479E-08  4.86162966443264E-07
 7.582E-08  4.97688905341115E-07
 7.685E-08  5.09488099916897E-07
 7.790E-08  5.21567028448923E-07
 7.896E-08  5.33932322799491E-07
 8.004E-08  5.46590772056026E-07
 8.113E-08  5.59549326258355E-07
 8.224E-08  5.72815100214513E-07
 8.336E-08  5.86395377406899E-07
 8.450E-08  6.00297613990987E-07
 8.566E-08  6.14529442889072E-07
 8.683E-08  6.29098677980766E-07
 8.801E-08  6.44013318392988E-07
 8.921E-08  6.59281552891697E-07
 9.043E-08  6.74911764377662E-07
 9.167E-08  6.90912534488822E-07
 9.292E-08  7.07292648311672E-07
 9.419E-08  7.24061099204596E-07
 9.547E-08  7.41227093735250E-07
 9.677E-08  7.58800056735110E-07
 9.810E-08  7.76789636473966E-07
 9.944E-08  7.95205709956788E-07
 1.008E-07  8.14058388346513E-07
 1.022E-07  8.33358022515124E-07
 1.036E-07  8.53115208726417E-07
 1.050E-07  8.73340794453522E-07
 1.064E-07  8.94045884334256E-07
 1.079E-07  9.15241846267740E-07
 1.093E-07  9.36940317655444E-07
 1.108E-07  9.59153211790263E-07
 1.123E-07  9.81892724397002E-07
 1.139E-07  1.00517134032803E-06
 1.154E-07  1.02900184041742E-06
 1.170E-07  1.05339730849783E-06
 1.186E-07  1.07837113858363E-06
 1.202E-07  1.10393704222412E-06
 1.219E-07  1.13010905603149E-06
 1.235E-07  1.15690154938680E-06
 1.252E-07  1.18432923232894E-06
 1.269E-07  1.21240716363039E-06
 1.287E-07  1.24115075906454E-06
 1.304E-07  1.27057579986913E-06
 1.322E-07  1.30069844140994E-06
 1.340E-07  1.33153522205017E-06
 1.358E-07  1.36310307223003E-06
 1.377E-07  1.39541932376154E-06
 1.396E-07  1.42850171934357E-06
 1.415E-07  1.46236842230256E-06
 1.434E-07  1.49703802656416E-06
 1.454E-07  1.53252956686120E-06
 1.473E-07  1.56886252918351E-06
 1.494E-07  1.60605686147580E-06
 1.514E-07  1.64413298458885E-06
 1.535E-07  1.68311180349036E-06
 1.556E-07  1.72301471874160E-06
 1.577E-07  1.76386363824606E-06
 1.598E-07  1.80568098927682E-06
 1.620E-07  1.84848973078863E-06
 1.642E-07  1.89231336602225E-06
 1.665E-07  1.93717595540733E-06
 1.687E-07  1.98310212977119E-06
 1.710E-07  2.03011710386076E-06
 1.734E-07  2.07824669018515E-06
 1.757E-07  2.12751731318619E-06
 1.781E-07  2.17795602374491E-06
 1.806E-07  2.22959051403201E-06
 1.830E-07  2.28244913271030E-06
 1.855E-07  2.33656090049723E-06
 1.881E-07  2.39195552609698E-06
 1.906E-07  2.44866342250967E-06
 1.932E-07  2.50671572372695E-06
 1.959E-07  2.56614430182450E-06
 1.986E-07  2.62698178445820E-06
 2.013E-07  2.68926157277612E-06
 2.040E-07  2.75301785975482E-06
 2.068E-07  2.81828564896988E-06
 2.096E-07  2.88510077381201E-06
 2.125E-07  2.95349991715832E-06
 2.154E-07  3.02352063150982E-06
 2.183E-07  3.09520135960663E-06
 2.213E-07  3.16858145553147E-06
 2.243E-07  3.24370120631328E-06
 2.274E-07  3.32060185404349E-06
 2.305E-07  3.39932561851610E-06
 2.336E-07  3.47991572040469E-06
 2.368E-07  3.56241640498867E-06
 2.401E-07  3.64687296644155E-06
 2.433E-07  3.73333177269540E-06
 2.467E-07  3.82184029089510E-06
 2.500E-07  3.91244711345520E-06
 2.534E-07  4.00520198473401E-06
 2.569E-07  4.10015582834140E-06
 2.604E-07  4.19736077509322E-06
 2.640E-07  4.29687019162738E-06
 2.676E-07  4.39873870969964E-06
 2.712E-07  4.50302225617344E-06
 2.749E-07  4.60977808371967E-06
 2.787E-07  4.71906480224522E-06
 2.825E-07  4.83094241106629E-06
 2.863E-07  4.94547233184352E-06
 2.903E-07  5.06271744229897E-06
 2.942E-07  5.18274211073121E-06
 2.982E-07  5.30561223134909E-06
 3.023E-07  5.43139526044279E-06
 3.064E-07  5.56016025341296E-06
 3.106E-07  5.69197790267618E-06
 3.149E-07  5.82692057646918E-06
 3.192E-07  5.96506235857462E-06
 3.235E-07  6.10647908898616E-06
 3.279E-07  6.25124840553827E-06
 3.324E-07  6.39944978652297E-06
 3.369E-07  6.55116459431628E-06
 3.415E-07  6.70647612003938E-06
 3.462E-07  6.86546962927716E-06
 3.509E-07  7.02823240888163E-06
 3.557E-07  7.19485381488399E-06
 3.606E-07  7.36542532154169E-06
 3.655E-07  7.54004057154978E-06
 3.705E-07  7.71879542744089E-06
 3.756E-07  7.90178802420263E-06
 3.807E-07  8.08911882314524E-06
 3.859E-07  8.28089066704258E-06
 3.911E-07  8.47720883658150E-06
 3.965E-07  8.67818110815044E-06
 4.019E-07  8.88391781299409E-06
 4.074E-07  9.09453189777375E-06
 4.129E-07  9.31013898656121E-06
 4.186E-07  9.53085744430172E-06
 4.243E-07  9.75680844178244E-06
 4.301E-07  9.98811602213888E-06
 4.360E-07  1.02249071689394E-05
 4.419E-07  1.04673118758814E-05
 4.479E-07  1.07154632181400E-05
 4.541E-07  1.09694974254099E-05
 4.603E-07  1.12295539566749E-05
 4.665E-07  1.14957755767508E-05
 4.729E-07  1.17683084346428E-05
 4.794E-07  1.20473021437600E-05
 4.859E-07  1.23329098640297E-05
 4.926E-07  1.26252883859594E-05
 4.993E-07  1.29245982166899E-05
 5.061E-07  1.32310036680874E-05
 5.130E-07  1.35446729469235E-05
 5.200E-07  1.38657782471959E-05
 5.271E-07  1.41944958446298E-05
 5.343E-07  1.45310061934247E-05
 5.416E-07  1.48754940252929E-05
 5.490E-07  1.52281484508426E-05
 5.565E-07  1.55891630633660E-05
 5.641E-07  1.59587360450871E-05
 5.718E-07  1.63370702759246E-05
 5.796E-07  1.67243734448343E-05
 5.875E-07  1.71208581637911E-05
 5.955E-07  1.75267420844708E-05
 6.037E-07  1.79422480176948E-05
 6.119E-07  1.83676040557099E-05
 6.202E-07  1.88030436973617E-05
 6.287E-07  1.92488059762354E-05
 6.373E-07  1.97051355918350E-05
 6.460E-07  2.01722830438684E-05
 6.548E-07  2.06505047697150E-05
 6.638E-07  2.11400632851526E-05
 6.728E-07  2.16412273284178E-05
 6.820E-07  2.21542720076781E-05
 6.913E-07  2.26794789520029E-05
 7.008E-07  2.32171364659051E-05
 7.103E-07  2.37675396875538E-05
 7.200E-07  2.43309907507280E-05
 7.298E-07  2.49077989506088E-05
 7.398E-07  2.54982809135060E-05
 7.499E-07  2.61027607706000E-05
 7.602E-07  2.67215703358003E-05
 7.705E-07  2.73550492878222E-05
 7.811E-07  2.80035453565777E-05
 7.917E-07  2.86674145139783E-05
 8.025E-07  2.93470211692622E-05
 8.135E-07  3.00427383689471E-05
 8.246E-07  3.07549480015231E-05
 8.358E-07  3.14840410069936E-05
 8.473E-07  3.22304175913826E-05
 8.588E-07  3.29944874463204E-05
 8.705E-07  3.37766699738357E-05
 8.824E-07  3.45773945164726E-05
 8.945E-07  3.53971005928591E-05
 9.067E-07  3.62362381388548E-05
 9.191E-07  3.70952677544180E-05
 9.316E-07  3.79746609563116E-05
 9.443E-07  3.88749004368030E-05
 9.572E-07  3.97964803284939E-05
 9.703E-07  4.07399064754176E-05
 9.835E-07  4.17056967105647E-05
 9.970E-07  4.26943811399778E-05
 1.011E-06  4.37065024335852E-05
 1.024E-06  4.47426161229122E-05
 1.038E-06  4.58032909058576E-05
 1.053E-06  4.68891089586785E-05
 1.067E-06  4.80006662553750E-05
 1.081E-06  4.91385728946361E-05
 1.096E-06  5.03034534345276E-05
 1.111E-06  5.14959472351195E-05
 1.126E-06  5.27167088092129E-05
 1.142E-06  5.39664081813896E-05
 1.157E-06  5.52457312555534E-05
 1.173E-06  5.65553801911954E-05
 1.189E-06  5.78960737885511E-05
 1.205E-06  5.92685478828887E-05
 1.222E-06  6.06735557481520E-05
 1.239E-06  6.21118685101338E-05
 1.255E-06  6.35842755694581E-05
 1.273E-06  6.50915850345730E-05
 1.290E-06  6.66346241650021E-05
 1.308E-06  6.82142398250909E-05
 1.325E-06  6.98312989484999E-05
 1.344E-06  7.14866890137029E-05
 1.362E-06  7.31813185307340E-05
 1.380E-06  7.49161175394811E-05
 1.399E-06  7.66920381197711E-05
 1.418E-06  7.85100549135310E-05
 1.438E-06  8.03711656593222E-05
 1.457E-06  8.22763917395246E-05
 1.477E-06  8.42267787404917E-05
 1.497E-06  8.62233970259645E-05
 1.518E-06  8.82673423240517E-05
 1.539E-06  9.03597363281327E-05
 1.560E-06  9.25017273119768E-05
 1.581E-06  9.46944907594271E-05
 1.603E-06  9.69392300090043E-05
 1.624E-06  9.92371769137502E-05
 1.647E-06  1.01589592516731E-04
 1.669E-06  1.03997767742513E-04
 1.692E-06  1.06463024105002E-04
 1.715E-06  1.08986714432074E-04
 1.738E-06  1.11570223607323E-04
 1.762E-06  1.14214969329401E-04
 1.786E-06  1.16922402889334E-04
 1.811E-06  1.19694009966210E-04
 1.835E-06  1.22531311441754E-04
 1.860E-06  1.25435864234144E-04
 1.886E-06  1.28409262151595E-04
 1.911E-06  1.31453136766120E-04
 1.938E-06  1.34569158308020E-04
 1.964E-06  1.37759036581524E-04
 1.991E-06  1.41024521902076E-04
 2.018E-06  1.44367406055858E-04
 2.046E-06  1.47789523282018E-04
 2.073E-06  1.51292751278109E-04
 2.102E-06  1.54879012229365E-04
 2.130E-06  1.58550273862324E-04
 2.160E-06  1.62308550523405E-04
 2.189E-06  1.66155904282994E-04
 2.219E-06  1.70094446065652E-04
 2.249E-06  1.74126336807121E-04
 2.280E-06  1.78253788638652E-04
 2.311E-06  1.82479066099407E-04
 2.343E-06  1.86804487377545E-04
 2.375E-06  1.91232425580630E-04
 2.407E-06  1.95765310036193E-04
 2.440E-06  2.00405627622998E-04
 2.473E-06  2.05155924133808E-04
 2.507E-06  2.10018805670469E-04
 2.541E-06  2.14996940071932E-04
 2.576E-06  2.20093058376088E-04
 2.611E-06  2.25309956316198E-04
 2.647E-06  2.30650495852730E-04
 2.683E-06  2.36117606741433E-04
 2.719E-06  2.41714288138485E-04
 2.757E-06  2.47443610243689E-04
 2.794E-06  2.53308715982462E-04
 2.832E-06  2.59312822727625E-04
 2.871E-06  2.65459224062004E-04
 2.910E-06  2.71751291582631E-04
 2.950E-06  2.78192476747656E-04
 2.990E-06  2.84786312766974E-04
 3.031E-06  2.91536416537538E-04
 3.072E-06  2.98446490624433E-04
 3.114E-06  3.05520325288881E-04
 3.157E-06  3.12761800564107E-04
 3.200E-06  3.20174888380383E-04
 3.244E-06  3.27763654740295E-04
 3.288E-06  3.35532261945412E-04
 3.333E-06  3.43484970875714E-04
 3.378E-06  3.51626143322855E-04
 3.424E-06  3.59960244378519E-04
 3.471E-06  3.68491844879420E-04
 3.519E-06  3.77225623910009E-04
 3.567E-06  3.86166371364390E-04
 3.615E-06  3.95318990568698E-04
 3.665E-06  4.04688500965657E-04
 3.715E-06  4.14280040862526E-04
 3.765E-06  4.24098870243859E-04
 3.817E-06  4.34150373651022E-04
 3.869E-06  4.44440063129590E-04
 3.922E-06  4.54973581246472E-04
 3.975E-06  4.65756704178323E-04
 4.030E-06  4.76795344872962E-04
 4.085E-06  4.88095556285581E-04
 4.140E-06  4.99663534691285E-04
 4.197E-06  5.11505623076039E-04
 4.254E-06  5.23628314607727E-04
 4.312E-06  5.36038256189141E-04
 4.371E-06  5.48742252095057E-04
 4.431E-06  5.61747267695180E-04
 4.491E-06  5.75060433265000E-04
 4.553E-06  5.88689047886803E-04
 4.615E-06  6.02640583442712E-04
 4.678E-06  6.16922688702158E-04
 4.742E-06  6.31543193505900E-04
 4.806E-06  6.46510113048726E-04
 4.872E-06  6.61831652263525E-04
 4.938E-06  6.77516210308798E-04
 5.006E-06  6.93572385162158E-04
 5.074E-06  7.10008978322256E-04
 5.144E-06  7.26834999621860E-04
 5.214E-06  7.44059672154516E-04
 5.285E-06  7.61692437317551E-04
 5.357E-06  7.79742959974120E-04
 5.430E-06  7.98221133737220E-04
 5.504E-06  8.17137086378278E-04
 5.579E-06  8.36501185363635E-04
 5.656E-06  8.56324043521560E-04
 5.733E-06  8.76616524843026E-04
 5.811E-06  8.97389750419605E-04
 5.890E-06  9.18655104521195E-04
 5.971E-06  9.40424240817426E-04
 6.052E-06  9.62709088745766E-04
 6.135E-06  9.85521860029963E-04
 6.219E-06  1.00887505535221E-03
 6.304E-06  1.03278147118278E-03
 6.390E-06  1.05725420677080E-03
 6.477E-06  1.08230667129985E-03
 6.565E-06  1.10795259121259E-03
 6.655E-06  1.13420601770781E-03
 6.746E-06  1.16108133441454E-03
 6.838E-06  1.18859326524723E-03
 6.931E-06  1.21675688244581E-03
 7.026E-06  1.24558761480570E-03
 7.122E-06  1.27510125610172E-03
 7.219E-06  1.30531397371063E-03
 7.318E-06  1.33624231743693E-03
 7.418E-06  1.36790322854665E-03
 7.519E-06  1.40031404901447E-03
 7.622E-06  1.43349253098808E-03
 7.726E-06  1.46745684647627E-03
 7.831E-06  1.50222559726492E-03
 7.938E-06  1.53781782506693E-03
 8.046E-06  1.57425302191102E-03
 8.156E-06  1.61155114077542E-03
 8.268E-06  1.64973260647232E-03
 8.380E-06  1.68881832678803E-03
 8.495E-06  1.72882970388648E-03
 8.611E-06  1.76978864598045E-03
 8.728E-06  1.81171757927797E-03
 8.848E-06  1.85463946021019E-03
 8.968E-06  1.89857778794705E-03
 9.091E-06  1.94355661720739E-03
 9.215E-06  1.98960057137085E-03
 9.341E-06  2.03673485589837E-03
 9.468E-06  2.08498527206858E-03
 9.597E-06  2.13437823103724E-03
 9.729E-06  2.18494076822777E-03
 9.861E-06  2.23670055806034E-03
 9.996E-06  2.28968592902732E-03
 1.013E-05  2.34392587912352E-03
 1.027E-05  2.39945009163937E-03
 1.041E-05  2.45628895132529E-03
 1.055E-05  2.51447356093634E-03
 1.070E-05  2.57403575816629E-03
 1.084E-05  2.63500813297905E-03
 1.099E-05  2.69742404534823E-03
 1.114E-05  2.76131764341323E-03
 1.129E-05  2.82672388206210E-03
 1.145E-05  2.89367854195126E-03
 1.160E-05  2.96221824897219E-03
 1.176E-05  3.03238049417507E-03
 1.192E-05  3.10420365416077E-03
 1.209E-05  3.17772701195199E-03
 1.225E-05  3.25299077835386E-03
 1.242E-05  3.33003611381699E-03
 1.259E-05  3.40890515081308E-03
 1.276E-05  3.48964101673634E-03
 1.293E-05  3.57228785734204E-03
 1.311E-05  3.65689086073573E-03
 1.329E-05  3.74349628192489E-03
 1.347E-05  3.83215146794652E-03
 1.365E-05  3.92290488358471E-03
 1.384E-05  4.01580613769110E-03
 1.403E-05  4.11090601012242E-03
 1.422E-05  4.20825647931042E-03
 1.442E-05  4.30791075047736E-03
 1.461E-05  4.40992328451328E-03
 1.481E-05  4.51434982753024E-03
 1.501E-05  4.62124744110861E-03
 1.522E-05  4.73067453325274E-03
 1.543E-05  4.84269089007133E-03
 1.564E-05  4.95735770819999E-03
 1.585E-05  5.07473762798289E-03
 1.607E-05  5.19489476743163E-03
 1.629E-05  5.31789475697908E-03
 1.651E-05  5.44380477504683E-03
 1.673E-05  5.57269358444398E-03
 1.696E-05  5.70463156961916E-03
 1.719E-05  5.83969077478305E-03
 1.743E-05  5.97794494292239E-03
 1.767E-05  6.11946955572755E-03
 1.791E-05  6.26434187445179E-03
 1.815E-05  6.41264098172697E-03
 1.840E-05  6.56444782435674E-03
 1.865E-05  6.71984525710862E-03
 1.891E-05  6.87891808752980E-03
 1.916E-05  7.04175312180955E-03
 1.943E-05  7.20843921171303E-03
 1.969E-05  7.37906730261034E-03
 1.996E-05  7.55373048262647E-03
 2.023E-05  7.73252403293970E-03
 2.051E-05  7.91554547925160E-03
 2.079E-05  8.10289464445912E-03
 2.107E-05  8.29467370255505E-03
 2.136E-05  8.49098723378415E-03
 2.165E-05  8.69194228108588E-03
 2.195E-05  8.89764840785295E-03
 2.225E-05  9.10821775703456E-03
 2.255E-05  9.32376511161683E-03
 2.286E-05  9.54440795651319E-03
 2.317E-05  9.77026654189196E-03
 2.349E-05  1.00014639479834E-02
 2.381E-05  1.02381261513897E-02
 2.413E-05  1.04803820929407E-02
 2.446E-05  1.07283637471275E-02
 2.480E-05  1.09822061931491E-02
 2.514E-05  1.12420476876133E-02
 2.548E-05  1.15080297389237E-02
 2.583E-05  1.17802971833974E-02
 2.618E-05  1.20589982631510E-02
 2.654E-05  1.23442847057925E-02
 2.690E-05  1.26363118059662E-02
 2.727E-05  1.29352385087866E-02
 2.764E-05  1.32412274952113E-02
 2.802E-05  1.35544452693926E-02
 2.840E-05  1.38750622480522E-02
 2.879E-05  1.42032528519317E-02
 2.918E-05  1.45391955993579E-02
 2.958E-05  1.48830732019777E-02
 2.998E-05  1.52350726627087E-02
 3.039E-05  1.55953853759587E-02
 3.080E-05  1.59642072301623E-02
 3.123E-05  1.63417387126893E-02
 3.165E-05  1.67281850171816E-02
 3.208E-05  1.71237561533691E-02
 3.252E-05  1.75286670594218E-02
 3.297E-05  1.79431377169014E-02
 3.342E-05  1.83673932683630E-02
 3.387E-05  1.88016641376736E-02
 3.433E-05  1.92461861531061E-02
 3.480E-05  1.97012006732717E-02
 3.528E-05  2.01669547159563E-02
 3.576E-05  2.06437010899273E-02
 3.625E-05  2.11316985297743E-02
 3.674E-05  2.16312118338558E-02
 3.724E-05  2.21425120054236E-02
 3.775E-05  2.26658763969890E-02
 3.827E-05  2.32015888580154E-02
 3.879E-05  2.37499398860003E-02
 3.932E-05  2.43112267810323E-02
 3.986E-05  2.48857538038989E-02
 4.040E-05  2.54738323378196E-02
 4.095E-05  2.60757810538969E-02
 4.151E-05  2.66919260803539E-02
 4.208E-05  2.73226011756580E-02
 4.265E-05  2.79681479056135E-02
 4.324E-05  2.86289158245010E-02
 4.383E-05  2.93052626603733E-02
 4.442E-05  2.99975545045853E-02
 4.503E-05  3.07061660056591E-02
 4.565E-05  3.14314805675829E-02
 4.627E-05  3.21738905526359E-02
 4.690E-05  3.29337974888485E-02
 4.754E-05  3.37116122821952E-02
 4.819E-05  3.45077554336239E-02
 4.885E-05  3.53226572610393E-02
 4.951E-05  3.61567581263406E-02
 5.019E-05  3.70105086676220E-02
 5.088E-05  3.78843700366682E-02
 5.157E-05  3.87788141418474E-02
 5.227E-05  3.96943238965209E-02
 5.299E-05  4.06313934730990E-02
 5.371E-05  4.15905285628638E-02
 5.445E-05  4.25722466416881E-02
 5.519E-05  4.35770772417722E-02
 5.594E-05  4.46055622295488E-02
 5.671E-05  4.56582560898726E-02
 5.748E-05  4.67357262166352E-02
 5.826E-05  4.78385532099699E-02
 5.906E-05  4.89673311801524E-02
 5.987E-05  5.01226680583738E-02
 6.068E-05  5.13051859145239E-02
 6.151E-05  5.25155212821423E-02
 6.235E-05  5.37543254906924E-02
 6.320E-05  5.50222650053071E-02
 6.407E-05  5.63200217741868E-02
 6.494E-05  5.76482935838125E-02
 6.583E-05  5.90077944221209E-02
 6.673E-05  6.03992548498450E-02
 6.764E-05  6.18234223801865E-02
 6.856E-05  6.32810618669730E-02
 6.950E-05  6.47729559015372E-02
 7.045E-05  6.62999052184597E-02
 7.141E-05  6.78627291103680E-02
 7.238E-05  6.94622658520229E-02
 7.337E-05  7.10993731338621E-02
 7.437E-05  7.27749285051902E-02
 7.539E-05  7.44898298272623E-02
 7.642E-05  7.62449957364481E-02
 7.746E-05  7.80413661176691E-02
 7.852E-05  7.98799025883808E-02
 7.959E-05  8.17615889932735E-02
 8.068E-05  8.36874319099442E-02
 8.178E-05  8.56584611657791E-02
 8.289E-05  8.76757303662415E-02
 8.403E-05  8.97403174348663E-02
 8.517E-05  9.18533251651476E-02
 8.634E-05  9.40158817846068E-02
 8.751E-05  9.62291415313025E-02
 8.871E-05  9.84942852429961E-02
 8.992E-05  1.00812520959276E-01
 9.115E-05  1.03185084536916E-01
 9.239E-05  1.05613240278709E-01
 9.365E-05  1.08098281576067E-01
 9.493E-05  1.10641531565703E-01
 9.623E-05  1.13244343800643E-01
 9.754E-05  1.15908102935877E-01
 9.887E-05  1.18634225428965E-01
 1.002E-04  1.21424160255882E-01
 1.016E-04  1.24279389642420E-01
 1.030E-04  1.27201429811481E-01
 1.044E-04  1.30191831746555E-01
 1.058E-04  1.33252181971746E-01
 1.073E-04  1.36384103348626E-01
 1.087E-04  1.39589255890321E-01
 1.102E-04  1.42869337593146E-01
 1.117E-04  1.46226085286108E-01
 1.132E-04  1.49661275498708E-01
 1.148E-04  1.53176725347331E-01
 1.163E-04  1.56774293440636E-01
 1.179E-04  1.60455880804330E-01
 1.195E-04  1.64223431825675E-01
 1.212E-04  1.68078935218129E-01
 1.228E-04  1.72024425006535E-01
 1.245E-04  1.76061981533240E-01
 1.262E-04  1.80193732485549E-01
 1.279E-04  1.84421853944951E-01
 1.297E-04  1.88748571458498E-01
 1.314E-04  1.93176161132822E-01
 1.332E-04  1.97706950751161E-01
 1.351E-04  2.02343320913886E-01
 1.369E-04  2.07087706202940E-01
 1.388E-04  2.11942596370665E-01
 1.407E-04  2.16910537553466E-01
 1.426E-04  2.21994133510798E-01
 1.445E-04  2.27196046889921E-01
 1.465E-04  2.32519000516894E-01
 1.485E-04  2.37965778714410E-01
 1.505E-04  2.43539228646741E-01
 1.526E-04  2.49242261692548E-01
 1.547E-04  2.55077854845892E-01
 1.568E-04  2.61049052146015E-01
 1.589E-04  2.67158966136390E-01
 1.611E-04  2.73410779353648E-01
 1.633E-04  2.79807745846801E-01
 1.655E-04  2.86353192727361E-01
 1.678E-04  2.93050521750938E-01
 1.701E-04  2.99903210930759E-01
 1.724E-04  3.06914816183804E-01
 1.748E-04  3.14088973010023E-01
 1.771E-04  3.21429398205277E-01
 1.796E-04  3.28939891608464E-01
 1.820E-04  3.36624337883622E-01
 1.845E-04  3.44486708337357E-01
 1.870E-04  3.52531062772329E-01
 1.896E-04  3.60761551377483E-01
 1.922E-04  3.69182416655352E-01
 1.948E-04  3.77797995387361E-01
 1.974E-04  3.86612720637533E-01
 2.001E-04  3.95631123795251E-01
 2.029E-04  4.04857836657844E-01
 2.056E-04  4.14297593553408E-01
 2.084E-04  4.23955233504705E-01
 2.113E-04  4.33835702434615E-01
 2.142E-04  4.43944055413831E-01
 2.171E-04  4.54285458951552E-01
 2.201E-04  4.64865193329648E-01
 2.231E-04  4.75688654981083E-01
 2.261E-04  4.86761358913057E-01
 2.292E-04  4.98088941175810E-01
 2.323E-04  5.09677161377608E-01
 2.355E-04  5.21531905246307E-01
 2.387E-04  5.33659187238615E-01
 2.420E-04  5.46065153197482E-01
 2.453E-04  5.58756083058084E-01
 2.486E-04  5.71738393603377E-01
 2.520E-04  5.85018641269814E-01
 2.555E-04  5.98603525003589E-01
 2.589E-04  6.12499889168406E-01
 2.625E-04  6.26714726505315E-01
 2.661E-04  6.41255181145034E-01
 2.697E-04  6.56128551673768E-01
 2.734E-04  6.71342294252836E-01
 2.771E-04  6.86904025792824E-01
 2.809E-04  7.02821527183007E-01
 2.847E-04  7.19102746576435E-01
 2.886E-04  7.35755802731399E-01
 2.926E-04  7.52788988409916E-01
 2.965E-04  7.70210773833559E-01
 3.006E-04  7.88029810197544E-01
 3.047E-04  8.06254933243329E-01
 3.089E-04  8.24895166890402E-01
 3.131E-04  8.43959726927693E-01
 3.174E-04  8.63458024765231E-01
 3.217E-04  8.83399671246470E-01
 3.261E-04  9.03794480521443E-01
 3.305E-04  9.24652473981968E-01
 3.350E-04  9.45983884258295E-01
 3.396E-04  9.67799159278335E-01
 3.442E-04  9.90108966389691E-01
 3.489E-04  1.01292419654457E+00
 3.537E-04  1.03625596854813E+00
 3.585E-04  1.06011563337030E+00
 3.634E-04  1.08451477852181E+00
 3.684E-04  1.10946523249383E+00
 3.734E-04  1.13497906926231E+00
 3.785E-04  1.16106861285634E+00
 3.837E-04  1.18774644199094E+00
 3.889E-04  1.21502539476477E+00
 3.942E-04  1.24291857342175E+00
 3.996E-04  1.27143934917751E+00
 4.051E-04  1.30060136710991E+00
 4.106E-04  1.33041855111388E+00
 4.162E-04  1.36090510892017E+00
 4.219E-04  1.39207553717748E+00
 4.277E-04  1.42394462659827E+00
 4.335E-04  1.45652746716731E+00
 4.394E-04  1.48983945341246E+00
 4.454E-04  1.52389628973753E+00
 4.515E-04  1.55871399581634E+00
 4.577E-04  1.59430891204705E+00
 4.639E-04  1.63069770506655E+00
 4.702E-04  1.66789737332340E+00
 4.767E-04  1.70592525270858E+00
 4.832E-04  1.74479902224332E+00
 4.898E-04  1.78453670982231E+00
 4.965E-04  1.82515669801107E+00
 5.032E-04  1.86667772989666E+00
 5.101E-04  1.90911891498944E+00
 5.171E-04  1.95249973517495E+00
 5.241E-04  1.99684005071360E+00
 5.313E-04  2.04216010628670E+00
 5.385E-04  2.08848053708660E+00
 5.459E-04  2.13582237494911E+00
 5.533E-04  2.18420705452537E+00
 5.609E-04  2.23365641949106E+00
 5.686E-04  2.28419272879071E+00
 5.763E-04  2.33583866291359E+00
 5.842E-04  2.38861733019862E+00
 5.922E-04  2.44255227316549E+00
 6.002E-04  2.49766747486845E+00
 6.084E-04  2.55398736526872E+00
 6.167E-04  2.61153682762299E+00
 6.252E-04  2.67034120488359E+00
 6.337E-04  2.73042630610564E+00
 6.423E-04  2.79181841285785E+00
 6.511E-04  2.85454428563232E+00
 6.600E-04  2.91863117024760E+00
 6.690E-04  2.98410680424124E+00
 6.782E-04  3.05099942324612E+00
 6.874E-04  3.11933776734466E+00
 6.968E-04  3.18915108739572E+00
 7.063E-04  3.26046915132772E+00
 7.160E-04  3.33332225039226E+00
 7.257E-04  3.40774120537047E+00
 7.356E-04  3.48375737272651E+00
 7.457E-04  3.56140265070032E+00
 7.559E-04  3.64070948533166E+00
 7.662E-04  3.72171087640819E+00
 7.766E-04  3.80444038332951E+00
 7.872E-04  3.88893213087762E+00
 7.980E-04  3.97522081488572E+00
 8.089E-04  4.06334170779593E+00
 8.199E-04  4.15333066409556E+00
 8.311E-04  4.24522412562299E+00
 8.425E-04  4.33905912673113E+00
 8.540E-04  4.43487329929886E+00
 8.656E-04  4.53270487757900E+00
 8.774E-04  4.63259270286965E+00
 8.894E-04  4.73457622799831E+00
 9.016E-04  4.83869552160523E+00
 9.139E-04  4.94499127221288E+00
 9.264E-04  5.05350479206827E+00
 9.390E-04  5.16427802074285E+00
 9.518E-04  5.27735352847724E+00
 9.648E-04  5.39277451925336E+00
 9.780E-04  5.51058483357984E+00
 9.913E-04  5.63082895097397E+00
 1.005E-03  5.75355199212305E+00
 1.019E-03  5.87879972070786E+00
 1.032E-03  6.00661854487038E+00
 1.047E-03  6.13705551830765E+00
 1.061E-03  6.27015834097151E+00
 1.075E-03  6.40597535935485E+00
 1.090E-03  6.54455556634466E+00
 1.105E-03  6.68594860061992E+00
 1.120E-03  6.83020474557286E+00
 1.135E-03  6.97737492773112E+00
 1.151E-03  7.12751071465806E+00
 1.167E-03  7.28066431230781E+00
 1.182E-03  7.43688856180934E+00
 1.199E-03  7.59623693565559E+00
 1.215E-03  7.75876353327213E+00
 1.232E-03  7.92452307593736E+00
 1.248E-03  8.09357090102792E+00
 1.265E-03  8.26596295556233E+00
 1.283E-03  8.44175578901228E+00
 1.300E-03  8.62100654535309E+00
 1.318E-03  8.80377295432289E+00
 1.336E-03  8.99011332186099E+00
 1.354E-03  9.18008651969075E+00
 1.373E-03  9.37375197401739E+00
 1.391E-03  9.57116965330778E+00
 1.410E-03  9.77240005511451E+00
 1.430E-03  9.97750419191406E+00
 1.449E-03  1.01865435759224E+01
 1.469E-03  1.03995802028495E+01
 1.489E-03  1.06166765345598E+01
 1.509E-03  1.08378954805975E+01
 1.530E-03  1.10633003785416E+01
 1.551E-03  1.12929549731507E+01
 1.572E-03  1.15269233942547E+01
 1.593E-03  1.17652701333601E+01
 1.615E-03  1.20080600189213E+01
 1.637E-03  1.22553581902404E+01
 1.660E-03  1.25072300699513E+01
 1.682E-03  1.27637413350475E+01
 1.705E-03  1.30249578864090E+01
 1.729E-03  1.32909458167843E+01
 1.752E-03  1.35617713771856E+01
 1.776E-03  1.38375009416495E+01
 1.800E-03  1.41182009703219E+01
 1.825E-03  1.44039379708183E+01
 1.850E-03  1.46947784578168E+01
 1.875E-03  1.49907889108368E+01
 1.901E-03  1.52920357301574E+01
 1.927E-03  1.55985851908311E+01
 1.953E-03  1.59105033947434E+01
 1.980E-03  1.62278562206762E+01
 2.007E-03  1.65507092723280E+01
 2.034E-03  1.68791278242427E+01
 2.062E-03  1.72131767656045E+01
 2.090E-03  1.75529205418545E+01
 2.118E-03  1.78984230940815E+01
 2.147E-03  1.82497477961444E+01
 2.177E-03  1.86069573894858E+01
 2.206E-03  1.89701139155888E+01
 2.236E-03  1.93392786460407E+01
 2.267E-03  1.97145120101607E+01
 2.298E-03  2.00958735201527E+01
 2.329E-03  2.04834216937468E+01
 2.361E-03  2.08772139742903E+01
 2.393E-03  2.12773066482554E+01
 2.426E-03  2.16837547601344E+01
 2.459E-03  2.20966120246808E+01
 2.493E-03  2.25159307364820E+01
 2.527E-03  2.29417616768268E+01
 2.561E-03  2.33741540178458E+01
 2.596E-03  2.38131552239095E+01
 2.632E-03  2.42588109502586E+01
 2.668E-03  2.47111649388576E+01
 2.704E-03  2.51702589114590E+01
 2.741E-03  2.56361324598671E+01
 2.778E-03  2.61088229334042E+01
 2.816E-03  2.65883653235762E+01
 2.855E-03  2.70747921459414E+01
 2.894E-03  2.75681333191983E+01
 2.933E-03  2.80684160415008E+01
 2.973E-03  2.85756646640262E+01
 3.014E-03  2.90899005618207E+01
 3.055E-03  2.96111420019533E+01
 3.097E-03  3.01394040090194E+01
 3.139E-03  3.06746982280381E+01
 3.182E-03  3.12170327847934E+01
 3.225E-03  3.17664121436830E+01
 3.269E-03  3.23228369631401E+01
 3.314E-03  3.28863039487014E+01
 3.359E-03  3.34568057038122E+01
 3.405E-03  3.40343305784523E+01
 3.452E-03  3.46188625156937E+01
 3.499E-03  3.52103808962966E+01
 3.546E-03  3.58088603814656E+01
 3.595E-03  3.64142707539048E+01
 3.644E-03  3.70265767573067E+01
 3.694E-03  3.76457379344357E+01
 3.744E-03  3.82717084639709E+01
 3.795E-03  3.89044369962870E+01
 3.847E-03  3.95438664883636E+01
 3.900E-03  4.01899340380307E+01
 3.953E-03  4.08425707177656E+01
 4.007E-03  4.15017014082710E+01
 4.061E-03  4.21672446320859E+01
 4.117E-03  4.28391123874879E+01
 4.173E-03  4.35172099829584E+01
 4.230E-03  4.42014358725116E+01
 4.288E-03  4.48916814921846E+01
 4.346E-03  4.55878310980187E+01
 4.406E-03  4.62897616058717E+01
 4.466E-03  4.69973424334163E+01
 4.527E-03  4.77104353447014E+01
 4.589E-03  4.84288942976679E+01
 4.651E-03  4.91525652950279E+01
 4.715E-03  4.98812862389361E+01
 4.779E-03  5.06148867899052E+01
 4.844E-03  5.13531882304212E+01
 4.911E-03  5.20960033337489E+01
 4.978E-03  5.28431362384315E+01
 5.046E-03  5.35943823289986E+01
 5.114E-03  5.43495281234305E+01
 5.184E-03  5.51083511679384E+01
 5.255E-03  5.58706199396268E+01
 5.327E-03  5.66360937576511E+01
 5.400E-03  5.74045227034779E+01
 5.473E-03  5.81756475508768E+01
 5.548E-03  5.89491997063020E+01
 5.624E-03  5.97249011603291E+01
 5.700E-03  6.05024644508346E+01
 5.778E-03  6.12815926386170E+01
 5.857E-03  6.20619792961760E+01
 5.937E-03  6.28433085103873E+01
 6.018E-03  6.36252548998154E+01
 6.100E-03  6.44074836474227E+01
 6.184E-03  6.51896505494483E+01
 6.268E-03  6.59714020812378E+01
 6.354E-03  6.67523754808179E+01
 6.440E-03  6.75321988510096E+01
 6.528E-03  6.83104912808884E+01
 6.617E-03  6.90868629874090E+01
 6.708E-03  6.98609154779950E+01
 6.799E-03  7.06322417349173E+01
 6.892E-03  7.14004264222755E+01
 6.986E-03  7.21650461163812E+01
 7.082E-03  7.29256695603607E+01
 7.178E-03  7.36818579437615E+01
 7.276E-03  7.44331652079516E+01
 7.376E-03  7.51791383780809E+01
 7.476E-03  7.59193179223535E+01
 7.578E-03  7.66532381393453E+01
 7.682E-03  7.73804275740725E+01
 7.787E-03  7.81004094634932E+01
 7.893E-03  7.88127022120842E+01
 8.001E-03  7.95168198981106E+01
 8.110E-03  8.02122728111580E+01
 8.221E-03  8.08985680214552E+01
 8.333E-03  8.15752099814698E+01
 8.447E-03  8.22417011601971E+01
 8.562E-03  8.28975427105189E+01
 8.679E-03  8.35422351699264E+01
 8.798E-03  8.41752791948524E+01
 8.918E-03  8.47961763287725E+01
 9.039E-03  8.54044298041558E+01
 9.163E-03  8.59995453782670E+01
 9.288E-03  8.65810322027273E+01
 9.415E-03  8.71484037266449E+01
 9.543E-03  8.77011786330223E+01
 9.674E-03  8.82388818080499E+01
 9.806E-03  8.87610453427609E+01
 9.940E-03  8.92672095664206E+01
 1.008E-02  8.97569241108915E+01
 1.021E-02  9.02297490050786E+01
 1.035E-02  9.06852557984219E+01
 1.049E-02  9.11230287122626E+01
 1.064E-02  9.15426658177579E+01
 1.078E-02  9.19437802388573E+01
 1.093E-02  9.23260013786966E+01
 1.108E-02  9.26889761675985E+01
 1.123E-02  9.30323703306939E+01
 1.138E-02  9.33558696729988E+01
 1.154E-02  9.36591813796037E+01
 1.170E-02  9.39420353284383E+01
 1.186E-02  9.42041854128971E+01
 1.202E-02  9.44454108713992E+01
 1.218E-02  9.46655176207717E+01
 1.235E-02  9.48643395901449E+01
 1.252E-02  9.50417400518388E+01
 1.269E-02  9.51976129455243E+01
 1.286E-02  9.53318841917400E+01
 1.304E-02  9.54445129906333E+01
 1.321E-02  9.55354931016048E+01
 1.339E-02  9.56048540993281E+01
 1.358E-02  9.56526626014169E+01
 1.376E-02  9.56790234628286E+01
 1.395E-02  9.56840809318937E+01
 1.414E-02  9.56680197626866E+01
 1.433E-02  9.56310662782742E+01
 1.453E-02  9.55734893792135E+01
 1.473E-02  9.54956014915124E+01
 1.493E-02  9.53977594481250E+01
 1.513E-02  9.52803652979159E+01
 1.534E-02  9.51438670359098E+01
 1.555E-02  9.49887592485441E+01
 1.576E-02  9.48155836675495E+01
 1.598E-02  9.46249296260199E+01
 1.619E-02  9.44174344101834E+01
 1.642E-02  9.41937835003640E+01
 1.664E-02  9.39547106946159E+01
 1.687E-02  9.37009981085410E+01
 1.710E-02  9.34334760448498E+01
 1.733E-02  9.31530227262967E+01
 1.757E-02  9.28605638857443E+01
 1.781E-02  9.25570722072381E+01
 1.805E-02  9.22435666121512E+01
 1.830E-02  9.19211113846770E+01
 1.855E-02  9.15908151311760E+01
 1.880E-02  9.12538295681852E+01
 1.906E-02  9.09113481342072E+01
 1.932E-02  9.05646044207688E+01
 1.958E-02  9.02148704186398E+01
 1.985E-02  8.98634545755503E+01
 2.012E-02  8.95116996622403E+01
 2.039E-02  8.91609804442092E+01
 2.067E-02  8.88127011571120E+01
 2.095E-02  8.84682927843780E+01
 2.124E-02  8.81292101362982E+01
 2.153E-02  8.77969287305442E+01
 2.182E-02  8.74729414748458E+01
 2.212E-02  8.71587551533555E+01
 2.242E-02  8.68558867190866E+01
 2.273E-02  8.65658593956964E+01
 2.304E-02  8.62901985928254E+01
 2.335E-02  8.60304276401753E+01
 2.367E-02  8.57880633465195E+01
 2.400E-02  8.55646113908841E+01
 2.432E-02  8.53615615542221E+01
 2.466E-02  8.51803828010047E+01
 2.499E-02  8.50225182212879E+01
 2.533E-02  8.48893798449750E+01
 2.568E-02  8.47823433411597E+01
 2.603E-02  8.47027426166313E+01
 2.639E-02  8.46518643288055E+01
 2.675E-02  8.46309423295581E+01
 2.711E-02  8.46411520576218E+01
 2.748E-02  8.46836048983944E+01
 2.786E-02  8.47593425311844E+01
 2.824E-02  8.48693312850580E+01
 2.862E-02  8.50144565255775E+01
 2.901E-02  8.51955170958003E+01
 2.941E-02  8.54132198359393E+01
 2.981E-02  8.56681742070795E+01
 3.022E-02  8.59608870452523E+01
 3.063E-02  8.62917574730322E+01
 3.105E-02  8.66610719965855E+01
 3.147E-02  8.70689998167839E+01
 3.190E-02  8.75155883835825E+01
 3.234E-02  8.80007592233400E+01
 3.278E-02  8.85243040691177E+01
 3.323E-02  8.90858813242339E+01
 3.368E-02  8.96850128894464E+01
 3.414E-02  9.03210813840981E+01
 3.461E-02  9.09933277913567E+01
 3.508E-02  9.17008495573295E+01
 3.556E-02  9.24425991732971E+01
 3.604E-02  9.32173832696096E+01
 3.654E-02  9.40238622488933E+01
 3.703E-02  9.48605504851285E+01
 3.754E-02  9.57258171138800E+01
 3.805E-02  9.66178874374689E+01
 3.857E-02  9.75348449671792E+01
 3.910E-02  9.84746341226815E+01
 3.963E-02  9.94350636067294E+01
 4.017E-02  1.00413810470844E+02
 4.072E-02  1.01408424885133E+02
 4.128E-02  1.02416335622627E+02
 4.184E-02  1.03434856265501E+02
 4.241E-02  1.04461192137366E+02
 4.299E-02  1.05492447962390E+02
 4.358E-02  1.06525636248392E+02
 4.417E-02  1.07557686387271E+02
 4.478E-02  1.08585454462118E+02
 4.539E-02  1.09605733746220E+02
 4.601E-02  1.10615265874850E+02
 4.664E-02  1.11610752666277E+02
 4.727E-02  1.12588868563849E+02
 4.792E-02  1.13546273666341E+02
 4.857E-02  1.14479627308945E+02
 4.924E-02  1.15385602152512E+02
 4.991E-02  1.16260898733733E+02
 5.059E-02  1.17102260424107E+02
 5.128E-02  1.17906488740699E+02
 5.198E-02  1.18670458946843E+02
 5.269E-02  1.19391135876288E+02
 5.341E-02  1.20065589909637E+02
 5.414E-02  1.20691013027507E+02
 5.488E-02  1.21264734860580E+02
 5.563E-02  1.21784238652691E+02
 5.639E-02  1.22247177049334E+02
 5.716E-02  1.22651387620559E+02
 5.794E-02  1.22994908024100E+02
 5.873E-02  1.23275990711930E+02
 5.953E-02  1.23493117081147E+02
 6.034E-02  1.23645010968367E+02
 6.116E-02  1.23730651385514E+02
 6.200E-02  1.23749284394269E+02
 6.285E-02  1.23700434016330E+02
 6.370E-02  1.23583912077256E+02
 6.457E-02  1.23399826882908E+02
 6.546E-02  1.23148590629525E+02
 6.635E-02  1.22830925451190E+02
 6.725E-02  1.22447868012009E+02
 6.817E-02  1.22000772554654E+02
 6.910E-02  1.21491312322115E+02
 7.005E-02  1.20921479275554E+02
 7.100E-02  1.20293582038019E+02
 7.197E-02  1.19610242001590E+02
 7.296E-02  1.18874387544133E+02
 7.395E-02  1.18089246311358E+02
 7.496E-02  1.17258335530201E+02
 7.598E-02  1.16385450330733E+02
 7.702E-02  1.15474650065745E+02
 7.807E-02  1.14530242629840E+02
 7.914E-02  1.13556766793294E+02
 8.022E-02  1.12558972579943E+02
 8.132E-02  1.11541799732965E+02
 8.243E-02  1.10510354327491E+02
 8.355E-02  1.09469883604474E+02
 8.469E-02  1.08425749115958E+02
 8.585E-02  1.07383398287877E+02
 8.702E-02  1.06348334522478E+02
 8.821E-02  1.05326085978427E+02
 8.941E-02  1.04322173182336E+02
 9.063E-02  1.03342075640891E+02
 9.187E-02  1.02391197637568E+02
 9.312E-02  1.01474833412204E+02
 9.440E-02  1.00598131935065E+02
 9.568E-02  9.97660614994994E+01
 9.699E-02  9.89833743685536E+01
 9.831E-02  9.82545717209290E+01
 9.966E-02  9.75838691501911E+01
 1.010E-01  9.69751629780695E+01
 1.024E-01  9.64319976478513E+01
 1.038E-01  9.59575344671312E+01
 1.052E-01  9.55545219704122E+01
 1.066E-01  9.52252681711301E+01
 1.081E-01  9.49716149694954E+01
 1.096E-01  9.47949149770209E+01
 1.111E-01  9.46960110106603E+01
 1.126E-01  9.46752184990578E+01
 1.141E-01  9.47323110304832E+01
 1.157E-01  9.48665092565745E+01
 1.173E-01  9.50764733480506E+01
 1.189E-01  9.53602991781237E+01
 1.205E-01  9.57155183865011E+01
 1.221E-01  9.61391024517037E+01
 1.238E-01  9.66274708720697E+01
 1.255E-01  9.71765035264051E+01
 1.272E-01  9.77815572539531E+01
 1.289E-01  9.84374866604147E+01
 1.307E-01  9.91386691223707E+01
 1.325E-01  9.98790339269143E+01
 1.343E-01  1.00652095446891E+02
 1.361E-01  1.01450990215164E+02
 1.380E-01  1.02268517724130E+02
 1.399E-01  1.03097184739633E+02
 1.418E-01  1.03929252881885E+02
 1.437E-01  1.04756789190298E+02
 1.457E-01  1.05571719354737E+02
 1.477E-01  1.06365883262977E+02
 1.497E-01  1.07131092483426E+02
 1.517E-01  1.07859189273947E+02
 1.538E-01  1.08542106682137E+02
 1.559E-01  1.09171929280128E+02
 1.580E-01  1.09740954058144E+02
 1.602E-01  1.10241750986003E+02
 1.624E-01  1.10667222740781E+02
 1.646E-01  1.11010663092159E+02
 1.668E-01  1.11265813434756E+02
 1.691E-01  1.11426916959214E+02
 1.714E-01  1.11488769961017E+02
 1.738E-01  1.11446769798044E+02
 1.761E-01  1.11296959024775E+02
 1.785E-01  1.11036065252782E+02
 1.810E-01  1.10661536313606E+02
 1.834E-01  1.10171570331237E+02
 1.860E-01  1.09565140346976E+02
 1.885E-01  1.08842013179233E+02
 1.911E-01  1.08002762244656E+02
 1.937E-01  1.07048774114353E+02
 1.963E-01  1.05982248629832E+02
 1.990E-01  1.04806192456897E+02
 2.017E-01  1.03524406012017E+02
 2.045E-01  1.02141463753874E+02
 2.073E-01  1.00662687892633E+02
 2.101E-01  9.90941156302490E+01
 2.130E-01  9.74424601064298E+01
 2.159E-01  9.57150652860334E+01
 2.188E-01  9.39198550841430E+01
 2.218E-01  9.20652770842075E+01
 2.248E-01  9.01602412618356E+01
 2.279E-01  8.82140541814547E+01
 2.310E-01  8.62363491844491E+01
 2.342E-01  8.42370131349556E+01
 2.374E-01  8.22261103325817E+01
 2.406E-01  8.02138042393279E+01
 2.439E-01  7.82102777003560E+01
 2.472E-01  7.62256523644098E+01
 2.506E-01  7.42699080291622E+01
 2.540E-01  7.23528026490958E+01
 2.575E-01  7.04837937483399E+01
 2.610E-01  6.86719619779021E+01
 2.646E-01  6.69259375457266E+01
 2.682E-01  6.52538302288941E+01
 2.718E-01  6.36631636500460E+01
 2.755E-01  6.21608144648929E+01
 2.793E-01  6.07529570647073E+01
 2.831E-01  5.94450143473670E+01
 2.870E-01  5.82416150533038E+01
 2.909E-01  5.71465580992404E+01
 2.949E-01  5.61627842735659E+01
 2.989E-01  5.52923555834327E+01
 3.030E-01  5.45364424660187E+01
 3.071E-01  5.38953189958258E+01
 3.113E-01  5.33683661373458E+01
 3.156E-01  5.29540830088880E+01
 3.199E-01  5.26501060398024E+01
 3.242E-01  5.24532358207117E+01
 3.287E-01  5.23594713656003E+01
 3.331E-01  5.23640514266219E+01
 3.377E-01  5.24615024281325E+01
 3.423E-01  5.26456925166045E+01
 3.470E-01  5.29098911585269E+01
 3.517E-01  5.32468336599651E+01
 3.565E-01  5.36487899298857E+01
 3.614E-01  5.41076367653767E+01
 3.663E-01  5.46149329011689E+01
 3.713E-01  5.51619960389837E+01
 3.764E-01  5.57399810546821E+01
 3.815E-01  5.63399585733468E+01
 3.867E-01  5.69529931045397E+01
 3.920E-01  5.75702199421183E+01
 3.974E-01  5.81829200550915E+01
 4.028E-01  5.87825922277983E+01
 4.083E-01  5.93610217487690E+01
 4.139E-01  5.99103449973844E+01
 4.195E-01  6.04231093351176E+01
 4.252E-01  6.08923277728303E+01
 4.311E-01  6.13115279562547E+01
 4.369E-01  6.16747950872965E+01
 4.429E-01  6.19768084779217E+01
 4.489E-01  6.22128715148789E+01
 4.551E-01  6.23789348960651E+01
 4.613E-01  6.24716130816906E+01
 4.676E-01  6.24881939842829E+01
 4.740E-01  6.24266419998050E+01
 4.804E-01  6.22855945566457E+01
 4.870E-01  6.20643524289584E+01
 4.936E-01  6.17628641249065E+01
 5.004E-01  6.13817047180683E+01
 5.072E-01  6.09220495409487E+01
 5.141E-01  6.03856432027965E+01
 5.212E-01  5.97747644294163E+01
 5.283E-01  5.90921872502417E+01
 5.355E-01  5.83411390775847E+01
 5.428E-01  5.75252562348071E+01
 5.502E-01  5.66485374944286E+01
 5.577E-01  5.57152961842228E+01
 5.653E-01  5.47301114096252E+01
 5.731E-01  5.36977789247907E+01
 5.809E-01  5.26232621629955E+01
 5.888E-01  5.15116439104076E+01
 5.969E-01  5.03680790762182E+01
 6.050E-01  4.91977489774245E+01
 6.133E-01  4.80058175188566E+01
 6.216E-01  4.67973896090417E+01
 6.301E-01  4.55774721108403E+01
 6.387E-01  4.43509375831130E+01
 6.474E-01  4.31224910265688E+01
 6.563E-01  4.18966398039593E+01
 6.652E-01  4.06776668624298E+01
 6.743E-01  3.94696073445622E+01
 6.835E-01  3.82762286348648E+01
 6.929E-01  3.71010138505327E+01
 7.023E-01  3.59471487495230E+01
 7.119E-01  3.48175119956256E+01
 7.216E-01  3.37146686894735E+01
 7.315E-01  3.26408670464909E+01
 7.415E-01  3.15980380777551E+01
 7.516E-01  3.05877981077313E+01
 7.618E-01  2.96114539438773E+01
 7.723E-01  2.86700104972307E+01
 7.828E-01  2.77641806402533E+01
 7.935E-01  2.68943970783849E+01
 8.043E-01  2.60608260048617E+01
 8.153E-01  2.52633823042893E+01
 8.264E-01  2.45017460690998E+01
 8.377E-01  2.37753801942140E+01
 8.491E-01  2.30835488188085E+01
 8.607E-01  2.24253363898697E+01
 8.725E-01  2.17996671299972E+01
 8.844E-01  2.12053247014884E+01
 8.965E-01  2.06409718698761E+01
 9.087E-01  2.01051699825711E+01
 9.211E-01  1.95963980918595E+01
 9.337E-01  1.91130715659886E+01
 9.464E-01  1.86535600472304E+01
 9.594E-01  1.82162046314185E+01
 9.725E-01  1.77993341593120E+01
 9.857E-01  1.74012805260578E+01
 9.992E-01  1.70203929308212E+01
 1.013E+00  1.66550510041746E+01
 1.027E+00  1.63036767659261E+01
 1.041E+00  1.59647453806075E+01
 1.055E+00  1.56367946917112E+01
 1.069E+00  1.53184335288665E+01
 1.084E+00  1.50083487944006E+01
 1.099E+00  1.47053113470733E+01
 1.114E+00  1.44081807111455E+01
 1.129E+00  1.41159086483121E+01
 1.144E+00  1.38275416383688E+01
 1.160E+00  1.35422223217725E+01
 1.176E+00  1.32591899635031E+01
 1.192E+00  1.29777800028385E+01
 1.208E+00  1.26974227578414E+01
 1.225E+00  1.24176413565487E+01
 1.241E+00  1.21380489690929E+01
 1.258E+00  1.18583454163067E+01
 1.275E+00  1.15783132308315E+01
 1.293E+00  1.12978132464081E+01
 1.310E+00  1.10167797899559E+01
 1.328E+00  1.07352155492922E+01
 1.347E+00  1.04531861869939E+01
 1.365E+00  1.01708147680200E+01
 1.384E+00  9.88827606537167E+00
 1.402E+00  9.60579080434536E+00
 1.422E+00  9.32361990189371E+00
 1.441E+00  9.04205875333422E+00
 1.461E+00  8.76143161419011E+00
 1.481E+00  8.48208612038436E+00
 1.501E+00  8.20438798539237E+00
 1.521E+00  7.92871590834663E+00
 1.542E+00  7.65545672252750E+00
 1.563E+00  7.38500080921353E+00
 1.584E+00  7.11773779753906E+00
 1.606E+00  6.85405256685201E+00
 1.628E+00  6.59432156410607E+00
 1.650E+00  6.33890944508361E+00
 1.673E+00  6.08816604474336E+00
 1.696E+00  5.84242367873521E+00
 1.719E+00  5.60199477512940E+00
 1.742E+00  5.36716983267415E+00
 1.766E+00  5.13821569942437E+00
 1.790E+00  4.91537416337271E+00
 1.815E+00  4.69886084475617E+00
 1.839E+00  4.48886437800161E+00
 1.864E+00  4.28554586980053E+00
 1.890E+00  4.08903861855893E+00
 1.916E+00  3.89944807943909E+00
 1.942E+00  3.71685205838626E+00
 1.968E+00  3.54130111790120E+00
 1.995E+00  3.37281917686749E+00
 2.022E+00  3.21140428645897E+00
 2.050E+00  3.05702956402472E+00
 2.078E+00  2.90964426686637E+00
 2.106E+00  2.76917498797365E+00
 2.135E+00  2.63552695605925E+00
 2.164E+00  2.50858542262248E+00
 2.194E+00  2.38821711926477E+00
 2.224E+00  2.27427176906822E+00
 2.254E+00  2.16658363652369E+00
 2.285E+00  2.06497310124801E+00
 2.316E+00  1.96924824155217E+00
 2.348E+00  1.87920641480591E+00
 2.380E+00  1.79463582247902E+00
 2.412E+00  1.71531704871767E+00
 2.445E+00  1.64102456232580E+00
 2.479E+00  1.57152817305595E+00
 2.513E+00  1.50659443416279E+00
 2.547E+00  1.44598798422325E+00
 2.582E+00  1.38947282227099E+00
 2.617E+00  1.33681351131767E+00
 2.653E+00  1.28777630632961E+00
 2.689E+00  1.24213020368574E+00
 2.725E+00  1.19964791005176E+00
 2.763E+00  1.16010672945783E+00
 2.800E+00  1.12328936815671E+00
 2.839E+00  1.08898465755887E+00
 2.877E+00  1.05698819618873E+00
 2.917E+00  1.02710291217820E+00
 2.956E+00  9.99139548310010E-01
 2.997E+00  9.72917072045854E-01
 3.038E+00  9.48263013324652E-01
 3.079E+00  9.25013733199014E-01
 3.121E+00  9.03014626598346E-01
 3.164E+00  8.82120262670296E-01
 3.207E+00  8.62194466265022E-01
 3.251E+00  8.43110344195470E-01
 3.295E+00  8.24750259937699E-01
 3.340E+00  8.07005760434637E-01
 3.386E+00  7.89777458639875E-01
 3.432E+00  7.72974875390600E-01
 3.479E+00  7.56516244134774E-01
 3.526E+00  7.40328281961156E-01
 3.575E+00  7.24345930294767E-01
 3.623E+00  7.08512068527619E-01
 3.673E+00  6.92777203756729E-01
 3.723E+00  6.77099139700346E-01
 3.774E+00  6.61442627759698E-01
 3.825E+00  6.45779003088454E-01
 3.878E+00  6.30085808425580E-01
 3.930E+00  6.14346408339885E-01
 3.984E+00  5.98549596426118E-01
 4.039E+00  5.82689197883226E-01
 4.094E+00  5.66763669794948E-01
 4.150E+00  5.50775701321540E-01
 4.206E+00  5.34731815898690E-01
 4.264E+00  5.18641977425740E-01
 4.322E+00  5.02519202310085E-01
 4.381E+00  4.86379179117967E-01
 4.441E+00  4.70239897464036E-01
 4.501E+00  4.54121287652964E-01
 4.563E+00  4.38044872466239E-01
 4.625E+00  4.22033432366174E-01
 4.688E+00  4.06110685267341E-01
 4.752E+00  3.90300981903323E-01
 4.817E+00  3.74629017694005E-01
 4.883E+00  3.59119561895953E-01
 4.950E+00  3.43797204696042E-01
 5.017E+00  3.28686122786560E-01
 5.086E+00  3.13809863839031E-01
 5.155E+00  2.99191150174107E-01
 5.225E+00  2.84851701806635E-01
 5.297E+00  2.70812078928565E-01
 5.369E+00  2.57091543778344E-01
 5.442E+00  2.43707941734103E-01
 5.517E+00  2.30677601359849E-01
 5.592E+00  2.18015253029396E-01
 5.668E+00  2.05733965652568E-01
 5.746E+00  1.93845100932606E-01
 5.824E+00  1.82358284493442E-01
 5.904E+00  1.71281393130987E-01
 5.984E+00  1.60620557364433E-01
 6.066E+00  1.50380178392358E-01
 6.149E+00  1.40562958494636E-01
 6.233E+00  1.31169943865349E-01
 6.318E+00  1.22200578814505E-01
 6.404E+00  1.13652770237878E-01
 6.491E+00  1.05522961224942E-01
 6.580E+00  9.78062126551199E-02
 6.670E+00  9.04962916223940E-02
 6.761E+00  8.35857655280476E-02
 6.853E+00  7.70661006907293E-02
 6.947E+00  7.09277643421215E-02
 7.042E+00  6.51603289049859E-02
 7.138E+00  5.97525774878813E-02
 7.235E+00  5.46926095769161E-02
 7.334E+00  4.99679459589145E-02
 7.434E+00  4.55656319716170E-02
 7.536E+00  4.14723382442022E-02
 7.639E+00  3.76744581646051E-02
 7.743E+00  3.41582013878382E-02
 7.849E+00  3.09096827807738E-02
 7.956E+00  2.79150062825407E-02
 8.064E+00  2.51603432447498E-02
 8.174E+00  2.26320049010767E-02
 8.286E+00  2.03165087002459E-02
 8.399E+00  1.82006383191387E-02
 8.514E+00  1.62714972526106E-02
 8.630E+00  1.45165559527446E-02
 8.748E+00  1.29236925618808E-02
 8.867E+00  1.14812273501256E-02
 8.988E+00  1.01779510285605E-02
 9.111E+00  9.00314716355400E-03
 9.235E+00  7.94660896507328E-03
 9.362E+00  6.99865076245693E-03
 9.489E+00  6.15011451463647E-03
 9.619E+00  5.39237172829160E-03
 9.750E+00  4.71732117701618E-03
 9.883E+00  4.11738282748669E-03
 1.002E+01  3.58548838518414E-03
 1.016E+01  3.11506887283179E-03
 1.029E+01  2.70003964984999E-03
 1.043E+01  2.33478327132796E-03
 1.058E+01  2.01413057084417E-03
 1.072E+01  1.73334033353479E-03
 1.087E+01  1.48807790472505E-03
 1.102E+01  1.27439305582182E-03
 1.117E+01  1.08869740361865E-03
 1.132E+01  9.27741652271805E-04
 1.147E+01  7.88592899515406E-04
 1.163E+01  6.68612220709355E-04
 1.179E+01  5.65432716518775E-04
 1.195E+01  4.76938182822901E-04
 1.211E+01  4.01242535205569E-04
 1.228E+01  3.36670095391927E-04
 1.245E+01  2.81736823516898E-04
 1.262E+01  2.35132558333560E-04
 1.279E+01  1.95704307535107E-04
 1.296E+01  1.62440612364037E-04
 1.314E+01  1.34456994662548E-04
 1.332E+01  1.10982480483312E-04
 1.350E+01  9.13471822982179E-05
 1.368E+01  7.49709116506979E-05
 1.387E+01  6.13527857062824E-05
 1.406E+01  5.00617844556552E-05
 1.425E+01  4.07282101886120E-05
 1.445E+01  3.30359971486915E-05
 1.464E+01  2.67158168525029E-05
 1.484E+01  2.15389232676617E-05
 1.505E+01  1.73116817416797E-05
 1.525E+01  1.38707261177362E-05
 1.546E+01  1.10786897241185E-05
 1.567E+01  8.82045775228958E-06
 1.589E+01  6.99989082334801E-06
 1.610E+01  5.53697217370114E-06
 1.632E+01  4.36533376884853E-06
 1.655E+01  3.43011969128593E-06
 1.677E+01  2.68614826811214E-06
 1.700E+01  2.09633754048937E-06
 1.723E+01  1.63036177582803E-06
 1.747E+01  1.26350973965783E-06
 1.771E+01  9.75718342045760E-07
 1.795E+01  7.50758025981646E-07
 1.819E+01  5.75548852758431E-07
 1.844E+01  4.39588649453009E-07
 1.869E+01  3.34479318772729E-07
 1.895E+01  2.53547599712293E-07
 1.921E+01  1.91469470051321E-07
 1.947E+01  1.44034958131990E-07
 1.974E+01  1.07930167208663E-07
 2.000E+01  8.05568074415249E-08
 2.028E+01  5.98857738733942E-08
 2.055E+01  4.43388420729618E-08
 2.084E+01  3.26934835858929E-08
 2.112E+01  2.40066079025193E-08
 2.141E+01  1.75537294014340E-08
 2.170E+01  1.27806492941333E-08
 2.200E+01  9.26524577860706E-09
 2.230E+01  6.68739133641069E-09
 2.260E+01  4.80537439144351E-09
 2.291E+01  3.43750247863667E-09
 2.322E+01  2.44781382436594E-09
 2.354E+01  1.73503111278303E-09
 2.386E+01  1.22406165925308E-09
 2.419E+01  8.59487902746968E-10
 2.452E+01  6.00606004346019E-10
 2.485E+01  4.17662674172024E-10
 2.519E+01  2.89014816985882E-10
 2.554E+01  1.98996321024889E-10
 2.588E+01  1.36323970631003E-10
 2.624E+01  9.29122756497768E-11
 2.660E+01  6.29968478418100E-11
 2.696E+01  4.24893684108278E-11
 2.733E+01  2.85054615741278E-11
 2.770E+01  1.90209664230581E-11
 2.808E+01  1.26230378923547E-11
 2.846E+01  8.33089907728646E-12
 2.885E+01  5.46746737518301E-12
 2.924E+01  3.56793002440303E-12
 2.964E+01  2.31500291570679E-12
 3.005E+01  1.49334782703681E-12
 3.046E+01  9.57665030190155E-13
 3.087E+01  6.10489802849102E-13
 3.130E+01  3.86833585186872E-13
 3.172E+01  2.43623804512820E-13
 3.216E+01  1.52487375253256E-13
 3.259E+01  9.48496139545193E-14
 3.304E+01  5.86264718917551E-14
 3.349E+01  3.60062287287948E-14
 3.395E+01  2.19713428864334E-14
 3.441E+01  1.33198815787834E-14
 3.488E+01  8.02193261125021E-15
 3.536E+01  4.79913638248716E-15
 3.584E+01  2.85183059998791E-15
 3.633E+01  1.68318822079875E-15
 3.683E+01  9.86648632321941E-16
 3.733E+01  5.74363293171423E-16
 3.784E+01  3.32031765933904E-16
 3.835E+01  1.90597429635432E-16
 3.888E+01  1.08636523217739E-16
 3.941E+01  6.14800967182766E-17
 3.995E+01  3.45440452888229E-17
 4.049E+01  1.92696464154357E-17
 4.104E+01  1.06713689424863E-17
 4.161E+01  5.86676229531216E-18
 4.217E+01  3.20182298792011E-18
 4.275E+01  1.73463322686572E-18
 4.333E+01  9.32874617141167E-19
 4.392E+01  4.98013108644253E-19
 4.452E+01  2.63912365438362E-19
 4.513E+01  1.38829839359814E-19
 4.575E+01  7.24962923017789E-20
 4.637E+01  3.75809368385708E-20
 4.701E+01  1.93397289904256E-20
 4.765E+01  9.88051557956675E-21
 4.830E+01  5.01157714408677E-21
 4.896E+01  2.52382132950639E-21
 4.963E+01  1.26201030875910E-21
 5.030E+01  6.26657567072769E-22
 5.099E+01  3.09049254425387E-22
 5.169E+01  1.51415902672902E-22
 5.239E+01  7.37364583297347E-23
 5.311E+01  3.57274941241500E-23
 5.383E+01  1.72602793388622E-23
 5.457E+01  8.35095854576217E-24
 5.531E+01  4.08399352806023E-24
 5.607E+01  0.00000000000000E+00
 5.683E+01  0.00000000000000E+00
 5.761E+01  0.00000000000000E+00
 5.839E+01  0.00000000000000E+00
 5.919E+01  0.00000000000000E+00
 6.000E+01  0.00000000000000E+00
