./ilogA is logfile.
./chgdenYb calculation starts
rmin,rmax=  1.43E-08  2.39E+01
  20493.25106481 -12150.00461453      0.30000000    1
   1256.38728072 -13176.52014826      0.30000000    1
    773.49144425 -13690.31717453      0.30000000    1
    462.38022976 -13917.92553628      0.30000000    1
    267.86702614 -14003.95541252      0.30000000    1
    150.96888546 -14030.76193987      0.30000000    1
     84.13084700 -14037.92116919      0.30000000    1
     47.96807161 -14040.06512975      0.30000000    1
     29.03036228 -14040.95076712      0.30000000    1
     18.64556029 -14041.35144288      0.30000000    1
     12.29150608 -14041.52582527      0.30000000    1
      8.15147908 -14041.59911195      0.30000000    1
      5.41923079 -14041.62943982      0.30000000    1
      3.60460745 -14041.64196043      0.30000000    1
      2.39594453 -14041.64714627      0.30000000    1
      1.59089265 -14041.64930483      0.30000000    1
      1.05536522 -14041.65020860      0.30000000    1
      0.69974000 -14041.65058967      0.30000000    1
      0.46392978 -14041.65075171      0.30000000    1
      0.30771879 -14041.65082127      0.30000000    1
      0.20427439 -14041.65085145      0.30000000    1
      0.13575787 -14041.65086470      0.30000000    1
      0.09034430 -14041.65087057      0.30000000    1
      0.06021158 -14041.65087321      0.30000000    1
      0.04019138 -14041.65087441      0.30000000    1
      0.02686994 -14041.65087496      0.30000000    1
      0.01799164 -14041.65087521      0.30000000    1
      0.01206483 -14041.65087533      0.30000000    1
      0.00810186 -14041.65087538      0.30000000    1
      0.00544781 -14041.65087541      0.30000000    1
      0.00366765 -14041.65087542      0.30000000    1
      0.00247193 -14041.65087543      0.30000000    1
      0.00166770 -14041.65087543      0.30000000    1
      0.00112613 -14041.65087543      0.30000000    1
      0.00076103 -14041.65087543      0.30000000    1
      0.00051465 -14041.65087544      0.30000000    1
      0.00034823 -14041.65087544      0.30000000    1
      0.00000000 -14041.65087543      1.00000000    2
      0.00000000 -14041.65087543      1.00000000    3
    1   0 0  -1/2   1    2.0000      -2232.744218
    2   0 0  -1/2   1    2.0000       -378.541998
    2   1 1  -1/2   1    2.0000       -361.392887
    2   1 1  -3/2   1    4.0000       -323.378210
    3   0 0  -1/2   1    2.0000        -85.341398
    3   1 1  -1/2   1    2.0000        -77.713673
    3   1 1  -3/2   1    4.0000        -69.638384
    3   2 2  -3/2   1    4.0000        -56.573201
    3   2 2  -5/2   1    6.0000        -54.799063
    4   0 0  -1/2   1    2.0000        -16.757709
    4   1 1  -1/2   1    2.0000        -13.662754
    4   1 1  -3/2   1    4.0000        -11.826260
    4   2 2  -3/2   1    4.0000         -6.713408
    4   2 2  -5/2   1    6.0000         -6.377478
    5   0 0  -1/2   1    2.0000         -2.010733
    5   1 1  -1/2   1    2.0000         -1.171333
    5   1 1  -3/2   1    4.0000         -0.947868
    4   3 3  -5/2   1    6.0000         -0.151679
    4   3 3  -7/2   1    8.0000         -0.103150
    6   0 0  -1/2   1    2.0000         -0.149521
 total energy =   -1.40416508754343E+04 -3.82092978631794E+05
