line2: Z,NR,R(1),R(NR) /line3,4,...: R(N),RHO*4*PI*R(N)**2
51.00  2000  1.01365245284744E-10  6.00000000000000E+01
 1.014E-10  1.79601078184408E-13
 1.027E-10  1.84179388132192E-13
 1.042E-10  1.88874406299490E-13
 1.056E-10  2.09060563840569E-13
 1.070E-10  2.14389841753125E-13
 1.085E-10  2.19854971223730E-13
 1.100E-10  2.25459415316529E-13
 1.115E-10  2.31206725378539E-13
 1.130E-10  2.37100543284402E-13
 1.145E-10  2.43144603746246E-13
 1.161E-10  2.49342736679720E-13
 1.177E-10  2.55698869630980E-13
 1.193E-10  2.62217030265414E-13
 1.209E-10  2.68901348919836E-13
 1.226E-10  2.75756061219762E-13
 1.242E-10  2.82785510763352E-13
 1.259E-10  2.89994151873831E-13
 1.276E-10  2.97386552422011E-13
 1.294E-10  3.04967396720827E-13
 1.312E-10  3.12741488493602E-13
 1.329E-10  3.20713753918006E-13
 1.348E-10  3.28889244747636E-13
 1.366E-10  3.37273141513090E-13
 1.385E-10  3.45870756804739E-13
 1.404E-10  3.54687538639114E-13
 1.423E-10  3.63729073911118E-13
 1.442E-10  3.73001091934297E-13
 1.462E-10  3.82509468071233E-13
 1.482E-10  3.92260227456617E-13
 1.502E-10  4.02259548815202E-13
 1.523E-10  4.12513768376970E-13
 1.543E-10  4.23029383892264E-13
 1.564E-10  4.33813058749102E-13
 1.586E-10  4.44871626195591E-13
 1.607E-10  4.56212093669983E-13
 1.629E-10  4.67841647240958E-13
 1.652E-10  4.79767656161207E-13
 1.674E-10  4.91997677537109E-13
 1.697E-10  5.04539461117388E-13
 1.720E-10  5.17400954203890E-13
 1.744E-10  5.30590306687462E-13
 1.767E-10  5.44115876212340E-13
 1.792E-10  5.57986233472070E-13
 1.816E-10  5.72210167640422E-13
 1.841E-10  5.86796691940827E-13
 1.866E-10  6.01755049357800E-13
 1.891E-10  6.17094718493813E-13
 1.917E-10  6.32825419575564E-13
 1.943E-10  6.48957120613484E-13
 1.970E-10  6.65500043717963E-13
 1.997E-10  6.82464671576871E-13
 2.024E-10  6.99861754098013E-13
 2.052E-10  7.17702315220974E-13
 2.080E-10  7.35997659902720E-13
 2.108E-10  7.54759381281034E-13
 2.137E-10  7.73999368020713E-13
 2.166E-10  7.93729811847127E-13
 2.196E-10  8.13963215271549E-13
 2.226E-10  8.34712399513620E-13
 2.256E-10  8.55990512625840E-13
 2.287E-10  8.77811037824824E-13
 2.318E-10  9.00187802035333E-13
 2.350E-10  9.23134984651862E-13
 2.382E-10  9.46667126523595E-13
 2.414E-10  9.70799139168568E-13
 2.447E-10  9.95546314222459E-13
 2.481E-10  1.02092433312843E-12
 2.515E-10  1.04694927707394E-12
 2.549E-10  1.07363763718086E-12
 2.584E-10  1.10100632495523E-12
 2.619E-10  1.12907268300372E-12
 2.655E-10  1.15785449602275E-12
 2.691E-10  1.18737000206826E-12
 2.728E-10  1.21763790411255E-12
 2.765E-10  1.24867738189562E-12
 2.803E-10  1.28050810407871E-12
 2.841E-10  1.31315024070778E-12
 2.880E-10  1.34662447599449E-12
 2.919E-10  1.38095202142306E-12
 2.959E-10  1.41615462919133E-12
 2.999E-10  1.45225460599433E-12
 3.040E-10  1.48927482715939E-12
 3.082E-10  1.52723875114126E-12
 3.124E-10  1.56617043438704E-12
 3.166E-10  1.60609454658003E-12
 3.210E-10  1.64703638627192E-12
 3.253E-10  1.68902189691364E-12
 3.298E-10  1.73207768329491E-12
 3.343E-10  1.77623102840273E-12
 3.389E-10  1.82150991070971E-12
 3.435E-10  1.86794302190303E-12
 3.482E-10  1.91555978506545E-12
 3.529E-10  1.96439037331964E-12
 3.577E-10  2.01446572894796E-12
 3.626E-10  2.06581758299945E-12
 3.676E-10  2.11847847539668E-12
 3.726E-10  2.17248177555538E-12
 3.777E-10  2.22786170352915E-12
 3.828E-10  2.28465335169391E-12
 3.881E-10  2.34289270698461E-12
 3.934E-10  2.40261667369875E-12
 3.987E-10  2.46386309688174E-12
 4.042E-10  2.52667078630755E-12
 4.097E-10  2.59107954107155E-12
 4.153E-10  2.65713017480985E-12
 4.210E-10  2.72486454156090E-12
 4.267E-10  2.79432556228763E-12
 4.325E-10  2.86555725207486E-12
 4.384E-10  2.93860474802011E-12
 4.444E-10  3.01351433783518E-12
 4.505E-10  3.09033348917732E-12
 4.566E-10  3.16911087972828E-12
 4.629E-10  3.24989642803874E-12
 4.692E-10  3.33274132516077E-12
 4.756E-10  3.41769806708575E-12
 4.821E-10  3.50482048800878E-12
 4.887E-10  3.59416379444225E-12
 4.953E-10  3.68578460019797E-12
 5.021E-10  3.77974096226138E-12
 5.090E-10  3.87609241758034E-12
 5.159E-10  3.97490002079182E-12
 5.230E-10  4.07622638290985E-12
 5.301E-10  4.18013571100028E-12
 5.373E-10  4.28669384886625E-12
 5.447E-10  4.39596831877114E-12
 5.521E-10  4.50802836422618E-12
 5.596E-10  4.62294499386626E-12
 5.673E-10  4.74079102644614E-12
 5.750E-10  4.86164113698361E-12
 5.829E-10  4.98557190407838E-12
 5.908E-10  5.11266185843695E-12
 5.989E-10  5.24299153263486E-12
 6.071E-10  5.37664351214826E-12
 6.154E-10  5.51370248768432E-12
 6.238E-10  5.65425530884738E-12
 6.323E-10  5.79839103917316E-12
 6.409E-10  5.94620101256424E-12
 6.497E-10  6.09777889116568E-12
 6.585E-10  6.25322072471567E-12
 6.675E-10  6.41262501140924E-12
 6.766E-10  6.57609276031195E-12
 6.859E-10  6.74372755536718E-12
 6.952E-10  6.91563562103365E-12
 7.047E-10  7.09192588959524E-12
 7.144E-10  7.27271007018870E-12
 7.241E-10  7.45810271958900E-12
 7.340E-10  7.64822131480120E-12
 7.440E-10  7.84318632750048E-12
 7.542E-10  8.04312130037138E-12
 7.645E-10  8.24815292539272E-12
 7.749E-10  8.45841112411752E-12
 7.855E-10  8.67402913000044E-12
 7.962E-10  8.89514357282296E-12
 8.071E-10  9.12189456527067E-12
 8.181E-10  9.35442579171852E-12
 8.293E-10  9.59288459927875E-12
 8.406E-10  9.83742209116814E-12
 8.521E-10  1.00881932224592E-11
 8.637E-10  1.03453568982688E-11
 8.755E-10  1.06090760744503E-11
 8.874E-10  1.08795178608541E-11
 8.996E-10  1.11568536272190E-11
 9.118E-10  1.14412591117634E-11
 9.243E-10  1.17329145325442E-11
 9.369E-10  1.20320047016565E-11
 9.497E-10  1.23387191423396E-11
 9.627E-10  1.26532522090739E-11
 9.758E-10  1.29758032107367E-11
 9.891E-10  1.33065765368956E-11
 1.003E-09  1.36457817873244E-11
 1.016E-09  1.39936339048186E-11
 1.030E-09  1.43503533113988E-11
 1.044E-09  1.47161660479832E-11
 1.059E-09  1.50913039176220E-11
 1.073E-09  1.54760046323838E-11
 1.088E-09  1.58705119639838E-11
 1.102E-09  1.62750758982567E-11
 1.118E-09  1.66899527935616E-11
 1.133E-09  1.71154055432278E-11
 1.148E-09  1.75517037421425E-11
 1.164E-09  1.79991238575820E-11
 1.180E-09  1.84579494044009E-11
 1.196E-09  1.89284711246860E-11
 1.212E-09  1.94109871719882E-11
 1.229E-09  1.99058033002533E-11
 1.246E-09  2.04132330575676E-11
 1.263E-09  2.09335979848418E-11
 1.280E-09  2.14672278195614E-11
 1.297E-09  2.20144607047277E-11
 1.315E-09  2.25756434031324E-11
 1.333E-09  2.31511315170840E-11
 1.351E-09  2.37412897137432E-11
 1.370E-09  2.43464919561998E-11
 1.388E-09  2.49671217404398E-11
 1.407E-09  2.56035723383536E-11
 1.426E-09  2.62562470469398E-11
 1.446E-09  2.69255594438597E-11
 1.466E-09  2.76119336495067E-11
 1.486E-09  2.83158045957585E-11
 1.506E-09  2.90376183015763E-11
 1.527E-09  2.97778321556335E-11
 1.547E-09  3.05369152061478E-11
 1.568E-09  3.13153484580973E-11
 1.590E-09  3.21136251780191E-11
 1.612E-09  3.29322512065792E-11
 1.634E-09  3.37717452790964E-11
 1.656E-09  3.46326393542547E-11
 1.679E-09  3.55154789511894E-11
 1.701E-09  3.64208234951552E-11
 1.725E-09  3.73492466720195E-11
 1.748E-09  3.83013367917896E-11
 1.772E-09  3.92776971614001E-11
 1.796E-09  4.02789464670099E-11
 1.821E-09  4.13057191660402E-11
 1.846E-09  4.23586658892117E-11
 1.871E-09  4.34384538528258E-11
 1.896E-09  4.45457672815508E-11
 1.922E-09  4.56813078420022E-11
 1.949E-09  4.68457950873573E-11
 1.975E-09  4.80399669133068E-11
 2.002E-09  4.92645800256475E-11
 2.029E-09  5.05204104197670E-11
 2.057E-09  5.18082538723724E-11
 2.085E-09  5.31289264457454E-11
 2.114E-09  5.44832650048493E-11
 2.143E-09  5.58721277476290E-11
 2.172E-09  5.72963947488095E-11
 2.201E-09  5.87569685175830E-11
 2.232E-09  6.02547745694859E-11
 2.262E-09  6.17907620128664E-11
 2.293E-09  6.33659041503152E-11
 2.324E-09  6.49811990953938E-11
 2.356E-09  6.66376704051197E-11
 2.388E-09  6.83363677285586E-11
 2.421E-09  7.00783674719323E-11
 2.454E-09  7.18647734807217E-11
 2.487E-09  7.36967177391280E-11
 2.521E-09  7.55753610873660E-11
 2.556E-09  7.75018939572554E-11
 2.590E-09  7.94775371265559E-11
 2.626E-09  8.15035424925220E-11
 2.662E-09  8.35811938651965E-11
 2.698E-09  8.57118077809221E-11
 2.735E-09  8.78967343365615E-11
 2.772E-09  9.01373580450310E-11
 2.810E-09  9.24350987126063E-11
 2.848E-09  9.47914123386031E-11
 2.887E-09  9.72077920380059E-11
 2.927E-09  9.96857689875793E-11
 2.967E-09  1.02226913396139E-10
 3.007E-09  1.04832835499548E-10
 3.048E-09  1.07505186581037E-10
 3.090E-09  1.10245660017586E-10
 3.132E-09  1.13055992352960E-10
 3.175E-09  1.15937964398076E-10
 3.218E-09  1.18893402359471E-10
 3.262E-09  1.21924178996474E-10
 3.307E-09  1.25032214807926E-10
 3.352E-09  1.28219479249137E-10
 3.398E-09  1.31487991979840E-10
 3.444E-09  1.34839824144001E-10
 3.491E-09  1.38277099682214E-10
 3.539E-09  1.41801996677580E-10
 3.587E-09  1.45416748735878E-10
 3.636E-09  1.49123646400917E-10
 3.685E-09  1.52925038605968E-10
 3.736E-09  1.56823334162225E-10
 3.787E-09  1.60821003285168E-10
 3.838E-09  1.64920579159840E-10
 3.891E-09  1.69124659546050E-10
 3.944E-09  1.73435908424493E-10
 3.998E-09  1.77857057684807E-10
 4.052E-09  1.82390908856673E-10
 4.108E-09  1.87040334885034E-10
 4.164E-09  1.91808281950620E-10
 4.221E-09  1.96697771336810E-10
 4.278E-09  2.01711901344104E-10
 4.337E-09  2.06853849253426E-10
 4.396E-09  2.12126873339439E-10
 4.456E-09  2.17534314935219E-10
 4.517E-09  2.23079600549522E-10
 4.578E-09  2.28766244038044E-10
 4.641E-09  2.34597848830027E-10
 4.704E-09  2.40578110211624E-10
 4.769E-09  2.46710817667501E-10
 4.834E-09  2.52999857282034E-10
 4.900E-09  2.59449214201845E-10
 4.967E-09  2.66062975161016E-10
 5.034E-09  2.72845331070710E-10
 5.103E-09  2.79800579674817E-10
 5.173E-09  2.86933128273245E-10
 5.243E-09  2.94247496514736E-10
 5.315E-09  3.01748319260721E-10
 5.388E-09  3.09440349522348E-10
 5.461E-09  3.17328461472242E-10
 5.536E-09  3.25417653533102E-10
 5.611E-09  3.33713051545052E-10
 5.688E-09  3.42219912013652E-10
 5.765E-09  3.50943625440833E-10
 5.844E-09  3.59889719740576E-10
 5.924E-09  3.69063863741813E-10
 6.005E-09  3.78471870780556E-10
 6.087E-09  3.88119702383552E-10
 6.170E-09  3.98013472045966E-10
 6.254E-09  4.08159449105234E-10
 6.340E-09  4.18564062713699E-10
 6.426E-09  4.29233905912608E-10
 6.514E-09  4.40175739809768E-10
 6.603E-09  4.51396497863921E-10
 6.693E-09  4.62903290278203E-10
 6.784E-09  4.74703408505590E-10
 6.877E-09  4.86804329869262E-10
 6.971E-09  4.99213722300674E-10
 7.066E-09  5.11939449198503E-10
 7.162E-09  5.24989574411349E-10
 7.260E-09  5.38372367347527E-10
 7.359E-09  5.52096308215070E-10
 7.460E-09  5.66170093395377E-10
 7.562E-09  5.80602640953758E-10
 7.665E-09  5.95403096290467E-10
 7.770E-09  6.10580837935842E-10
 7.876E-09  6.26145483493153E-10
 7.983E-09  6.42106895732915E-10
 8.092E-09  6.58475188842466E-10
 8.203E-09  6.75260734835134E-10
 8.315E-09  6.92474170122526E-10
 8.428E-09  7.10126402254324E-10
 8.543E-09  7.28228616830182E-10
 8.660E-09  7.46792284587542E-10
 8.778E-09  7.65829168670211E-10
 8.898E-09  7.85351332082197E-10
 9.019E-09  8.05371145331736E-10
 9.142E-09  8.25901294269838E-10
 9.267E-09  8.46954788128943E-10
 9.394E-09  8.68544967766476E-10
 9.522E-09  8.90685514118302E-10
 9.652E-09  9.13390456867838E-10
 9.784E-09  9.36674183336282E-10
 9.917E-09  9.60551447599186E-10
 1.005E-08  9.85037379835658E-10
 1.019E-08  1.01014749591577E-09
 1.033E-08  1.03589770723228E-09
 1.047E-08  1.06230433078328E-09
 1.061E-08  1.08938409951158E-09
 1.076E-08  1.11715417290768E-09
 1.090E-08  1.14563214788320E-09
 1.105E-08  1.17483606992127E-09
 1.120E-08  1.20478444451143E-09
 1.136E-08  1.23549624887580E-09
 1.151E-08  1.26699094399415E-09
 1.167E-08  1.29928848693570E-09
 1.183E-08  1.33240934350513E-09
 1.199E-08  1.36637450121093E-09
 1.215E-08  1.40120548256447E-09
 1.232E-08  1.43692435871808E-09
 1.249E-08  1.47355376345042E-09
 1.266E-08  1.51111690750885E-09
 1.283E-08  1.54963759331740E-09
 1.301E-08  1.58914023005891E-09
 1.318E-08  1.62964984914270E-09
 1.336E-08  1.67119212006595E-09
 1.355E-08  1.71379336667911E-09
 1.373E-08  1.75748058386674E-09
 1.392E-08  1.80228145465301E-09
 1.411E-08  1.84822436774326E-09
 1.430E-08  1.89533843551294E-09
 1.450E-08  1.94365351245494E-09
 1.470E-08  1.99320021409727E-09
 1.490E-08  2.04400993640296E-09
 1.510E-08  2.09611487566442E-09
 1.531E-08  2.14954804890495E-09
 1.551E-08  2.20434331480051E-09
 1.573E-08  2.26053539513438E-09
 1.594E-08  2.31815989679930E-09
 1.616E-08  2.37725333435992E-09
 1.638E-08  2.43785315319083E-09
 1.660E-08  2.49999775320404E-09
 1.683E-08  2.56372651318169E-09
 1.706E-08  2.62907981572886E-09
 1.729E-08  2.69609907286209E-09
 1.753E-08  2.76482675225091E-09
 1.777E-08  2.83530640412802E-09
 1.801E-08  2.90758268888489E-09
 1.826E-08  2.98170140537143E-09
 1.851E-08  3.05770951991711E-09
 1.876E-08  3.13565519609182E-09
 1.901E-08  3.21558782522427E-09
 1.927E-08  3.29755805770047E-09
 1.954E-08  3.38161783505836E-09
 1.980E-08  3.46782042290070E-09
 2.007E-08  3.55622044464781E-09
 2.035E-08  3.64687391615014E-09
 2.063E-08  3.73983828118335E-09
 2.091E-08  3.83517244784766E-09
 2.119E-08  3.93293682589616E-09
 2.148E-08  4.03319336501342E-09
 2.178E-08  4.13600559407111E-09
 2.207E-08  4.24143866138279E-09
 2.237E-08  4.34955937598637E-09
 2.268E-08  4.46043624997870E-09
 2.299E-08  4.57413954192747E-09
 2.330E-08  4.69074130139205E-09
 2.362E-08  4.81031541457893E-09
 2.394E-08  4.93293765115920E-09
 2.427E-08  5.05868571228097E-09
 2.460E-08  5.18763927980574E-09
 2.494E-08  5.31988006679933E-09
 2.528E-08  5.45549186930937E-09
 2.562E-08  5.59456061946444E-09
 2.597E-08  5.73717443992526E-09
 2.633E-08  5.88342369972334E-09
 2.669E-08  6.03340107152509E-09
 2.705E-08  6.18720159035499E-09
 2.742E-08  6.34492271381368E-09
 2.779E-08  6.50666438383351E-09
 2.817E-08  6.67252909000859E-09
 2.856E-08  6.84262193453577E-09
 2.895E-08  7.01705069881503E-09
 2.934E-08  7.19592591174552E-09
 2.974E-08  7.37936091976290E-09
 3.015E-08  7.56747195866195E-09
 3.056E-08  7.76037822724998E-09
 3.098E-08  7.95820196287844E-09
 3.140E-08  8.16106851889919E-09
 3.183E-08  8.36910644409531E-09
 3.227E-08  8.58244756413653E-09
 3.271E-08  8.80122706511214E-09
 3.315E-08  9.02558357919101E-09
 3.361E-08  9.25565927246862E-09
 3.406E-08  9.49159993504956E-09
 3.453E-08  9.73355507342922E-09
 3.500E-08  9.98167800522908E-09
 3.548E-08  1.02361259563469E-08
 3.596E-08  1.04970601605845E-08
 3.645E-08  1.07646459618128E-08
 3.695E-08  1.10390529187448E-08
 3.746E-08  1.13204549123753E-08
 3.797E-08  1.16090302561622E-08
 3.849E-08  1.19049618090157E-08
 3.901E-08  1.22084370911668E-08
 3.954E-08  1.25196484029909E-08
 4.008E-08  1.28387929468596E-08
 4.063E-08  1.31660729520984E-08
 4.119E-08  1.35016958031299E-08
 4.175E-08  1.38458741708828E-08
 4.232E-08  1.41988261475534E-08
 4.290E-08  1.45607753847999E-08
 4.348E-08  1.49319512354562E-08
 4.408E-08  1.53125888988678E-08
 4.468E-08  1.57029295699227E-08
 4.529E-08  1.61032205918839E-08
 4.591E-08  1.65137156131225E-08
 4.653E-08  1.69346747478400E-08
 4.717E-08  1.73663647408900E-08
 4.781E-08  1.78090591368022E-08
 4.846E-08  1.82630384531142E-08
 4.913E-08  1.87285903581209E-08
 4.980E-08  1.92060098531565E-08
 5.048E-08  1.96955994595204E-08
 5.117E-08  2.01976694101729E-08
 5.186E-08  2.07125378463119E-08
 5.257E-08  2.12405310189627E-08
 5.329E-08  2.17819834957094E-08
 5.402E-08  2.23372383726898E-08
 5.475E-08  2.29066474920020E-08
 5.550E-08  2.34905716646447E-08
 5.626E-08  2.40893808991460E-08
 5.703E-08  2.47034546360216E-08
 5.781E-08  2.53331819882014E-08
 5.860E-08  2.59789619875925E-08
 5.940E-08  2.66412038379271E-08
 6.021E-08  2.73203271740488E-08
 6.103E-08  2.80167623278161E-08
 6.186E-08  2.87309506007815E-08
 6.271E-08  2.94633445438168E-08
 6.356E-08  3.02144082438728E-08
 6.443E-08  3.09846176180474E-08
 6.531E-08  3.17744607151463E-08
 6.620E-08  3.25844380249324E-08
 6.711E-08  3.34150627952607E-08
 6.802E-08  3.42668613572952E-08
 6.895E-08  3.51403734590138E-08
 6.989E-08  3.60361526072175E-08
 7.085E-08  3.69547664182551E-08
 7.181E-08  3.78967969776938E-08
 7.279E-08  3.88628412091528E-08
 7.379E-08  3.98535112525318E-08
 7.479E-08  4.08694348519014E-08
 7.582E-08  4.19112557532628E-08
 7.685E-08  4.29796341124479E-08
 7.790E-08  4.40752469134293E-08
 7.896E-08  4.51987883972821E-08
 8.004E-08  4.63509705020773E-08
 8.113E-08  4.75325233140073E-08
 8.224E-08  4.87441955299916E-08
 8.336E-08  4.99867549320764E-08
 8.450E-08  5.12609888739395E-08
 8.566E-08  5.25677047797853E-08
 8.683E-08  5.39077306559614E-08
 8.801E-08  5.52819156156133E-08
 8.921E-08  5.66911304167160E-08
 9.043E-08  5.81362680138186E-08
 9.167E-08  5.96182441238579E-08
 9.292E-08  6.11379978063842E-08
 9.419E-08  6.26964920585863E-08
 9.547E-08  6.42947144254841E-08
 9.677E-08  6.59336776256710E-08
 9.810E-08  6.76144201930068E-08
 9.944E-08  6.93380071346722E-08
 1.008E-07  7.11055306059887E-08
 1.022E-07  7.29181106024504E-08
 1.036E-07  7.47768956693932E-08
 1.050E-07  7.66830636297416E-08
 1.064E-07  7.86378223303280E-08
 1.079E-07  8.06424104072174E-08
 1.093E-07  8.26980980705423E-08
 1.108E-07  8.48061879093612E-08
 1.123E-07  8.69680157170085E-08
 1.139E-07  8.91849513374894E-08
 1.154E-07  9.14583995334686E-08
 1.170E-07  9.37898008763648E-08
 1.186E-07  9.61806326591290E-08
 1.202E-07  9.86324098323137E-08
 1.219E-07  1.01146685963978E-07
 1.235E-07  1.03725054224067E-07
 1.252E-07  1.06369148393915E-07
 1.269E-07  1.09080643901412E-07
 1.287E-07  1.11861258882626E-07
 1.304E-07  1.14712755270456E-07
 1.322E-07  1.17636939911021E-07
 1.340E-07  1.20635665708539E-07
 1.358E-07  1.23710832799358E-07
 1.377E-07  1.26864389755939E-07
 1.396E-07  1.30098334821496E-07
 1.415E-07  1.33414717176155E-07
 1.434E-07  1.36815638235332E-07
 1.454E-07  1.40303252981245E-07
 1.473E-07  1.43879771328356E-07
 1.494E-07  1.47547459523612E-07
 1.514E-07  1.51308641582381E-07
 1.535E-07  1.55165700760993E-07
 1.556E-07  1.59121081066813E-07
 1.577E-07  1.63177288806799E-07
 1.598E-07  1.67336894175560E-07
 1.620E-07  1.71602532883847E-07
 1.642E-07  1.75976907828576E-07
 1.665E-07  1.80462790805449E-07
 1.687E-07  1.85063024265181E-07
 1.710E-07  1.89780523114524E-07
 1.734E-07  1.94618276563163E-07
 1.757E-07  1.99579350017733E-07
 1.781E-07  2.04666887024124E-07
 1.806E-07  2.09884111259186E-07
 1.830E-07  2.15234328573338E-07
 1.855E-07  2.20720929085176E-07
 1.881E-07  2.26347389329452E-07
 1.906E-07  2.32117274459860E-07
 1.932E-07  2.38034240507916E-07
 1.959E-07  2.44102036699445E-07
 1.986E-07  2.50324507830109E-07
 2.013E-07  2.56705596701485E-07
 2.040E-07  2.63249346619226E-07
 2.068E-07  2.69959903954910E-07
 2.096E-07  2.76841520773174E-07
 2.125E-07  2.83898557525826E-07
 2.154E-07  2.91135485814657E-07
 2.183E-07  2.98556891224591E-07
 2.213E-07  3.06167476229108E-07
 2.243E-07  3.13972063169745E-07
 2.274E-07  3.21975597311470E-07
 2.305E-07  3.30183149975983E-07
 2.336E-07  3.38599921754882E-07
 2.368E-07  3.47231245804717E-07
 2.401E-07  3.56082591226034E-07
 2.433E-07  3.65159566528535E-07
 2.467E-07  3.74467923184547E-07
 2.500E-07  3.84013559273137E-07
 2.534E-07  3.93802523217022E-07
 2.569E-07  4.03841017614787E-07
 2.604E-07  4.14135403170722E-07
 2.640E-07  4.24692202724915E-07
 2.676E-07  4.35518105385960E-07
 2.712E-07  4.46619970769083E-07
 2.749E-07  4.58004833342238E-07
 2.787E-07  4.69679906883026E-07
 2.825E-07  4.81652589049183E-07
 2.863E-07  4.93930466065532E-07
 2.903E-07  5.06521317530487E-07
 2.942E-07  5.19433121344916E-07
 2.982E-07  5.32674058766810E-07
 3.023E-07  5.46252519594693E-07
 3.064E-07  5.60177107483104E-07
 3.106E-07  5.74456645393634E-07
 3.149E-07  5.89100181184867E-07
 3.192E-07  6.04116993344823E-07
 3.235E-07  6.19516596869446E-07
 3.279E-07  6.35308749290989E-07
 3.324E-07  6.51503456860036E-07
 3.369E-07  6.68110980885007E-07
 3.415E-07  6.85141844233387E-07
 3.462E-07  7.02606837998558E-07
 3.509E-07  7.20517028336494E-07
 3.557E-07  7.38883763476868E-07
 3.606E-07  7.57718680912812E-07
 3.655E-07  7.77033714773689E-07
 3.705E-07  7.96841103386078E-07
 3.756E-07  8.17153397027458E-07
 3.807E-07  8.37983465877244E-07
 3.859E-07  8.59344508170696E-07
 3.911E-07  8.81250058560574E-07
 3.965E-07  9.03713996692000E-07
 4.019E-07  9.26750555995591E-07
 4.074E-07  9.50374332705031E-07
 4.129E-07  9.74600295104425E-07
 4.186E-07  9.99443793010995E-07
 4.243E-07  1.02492056749994E-06
 4.301E-07  1.05104676087670E-06
 4.360E-07  1.07783892690379E-06
 4.419E-07  1.10531404128801E-06
 4.479E-07  1.13348951243488E-06
 4.541E-07  1.16238319247756E-06
 4.603E-07  1.19201338858631E-06
 4.665E-07  1.22239887456659E-06
 4.729E-07  1.25355890275260E-06
 4.794E-07  1.28551321620398E-06
 4.859E-07  1.31828206121338E-06
 4.926E-07  1.35188620013251E-06
 4.993E-07  1.38634692452556E-06
 5.061E-07  1.42168606865754E-06
 5.130E-07  1.45792602332624E-06
 5.200E-07  1.49508975004715E-06
 5.271E-07  1.53320079559942E-06
 5.343E-07  1.57228330694287E-06
 5.416E-07  1.61236204651497E-06
 5.490E-07  1.65346240791765E-06
 5.565E-07  1.69561043200418E-06
 5.641E-07  1.73883282337552E-06
 5.718E-07  1.78315696729742E-06
 5.796E-07  1.82861094704887E-06
 5.875E-07  1.87522356171201E-06
 5.955E-07  1.92302434441606E-06
 6.037E-07  1.97204358104570E-06
 6.119E-07  2.02231232942662E-06
 6.202E-07  2.07386243899967E-06
 6.287E-07  2.12672657099654E-06
 6.373E-07  2.18093821912981E-06
 6.460E-07  2.23653173080970E-06
 6.548E-07  2.29354232890208E-06
 6.638E-07  2.35200613404059E-06
 6.728E-07  2.41196018750757E-06
 6.820E-07  2.47344247469812E-06
 6.913E-07  2.53649194918168E-06
 7.008E-07  2.60114855737721E-06
 7.103E-07  2.66745326385729E-06
 7.200E-07  2.73544807729614E-06
 7.298E-07  2.80517607708036E-06
 7.398E-07  2.87668144059655E-06
 7.499E-07  2.95000947121441E-06
 7.602E-07  3.02520662698372E-06
 7.705E-07  3.10232055006187E-06
 7.811E-07  3.18140009689143E-06
 7.917E-07  3.26249536914685E-06
 8.025E-07  3.34565774546956E-06
 8.135E-07  3.43093991401214E-06
 8.246E-07  3.51839590581113E-06
 8.358E-07  3.60808112901063E-06
 8.473E-07  3.70005240395816E-06
 8.588E-07  3.79436799919451E-06
 8.705E-07  3.89108766836072E-06
 8.824E-07  3.99027268804535E-06
 8.945E-07  4.09198589659657E-06
 9.067E-07  4.19629173392269E-06
 9.191E-07  4.30325628230718E-06
 9.316E-07  4.41294730826381E-06
 9.443E-07  4.52543430545777E-06
 9.572E-07  4.64078853872043E-06
 9.703E-07  4.75908308918700E-06
 9.835E-07  4.88039290058205E-06
 9.970E-07  5.00479482668578E-06
 1.011E-06  5.13236768001016E-06
 1.024E-06  5.26319228171338E-06
 1.038E-06  5.39735151278879E-06
 1.053E-06  5.53493036655521E-06
 1.067E-06  5.67601600248641E-06
 1.081E-06  5.82069780141298E-06
 1.096E-06  5.96906742212755E-06
 1.111E-06  6.12121885943563E-06
 1.126E-06  6.27724850368263E-06
 1.142E-06  6.43725520180021E-06
 1.157E-06  6.60134031990604E-06
 1.173E-06  6.76960780749800E-06
 1.189E-06  6.94216426328648E-06
 1.205E-06  7.11911900270196E-06
 1.222E-06  7.30058412712197E-06
 1.239E-06  7.48667459486384E-06
 1.255E-06  7.67750829398450E-06
 1.273E-06  7.87320611693473E-06
 1.290E-06  8.07389203711743E-06
 1.308E-06  8.27969318739343E-06
 1.325E-06  8.49073994058992E-06
 1.344E-06  8.70716599205757E-06
 1.362E-06  8.92910844433290E-06
 1.380E-06  9.15670789395670E-06
 1.399E-06  9.39010852050297E-06
 1.418E-06  9.62945817787816E-06
 1.438E-06  9.87490848794375E-06
 1.457E-06  1.01266149365260E-05
 1.477E-06  1.03847369718699E-05
 1.497E-06  1.06494381056018E-05
 1.518E-06  1.09208860162649E-05
 1.539E-06  1.11992526554885E-05
 1.560E-06  1.14847143568676E-05
 1.581E-06  1.17774519476106E-05
 1.603E-06  1.20776508630326E-05
 1.624E-06  1.23855012639684E-05
 1.647E-06  1.27011981571709E-05
 1.669E-06  1.30249415187792E-05
 1.692E-06  1.33569364209315E-05
 1.715E-06  1.36973931616043E-05
 1.738E-06  1.40465273977551E-05
 1.762E-06  1.44045602818592E-05
 1.786E-06  1.47717186019235E-05
 1.811E-06  1.51482349250668E-05
 1.835E-06  1.55343477447570E-05
 1.860E-06  1.59303016317964E-05
 1.886E-06  1.63363473891565E-05
 1.911E-06  1.67527422107521E-05
 1.938E-06  1.71797498442623E-05
 1.964E-06  1.76176407580972E-05
 1.991E-06  1.80666923126147E-05
 2.018E-06  1.85271889357025E-05
 2.046E-06  1.89994223028296E-05
 2.073E-06  1.94836915216790E-05
 2.102E-06  1.99803033214896E-05
 2.130E-06  2.04895722472166E-05
 2.160E-06  2.10118208586339E-05
 2.189E-06  2.15473799345103E-05
 2.219E-06  2.20965886819852E-05
 2.249E-06  2.26597949512752E-05
 2.280E-06  2.32373554558456E-05
 2.311E-06  2.38296359981936E-05
 2.343E-06  2.44370117013748E-05
 2.375E-06  2.50598672464306E-05
 2.407E-06  2.56985971158592E-05
 2.440E-06  2.63536058432851E-05
 2.473E-06  2.70253082694885E-05
 2.507E-06  2.77141298049467E-05
 2.541E-06  2.84205066990719E-05
 2.576E-06  2.91448863162936E-05
 2.611E-06  2.98877274191755E-05
 2.647E-06  3.06495004587392E-05
 2.683E-06  3.14306878721807E-05
 2.719E-06  3.22317843881639E-05
 2.757E-06  3.30532973398917E-05
 2.794E-06  3.38957469861419E-05
 2.832E-06  3.47596668404750E-05
 2.871E-06  3.56456040088356E-05
 2.910E-06  3.65541195357298E-05
 2.950E-06  3.74857887592277E-05
 2.990E-06  3.84412016750035E-05
 3.031E-06  3.94209633096324E-05
 3.072E-06  4.04256941033959E-05
 3.114E-06  4.14560303028405E-05
 3.157E-06  4.25126243633124E-05
 3.200E-06  4.35961453617446E-05
 3.244E-06  4.47072794199581E-05
 3.288E-06  4.58467301387267E-05
 3.333E-06  4.70152190428949E-05
 3.378E-06  4.82134860378252E-05
 3.424E-06  4.94422898774629E-05
 3.471E-06  5.07024086443093E-05
 3.519E-06  5.19946402416131E-05
 3.567E-06  5.33198028980925E-05
 3.615E-06  5.46787356854920E-05
 3.665E-06  5.60722990493186E-05
 3.715E-06  5.75013753530782E-05
 3.765E-06  5.89668694363708E-05
 3.817E-06  6.04697091871723E-05
 3.869E-06  6.20108461286868E-05
 3.922E-06  6.35912560211451E-05
 3.975E-06  6.52119394788884E-05
 4.030E-06  6.68739226031732E-05
 4.085E-06  6.85782576310684E-05
 4.140E-06  7.03260236008655E-05
 4.197E-06  7.21183270344186E-05
 4.254E-06  7.39563026368433E-05
 4.312E-06  7.58411140140184E-05
 4.371E-06  7.77739544083313E-05
 4.431E-06  7.97560474531536E-05
 4.491E-06  8.17886479465029E-05
 4.553E-06  8.38730426443852E-05
 4.615E-06  8.60105510743187E-05
 4.678E-06  8.82025263695505E-05
 4.742E-06  9.04503561244895E-05
 4.806E-06  9.27554632718990E-05
 4.872E-06  9.51193069824124E-05
 4.938E-06  9.75433835868991E-05
 5.006E-06  1.00029227522310E-04
 5.074E-06  1.02578412301578E-04
 5.144E-06  1.05192551508173E-04
 5.214E-06  1.07873299815947E-04
 5.285E-06  1.10622354034937E-04
 5.357E-06  1.13441454183718E-04
 5.430E-06  1.16332384589082E-04
 5.504E-06  1.19296975013615E-04
 5.579E-06  1.22337101811984E-04
 5.656E-06  1.25454689116633E-04
 5.733E-06  1.28651710053559E-04
 5.811E-06  1.31930187989089E-04
 5.890E-06  1.35292197808272E-04
 5.971E-06  1.38739867225813E-04
 6.052E-06  1.42275378130333E-04
 6.135E-06  1.45900967962759E-04
 6.219E-06  1.49618931129811E-04
 6.304E-06  1.53431620453354E-04
 6.390E-06  1.57341448656626E-04
 6.477E-06  1.61350889888240E-04
 6.565E-06  1.65462481284887E-04
 6.655E-06  1.69678824573791E-04
 6.746E-06  1.74002587715857E-04
 6.838E-06  1.78436506590565E-04
 6.931E-06  1.82983386723721E-04
 7.026E-06  1.87646105059076E-04
 7.122E-06  1.92427611774940E-04
 7.219E-06  1.97330932147000E-04
 7.318E-06  2.02359168458416E-04
 7.418E-06  2.07515501958478E-04
 7.519E-06  2.12803194870988E-04
 7.622E-06  2.18225592453658E-04
 7.726E-06  2.23786125109882E-04
 7.831E-06  2.29488310554029E-04
 7.938E-06  2.35335756031836E-04
 8.046E-06  2.41332160597167E-04
 8.156E-06  2.47481317446514E-04
 8.268E-06  2.53787116312900E-04
 8.380E-06  2.60253545920490E-04
 8.495E-06  2.66884696501551E-04
 8.611E-06  2.73684762377307E-04
 8.728E-06  2.80658044604340E-04
 8.848E-06  2.87808953688168E-04
 8.968E-06  2.95142012365678E-04
 9.091E-06  3.02661858458253E-04
 9.215E-06  3.10373247797228E-04
 9.341E-06  3.18281057223704E-04
 9.468E-06  3.26390287664447E-04
 9.597E-06  3.34706067285789E-04
 9.729E-06  3.43233654727664E-04
 9.861E-06  3.51978442419675E-04
 9.996E-06  3.60945959981249E-04
 1.013E-05  3.70141877708160E-04
 1.027E-05  3.79572010147394E-04
 1.041E-05  3.89242319762804E-04
 1.055E-05  3.99158920693689E-04
 1.070E-05  4.09328082608696E-04
 1.084E-05  4.19756234657596E-04
 1.099E-05  4.30449969523080E-04
 1.114E-05  4.41416047575482E-04
 1.129E-05  4.52661401132808E-04
 1.145E-05  4.64193138828722E-04
 1.160E-05  4.76018550091370E-04
 1.176E-05  4.88145109735712E-04
 1.192E-05  5.00580482672247E-04
 1.209E-05  5.13332528735138E-04
 1.225E-05  5.26409307632733E-04
 1.242E-05  5.39819084023511E-04
 1.259E-05  5.53570332720643E-04
 1.276E-05  5.67671744028550E-04
 1.293E-05  5.82132229214575E-04
 1.311E-05  5.96960926119275E-04
 1.329E-05  6.12167204908994E-04
 1.347E-05  6.27760673974028E-04
 1.365E-05  6.43751185976249E-04
 1.384E-05  6.60148844049817E-04
 1.403E-05  6.76964008159046E-04
 1.422E-05  6.94207301617252E-04
 1.442E-05  7.11889617770621E-04
 1.461E-05  7.30022126851246E-04
 1.481E-05  7.48616283003819E-04
 1.501E-05  7.67683831490144E-04
 1.522E-05  7.87236816075831E-04
 1.543E-05  8.07287586604210E-04
 1.564E-05  8.27848806761761E-04
 1.585E-05  8.48933462040030E-04
 1.607E-05  8.70554867899088E-04
 1.629E-05  8.92726678137398E-04
 1.651E-05  9.15462893473505E-04
 1.673E-05  9.38777870344765E-04
 1.696E-05  9.62686329928582E-04
 1.719E-05  9.87203367391719E-04
 1.743E-05  1.01234446137362E-03
 1.767E-05  1.03812548370941E-03
 1.791E-05  1.06456270939867E-03
 1.815E-05  1.09167282682616E-03
 1.840E-05  1.11947294824099E-03
 1.865E-05  1.14798062050050E-03
 1.891E-05  1.17721383608561E-03
 1.916E-05  1.20719104439453E-03
 1.943E-05  1.23793116332168E-03
 1.969E-05  1.26945359112924E-03
 1.996E-05  1.30177821861826E-03
 2.023E-05  1.33492544160731E-03
 2.051E-05  1.36891617372606E-03
 2.079E-05  1.40377185953213E-03
 2.107E-05  1.43951448795868E-03
 2.136E-05  1.47616660610135E-03
 2.165E-05  1.51375133335369E-03
 2.195E-05  1.55229237589845E-03
 2.225E-05  1.59181404156510E-03
 2.255E-05  1.63234125506194E-03
 2.286E-05  1.67389957359186E-03
 2.317E-05  1.71651520286269E-03
 2.349E-05  1.76021501350091E-03
 2.381E-05  1.80502655787874E-03
 2.413E-05  1.85097808736584E-03
 2.446E-05  1.89809857001562E-03
 2.480E-05  1.94641770869724E-03
 2.514E-05  1.99596595968421E-03
 2.548E-05  2.04677455171152E-03
 2.583E-05  2.09887550551245E-03
 2.618E-05  2.15230165384744E-03
 2.654E-05  2.20708666203742E-03
 2.690E-05  2.26326504901355E-03
 2.727E-05  2.32087220889700E-03
 2.764E-05  2.37994443312189E-03
 2.802E-05  2.44051893311461E-03
 2.840E-05  2.50263386354343E-03
 2.879E-05  2.56632834615321E-03
 2.918E-05  2.63164249419943E-03
 2.958E-05  2.69861743749594E-03
 2.998E-05  2.76729534809260E-03
 3.039E-05  2.83771946659892E-03
 3.080E-05  2.90993412916761E-03
 3.123E-05  2.98398479515693E-03
 3.165E-05  3.05991807548816E-03
 3.208E-05  3.13778176171367E-03
 3.252E-05  3.21762485581612E-03
 3.297E-05  3.29949760075504E-03
 3.342E-05  3.38345151177963E-03
 3.387E-05  3.46953940852805E-03
 3.433E-05  3.55781544793045E-03
 3.480E-05  3.64833515793826E-03
 3.528E-05  3.74115547209909E-03
 3.576E-05  3.83633476499705E-03
 3.625E-05  3.93393288858266E-03
 3.674E-05  4.03401120941242E-03
 3.724E-05  4.13663264682014E-03
 3.775E-05  4.24186171204588E-03
 3.827E-05  4.34976454834296E-03
 3.879E-05  4.46040897208976E-03
 3.932E-05  4.57386451492967E-03
 3.986E-05  4.69020246696510E-03
 4.040E-05  4.80949592103249E-03
 4.095E-05  4.93181981808353E-03
 4.151E-05  5.05725099370094E-03
 4.208E-05  5.18586822577646E-03
 4.265E-05  5.31775228338024E-03
 4.324E-05  5.45298597685069E-03
 4.383E-05  5.59165420913455E-03
 4.442E-05  5.73384402840820E-03
 4.503E-05  5.87964468201329E-03
 4.565E-05  6.02914767173624E-03
 4.627E-05  6.18244681046736E-03
 4.690E-05  6.33963828027164E-03
 4.754E-05  6.50082069190736E-03
 4.819E-05  6.66609514582767E-03
 4.885E-05  6.83556529470087E-03
 4.951E-05  7.00933740748733E-03
 5.019E-05  7.18752043511191E-03
 5.088E-05  7.37022607776974E-03
 5.157E-05  7.55756885390638E-03
 5.227E-05  7.74966617091332E-03
 5.299E-05  7.94663839757964E-03
 5.371E-05  8.14860893834451E-03
 5.445E-05  8.35570430939486E-03
 5.519E-05  8.56805421665085E-03
 5.594E-05  8.78579163568642E-03
 5.671E-05  9.00905289363570E-03
 5.748E-05  9.23797775312705E-03
 5.826E-05  9.47270949829986E-03
 5.906E-05  9.71339502295315E-03
 5.987E-05  9.96018492087525E-03
 6.068E-05  1.02132335784135E-02
 6.151E-05  1.04726992693327E-02
 6.235E-05  1.07387442520205E-02
 6.320E-05  1.10115348690983E-02
 6.407E-05  1.12912416494915E-02
 6.494E-05  1.15780394130245E-02
 6.583E-05  1.18721073775969E-02
 6.673E-05  1.21736292690075E-02
 6.764E-05  1.24827934334849E-02
 6.856E-05  1.27997929529968E-02
 6.950E-05  1.31248257634002E-02
 7.045E-05  1.34580947755010E-02
 7.141E-05  1.37998079990992E-02
 7.238E-05  1.41501786700840E-02
 7.337E-05  1.45094253806570E-02
 7.437E-05  1.48777722127564E-02
 7.539E-05  1.52554488747637E-02
 7.642E-05  1.56426908415646E-02
 7.746E-05  1.60397394980516E-02
 7.852E-05  1.64468422861460E-02
 7.959E-05  1.68642528554262E-02
 8.068E-05  1.72922312174493E-02
 8.178E-05  1.77310439038511E-02
 8.289E-05  1.81809641283184E-02
 8.403E-05  1.86422719525230E-02
 8.517E-05  1.91152544561171E-02
 8.634E-05  1.96002059108796E-02
 8.751E-05  2.00974279591169E-02
 8.871E-05  2.06072297964198E-02
 8.992E-05  2.11299283588767E-02
 9.115E-05  2.16658485148534E-02
 9.239E-05  2.22153232614416E-02
 9.365E-05  2.27786939256981E-02
 9.493E-05  2.33563103707678E-02
 9.623E-05  2.39485312070296E-02
 9.754E-05  2.45557240083686E-02
 9.887E-05  2.51782655336979E-02
 1.002E-04  2.58165419538608E-02
 1.016E-04  2.64709490840256E-02
 1.030E-04  2.71418926217207E-02
 1.044E-04  2.78297883906261E-02
 1.058E-04  2.85350625902632E-02
 1.073E-04  2.92581520517253E-02
 1.087E-04  2.99995044995773E-02
 1.102E-04  3.07595788200856E-02
 1.117E-04  3.15388453359115E-02
 1.132E-04  3.23377860874191E-02
 1.148E-04  3.31568951207660E-02
 1.163E-04  3.39966787829190E-02
 1.179E-04  3.48576560237625E-02
 1.195E-04  3.57403587054552E-02
 1.212E-04  3.66453319192206E-02
 1.228E-04  3.75731343097220E-02
 1.245E-04  3.85243384072117E-02
 1.262E-04  3.94995309676281E-02
 1.279E-04  4.04993133208137E-02
 1.297E-04  4.15243017270682E-02
 1.314E-04  4.25751277421845E-02
 1.332E-04  4.36524385912030E-02
 1.351E-04  4.47568975510647E-02
 1.369E-04  4.58891843423578E-02
 1.388E-04  4.70499955303763E-02
 1.407E-04  4.82400449357017E-02
 1.426E-04  4.94600640545256E-02
 1.445E-04  5.07108024889101E-02
 1.465E-04  5.19930283872442E-02
 1.485E-04  5.33075288951088E-02
 1.505E-04  5.46551106167759E-02
 1.526E-04  5.60366000875955E-02
 1.547E-04  5.74528442575065E-02
 1.568E-04  5.89047109859246E-02
 1.589E-04  6.03930895482456E-02
 1.611E-04  6.19188911542489E-02
 1.633E-04  6.34830494786367E-02
 1.655E-04  6.50865212039954E-02
 1.678E-04  6.67302865764567E-02
 1.701E-04  6.84153499743059E-02
 1.724E-04  7.01427404898680E-02
 1.748E-04  7.19135125249388E-02
 1.771E-04  7.37287464000355E-02
 1.796E-04  7.55895489778129E-02
 1.820E-04  7.74970543009214E-02
 1.845E-04  7.94524242446301E-02
 1.870E-04  8.14568491845279E-02
 1.896E-04  8.35115486796373E-02
 1.922E-04  8.56177721712550E-02
 1.948E-04  8.77767996978970E-02
 1.974E-04  8.99899426266318E-02
 2.001E-04  9.22585444011831E-02
 2.029E-04  9.45839813071890E-02
 2.056E-04  9.69676632549045E-02
 2.084E-04  9.94110345797944E-02
 2.113E-04  1.01915574861329E-01
 2.142E-04  1.04482799760414E-01
 2.171E-04  1.07114261875813E-01
 2.201E-04  1.09811551619948E-01
 2.231E-04  1.12576298114526E-01
 2.261E-04  1.15410170106347E-01
 2.292E-04  1.18314876903739E-01
 2.323E-04  1.21292169334048E-01
 2.355E-04  1.24343840722582E-01
 2.387E-04  1.27471727893462E-01
 2.420E-04  1.30677712192842E-01
 2.453E-04  1.33963720534903E-01
 2.486E-04  1.37331726471124E-01
 2.520E-04  1.40783751283269E-01
 2.555E-04  1.44321865100548E-01
 2.589E-04  1.47948188041470E-01
 2.625E-04  1.51664891380837E-01
 2.661E-04  1.55474198742373E-01
 2.697E-04  1.59378387317526E-01
 2.734E-04  1.63379789110898E-01
 2.771E-04  1.67480792212840E-01
 2.809E-04  1.71683842099712E-01
 2.847E-04  1.75991442962407E-01
 2.886E-04  1.80406159063550E-01
 2.926E-04  1.84930616124016E-01
 2.965E-04  1.89567502739276E-01
 3.006E-04  1.94319571826097E-01
 3.047E-04  1.99189642100233E-01
 3.089E-04  2.04180599585558E-01
 3.131E-04  2.09295399155332E-01
 3.174E-04  2.14537066106103E-01
 3.217E-04  2.19908697764853E-01
 3.261E-04  2.25413465129970E-01
 3.305E-04  2.31054614546672E-01
 3.350E-04  2.36835469417425E-01
 3.396E-04  2.42759431948004E-01
 3.442E-04  2.48829984929865E-01
 3.489E-04  2.55050693559276E-01
 3.537E-04  2.61425207294008E-01
 3.585E-04  2.67957261748115E-01
 3.634E-04  2.74650680625437E-01
 3.684E-04  2.81509377692517E-01
 3.734E-04  2.88537358791485E-01
 3.785E-04  2.95738723893619E-01
 3.837E-04  3.03117669194133E-01
 3.889E-04  3.10678489249015E-01
 3.942E-04  3.18425579154325E-01
 3.996E-04  3.26363436768783E-01
 4.051E-04  3.34496664980221E-01
 4.106E-04  3.42829974016534E-01
 4.162E-04  3.51368183801834E-01
 4.219E-04  3.60116226358365E-01
 4.277E-04  3.69079148254956E-01
 4.335E-04  3.78262113102511E-01
 4.394E-04  3.87670404097246E-01
 4.454E-04  3.97309426612366E-01
 4.515E-04  4.07184710838707E-01
 4.577E-04  4.17301914474984E-01
 4.639E-04  4.27666825468396E-01
 4.702E-04  4.38285364806021E-01
 4.767E-04  4.49163589357734E-01
 4.832E-04  4.60307694771215E-01
 4.898E-04  4.71724018419594E-01
 4.965E-04  4.83419042402367E-01
 5.032E-04  4.95399396600133E-01
 5.101E-04  5.07671861783660E-01
 5.171E-04  5.20243372777906E-01
 5.241E-04  5.33121021681455E-01
 5.313E-04  5.46312061141830E-01
 5.385E-04  5.59823907687309E-01
 5.459E-04  5.73664145115595E-01
 5.533E-04  5.87840527939776E-01
 5.609E-04  6.02360984892182E-01
 5.686E-04  6.17233622486214E-01
 5.763E-04  6.32466728636837E-01
 5.842E-04  6.48068776339937E-01
 5.922E-04  6.64048427410751E-01
 6.002E-04  6.80414536281991E-01
 6.084E-04  6.97176153861419E-01
 6.167E-04  7.14342531449546E-01
 6.252E-04  7.31923124717433E-01
 6.337E-04  7.49927597744509E-01
 6.423E-04  7.68365827117067E-01
 6.511E-04  7.87247906086866E-01
 6.600E-04  8.06584148790064E-01
 6.690E-04  8.26385094526748E-01
 6.782E-04  8.46661512100390E-01
 6.874E-04  8.67424404217398E-01
 6.968E-04  8.88685011946538E-01
 7.063E-04  9.10454819237881E-01
 7.160E-04  9.32745557500778E-01
 7.257E-04  9.55569210240690E-01
 7.356E-04  9.78938017754239E-01
 7.457E-04  1.00286448188192E+00
 7.559E-04  1.02736137081769E+00
 7.662E-04  1.05244172397506E+00
 7.766E-04  1.07811885690845E+00
 7.872E-04  1.10440636628903E+00
 7.980E-04  1.13131813493428E+00
 8.089E-04  1.15886833688962E+00
 8.199E-04  1.18707144256142E+00
 8.311E-04  1.21594222389981E+00
 8.425E-04  1.24549575962970E+00
 8.540E-04  1.27574744052872E+00
 8.656E-04  1.30671297475029E+00
 8.774E-04  1.33840839318975E+00
 8.894E-04  1.37085005489202E+00
 9.016E-04  1.40405465249839E+00
 9.139E-04  1.43803921772999E+00
 9.264E-04  1.47282112690622E+00
 9.390E-04  1.50841810649479E+00
 9.518E-04  1.54484823869094E+00
 9.648E-04  1.58212996702328E+00
 9.780E-04  1.62028210198254E+00
 9.913E-04  1.65932382667012E+00
 1.005E-03  1.69927470246360E+00
 1.019E-03  1.74015467469438E+00
 1.032E-03  1.78198407833458E+00
 1.047E-03  1.82478364368860E+00
 1.061E-03  1.86857450208507E+00
 1.075E-03  1.91337819156473E+00
 1.090E-03  1.95921666255925E+00
 1.105E-03  2.00611228355620E+00
 1.120E-03  2.05408784674452E+00
 1.135E-03  2.10316657363539E+00
 1.151E-03  2.15337212065194E+00
 1.167E-03  2.20472858468223E+00
 1.182E-03  2.25726050858904E+00
 1.199E-03  2.31099288666922E+00
 1.215E-03  2.36595117005614E+00
 1.232E-03  2.42216127205737E+00
 1.248E-03  2.47964957342020E+00
 1.265E-03  2.53844292751679E+00
 1.283E-03  2.59856866544050E+00
 1.300E-03  2.66005460100450E+00
 1.318E-03  2.72292903563375E+00
 1.336E-03  2.78722076314068E+00
 1.354E-03  2.85295907437454E+00
 1.373E-03  2.92017376173397E+00
 1.391E-03  2.98889512353217E+00
 1.410E-03  3.05915396820348E+00
 1.430E-03  3.13098161833935E+00
 1.449E-03  3.20440991454195E+00
 1.469E-03  3.27947121908257E+00
 1.489E-03  3.35619841935176E+00
 1.509E-03  3.43462493108799E+00
 1.530E-03  3.51478470136991E+00
 1.551E-03  3.59671221135844E+00
 1.572E-03  3.68044247877327E+00
 1.593E-03  3.76601106008798E+00
 1.615E-03  3.85345405242753E+00
 1.637E-03  3.94280809515164E+00
 1.660E-03  4.03411037110655E+00
 1.682E-03  4.12739860752696E+00
 1.705E-03  4.22271107657016E+00
 1.729E-03  4.32008659546237E+00
 1.752E-03  4.41956452623871E+00
 1.776E-03  4.52118477505502E+00
 1.800E-03  4.62498779105185E+00
 1.825E-03  4.73101456474790E+00
 1.850E-03  4.83930662594094E+00
 1.875E-03  4.94990604109374E+00
 1.901E-03  5.06285541018026E+00
 1.927E-03  5.17819786296880E+00
 1.953E-03  5.29597705471641E+00
 1.980E-03  5.41623716124923E+00
 2.007E-03  5.53902287340200E+00
 2.034E-03  5.66437939078999E+00
 2.062E-03  5.79235241488538E+00
 2.090E-03  5.92298814136905E+00
 2.118E-03  6.05633325172978E+00
 2.147E-03  6.19243490407972E+00
 2.177E-03  6.33134072315587E+00
 2.206E-03  6.47309878947664E+00
 2.236E-03  6.61775762762074E+00
 2.267E-03  6.76536619359655E+00
 2.298E-03  6.91597386126731E+00
 2.329E-03  7.06963040779926E+00
 2.361E-03  7.22638599809763E+00
 2.393E-03  7.38629116819446E+00
 2.426E-03  7.54939680755271E+00
 2.459E-03  7.71575414025049E+00
 2.493E-03  7.88541470500678E+00
 2.527E-03  8.05843033401196E+00
 2.561E-03  8.23485313052512E+00
 2.596E-03  8.41473544519721E+00
 2.632E-03  8.59812985108276E+00
 2.668E-03  8.78508911729940E+00
 2.704E-03  8.97566618129444E+00
 2.741E-03  9.16991411967935E+00
 2.778E-03  9.36788611758856E+00
 2.816E-03  9.56963543652406E+00
 2.855E-03  9.77521538064272E+00
 2.894E-03  9.98467926144405E+00
 2.933E-03  1.01980803608182E+01
 2.973E-03  1.04154718924108E+01
 3.014E-03  1.06369069612633E+01
 3.055E-03  1.08624385216872E+01
 3.097E-03  1.10921193333298E+01
 3.139E-03  1.13260019153902E+01
 3.182E-03  1.15641384989451E+01
 3.225E-03  1.18065809773427E+01
 3.269E-03  1.20533808546249E+01
 3.314E-03  1.23045891919387E+01
 3.359E-03  1.25602565518969E+01
 3.405E-03  1.28204329408510E+01
 3.452E-03  1.30851677490397E+01
 3.499E-03  1.33545096885751E+01
 3.546E-03  1.36285067292347E+01
 3.595E-03  1.39072060320236E+01
 3.644E-03  1.41906538804771E+01
 3.694E-03  1.44788956096724E+01
 3.744E-03  1.47719755329219E+01
 3.795E-03  1.50699368661224E+01
 3.847E-03  1.53728216497344E+01
 3.900E-03  1.56806706683747E+01
 3.953E-03  1.59935233679982E+01
 4.007E-03  1.63114177706562E+01
 4.061E-03  1.66343903868181E+01
 4.117E-03  1.69624761252461E+01
 4.173E-03  1.72957082004185E+01
 4.230E-03  1.76341180374960E+01
 4.288E-03  1.79777351748378E+01
 4.346E-03  1.83265871640695E+01
 4.406E-03  1.86806994677149E+01
 4.466E-03  1.90400953544064E+01
 4.527E-03  1.94047957916975E+01
 4.589E-03  1.97748193364987E+01
 4.651E-03  2.01501820231728E+01
 4.715E-03  2.05308972493246E+01
 4.779E-03  2.09169756593299E+01
 4.844E-03  2.13084250256565E+01
 4.911E-03  2.17052501280319E+01
 4.978E-03  2.21074526305239E+01
 5.046E-03  2.25150309566094E+01
 5.114E-03  2.29279801623090E+01
 5.184E-03  2.33462918074788E+01
 5.255E-03  2.37699538253578E+01
 5.327E-03  2.41989503904768E+01
 5.400E-03  2.46332617850469E+01
 5.473E-03  2.50728642639565E+01
 5.548E-03  2.55177299185093E+01
 5.624E-03  2.59678265390557E+01
 5.700E-03  2.64231174766747E+01
 5.778E-03  2.68835615040782E+01
 5.857E-03  2.73491126759178E+01
 5.937E-03  2.78197201886925E+01
 6.018E-03  2.82953282404607E+01
 6.100E-03  2.87758758905795E+01
 6.184E-03  2.92612969197057E+01
 6.268E-03  2.97515196903024E+01
 6.354E-03  3.02464670079168E+01
 6.440E-03  3.07460559835031E+01
 6.528E-03  3.12501978970810E+01
 6.617E-03  3.17587980630363E+01
 6.708E-03  3.22717556973846E+01
 6.799E-03  3.27889637873348E+01
 6.892E-03  3.33103089635028E+01
 6.986E-03  3.38356713751474E+01
 7.082E-03  3.43649245688097E+01
 7.178E-03  3.48979353707589E+01
 7.276E-03  3.54345637736602E+01
 7.376E-03  3.59746628279006E+01
 7.476E-03  3.65180785380216E+01
 7.578E-03  3.70646497647261E+01
 7.682E-03  3.76142081329434E+01
 7.787E-03  3.81665779464517E+01
 7.893E-03  3.87215761095745E+01
 8.001E-03  3.92790120564823E+01
 8.110E-03  3.98386876886475E+01
 8.221E-03  4.04003973210170E+01
 8.333E-03  4.09639276374780E+01
 8.447E-03  4.15290576562094E+01
 8.562E-03  4.20955587055288E+01
 8.679E-03  4.26631944108494E+01
 8.798E-03  4.32317206933790E+01
 8.918E-03  4.38008857812094E+01
 9.039E-03  4.43704302334423E+01
 9.163E-03  4.49400869780194E+01
 9.288E-03  4.55095813639286E+01
 9.415E-03  4.60786312284601E+01
 9.543E-03  4.66469469802024E+01
 9.674E-03  4.72142316984622E+01
 9.806E-03  4.77801812498002E+01
 9.940E-03  4.83444844223742E+01
 1.008E-02  4.89068230787804E+01
 1.021E-02  4.94668723280788E+01
 1.035E-02  5.00243007176846E+01
 1.049E-02  5.05787704458010E+01
 1.064E-02  5.11299375950539E+01
 1.078E-02  5.16774523879844E+01
 1.093E-02  5.22209594650298E+01
 1.108E-02  5.27600981856123E+01
 1.123E-02  5.32945029529323E+01
 1.138E-02  5.38238035630341E+01
 1.154E-02  5.43476255786890E+01
 1.170E-02  5.48655907286067E+01
 1.186E-02  5.53773173324507E+01
 1.202E-02  5.58824207520933E+01
 1.218E-02  5.63805138695060E+01
 1.235E-02  5.68712075916307E+01
 1.252E-02  5.73541113825281E+01
 1.269E-02  5.78288338230406E+01
 1.286E-02  5.82949831981514E+01
 1.304E-02  5.87521681121537E+01
 1.321E-02  5.91999981316726E+01
 1.339E-02  5.96380844565148E+01
 1.358E-02  6.00660406182325E+01
 1.376E-02  6.04834832062110E+01
 1.395E-02  6.08900326209986E+01
 1.414E-02  6.12853138545011E+01
 1.433E-02  6.16689572965643E+01
 1.453E-02  6.20405995673661E+01
 1.473E-02  6.23998843749286E+01
 1.493E-02  6.27464633969432E+01
 1.513E-02  6.30799971859876E+01
 1.534E-02  6.34001560970875E+01
 1.555E-02  6.37066212364411E+01
 1.576E-02  6.39990854300014E+01
 1.598E-02  6.42772542104639E+01
 1.619E-02  6.45408468210695E+01
 1.642E-02  6.47895972344841E+01
 1.664E-02  6.50232551848699E+01
 1.687E-02  6.52415872111052E+01
 1.710E-02  6.54443777089563E+01
 1.733E-02  6.56314299898474E+01
 1.757E-02  6.58025673437087E+01
 1.781E-02  6.59576341032248E+01
 1.805E-02  6.60964967066407E+01
 1.830E-02  6.62190447561140E+01
 1.855E-02  6.63251920684459E+01
 1.880E-02  6.64148777148506E+01
 1.906E-02  6.64880670462686E+01
 1.932E-02  6.65447527005628E+01
 1.958E-02  6.65849555877857E+01
 1.985E-02  6.66087258495477E+01
 2.012E-02  6.66161437883710E+01
 2.039E-02  6.66073207627714E+01
 2.067E-02  6.65824000436732E+01
 2.095E-02  6.65415576276357E+01
 2.124E-02  6.64850030022502E+01
 2.153E-02  6.64129798589598E+01
 2.182E-02  6.63257667484514E+01
 2.212E-02  6.62236776736897E+01
 2.242E-02  6.61070626155894E+01
 2.273E-02  6.59763079862634E+01
 2.304E-02  6.58318370047448E+01
 2.335E-02  6.56741099900606E+01
 2.367E-02  6.55036245665247E+01
 2.400E-02  6.53209157761393E+01
 2.432E-02  6.51265560930249E+01
 2.466E-02  6.49211553348641E+01
 2.499E-02  6.47053604664246E+01
 2.533E-02  6.44798552903346E+01
 2.568E-02  6.42453600204218E+01
 2.603E-02  6.40026307330863E+01
 2.639E-02  6.37524586923703E+01
 2.675E-02  6.34956695446076E+01
 2.711E-02  6.32331223787884E+01
 2.748E-02  6.29657086490530E+01
 2.786E-02  6.26943509560492E+01
 2.824E-02  6.24200016842305E+01
 2.862E-02  6.21436414925562E+01
 2.901E-02  6.18662776564695E+01
 2.941E-02  6.15889422594761E+01
 2.981E-02  6.13126902331339E+01
 3.022E-02  6.10385972447771E+01
 3.063E-02  6.07677574328528E+01
 3.105E-02  6.05012809903316E+01
 3.147E-02  6.02402915972728E+01
 3.190E-02  5.99859237042728E+01
 3.234E-02  5.97393196692076E+01
 3.278E-02  5.95016267503906E+01
 3.323E-02  5.92739939600057E+01
 3.368E-02  5.90575687824375E+01
 3.414E-02  5.88534937629155E+01
 3.461E-02  5.86629029726939E+01
 3.508E-02  5.84869183578230E+01
 3.556E-02  5.83266459794130E+01
 3.604E-02  5.81831721541541E+01
 3.654E-02  5.80575595047223E+01
 3.703E-02  5.79508429305832E+01
 3.754E-02  5.78640255105803E+01
 3.805E-02  5.77980743495745E+01
 3.857E-02  5.77539163822727E+01
 3.910E-02  5.77324341482437E+01
 3.963E-02  5.77344615529651E+01
 4.017E-02  5.77607796305689E+01
 4.072E-02  5.78121123247504E+01
 4.128E-02  5.78891223050752E+01
 4.184E-02  5.79924068366420E+01
 4.241E-02  5.81224937217504E+01
 4.299E-02  5.82798373328537E+01
 4.358E-02  5.84648147566617E+01
 4.417E-02  5.86777220697740E+01
 4.478E-02  5.89187707666764E+01
 4.539E-02  5.91880843613073E+01
 4.601E-02  5.94856951837014E+01
 4.664E-02  5.98115413934175E+01
 4.727E-02  6.01654642315818E+01
 4.792E-02  6.05472055333871E+01
 4.857E-02  6.09564055228010E+01
 4.924E-02  6.13926009110368E+01
 4.991E-02  6.18552233200218E+01
 5.059E-02  6.23435980516604E+01
 5.128E-02  6.28569432231249E+01
 5.198E-02  6.33943692877119E+01
 5.269E-02  6.39548789599711E+01
 5.341E-02  6.45373675628466E+01
 5.414E-02  6.51406238134641E+01
 5.488E-02  6.57633310629440E+01
 5.563E-02  6.64040690042271E+01
 5.639E-02  6.70613158603589E+01
 5.716E-02  6.77334510639941E+01
 5.794E-02  6.84187584370545E+01
 5.873E-02  6.91154298775008E+01
 5.953E-02  6.98215695580710E+01
 6.034E-02  7.05351986395894E+01
 6.116E-02  7.12542604990747E+01
 6.200E-02  7.19766264703703E+01
 6.285E-02  7.27001020924023E+01
 6.370E-02  7.34224338574320E+01
 6.457E-02  7.41413164488431E+01
 6.546E-02  7.48544004550688E+01
 6.635E-02  7.55593005432640E+01
 6.725E-02  7.62536040732485E+01
 6.817E-02  7.69348801291180E+01
 6.910E-02  7.76006889427485E+01
 7.005E-02  7.82485916802270E+01
 7.100E-02  7.88761605590344E+01
 7.197E-02  7.94809892606185E+01
 7.296E-02  8.00607035998283E+01
 7.395E-02  8.06129724095684E+01
 7.496E-02  8.11355185959861E+01
 7.598E-02  8.16261303165508E+01
 7.702E-02  8.20826722305484E+01
 7.807E-02  8.25030967688086E+01
 7.914E-02  8.28854553669438E+01
 8.022E-02  8.32279096040230E+01
 8.132E-02  8.35287421864593E+01
 8.243E-02  8.37863677149797E+01
 8.355E-02  8.39993431708970E+01
 8.469E-02  8.41663780565408E+01
 8.585E-02  8.42863441236527E+01
 8.702E-02  8.43582846228336E+01
 8.821E-02  8.43814230067758E+01
 8.941E-02  8.43551710200367E+01
 9.063E-02  8.42791361085466E+01
 9.187E-02  8.41531280829012E+01
 9.312E-02  8.39771649707940E+01
 9.440E-02  8.37514779957182E+01
 9.568E-02  8.34765156213175E+01
 9.699E-02  8.31529466035148E+01
 9.831E-02  8.27816619957975E+01
 9.966E-02  8.23637760568094E+01
 1.010E-01  8.19006260136847E+01
 1.024E-01  8.13937706393655E+01
 1.038E-01  8.08449876074761E+01
 1.052E-01  8.02562695941613E+01
 1.066E-01  7.96298191026399E+01
 1.081E-01  7.89680419930508E+01
 1.096E-01  7.82735397074605E+01
 1.111E-01  7.75491001876320E+01
 1.126E-01  7.67976874912963E+01
 1.141E-01  7.60224301211767E+01
 1.157E-01  7.52266080898584E+01
 1.173E-01  7.44136387527133E+01
 1.189E-01  7.35870614504394E+01
 1.205E-01  7.27505210122846E+01
 1.221E-01  7.19077501806422E+01
 1.238E-01  7.10625510273481E+01
 1.255E-01  7.02187754416115E+01
 1.272E-01  6.93803047789898E+01
 1.289E-01  6.85510287700808E+01
 1.307E-01  6.77348237965862E+01
 1.325E-01  6.69355306509824E+01
 1.343E-01  6.61569319041491E+01
 1.361E-01  6.54027290128532E+01
 1.380E-01  6.46765193058640E+01
 1.399E-01  6.39817729936151E+01
 1.418E-01  6.33218103516176E+01
 1.437E-01  6.26997792322025E+01
 1.457E-01  6.21186330625328E+01
 1.477E-01  6.15811094891132E+01
 1.497E-01  6.10897098301590E+01
 1.517E-01  6.06466794971137E+01
 1.538E-01  6.02539895452715E+01
 1.559E-01  5.99133195108150E+01
 1.580E-01  5.96260416876042E+01
 1.602E-01  5.93932069917041E+01
 1.624E-01  5.92155325549291E+01
 1.646E-01  5.90933911805866E+01
 1.668E-01  5.90268027851559E+01
 1.691E-01  5.90154279388483E+01
 1.714E-01  5.90585636059088E+01
 1.738E-01  5.91551411721851E+01
 1.761E-01  5.93037268329763E+01
 1.785E-01  5.95025243985501E+01
 1.810E-01  5.97493805580913E+01
 1.834E-01  6.00417926253121E+01
 1.860E-01  6.03769187706408E+01
 1.885E-01  6.07515907259515E+01
 1.911E-01  6.11623289283408E+01
 1.937E-01  6.16053600496729E+01
 1.963E-01  6.20766368386614E+01
 1.990E-01  6.25718601823277E+01
 2.017E-01  6.30865032739551E+01
 2.045E-01  6.36158377553417E+01
 2.073E-01  6.41549616824487E+01
 2.101E-01  6.46988291456355E+01
 2.130E-01  6.52422813587719E+01
 2.159E-01  6.57800790158189E+01
 2.188E-01  6.63069356991471E+01
 2.218E-01  6.68175521111050E+01
 2.248E-01  6.73066508893088E+01
 2.279E-01  6.77690117569581E+01
 2.310E-01  6.81995067523061E+01
 2.342E-01  6.85931352763465E+01
 2.374E-01  6.89450586949027E+01
 2.406E-01  6.92506342306802E+01
 2.439E-01  6.95054478825182E+01
 2.472E-01  6.97053461130510E+01
 2.506E-01  6.98464660522665E+01
 2.540E-01  6.99252639729825E+01
 2.575E-01  6.99385418049941E+01
 2.610E-01  6.98834714675006E+01
 2.646E-01  6.97576168142773E+01
 2.682E-01  6.95589530028121E+01
 2.718E-01  6.92858831171159E+01
 2.755E-01  6.89372518939982E+01
 2.793E-01  6.85123564240880E+01
 2.831E-01  6.80109537215995E+01
 2.870E-01  6.74332650806022E+01
 2.909E-01  6.67799771601465E+01
 2.949E-01  6.60522397658269E+01
 2.989E-01  6.52516603210223E+01
 3.030E-01  6.43802950469385E+01
 3.071E-01  6.34406368964794E+01
 3.113E-01  6.24356003126967E+01
 3.156E-01  6.13685029079141E+01
 3.199E-01  6.02430441843968E+01
 3.242E-01  5.90632814414552E+01
 3.287E-01  5.78336030369531E+01
 3.331E-01  5.65586991931585E+01
 3.377E-01  5.52435305575598E+01
 3.423E-01  5.38932947485105E+01
 3.470E-01  5.25133911331972E+01
 3.517E-01  5.11093841013090E+01
 3.565E-01  4.96869651117535E+01
 3.614E-01  4.82519138017001E+01
 3.663E-01  4.68100584569729E+01
 3.713E-01  4.53672361502588E+01
 3.764E-01  4.39292528586070E+01
 3.815E-01  4.25018438741678E+01
 3.867E-01  4.10906348219601E+01
 3.920E-01  3.97011035955753E+01
 3.974E-01  3.83385435160723E+01
 4.028E-01  3.70080280108311E+01
 4.083E-01  3.57143770978191E+01
 4.139E-01  3.44621259465797E+01
 4.195E-01  3.32554957703391E+01
 4.252E-01  3.20983672840236E+01
 4.311E-01  3.09942569408282E+01
 4.369E-01  2.99462961354423E+01
 4.429E-01  2.89572135353520E+01
 4.489E-01  2.80293206730767E+01
 4.551E-01  2.71645009020672E+01
 4.613E-01  2.63642017876657E+01
 4.676E-01  2.56294309723978E+01
 4.740E-01  2.49607555223445E+01
 4.804E-01  2.43583047288773E+01
 4.870E-01  2.38217763080505E+01
 4.936E-01  2.33504459088506E+01
 5.004E-01  2.29431798116877E+01
 5.072E-01  2.25984506703140E+01
 5.141E-01  2.23143561240498E+01
 5.212E-01  2.20886400830193E+01
 5.283E-01  2.19187164672067E+01
 5.355E-01  2.18016951606614E+01
 5.428E-01  2.17344099251781E+01
 5.502E-01  2.17134480033118E+01
 5.577E-01  2.17351811286934E+01
 5.653E-01  2.17957976523274E+01
 5.731E-01  2.18913354869245E+01
 5.809E-01  2.20177155674050E+01
 5.888E-01  2.21707755245703E+01
 5.969E-01  2.23463032706366E+01
 6.050E-01  2.25400701999273E+01
 6.133E-01  2.27478637155513E+01
 6.216E-01  2.29655188033707E+01
 6.301E-01  2.31889483879394E+01
 6.387E-01  2.34141722212861E+01
 6.474E-01  2.36373440742893E+01
 6.563E-01  2.38547770217370E+01
 6.652E-01  2.40629666357327E+01
 6.743E-01  2.42586119276048E+01
 6.835E-01  2.44386339055287E+01
 6.929E-01  2.46001916433221E+01
 7.023E-01  2.47406957848846E+01
 7.119E-01  2.48578194381154E+01
 7.216E-01  2.49495064414135E+01
 7.315E-01  2.50139770146138E+01
 7.415E-01  2.50497308340308E+01
 7.516E-01  2.50555475977811E+01
 7.618E-01  2.50304851723690E+01
 7.723E-01  2.49738754343455E+01
 7.828E-01  2.48853179414054E+01
 7.935E-01  2.47646715853578E+01
 8.043E-01  2.46120443948153E+01
 8.153E-01  2.44277816680910E+01
 8.264E-01  2.42124526265988E+01
 8.377E-01  2.39668357860244E+01
 8.491E-01  2.36919032466995E+01
 8.607E-01  2.33888041060685E+01
 8.725E-01  2.30588471950087E+01
 8.844E-01  2.27034833362163E+01
 8.965E-01  2.23242873170974E+01
 9.087E-01  2.19229397618253E+01
 9.211E-01  2.15012090776845E+01
 9.337E-01  2.10609336397586E+01
 9.464E-01  2.06040043657046E+01
 9.594E-01  2.01323478190340E+01
 9.725E-01  1.96479099652595E+01
 9.857E-01  1.91526406906935E+01
 9.992E-01  1.86484791788550E+01
 1.013E+00  1.81373402245511E+01
 1.027E+00  1.76211015509653E+01
 1.041E+00  1.71015921806720E+01
 1.055E+00  1.65805818975783E+01
 1.069E+00  1.60597718234879E+01
 1.084E+00  1.55407861204247E+01
 1.099E+00  1.50251648181137E+01
 1.114E+00  1.45143577551896E+01
 1.129E+00  1.40097196128206E+01
 1.144E+00  1.35125060105474E+01
 1.160E+00  1.30238706262514E+01
 1.176E+00  1.25448632952850E+01
 1.192E+00  1.20764290379217E+01
 1.208E+00  1.16194079593731E+01
 1.225E+00  1.11745359626578E+01
 1.241E+00  1.07424462115485E+01
 1.258E+00  1.03236712786208E+01
 1.275E+00  9.91864591203034E+00
 1.293E+00  9.52771035400050E+00
 1.310E+00  9.15111414405436E+00
 1.328E+00  8.78902034070838E+00
 1.347E+00  8.44151009660833E+00
 1.365E+00  8.10858752386607E+00
 1.384E+00  7.79018478859206E+00
 1.402E+00  7.48616737625365E+00
 1.422E+00  7.19633947246676E+00
 1.441E+00  6.92044940709337E+00
 1.461E+00  6.65819511301457E+00
 1.481E+00  6.40922955462791E+00
 1.501E+00  6.17316608492789E+00
 1.521E+00  5.94958369392280E+00
 1.542E+00  5.73803211507349E+00
 1.563E+00  5.53803676036893E+00
 1.584E+00  5.34910345853820E+00
 1.606E+00  5.17072297470364E+00
 1.628E+00  5.00237529347047E+00
 1.650E+00  4.84353365099568E+00
 1.673E+00  4.69366830495611E+00
 1.696E+00  4.55225003452084E+00
 1.719E+00  4.41875336540825E+00
 1.742E+00  4.29265951785883E+00
 1.766E+00  4.17345907787185E+00
 1.790E+00  4.06065439433122E+00
 1.815E+00  3.95376170668146E+00
 1.839E+00  3.85231300961054E+00
 1.864E+00  3.75585766275674E+00
 1.890E+00  3.66396375479041E+00
 1.916E+00  3.57621923233794E+00
 1.942E+00  3.49223280512636E+00
 1.968E+00  3.41163463944753E+00
 1.995E+00  3.33407685258336E+00
 2.022E+00  3.25923382121521E+00
 2.050E+00  3.18680231707475E+00
 2.078E+00  3.11650148319667E+00
 2.106E+00  3.04807266411952E+00
 2.135E+00  2.98127910326404E+00
 2.164E+00  2.91590552051122E+00
 2.194E+00  2.85175758271819E+00
 2.224E+00  2.78866127955923E+00
 2.254E+00  2.72646221667246E+00
 2.285E+00  2.66502483763964E+00
 2.316E+00  2.60423158583502E+00
 2.348E+00  2.54398201665706E+00
 2.380E+00  2.48419187011078E+00
 2.412E+00  2.42479211314438E+00
 2.445E+00  2.36572796056756E+00
 2.479E+00  2.30695788279395E+00
 2.513E+00  2.24845260806246E+00
 2.547E+00  2.19019412620406E+00
 2.582E+00  2.13217470043628E+00
 2.617E+00  2.07439589308962E+00
 2.653E+00  2.01686761060146E+00
 2.689E+00  1.95960717255608E+00
 2.725E+00  1.90263840900629E+00
 2.763E+00  1.84599078978477E+00
 2.800E+00  1.78969858900404E+00
 2.839E+00  1.73380008745296E+00
 2.877E+00  1.67833681512879E+00
 2.917E+00  1.62335283569507E+00
 2.956E+00  1.56889407423176E+00
 2.997E+00  1.51500768924211E+00
 3.038E+00  1.46174148950526E+00
 3.079E+00  1.40914339601194E+00
 3.121E+00  1.35726094889544E+00
 3.164E+00  1.30614085897064E+00
 3.207E+00  1.25582860322032E+00
 3.251E+00  1.20636806332079E+00
 3.295E+00  1.15780120607737E+00
 3.340E+00  1.11016780444442E+00
 3.386E+00  1.06350519763365E+00
 3.432E+00  1.01784808866805E+00
 3.479E+00  9.73228377616378E-01
 3.526E+00  9.29675028642992E-01
 3.575E+00  8.87213968930130E-01
 3.623E+00  8.45868017472657E-01
 3.673E+00  8.05656841707724E-01
 3.723E+00  7.66596939922888E-01
 3.774E+00  7.28701647384198E-01
 3.825E+00  6.91981164139578E-01
 3.878E+00  6.56442602480889E-01
 3.930E+00  6.22090052089039E-01
 3.984E+00  5.88924660938911E-01
 4.039E+00  5.56944730103276E-01
 4.094E+00  5.26145820665805E-01
 4.150E+00  4.96520871031442E-01
 4.206E+00  4.68060323006325E-01
 4.264E+00  4.40752255107867E-01
 4.322E+00  4.14582521657339E-01
 4.381E+00  3.89534896301036E-01
 4.441E+00  3.65591218700955E-01
 4.501E+00  3.42731543230646E-01
 4.563E+00  3.20934288605870E-01
 4.625E+00  3.00176387471818E-01
 4.688E+00  2.80433435058508E-01
 4.752E+00  2.61679836102713E-01
 4.817E+00  2.43888949318079E-01
 4.883E+00  2.27033228774511E-01
 4.950E+00  2.11084361623045E-01
 5.017E+00  1.96013401673284E-01
 5.086E+00  1.81790898396724E-01
 5.155E+00  1.68387020991054E-01
 5.225E+00  1.55771677197742E-01
 5.297E+00  1.43914626618056E-01
 5.369E+00  1.32785588321223E-01
 5.442E+00  1.22354342582991E-01
 5.517E+00  1.12590826633603E-01
 5.592E+00  1.03465224331353E-01
 5.668E+00  9.49480497119318E-02
 5.746E+00  8.70102243946980E-02
 5.824E+00  7.96231488554287E-02
 5.904E+00  7.27587676010435E-02
 5.984E+00  6.63896283056835E-02
 6.066E+00  6.04889349895414E-02
 6.149E+00  5.50305953422243E-02
 6.233E+00  4.99892623113772E-02
 6.318E+00  4.53403700949565E-02
 6.404E+00  4.10601646920548E-02
 6.491E+00  3.71257291826228E-02
 6.580E+00  3.35150039208826E-02
 6.670E+00  3.02068018406910E-02
 6.761E+00  2.71808190836074E-02
 6.853E+00  2.44176411719141E-02
 6.947E+00  2.18987449592750E-02
 7.042E+00  1.96064966010593E-02
 7.138E+00  1.75241457945001E-02
 7.235E+00  1.56358165457387E-02
 7.334E+00  1.39264947263498E-02
 7.434E+00  1.23820126860478E-02
 7.536E+00  1.09890311909017E-02
 7.639E+00  9.73501895745007E-03
 7.743E+00  8.60823005258835E-03
 7.849E+00  7.59767942696345E-03
 7.956E+00  6.69311684585754E-03
 8.064E+00  5.88499947619461E-03
 8.174E+00  5.16446338140352E-03
 8.286E+00  4.52329416748555E-03
 8.399E+00  3.95389701385085E-03
 8.514E+00  3.44926631141776E-03
 8.630E+00  3.00295511823925E-03
 8.748E+00  2.60904462967528E-03
 8.867E+00  2.26211384602713E-03
 8.988E+00  1.95720960575702E-03
 9.111E+00  1.68981713710878E-03
 9.235E+00  1.45583126529964E-03
 9.362E+00  1.25152839664861E-03
 9.489E+00  1.07353938521642E-03
 9.619E+00  9.18823371923027E-04
 9.750E+00  7.84642670840132E-04
 9.883E+00  6.68538762573344E-04
 1.002E+01  5.68309440483843E-04
 1.016E+01  4.81987142068245E-04
 1.029E+01  4.07818485217136E-04
 1.043E+01  3.44245017388370E-04
 1.058E+01  2.89885175023403E-04
 1.072E+01  2.43517440848524E-04
 1.087E+01  2.04064678063991E-04
 1.102E+01  1.70579612843270E-04
 1.117E+01  1.42231430035216E-04
 1.132E+01  1.18293441463663E-04
 1.147E+01  9.81317817176085E-05
 1.163E+01  8.11950827761447E-05
 1.179E+01  6.70050761607545E-05
 1.195E+01  5.51480694914483E-05
 1.211E+01  4.52672432739641E-05
 1.228E+01  3.70557133907929E-05
 1.245E+01  3.02503050341268E-05
 1.262E+01  2.46259846282107E-05
 1.279E+01  1.99908975667372E-05
 1.296E+01  1.61819612643375E-05
 1.314E+01  1.30609650191949E-05
 1.332E+01  1.05111304393368E-05
 1.350E+01  8.43408863579867E-06
 1.368E+01  6.74723297404139E-06
 1.387E+01  5.38140884864399E-06
 1.406E+01  4.27890465886098E-06
 1.425E+01  3.39171087329226E-06
 1.445E+01  2.68001674551584E-06
 1.464E+01  2.11091684939454E-06
 1.484E+01  1.65730211848663E-06
 1.505E+01  1.29691247910049E-06
 1.525E+01  1.01153044617439E-06
 1.546E+01  7.86297194628885E-07
 1.567E+01  6.09134619176537E-07
 1.589E+01  4.70258749100440E-07
 1.610E+01  3.61771590816509E-07
 1.632E+01  2.77321660787434E-07
 1.655E+01  2.11830258612298E-07
 1.677E+01  1.61223854190284E-07
 1.700E+01  1.22260702664764E-07
 1.723E+01  9.23718485024620E-08
 1.747E+01  6.95290181243302E-08
 1.771E+01  5.21368163127501E-08
 1.795E+01  3.89450960648562E-08
 1.819E+01  2.89780057040390E-08
 1.844E+01  2.14767667671589E-08
 1.869E+01  1.58537102382438E-08
 1.895E+01  1.16555055511366E-08
 1.921E+01  8.53386427397551E-09
 1.947E+01  6.22229574657613E-09
 1.974E+01  4.51774177675093E-09
 2.000E+01  3.26612780782638E-09
 2.028E+01  2.35104414307561E-09
 2.055E+01  1.68491767545269E-09
 2.084E+01  1.20215640161919E-09
 2.112E+01  8.53849568572931E-10
 2.141E+01  6.03688910189274E-10
 2.170E+01  4.24843950505937E-10
 2.200E+01  2.97579261356814E-10
 2.230E+01  2.07445994078797E-10
 2.260E+01  1.43915776055284E-10
 2.291E+01  9.93537141418877E-11
 2.322E+01  6.82500775676656E-11
 2.354E+01  4.66483308518502E-11
 2.386E+01  3.17214585570460E-11
 2.419E+01  2.14597179864315E-11
 2.452E+01  1.44416898276729E-11
 2.485E+01  9.66727433324364E-12
 2.519E+01  6.43651150356706E-12
 2.554E+01  4.26211870721148E-12
 2.588E+01  2.80670376702557E-12
 2.624E+01  1.83793760630528E-12
 2.660E+01  1.19672605529758E-12
 2.696E+01  7.74737727142982E-13
 2.733E+01  4.98627637987302E-13
 2.770E+01  3.19025134707028E-13
 2.808E+01  2.02892087294310E-13
 2.846E+01  1.28251137859157E-13
 2.885E+01  8.05706755217382E-14
 2.924E+01  5.03008926816093E-14
 2.964E+01  3.12047010509117E-14
 3.005E+01  1.92341156911572E-14
 3.046E+01  1.17786082370373E-14
 3.087E+01  7.16549907667702E-15
 3.130E+01  4.33002340350777E-15
 3.172E+01  2.59887532265640E-15
 3.216E+01  1.54914319729610E-15
 3.259E+01  9.16996234862739E-16
 3.304E+01  5.38978934490615E-16
 3.349E+01  3.14530006880296E-16
 3.395E+01  1.82219834626186E-16
 3.441E+01  1.04792235537800E-16
 3.488E+01  5.98161526710175E-17
 3.536E+01  3.38859113546730E-17
 3.584E+01  1.90496051848944E-17
 3.633E+01  1.06260796235596E-17
 3.683E+01  5.88076680997815E-18
 3.733E+01  3.22865425984121E-18
 3.784E+01  1.75828003074588E-18
 3.835E+01  9.49696932209582E-19
 3.888E+01  5.08701962444594E-19
 3.941E+01  2.70192565741672E-19
 3.995E+01  1.42286766814947E-19
 4.049E+01  7.42823424366504E-20
 4.104E+01  3.84401219263921E-20
 4.161E+01  1.97155735151287E-20
 4.217E+01  1.00208888449690E-20
 4.275E+01  5.04685920021402E-21
 4.333E+01  2.51825348466742E-21
 4.392E+01  1.24475950433326E-21
 4.452E+01  6.09428680407684E-22
 4.513E+01  2.95498080081644E-22
 4.575E+01  1.41880564307587E-22
 4.637E+01  6.74479851783544E-23
 4.701E+01  3.17419396236832E-23
 4.765E+01  1.47861922242955E-23
 4.830E+01  6.81674419821050E-24
 4.896E+01  3.10981560902118E-24
 4.963E+01  1.40367609864552E-24
 5.030E+01  6.26788553909497E-25
 5.099E+01  2.76850306848289E-25
 5.169E+01  1.20950603967710E-25
 5.239E+01  5.22668449170589E-26
 5.311E+01  2.23475766597936E-26
 5.383E+01  9.46307315102757E-27
 5.457E+01  3.97864829037242E-27
 5.531E+01  1.67166606112677E-27
 5.607E+01  0.00000000000000E+00
 5.683E+01  0.00000000000000E+00
 5.761E+01  0.00000000000000E+00
 5.839E+01  0.00000000000000E+00
 5.919E+01  0.00000000000000E+00
 6.000E+01  0.00000000000000E+00
