./ilogA is logfile.
./chgdenZr calculation starts
rmin,rmax=  2.50E-08  3.16E+01
   6360.72498475  -3153.42450653      0.30000000    1
    517.99285059  -3387.39262894      0.30000000    1
    320.52650039  -3504.72433147      0.30000000    1
    193.01850700  -3557.86474065      0.30000000    1
    112.99985373  -3579.32998837      0.30000000    1
     64.53347575  -3587.10446148      0.30000000    1
     36.28484194  -3589.70958141      0.30000000    1
     20.35683651  -3590.55554096      0.30000000    1
     11.55118311  -3590.83290369      0.30000000    1
      6.70039083  -3590.92728049      0.30000000    1
      3.99910107  -3590.96097641      0.30000000    1
      2.46139080  -3590.97354930      0.30000000    1
      1.55991226  -3590.97841785      0.30000000    1
      1.01348462  -3590.98036737      0.30000000    1
      0.67093492  -3590.98117181      0.30000000    1
      0.44972348  -3590.98151203      0.30000000    1
      0.30361534  -3590.98165870      0.30000000    1
      0.20568557  -3590.98172288      0.30000000    1
      0.13950788  -3590.98175132      0.30000000    1
      0.09461882  -3590.98176407      0.30000000    1
      0.06413555  -3590.98176983      0.30000000    1
      0.04343964  -3590.98177246      0.30000000    1
      0.02940007  -3590.98177367      0.30000000    1
      0.01988523  -3590.98177424      0.30000000    1
      0.01344283  -3590.98177450      0.30000000    1
      0.00908412  -3590.98177463      0.30000000    1
      0.00613698  -3590.98177468      0.30000000    1
      0.00414519  -3590.98177471      0.30000000    1
      0.00279949  -3590.98177473      0.30000000    1
      0.00189051  -3590.98177473      0.30000000    1
      0.00127660  -3590.98177473      0.30000000    1
      0.00086201  -3590.98177474      0.30000000    1
      0.00058203  -3590.98177474      0.30000000    1
      0.00039297  -3590.98177474      0.30000000    1
      0.00000000  -3590.98177474      1.00000000    2
      0.00000000  -3590.98177474      1.00000000    3
    1   0 0  -1/2   1    2.0000       -651.299687
    2   0 0  -1/2   1    2.0000        -90.341288
    2   1 1  -1/2   1    2.0000        -82.836699
    2   1 1  -3/2   1    4.0000        -79.706580
    3   0 0  -1/2   1    2.0000        -14.787804
    3   1 1  -1/2   1    2.0000        -11.976638
    3   1 1  -3/2   1    4.0000        -11.477236
    3   2 2  -3/2   1    4.0000         -6.481275
    3   2 2  -5/2   1    6.0000         -6.389631
    4   0 0  -1/2   1    2.0000         -1.998167
    4   1 1  -1/2   1    2.0000         -1.238363
    4   1 1  -3/2   1    4.0000         -1.172339
    4   2 2  -3/2   1    0.8000         -0.140844
    4   2 2  -5/2   1    1.2000         -0.136067
    5   0 0  -1/2   1    2.0000         -0.168230
 total energy =   -3.59098177473754E+03 -9.77156414650930E+04
