line2: Z,NR,R(1),R(NR) /line3,4,...: R(N),RHO*4*PI*R(N)**2
63.00  2000  1.01365245284744E-10  6.00000000000000E+01
 1.014E-10  1.47516014597079E-12
 1.027E-10  1.51111960807107E-12
 1.042E-10  1.54795564139410E-12
 1.056E-10  1.78973010621738E-12
 1.070E-10  1.83335773004217E-12
 1.085E-10  1.87804884919948E-12
 1.100E-10  1.92382938808627E-12
 1.115E-10  1.97072590313295E-12
 1.130E-10  2.01876559809121E-12
 1.145E-10  2.06797633985796E-12
 1.161E-10  2.11838667463080E-12
 1.177E-10  2.17002584446765E-12
 1.193E-10  2.22292380424999E-12
 1.209E-10  2.27711123905903E-12
 1.226E-10  2.33261958197519E-12
 1.242E-10  2.38948103231236E-12
 1.259E-10  2.44772857429559E-12
 1.276E-10  2.50739599619478E-12
 1.294E-10  2.56851790992487E-12
 1.312E-10  2.63112977112295E-12
 1.329E-10  2.69526789971614E-12
 1.348E-10  2.76096950098934E-12
 1.366E-10  2.82827268716773E-12
 1.385E-10  2.89721649952498E-12
 1.404E-10  2.96784093102977E-12
 1.423E-10  3.04018694954580E-12
 1.442E-10  3.11429652159588E-12
 1.462E-10  3.19021263670577E-12
 1.482E-10  3.26797933234186E-12
 1.502E-10  3.34764171945685E-12
 1.523E-10  3.42924600865686E-12
 1.543E-10  3.51283953700766E-12
 1.564E-10  3.59847079549419E-12
 1.586E-10  3.68618945714935E-12
 1.607E-10  3.77604640586785E-12
 1.629E-10  3.86809376592313E-12
 1.652E-10  3.96238493220396E-12
 1.674E-10  4.05897460118748E-12
 1.697E-10  4.15791880266771E-12
 1.720E-10  4.25927493225715E-12
 1.744E-10  4.36310178468098E-12
 1.767E-10  4.46945958788282E-12
 1.792E-10  4.57841003796178E-12
 1.816E-10  4.69001633496100E-12
 1.841E-10  4.80434321952885E-12
 1.866E-10  4.92145701047367E-12
 1.891E-10  5.04142564323427E-12
 1.917E-10  5.16431870928783E-12
 1.943E-10  5.29020749651844E-12
 1.970E-10  5.41916503056956E-12
 1.997E-10  5.55126611720562E-12
 2.024E-10  5.68658738570452E-12
 2.052E-10  5.82520733330928E-12
 2.080E-10  5.96720637076253E-12
 2.108E-10  6.11266686895144E-12
 2.137E-10  6.26167320668944E-12
 2.166E-10  6.41431181966219E-12
 2.196E-10  6.57067125056796E-12
 2.226E-10  6.73084220047934E-12
 2.256E-10  6.89491758145677E-12
 2.287E-10  7.06299257044561E-12
 2.318E-10  7.23516466448641E-12
 2.350E-10  7.41153373727009E-12
 2.382E-10  7.59220209707356E-12
 2.414E-10  7.77727454610709E-12
 2.447E-10  7.96685844130720E-12
 2.481E-10  8.16106375661282E-12
 2.515E-10  8.36000314675884E-12
 2.549E-10  8.56379201262457E-12
 2.584E-10  8.77254856817688E-12
 2.619E-10  8.98639390904247E-12
 2.655E-10  9.20545208275326E-12
 2.691E-10  9.42985016070461E-12
 2.728E-10  9.65971831186622E-12
 2.765E-10  9.89518987829111E-12
 2.803E-10  1.01364014524645E-11
 2.841E-10  1.03834929565389E-11
 2.880E-10  1.06366077234998E-11
 2.919E-10  1.08958925803095E-11
 2.959E-10  1.11614979330807E-11
 2.999E-10  1.14335778543228E-11
 3.040E-10  1.17122901723154E-11
 3.082E-10  1.19977965626638E-11
 3.124E-10  1.22902626420822E-11
 3.166E-10  1.25898580644644E-11
 3.210E-10  1.28967566192983E-11
 3.253E-10  1.32111363324761E-11
 3.298E-10  1.35331795695657E-11
 3.343E-10  1.38630731415955E-11
 3.389E-10  1.42010084134192E-11
 3.435E-10  1.45471814147268E-11
 3.482E-10  1.49017929537532E-11
 3.529E-10  1.52650487337651E-11
 3.577E-10  1.56371594723855E-11
 3.626E-10  1.60183410238264E-11
 3.676E-10  1.64088145041013E-11
 3.726E-10  1.68088064192924E-11
 3.777E-10  1.72185487969399E-11
 3.828E-10  1.76382793206359E-11
 3.881E-10  1.80682414679047E-11
 3.934E-10  1.85086846514343E-11
 3.987E-10  1.89598643637580E-11
 4.042E-10  1.94220423254618E-11
 4.097E-10  1.98954866370003E-11
 4.153E-10  2.03804719342189E-11
 4.210E-10  2.08772795476639E-11
 4.267E-10  2.13861976657779E-11
 4.325E-10  2.19075215020708E-11
 4.384E-10  2.24415534663681E-11
 4.444E-10  2.29886033402334E-11
 4.505E-10  2.35489884566648E-11
 4.566E-10  2.41230338841757E-11
 4.629E-10  2.47110726153604E-11
 4.692E-10  2.53134457600552E-11
 4.756E-10  2.59305027432101E-11
 4.821E-10  2.65626015075850E-11
 4.887E-10  2.72101087213830E-11
 4.953E-10  2.78733999909480E-11
 5.021E-10  2.85528600786489E-11
 5.090E-10  2.92488831260696E-11
 5.159E-10  2.99618728826421E-11
 5.230E-10  3.06922429398581E-11
 5.301E-10  3.14404169711836E-11
 5.373E-10  3.22068289778202E-11
 5.447E-10  3.29919235404658E-11
 5.521E-10  3.37961560772031E-11
 5.596E-10  3.46199931076797E-11
 5.673E-10  3.54639125237298E-11
 5.750E-10  3.63284038665862E-11
 5.829E-10  3.72139686108557E-11
 5.908E-10  3.81211204554140E-11
 5.989E-10  3.90503856213918E-11
 6.071E-10  4.00023031574264E-11
 6.154E-10  4.09774252523523E-11
 6.238E-10  4.19763175555165E-11
 6.323E-10  4.29995595048998E-11
 6.409E-10  4.40477446632355E-11
 6.497E-10  4.51214810623295E-11
 6.585E-10  4.62213915557587E-11
 6.675E-10  4.73481141801817E-11
 6.766E-10  4.85023025254562E-11
 6.859E-10  4.96846261137611E-11
 6.952E-10  5.08957707879817E-11
 7.047E-10  5.21364391095544E-11
 7.144E-10  5.34073507660039E-11
 7.241E-10  5.47092429884223E-11
 7.340E-10  5.60428709791275E-11
 7.440E-10  5.74090083497312E-11
 7.542E-10  5.88084475698984E-11
 7.645E-10  6.02420004270497E-11
 7.749E-10  6.17104984972613E-11
 7.855E-10  6.32147936276388E-11
 7.962E-10  6.47557584304656E-11
 8.071E-10  6.63342867893849E-11
 8.181E-10  6.79512943779226E-11
 8.293E-10  6.96077191906482E-11
 8.406E-10  7.13045220872991E-11
 8.521E-10  7.30426873501478E-11
 8.637E-10  7.48232232549559E-11
 8.755E-10  7.66471626558765E-11
 8.874E-10  7.85155635845732E-11
 8.996E-10  8.04295098639743E-11
 9.118E-10  8.23901117369764E-11
 9.243E-10  8.43985065104611E-11
 9.369E-10  8.64558592150456E-11
 9.497E-10  8.85633632808801E-11
 9.627E-10  9.07222412299359E-11
 9.758E-10  9.29337453851658E-11
 9.891E-10  9.51991585969545E-11
 1.003E-09  9.75197949872686E-11
 1.016E-09  9.98970007119607E-11
 1.030E-09  1.02332154741648E-10
 1.044E-09  1.04826669661614E-10
 1.059E-09  1.07381992491232E-10
 1.073E-09  1.09999605523356E-10
 1.088E-09  1.12681027184155E-10
 1.102E-09  1.15427812913934E-10
 1.118E-09  1.18241556069413E-10
 1.133E-09  1.21123888847989E-10
 1.148E-09  1.24076483234568E-10
 1.164E-09  1.27101051971425E-10
 1.180E-09  1.30199349551731E-10
 1.196E-09  1.33373173237323E-10
 1.212E-09  1.36624364101240E-10
 1.229E-09  1.39954808095706E-10
 1.246E-09  1.43366437146120E-10
 1.263E-09  1.46861230271731E-10
 1.280E-09  1.50441214733636E-10
 1.297E-09  1.54108467210747E-10
 1.315E-09  1.57865115004441E-10
 1.333E-09  1.61713337272547E-10
 1.351E-09  1.65655366293445E-10
 1.370E-09  1.69693488760965E-10
 1.388E-09  1.73830047110851E-10
 1.407E-09  1.78067440879567E-10
 1.426E-09  1.82408128096197E-10
 1.446E-09  1.86854626708331E-10
 1.466E-09  1.91409516042665E-10
 1.486E-09  1.96075438301208E-10
 1.506E-09  2.00855100093974E-10
 1.527E-09  2.05751274009031E-10
 1.547E-09  2.10766800220844E-10
 1.568E-09  2.15904588137775E-10
 1.590E-09  2.21167618089780E-10
 1.612E-09  2.26558943057267E-10
 1.634E-09  2.32081690442017E-10
 1.656E-09  2.37739063881361E-10
 1.679E-09  2.43534345106558E-10
 1.701E-09  2.49470895846440E-10
 1.725E-09  2.55552159777476E-10
 1.748E-09  2.61781664521389E-10
 1.772E-09  2.68163023691484E-10
 1.796E-09  2.74699938988795E-10
 1.821E-09  2.81396202349370E-10
 1.846E-09  2.88255698143929E-10
 1.871E-09  2.95282405431092E-10
 1.896E-09  3.02480400265528E-10
 1.922E-09  3.09853858062424E-10
 1.949E-09  3.17407056019554E-10
 1.975E-09  3.25144375598377E-10
 2.002E-09  3.33070305065661E-10
 2.029E-09  3.41189442097003E-10
 2.057E-09  3.49506496443890E-10
 2.085E-09  3.58026292665693E-10
 2.114E-09  3.66753772928301E-10
 2.143E-09  3.75693999871022E-10
 2.172E-09  3.84852159543227E-10
 2.201E-09  3.94233564412757E-10
 2.232E-09  4.03843656447543E-10
 2.262E-09  4.13688010272353E-10
 2.293E-09  4.23772336402590E-10
 2.324E-09  4.34102484556772E-10
 2.356E-09  4.44684447049879E-10
 2.388E-09  4.55524362269379E-10
 2.421E-09  4.66628518235943E-10
 2.454E-09  4.78003356251034E-10
 2.487E-09  4.89655474633322E-10
 2.521E-09  5.01591632546329E-10
 2.556E-09  5.13818753919204E-10
 2.590E-09  5.26343931463162E-10
 2.626E-09  5.39174430785857E-10
 2.662E-09  5.52317694605972E-10
 2.698E-09  5.65781347070650E-10
 2.735E-09  5.79573198177987E-10
 2.772E-09  5.93701248307574E-10
 2.810E-09  6.08173692861325E-10
 2.848E-09  6.22998927017409E-10
 2.887E-09  6.38185550600187E-10
 2.927E-09  6.53742373068733E-10
 2.967E-09  6.69678418627090E-10
 3.007E-09  6.86002931458931E-10
 3.048E-09  7.02725381090007E-10
 3.090E-09  7.19855467881236E-10
 3.132E-09  7.37403128655555E-10
 3.175E-09  7.55378542462201E-10
 3.218E-09  7.73792136481295E-10
 3.262E-09  7.92654592072464E-10
 3.307E-09  8.11976850970888E-10
 3.352E-09  8.31770121634318E-10
 3.398E-09  8.52045885744980E-10
 3.444E-09  8.72815904869693E-10
 3.491E-09  8.94092227282664E-10
 3.539E-09  9.15887194954408E-10
 3.587E-09  9.38213450710939E-10
 3.636E-09  9.61083945567813E-10
 3.685E-09  9.84511946242639E-10
 3.736E-09  1.00851104285080E-09
 3.787E-09  1.03309515678885E-09
 3.838E-09  1.05827854881000E-09
 3.891E-09  1.08407582729652E-09
 3.944E-09  1.11050195673365E-09
 3.998E-09  1.13757226639030E-09
 4.052E-09  1.16530245921121E-09
 4.108E-09  1.19370862092589E-09
 4.164E-09  1.22280722937958E-09
 4.221E-09  1.25261516409172E-09
 4.278E-09  1.28314971604748E-09
 4.337E-09  1.31442859772781E-09
 4.396E-09  1.34646995338401E-09
 4.456E-09  1.37929236956301E-09
 4.517E-09  1.41291488588901E-09
 4.578E-09  1.44735700610772E-09
 4.641E-09  1.48263870940032E-09
 4.704E-09  1.51878046197301E-09
 4.769E-09  1.55580322892867E-09
 4.834E-09  1.59372848642861E-09
 4.900E-09  1.63257823415035E-09
 4.967E-09  1.67237500804909E-09
 5.034E-09  1.71314189343043E-09
 5.103E-09  1.75490253834147E-09
 5.173E-09  1.79768116728884E-09
 5.243E-09  1.84150259529066E-09
 5.315E-09  1.88639224227107E-09
 5.388E-09  1.93237614780606E-09
 5.461E-09  1.97948098622823E-09
 5.536E-09  2.02773408210004E-09
 5.611E-09  2.07716342606436E-09
 5.688E-09  2.12779769108108E-09
 5.765E-09  2.17966624905962E-09
 5.844E-09  2.23279918789726E-09
 5.924E-09  2.28722732893206E-09
 6.005E-09  2.34298224482196E-09
 6.087E-09  2.40009627785921E-09
 6.170E-09  2.45860255873139E-09
 6.254E-09  2.51853502574022E-09
 6.340E-09  2.57992844448778E-09
 6.426E-09  2.64281842804385E-09
 6.514E-09  2.70724145760397E-09
 6.603E-09  2.77323490365125E-09
 6.693E-09  2.84083704763462E-09
 6.784E-09  2.91008710417467E-09
 6.877E-09  2.98102524381142E-09
 6.971E-09  3.05369261630605E-09
 7.066E-09  3.12813137451124E-09
 7.162E-09  3.20438469882346E-09
 7.260E-09  3.28249682222997E-09
 7.359E-09  3.36251305596795E-09
 7.460E-09  3.44447981580903E-09
 7.562E-09  3.52844464898319E-09
 7.665E-09  3.61445626176027E-09
 7.770E-09  3.70256454770363E-09
 7.876E-09  3.79282061661142E-09
 7.983E-09  3.88527682416547E-09
 8.092E-09  3.97998680230054E-09
 8.203E-09  4.07700549031525E-09
 8.315E-09  4.17638916674197E-09
 8.428E-09  4.27819548199150E-09
 8.543E-09  4.38248349179551E-09
 8.660E-09  4.48931369146318E-09
 8.778E-09  4.59874805097320E-09
 8.898E-09  4.71085005092120E-09
 9.019E-09  4.82568471934357E-09
 9.142E-09  4.94331866943796E-09
 9.267E-09  5.06382013820497E-09
 9.394E-09  5.18725902603078E-09
 9.522E-09  5.31370693723357E-09
 9.652E-09  5.44323722160138E-09
 9.784E-09  5.57592501693914E-09
 9.917E-09  5.71184729265506E-09
 1.005E-08  5.85108289440875E-09
 1.019E-08  5.99371258984732E-09
 1.033E-08  6.13981911545738E-09
 1.047E-08  6.28948722455824E-09
 1.061E-08  6.44280373646516E-09
 1.076E-08  6.59985758685162E-09
 1.090E-08  6.76073987933849E-09
 1.105E-08  6.92554393834111E-09
 1.120E-08  7.09436536320460E-09
 1.136E-08  7.26730208365859E-09
 1.151E-08  7.44445441662460E-09
 1.167E-08  7.62592512440690E-09
 1.183E-08  7.81181947430205E-09
 1.199E-08  8.00224529966306E-09
 1.215E-08  8.19731306244981E-09
 1.232E-08  8.39713591730614E-09
 1.249E-08  8.60182977719797E-09
 1.266E-08  8.81151338065089E-09
 1.283E-08  9.02630836062870E-09
 1.301E-08  9.24633931508866E-09
 1.318E-08  9.47173387925846E-09
 1.336E-08  9.70262279967312E-09
 1.355E-08  9.93914001001994E-09
 1.373E-08  1.01814227088284E-08
 1.392E-08  1.04296114390550E-08
 1.411E-08  1.06838501696112E-08
 1.430E-08  1.09442863788744E-08
 1.450E-08  1.12110711402370E-08
 1.470E-08  1.14843592097391E-08
 1.490E-08  1.17643091158405E-08
 1.510E-08  1.20510832513790E-08
 1.531E-08  1.23448479677678E-08
 1.551E-08  1.26457736714945E-08
 1.573E-08  1.29540349229685E-08
 1.594E-08  1.32698105377793E-08
 1.616E-08  1.35932836904217E-08
 1.638E-08  1.39246420205521E-08
 1.660E-08  1.42640777418336E-08
 1.683E-08  1.46117877534318E-08
 1.706E-08  1.49679737542340E-08
 1.729E-08  1.53328423598476E-08
 1.753E-08  1.57066052224513E-08
 1.777E-08  1.60894791535722E-08
 1.801E-08  1.64816862498506E-08
 1.826E-08  1.68834540218714E-08
 1.851E-08  1.72950155261387E-08
 1.876E-08  1.77166095002650E-08
 1.901E-08  1.81484805014561E-08
 1.927E-08  1.85908790483724E-08
 1.954E-08  1.90440617664483E-08
 1.980E-08  1.95082915367541E-08
 2.007E-08  1.99838376484851E-08
 2.035E-08  2.04709759551692E-08
 2.063E-08  2.09699890346830E-08
 2.091E-08  2.14811663531653E-08
 2.119E-08  2.20048044329300E-08
 2.148E-08  2.25412070244715E-08
 2.178E-08  2.30906852826595E-08
 2.207E-08  2.36535579472319E-08
 2.237E-08  2.42301515276888E-08
 2.268E-08  2.48208004926896E-08
 2.299E-08  2.54258474640667E-08
 2.330E-08  2.60456434155754E-08
 2.362E-08  2.66805478764815E-08
 2.394E-08  2.73309291401126E-08
 2.427E-08  2.79971644774961E-08
 2.460E-08  2.86796403562029E-08
 2.494E-08  2.93787526645260E-08
 2.528E-08  3.00949069411225E-08
 2.562E-08  3.08285186102595E-08
 2.597E-08  3.15800132227812E-08
 2.633E-08  3.23498267029633E-08
 2.669E-08  3.31384056013826E-08
 2.705E-08  3.39462073539418E-08
 2.742E-08  3.47737005472181E-08
 2.779E-08  3.56213651902738E-08
 2.817E-08  3.64896929930970E-08
 2.856E-08  3.73791876518256E-08
 2.895E-08  3.82903651409281E-08
 2.934E-08  3.92237540125042E-08
 2.974E-08  4.01798957028776E-08
 3.015E-08  4.11593448466727E-08
 3.056E-08  4.21626695985369E-08
 3.098E-08  4.31904519627095E-08
 3.140E-08  4.42432881306246E-08
 3.183E-08  4.53217888267417E-08
 3.227E-08  4.64265796628105E-08
 3.271E-08  4.75583015007657E-08
 3.315E-08  4.87176108244705E-08
 3.361E-08  4.99051801205210E-08
 3.406E-08  5.11216982683351E-08
 3.453E-08  5.23678709397489E-08
 3.500E-08  5.36444210083531E-08
 3.548E-08  5.49520889688060E-08
 3.596E-08  5.62916333663745E-08
 3.645E-08  5.76638312369354E-08
 3.695E-08  5.90694785577136E-08
 3.746E-08  6.05093907089970E-08
 3.797E-08  6.19844029471078E-08
 3.849E-08  6.34953708889154E-08
 3.901E-08  6.50431710081419E-08
 3.954E-08  6.66287011437796E-08
 4.008E-08  6.82528810208910E-08
 4.063E-08  6.99166527841110E-08
 4.119E-08  7.16209815441546E-08
 4.175E-08  7.33668559376364E-08
 4.232E-08  7.51552887005551E-08
 4.290E-08  7.69873172557297E-08
 4.348E-08  7.88640043145779E-08
 4.408E-08  8.07864384935678E-08
 4.468E-08  8.27557349456619E-08
 4.529E-08  8.47730360071932E-08
 4.591E-08  8.68395118604867E-08
 4.653E-08  8.89563612126340E-08
 4.717E-08  9.11248119908242E-08
 4.781E-08  9.33461220546195E-08
 4.846E-08  9.56215799255804E-08
 4.913E-08  9.79525055346961E-08
 4.980E-08  1.00340250988032E-07
 5.048E-08  1.02786201351017E-07
 5.117E-08  1.05291775451877E-07
 5.186E-08  1.07858426704634E-07
 5.257E-08  1.10487643952187E-07
 5.329E-08  1.13180952329912E-07
 5.402E-08  1.15939914150341E-07
 5.475E-08  1.18766129809405E-07
 5.550E-08  1.21661238714730E-07
 5.626E-08  1.24626920236623E-07
 5.703E-08  1.27664894682194E-07
 5.781E-08  1.30776924293212E-07
 5.860E-08  1.33964814268334E-07
 5.940E-08  1.37230413810224E-07
 6.021E-08  1.40575617198170E-07
 6.103E-08  1.44002364886907E-07
 6.186E-08  1.47512644632162E-07
 6.271E-08  1.51108492643684E-07
 6.356E-08  1.54791994766355E-07
 6.443E-08  1.58565287690078E-07
 6.531E-08  1.62430560189209E-07
 6.620E-08  1.66390054392136E-07
 6.711E-08  1.70446067081842E-07
 6.802E-08  1.74600951028188E-07
 6.895E-08  1.78857116352611E-07
 6.989E-08  1.83217031926138E-07
 7.085E-08  1.87683226801473E-07
 7.181E-08  1.92258291679952E-07
 7.279E-08  1.96944880414323E-07
 7.379E-08  2.01745711548095E-07
 7.479E-08  2.06663569892428E-07
 7.582E-08  2.11701308141489E-07
 7.685E-08  2.16861848527141E-07
 7.790E-08  2.22148184513976E-07
 7.896E-08  2.27563382535694E-07
 8.004E-08  2.33110583773791E-07
 8.113E-08  2.38793005979575E-07
 8.224E-08  2.44613945340620E-07
 8.336E-08  2.50576778392747E-07
 8.450E-08  2.56684963978530E-07
 8.566E-08  2.62942045253628E-07
 8.683E-08  2.69351651741949E-07
 8.801E-08  2.75917501440950E-07
 8.921E-08  2.82643402978272E-07
 9.043E-08  2.89533257820897E-07
 9.167E-08  2.96591062538162E-07
 9.292E-08  3.03820911119955E-07
 9.419E-08  3.11226997351432E-07
 9.547E-08  3.18813617245564E-07
 9.677E-08  3.26585171535021E-07
 9.810E-08  3.34546168224783E-07
 9.944E-08  3.42701225206984E-07
 1.008E-07  3.51055072939452E-07
 1.022E-07  3.59612557189604E-07
 1.036E-07  3.68378641845159E-07
 1.050E-07  3.77358411793381E-07
 1.064E-07  3.86557075870566E-07
 1.079E-07  3.95979969883297E-07
 1.093E-07  4.05632559703461E-07
 1.108E-07  4.15520444438688E-07
 1.123E-07  4.25649359679940E-07
 1.139E-07  4.36025180828443E-07
 1.154E-07  4.46653926503635E-07
 1.170E-07  4.57541762034121E-07
 1.186E-07  4.68695003033816E-07
 1.202E-07  4.80120119065179E-07
 1.219E-07  4.91823737391842E-07
 1.235E-07  5.03812646822593E-07
 1.252E-07  5.16093801649070E-07
 1.269E-07  5.28674325679507E-07
 1.287E-07  5.41561516370784E-07
 1.304E-07  5.54762849061110E-07
 1.322E-07  5.68285981305951E-07
 1.340E-07  5.82138757319699E-07
 1.358E-07  5.96329212525446E-07
 1.377E-07  6.10865578215760E-07
 1.396E-07  6.25756286327132E-07
 1.415E-07  6.41009974330588E-07
 1.434E-07  6.56635490241745E-07
 1.454E-07  6.72641897752830E-07
 1.473E-07  6.89038481489802E-07
 1.494E-07  7.05834752397716E-07
 1.514E-07  7.23040453257174E-07
 1.535E-07  7.40665564335440E-07
 1.556E-07  7.58720309175197E-07
 1.577E-07  7.77215160524297E-07
 1.598E-07  7.96160846410222E-07
 1.620E-07  8.15568356362532E-07
 1.642E-07  8.35448947786903E-07
 1.665E-07  8.55814152494732E-07
 1.687E-07  8.76675783391660E-07
 1.710E-07  8.98045941329181E-07
 1.734E-07  9.19937022123445E-07
 1.757E-07  9.42361723744824E-07
 1.781E-07  9.65333053682993E-07
 1.806E-07  9.88864336491414E-07
 1.830E-07  1.01296922151554E-06
 1.855E-07  1.03766169080969E-06
 1.881E-07  1.06295606724680E-06
 1.906E-07  1.08886702282559E-06
 1.932E-07  1.11540958718054E-06
 1.959E-07  1.14259915629914E-06
 1.986E-07  1.17045150145153E-06
 2.013E-07  1.19898277833800E-06
 2.040E-07  1.22820953645919E-06
 2.068E-07  1.25814872871482E-06
 2.096E-07  1.28881772123645E-06
 2.125E-07  1.32023430345971E-06
 2.154E-07  1.35241669844213E-06
 2.183E-07  1.38538357343245E-06
 2.213E-07  1.41915405069750E-06
 2.243E-07  1.45374771861311E-06
 2.274E-07  1.48918464302485E-06
 2.305E-07  1.52548537888649E-06
 2.336E-07  1.56267098218150E-06
 2.368E-07  1.60076302213500E-06
 2.401E-07  1.63978359372411E-06
 2.433E-07  1.67975533049238E-06
 2.467E-07  1.72070141767684E-06
 2.500E-07  1.76264560565554E-06
 2.534E-07  1.80561222372177E-06
 2.569E-07  1.84962619419472E-06
 2.604E-07  1.89471304687433E-06
 2.640E-07  1.94089893384729E-06
 2.676E-07  1.98821064465523E-06
 2.712E-07  2.03667562183191E-06
 2.749E-07  2.08632197681865E-06
 2.787E-07  2.13717850626883E-06
 2.825E-07  2.18927470874873E-06
 2.863E-07  2.24264080184592E-06
 2.903E-07  2.29730773969438E-06
 2.942E-07  2.35330723092698E-06
 2.982E-07  2.41067175706534E-06
 3.023E-07  2.46943459135768E-06
 3.064E-07  2.52962981807619E-06
 3.106E-07  2.59129235228474E-06
 3.149E-07  2.65445796008782E-06
 3.192E-07  2.71916327937330E-06
 3.235E-07  2.78544584106121E-06
 3.279E-07  2.85334409086935E-06
 3.324E-07  2.92289741160999E-06
 3.369E-07  2.99414614603032E-06
 3.415E-07  3.06713162020891E-06
 3.462E-07  3.14189616752249E-06
 3.509E-07  3.21848315319687E-06
 3.557E-07  3.29693699945646E-06
 3.606E-07  3.37730321128657E-06
 3.655E-07  3.45962840282329E-06
 3.705E-07  3.54396032438653E-06
 3.756E-07  3.63034789017256E-06
 3.807E-07  3.71884120662103E-06
 3.859E-07  3.80949160147199E-06
 3.911E-07  3.90235165353406E-06
 3.965E-07  3.99747522317512E-06
 4.019E-07  4.09491748355699E-06
 4.074E-07  4.19473495263291E-06
 4.129E-07  4.29698552592189E-06
 4.186E-07  4.40172851008423E-06
 4.243E-07  4.50902465731423E-06
 4.301E-07  4.61893620057092E-06
 4.360E-07  4.73152688966800E-06
 4.419E-07  4.84686202824277E-06
 4.479E-07  4.96500851162546E-06
 4.541E-07  5.08603486563329E-06
 4.603E-07  5.21001128630798E-06
 4.665E-07  5.33700968062181E-06
 4.729E-07  5.46710370817747E-06
 4.794E-07  5.60036882392187E-06
 4.859E-07  5.73688232190226E-06
 4.926E-07  5.87672338008786E-06
 4.993E-07  6.01997310628420E-06
 5.061E-07  6.16671458516645E-06
 5.130E-07  6.31703292645827E-06
 5.200E-07  6.47101531428490E-06
 5.271E-07  6.62875105772971E-06
 5.343E-07  6.79033164262161E-06
 5.416E-07  6.95585078458492E-06
 5.490E-07  7.12540448338232E-06
 5.565E-07  7.29909107858110E-06
 5.641E-07  7.47701130657668E-06
 5.718E-07  7.65926835900555E-06
 5.796E-07  7.84596794258129E-06
 5.875E-07  8.03721834038845E-06
 5.955E-07  8.23313047467097E-06
 6.037E-07  8.43381797115019E-06
 6.119E-07  8.63939722490807E-06
 6.202E-07  8.84998746787966E-06
 6.287E-07  9.06571083798707E-06
 6.373E-07  9.28669244995874E-06
 6.460E-07  9.51306046787534E-06
 6.548E-07  9.74494617948228E-06
 6.638E-07  9.98248407231269E-06
 6.728E-07  1.02258119116657E-05
 6.820E-07  1.04750708204870E-05
 6.913E-07  1.07304053611904E-05
 7.008E-07  1.09919636194775E-05
 7.103E-07  1.12598972901997E-05
 7.200E-07  1.15343617653085E-05
 7.298E-07  1.18155162239529E-05
 7.398E-07  1.21035237247697E-05
 7.499E-07  1.23985513004229E-05
 7.602E-07  1.27007700544465E-05
 7.705E-07  1.30103552604475E-05
 7.811E-07  1.33274864637249E-05
 7.917E-07  1.36523475853647E-05
 8.025E-07  1.39851270288734E-05
 8.135E-07  1.43260177894048E-05
 8.246E-07  1.46752175656531E-05
 8.358E-07  1.50329288744671E-05
 8.473E-07  1.53993591682624E-05
 8.588E-07  1.57747209552890E-05
 8.705E-07  1.61592319228315E-05
 8.824E-07  1.65531150634115E-05
 8.945E-07  1.69565988040618E-05
 9.067E-07  1.73699171387527E-05
 9.191E-07  1.77933097640450E-05
 9.316E-07  1.82270222180433E-05
 9.443E-07  1.86713060227391E-05
 9.572E-07  1.91264188298218E-05
 9.703E-07  1.95926245700365E-05
 9.835E-07  2.00701936061858E-05
 9.970E-07  2.05594028898581E-05
 1.011E-06  2.10605361219696E-05
 1.024E-06  2.15738839172237E-05
 1.038E-06  2.20997439725733E-05
 1.053E-06  2.26384212397825E-05
 1.067E-06  2.31902281022026E-05
 1.081E-06  2.37554845558435E-05
 1.096E-06  2.43345183948622E-05
 1.111E-06  2.49276654015689E-05
 1.126E-06  2.55352695410562E-05
 1.142E-06  2.61576831605791E-05
 1.157E-06  2.67952671937830E-05
 1.173E-06  2.74483913699085E-05
 1.189E-06  2.81174344280945E-05
 1.205E-06  2.88027843368995E-05
 1.222E-06  2.95048385191690E-05
 1.239E-06  3.02240040823797E-05
 1.255E-06  3.09606980545989E-05
 1.273E-06  3.17153476261867E-05
 1.290E-06  3.24883903973829E-05
 1.308E-06  3.32802746319307E-05
 1.325E-06  3.40914595168726E-05
 1.344E-06  3.49224154286763E-05
 1.362E-06  3.57736242058421E-05
 1.380E-06  3.66455794281454E-05
 1.399E-06  3.75387867026904E-05
 1.418E-06  3.84537639569138E-05
 1.438E-06  3.93910417387419E-05
 1.457E-06  4.03511635240499E-05
 1.477E-06  4.13346860316026E-05
 1.497E-06  4.23421795456763E-05
 1.518E-06  4.33742282465326E-05
 1.539E-06  4.44314305489363E-05
 1.560E-06  4.55143994489209E-05
 1.581E-06  4.66237628790030E-05
 1.603E-06  4.77601640720366E-05
 1.624E-06  4.89242619339327E-05
 1.647E-06  5.01167314254580E-05
 1.669E-06  5.13382639533259E-05
 1.692E-06  5.25895677708101E-05
 1.715E-06  5.38713683881185E-05
 1.738E-06  5.51844089927580E-05
 1.762E-06  5.65294508801253E-05
 1.786E-06  5.79072738945950E-05
 1.811E-06  5.93186768813432E-05
 1.835E-06  6.07644781491646E-05
 1.860E-06  6.22455159445701E-05
 1.886E-06  6.37626489374198E-05
 1.911E-06  6.53167567183790E-05
 1.938E-06  6.69087403084854E-05
 1.964E-06  6.85395226811345E-05
 1.991E-06  7.02100492967531E-05
 2.018E-06  7.19212886504950E-05
 2.046E-06  7.36742328332873E-05
 2.073E-06  7.54698981065114E-05
 2.102E-06  7.73093254906872E-05
 2.130E-06  7.91935813684851E-05
 2.160E-06  8.11237581024127E-05
 2.189E-06  8.31009746675432E-05
 2.219E-06  8.51263772996452E-05
 2.249E-06  8.72011401590873E-05
 2.280E-06  8.93264660108983E-05
 2.311E-06  9.15035869213853E-05
 2.343E-06  9.37337649717036E-05
 2.375E-06  9.60182929888119E-05
 2.407E-06  9.83584952941819E-05
 2.440E-06  1.00755728470769E-04
 2.473E-06  1.03211382148626E-04
 2.507E-06  1.05726879809636E-04
 2.541E-06  1.08303679611843E-04
 2.576E-06  1.10943275233843E-04
 2.611E-06  1.13647196739704E-04
 2.647E-06  1.16417011464953E-04
 2.683E-06  1.19254324924135E-04
 2.719E-06  1.22160781740406E-04
 2.757E-06  1.25138066597807E-04
 2.794E-06  1.28187905216670E-04
 2.832E-06  1.31312065352764E-04
 2.871E-06  1.34512357820785E-04
 2.910E-06  1.37790637542670E-04
 2.950E-06  1.41148804621517E-04
 2.990E-06  1.44588805441568E-04
 3.031E-06  1.48112633794950E-04
 3.072E-06  1.51722332035871E-04
 3.114E-06  1.55419992262857E-04
 3.157E-06  1.59207757529770E-04
 3.200E-06  1.63087823086272E-04
 3.244E-06  1.67062437648477E-04
 3.288E-06  1.71133904700496E-04
 3.333E-06  1.75304583827659E-04
 3.378E-06  1.79576892082167E-04
 3.424E-06  1.83953305381924E-04
 3.471E-06  1.88436359943432E-04
 3.519E-06  1.93028653749527E-04
 3.567E-06  1.97732848052799E-04
 3.615E-06  2.02551668915579E-04
 3.665E-06  2.07487908787392E-04
 3.715E-06  2.12544428120745E-04
 3.765E-06  2.17724157026233E-04
 3.817E-06  2.23030096967852E-04
 3.869E-06  2.28465322499607E-04
 3.922E-06  2.34032983044278E-04
 3.975E-06  2.39736304715426E-04
 4.030E-06  2.45578592183778E-04
 4.085E-06  2.51563230588929E-04
 4.140E-06  2.57693687497501E-04
 4.197E-06  2.63973514908969E-04
 4.254E-06  2.70406351310214E-04
 4.312E-06  2.76995923779993E-04
 4.371E-06  2.83746050144620E-04
 4.431E-06  2.90660641186013E-04
 4.491E-06  2.97743702903398E-04
 4.553E-06  3.04999338830015E-04
 4.615E-06  3.12431752406105E-04
 4.678E-06  3.20045249409604E-04
 4.742E-06  3.27844240445822E-04
 4.806E-06  3.35833243497733E-04
 4.872E-06  3.44016886538200E-04
 4.938E-06  3.52399910205575E-04
 5.006E-06  3.60987170544501E-04
 5.074E-06  3.69783641813142E-04
 5.144E-06  3.78794419358656E-04
 5.214E-06  3.88024722562646E-04
 5.285E-06  3.97479897857935E-04
 5.357E-06  4.07165421818831E-04
 5.430E-06  4.17086904326414E-04
 5.504E-06  4.27250091810581E-04
 5.579E-06  4.37660870571053E-04
 5.656E-06  4.48325270178793E-04
 5.733E-06  4.59249466960263E-04
 5.811E-06  4.70439787566198E-04
 5.890E-06  4.81902712626922E-04
 5.971E-06  4.93644880496668E-04
 6.052E-06  5.05673091088651E-04
 6.135E-06  5.17994309803269E-04
 6.219E-06  5.30615671551710E-04
 6.304E-06  5.43544484877260E-04
 6.390E-06  5.56788236176639E-04
 6.477E-06  5.70354594023748E-04
 6.565E-06  5.84251413598451E-04
 6.655E-06  5.98486741222892E-04
 6.746E-06  6.13068819007707E-04
 6.838E-06  6.28006089611202E-04
 6.931E-06  6.43307201114005E-04
 7.026E-06  6.58981012011827E-04
 7.122E-06  6.75036596329614E-04
 7.219E-06  6.91483248859586E-04
 7.318E-06  7.08330490526415E-04
 7.418E-06  7.25588073882649E-04
 7.519E-06  7.43265988737403E-04
 7.622E-06  7.61374467921415E-04
 7.726E-06  7.79923993192190E-04
 7.831E-06  7.98925301282237E-04
 7.938E-06  8.18389390093920E-04
 8.046E-06  8.38327525044702E-04
 8.156E-06  8.58751245566086E-04
 8.268E-06  8.79672371760175E-04
 8.380E-06  9.01103011217759E-04
 8.495E-06  9.23055566001447E-04
 8.611E-06  9.45542739798237E-04
 8.728E-06  9.68577545245477E-04
 8.848E-06  9.92173311434229E-04
 8.968E-06  1.01634369159464E-03
 9.091E-06  1.04110267096751E-03
 9.215E-06  1.06646457486653E-03
 9.341E-06  1.09244407693596E-03
 9.468E-06  1.11905620760822E-03
 9.597E-06  1.14631636276663E-03
 9.729E-06  1.17424031261775E-03
 9.861E-06  1.20284421077863E-03
 9.996E-06  1.23214460358423E-03
 1.013E-05  1.26215843962028E-03
 1.027E-05  1.29290307948688E-03
 1.041E-05  1.32439630579850E-03
 1.055E-05  1.35665633342611E-03
 1.070E-05  1.38970181998714E-03
 1.084E-05  1.42355187658979E-03
 1.099E-05  1.45822607883654E-03
 1.114E-05  1.49374447809487E-03
 1.129E-05  1.53012761304029E-03
 1.145E-05  1.56739652147839E-03
 1.160E-05  1.60557275245344E-03
 1.176E-05  1.64467837864957E-03
 1.192E-05  1.68473600909196E-03
 1.209E-05  1.72576880215537E-03
 1.225E-05  1.76780047888715E-03
 1.242E-05  1.81085533665217E-03
 1.259E-05  1.85495826310808E-03
 1.276E-05  1.90013475051823E-03
 1.293E-05  1.94641091041059E-03
 1.311E-05  1.99381348859064E-03
 1.329E-05  2.04236988051771E-03
 1.347E-05  2.09210814705239E-03
 1.365E-05  2.14305703058426E-03
 1.384E-05  2.19524597155009E-03
 1.403E-05  2.24870512535004E-03
 1.422E-05  2.30346537967275E-03
 1.442E-05  2.35955837223912E-03
 1.461E-05  2.41701650897421E-03
 1.481E-05  2.47587298261770E-03
 1.501E-05  2.53616179178411E-03
 1.522E-05  2.59791776048261E-03
 1.543E-05  2.66117655810795E-03
 1.564E-05  2.72597471991386E-03
 1.585E-05  2.79234966798056E-03
 1.607E-05  2.86033973268756E-03
 1.629E-05  2.92998417470449E-03
 1.651E-05  3.00132320751281E-03
 1.673E-05  3.07439802046998E-03
 1.696E-05  3.14925080242969E-03
 1.719E-05  3.22592476593142E-03
 1.743E-05  3.30446417197355E-03
 1.767E-05  3.38491435538248E-03
 1.791E-05  3.46732175079374E-03
 1.815E-05  3.55173391925866E-03
 1.840E-05  3.63819957549135E-03
 1.865E-05  3.72676861577310E-03
 1.891E-05  3.81749214652758E-03
 1.916E-05  3.91042251358367E-03
 1.943E-05  4.00561333214359E-03
 1.969E-05  4.10311951747173E-03
 1.996E-05  4.20299731632169E-03
 2.023E-05  4.30530433911922E-03
 2.051E-05  4.41009959291967E-03
 2.079E-05  4.51744351515748E-03
 2.107E-05  4.62739800820765E-03
 2.136E-05  4.74002647477717E-03
 2.165E-05  4.85539385414757E-03
 2.195E-05  4.97356665928802E-03
 2.225E-05  5.09461301486066E-03
 2.255E-05  5.21860269613772E-03
 2.286E-05  5.34560716885329E-03
 2.317E-05  5.47569963001317E-03
 2.349E-05  5.60895504968257E-03
 2.381E-05  5.74545021377782E-03
 2.413E-05  5.88526376788408E-03
 2.446E-05  6.02847626212426E-03
 2.480E-05  6.17517019710463E-03
 2.514E-05  6.32543007096089E-03
 2.548E-05  6.47934242753244E-03
 2.583E-05  6.63699590569221E-03
 2.618E-05  6.79848128985672E-03
 2.654E-05  6.96389156170724E-03
 2.690E-05  7.13332195314865E-03
 2.727E-05  7.30687000053716E-03
 2.764E-05  7.48463560020542E-03
 2.802E-05  7.66672106531627E-03
 2.840E-05  7.85323118407771E-03
 2.879E-05  8.04427327934856E-03
 2.918E-05  8.23995726967021E-03
 2.958E-05  8.44039573175751E-03
 2.998E-05  8.64570396448290E-03
 3.039E-05  8.85600005438932E-03
 3.080E-05  9.07140494276671E-03
 3.123E-05  9.29204249433185E-03
 3.165E-05  9.51803956754703E-03
 3.208E-05  9.74952608661567E-03
 3.252E-05  9.98663511519753E-03
 3.297E-05  1.02295029318807E-02
 3.342E-05  1.04782691074525E-02
 3.387E-05  1.07330765840135E-02
 3.433E-05  1.09940717559757E-02
 3.480E-05  1.12614045529901E-02
 3.528E-05  1.15352285248500E-02
 3.576E-05  1.18157009284119E-02
 3.625E-05  1.21029828165900E-02
 3.674E-05  1.23972391294634E-02
 3.724E-05  1.26986387875511E-02
 3.775E-05  1.30073547873056E-02
 3.827E-05  1.33235642988728E-02
 3.879E-05  1.36474487661776E-02
 3.932E-05  1.39791940093820E-02
 3.986E-05  1.43189903297790E-02
 4.040E-05  1.46670326171745E-02
 4.095E-05  1.50235204598123E-02
 4.151E-05  1.53886582569133E-02
 4.208E-05  1.57626553338727E-02
 4.265E-05  1.61457260601918E-02
 4.324E-05  1.65380899702026E-02
 4.383E-05  1.69399718866490E-02
 4.442E-05  1.73516020471902E-02
 4.503E-05  1.77732162338975E-02
 4.565E-05  1.82050559058171E-02
 4.627E-05  1.86473683346554E-02
 4.690E-05  1.91004067436795E-02
 4.754E-05  1.95644304498913E-02
 4.819E-05  2.00397050095574E-02
 4.885E-05  2.05265023671723E-02
 4.951E-05  2.10251010079350E-02
 5.019E-05  2.15357861138189E-02
 5.088E-05  2.20588497233122E-02
 5.157E-05  2.25945908949285E-02
 5.227E-05  2.31433158745571E-02
 5.299E-05  2.37053382667522E-02
 5.371E-05  2.42809792100480E-02
 5.445E-05  2.48705675563964E-02
 5.519E-05  2.54744400548117E-02
 5.594E-05  2.60929415393283E-02
 5.671E-05  2.67264251213720E-02
 5.748E-05  2.73752523866324E-02
 5.826E-05  2.80397935965564E-02
 5.906E-05  2.87204278945536E-02
 5.987E-05  2.94175435170346E-02
 6.068E-05  3.01315380093767E-02
 6.151E-05  3.08628184469464E-02
 6.235E-05  3.16118016612816E-02
 6.320E-05  3.23789144715529E-02
 6.407E-05  3.31645939214306E-02
 6.494E-05  3.39692875214677E-02
 6.583E-05  3.47934534971430E-02
 6.673E-05  3.56375610426659E-02
 6.764E-05  3.65020905806947E-02
 6.856E-05  3.73875340281018E-02
 6.950E-05  3.82943950679073E-02
 7.045E-05  3.92231894275249E-02
 7.141E-05  4.01744451634758E-02
 7.238E-05  4.11487029527013E-02
 7.337E-05  4.21465163906199E-02
 7.437E-05  4.31684522960986E-02
 7.539E-05  4.42150910234689E-02
 7.642E-05  4.52870267817704E-02
 7.746E-05  4.63848679613608E-02
 7.852E-05  4.75092374680653E-02
 7.959E-05  4.86607730650398E-02
 8.068E-05  4.98401277225170E-02
 8.178E-05  5.10479699755985E-02
 8.289E-05  5.22849842902785E-02
 8.403E-05  5.35518714378965E-02
 8.517E-05  5.48493488781766E-02
 8.634E-05  5.61781511510712E-02
 8.751E-05  5.75390302775756E-02
 8.871E-05  5.89327561697372E-02
 8.992E-05  6.03601170500505E-02
 9.115E-05  6.18219198804258E-02
 9.239E-05  6.33189908009801E-02
 9.365E-05  6.48521755788214E-02
 9.493E-05  6.64223400670854E-02
 9.623E-05  6.80303706744247E-02
 9.754E-05  6.96771748451539E-02
 9.887E-05  7.13636815503528E-02
 1.002E-04  7.30908417900922E-02
 1.016E-04  7.48596291070580E-02
 1.030E-04  7.66710401118154E-02
 1.044E-04  7.85260950199678E-02
 1.058E-04  8.04258382014527E-02
 1.073E-04  8.23713387422314E-02
 1.087E-04  8.43636910186779E-02
 1.102E-04  8.64040152848855E-02
 1.117E-04  8.84934582731961E-02
 1.132E-04  9.06331938082270E-02
 1.148E-04  9.28244234346870E-02
 1.163E-04  9.50683770592530E-02
 1.179E-04  9.73663136068370E-02
 1.195E-04  9.97195216915182E-02
 1.212E-04  1.02129320302463E-01
 1.228E-04  1.04597059505142E-01
 1.245E-04  1.07124121158150E-01
 1.262E-04  1.09711919646002E-01
 1.279E-04  1.12361902628174E-01
 1.297E-04  1.15075551804761E-01
 1.314E-04  1.17854383699104E-01
 1.332E-04  1.20699950457705E-01
 1.351E-04  1.23613840667815E-01
 1.369E-04  1.26597680193042E-01
 1.388E-04  1.29653133027348E-01
 1.407E-04  1.32781902167806E-01
 1.426E-04  1.35985730506517E-01
 1.445E-04  1.39266401742060E-01
 1.465E-04  1.42625741310853E-01
 1.485E-04  1.46065617338864E-01
 1.505E-04  1.49587941614053E-01
 1.526E-04  1.53194670579952E-01
 1.547E-04  1.56887806350844E-01
 1.568E-04  1.60669397748907E-01
 1.589E-04  1.64541541363821E-01
 1.611E-04  1.68506382635233E-01
 1.633E-04  1.72566116958555E-01
 1.655E-04  1.76722990814530E-01
 1.678E-04  1.80979302923049E-01
 1.701E-04  1.85337405421683E-01
 1.724E-04  1.89799705069364E-01
 1.748E-04  1.94368664475787E-01
 1.771E-04  1.99046803356937E-01
 1.796E-04  2.03836699817277E-01
 1.820E-04  2.08740991659094E-01
 1.845E-04  2.13762377719538E-01
 1.870E-04  2.18903619235822E-01
 1.896E-04  2.24167541239153E-01
 1.922E-04  2.29557033977903E-01
 1.948E-04  2.35075054370557E-01
 1.974E-04  2.40724627489028E-01
 2.001E-04  2.46508848072814E-01
 2.029E-04  2.52430882074596E-01
 2.056E-04  2.58493968237894E-01
 2.084E-04  2.64701419707287E-01
 2.113E-04  2.71056625671711E-01
 2.142E-04  2.77563053041635E-01
 2.171E-04  2.84224248160501E-01
 2.201E-04  2.91043838551095E-01
 2.231E-04  2.98025534697494E-01
 2.261E-04  3.05173131863110E-01
 2.292E-04  3.12490511945548E-01
 2.323E-04  3.19981645368844E-01
 2.355E-04  3.27650593013668E-01
 2.387E-04  3.35501508186234E-01
 2.420E-04  3.43538638626455E-01
 2.453E-04  3.51766328555978E-01
 2.486E-04  3.60189020766893E-01
 2.520E-04  3.68811258751547E-01
 2.555E-04  3.77637688874260E-01
 2.589E-04  3.86673062585612E-01
 2.625E-04  3.95922238679843E-01
 2.661E-04  4.05390185596143E-01
 2.697E-04  4.15081983764451E-01
 2.734E-04  4.25002827996394E-01
 2.771E-04  4.35158029922123E-01
 2.809E-04  4.45553020473655E-01
 2.847E-04  4.56193352415369E-01
 2.886E-04  4.67084702922360E-01
 2.926E-04  4.78232876207388E-01
 2.965E-04  4.89643806196958E-01
 3.006E-04  5.01323559257250E-01
 3.047E-04  5.13278336970605E-01
 3.089E-04  5.25514478963259E-01
 3.131E-04  5.38038465784817E-01
 3.174E-04  5.50856921840241E-01
 3.217E-04  5.63976618375123E-01
 3.261E-04  5.77404476514604E-01
 3.305E-04  5.91147570356769E-01
 3.350E-04  6.05213130121097E-01
 3.396E-04  6.19608545352660E-01
 3.442E-04  6.34341368182498E-01
 3.489E-04  6.49419316644950E-01
 3.537E-04  6.64850278052474E-01
 3.585E-04  6.80642312428418E-01
 3.634E-04  6.96803655998599E-01
 3.684E-04  7.13342724741834E-01
 3.734E-04  7.30268118000232E-01
 3.785E-04  7.47588622149743E-01
 3.837E-04  7.65313214331292E-01
 3.889E-04  7.83451066243168E-01
 3.942E-04  8.02011547994939E-01
 3.996E-04  8.21004232023456E-01
 4.051E-04  8.40438897071301E-01
 4.106E-04  8.60325532227927E-01
 4.162E-04  8.80674341034001E-01
 4.219E-04  9.01495745649255E-01
 4.277E-04  9.22800391084035E-01
 4.335E-04  9.44599149494742E-01
 4.394E-04  9.66903124543564E-01
 4.454E-04  9.89723655822411E-01
 4.515E-04  1.01307232334146E+00
 4.577E-04  1.03696095208218E+00
 4.639E-04  1.06140161661488E+00
 4.702E-04  1.08640664578086E+00
 4.767E-04  1.11198862743904E+00
 4.832E-04  1.13816041327703E+00
 4.898E-04  1.16493512368627E+00
 4.965E-04  1.19232615270105E+00
 5.032E-04  1.22034717300145E+00
 5.101E-04  1.24901214097917E+00
 5.171E-04  1.27833530186641E+00
 5.241E-04  1.30833119492697E+00
 5.313E-04  1.33901465870917E+00
 5.385E-04  1.37040083635959E+00
 5.459E-04  1.40250518099705E+00
 5.533E-04  1.43534346114641E+00
 5.609E-04  1.46893176623044E+00
 5.686E-04  1.50328651211908E+00
 5.763E-04  1.53842444673532E+00
 5.842E-04  1.57436265571598E+00
 5.922E-04  1.61111856812594E+00
 6.002E-04  1.64870996222486E+00
 6.084E-04  1.68715497128448E+00
 6.167E-04  1.72647208945468E+00
 6.252E-04  1.76668017767668E+00
 6.337E-04  1.80779846964124E+00
 6.423E-04  1.84984657778968E+00
 6.511E-04  1.89284449935585E+00
 6.600E-04  1.93681262244598E+00
 6.690E-04  1.98177173215428E+00
 6.782E-04  2.02774301671147E+00
 6.874E-04  2.07474807366305E+00
 6.968E-04  2.12280891607466E+00
 7.063E-04  2.17194797876057E+00
 7.160E-04  2.22218812453261E+00
 7.257E-04  2.27355265046531E+00
 7.356E-04  2.32606529417312E+00
 7.457E-04  2.37975024009666E+00
 7.559E-04  2.43463212579236E+00
 7.662E-04  2.49073604822177E+00
 7.766E-04  2.54808757003547E+00
 7.872E-04  2.60671272584661E+00
 7.980E-04  2.66663802848847E+00
 8.089E-04  2.72789047525093E+00
 8.199E-04  2.79049755408984E+00
 8.311E-04  2.85448724980269E+00
 8.425E-04  2.91988805016484E+00
 8.540E-04  2.98672895201930E+00
 8.656E-04  3.05503946731284E+00
 8.774E-04  3.12484962907141E+00
 8.894E-04  3.19618999730693E+00
 9.016E-04  3.26909166484726E+00
 9.139E-04  3.34358626308161E+00
 9.264E-04  3.41970596761177E+00
 9.390E-04  3.49748350380095E+00
 9.518E-04  3.57695215220966E+00
 9.648E-04  3.65814575390976E+00
 9.780E-04  3.74109871566577E+00
 9.913E-04  3.82584601497270E+00
 1.005E-03  3.91242320493945E+00
 1.019E-03  4.00086641900630E+00
 1.032E-03  4.09121237548401E+00
 1.047E-03  4.18349838190204E+00
 1.061E-03  4.27776233915339E+00
 1.075E-03  4.37404274542212E+00
 1.090E-03  4.47237869987964E+00
 1.105E-03  4.57280990613499E+00
 1.120E-03  4.67537667542502E+00
 1.135E-03  4.78011992952758E+00
 1.151E-03  4.88708120338233E+00
 1.167E-03  4.99630264740299E+00
 1.182E-03  5.10782702946226E+00
 1.199E-03  5.22169773653315E+00
 1.215E-03  5.33795877596692E+00
 1.232E-03  5.45665477639037E+00
 1.248E-03  5.57783098820020E+00
 1.265E-03  5.70153328363601E+00
 1.283E-03  5.82780815641184E+00
 1.300E-03  5.95670272088144E+00
 1.318E-03  6.08826471071752E+00
 1.336E-03  6.22254247708215E+00
 1.354E-03  6.35958498626280E+00
 1.373E-03  6.49944181675150E+00
 1.391E-03  6.64216315574106E+00
 1.410E-03  6.78779979501274E+00
 1.430E-03  6.93640312618955E+00
 1.449E-03  7.08802513532700E+00
 1.469E-03  7.24271839681417E+00
 1.489E-03  7.40053606655579E+00
 1.509E-03  7.56153187440689E+00
 1.530E-03  7.72576011582864E+00
 1.551E-03  7.89327564273509E+00
 1.572E-03  8.06413385350004E+00
 1.593E-03  8.23839068208979E+00
 1.615E-03  8.41610258628983E+00
 1.637E-03  8.59732653499193E+00
 1.660E-03  8.78211999450606E+00
 1.682E-03  8.97054091386178E+00
 1.705E-03  9.16264770906445E+00
 1.729E-03  9.35849924626791E+00
 1.752E-03  9.55815482382599E+00
 1.776E-03  9.76167415318617E+00
 1.800E-03  9.96911733858555E+00
 1.825E-03  1.01805448555091E+01
 1.850E-03  1.03960175278705E+01
 1.875E-03  1.06155965038763E+01
 1.901E-03  1.08393432305274E+01
 1.927E-03  1.10673194267222E+01
 1.953E-03  1.12995870549134E+01
 1.980E-03  1.15362082912789E+01
 2.007E-03  1.17772454943600E+01
 2.034E-03  1.20227611721277E+01
 2.062E-03  1.22728179474275E+01
 2.090E-03  1.25274785217619E+01
 2.118E-03  1.27868056373642E+01
 2.147E-03  1.30508620375166E+01
 2.177E-03  1.33197104250719E+01
 2.206E-03  1.35934134191278E+01
 2.236E-03  1.38720335098121E+01
 2.267E-03  1.41556330111323E+01
 2.298E-03  1.44442740118422E+01
 2.329E-03  1.47380183242837E+01
 2.361E-03  1.50369274311566E+01
 2.393E-03  1.53410624301712E+01
 2.426E-03  1.56504839765421E+01
 2.459E-03  1.59652522232774E+01
 2.493E-03  1.62854267592199E+01
 2.527E-03  1.66110665448029E+01
 2.561E-03  1.69422298454727E+01
 2.596E-03  1.72789741627416E+01
 2.632E-03  1.76213561628341E+01
 2.668E-03  1.79694316028851E+01
 2.704E-03  1.83232552546535E+01
 2.741E-03  1.86828808257239E+01
 2.778E-03  1.90483608781544E+01
 2.816E-03  1.94197467445449E+01
 2.855E-03  1.97970884415008E+01
 2.894E-03  2.01804345804573E+01
 2.933E-03  2.05698322758482E+01
 2.973E-03  2.09653270505976E+01
 3.014E-03  2.13669627389128E+01
 3.055E-03  2.17747813863697E+01
 3.097E-03  2.21888231472753E+01
 3.139E-03  2.26091261793012E+01
 3.182E-03  2.30357265353888E+01
 3.225E-03  2.34686580529205E+01
 3.269E-03  2.39079522401697E+01
 3.314E-03  2.43536381600337E+01
 3.359E-03  2.48057423110687E+01
 3.405E-03  2.52642885058506E+01
 3.452E-03  2.57292977466781E+01
 3.499E-03  2.62007880986635E+01
 3.546E-03  2.66787745602427E+01
 3.595E-03  2.71632689311509E+01
 3.644E-03  2.76542796779192E+01
 3.694E-03  2.81518117969509E+01
 3.744E-03  2.86558666752464E+01
 3.795E-03  2.91664419488515E+01
 3.847E-03  2.96835313591177E+01
 3.900E-03  3.02071246068619E+01
 3.953E-03  3.07372072045364E+01
 4.007E-03  3.12737603265142E+01
 4.061E-03  3.18167606576215E+01
 4.117E-03  3.23661802400416E+01
 4.173E-03  3.29219863187400E+01
 4.230E-03  3.34841411855694E+01
 4.288E-03  3.40526020222141E+01
 4.346E-03  3.46273207421612E+01
 4.406E-03  3.52082438318880E+01
 4.466E-03  3.57953121914723E+01
 4.527E-03  3.63884609748428E+01
 4.589E-03  3.69876194299074E+01
 4.651E-03  3.75927107387998E+01
 4.715E-03  3.82036518585138E+01
 4.779E-03  3.88203533621978E+01
 4.844E-03  3.94427192814047E+01
 4.911E-03  4.00706469496045E+01
 4.978E-03  4.07040268472842E+01
 5.046E-03  4.13427424489786E+01
 5.114E-03  4.19866700725872E+01
 5.184E-03  4.26356787313575E+01
 5.255E-03  4.32896299889205E+01
 5.327E-03  4.39483778177960E+01
 5.400E-03  4.46117684617925E+01
 5.473E-03  4.52796403027501E+01
 5.548E-03  4.59518237320876E+01
 5.624E-03  4.66281410276448E+01
 5.700E-03  4.73084062363127E+01
 5.778E-03  4.79924250629785E+01
 5.857E-03  4.86799947663212E+01
 5.937E-03  4.93709040620138E+01
 6.018E-03  5.00649330339094E+01
 6.100E-03  5.07618530538052E+01
 6.184E-03  5.14614267103898E+01
 6.268E-03  5.21634077480092E+01
 6.354E-03  5.28675410158924E+01
 6.440E-03  5.35735624284968E+01
 6.528E-03  5.42811989376570E+01
 6.617E-03  5.49901685172250E+01
 6.708E-03  5.57001801609080E+01
 6.799E-03  5.64109338940290E+01
 6.892E-03  5.71221207999436E+01
 6.986E-03  5.78334230618516E+01
 7.082E-03  5.85445140207668E+01
 7.178E-03  5.92550582504052E+01
 7.276E-03  5.99647116497660E+01
 7.376E-03  6.06731215541803E+01
 7.476E-03  6.13799268656134E+01
 7.578E-03  6.20847582030077E+01
 7.682E-03  6.27872380734439E+01
 7.787E-03  6.34869810649170E+01
 7.893E-03  6.41835940614945E+01
 8.001E-03  6.48766764816437E+01
 8.110E-03  6.55658205404833E+01
 8.221E-03  6.62506115367193E+01
 8.333E-03  6.69306281650040E+01
 8.447E-03  6.76054428544396E+01
 8.562E-03  6.82746221339244E+01
 8.679E-03  6.89377270250248E+01
 8.798E-03  6.95943134630198E+01
 8.918E-03  7.02439327467320E+01
 9.039E-03  7.08861320177333E+01
 9.163E-03  7.15204547694647E+01
 9.288E-03  7.21464413867676E+01
 9.415E-03  7.27636297162821E+01
 9.543E-03  7.33715556681057E+01
 9.674E-03  7.39697538490496E+01
 9.806E-03  7.45577582277779E+01
 9.940E-03  7.51351028320329E+01
 1.008E-02  7.57013224780828E+01
 1.021E-02  7.62559535324535E+01
 1.035E-02  7.67985347059196E+01
 1.049E-02  7.73286078796328E+01
 1.064E-02  7.78457189631870E+01
 1.078E-02  7.83494187843058E+01
 1.093E-02  7.88392640097343E+01
 1.108E-02  7.93148180968086E+01
 1.123E-02  7.97756522750547E+01
 1.138E-02  8.02213465570483E+01
 1.154E-02  8.06514907776290E+01
 1.170E-02  8.10656856604380E+01
 1.186E-02  8.14635439105981E+01
 1.202E-02  8.18446913322114E+01
 1.218E-02  8.22087679691982E+01
 1.235E-02  8.25554292678429E+01
 1.252E-02  8.28843472592450E+01
 1.269E-02  8.31952117597133E+01
 1.286E-02  8.34877315869655E+01
 1.304E-02  8.37616357898154E+01
 1.321E-02  8.40166748888560E+01
 1.339E-02  8.42526221254588E+01
 1.358E-02  8.44692747162248E+01
 1.376E-02  8.46664551098290E+01
 1.395E-02  8.48440122430185E+01
 1.414E-02  8.50018227923192E+01
 1.433E-02  8.51397924178227E+01
 1.453E-02  8.52578569952299E+01
 1.473E-02  8.53559838321307E+01
 1.493E-02  8.54341728643135E+01
 1.513E-02  8.54924578277102E+01
 1.534E-02  8.55309074013947E+01
 1.555E-02  8.55496263168755E+01
 1.576E-02  8.55487564287477E+01
 1.598E-02  8.55284777416040E+01
 1.619E-02  8.54890093879398E+01
 1.642E-02  8.54306105516439E+01
 1.664E-02  8.53535813315173E+01
 1.687E-02  8.52582635391457E+01
 1.710E-02  8.51450414253235E+01
 1.733E-02  8.50143423291332E+01
 1.757E-02  8.48666372437013E+01
 1.781E-02  8.47024412925775E+01
 1.805E-02  8.45223141106391E+01
 1.830E-02  8.43268601233979E+01
 1.855E-02  8.41167287185753E+01
 1.880E-02  8.38926143038289E+01
 1.906E-02  8.36552562445667E+01
 1.932E-02  8.34054386758409E+01
 1.958E-02  8.31439901824213E+01
 1.985E-02  8.28717833412737E+01
 2.012E-02  8.25897341208269E+01
 2.039E-02  8.22988011316062E+01
 2.067E-02  8.19999847230352E+01
 2.095E-02  8.16943259214749E+01
 2.124E-02  8.13829052048604E+01
 2.153E-02  8.10668411096397E+01
 2.182E-02  8.07472886660924E+01
 2.212E-02  8.04254376585195E+01
 2.242E-02  8.01025107072553E+01
 2.273E-02  7.97797611699509E+01
 2.304E-02  7.94584708601148E+01
 2.335E-02  7.91399475814827E+01
 2.367E-02  7.88255224774093E+01
 2.400E-02  7.85165471951439E+01
 2.432E-02  7.82143908655584E+01
 2.466E-02  7.79204368996470E+01
 2.499E-02  7.76360796039045E+01
 2.533E-02  7.73627206175230E+01
 2.568E-02  7.71017651752124E+01
 2.603E-02  7.68546182003512E+01
 2.639E-02  7.66226802341183E+01
 2.675E-02  7.64073432072192E+01
 2.711E-02  7.62099860618267E+01
 2.748E-02  7.60319702323760E+01
 2.786E-02  7.58746349949088E+01
 2.824E-02  7.57392926957266E+01
 2.862E-02  7.56272238712001E+01
 2.901E-02  7.55396722716765E+01
 2.941E-02  7.54778398035314E+01
 2.981E-02  7.54428814045139E+01
 3.022E-02  7.54358998686364E+01
 3.063E-02  7.54579406379530E+01
 3.105E-02  7.55099865796429E+01
 3.147E-02  7.55929527678740E+01
 3.190E-02  7.57076812909444E+01
 3.234E-02  7.58549361051904E+01
 3.278E-02  7.60353979581018E+01
 3.323E-02  7.62496594039723E+01
 3.368E-02  7.64982199362651E+01
 3.414E-02  7.67814812616364E+01
 3.461E-02  7.70997427412654E+01
 3.508E-02  7.74531970257527E+01
 3.556E-02  7.78419259103774E+01
 3.604E-02  7.82658964379285E+01
 3.654E-02  7.87249572766465E+01
 3.703E-02  7.92188354010134E+01
 3.754E-02  7.97471331032101E+01
 3.805E-02  8.03093253630033E+01
 3.857E-02  8.09047576036327E+01
 3.910E-02  8.15326438609238E+01
 3.963E-02  8.21920653923580E+01
 4.017E-02  8.28819697521636E+01
 4.072E-02  8.36011703576687E+01
 4.128E-02  8.43483465711454E+01
 4.184E-02  8.51220443201950E+01
 4.241E-02  8.59206772783452E+01
 4.299E-02  8.67425286259790E+01
 4.358E-02  8.75857534099550E+01
 4.417E-02  8.84483815183370E+01
 4.478E-02  8.93283212845069E+01
 4.539E-02  9.02233637325973E+01
 4.601E-02  9.11311874736490E+01
 4.664E-02  9.20493642591725E+01
 4.727E-02  9.29753651958836E+01
 4.792E-02  9.39065676222807E+01
 4.857E-02  9.48402626444639E+01
 4.924E-02  9.57736633251474E+01
 4.991E-02  9.67039135162156E+01
 5.059E-02  9.76280973214186E+01
 5.128E-02  9.85432491719140E+01
 5.198E-02  9.94463644933477E+01
 5.269E-02  1.00334410939046E+02
 5.341E-02  1.01204340159684E+02
 5.414E-02  1.02053100075511E+02
 5.488E-02  1.02877647612890E+02
 5.563E-02  1.03674961862549E+02
 5.639E-02  1.04442057612579E+02
 5.716E-02  1.05175999204884E+02
 5.794E-02  1.05873914659505E+02
 5.873E-02  1.06533010007023E+02
 5.953E-02  1.07150583765167E+02
 6.034E-02  1.07724041491785E+02
 6.116E-02  1.08250910342566E+02
 6.200E-02  1.08728853558338E+02
 6.285E-02  1.09155684803434E+02
 6.370E-02  1.09529382273568E+02
 6.457E-02  1.09848102488970E+02
 6.546E-02  1.10110193686120E+02
 6.635E-02  1.10314208719468E+02
 6.725E-02  1.10458917382983E+02
 6.817E-02  1.10543318060257E+02
 6.910E-02  1.10566648611379E+02
 7.005E-02  1.10528396404683E+02
 7.100E-02  1.10428307402075E+02
 7.197E-02  1.10266394207748E+02
 7.296E-02  1.10042942991890E+02
 7.395E-02  1.09758519203446E+02
 7.496E-02  1.09413971989133E+02
 7.598E-02  1.09010437239741E+02
 7.702E-02  1.08549339189390E+02
 7.807E-02  1.08032390498691E+02
 7.914E-02  1.07461590758911E+02
 8.022E-02  1.06839223361038E+02
 8.132E-02  1.06167850681321E+02
 8.243E-02  1.05450307543160E+02
 8.355E-02  1.04689692924392E+02
 8.469E-02  1.03889359888785E+02
 8.585E-02  1.03052903731105E+02
 8.702E-02  1.02184148336255E+02
 8.821E-02  1.01287130764768E+02
 8.941E-02  1.00366084089240E+02
 9.063E-02  9.94254185191318E+01
 9.187E-02  9.84697008645370E+01
 9.312E-02  9.75036324031609E+01
 9.440E-02  9.65320252285037E+01
 9.568E-02  9.55597771712645E+01
 9.699E-02  9.45918453999849E+01
 9.831E-02  9.36332188209230E+01
 9.966E-02  9.26888894109306E+01
 1.010E-01  9.17638226305810E+01
 1.024E-01  9.08629270778399E+01
 1.038E-01  8.99910235550359E+01
 1.052E-01  8.91528137336523E+01
 1.066E-01  8.83528486123743E+01
 1.081E-01  8.75954969737481E+01
 1.096E-01  8.68849140536092E+01
 1.111E-01  8.62250106449731E+01
 1.126E-01  8.56194228642190E+01
 1.141E-01  8.50714828120177E+01
 1.157E-01  8.45841903644333E+01
 1.173E-01  8.41601863308505E+01
 1.189E-01  8.38017272147571E+01
 1.205E-01  8.35106618108418E+01
 1.221E-01  8.32884098672859E+01
 1.238E-01  8.31359430354714E+01
 1.255E-01  8.30537683205432E+01
 1.272E-01  8.30419142353422E+01
 1.289E-01  8.30999198471392E+01
 1.307E-01  8.32268268913702E+01
 1.325E-01  8.34211751092363E+01
 1.343E-01  8.36810009466291E+01
 1.361E-01  8.40038397304663E+01
 1.380E-01  8.43867314152610E+01
 1.399E-01  8.48262299677407E+01
 1.418E-01  8.53184164307170E+01
 1.437E-01  8.58589156793643E+01
 1.457E-01  8.64429168538000E+01
 1.477E-01  8.70651974215806E+01
 1.497E-01  8.77201507926953E+01
 1.517E-01  8.84018173781040E+01
 1.538E-01  8.91039189511261E+01
 1.559E-01  8.98198961393267E+01
 1.580E-01  9.05429488432887E+01
 1.602E-01  9.12660793481194E+01
 1.624E-01  9.19821378640428E+01
 1.646E-01  9.26838702043070E+01
 1.668E-01  9.33639672822096E+01
 1.691E-01  9.40151160846307E+01
 1.714E-01  9.46300517573793E+01
 1.738E-01  9.52016104181752E+01
 1.761E-01  9.57227822965078E+01
 1.785E-01  9.61867647861496E+01
 1.810E-01  9.65870149860103E+01
 1.834E-01  9.69173012984658E+01
 1.860E-01  9.71717536514624E+01
 1.885E-01  9.73449119116921E+01
 1.911E-01  9.74317720610607E+01
 1.937E-01  9.74278297175716E+01
 1.963E-01  9.73291205946343E+01
 1.990E-01  9.71322575096655E+01
 2.017E-01  9.68344635735918E+01
 2.045E-01  9.64336012174161E+01
 2.073E-01  9.59281967402011E+01
 2.101E-01  9.53174600944981E+01
 2.130E-01  9.46012996601909E+01
 2.159E-01  9.37803317956780E+01
 2.188E-01  9.28558849960259E+01
 2.218E-01  9.18299985308689E+01
 2.248E-01  9.07054154800894E+01
 2.279E-01  8.94855701323243E+01
 2.310E-01  8.81745697597357E+01
 2.342E-01  8.67771708318508E+01
 2.374E-01  8.52987497812142E+01
 2.406E-01  8.37452684836553E+01
 2.439E-01  8.21232346657211E+01
 2.472E-01  8.04396575007910E+01
 2.506E-01  7.87019987031118E+01
 2.540E-01  7.69181194749819E+01
 2.575E-01  7.50962237060988E+01
 2.610E-01  7.32447978651760E+01
 2.646E-01  7.13725480618440E+01
 2.682E-01  6.94883347911128E+01
 2.718E-01  6.76011059028086E+01
 2.755E-01  6.57198283639691E+01
 2.793E-01  6.38534194027555E+01
 2.831E-01  6.20106776376268E+01
 2.870E-01  6.02002148049667E+01
 2.909E-01  5.84303887017457E+01
 2.949E-01  5.67092379569020E+01
 2.989E-01  5.50444192357429E+01
 3.030E-01  5.34431474657129E+01
 3.071E-01  5.19121396493223E+01
 3.113E-01  5.04575628009689E+01
 3.156E-01  4.90849865089951E+01
 3.199E-01  4.77993405828877E+01
 3.242E-01  4.66048781984587E+01
 3.287E-01  4.55051449016212E+01
 3.331E-01  4.45029537746059E+01
 3.377E-01  4.36003670078220E+01
 3.423E-01  4.27986840567964E+01
 3.470E-01  4.20984364975180E+01
 3.517E-01  4.14993896258950E+01
 3.565E-01  4.10005507787058E+01
 3.614E-01  4.06001842852166E+01
 3.663E-01  4.02958328912960E+01
 3.713E-01  4.00843454321347E+01
 3.764E-01  3.99619104662390E+01
 3.815E-01  3.99240955228704E+01
 3.867E-01  3.99658915581364E+01
 3.920E-01  4.00817621620939E+01
 3.974E-01  4.02656970110517E+01
 4.028E-01  4.05112690163039E+01
 4.083E-01  4.08116945833234E+01
 4.139E-01  4.11598963645001E+01
 4.195E-01  4.15485678643163E+01
 4.252E-01  4.19702392388323E+01
 4.311E-01  4.24173436218860E+01
 4.369E-01  4.28822833087692E+01
 4.429E-01  4.33574951344996E+01
 4.489E-01  4.38355143982075E+01
 4.551E-01  4.43090367075208E+01
 4.613E-01  4.47709771469119E+01
 4.676E-01  4.52145262114045E+01
 4.740E-01  4.56332019912875E+01
 4.804E-01  4.60208981439125E+01
 4.870E-01  4.63719272444738E+01
 4.936E-01  4.66810591680135E+01
 5.004E-01  4.69435542188144E+01
 5.072E-01  4.71551907898059E+01
 5.141E-01  4.73122874025833E+01
 5.212E-01  4.74117190470561E+01
 5.283E-01  4.74509278075516E+01
 5.355E-01  4.74279278284049E+01
 5.428E-01  4.73413047356937E+01
 5.502E-01  4.71902096919694E+01
 5.577E-01  4.69743483167872E+01
 5.653E-01  4.66939647568843E+01
 5.731E-01  4.63498212354129E+01
 5.809E-01  4.59431734492677E+01
 5.888E-01  4.54757422169208E+01
 5.969E-01  4.49496818061009E+01
 6.050E-01  4.43675453910300E+01
 6.133E-01  4.37322481028102E+01
 6.216E-01  4.30470281440524E+01
 6.301E-01  4.23154064402067E+01
 6.387E-01  4.15411452955964E+01
 6.474E-01  4.07282065122656E+01
 6.563E-01  3.98807094148646E+01
 6.652E-01  3.90028892054177E+01
 6.743E-01  3.80990560484521E+01
 6.835E-01  3.71735552601713E+01
 6.929E-01  3.62307289456680E+01
 7.023E-01  3.52748793961519E+01
 7.119E-01  3.43102345243436E+01
 7.216E-01  3.33409155810805E+01
 7.315E-01  3.23709073602924E+01
 7.415E-01  3.14040310632945E+01
 7.516E-01  3.04439199572460E+01
 7.618E-01  2.94939979270364E+01
 7.723E-01  2.85574609851492E+01
 7.828E-01  2.76372617705311E+01
 7.935E-01  2.67360970354713E+01
 8.043E-01  2.58563980892016E+01
 8.153E-01  2.50003241386044E+01
 8.264E-01  2.41697584402306E+01
 8.377E-01  2.33663071539550E+01
 8.491E-01  2.25913007671421E+01
 8.607E-01  2.18457979392667E+01
 8.725E-01  2.11305916005927E+01
 8.844E-01  2.04462171247964E+01
 8.965E-01  1.97929623843451E+01
 9.087E-01  1.91708794889815E+01
 9.211E-01  1.85797980017839E+01
 9.337E-01  1.80193394238942E+01
 9.464E-01  1.74889327380415E+01
 9.594E-01  1.69878308023079E+01
 9.725E-01  1.65151273890573E+01
 9.857E-01  1.60697746693950E+01
 9.992E-01  1.56506009507853E+01
 1.013E+00  1.52563284843160E+01
 1.027E+00  1.48855911683694E+01
 1.041E+00  1.45369519869232E+01
 1.055E+00  1.42089200331525E+01
 1.069E+00  1.38999669822284E+01
 1.084E+00  1.36085428910041E+01
 1.099E+00  1.33330912164506E+01
 1.114E+00  1.30720629590783E+01
 1.129E+00  1.28239298519740E+01
 1.144E+00  1.25871965303562E+01
 1.160E+00  1.23604116305537E+01
 1.176E+00  1.21421777809285E+01
 1.192E+00  1.19311604603729E+01
 1.208E+00  1.17260957125304E+01
 1.225E+00  1.15257967157177E+01
 1.241E+00  1.13291592196110E+01
 1.258E+00  1.11351658700238E+01
 1.275E+00  1.09428894525081E+01
 1.293E+00  1.07514950940144E+01
 1.310E+00  1.05602414694154E+01
 1.328E+00  1.03684810663185E+01
 1.347E+00  1.01756595672527E+01
 1.365E+00  9.98131441301461E+00
 1.384E+00  9.78507261470803E+00
 1.402E+00  9.58664788483049E+00
 1.422E+00  9.38583715967383E+00
 1.441E+00  9.18251658635545E+00
 1.461E+00  8.97663704802291E+00
 1.481E+00  8.76821930023005E+00
 1.501E+00  8.55734879022643E+00
 1.521E+00  8.34417022899490E+00
 1.542E+00  8.12888198338272E+00
 1.563E+00  7.91173035266993E+00
 1.584E+00  7.69300379047432E+00
 1.606E+00  7.47302712908049E+00
 1.628E+00  7.25215585916896E+00
 1.650E+00  7.03077051358291E+00
 1.673E+00  6.80927119926966E+00
 1.696E+00  6.58807231693583E+00
 1.719E+00  6.36759750331859E+00
 1.742E+00  6.14827482635383E+00
 1.766E+00  5.93053225896609E+00
 1.790E+00  5.71479345275665E+00
 1.815E+00  5.50147382856434E+00
 1.839E+00  5.29097699675022E+00
 1.864E+00  5.08369151613898E+00
 1.890E+00  4.87998799685787E+00
 1.916E+00  4.68021654886529E+00
 1.942E+00  4.48470457476631E+00
 1.968E+00  4.29375490258038E+00
 1.995E+00  4.10764425145928E+00
 2.022E+00  3.92662202095300E+00
 2.050E+00  3.75090939228462E+00
 2.078E+00  3.58069872821767E+00
 2.106E+00  3.41615325647463E+00
 2.135E+00  3.25740702028581E+00
 2.164E+00  3.10456507850340E+00
 2.194E+00  2.95770393679792E+00
 2.224E+00  2.81687219075232E+00
 2.254E+00  2.68209136117235E+00
 2.285E+00  2.55335690163057E+00
 2.316E+00  2.43063935814356E+00
 2.348E+00  2.31388566093885E+00
 2.380E+00  2.20302052848736E+00
 2.412E+00  2.09794796435017E+00
 2.445E+00  1.99855282790274E+00
 2.479E+00  1.90470246064654E+00
 2.513E+00  1.81624835058500E+00
 2.547E+00  1.73302781801677E+00
 2.582E+00  1.65486570707313E+00
 2.617E+00  1.58157606838459E+00
 2.653E+00  1.51296381939176E+00
 2.689E+00  1.44882637000287E+00
 2.725E+00  1.38895520253066E+00
 2.763E+00  1.33313739609959E+00
 2.800E+00  1.28115708698365E+00
 2.839E+00  1.23279685760176E+00
 2.877E+00  1.18783904814352E+00
 2.917E+00  1.14606698601015E+00
 2.956E+00  1.10726612941812E+00
 2.997E+00  1.07122512261363E+00
 3.038E+00  1.03773676117434E+00
 3.079E+00  1.00659886682029E+00
 3.121E+00  9.77615072013380E-01
 3.164E+00  9.50595515388480E-01
 3.207E+00  9.25357449728812E-01
 3.251E+00  9.01725764772927E-01
 3.295E+00  8.79533427624295E-01
 3.340E+00  8.58621843931195E-01
 3.386E+00  8.38841143320627E-01
 3.432E+00  8.20050392812693E-01
 3.479E+00  8.02117742119029E-01
 3.526E+00  7.84920504848867E-01
 3.575E+00  7.68345179717145E-01
 3.623E+00  7.52287415878612E-01
 3.673E+00  7.36651926507386E-01
 3.723E+00  7.21352354709271E-01
 3.774E+00  7.06311095800071E-01
 3.825E+00  6.91459079911927E-01
 3.878E+00  6.76735518805285E-01
 3.930E+00  6.62087620669640E-01
 3.984E+00  6.47470276594197E-01
 4.039E+00  6.32845722281801E-01
 4.094E+00  6.18183178467251E-01
 4.150E+00  6.03458473385355E-01
 4.206E+00  5.88653650515335E-01
 4.264E+00  5.73756564706743E-01
 4.322E+00  5.58760469668108E-01
 4.381E+00  5.43663599673171E-01
 4.441E+00  5.28468748210635E-01
 4.501E+00  5.13182846172026E-01
 4.563E+00  4.97816542038340E-01
 4.625E+00  4.82383786389771E-01
 4.688E+00  4.66901422923925E-01
 4.752E+00  4.51388788026751E-01
 4.817E+00  4.35867320796982E-01
 4.883E+00  4.20360185279415E-01
 4.950E+00  4.04891906515233E-01
 5.017E+00  3.89488021868772E-01
 5.086E+00  3.74174748940361E-01
 5.155E+00  3.58978671224096E-01
 5.225E+00  3.43926442518315E-01
 5.297E+00  3.29044510945336E-01
 5.369E+00  3.14358863286221E-01
 5.442E+00  2.99894790186445E-01
 5.517E+00  2.85676672639688E-01
 5.592E+00  2.71727790010291E-01
 5.668E+00  2.58070149710547E-01
 5.746E+00  2.44724338507633E-01
 5.824E+00  2.31709395297220E-01
 5.904E+00  2.19042705047218E-01
 5.984E+00  2.06739913486438E-01
 6.066E+00  1.94814861989834E-01
 6.149E+00  1.83279541995159E-01
 6.233E+00  1.72144068176063E-01
 6.318E+00  1.61416669494549E-01
 6.404E+00  1.51103697162082E-01
 6.491E+00  1.41209648454135E-01
 6.580E+00  1.31737205248323E-01
 6.670E+00  1.22687286091976E-01
 6.761E+00  1.14059110551773E-01
 6.853E+00  1.05850274556204E-01
 6.947E+00  9.80568354116151E-02
 7.042E+00  9.06734051546012E-02
 7.138E+00  8.36932508977680E-02
 7.235E+00  7.71084008322607E-02
 7.334E+00  7.09097545688976E-02
 7.434E+00  6.50871965298854E-02
 7.536E+00  5.96297111445062E-02
 7.639E+00  5.45254986542056E-02
 7.743E+00  4.97620903944521E-02
 7.849E+00  4.53264624916653E-02
 7.956E+00  4.12051469924112E-02
 8.064E+00  3.73843395277955E-02
 8.174E+00  3.38500027073445E-02
 8.286E+00  3.05879645323389E-02
 8.399E+00  2.75840112172398E-02
 8.514E+00  2.48239739081493E-02
 8.630E+00  2.22938088878318E-02
 8.748E+00  1.99796709563631E-02
 8.867E+00  1.78679797737069E-02
 8.988E+00  1.59454790442305E-02
 9.111E+00  1.41992885122950E-02
 9.235E+00  1.26169488215873E-02
 9.362E+00  1.11864593679682E-02
 9.489E+00  9.89630934557396E-03
 9.619E+00  8.73550224818875E-03
 9.750E+00  7.69357414208315E-03
 9.883E+00  6.76060607236951E-03
 1.002E+01  5.92723100234932E-03
 1.016E+01  5.18463571439348E-03
 1.029E+01  4.52455812179342E-03
 1.043E+01  3.93928045407085E-03
 1.058E+01  3.42161878387435E-03
 1.072E+01  2.96490936235190E-03
 1.087E+01  2.56299222237691E-03
 1.102E+01  2.21019249589243E-03
 1.117E+01  1.90129987363679E-03
 1.132E+01  1.63154661336176E-03
 1.147E+01  1.39658447709843E-03
 1.163E+01  1.19246094980587E-03
 1.179E+01  1.01559506156762E-03
 1.195E+01  8.62753104068169E-04
 1.211E+01  7.31024500020459E-04
 1.228E+01  6.17798052111814E-04
 1.245E+01  5.20738766411747E-04
 1.262E+01  4.37765414500186E-04
 1.279E+01  3.67028969219208E-04
 1.296E+01  3.06892021247973E-04
 1.314E+01  2.55909257904121E-04
 1.332E+01  2.12809061874245E-04
 1.350E+01  1.76476266100118E-04
 1.368E+01  1.45936081866616E-04
 1.387E+01  1.20339200270985E-04
 1.406E+01  9.89480526751652E-05
 1.425E+01  8.11242033875024E-05
 1.445E+01  6.63168375891258E-05
 1.464E+01  5.40522992879479E-05
 1.484E+01  4.39246277048816E-05
 1.505E+01  3.55870358121409E-05
 1.525E+01  2.87442715834437E-05
 1.546E+01  2.31458007071382E-05
 1.567E+01  1.85797488823642E-05
 1.589E+01  1.48675421955545E-05
 1.610E+01  1.18591852967363E-05
 1.632E+01  9.42911900833962E-06
 1.655E+01  7.47260146052745E-06
 1.677E+01  5.90255972576162E-06
 1.700E+01  4.64686210388170E-06
 1.723E+01  3.64596458334161E-06
 1.747E+01  2.85088848397934E-06
 1.771E+01  2.22148979448932E-06
 1.795E+01  1.72498418902047E-06
 1.819E+01  1.33469508928115E-06
 1.844E+01  1.02899538945653E-06
 1.869E+01  7.90416549236618E-07
 1.895E+01  6.04901663052319E-07
 1.921E+01  4.61185795881446E-07
 1.947E+01  3.50302341128241E-07
 1.974E+01  2.65075269336173E-07
 2.000E+01  1.99817338971642E-07
 2.028E+01  1.50042163433692E-07
 2.055E+01  1.12224508910890E-07
 2.084E+01  8.36053529601982E-08
 2.112E+01  6.20340045447624E-08
 2.141E+01  4.58407758108612E-08
 2.170E+01  3.37347281803749E-08
 2.200E+01  2.47219059432775E-08
 2.230E+01  1.80402347227596E-08
 2.260E+01  1.31079143406785E-08
 2.291E+01  9.48268916097536E-09
 2.322E+01  6.82984632661086E-09
 2.354E+01  4.89718475416705E-09
 2.386E+01  3.49552555699778E-09
 2.419E+01  2.48360692515729E-09
 2.452E+01  1.75643157523616E-09
 2.485E+01  1.23631991111912E-09
 2.519E+01  8.66073325444320E-10
 2.554E+01  6.03775112004247E-10
 2.588E+01  4.18855988890869E-10
 2.624E+01  2.89131309321031E-10
 2.660E+01  1.98581114480656E-10
 2.696E+01  1.35695177711369E-10
 2.733E+01  9.22455502755039E-11
 2.770E+01  6.23808868636898E-11
 2.808E+01  4.19616942925537E-11
 2.846E+01  2.80750001654221E-11
 2.885E+01  1.86819163223048E-11
 2.924E+01  1.23630977211163E-11
 2.964E+01  8.13591564177950E-12
 3.005E+01  5.32387166453015E-12
 3.046E+01  3.46385104864812E-12
 3.087E+01  2.24062696120189E-12
 3.130E+01  1.44087603115022E-12
 3.172E+01  9.21081710493446E-13
 3.216E+01  5.85263925422735E-13
 3.259E+01  3.69619440278226E-13
 3.304E+01  2.31992825144638E-13
 3.349E+01  1.44703197810457E-13
 3.395E+01  8.96876346423513E-14
 3.441E+01  5.52337931194606E-14
 3.488E+01  3.37957436124921E-14
 3.536E+01  2.05433376753524E-14
 3.584E+01  1.24050630239434E-14
 3.633E+01  7.44068943945340E-15
 3.683E+01  4.43283012758331E-15
 3.733E+01  2.62283195577318E-15
 3.784E+01  1.54116605566331E-15
 3.835E+01  8.99262682874155E-16
 3.888E+01  5.21015929686966E-16
 3.941E+01  2.99717779185792E-16
 3.995E+01  1.71175512196823E-16
 4.049E+01  9.70531959936342E-17
 4.104E+01  5.46247681141865E-17
 4.161E+01  3.05178966873759E-17
 4.217E+01  1.69230963803659E-17
 4.275E+01  9.31411975546004E-18
 4.333E+01  5.08766824763984E-18
 4.392E+01  2.75797821320324E-18
 4.452E+01  1.48367967944165E-18
 4.513E+01  7.92047510595883E-19
 4.575E+01  4.19576469638592E-19
 4.637E+01  2.20551328843811E-19
 4.701E+01  1.15037628703380E-19
 4.765E+01  5.95385906986573E-20
 4.830E+01  3.05764303628181E-20
 4.896E+01  1.55815942177363E-20
 4.963E+01  7.87934711690774E-21
 5.030E+01  3.95415254441526E-21
 5.099E+01  1.96952313035438E-21
 5.169E+01  9.73929895425017E-22
 5.239E+01  4.78386735607699E-22
 5.311E+01  2.33653594764334E-22
 5.383E+01  1.13723355218073E-22
 5.457E+01  5.54077022385644E-23
 5.531E+01  2.72773053649587E-23
 5.607E+01  0.00000000000000E+00
 5.683E+01  0.00000000000000E+00
 5.761E+01  0.00000000000000E+00
 5.839E+01  0.00000000000000E+00
 5.919E+01  0.00000000000000E+00
 6.000E+01  0.00000000000000E+00
