./ilogA is logfile.
./chgdenCl calculation starts
rmin,rmax=  5.88E-08  4.85E+01
   1128.24654797   -408.56908013      0.30000000    1
    138.00503643   -435.78128160      0.30000000    1
     85.74169619   -449.46034326      0.30000000    1
     51.89791327   -455.75386486      0.30000000    1
     30.55292073   -458.38956936      0.30000000    1
     17.50634845   -459.39021817      0.30000000    1
      9.79726574   -459.73246834      0.30000000    1
      5.39436694   -459.83743198      0.30000000    1
      2.95778670   -459.86660313      0.30000000    1
      1.64116430   -459.87426062      0.30000000    1
      0.93602455   -459.87631576      0.30000000    1
      0.55422108   -459.87693745      0.30000000    1
      0.34130904   -459.87716133      0.30000000    1
      0.21761446   -459.87725477      0.30000000    1
      0.14256297   -459.87729724      0.30000000    1
      0.09522842   -459.87731730      0.30000000    1
      0.06445015   -459.87732692      0.30000000    1
      0.04399191   -459.87733156      0.30000000    1
      0.03018882   -459.87733380      0.30000000    1
      0.02078509   -459.87733488      0.30000000    1
      0.01433917   -459.87733541      0.30000000    1
      0.00990398   -459.87733566      0.30000000    1
      0.00684529   -459.87733578      0.30000000    1
      0.00473303   -459.87733584      0.30000000    1
      0.00327319   -459.87733587      0.30000000    1
      0.00226382   -459.87733589      0.30000000    1
      0.00156576   -459.87733589      0.30000000    1
      0.00108294   -459.87733590      0.30000000    1
      0.00074899   -459.87733590      0.30000000    1
      0.00051800   -459.87733590      0.30000000    1
      0.00035824   -459.87733590      0.30000000    1
      0.00000000   -459.87733590      1.00000000    2
      0.00000000   -459.87733590      1.00000000    3
    1   0 0  -1/2   1    2.0000       -100.576186
    2   0 0  -1/2   1    2.0000         -9.238073
    2   1 1  -1/2   1    2.0000         -7.078958
    2   1 1  -3/2   1    4.0000         -7.016887
    3   0 0  -1/2   1    2.0000         -0.759625
    3   1 1  -1/2   1    1.6667         -0.322969
    3   1 1  -3/2   1    3.3333         -0.318315
 total energy =   -4.59877335898939E+02 -1.25139061380804E+04
