./ilogA is logfile.
./chgdenSe calculation starts
rmin,rmax=  2.94E-08  3.43E+01
   4566.95565046  -2109.28323561      0.30000000    1
    410.00056398  -2278.95338306      0.30000000    1
    252.23925788  -2364.33989665      0.30000000    1
    150.35234453  -2402.55966579      0.30000000    1
     86.59459747  -2417.34721941      0.30000000    1
     48.36986474  -2422.26135215      0.30000000    1
     26.62531472  -2423.76600090      0.30000000    1
     14.84207685  -2424.26143676      0.30000000    1
      8.57463137  -2424.44907653      0.30000000    1
      5.15883178  -2424.52372192      0.30000000    1
      3.20627455  -2424.55233809      0.30000000    1
      2.03977784  -2424.56267391      0.30000000    1
      1.32023433  -2424.56624350      0.30000000    1
      0.86584310  -2424.56745798      0.30000000    1
      0.57344919  -2424.56787850      0.30000000    1
      0.38243475  -2424.56803070      0.30000000    1
      0.25622780  -2424.56808915      0.30000000    1
      0.17218506  -2424.56811298      0.30000000    1
      0.11593495  -2424.56812322      0.30000000    1
      0.07816613  -2424.56812778      0.30000000    1
      0.05275508  -2424.56812988      0.30000000    1
      0.03563517  -2424.56813085      0.30000000    1
      0.02408956  -2424.56813132      0.30000000    1
      0.01629677  -2424.56813154      0.30000000    1
      0.01103298  -2424.56813164      0.30000000    1
      0.00747484  -2424.56813169      0.30000000    1
      0.00506792  -2424.56813172      0.30000000    1
      0.00343854  -2424.56813173      0.30000000    1
      0.00233471  -2424.56813174      0.30000000    1
      0.00158636  -2424.56813174      0.30000000    1
      0.00107864  -2424.56813174      0.30000000    1
      0.00073392  -2424.56813174      0.30000000    1
      0.00049970  -2424.56813174      0.30000000    1
      0.00000000  -2424.56813174      1.00000000    2
      0.00000000  -2424.56813174      1.00000000    3
    1   0 0  -1/2   1    2.0000       -457.074579
    2   0 0  -1/2   1    2.0000        -58.799214
    2   1 1  -1/2   1    2.0000        -52.849597
    2   1 1  -3/2   1    4.0000        -51.325966
    3   0 0  -1/2   1    2.0000         -7.793337
    3   1 1  -1/2   1    2.0000         -5.748635
    3   1 1  -3/2   1    4.0000         -5.533412
    3   2 2  -3/2   1    4.0000         -1.983003
    3   2 2  -5/2   1    6.0000         -1.950101
    4   0 0  -1/2   1    2.0000         -0.641074
    4   1 1  -1/2   1    1.3333         -0.254214
    4   1 1  -3/2   1    2.6667         -0.240035
 total energy =   -2.42456813174049E+03 -6.59758932600431E+04
