line2: Z,NR,R(1),R(NR) /line3,4,...: R(N),RHO*4*PI*R(N)**2
 3.00  2000  1.01365245284744E-10  6.00000000000000E+01
 1.014E-10  1.76786153288034E-18
 1.027E-10  1.81645052979419E-18
 1.042E-10  1.86637497667228E-18
 1.056E-10  1.91813124932051E-18
 1.070E-10  1.97085035181439E-18
 1.085E-10  2.02501841864196E-18
 1.100E-10  2.08067527403286E-18
 1.115E-10  2.13786183677027E-18
 1.130E-10  2.19662015027451E-18
 1.145E-10  2.25699341351320E-18
 1.161E-10  2.31902601276110E-18
 1.177E-10  2.38276355423267E-18
 1.193E-10  2.44825289761169E-18
 1.209E-10  2.51554219050239E-18
 1.226E-10  2.58468090382746E-18
 1.242E-10  2.65571986819889E-18
 1.259E-10  2.72871131128867E-18
 1.276E-10  2.80370889622637E-18
 1.294E-10  2.88076776105192E-18
 1.312E-10  2.95994455925337E-18
 1.329E-10  3.04129750141816E-18
 1.348E-10  3.12488639802912E-18
 1.366E-10  3.21077270343764E-18
 1.385E-10  3.29901956104437E-18
 1.404E-10  3.38969184972189E-18
 1.423E-10  3.48285623151399E-18
 1.442E-10  3.57858120064518E-18
 1.462E-10  3.67693713387712E-18
 1.482E-10  3.77799634225022E-18
 1.502E-10  3.88183312424602E-18
 1.523E-10  3.98852382041133E-18
 1.543E-10  4.09814686948373E-18
 1.564E-10  4.21078286605916E-18
 1.586E-10  4.32651461984538E-18
 1.607E-10  4.44542721654342E-18
 1.629E-10  4.56760808040176E-18
 1.652E-10  4.69314703849098E-18
 1.674E-10  4.82213638674455E-18
 1.697E-10  4.95467095781415E-18
 1.720E-10  5.09084819079035E-18
 1.744E-10  5.23076820283995E-18
 1.767E-10  5.37453386281194E-18
 1.792E-10  5.52225086686596E-18
 1.816E-10  5.67402781618002E-18
 1.841E-10  5.82997629679409E-18
 1.866E-10  5.99021096164778E-18
 1.891E-10  6.15484961487241E-18
 1.917E-10  6.32401329840105E-18
 1.943E-10  6.49782638095790E-18
 1.970E-10  6.67641664949388E-18
 1.997E-10  6.85991540313470E-18
 2.024E-10  7.04845754971322E-18
 2.052E-10  7.24218170495188E-18
 2.080E-10  7.44123029437309E-18
 2.108E-10  7.64574965801055E-18
 2.137E-10  7.85589015799714E-18
 2.166E-10  8.07180628911194E-18
 2.196E-10  8.29365679236320E-18
 2.226E-10  8.52160477169522E-18
 2.256E-10  8.75581781390173E-18
 2.287E-10  8.99646811183564E-18
 2.318E-10  9.24373259100424E-18
 2.350E-10  9.49779303964381E-18
 2.382E-10  9.75883624237178E-18
 2.414E-10  1.00270541175091E-17
 2.447E-10  1.03026438581769E-17
 2.481E-10  1.05858080772753E-17
 2.515E-10  1.08767549564418E-17
 2.549E-10  1.11756983991060E-17
 2.584E-10  1.14828581877518E-17
 2.619E-10  1.17984601455003E-17
 2.655E-10  1.21227363021345E-17
 2.691E-10  1.24559250646873E-17
 2.728E-10  1.27982713927171E-17
 2.765E-10  1.31500269784017E-17
 2.803E-10  1.35114504315830E-17
 2.841E-10  1.38828074698947E-17
 2.880E-10  1.42643711141176E-17
 2.919E-10  1.46564218889040E-17
 2.959E-10  1.50592480290200E-17
 2.999E-10  1.54731456912530E-17
 3.040E-10  1.58984191721447E-17
 3.082E-10  1.63353811317124E-17
 3.124E-10  1.67843528233147E-17
 3.166E-10  1.72456643298338E-17
 3.210E-10  1.77196548063548E-17
 3.253E-10  1.82066727295100E-17
 3.298E-10  1.87070761536775E-17
 3.343E-10  1.92212329742245E-17
 3.389E-10  1.97495211979807E-17
 3.435E-10  2.02923292211470E-17
 3.482E-10  2.08500561148474E-17
 3.529E-10  2.14231119185226E-17
 3.577E-10  2.20119179413885E-17
 3.626E-10  2.26169070721835E-17
 3.676E-10  2.32385240974293E-17
 3.726E-10  2.38772260284340E-17
 3.777E-10  2.45334824372833E-17
 3.828E-10  2.52077758020755E-17
 3.881E-10  2.59006018616335E-17
 3.934E-10  2.66124699799699E-17
 3.987E-10  2.73439035207749E-17
 4.042E-10  2.80954402321878E-17
 4.097E-10  2.88676326421497E-17
 4.153E-10  2.96610484646177E-17
 4.210E-10  3.04762710169527E-17
 4.267E-10  3.13138996487709E-17
 4.325E-10  3.21745501825783E-17
 4.384E-10  3.30588553665315E-17
 4.444E-10  3.39674653396233E-17
 4.505E-10  3.49010481096705E-17
 4.566E-10  3.58602900444283E-17
 4.629E-10  3.68458963762048E-17
 4.692E-10  3.78585917203506E-17
 4.756E-10  3.88991206079884E-17
 4.821E-10  3.99682480333961E-17
 4.887E-10  4.10667600164265E-17
 4.953E-10  4.21954641803815E-17
 5.021E-10  4.33551903457855E-17
 5.090E-10  4.45467911404643E-17
 5.159E-10  4.57711426263843E-17
 5.230E-10  4.70291449437433E-17
 5.301E-10  4.83217229727515E-17
 5.373E-10  4.96498270135924E-17
 5.447E-10  5.10144334850846E-17
 5.521E-10  5.24165456425484E-17
 5.596E-10  5.38571943153876E-17
 5.673E-10  5.53374386649617E-17
 5.750E-10  5.68583669632715E-17
 5.829E-10  5.84210973930561E-17
 5.908E-10  6.00267788698813E-17
 5.989E-10  6.16765918868107E-17
 6.071E-10  6.33717493823133E-17
 6.154E-10  6.51134976320068E-17
 6.238E-10  6.69031171649146E-17
 6.323E-10  6.87419237049104E-17
 6.409E-10  7.06312691380305E-17
 6.497E-10  7.25725425063868E-17
 6.585E-10  7.45671710293807E-17
 6.675E-10  7.66166211529869E-17
 6.766E-10  7.87223996278886E-17
 6.859E-10  8.08860546172333E-17
 6.952E-10  8.31091768348372E-17
 7.047E-10  8.53934007146825E-17
 7.144E-10  8.77404056125399E-17
 7.241E-10  9.01519170406216E-17
 7.340E-10  9.26297079361940E-17
 7.440E-10  9.51755999650174E-17
 7.542E-10  9.77914648606386E-17
 7.645E-10  1.00479225800485E-16
 7.749E-10  1.03240858819776E-16
 7.855E-10  1.06078394264303E-16
 7.962E-10  1.08993918283133E-16
 8.071E-10  1.11989574362343E-16
 8.181E-10  1.15067564900894E-16
 8.293E-10  1.18230152829856E-16
 8.406E-10  1.21479663276069E-16
 8.521E-10  1.24818485271611E-16
 8.637E-10  1.28249073510182E-16
 8.755E-10  1.31773950151800E-16
 8.874E-10  1.35395706677085E-16
 8.996E-10  1.39117005792502E-16
 9.118E-10  1.42940583387997E-16
 9.243E-10  1.46869250548385E-16
 9.369E-10  1.50905895620075E-16
 9.497E-10  1.55053486334575E-16
 9.627E-10  1.59315071990357E-16
 9.758E-10  1.63693785694686E-16
 9.891E-10  1.68192846667080E-16
 1.003E-09  1.72815562606073E-16
 1.016E-09  1.77565332121021E-16
 1.030E-09  1.82445647230761E-16
 1.044E-09  1.87460095930925E-16
 1.059E-09  1.92612364831833E-16
 1.073E-09  1.97906241868877E-16
 1.088E-09  2.03345619087390E-16
 1.102E-09  2.08934495504100E-16
 1.118E-09  2.14676980047149E-16
 1.133E-09  2.20577294577009E-16
 1.148E-09  2.26639776990376E-16
 1.164E-09  2.32868884409348E-16
 1.180E-09  2.39269196458341E-16
 1.196E-09  2.45845418630990E-16
 1.212E-09  2.52602385749590E-16
 1.229E-09  2.59545065519708E-16
 1.246E-09  2.66678562182389E-16
 1.263E-09  2.74008120266750E-16
 1.280E-09  2.81539128445813E-16
 1.297E-09  2.89277123498214E-16
 1.315E-09  2.97227794378809E-16
 1.333E-09  3.05396986401203E-16
 1.351E-09  3.13790705535195E-16
 1.370E-09  3.22415122822391E-16
 1.388E-09  3.31276578913075E-16
 1.407E-09  3.40381588727883E-16
 1.426E-09  3.49736846247557E-16
 1.446E-09  3.59349229434326E-16
 1.466E-09  3.69225805288573E-16
 1.486E-09  3.79373835044451E-16
 1.506E-09  3.89800779508395E-16
 1.527E-09  4.00514304544213E-16
 1.547E-09  4.11522286709052E-16
 1.568E-09  4.22832819044209E-16
 1.590E-09  4.34454217025103E-16
 1.612E-09  4.46395024674829E-16
 1.634E-09  4.58664020845661E-16
 1.656E-09  4.71270225673243E-16
 1.679E-09  4.84222907208250E-16
 1.701E-09  4.97531588230112E-16
 1.725E-09  5.11206053248235E-16
 1.748E-09  5.25256355695503E-16
 1.772E-09  5.39692825319509E-16
 1.796E-09  5.54526075777076E-16
 1.821E-09  5.69767012437259E-16
 1.846E-09  5.85426840398999E-16
 1.871E-09  6.01517072729073E-16
 1.896E-09  6.18049538926501E-16
 1.922E-09  6.35036393619597E-16
 1.949E-09  6.52490125501852E-16
 1.975E-09  6.70423566513771E-16
 2.002E-09  6.88849901276870E-16
 2.029E-09  7.07782676786851E-16
 2.057E-09  7.27235812373437E-16
 2.085E-09  7.47223609933724E-16
 2.114E-09  7.67760764447080E-16
 2.143E-09  7.88862374778648E-16
 2.172E-09  8.10543954780076E-16
 2.201E-09  8.32821444695365E-16
 2.232E-09  8.55711222879934E-16
 2.262E-09  8.79230117842009E-16
 2.293E-09  9.03395420614917E-16
 2.324E-09  9.28224897469479E-16
 2.356E-09  9.53736802975534E-16
 2.388E-09  9.79949893422808E-16
 2.421E-09  1.00688344061051E-15
 2.454E-09  1.03455724601573E-15
 2.487E-09  1.06299165535169E-15
 2.521E-09  1.09220757352567E-15
 2.556E-09  1.12222648000828E-15
 2.590E-09  1.15307044462519E-15
 2.626E-09  1.18476214378267E-15
 2.662E-09  1.21732487713942E-15
 2.698E-09  1.25078258473626E-15
 2.735E-09  1.28515986459683E-15
 2.772E-09  1.32048199081204E-15
 2.810E-09  1.35677493212152E-15
 2.848E-09  1.39406537100559E-15
 2.887E-09  1.43238072330244E-15
 2.927E-09  1.47174915836404E-15
 2.967E-09  1.51219961976610E-15
 3.007E-09  1.55376184658749E-15
 3.048E-09  1.59646639527415E-15
 3.090E-09  1.64034466210421E-15
 3.132E-09  1.68542890627063E-15
 3.175E-09  1.73175227359772E-15
 3.218E-09  1.77934882091003E-15
 3.262E-09  1.82825354107090E-15
 3.307E-09  1.87850238870910E-15
 3.352E-09  1.93013230665262E-15
 3.398E-09  1.98318125308878E-15
 3.444E-09  2.03768822947114E-15
 3.491E-09  2.09369330919322E-15
 3.539E-09  2.15123766705042E-15
 3.587E-09  2.21036360951156E-15
 3.636E-09  2.27111460582253E-15
 3.685E-09  2.33353531996454E-15
 3.736E-09  2.39767164349134E-15
 3.787E-09  2.46357072926847E-15
 3.838E-09  2.53128102613992E-15
 3.891E-09  2.60085231454729E-15
 3.944E-09  2.67233574312851E-15
 3.998E-09  2.74578386632240E-15
 4.052E-09  2.82125068300617E-15
 4.108E-09  2.89879167619547E-15
 4.164E-09  2.97846385383530E-15
 4.221E-09  3.06032579071217E-15
 4.278E-09  3.14443767151784E-15
 4.337E-09  3.23086133509768E-15
 4.396E-09  3.31966031991362E-15
 4.456E-09  3.41089991075780E-15
 4.517E-09  3.50464718674999E-15
 4.578E-09  3.60097107065335E-15
 4.641E-09  3.69994237954709E-15
 4.704E-09  3.80163387689060E-15
 4.769E-09  3.90612032601877E-15
 4.834E-09  4.01347854510815E-15
 4.900E-09  4.12378746365323E-15
 4.967E-09  4.23712818049541E-15
 5.034E-09  4.35358402344676E-15
 5.103E-09  4.47324061055171E-15
 5.173E-09  4.59618591303415E-15
 5.243E-09  4.72251031997311E-15
 5.315E-09  4.85230670475643E-15
 5.388E-09  4.98567049336186E-15
 5.461E-09  5.12269973451297E-15
 5.536E-09  5.26349517176485E-15
 5.611E-09  5.40816031757067E-15
 5.688E-09  5.55680152938344E-15
 5.765E-09  5.70952808784971E-15
 5.844E-09  5.86645227715266E-15
 5.924E-09  6.02768946756347E-15
 6.005E-09  6.19335820026008E-15
 6.087E-09  6.36358027447942E-15
 6.170E-09  6.53848083706376E-15
 6.254E-09  6.71818847446801E-15
 6.340E-09  6.90283530729633E-15
 6.426E-09  7.09255708743625E-15
 6.514E-09  7.28749329786456E-15
 6.603E-09  7.48778725519424E-15
 6.693E-09  7.69358621503893E-15
 6.784E-09  7.90504148027693E-15
 6.877E-09  8.12230851228798E-15
 6.971E-09  8.34554704524730E-15
 7.066E-09  8.57492120356333E-15
 7.162E-09  8.81059962254017E-15
 7.260E-09  9.05275557235862E-15
 7.359E-09  9.30156708546293E-15
 7.460E-09  9.55721708745080E-15
 7.562E-09  9.81989353156057E-15
 7.665E-09  1.00897895368516E-14
 7.770E-09  1.03671035301868E-14
 7.876E-09  1.06520393921145E-14
 7.983E-09  1.09448066067620E-14
 8.092E-09  1.12456204158468E-14
 8.203E-09  1.15547019769217E-14
 8.315E-09  1.18722785259705E-14
 8.428E-09  1.21985835444694E-14
 8.543E-09  1.25338569310442E-14
 8.660E-09  1.28783451778402E-14
 8.778E-09  1.32323015517453E-14
 8.898E-09  1.35959862805914E-14
 9.019E-09  1.39696667444698E-14
 9.142E-09  1.43536176723110E-14
 9.267E-09  1.47481213438657E-14
 9.394E-09  1.51534677972337E-14
 9.522E-09  1.55699550420991E-14
 9.652E-09  1.59978892788288E-14
 9.784E-09  1.64375851235876E-14
 9.917E-09  1.68893658396451E-14
 1.005E-08  1.73535635750369E-14
 1.019E-08  1.78305196067581E-14
 1.033E-08  1.83205845916715E-14
 1.047E-08  1.88241188243079E-14
 1.061E-08  1.93414925017541E-14
 1.076E-08  1.98730859958213E-14
 1.090E-08  2.04192901326933E-14
 1.105E-08  2.09805064802595E-14
 1.120E-08  2.15571476433483E-14
 1.136E-08  2.21496375670732E-14
 1.151E-08  2.27584118485143E-14
 1.167E-08  2.33839180569702E-14
 1.183E-08  2.40266160630074E-14
 1.199E-08  2.46869783765584E-14
 1.215E-08  2.53654904943084E-14
 1.232E-08  2.60626512566294E-14
 1.249E-08  2.67789732143310E-14
 1.266E-08  2.75149830054831E-14
 1.283E-08  2.82712217425988E-14
 1.301E-08  2.90482454104582E-14
 1.318E-08  2.98466252748701E-14
 1.336E-08  3.06669483026616E-14
 1.355E-08  3.15098175932166E-14
 1.373E-08  3.23758528218731E-14
 1.392E-08  3.32656906955041E-14
 1.411E-08  3.41799854206263E-14
 1.430E-08  3.51194091843675E-14
 1.450E-08  3.60846526486604E-14
 1.470E-08  3.70764254580117E-14
 1.490E-08  3.80954567612350E-14
 1.510E-08  3.91424957475146E-14
 1.531E-08  4.02183121972110E-14
 1.551E-08  4.13236970477992E-14
 1.573E-08  4.24594629753621E-14
 1.594E-08  4.36264449920717E-14
 1.616E-08  4.48255010600860E-14
 1.638E-08  4.60575127223222E-14
 1.660E-08  4.73233857505571E-14
 1.683E-08  4.86240508113599E-14
 1.706E-08  4.99604641503053E-14
 1.729E-08  5.13336082950073E-14
 1.753E-08  5.27444927774747E-14
 1.777E-08  5.41941548763085E-14
 1.801E-08  5.56836603793063E-14
 1.826E-08  5.72141043670317E-14
 1.851E-08  5.87866120179174E-14
 1.876E-08  6.04023394354841E-14
 1.901E-08  6.20624744983073E-14
 1.927E-08  6.37682377333458E-14
 1.954E-08  6.55208832132698E-14
 1.980E-08  6.73216994784460E-14
 2.007E-08  6.91720104842730E-14
 2.035E-08  7.10731765745516E-14
 2.063E-08  7.30265954815996E-14
 2.091E-08  7.50337033538662E-14
 2.119E-08  7.70959758117795E-14
 2.148E-08  7.92149290326264E-14
 2.178E-08  8.13921208652298E-14
 2.207E-08  8.36291519752839E-14
 2.237E-08  8.59276670221641E-14
 2.268E-08  8.82893558680542E-14
 2.299E-08  9.07159548203530E-14
 2.330E-08  9.32092479081889E-14
 2.362E-08  9.57710681940281E-14
 2.394E-08  9.84032991213611E-14
 2.427E-08  1.01107875899372E-13
 2.460E-08  1.03886786925722E-13
 2.494E-08  1.06742075248410E-13
 2.528E-08  1.09675840067806E-13
 2.562E-08  1.12690238279984E-13
 2.597E-08  1.15787486062469E-13
 2.633E-08  1.18969860503556E-13
 2.669E-08  1.22239701276424E-13
 2.705E-08  1.25599412359259E-13
 2.742E-08  1.29051463802645E-13
 2.779E-08  1.32598393545538E-13
 2.817E-08  1.36242809281161E-13
 2.856E-08  1.39987390374161E-13
 2.895E-08  1.43834889830469E-13
 2.934E-08  1.47788136321329E-13
 2.974E-08  1.51850036262883E-13
 3.015E-08  1.56023575952992E-13
 3.056E-08  1.60311823766748E-13
 3.098E-08  1.64717932412318E-13
 3.140E-08  1.69245141248839E-13
 3.183E-08  1.73896778667948E-13
 3.227E-08  1.78676264540829E-13
 3.271E-08  1.83587112732486E-13
 3.315E-08  1.88632933685117E-13
 3.361E-08  1.93817437072502E-13
 3.406E-08  1.99144434527362E-13
 3.453E-08  2.04617842443652E-13
 3.500E-08  2.10241684855853E-13
 3.548E-08  2.16020096397477E-13
 3.596E-08  2.21957325340805E-13
 3.645E-08  2.28057736720205E-13
 3.695E-08  2.34325815541305E-13
 3.746E-08  2.40766170078344E-13
 3.797E-08  2.47383535262162E-13
 3.849E-08  2.54182776161317E-13
 3.901E-08  2.61168891558871E-13
 3.954E-08  2.68347017627442E-13
 4.008E-08  2.75722431705341E-13
 4.063E-08  2.83300556176447E-13
 4.119E-08  2.91086962456711E-13
 4.175E-08  2.99087375090257E-13
 4.232E-08  3.07307675958055E-13
 4.290E-08  3.15753908602238E-13
 4.348E-08  3.24432282669297E-13
 4.408E-08  3.33349178475426E-13
 4.468E-08  3.42511151697295E-13
 4.529E-08  3.51924938191718E-13
 4.591E-08  3.61597458947881E-13
 4.653E-08  3.71535825175634E-13
 4.717E-08  3.81747343533600E-13
 4.781E-08  3.92239521501025E-13
 4.846E-08  4.03020072897224E-13
 4.913E-08  4.14096923552815E-13
 4.980E-08  4.25478217136699E-13
 5.048E-08  4.37172321143269E-13
 5.117E-08  4.49187833044228E-13
 5.186E-08  4.61533586609331E-13
 5.257E-08  4.74218658400986E-13
 5.329E-08  4.87252374447351E-13
 5.402E-08  5.00644317098682E-13
 5.475E-08  5.14404332072365E-13
 5.550E-08  5.28542535691430E-13
 5.626E-08  5.43069322321948E-13
 5.703E-08  5.57995372015051E-13
 5.781E-08  5.73331658358807E-13
 5.860E-08  5.89089456545916E-13
 5.940E-08  6.05280351663320E-13
 6.021E-08  6.21916247209412E-13
 6.103E-08  6.39009373845452E-13
 6.186E-08  6.56572298387606E-13
 6.271E-08  6.74617933045892E-13
 6.356E-08  6.93159544917197E-13
 6.443E-08  7.12210765739403E-13
 6.531E-08  7.31785601913137E-13
 6.620E-08  7.51898444799278E-13
 6.711E-08  7.72564081299572E-13
 6.802E-08  7.93797704727792E-13
 6.895E-08  8.15614925979827E-13
 6.989E-08  8.38031785010781E-13
 7.085E-08  8.61064762627420E-13
 7.181E-08  8.84730792604859E-13
 7.279E-08  9.09047274136224E-13
 7.379E-08  9.34032084624427E-13
 7.479E-08  9.59703592825581E-13
 7.582E-08  9.86080672353620E-13
 7.685E-08  1.01318271555620E-12
 7.790E-08  1.04102964777173E-12
 7.896E-08  1.06964194197853E-12
 8.004E-08  1.09904063384637E-12
 8.113E-08  1.12924733720190E-12
 8.224E-08  1.16028425991908E-12
 8.336E-08  1.19217422024626E-12
 8.450E-08  1.22494066358209E-12
 8.566E-08  1.25860767971231E-12
 8.683E-08  1.29320002052080E-12
 8.801E-08  1.32874311818681E-12
 8.921E-08  1.36526310388267E-12
 9.043E-08  1.40278682698537E-12
 9.167E-08  1.44134187481597E-12
 9.292E-08  1.48095659292185E-12
 9.419E-08  1.52166010591620E-12
 9.547E-08  1.56348233889017E-12
 9.677E-08  1.60645403941383E-12
 9.810E-08  1.65060680014164E-12
 9.944E-08  1.69597308203921E-12
 1.008E-07  1.74258623824843E-12
 1.022E-07  1.79048053860847E-12
 1.036E-07  1.83969119485114E-12
 1.050E-07  1.89025438648800E-12
 1.064E-07  1.94220728740966E-12
 1.079E-07  1.99558809321578E-12
 1.093E-07  2.05043604929627E-12
 1.108E-07  2.10679147968438E-12
 1.123E-07  2.16469581670265E-12
 1.139E-07  2.22419163142392E-12
 1.154E-07  2.28532266496920E-12
 1.170E-07  2.34813386066620E-12
 1.186E-07  2.41267139709121E-12
 1.202E-07  2.47898272201942E-12
 1.219E-07  2.54711658730851E-12
 1.235E-07  2.61712308474043E-12
 1.252E-07  2.68905368284916E-12
 1.269E-07  2.76296126475948E-12
 1.287E-07  2.83890016706674E-12
 1.304E-07  2.91692621978520E-12
 1.322E-07  2.99709678739345E-12
 1.340E-07  3.07947081100858E-12
 1.358E-07  3.16410885171955E-12
 1.377E-07  3.25107313511143E-12
 1.396E-07  3.34042759701314E-12
 1.415E-07  3.43223793050304E-12
 1.434E-07  3.52657163420598E-12
 1.454E-07  3.62349806191778E-12
 1.473E-07  3.72308847359417E-12
 1.494E-07  3.82541608774042E-12
 1.514E-07  3.93055613524134E-12
 1.535E-07  4.03858591467065E-12
 1.556E-07  4.14958484912053E-12
 1.577E-07  4.26363454459269E-12
 1.598E-07  4.38081884999514E-12
 1.620E-07  4.50122391878759E-12
 1.642E-07  4.62493827232012E-12
 1.665E-07  4.75205286491428E-12
 1.687E-07  4.88266115073241E-12
 1.710E-07  5.01685915248407E-12
 1.734E-07  5.15474553202178E-12
 1.757E-07  5.29642166287635E-12
 1.781E-07  5.44199170478611E-12
 1.806E-07  5.59156268027518E-12
 1.830E-07  5.74524455333510E-12
 1.855E-07  5.90315031027020E-12
 1.881E-07  6.06539604276406E-12
 1.906E-07  6.23210103322953E-12
 1.932E-07  6.40338784250485E-12
 1.959E-07  6.57938239995895E-12
 1.986E-07  6.76021409607465E-12
 2.013E-07  6.94601587757547E-12
 2.040E-07  7.13692434516709E-12
 2.068E-07  7.33307985396562E-12
 2.096E-07  7.53462661668577E-12
 2.125E-07  7.74171280966475E-12
 2.154E-07  7.95449068180108E-12
 2.183E-07  8.17311666648687E-12
 2.213E-07  8.39775149661633E-12
 2.243E-07  8.62856032275579E-12
 2.274E-07  8.86571283456124E-12
 2.305E-07  9.10938338553364E-12
 2.336E-07  9.35975112120162E-12
 2.368E-07  9.61700011082795E-12
 2.401E-07  9.88131948273665E-12
 2.433E-07  1.01529035633593E-11
 2.467E-07  1.04319520201011E-11
 2.500E-07  1.07186700081364E-11
 2.534E-07  1.10132683212357E-11
 2.569E-07  1.13159635467407E-11
 2.604E-07  1.16269782247988E-11
 2.640E-07  1.19465410119706E-11
 2.676E-07  1.22748868493392E-11
 2.712E-07  1.26122571352347E-11
 2.749E-07  1.29588999027102E-11
 2.787E-07  1.33150700018935E-11
 2.825E-07  1.36810292873496E-11
 2.863E-07  1.40570468105963E-11
 2.903E-07  1.44433990179072E-11
 2.942E-07  1.48403699535549E-11
 2.982E-07  1.52482514686353E-11
 3.023E-07  1.56673434356355E-11
 3.064E-07  1.60979539688993E-11
 3.106E-07  1.65403996511477E-11
 3.149E-07  1.69950057662284E-11
 3.192E-07  1.74621065382644E-11
 3.235E-07  1.79420453773699E-11
 3.279E-07  1.84351751321228E-11
 3.324E-07  1.89418583489786E-11
 3.369E-07  1.94624675388089E-11
 3.415E-07  1.99973854507681E-11
 3.462E-07  2.05470053536889E-11
 3.509E-07  2.11117313252096E-11
 3.557E-07  2.16919785488472E-11
 3.606E-07  2.22881736192384E-11
 3.655E-07  2.29007548557669E-11
 3.705E-07  2.35301726248111E-11
 3.756E-07  2.41768896708519E-11
 3.807E-07  2.48413814566762E-11
 3.859E-07  2.55241365129313E-11
 3.911E-07  2.62256567972915E-11
 3.965E-07  2.69464580634925E-11
 4.019E-07  2.76870702405035E-11
 4.074E-07  2.84480378221297E-11
 4.129E-07  2.92299202673185E-11
 4.186E-07  3.00332924114684E-11
 4.243E-07  3.08587448890429E-11
 4.301E-07  3.17068845677954E-11
 4.360E-07  3.25783349949348E-11
 4.419E-07  3.34737368555511E-11
 4.479E-07  3.43937484436387E-11
 4.541E-07  3.53390461460693E-11
 4.603E-07  3.63103249398633E-11
 4.665E-07  3.73082989031268E-11
 4.729E-07  3.83337017400383E-11
 4.794E-07  3.93872873202593E-11
 4.859E-07  4.04698302331654E-11
 4.926E-07  4.15821263573220E-11
 4.993E-07  4.27249934456050E-11
 5.061E-07  4.38992717263984E-11
 5.130E-07  4.51058245213240E-11
 5.200E-07  4.63455388799432E-11
 5.271E-07  4.76193262319062E-11
 5.343E-07  4.89281230570248E-11
 5.416E-07  5.02728915737623E-11
 5.490E-07  5.16546204466421E-11
 5.565E-07  5.30743255130946E-11
 5.641E-07  5.45330505303082E-11
 5.718E-07  5.60318679425673E-11
 5.796E-07  5.75718796696995E-11
 5.875E-07  5.91542179172126E-11
 5.955E-07  6.07800460086536E-11
 6.037E-07  6.24505592408826E-11
 6.119E-07  6.41669857628325E-11
 6.202E-07  6.59305874784295E-11
 6.287E-07  6.77426609743360E-11
 6.373E-07  6.96045384731614E-11
 6.460E-07  7.15175888129154E-11
 6.548E-07  7.34832184533537E-11
 6.638E-07  7.55028725099727E-11
 6.728E-07  7.75780358164538E-11
 6.820E-07  7.97102340162849E-11
 6.913E-07  8.19010346843898E-11
 7.008E-07  8.41520484795850E-11
 7.103E-07  8.64649303287185E-11
 7.200E-07  8.88413806433372E-11
 7.298E-07  9.12831465698067E-11
 7.398E-07  9.37920232737857E-11
 7.499E-07  9.63698552600063E-11
 7.602E-07  9.90185377283253E-11
 7.705E-07  1.01740017967026E-10
 7.811E-07  1.04536296784459E-10
 7.917E-07  1.07409429979990E-10
 8.025E-07  1.10361529855383E-10
 8.135E-07  1.13394766767742E-10
 8.246E-07  1.16511370725106E-10
 8.358E-07  1.19713633025924E-10
 8.473E-07  1.23003907943569E-10
 8.588E-07  1.26384614457164E-10
 8.705E-07  1.29858238029958E-10
 8.824E-07  1.33427332436614E-10
 8.945E-07  1.37094521640680E-10
 9.067E-07  1.40862501723689E-10
 9.191E-07  1.44734042867254E-10
 9.316E-07  1.48711991389657E-10
 9.443E-07  1.52799271838425E-10
 9.572E-07  1.56998889140368E-10
 9.703E-07  1.61313930810766E-10
 9.835E-07  1.65747569223231E-10
 9.970E-07  1.70303063941992E-10
 1.011E-06  1.74983764118242E-10
 1.024E-06  1.79793110952363E-10
 1.038E-06  1.84734640223829E-10
 1.053E-06  1.89811984890652E-10
 1.067E-06  1.95028877760223E-10
 1.081E-06  2.00389154233613E-10
 1.096E-06  2.05896755125263E-10
 1.111E-06  2.11555729560175E-10
 1.126E-06  2.17370237950776E-10
 1.142E-06  2.23344555055503E-10
 1.157E-06  2.29483073121549E-10
 1.173E-06  2.35790305113915E-10
 1.189E-06  2.42270888033236E-10
 1.205E-06  2.48929586324815E-10
 1.222E-06  2.55771295381288E-10
 1.239E-06  2.62801045141640E-10
 1.255E-06  2.70024003789061E-10
 1.273E-06  2.77445481550446E-10
 1.290E-06  2.85070934600387E-10
 1.308E-06  2.92905969072369E-10
 1.325E-06  3.00956345180288E-10
 1.344E-06  3.09227981453165E-10
 1.362E-06  3.17726959086305E-10
 1.380E-06  3.26459526412066E-10
 1.399E-06  3.35432103493379E-10
 1.418E-06  3.44651286843666E-10
 1.438E-06  3.54123854276413E-10
 1.457E-06  3.63856769887949E-10
 1.477E-06  3.73857189177324E-10
 1.497E-06  3.84132464306802E-10
 1.518E-06  3.94690149506927E-10
 1.539E-06  4.05538006630193E-10
 1.560E-06  4.16684010857316E-10
 1.581E-06  4.28136356560323E-10
 1.603E-06  4.39903463326810E-10
 1.624E-06  4.51993982149783E-10
 1.647E-06  4.64416801787518E-10
 1.669E-06  4.77181055298356E-10
 1.692E-06  4.90296126755023E-10
 1.715E-06  5.03771658143398E-10
 1.738E-06  5.17617556451130E-10
 1.762E-06  5.31844000950807E-10
 1.786E-06  5.46461450683376E-10
 1.811E-06  5.61480652147408E-10
 1.835E-06  5.76912647199368E-10
 1.860E-06  5.92768781171301E-10
 1.886E-06  6.09060711211519E-10
 1.911E-06  6.25800414854412E-10
 1.938E-06  6.43000198825970E-10
 1.964E-06  6.60672708091199E-10
 1.991E-06  6.78830935150193E-10
 2.018E-06  6.97488229589715E-10
 2.046E-06  7.16658307897354E-10
 2.073E-06  7.36355263545269E-10
 2.102E-06  7.56593577351103E-10
 2.130E-06  7.77388128123864E-10
 2.160E-06  7.98754203602012E-10
 2.189E-06  8.20707511692493E-10
 2.219E-06  8.43264192018480E-10
 2.249E-06  8.66440827784481E-10
 2.280E-06  8.90254457967729E-10
 2.311E-06  9.14722589844315E-10
 2.343E-06  9.39863211859917E-10
 2.375E-06  9.65694806853995E-10
 2.407E-06  9.92236365647502E-10
 2.440E-06  1.01950740100417E-09
 2.473E-06  1.04752796197526E-09
 2.507E-06  1.07631864863873E-09
 2.541E-06  1.10590062724340E-09
 2.576E-06  1.13629564576940E-09
 2.611E-06  1.16752604991616E-09
 2.647E-06  1.19961479952973E-09
 2.683E-06  1.23258548548199E-09
 2.719E-06  1.26646234701321E-09
 2.757E-06  1.30127028955140E-09
 2.794E-06  1.33703490302187E-09
 2.832E-06  1.37378248065912E-09
 2.871E-06  1.41154003833640E-09
 2.910E-06  1.45033533442637E-09
 2.950E-06  1.49019689020732E-09
 2.990E-06  1.53115401083068E-09
 3.031E-06  1.57323680686426E-09
 3.072E-06  1.61647621642779E-09
 3.114E-06  1.66090402793700E-09
 3.157E-06  1.70655290347252E-09
 3.200E-06  1.75345640279093E-09
 3.244E-06  1.80164900799603E-09
 3.288E-06  1.85116614888794E-09
 3.333E-06  1.90204422900863E-09
 3.378E-06  1.95432065240397E-09
 3.424E-06  2.00803385112029E-09
 3.471E-06  2.06322331345741E-09
 3.519E-06  2.11992961299794E-09
 3.567E-06  2.17819443843384E-09
 3.615E-06  2.23806062421353E-09
 3.665E-06  2.29957218203066E-09
 3.715E-06  2.36277433317867E-09
 3.765E-06  2.42771354179405E-09
 3.817E-06  2.49443754901344E-09
 3.869E-06  2.56299540806975E-09
 3.922E-06  2.63343752035222E-09
 3.975E-06  2.70581567245823E-09
 4.030E-06  2.78018307426230E-09
 4.085E-06  2.85659439803241E-09
 4.140E-06  2.93510581862077E-09
 4.197E-06  3.01577505475876E-09
 4.254E-06  3.09866141148794E-09
 4.312E-06  3.18382582375593E-09
 4.371E-06  3.27133090121065E-09
 4.431E-06  3.36124097422615E-09
 4.491E-06  3.45362214119276E-09
 4.553E-06  3.54854231710704E-09
 4.615E-06  3.64607128349731E-09
 4.678E-06  3.74628073972068E-09
 4.742E-06  3.84924435567010E-09
 4.806E-06  3.95503782593007E-09
 4.872E-06  4.06373892542075E-09
 4.938E-06  4.17542756657025E-09
 5.006E-06  4.29018585805953E-09
 5.074E-06  4.40809816518078E-09
 5.144E-06  4.52925117185450E-09
 5.214E-06  4.65373394435152E-09
 5.285E-06  4.78163799676580E-09
 5.357E-06  4.91305735828627E-09
 5.430E-06  5.04808864231784E-09
 5.504E-06  5.18683111750201E-09
 5.579E-06  5.32938678068834E-09
 5.656E-06  5.47586043191249E-09
 5.733E-06  5.62635975143391E-09
 5.811E-06  5.78099537889097E-09
 5.890E-06  5.93988099463061E-09
 5.971E-06  6.10313340327463E-09
 6.052E-06  6.27087261958058E-09
 6.135E-06  6.44322195666355E-09
 6.219E-06  6.62030811664187E-09
 6.304E-06  6.80226128377287E-09
 6.390E-06  6.98921522015084E-09
 6.477E-06  7.18130736403142E-09
 6.565E-06  7.37867893086042E-09
 6.655E-06  7.58147501707752E-09
 6.746E-06  7.78984470677384E-09
 6.838E-06  8.00394118127986E-09
 6.931E-06  8.22392183176407E-09
 7.026E-06  8.44994837492744E-09
 7.122E-06  8.68218697187671E-09
 7.219E-06  8.92080835026215E-09
 7.318E-06  9.16598792977542E-09
 7.418E-06  9.41790595109491E-09
 7.519E-06  9.67674760837102E-09
 7.622E-06  9.94270318535801E-09
 7.726E-06  1.02159681952815E-08
 7.831E-06  1.04967435245529E-08
 7.938E-06  1.07852355804317E-08
 8.046E-06  1.10816564427457E-08
 8.156E-06  1.13862240197808E-08
 8.268E-06  1.16991622084525E-08
 8.380E-06  1.20207010588831E-08
 8.495E-06  1.23510769434968E-08
 8.611E-06  1.26905327307643E-08
 8.728E-06  1.30393179637209E-08
 8.848E-06  1.33976890433906E-08
 8.968E-06  1.37659094172491E-08
 9.091E-06  1.41442497728673E-08
 9.215E-06  1.45329882368749E-08
 9.341E-06  1.49324105793920E-08
 9.468E-06  1.53428104240779E-08
 9.597E-06  1.57644894639514E-08
 9.729E-06  1.61977576831418E-08
 9.861E-06  1.66429335847343E-08
 9.996E-06  1.71003444248743E-08
 1.013E-05  1.75703264533065E-08
 1.027E-05  1.80532251605217E-08
 1.041E-05  1.85493955316970E-08
 1.055E-05  1.90592023076117E-08
 1.070E-05  1.95830202527345E-08
 1.084E-05  2.01212344306750E-08
 1.099E-05  2.06742404872052E-08
 1.114E-05  2.12424449410600E-08
 1.129E-05  2.18262654827248E-08
 1.145E-05  2.24261312814339E-08
 1.160E-05  2.30424833006055E-08
 1.176E-05  2.36757746219439E-08
 1.192E-05  2.43264707784460E-08
 1.209E-05  2.49950500965603E-08
 1.225E-05  2.56820040477439E-08
 1.242E-05  2.63878376096820E-08
 1.259E-05  2.71130696374325E-08
 1.276E-05  2.78582332447667E-08
 1.293E-05  2.86238761959891E-08
 1.311E-05  2.94105613085240E-08
 1.329E-05  3.02188668665634E-08
 1.347E-05  3.10493870460776E-08
 1.365E-05  3.19027323515062E-08
 1.384E-05  3.27795300644507E-08
 1.403E-05  3.36804247046882E-08
 1.422E-05  3.46060785038564E-08
 1.442E-05  3.55571718921542E-08
 1.461E-05  3.65344039984124E-08
 1.481E-05  3.75384931639062E-08
 1.501E-05  3.85701774702795E-08
 1.522E-05  3.96302152819849E-08
 1.543E-05  4.07193858036171E-08
 1.564E-05  4.18384896525621E-08
 1.585E-05  4.29883494473826E-08
 1.607E-05  4.41698104123675E-08
 1.629E-05  4.53837409986882E-08
 1.651E-05  4.66310335226226E-08
 1.673E-05  4.79126048213240E-08
 1.696E-05  4.92293969265869E-08
 1.719E-05  5.05823777571384E-08
 1.743E-05  5.19725418299509E-08
 1.767E-05  5.34009109910843E-08
 1.791E-05  5.48685351666207E-08
 1.815E-05  5.63764931342224E-08
 1.840E-05  5.79258933158879E-08
 1.865E-05  5.95178745924901E-08
 1.891E-05  6.11536071406942E-08
 1.916E-05  6.28342932928583E-08
 1.943E-05  6.45611684205698E-08
 1.969E-05  6.63355018424498E-08
 1.996E-05  6.81585977568932E-08
 2.023E-05  7.00317962004406E-08
 2.051E-05  7.19564740324711E-08
 2.079E-05  7.39340459469563E-08
 2.107E-05  7.59659655119939E-08
 2.136E-05  7.80537262379189E-08
 2.165E-05  8.01988626747466E-08
 2.195E-05  8.24029515397484E-08
 2.225E-05  8.46676128760361E-08
 2.255E-05  8.69945112429485E-08
 2.286E-05  8.93853569391461E-08
 2.317E-05  9.18419072593061E-08
 2.349E-05  9.43659677853352E-08
 2.381E-05  9.69593937130620E-08
 2.413E-05  9.96240912153610E-08
 2.446E-05  1.02362018842725E-07
 2.480E-05  1.05175188962315E-07
 2.514E-05  1.08065669236539E-07
 2.548E-05  1.11035584142238E-07
 2.583E-05  1.14087116531619E-07
 2.618E-05  1.17222509236037E-07
 2.654E-05  1.20444066713864E-07
 2.690E-05  1.23754156743596E-07
 2.727E-05  1.27155212163478E-07
 2.764E-05  1.30649732658915E-07
 2.802E-05  1.34240286598952E-07
 2.840E-05  1.37929512923253E-07
 2.879E-05  1.41720123080856E-07
 2.918E-05  1.45614903022193E-07
 2.958E-05  1.49616715245848E-07
 2.998E-05  1.53728500901501E-07
 3.039E-05  1.57953281950646E-07
 3.080E-05  1.62294163386659E-07
 3.123E-05  1.66754335515835E-07
 3.165E-05  1.71337076301065E-07
 3.208E-05  1.76045753769911E-07
 3.252E-05  1.80883828488784E-07
 3.297E-05  1.85854856105096E-07
 3.342E-05  1.90962489959219E-07
 3.387E-05  1.96210483768191E-07
 3.433E-05  2.01602694383128E-07
 3.480E-05  2.07143084622325E-07
 3.528E-05  2.12835726182218E-07
 3.576E-05  2.18684802628261E-07
 3.625E-05  2.24694612467933E-07
 3.674E-05  2.30869572308153E-07
 3.724E-05  2.37214220099388E-07
 3.775E-05  2.43733218468880E-07
 3.827E-05  2.50431358145362E-07
 3.879E-05  2.57313561477863E-07
 3.932E-05  2.64384886051101E-07
 3.986E-05  2.71650528400185E-07
 4.040E-05  2.79115827827338E-07
 4.095E-05  2.86786270323364E-07
 4.151E-05  2.94667492596852E-07
 4.208E-05  3.02765286214023E-07
 4.265E-05  3.11085601852181E-07
 4.324E-05  3.19634553670032E-07
 4.383E-05  3.28418423797979E-07
 4.442E-05  3.37443666951689E-07
 4.503E-05  3.46716915172357E-07
 4.565E-05  3.56244982697106E-07
 4.627E-05  3.66034870963147E-07
 4.690E-05  3.76093773749282E-07
 4.754E-05  3.86429082458575E-07
 4.819E-05  3.97048391546139E-07
 4.885E-05  4.07959504095846E-07
 4.951E-05  4.19170437550150E-07
 5.019E-05  4.30689429597307E-07
 5.088E-05  4.42524944220117E-07
 5.157E-05  4.54685677910767E-07
 5.227E-05  4.67180566056293E-07
 5.299E-05  4.80018789499331E-07
 5.371E-05  4.93209781278960E-07
 5.445E-05  5.06763233556614E-07
 5.519E-05  5.20689104732101E-07
 5.594E-05  5.34997626754957E-07
 5.671E-05  5.49699312636505E-07
 5.748E-05  5.64804964168116E-07
 5.826E-05  5.80325679851341E-07
 5.906E-05  5.96272863045677E-07
 5.987E-05  6.12658230339985E-07
 6.068E-05  6.29493820153743E-07
 6.151E-05  6.46792001574310E-07
 6.235E-05  6.64565483436715E-07
 6.320E-05  6.82827323652764E-07
 6.407E-05  7.01590938796086E-07
 6.494E-05  7.20870113950275E-07
 6.583E-05  7.40679012827333E-07
 6.673E-05  7.61032188163756E-07
 6.764E-05  7.81944592401951E-07
 6.856E-05  8.03431588664782E-07
 6.950E-05  8.25508962031268E-07
 7.045E-05  8.48192931121728E-07
 7.141E-05  8.71500160000792E-07
 7.238E-05  8.95447770407065E-07
 7.337E-05  9.20053354318390E-07
 7.437E-05  9.45334986861853E-07
 7.539E-05  9.71311239578025E-07
 7.642E-05  9.98001194049160E-07
 7.746E-05  1.02542445590135E-06
 7.852E-05  1.05360116919077E-06
 7.959E-05  1.08255203118465E-06
 8.068E-05  1.11229830754789E-06
 8.178E-05  1.14286184794606E-06
 8.289E-05  1.17426510207674E-06
 8.403E-05  1.20653113614045E-06
 8.517E-05  1.23968364976347E-06
 8.634E-05  1.27374699338496E-06
 8.751E-05  1.30874618612092E-06
 8.871E-05  1.34470693411824E-06
 8.992E-05  1.38165564941215E-06
 9.115E-05  1.41961946930099E-06
 9.239E-05  1.45862627625227E-06
 9.365E-05  1.49870471835476E-06
 9.493E-05  1.53988423033157E-06
 9.623E-05  1.58219505512950E-06
 9.754E-05  1.62566826610037E-06
 9.887E-05  1.67033578979084E-06
 1.002E-04  1.71623042935700E-06
 1.016E-04  1.76338588862125E-06
 1.030E-04  1.81183679678882E-06
 1.044E-04  1.86161873384175E-06
 1.058E-04  1.91276825662961E-06
 1.073E-04  1.96532292567541E-06
 1.087E-04  2.01932133271629E-06
 1.102E-04  2.07480312899964E-06
 1.117E-04  2.13180905435478E-06
 1.132E-04  2.19038096706179E-06
 1.148E-04  2.25056187453889E-06
 1.163E-04  2.31239596487144E-06
 1.179E-04  2.37592863920505E-06
 1.195E-04  2.44120654502661E-06
 1.212E-04  2.50827761035770E-06
 1.228E-04  2.57719107888488E-06
 1.245E-04  2.64799754605342E-06
 1.262E-04  2.72074899614986E-06
 1.279E-04  2.79549884040075E-06
 1.297E-04  2.87230195611599E-06
 1.314E-04  2.95121472690446E-06
 1.332E-04  3.03229508399186E-06
 1.351E-04  3.11560254867064E-06
 1.369E-04  3.20119827591309E-06
 1.388E-04  3.28914509917967E-06
 1.407E-04  3.37950757645464E-06
 1.426E-04  3.47235203754325E-06
 1.445E-04  3.56774663266463E-06
 1.465E-04  3.66576138237564E-06
 1.485E-04  3.76646822886276E-06
 1.505E-04  3.86994108863862E-06
 1.526E-04  3.97625590668209E-06
 1.547E-04  4.08549071206136E-06
 1.568E-04  4.19772567508031E-06
 1.589E-04  4.31304316599012E-06
 1.611E-04  4.43152781530859E-06
 1.633E-04  4.55326657579124E-06
 1.655E-04  4.67834878609991E-06
 1.678E-04  4.80686623621411E-06
 1.701E-04  4.93891323463337E-06
 1.724E-04  5.07458667742032E-06
 1.748E-04  5.21398611913314E-06
 1.771E-04  5.35721384569997E-06
 1.796E-04  5.50437494928877E-06
 1.820E-04  5.65557740522635E-06
 1.845E-04  5.81093215102262E-06
 1.870E-04  5.97055316755781E-06
 1.896E-04  6.13455756249174E-06
 1.922E-04  6.30306565595604E-06
 1.948E-04  6.47620106859079E-06
 1.974E-04  6.65409081199053E-06
 2.001E-04  6.83686538162509E-06
 2.029E-04  7.02465885230266E-06
 2.056E-04  7.21760897624452E-06
 2.084E-04  7.41585728384301E-06
 2.113E-04  7.61954918717566E-06
 2.142E-04  7.82883408635091E-06
 2.171E-04  8.04386547876231E-06
 2.201E-04  8.26480107133095E-06
 2.231E-04  8.49180289581743E-06
 2.261E-04  8.72503742728735E-06
 2.292E-04  8.96467570581597E-06
 2.323E-04  9.21089346152087E-06
 2.355E-04  9.46387124301237E-06
 2.387E-04  9.72379454935615E-06
 2.420E-04  9.99085396564329E-06
 2.453E-04  1.02652453022657E-05
 2.486E-04  1.05471697379983E-05
 2.520E-04  1.08368339669921E-05
 2.555E-04  1.11344503497835E-05
 2.589E-04  1.14402370684310E-05
 2.625E-04  1.17544182858901E-05
 2.661E-04  1.20772243097430E-05
 2.697E-04  1.24088917604009E-05
 2.734E-04  1.27496637439016E-05
 2.771E-04  1.30997900294266E-05
 2.809E-04  1.34595272316670E-05
 2.847E-04  1.38291389981687E-05
 2.886E-04  1.42088962017953E-05
 2.926E-04  1.45990771384457E-05
 2.965E-04  1.49999677301683E-05
 3.006E-04  1.54118617338227E-05
 3.047E-04  1.58350609554356E-05
 3.089E-04  1.62698754704088E-05
 3.131E-04  1.67166238497363E-05
 3.174E-04  1.71756333923952E-05
 3.217E-04  1.76472403640783E-05
 3.261E-04  1.81317902424395E-05
 3.305E-04  1.86296379690311E-05
 3.350E-04  1.91411482081124E-05
 3.396E-04  1.96666956125191E-05
 3.442E-04  2.02066650967823E-05
 3.489E-04  2.07614521176963E-05
 3.537E-04  2.13314629625375E-05
 3.585E-04  2.19171150451401E-05
 3.634E-04  2.25188372100435E-05
 3.684E-04  2.31370700449316E-05
 3.734E-04  2.37722662015857E-05
 3.785E-04  2.44248907255862E-05
 3.837E-04  2.50954213949960E-05
 3.889E-04  2.57843490682731E-05
 3.942E-04  2.64921780416619E-05
 3.996E-04  2.72194264163169E-05
 4.051E-04  2.79666264754278E-05
 4.106E-04  2.87343250716125E-05
 4.162E-04  2.95230840248612E-05
 4.219E-04  3.03334805313109E-05
 4.277E-04  3.11661075831502E-05
 4.335E-04  3.20215743999529E-05
 4.394E-04  3.29005068717483E-05
 4.454E-04  3.38035480141494E-05
 4.515E-04  3.47313584358635E-05
 4.577E-04  3.56846168189199E-05
 4.639E-04  3.66640204119597E-05
 4.702E-04  3.76702855369416E-05
 4.767E-04  3.87041481096237E-05
 4.832E-04  3.97663641741982E-05
 4.898E-04  4.08577104524570E-05
 4.965E-04  4.19789849078844E-05
 5.032E-04  4.31310073250791E-05
 5.101E-04  4.43146199049176E-05
 5.171E-04  4.55306878758882E-05
 5.241E-04  4.67801001220283E-05
 5.313E-04  4.80637698279154E-05
 5.385E-04  4.93826351411723E-05
 5.459E-04  5.07376598529556E-05
 5.533E-04  5.21298340969183E-05
 5.609E-04  5.35601750671396E-05
 5.686E-04  5.50297277555345E-05
 5.763E-04  5.65395657092712E-05
 5.842E-04  5.80907918087307E-05
 5.922E-04  5.96845390665651E-05
 6.002E-04  6.13219714484226E-05
 6.084E-04  6.30042847159200E-05
 6.167E-04  6.47327072924646E-05
 6.252E-04  6.65085011525392E-05
 6.337E-04  6.83329627350788E-05
 6.423E-04  7.02074238815910E-05
 6.511E-04  7.21332527996831E-05
 6.600E-04  7.41118550526767E-05
 6.690E-04  7.61446745760151E-05
 6.782E-04  7.82331947211791E-05
 6.874E-04  8.03789393278499E-05
 6.968E-04  8.25834738250814E-05
 7.063E-04  8.48484063622546E-05
 7.160E-04  8.71753889706157E-05
 7.257E-04  8.95661187562182E-05
 7.356E-04  9.20223391251094E-05
 7.457E-04  9.45458410416262E-05
 7.559E-04  9.71384643206841E-05
 7.662E-04  9.98020989549740E-05
 7.766E-04  1.02538686477999E-04
 7.872E-04  1.05350221363906E-04
 7.980E-04  1.08238752465104E-04
 8.089E-04  1.11206384488671E-04
 8.199E-04  1.14255279512590E-04
 8.311E-04  1.17387658542883E-04
 8.425E-04  1.20605803112716E-04
 8.540E-04  1.23912056924628E-04
 8.656E-04  1.27308827536994E-04
 8.774E-04  1.30798588095937E-04
 8.894E-04  1.34383879113883E-04
 9.016E-04  1.38067310295993E-04
 9.139E-04  1.41851562415774E-04
 9.264E-04  1.45739389241153E-04
 9.390E-04  1.49733619512365E-04
 9.518E-04  1.53837158973037E-04
 9.648E-04  1.58052992455876E-04
 9.780E-04  1.62384186024420E-04
 9.913E-04  1.66833889172320E-04
 1.005E-03  1.71405337081713E-04
 1.019E-03  1.76101852942221E-04
 1.032E-03  1.80926850332206E-04
 1.047E-03  1.85883835663917E-04
 1.061E-03  1.90976410694234E-04
 1.075E-03  1.96208275102725E-04
 1.090E-03  2.01583229138825E-04
 1.105E-03  2.07105176339940E-04
 1.120E-03  2.12778126322367E-04
 1.135E-03  2.18606197646937E-04
 1.151E-03  2.24593620761377E-04
 1.167E-03  2.30744741021387E-04
 1.182E-03  2.37064021792535E-04
 1.199E-03  2.43556047635075E-04
 1.215E-03  2.50225527573892E-04
 1.232E-03  2.57077298455800E-04
 1.248E-03  2.64116328396503E-04
 1.265E-03  2.71347720319558E-04
 1.283E-03  2.78776715589780E-04
 1.300E-03  2.86408697743552E-04
 1.318E-03  2.94249196318582E-04
 1.336E-03  3.02303890785720E-04
 1.354E-03  3.10578614585518E-04
 1.373E-03  3.19079359272244E-04
 1.391E-03  3.27812278768200E-04
 1.410E-03  3.36783693731200E-04
 1.430E-03  3.46000096038169E-04
 1.449E-03  3.55468153387907E-04
 1.469E-03  3.65194714026115E-04
 1.489E-03  3.75186811595864E-04
 1.509E-03  3.85451670116788E-04
 1.530E-03  3.95996709096341E-04
 1.551E-03  4.06829548776560E-04
 1.572E-03  4.17958015519844E-04
 1.593E-03  4.29390147337357E-04
 1.615E-03  4.41134199563772E-04
 1.637E-03  4.53198650682128E-04
 1.660E-03  4.65592208302695E-04
 1.682E-03  4.78323815299830E-04
 1.705E-03  4.91402656110907E-04
 1.729E-03  5.04838163201507E-04
 1.752E-03  5.18640023701153E-04
 1.776E-03  5.32818186213990E-04
 1.800E-03  5.47382867808911E-04
 1.825E-03  5.62344561193749E-04
 1.850E-03  5.77714042078252E-04
 1.875E-03  5.93502376730706E-04
 1.901E-03  6.09720929733160E-04
 1.927E-03  6.26381371940338E-04
 1.953E-03  6.43495688647463E-04
 1.980E-03  6.61076187972311E-04
 2.007E-03  6.79135509456995E-04
 2.034E-03  6.97686632895057E-04
 2.062E-03  7.16742887389617E-04
 2.090E-03  7.36317960648467E-04
 2.118E-03  7.56425908522117E-04
 2.147E-03  7.77081164790971E-04
 2.177E-03  7.98298551207945E-04
 2.206E-03  8.20093287803001E-04
 2.236E-03  8.42481003456219E-04
 2.267E-03  8.65477746746176E-04
 2.298E-03  8.89099997080602E-04
 2.329E-03  9.13364676116412E-04
 2.361E-03  9.38289159476386E-04
 2.393E-03  9.63891288769965E-04
 2.426E-03  9.90189383925786E-04
 2.459E-03  1.01720225584376E-03
 2.493E-03  1.04494921937470E-03
 2.527E-03  1.07345010663568E-03
 2.561E-03  1.10272528066947E-03
 2.596E-03  1.13279564945667E-03
 2.632E-03  1.16368268028928E-03
 2.668E-03  1.19540841451465E-03
 2.704E-03  1.22799548265907E-03
 2.741E-03  1.26146711994031E-03
 2.778E-03  1.29584718217878E-03
 2.816E-03  1.33116016211709E-03
 2.855E-03  1.36743120615816E-03
 2.894E-03  1.40468613153203E-03
 2.933E-03  1.44295144390195E-03
 2.973E-03  1.48225435542063E-03
 3.014E-03  1.52262280324736E-03
 3.055E-03  1.56408546853759E-03
 3.097E-03  1.60667179591620E-03
 3.139E-03  1.65041201344638E-03
 3.182E-03  1.69533715310601E-03
 3.225E-03  1.74147907178397E-03
 3.269E-03  1.78887047280882E-03
 3.314E-03  1.83754492802270E-03
 3.359E-03  1.88753690041367E-03
 3.405E-03  1.93888176731966E-03
 3.452E-03  1.99161584421801E-03
 3.499E-03  2.04577640911433E-03
 3.546E-03  2.10140172754510E-03
 3.595E-03  2.15853107820860E-03
 3.644E-03  2.21720477923899E-03
 3.694E-03  2.27746421513883E-03
 3.744E-03  2.33935186438556E-03
 3.795E-03  2.40291132772777E-03
 3.847E-03  2.46818735718750E-03
 3.900E-03  2.53522588578507E-03
 3.953E-03  2.60407405800329E-03
 4.007E-03  2.67478026100832E-03
 4.061E-03  2.74739415664464E-03
 4.117E-03  2.82196671422226E-03
 4.173E-03  2.89855024411409E-03
 4.230E-03  2.97719843218255E-03
 4.288E-03  3.05796637505406E-03
 4.346E-03  3.14091061626099E-03
 4.406E-03  3.22608918327078E-03
 4.466E-03  3.31356162542242E-03
 4.527E-03  3.40338905279076E-03
 4.589E-03  3.49563417599957E-03
 4.651E-03  3.59036134700479E-03
 4.715E-03  3.68763660086954E-03
 4.779E-03  3.78752769855308E-03
 4.844E-03  3.89010417073628E-03
 4.911E-03  3.99543736270651E-03
 4.978E-03  4.10360048032524E-03
 5.046E-03  4.21466863710230E-03
 5.114E-03  4.32871890240076E-03
 5.184E-03  4.44583035079722E-03
 5.255E-03  4.56608411262252E-03
 5.327E-03  4.68956342570820E-03
 5.400E-03  4.81635368836482E-03
 5.473E-03  4.94654251361829E-03
 5.548E-03  5.08021978473102E-03
 5.624E-03  5.21747771203511E-03
 5.700E-03  5.35841089110519E-03
 5.778E-03  5.50311636229888E-03
 5.857E-03  5.65169367169351E-03
 5.937E-03  5.80424493344787E-03
 6.018E-03  5.96087489361840E-03
 6.100E-03  6.12169099545964E-03
 6.184E-03  6.28680344623901E-03
 6.268E-03  6.45632528559677E-03
 6.354E-03  6.63037245548192E-03
 6.440E-03  6.80906387169574E-03
 6.528E-03  6.99252149707468E-03
 6.617E-03  7.18087041634506E-03
 6.708E-03  7.37423891268203E-03
 6.799E-03  7.57275854600598E-03
 6.892E-03  7.77656423304998E-03
 6.986E-03  7.98579432923177E-03
 7.082E-03  8.20059071236479E-03
 7.178E-03  8.42109886824263E-03
 7.276E-03  8.64746797813184E-03
 7.376E-03  8.87985100820838E-03
 7.476E-03  9.11840480097321E-03
 7.578E-03  9.36329016868277E-03
 7.682E-03  9.61467198883075E-03
 7.787E-03  9.87271930171716E-03
 7.893E-03  1.01376054101418E-02
 8.001E-03  1.04095079812588E-02
 8.110E-03  1.06886091506289E-02
 8.221E-03  1.09750956285080E-02
 8.333E-03  1.12691588084076E-02
 8.447E-03  1.15709948779668E-02
 8.562E-03  1.18808049321715E-02
 8.679E-03  1.21987950889600E-02
 8.798E-03  1.25251766072525E-02
 8.918E-03  1.28601660074419E-02
 9.039E-03  1.32039851943842E-02
 9.163E-03  1.35568615829258E-02
 9.288E-03  1.39190282260059E-02
 9.415E-03  1.42907239453710E-02
 9.543E-03  1.46721934649392E-02
 9.674E-03  1.50636875468509E-02
 9.806E-03  1.54654631302439E-02
 9.940E-03  1.58777834727869E-02
 1.008E-02  1.63009182950111E-02
 1.021E-02  1.67351439274719E-02
 1.035E-02  1.71807434607783E-02
 1.049E-02  1.76380068985237E-02
 1.064E-02  1.81072313131513E-02
 1.078E-02  1.85887210047893E-02
 1.093E-02  1.90827876630859E-02
 1.108E-02  1.95897505320774E-02
 1.123E-02  2.01099365781194E-02
 1.138E-02  2.06436806609106E-02
 1.154E-02  2.11913257076379E-02
 1.170E-02  2.17532228902697E-02
 1.186E-02  2.23297318060240E-02
 1.202E-02  2.29212206610350E-02
 1.218E-02  2.35280664572416E-02
 1.235E-02  2.41506551825197E-02
 1.252E-02  2.47893820040771E-02
 1.269E-02  2.54446514651286E-02
 1.286E-02  2.61168776848684E-02
 1.304E-02  2.68064845617519E-02
 1.321E-02  2.75139059800992E-02
 1.339E-02  2.82395860200291E-02
 1.358E-02  2.89839791707293E-02
 1.376E-02  2.97475505470679E-02
 1.395E-02  3.05307761095450E-02
 1.414E-02  3.13341428875846E-02
 1.433E-02  3.21581492061586E-02
 1.453E-02  3.30033049157367E-02
 1.473E-02  3.38701316255472E-02
 1.493E-02  3.47591629401350E-02
 1.513E-02  3.56709446991938E-02
 1.534E-02  3.66060352206507E-02
 1.555E-02  3.75650055469724E-02
 1.576E-02  3.85484396946600E-02
 1.598E-02  3.95569349068948E-02
 1.619E-02  4.05911019092904E-02
 1.642E-02  4.16515651687024E-02
 1.664E-02  4.27389631550425E-02
 1.687E-02  4.38539486060338E-02
 1.710E-02  4.49971887948439E-02
 1.733E-02  4.61693658005199E-02
 1.757E-02  4.73711767811469E-02
 1.781E-02  4.86033342496428E-02
 1.805E-02  4.98665663520949E-02
 1.830E-02  5.11616171485355E-02
 1.855E-02  5.24892468960477E-02
 1.880E-02  5.38502323340822E-02
 1.906E-02  5.52453669718566E-02
 1.932E-02  5.66754613777034E-02
 1.958E-02  5.81413434702178E-02
 1.985E-02  5.96438588110513E-02
 2.012E-02  6.11838708991846E-02
 2.039E-02  6.27622614665023E-02
 2.067E-02  6.43799307744820E-02
 2.095E-02  6.60377979117980E-02
 2.124E-02  6.77368010926278E-02
 2.153E-02  6.94778979554378E-02
 2.182E-02  7.12620658620111E-02
 2.212E-02  7.30903021964662E-02
 2.242E-02  7.49636246640038E-02
 2.273E-02  7.68830715891015E-02
 2.304E-02  7.88497022128640E-02
 2.335E-02  8.08645969892187E-02
 2.367E-02  8.29288578796329E-02
 2.400E-02  8.50436086460098E-02
 2.432E-02  8.72099951414060E-02
 2.466E-02  8.94291855981929E-02
 2.499E-02  9.17023709132698E-02
 2.533E-02  9.40307649299131E-02
 2.568E-02  9.64156047158305E-02
 2.603E-02  9.88581508369680E-02
 2.639E-02  1.01359687626596E-01
 2.675E-02  1.03921523449180E-01
 2.711E-02  1.06544990958521E-01
 2.748E-02  1.09231447349628E-01
 2.786E-02  1.11982274603755E-01
 2.824E-02  1.14798879726030E-01
 2.862E-02  1.17682694975050E-01
 2.901E-02  1.20635178083821E-01
 2.941E-02  1.23657812471380E-01
 2.981E-02  1.26752107444404E-01
 3.022E-02  1.29919598388108E-01
 3.063E-02  1.33161846945671E-01
 3.105E-02  1.36480441185449E-01
 3.147E-02  1.39876995755142E-01
 3.190E-02  1.43353152022122E-01
 3.234E-02  1.46910578199039E-01
 3.278E-02  1.50550969453834E-01
 3.323E-02  1.54276048003228E-01
 3.368E-02  1.58087563188739E-01
 3.414E-02  1.61987291534254E-01
 3.461E-02  1.65977036784114E-01
 3.508E-02  1.70058629920698E-01
 3.556E-02  1.74233929160381E-01
 3.604E-02  1.78504819926781E-01
 3.654E-02  1.82873214800127E-01
 3.703E-02  1.87341053441551E-01
 3.754E-02  1.91910302491095E-01
 3.805E-02  1.96582955438166E-01
 3.857E-02  2.01361032463131E-01
 3.910E-02  2.06246580248734E-01
 3.963E-02  2.11241671759953E-01
 4.017E-02  2.16348405990894E-01
 4.072E-02  2.21568907677268E-01
 4.128E-02  2.26905326972980E-01
 4.184E-02  2.32359839089300E-01
 4.241E-02  2.37934643895061E-01
 4.299E-02  2.43631965476297E-01
 4.358E-02  2.49454051653671E-01
 4.417E-02  2.55403173456054E-01
 4.478E-02  2.61481624548514E-01
 4.539E-02  2.67691720613018E-01
 4.601E-02  2.74035798680033E-01
 4.664E-02  2.80516216409246E-01
 4.727E-02  2.87135351317548E-01
 4.792E-02  2.93895599952406E-01
 4.857E-02  3.00799377008729E-01
 4.924E-02  3.07849114387284E-01
 4.991E-02  3.15047260192688E-01
 5.059E-02  3.22396277669012E-01
 5.128E-02  3.29898644070952E-01
 5.198E-02  3.37556849468537E-01
 5.269E-02  3.45373395483314E-01
 5.341E-02  3.53350793953930E-01
 5.414E-02  3.61491565528992E-01
 5.488E-02  3.69798238185124E-01
 5.563E-02  3.78273345668058E-01
 5.639E-02  3.86919425854659E-01
 5.716E-02  3.95739019033714E-01
 5.794E-02  4.04734666103364E-01
 5.873E-02  4.13908906683023E-01
 5.953E-02  4.23264277137655E-01
 6.034E-02  4.32803308512283E-01
 6.116E-02  4.42528524374608E-01
 6.200E-02  4.52442438563654E-01
 6.285E-02  4.62547552842364E-01
 6.370E-02  4.72846354452105E-01
 6.457E-02  4.83341313567063E-01
 6.546E-02  4.94034880646589E-01
 6.635E-02  5.04929483683533E-01
 6.725E-02  5.16027525346738E-01
 6.817E-02  5.27331380015850E-01
 6.910E-02  5.38843390706728E-01
 7.005E-02  5.50565865885763E-01
 7.100E-02  5.62501076171535E-01
 7.197E-02  5.74651250922300E-01
 7.296E-02  5.87018574707913E-01
 7.395E-02  5.99605183664891E-01
 7.496E-02  6.12413161733447E-01
 7.598E-02  6.25444536775436E-01
 7.702E-02  6.38701276572311E-01
 7.807E-02  6.52185284702299E-01
 7.914E-02  6.65898396296215E-01
 8.022E-02  6.79842373671444E-01
 8.132E-02  6.94018901843838E-01
 8.243E-02  7.08429583917449E-01
 8.355E-02  7.23075936352219E-01
 8.469E-02  7.37959384109985E-01
 8.585E-02  7.53081255679341E-01
 8.702E-02  7.68442777980190E-01
 8.821E-02  7.84045071149023E-01
 8.941E-02  7.99889143206275E-01
 9.063E-02  8.15975884607338E-01
 9.187E-02  8.32306062679161E-01
 9.312E-02  8.48880315944617E-01
 9.440E-02  8.65699148337182E-01
 9.568E-02  8.82762923308793E-01
 9.699E-02  9.00071857834095E-01
 9.831E-02  9.17626016314665E-01
 9.966E-02  9.35425304387176E-01
 1.010E-01  9.53469462639859E-01
 1.024E-01  9.71758060242024E-01
 1.038E-01  9.90290488491846E-01
 1.052E-01  1.00906595428803E+00
 1.066E-01  1.02808347353146E+00
 1.081E-01  1.04734186446334E+00
 1.096E-01  1.06683974094691E+00
 1.111E-01  1.08657550570024E+00
 1.126E-01  1.10654734348810E+00
 1.141E-01  1.12675321428155E+00
 1.157E-01  1.14719084639415E+00
 1.173E-01  1.16785772960471E+00
 1.189E-01  1.18875110827641E+00
 1.205E-01  1.20986797448330E+00
 1.221E-01  1.23120506115541E+00
 1.238E-01  1.25275883525428E+00
 1.255E-01  1.27452549099156E+00
 1.272E-01  1.29650094310353E+00
 1.289E-01  1.31868082019551E+00
 1.307E-01  1.34106045817007E+00
 1.325E-01  1.36363489375426E+00
 1.343E-01  1.38639885814111E+00
 1.361E-01  1.40934677076154E+00
 1.380E-01  1.43247273320340E+00
 1.399E-01  1.45577052329485E+00
 1.418E-01  1.47923358936993E+00
 1.437E-01  1.50285504473487E+00
 1.457E-01  1.52662766235388E+00
 1.477E-01  1.55054386977428E+00
 1.497E-01  1.57459574431081E+00
 1.517E-01  1.59877500850981E+00
 1.538E-01  1.62307302591436E+00
 1.559E-01  1.64748079715194E+00
 1.580E-01  1.67198895636661E+00
 1.602E-01  1.69658776801810E+00
 1.624E-01  1.72126712407072E+00
 1.646E-01  1.74601654159505E+00
 1.668E-01  1.77082516080607E+00
 1.691E-01  1.79568174356125E+00
 1.714E-01  1.82057467234275E+00
 1.738E-01  1.84549194974753E+00
 1.761E-01  1.87042119850997E+00
 1.785E-01  1.89534966208088E+00
 1.810E-01  1.92026420578748E+00
 1.834E-01  1.94515131859837E+00
 1.860E-01  1.96999711551766E+00
 1.885E-01  1.99478734063214E+00
 1.911E-01  2.01950737083499E+00
 1.937E-01  2.04414222024947E+00
 1.963E-01  2.06867654537512E+00
 1.990E-01  2.09309465097914E+00
 2.017E-01  2.11738049675429E+00
 2.045E-01  2.14151770476455E+00
 2.073E-01  2.16548956769861E+00
 2.101E-01  2.18927905795066E+00
 2.130E-01  2.21286883754665E+00
 2.159E-01  2.23624126893347E+00
 2.188E-01  2.25937842664697E+00
 2.218E-01  2.28226210987372E+00
 2.248E-01  2.30487385591983E+00
 2.279E-01  2.32719495459873E+00
 2.310E-01  2.34920646354814E+00
 2.342E-01  2.37088922448490E+00
 2.374E-01  2.39222388040408E+00
 2.406E-01  2.41319089372748E+00
 2.439E-01  2.43377056540386E+00
 2.472E-01  2.45394305496171E+00
 2.506E-01  2.47368840151260E+00
 2.540E-01  2.49298654570111E+00
 2.575E-01  2.51181735259463E+00
 2.610E-01  2.53016063550387E+00
 2.646E-01  2.54799618072220E+00
 2.682E-01  2.56530377316907E+00
 2.718E-01  2.58206322292005E+00
 2.755E-01  2.59825439260296E+00
 2.793E-01  2.61385722563650E+00
 2.831E-01  2.62885177528489E+00
 2.870E-01  2.64321823449851E+00
 2.909E-01  2.65693696650766E+00
 2.949E-01  2.66998853613301E+00
 2.989E-01  2.68235374177316E+00
 3.030E-01  2.69401364802614E+00
 3.071E-01  2.70494961889872E+00
 3.113E-01  2.71514335155338E+00
 3.156E-01  2.72457691054008E+00
 3.199E-01  2.73323276245592E+00
 3.242E-01  2.74109381097296E+00
 3.287E-01  2.74814343217077E+00
 3.331E-01  2.75436551010710E+00
 3.377E-01  2.75974447255686E+00
 3.423E-01  2.76426532684639E+00
 3.470E-01  2.76791369570688E+00
 3.517E-01  2.77067585306796E+00
 3.565E-01  2.77253875970942E+00
 3.614E-01  2.77349009868652E+00
 3.663E-01  2.77351831044144E+00
 3.713E-01  2.77261262751142E+00
 3.764E-01  2.77076310874143E+00
 3.815E-01  2.76796067290748E+00
 3.867E-01  2.76419713165473E+00
 3.920E-01  2.75946522165276E+00
 3.974E-01  2.75375863586929E+00
 4.028E-01  2.74707205386206E+00
 4.083E-01  2.73940117098820E+00
 4.139E-01  2.73074272642926E+00
 4.195E-01  2.72109452993022E+00
 4.252E-01  2.71045548715059E+00
 4.311E-01  2.69882562352587E+00
 4.369E-01  2.68620610653864E+00
 4.429E-01  2.67259926629916E+00
 4.489E-01  2.65800861433693E+00
 4.551E-01  2.64243886050629E+00
 4.613E-01  2.62589592791099E+00
 4.676E-01  2.60838696575559E+00
 4.740E-01  2.58992036003374E+00
 4.804E-01  2.57050574196709E+00
 4.870E-01  2.55015399411197E+00
 4.936E-01  2.52887725405491E+00
 5.004E-01  2.50668891562273E+00
 5.072E-01  2.48360362753727E+00
 5.141E-01  2.45963728945058E+00
 5.212E-01  2.43480704530140E+00
 5.283E-01  2.40913127394023E+00
 5.355E-01  2.38262957697616E+00
 5.428E-01  2.35532276380580E+00
 5.502E-01  2.32723283379149E+00
 5.577E-01  2.29838295556334E+00
 5.653E-01  2.26879744342775E+00
 5.731E-01  2.23850173087292E+00
 5.809E-01  2.20752234117031E+00
 5.888E-01  2.17588685507989E+00
 5.969E-01  2.14362387567587E+00
 6.050E-01  2.11076299031896E+00
 6.133E-01  2.07733472981048E+00
 6.216E-01  2.04337052477367E+00
 6.301E-01  2.00890265931709E+00
 6.387E-01  1.97396422204504E+00
 6.474E-01  1.93858905449028E+00
 6.563E-01  1.90281169705411E+00
 6.652E-01  1.86666733254947E+00
 6.743E-01  1.83019172745269E+00
 6.835E-01  1.79342117097982E+00
 6.929E-01  1.75639241211353E+00
 7.023E-01  1.71914259471651E+00
 7.119E-01  1.68170919087726E+00
 7.216E-01  1.64412993264350E+00
 7.315E-01  1.60644274230804E+00
 7.415E-01  1.56868566142059E+00
 7.516E-01  1.53089677870813E+00
 7.618E-01  1.49311415709409E+00
 7.723E-01  1.45537576001484E+00
 7.828E-01  1.41771937723892E+00
 7.935E-01  1.38018255040101E+00
 8.043E-01  1.34280249846907E+00
 8.153E-01  1.30561604336768E+00
 8.264E-01  1.26865953598591E+00
 8.377E-01  1.23196878280121E+00
 8.491E-01  1.19557897335406E+00
 8.607E-01  1.15952460880998E+00
 8.725E-01  1.12383943184666E+00
 8.844E-01  1.08855635810383E+00
 8.965E-01  1.05370740943285E+00
 9.087E-01  1.01932364918051E+00
 9.211E-01  9.85435119738776E-01
 9.337E-01  9.52070782587702E-01
 9.464E-01  9.19258461053200E-01
 9.594E-01  8.87024785994914E-01
 9.725E-01  8.55395144631358E-01
 9.857E-01  8.24393632700555E-01
 9.992E-01  7.94043010144031E-01
 1.013E+00  7.64364660490604E-01
 1.027E+00  7.35378554103662E-01
 1.041E+00  7.07103215441812E-01
 1.055E+00  6.79555694467780E-01
 1.069E+00  6.52751542324333E-01
 1.084E+00  6.26704791378887E-01
 1.099E+00  6.01427939720303E-01
 1.114E+00  5.76931940172294E-01
 1.129E+00  5.53226193867996E-01
 1.144E+00  5.30318548409510E-01
 1.160E+00  5.08215300614925E-01
 1.176E+00  4.86921203833361E-01
 1.192E+00  4.66439479786236E-01
 1.208E+00  4.46771834870253E-01
 1.225E+00  4.27918480834718E-01
 1.241E+00  4.09878159722890E-01
 1.258E+00  3.92648172944265E-01
 1.275E+00  3.76224414322180E-01
 1.293E+00  3.60601406939113E-01
 1.310E+00  3.45772343580682E-01
 1.328E+00  3.31729130558889E-01
 1.347E+00  3.18462434675793E-01
 1.365E+00  3.05961733070776E-01
 1.384E+00  2.94215365678160E-01
 1.402E+00  2.83210590007355E-01
 1.422E+00  2.72933637945267E-01
 1.441E+00  2.63369774270656E-01
 1.461E+00  2.54503356562660E-01
 1.481E+00  2.46317896181204E-01
 1.501E+00  2.38796119995525E-01
 1.521E+00  2.31920032538887E-01
 1.542E+00  2.25670978272775E-01
 1.563E+00  2.20029703652504E-01
 1.584E+00  2.14976418698296E-01
 1.606E+00  2.10490857791224E-01
 1.628E+00  2.06552339431961E-01
 1.650E+00  2.03139824721490E-01
 1.673E+00  2.00231974346620E-01
 1.696E+00  1.97807203878684E-01
 1.719E+00  1.95843737220726E-01
 1.742E+00  1.94319658066189E-01
 1.766E+00  1.93212959260008E-01
 1.790E+00  1.92501589980566E-01
 1.815E+00  1.92163500687596E-01
 1.839E+00  1.92176685806398E-01
 1.864E+00  1.92519224142287E-01
 1.890E+00  1.93169317040685E-01
 1.916E+00  1.94105324327568E-01
 1.942E+00  1.95305798081897E-01
 1.968E+00  1.96749514306252E-01
 1.995E+00  1.98415502574087E-01
 2.022E+00  2.00283073742004E-01
 2.050E+00  2.02331845823312E-01
 2.078E+00  2.04541768124968E-01
 2.106E+00  2.06893143754063E-01
 2.135E+00  2.09366650602426E-01
 2.164E+00  2.11943360918763E-01
 2.194E+00  2.14604759577348E-01
 2.224E+00  2.17332761150549E-01
 2.254E+00  2.20109725889730E-01
 2.285E+00  2.22918474715269E-01
 2.316E+00  2.25742303311801E-01
 2.348E+00  2.28564995419235E-01
 2.380E+00  2.31370835403972E-01
 2.412E+00  2.34144620187752E-01
 2.445E+00  2.36871670604164E-01
 2.479E+00  2.39537842244768E-01
 2.513E+00  2.42129535848343E-01
 2.547E+00  2.44633707277898E-01
 2.582E+00  2.47037877120879E-01
 2.617E+00  2.49330139938621E-01
 2.653E+00  2.51499173181495E-01
 2.689E+00  2.53534245776545E-01
 2.725E+00  2.55425226384799E-01
 2.763E+00  2.57162591315881E-01
 2.800E+00  2.58737432078272E-01
 2.839E+00  2.60141462534472E-01
 2.877E+00  2.61367025621733E-01
 2.917E+00  2.62407099590843E-01
 2.956E+00  2.63255303707840E-01
 2.997E+00  2.63905903356636E-01
 3.038E+00  2.64353814474331E-01
 3.079E+00  2.64594607245606E-01
 3.121E+00  2.64624508978172E-01
 3.164E+00  2.64440406077660E-01
 3.207E+00  2.64039845037883E-01
 3.251E+00  2.63421032360936E-01
 3.295E+00  2.62582833321227E-01
 3.340E+00  2.61524769488316E-01
 3.386E+00  2.60247014925335E-01
 3.432E+00  2.58750390982798E-01
 3.479E+00  2.57036359611795E-01
 3.526E+00  2.55107015125875E-01
 3.575E+00  2.52965074347292E-01
 3.623E+00  2.50613865080767E-01
 3.673E+00  2.48057312866365E-01
 3.723E+00  2.45299925972490E-01
 3.774E+00  2.42346778600308E-01
 3.825E+00  2.39203492282011E-01
 3.878E+00  2.35876215467125E-01
 3.930E+00  2.32371601303569E-01
 3.984E+00  2.28696783633110E-01
 4.039E+00  2.24859351234297E-01
 4.094E+00  2.20867320359645E-01
 4.150E+00  2.16729105627788E-01
 4.206E+00  2.12453489345268E-01
 4.264E+00  2.08049589346598E-01
 4.322E+00  2.03526825454949E-01
 4.381E+00  1.98894884679286E-01
 4.441E+00  1.94163685276759E-01
 4.501E+00  1.89343339821592E-01
 4.563E+00  1.84444117433428E-01
 4.625E+00  1.79476405328996E-01
 4.688E+00  1.74450669870877E-01
 4.752E+00  1.69377417296037E-01
 4.817E+00  1.64267154314408E-01
 4.883E+00  1.59130348774215E-01
 4.950E+00  1.53977390595625E-01
 5.017E+00  1.48818553177810E-01
 5.086E+00  1.43663955486308E-01
 5.155E+00  1.38523525027846E-01
 5.225E+00  1.33406961918211E-01
 5.297E+00  1.28323704245577E-01
 5.369E+00  1.23282894926562E-01
 5.442E+00  1.18293350245547E-01
 5.517E+00  1.13363530259104E-01
 5.592E+00  1.08501511237049E-01
 5.668E+00  1.03714960299547E-01
 5.746E+00  9.90111123959766E-02
 5.824E+00  9.43967497560137E-02
 5.904E+00  8.98781839266882E-02
 5.984E+00  8.54612404911721E-02
 6.066E+00  8.11512465459075E-02
 6.149E+00  7.69530209925497E-02
 6.233E+00  7.28708676802885E-02
 6.318E+00  6.89085714125988E-02
 6.404E+00  6.50693968106100E-02
 6.491E+00  6.13560900032746E-02
 6.580E+00  5.77708830926216E-02
 6.670E+00  5.43155013208270E-02
 6.761E+00  5.09911728448793E-02
 6.853E+00  4.77986410044994E-02
 6.947E+00  4.47381789499354E-02
 7.042E+00  4.18096064785160E-02
 7.138E+00  3.90123089126359E-02
 7.235E+00  3.63452578373496E-02
 7.334E+00  3.38070335031554E-02
 7.434E+00  3.13958486890029E-02
 7.536E+00  2.91095738121892E-02
 7.639E+00  2.69457630657099E-02
 7.743E+00  2.49016813598748E-02
 7.849E+00  2.29743318436109E-02
 7.956E+00  2.11604837818508E-02
 8.064E+00  1.94567005676441E-02
 8.174E+00  1.78593676573015E-02
 8.286E+00  1.63647202196671E-02
 8.399E+00  1.49688703002660E-02
 8.514E+00  1.36678333177490E-02
 8.630E+00  1.24575537192795E-02
 8.748E+00  1.13339296373148E-02
 8.867E+00  1.02928364062321E-02
 8.988E+00  9.33014881423944E-03
 9.111E+00  8.44176198374329E-03
 9.235E+00  7.62361079155695E-03
 9.362E+00  6.87168775877794E-03
 9.489E+00  6.18205935857309E-03
 9.619E+00  5.55088070824806E-03
 9.750E+00  4.97440862960761E-03
 9.883E+00  4.44901307856905E-03
 1.002E+01  3.97118696093822E-03
 1.016E+01  3.53755436617971E-03
 1.029E+01  3.14487726468701E-03
 1.043E+01  2.79006072636910E-03
 1.058E+01  2.47015672922687E-03
 1.072E+01  2.18236663592982E-03
 1.087E+01  1.92404242418352E-03
 1.102E+01  1.69268676289020E-03
 1.117E+01  1.48595203076232E-03
 1.132E+01  1.30163837719260E-03
 1.147E+01  1.13769092689595E-03
 1.163E+01  9.92196230138308E-04
 1.179E+01  8.63378059423603E-04
 1.195E+01  7.49592651400540E-04
 1.211E+01  6.49323489599815E-04
 1.228E+01  5.61175719552625E-04
 1.245E+01  4.83870283007276E-04
 1.262E+01  4.16237852489352E-04
 1.279E+01  3.57212641477526E-04
 1.296E+01  3.05826159124272E-04
 1.314E+01  2.61200971873182E-04
 1.332E+01  2.22544527608429E-04
 1.350E+01  1.89143091254720E-04
 1.368E+01  1.60355834114107E-04
 1.387E+01  1.35609112768987E-04
 1.406E+01  1.14390967176148E-04
 1.425E+01  9.62458616893588E-05
 1.445E+01  8.07696872299732E-05
 1.464E+01  6.76050377170629E-05
 1.484E+01  5.64367692019649E-05
 1.505E+01  4.69878459383147E-05
 1.525E+01  3.90154738745608E-05
 1.546E+01  3.23075187767922E-05
 1.567E+01  2.66792033676095E-05
 1.589E+01  2.19700754867612E-05
 1.610E+01  1.80412373205974E-05
 1.632E+01  1.47728241854655E-05
 1.655E+01  1.20617201534907E-05
 1.677E+01  9.81949694946272E-06
 1.700E+01  7.97056199003929E-06
 1.723E+01  6.45050114761330E-06
 1.747E+01  5.20460176769760E-06
 1.771E+01  4.18654161618221E-06
 1.795E+01  3.35722975104965E-06
 1.819E+01  2.68378577099119E-06
 1.844E+01  2.13864446275902E-06
 1.869E+01  1.69877352428119E-06
 1.895E+01  1.34499275753818E-06
 1.921E+01  1.06138388364399E-06
 1.947E+01  8.34780913807242E-07
 1.974E+01  6.54331797643106E-07
 2.000E+01  5.11122852253492E-07
 2.028E+01  3.97861762062065E-07
 2.055E+01  3.08627609490555E-07
 2.084E+01  2.38570971974244E-07
 2.112E+01  1.83764175717772E-07
 2.141E+01  1.41040677096828E-07
 2.170E+01  1.07856850854376E-07
 2.200E+01  8.21769688510243E-08
 2.230E+01  6.23778521023588E-08
 2.260E+01  4.71701423488225E-08
 2.291E+01  3.55335544807157E-08
 2.322E+01  2.66638404465758E-08
 2.354E+01  1.99295220024742E-08
 2.386E+01  1.48367371017082E-08
 2.419E+01  1.10007962097407E-08
 2.452E+01  8.12326365979665E-09
 2.485E+01  5.97356855670703E-09
 2.519E+01  4.37431277723757E-09
 2.554E+01  3.18958322815280E-09
 2.588E+01  2.31569444584719E-09
 2.624E+01  1.67388838873496E-09
 2.660E+01  1.20460321078488E-09
 2.696E+01  8.62994024417856E-10
 2.733E+01  6.15448066774901E-10
 2.770E+01  4.36885975635124E-10
 2.808E+01  3.08681567390118E-10
 2.846E+01  2.17065915483658E-10
 2.885E+01  1.51908811514272E-10
 2.924E+01  1.05792856644732E-10
 2.964E+01  7.33133422982211E-11
 3.005E+01  5.05514752496246E-11
 3.046E+01  3.46800106190641E-11
 3.087E+01  2.36695062391991E-11
 3.130E+01  1.60706469238617E-11
 3.172E+01  1.08537765319929E-11
 3.216E+01  7.29122475604673E-12
 3.259E+01  4.87147517372303E-12
 3.304E+01  3.23689611610818E-12
 3.349E+01  2.13881246002814E-12
 3.395E+01  1.40526842940898E-12
 3.441E+01  9.18026082216940E-13
 3.488E+01  5.96246634422955E-13
 3.536E+01  3.84979518512763E-13
 3.584E+01  2.47090001740409E-13
 3.633E+01  1.57631569967772E-13
 3.683E+01  9.99460975706077E-14
 3.733E+01  6.29776906850961E-14
 3.784E+01  3.94338344035861E-14
 3.835E+01  2.45343921846705E-14
 3.888E+01  1.51658841635379E-14
 3.941E+01  9.31339239505837E-15
 3.995E+01  5.68141974254000E-15
 4.049E+01  3.44250991392880E-15
 4.104E+01  2.07168095471774E-15
 4.161E+01  1.23811035260449E-15
 4.217E+01  7.34756695531602E-16
 4.275E+01  4.32946090093450E-16
 4.333E+01  2.53272460637671E-16
 4.392E+01  1.47083263988825E-16
 4.452E+01  8.47844936112633E-17
 4.513E+01  4.85069254225564E-17
 4.575E+01  2.75410874895683E-17
 4.637E+01  1.55168690919769E-17
 4.701E+01  8.67418233718159E-18
 4.765E+01  4.81072951831552E-18
 4.830E+01  2.64673046367039E-18
 4.896E+01  1.44440032648201E-18
 4.963E+01  7.81836568536806E-19
 5.030E+01  4.19743429472948E-19
 5.099E+01  2.23519355340887E-19
 5.169E+01  1.18087090580027E-19
 5.239E+01  6.19263660779661E-20
 5.311E+01  3.22728813188184E-20
 5.383E+01  1.67547259665992E-20
 5.457E+01  8.70776416156741E-21
 5.531E+01  4.57505817739618E-21
 5.607E+01  0.00000000000000E+00
 5.683E+01  0.00000000000000E+00
 5.761E+01  0.00000000000000E+00
 5.839E+01  0.00000000000000E+00
 5.919E+01  0.00000000000000E+00
 6.000E+01  0.00000000000000E+00
