./ilogA is logfile.
./chgdenK calculation starts
rmin,rmax=  5.26E-08  4.59E+01
   1410.70152970   -535.77608464      0.30000000    1
    161.97919637   -569.92753298      0.30000000    1
    100.92242941   -587.10380209      0.30000000    1
     61.34345091   -595.01418797      0.30000000    1
     36.32909347   -598.32323813      0.30000000    1
     20.98979618   -599.57515361      0.30000000    1
     11.88557359   -600.00492091      0.30000000    1
      6.65282285   -600.14212342      0.30000000    1
      3.72540396   -600.18548489      0.30000000    1
      2.11314106   -600.20033505      0.30000000    1
      1.22507618   -600.20618209      0.30000000    1
      0.72845318   -600.20878306      0.30000000    1
      0.44374343   -600.21001936      0.30000000    1
      0.27585480   -600.21062103      0.30000000    1
      0.17418000   -600.21091491      0.30000000    1
      0.11120630   -600.21105805      0.30000000    1
      0.07151658   -600.21112754      0.30000000    1
      0.04618321   -600.21116122      0.30000000    1
      0.02987400   -600.21117754      0.30000000    1
      0.01931869   -600.21118546      0.30000000    1
      0.01246872   -600.21118931      0.30000000    1
      0.00802030   -600.21119120      0.30000000    1
      0.00513417   -600.21119212      0.30000000    1
      0.00326597   -600.21119258      0.30000000    1
      0.00206097   -600.21119280      0.30000000    1
      0.00128745   -600.21119292      0.30000000    1
      0.00079392   -600.21119297      0.30000000    1
      0.00048144   -600.21119300      0.30000000    1
      0.00000000   -600.21119302      1.00000000    2
      0.00000000   -600.21119303      1.00000000    3
    1   0 0  -1/2   1    2.0000       -128.777255
    2   0 0  -1/2   1    2.0000        -12.925698
    2   1 1  -1/2   1    2.0000        -10.353170
    2   1 1  -3/2   1    4.0000        -10.247455
    3   0 0  -1/2   1    2.0000         -1.291512
    3   1 1  -1/2   1    2.0000         -0.699081
    3   1 1  -3/2   1    4.0000         -0.689131
    4   0 0  -1/2   1    1.0000         -0.089104
 total energy =   -6.00211193030487E+02 -1.63325868580298E+04
