./ilogA is logfile.
./chgdenP calculation starts
rmin,rmax=  6.67E-08  5.16E+01
    877.63678590   -302.68130375      0.30000000    1
    113.92571983   -322.76942498      0.30000000    1
     70.76729490   -332.86791496      0.30000000    1
     42.81285331   -337.51548486      0.30000000    1
     25.18664471   -339.47091143      0.30000000    1
     14.42519611   -340.22803654      0.30000000    1
      8.07357641   -340.50003223      0.30000000    1
      4.44163277   -340.59097377      0.30000000    1
      2.42131815   -340.61931497      0.30000000    1
      1.32217341   -340.62763719      0.30000000    1
      0.73254811   -340.63000454      0.30000000    1
      0.41689712   -340.63068653      0.30000000    1
      0.24577707   -340.63089623      0.30000000    1
      0.15050504   -340.63096797      0.30000000    1
      0.09547294   -340.63099556      0.30000000    1
      0.06235490   -340.63100722      0.30000000    1
      0.04162943   -340.63101248      0.30000000    1
      0.02822313   -340.63101494      0.30000000    1
      0.01932862   -340.63101612      0.30000000    1
      0.01332057   -340.63101669      0.30000000    1
      0.00921364   -340.63101697      0.30000000    1
      0.00638530   -340.63101710      0.30000000    1
      0.00442899   -340.63101717      0.30000000    1
      0.00307270   -340.63101720      0.30000000    1
      0.00213140   -340.63101722      0.30000000    1
      0.00147793   -340.63101722      0.30000000    1
      0.00102435   -340.63101723      0.30000000    1
      0.00070965   -340.63101723      0.30000000    1
      0.00049140   -340.63101723      0.30000000    1
      0.00000000   -340.63101723      1.00000000    2
      0.00000000   -340.63101723      1.00000000    3
    1   0 0  -1/2   1    2.0000        -76.168833
    2   0 0  -1/2   1    2.0000         -6.355618
    2   1 1  -1/2   1    2.0000         -4.596233
    2   1 1  -3/2   1    4.0000         -4.562655
    3   0 0  -1/2   1    2.0000         -0.514671
    3   1 1  -1/2   1    1.0000         -0.207074
    3   1 1  -3/2   1    2.0000         -0.205046
 total energy =   -3.40631017231830E+02 -9.26904686230221E+03
