./ilogA is logfile.
./chgdenMn calculation starts
rmin,rmax=  4.00E-08  4.00E+01
   2451.12276324  -1014.15998763      0.30000000    1
    250.79716997  -1089.51049707      0.30000000    1
    154.96796725  -1127.70093002      0.30000000    1
     92.92723140  -1145.07889251      0.30000000    1
     53.90828215  -1151.98092495      0.30000000    1
     30.28128540  -1154.31203838      0.30000000    1
     16.63232778  -1154.98855509      0.30000000    1
      9.14380957  -1155.17900670      0.30000000    1
      5.19462434  -1155.24381353      0.30000000    1
      3.11308232  -1155.27143298      0.30000000    1
      1.95907681  -1155.28410094      0.30000000    1
      1.27102472  -1155.28983324      0.30000000    1
      0.83703286  -1155.29235136      0.30000000    1
      0.55477570  -1155.29343053      0.30000000    1
      0.36859165  -1155.29388557      0.30000000    1
      0.24502291  -1155.29407584      0.30000000    1
      0.16281433  -1155.29415525      0.30000000    1
      0.10809451  -1155.29418848      0.30000000    1
      0.07168984  -1155.29420248      0.30000000    1
      0.04749412  -1155.29420843      0.30000000    1
      0.03143208  -1155.29421098      0.30000000    1
      0.02078255  -1155.29421209      0.30000000    1
      0.01372987  -1155.29421258      0.30000000    1
      0.00906415  -1155.29421280      0.30000000    1
      0.00598039  -1155.29421290      0.30000000    1
      0.00394384  -1155.29421294      0.30000000    1
      0.00259978  -1155.29421296      0.30000000    1
      0.00171324  -1155.29421297      0.30000000    1
      0.00112873  -1155.29421298      0.30000000    1
      0.00074350  -1155.29421298      0.30000000    1
      0.00048968  -1155.29421298      0.30000000    1
      0.00000000  -1155.29421298      1.00000000    2
      0.00000000  -1155.29421298      1.00000000    3
    1   0 0  -1/2   1    2.0000       -235.084979
    2   0 0  -1/2   1    2.0000        -27.218204
    2   1 1  -1/2   1    2.0000        -23.368248
    2   1 1  -3/2   1    4.0000        -22.987352
    3   0 0  -1/2   1    2.0000         -3.132086
    3   1 1  -1/2   1    2.0000         -2.031940
    3   1 1  -3/2   1    4.0000         -1.985017
    3   2 2  -3/2   1    2.0000         -0.261065
    3   2 2  -5/2   1    3.0000         -0.256696
    4   0 0  -1/2   1    2.0000         -0.193815
 total energy =   -1.15529421297990E+03 -3.14371729470812E+04
