line2: Z,NR,R(1),R(NR) /line3,4,...: R(N),RHO*4*PI*R(N)**2
35.00  2000  1.01365245284744E-10  6.00000000000000E+01
 1.014E-10  1.35745470110196E-14
 1.027E-10  1.39351888110143E-14
 1.042E-10  1.43054119626114E-14
 1.056E-10  1.52025190967238E-14
 1.070E-10  1.56064120477116E-14
 1.085E-10  1.60210354253297E-14
 1.100E-10  1.64466743101790E-14
 1.115E-10  1.68836213567769E-14
 1.130E-10  1.73321769947238E-14
 1.145E-10  1.77926496352874E-14
 1.161E-10  1.82653558834544E-14
 1.177E-10  1.87506207556119E-14
 1.193E-10  1.92487779030204E-14
 1.209E-10  1.97601698412230E-14
 1.226E-10  2.02851481855429E-14
 1.242E-10  2.08240738928450E-14
 1.259E-10  2.13773175097150E-14
 1.276E-10  2.19452594272371E-14
 1.294E-10  2.25282901425345E-14
 1.312E-10  2.31268105272647E-14
 1.329E-10  2.37412321032435E-14
 1.348E-10  2.43719773253905E-14
 1.366E-10  2.50194798722001E-14
 1.385E-10  2.56841849439191E-14
 1.404E-10  2.63665495686522E-14
 1.423E-10  2.70670429166002E-14
 1.442E-10  2.77861466226427E-14
 1.462E-10  2.85243551174947E-14
 1.482E-10  2.92821759676597E-14
 1.502E-10  3.00601302244145E-14
 1.523E-10  3.08587527820688E-14
 1.543E-10  3.16785927457352E-14
 1.564E-10  3.25202138088763E-14
 1.586E-10  3.33841946408850E-14
 1.607E-10  3.42711292849506E-14
 1.629E-10  3.51816275665049E-14
 1.652E-10  3.61163155125218E-14
 1.674E-10  3.70758357819435E-14
 1.697E-10  3.80608481075572E-14
 1.720E-10  3.90720297495997E-14
 1.744E-10  4.01100759614206E-14
 1.767E-10  4.11757004675152E-14
 1.792E-10  4.22696359542530E-14
 1.816E-10  4.33926345736503E-14
 1.841E-10  4.45454684605222E-14
 1.866E-10  4.57289302633776E-14
 1.891E-10  4.69438336894158E-14
 1.917E-10  4.81910140640022E-14
 1.943E-10  4.94713289050091E-14
 1.970E-10  5.07856585124173E-14
 1.997E-10  5.21349065735764E-14
 2.024E-10  5.35200007845509E-14
 2.052E-10  5.49418934879743E-14
 2.080E-10  5.64015623278425E-14
 2.108E-10  5.79000109217052E-14
 2.137E-10  5.94382695507273E-14
 2.166E-10  6.10173958680712E-14
 2.196E-10  6.26384756260965E-14
 2.226E-10  6.43026234228890E-14
 2.256E-10  6.60109834686244E-14
 2.287E-10  6.77647303722807E-14
 2.318E-10  6.95650699492616E-14
 2.350E-10  7.14132400504725E-14
 2.382E-10  7.33105114134241E-14
 2.414E-10  7.52581885359457E-14
 2.447E-10  7.72576105731177E-14
 2.481E-10  7.93101522580222E-14
 2.515E-10  8.14172248469608E-14
 2.549E-10  8.35802770897933E-14
 2.584E-10  8.58007962260425E-14
 2.619E-10  8.80803090074600E-14
 2.655E-10  9.04203827477862E-14
 2.691E-10  9.28226264003677E-14
 2.728E-10  9.52886916644155E-14
 2.765E-10  9.78202741206698E-14
 2.803E-10  1.00419114397204E-13
 2.841E-10  1.03086999366233E-13
 2.880E-10  1.05825763372701E-13
 2.919E-10  1.08637289495519E-13
 2.959E-10  1.11523510842287E-13
 2.999E-10  1.14486411878451E-13
 3.040E-10  1.17528029791742E-13
 3.082E-10  1.20650455892868E-13
 3.124E-10  1.23855837053457E-13
 3.166E-10  1.27146377182133E-13
 3.210E-10  1.30524338739865E-13
 3.253E-10  1.33992044295560E-13
 3.298E-10  1.37551878122976E-13
 3.343E-10  1.41206287840073E-13
 3.389E-10  1.44957786091888E-13
 3.435E-10  1.48808952278164E-13
 3.482E-10  1.52762434326838E-13
 3.529E-10  1.56820950514694E-13
 3.577E-10  1.60987291336325E-13
 3.626E-10  1.65264321422786E-13
 3.676E-10  1.69654981511228E-13
 3.726E-10  1.74162290466828E-13
 3.777E-10  1.78789347358475E-13
 3.828E-10  1.83539333589569E-13
 3.881E-10  1.88415515085440E-13
 3.934E-10  1.93421244538894E-13
 3.987E-10  1.98559963715414E-13
 4.042E-10  2.03835205819576E-13
 4.097E-10  2.09250597924376E-13
 4.153E-10  2.14809863465076E-13
 4.210E-10  2.20516824799290E-13
 4.267E-10  2.26375405835144E-13
 4.325E-10  2.32389634729180E-13
 4.384E-10  2.38563646655978E-13
 4.444E-10  2.44901686651389E-13
 4.505E-10  2.51408112531263E-13
 4.566E-10  2.58087397887705E-13
 4.629E-10  2.64944135164974E-13
 4.692E-10  2.71983038817108E-13
 4.756E-10  2.79208948549392E-13
 4.821E-10  2.86626832645995E-13
 4.887E-10  2.94241791385977E-13
 4.953E-10  3.02059060550035E-13
 5.021E-10  3.10084015020504E-13
 5.090E-10  3.18322172476881E-13
 5.159E-10  3.26779197189622E-13
 5.230E-10  3.35460903914714E-13
 5.301E-10  3.44373261891624E-13
 5.373E-10  3.53522398947621E-13
 5.447E-10  3.62914605711023E-13
 5.521E-10  3.72556339936408E-13
 5.596E-10  3.82454230944760E-13
 5.673E-10  3.92615084181523E-13
 5.750E-10  4.03045885895826E-13
 5.829E-10  4.13753807943960E-13
 5.908E-10  4.24746212720533E-13
 5.989E-10  4.36030658220566E-13
 6.071E-10  4.47614903236078E-13
 6.154E-10  4.59506912690829E-13
 6.238E-10  4.71714863116648E-13
 6.323E-10  4.84247148275406E-13
 6.409E-10  4.97112384930237E-13
 6.497E-10  5.10319418770112E-13
 6.585E-10  5.23877330491853E-13
 6.675E-10  5.37795442043666E-13
 6.766E-10  5.52083323034648E-13
 6.859E-10  5.66750797314441E-13
 6.952E-10  5.81807949727838E-13
 7.047E-10  5.97265133048734E-13
 7.144E-10  6.13132975098304E-13
 7.241E-10  6.29422386052432E-13
 7.340E-10  6.46144565943008E-13
 7.440E-10  6.63311012358796E-13
 7.542E-10  6.80933528350776E-13
 7.645E-10  6.99024230547400E-13
 7.749E-10  7.17595557485679E-13
 7.855E-10  7.36660278163467E-13
 7.962E-10  7.56231500818939E-13
 8.071E-10  7.76322681943363E-13
 8.181E-10  7.96947635533314E-13
 8.293E-10  8.18120542588742E-13
 8.406E-10  8.39855960863285E-13
 8.521E-10  8.62168834873690E-13
 8.637E-10  8.85074506175126E-13
 8.755E-10  9.08588723909521E-13
 8.874E-10  9.32727655634080E-13
 8.996E-10  9.57507898437585E-13
 9.118E-10  9.82946490352018E-13
 9.243E-10  1.00906092206711E-12
 9.369E-10  1.03586914895659E-12
 9.497E-10  1.06338960342356E-12
 9.627E-10  1.09164120757385E-12
 9.758E-10  1.12064338622638E-12
 9.891E-10  1.15041608026894E-12
 1.003E-09  1.18097976036882E-12
 1.016E-09  1.21235544104768E-12
 1.030E-09  1.24456469513045E-12
 1.044E-09  1.27762966857811E-12
 1.059E-09  1.31157309571437E-12
 1.073E-09  1.34641831485709E-12
 1.088E-09  1.38218928436478E-12
 1.102E-09  1.41891059910961E-12
 1.118E-09  1.45660750738807E-12
 1.133E-09  1.49530592828059E-12
 1.148E-09  1.53503246947274E-12
 1.164E-09  1.57581444554983E-12
 1.180E-09  1.61767989677718E-12
 1.196E-09  1.66065760837987E-12
 1.212E-09  1.70477713033447E-12
 1.229E-09  1.75006879768634E-12
 1.246E-09  1.79656375140722E-12
 1.263E-09  1.84429395980646E-12
 1.280E-09  1.89329224051130E-12
 1.297E-09  1.94359228303141E-12
 1.315E-09  1.99522867192232E-12
 1.333E-09  2.04823691056461E-12
 1.351E-09  2.10265344557488E-12
 1.370E-09  2.15851569186517E-12
 1.388E-09  2.21586205836792E-12
 1.407E-09  2.27473197444490E-12
 1.426E-09  2.33516591699737E-12
 1.446E-09  2.39720543829636E-12
 1.466E-09  2.46089319455293E-12
 1.486E-09  2.52627297524678E-12
 1.506E-09  2.59338973323446E-12
 1.527E-09  2.66228961565743E-12
 1.547E-09  2.73301999567119E-12
 1.568E-09  2.80562950501733E-12
 1.590E-09  2.88016806746104E-12
 1.612E-09  2.95668693311714E-12
 1.634E-09  3.03523871368749E-12
 1.656E-09  3.11587741863525E-12
 1.679E-09  3.19865849231973E-12
 1.701E-09  3.28363885211813E-12
 1.725E-09  3.37087692755968E-12
 1.748E-09  3.46043270049994E-12
 1.772E-09  3.55236774636246E-12
 1.796E-09  3.64674527647508E-12
 1.821E-09  3.74363018153261E-12
 1.846E-09  3.84308907621334E-12
 1.871E-09  3.94519034498030E-12
 1.896E-09  4.05000418910054E-12
 1.922E-09  4.15760267491321E-12
 1.949E-09  4.26805978337933E-12
 1.975E-09  4.38145146094874E-12
 2.002E-09  4.49785567177826E-12
 2.029E-09  4.61735245133733E-12
 2.057E-09  4.74002396143706E-12
 2.085E-09  4.86595454672156E-12
 2.114E-09  4.99523079266166E-12
 2.143E-09  5.12794158508726E-12
 2.172E-09  5.26417817130139E-12
 2.201E-09  5.40403422281951E-12
 2.232E-09  5.54760589977470E-12
 2.262E-09  5.69499191703395E-12
 2.293E-09  5.84629361207052E-12
 2.324E-09  6.00161501464050E-12
 2.356E-09  6.16106291830994E-12
 2.388E-09  6.32474695388251E-12
 2.421E-09  6.49277966477741E-12
 2.454E-09  6.66527658441015E-12
 2.487E-09  6.84235631562992E-12
 2.521E-09  7.02414061226610E-12
 2.556E-09  7.21075446284236E-12
 2.590E-09  7.40232617651367E-12
 2.626E-09  7.59898747128782E-12
 2.662E-09  7.80087356459001E-12
 2.698E-09  8.00812326623314E-12
 2.735E-09  8.22087907385896E-12
 2.772E-09  8.43928727091401E-12
 2.810E-09  8.66349802722963E-12
 2.848E-09  8.89366550227286E-12
 2.887E-09  9.12994795114087E-12
 2.927E-09  9.37250783337170E-12
 2.967E-09  9.62151192464652E-12
 3.007E-09  9.87713143145818E-12
 3.048E-09  1.01395421088259E-11
 3.090E-09  1.04089243811386E-11
 3.132E-09  1.06854634662096E-11
 3.175E-09  1.09693495026244E-11
 3.218E-09  1.12607776804737E-11
 3.262E-09  1.15599483755590E-11
 3.307E-09  1.18670672871640E-11
 3.352E-09  1.21823455794863E-11
 3.398E-09  1.25060000268268E-11
 3.444E-09  1.28382531626355E-11
 3.491E-09  1.31793334325162E-11
 3.539E-09  1.35294753513007E-11
 3.587E-09  1.38889196642906E-11
 3.636E-09  1.42579135127857E-11
 3.685E-09  1.46367106040100E-11
 3.736E-09  1.50255713855509E-11
 3.787E-09  1.54247632244350E-11
 3.838E-09  1.58345605909590E-11
 3.891E-09  1.62552452474063E-11
 3.944E-09  1.66871064417760E-11
 3.998E-09  1.71304411066607E-11
 4.052E-09  1.75855540634072E-11
 4.108E-09  1.80527582316979E-11
 4.164E-09  1.85323748447056E-11
 4.221E-09  1.90247336699624E-11
 4.278E-09  1.95301732360942E-11
 4.337E-09  2.00490410655821E-11
 4.396E-09  2.05816939137072E-11
 4.456E-09  2.11284980138405E-11
 4.517E-09  2.16898293292538E-11
 4.578E-09  2.22660738116183E-11
 4.641E-09  2.28576276663711E-11
 4.704E-09  2.34648976251317E-11
 4.769E-09  2.40883012253556E-11
 4.834E-09  2.47282670974193E-11
 4.900E-09  2.53852352593294E-11
 4.967E-09  2.60596574192668E-11
 5.034E-09  2.67519972861609E-11
 5.103E-09  2.74627308885201E-11
 5.173E-09  2.81923469017370E-11
 5.243E-09  2.89413469840761E-11
 5.315E-09  2.97102461216000E-11
 5.388E-09  3.04995729822557E-11
 5.461E-09  3.13098702793707E-11
 5.536E-09  3.21416951447953E-11
 5.611E-09  3.29956195119731E-11
 5.688E-09  3.38722305091793E-11
 5.765E-09  3.47721308632076E-11
 5.844E-09  3.56959393137891E-11
 5.924E-09  3.66442910390078E-11
 6.005E-09  3.76178380920328E-11
 6.087E-09  3.86172498494398E-11
 6.170E-09  3.96432134714578E-11
 6.254E-09  4.06964343744335E-11
 6.340E-09  4.17776367158434E-11
 6.426E-09  4.28875638922079E-11
 6.514E-09  4.40269790502191E-11
 6.603E-09  4.51966656114514E-11
 6.693E-09  4.63974278110176E-11
 6.784E-09  4.76300912505297E-11
 6.877E-09  4.88955034657536E-11
 6.971E-09  5.01945345093446E-11
 7.066E-09  5.15280775490600E-11
 7.162E-09  5.28970494818728E-11
 7.260E-09  5.43023915644004E-11
 7.359E-09  5.57450700600656E-11
 7.460E-09  5.72260769034806E-11
 7.562E-09  5.87464303824549E-11
 7.665E-09  6.03071758381304E-11
 7.770E-09  6.19093863837327E-11
 7.876E-09  6.35541636423906E-11
 7.983E-09  6.52426385045812E-11
 8.092E-09  6.69759719056834E-11
 8.203E-09  6.87553556242009E-11
 8.315E-09  7.05820131011800E-11
 8.428E-09  7.24572002814033E-11
 8.543E-09  7.43822064769394E-11
 8.660E-09  7.63583552536120E-11
 8.778E-09  7.83870053410468E-11
 8.898E-09  8.04695515668877E-11
 9.019E-09  8.26074258158155E-11
 9.142E-09  8.48020980140646E-11
 9.267E-09  8.70550771400976E-11
 9.394E-09  8.93679122621177E-11
 9.522E-09  9.17421936031457E-11
 9.652E-09  9.41795536344083E-11
 9.784E-09  9.66816681977673E-11
 9.917E-09  9.92502576579516E-11
 1.005E-08  1.01887088085430E-10
 1.019E-08  1.04593972470691E-10
 1.033E-08  1.07372771970788E-10
 1.047E-08  1.10225397189010E-10
 1.061E-08  1.13153809488527E-10
 1.076E-08  1.16160022340959E-10
 1.090E-08  1.19246102710771E-10
 1.105E-08  1.22414172476425E-10
 1.120E-08  1.25666409889318E-10
 1.136E-08  1.29005051071470E-10
 1.151E-08  1.32432391552976E-10
 1.167E-08  1.35950787850358E-10
 1.183E-08  1.39562659086798E-10
 1.199E-08  1.43270488655422E-10
 1.215E-08  1.47076825926834E-10
 1.232E-08  1.50984288001941E-10
 1.249E-08  1.54995561511351E-10
 1.266E-08  1.59113404462640E-10
 1.283E-08  1.63340648136642E-10
 1.301E-08  1.67680199034116E-10
 1.318E-08  1.72135040874164E-10
 1.336E-08  1.76708236645718E-10
 1.355E-08  1.81402930713532E-10
 1.373E-08  1.86222350980137E-10
 1.392E-08  1.91169811105221E-10
 1.411E-08  1.96248712783971E-10
 1.430E-08  2.01462548085969E-10
 1.450E-08  2.06814901856191E-10
 1.470E-08  2.12309454179793E-10
 1.490E-08  2.17949982912435E-10
 1.510E-08  2.23740366277785E-10
 1.531E-08  2.29684585534010E-10
 1.551E-08  2.35786727711168E-10
 1.573E-08  2.42050988421274E-10
 1.594E-08  2.48481674743048E-10
 1.616E-08  2.55083208183309E-10
 1.638E-08  2.61860127717030E-10
 1.660E-08  2.68817092908156E-10
 1.683E-08  2.75958887113333E-10
 1.706E-08  2.83290420770797E-10
 1.729E-08  2.90816734776551E-10
 1.753E-08  2.98543003950329E-10
 1.777E-08  3.06474540593629E-10
 1.801E-08  3.14616798142148E-10
 1.826E-08  3.22975374915451E-10
 1.851E-08  3.31556017966133E-10
 1.876E-08  3.40364627031238E-10
 1.901E-08  3.49407258588721E-10
 1.927E-08  3.58690130021650E-10
 1.954E-08  3.68219623893020E-10
 1.980E-08  3.78002292334148E-10
 2.007E-08  3.88044861549693E-10
 2.035E-08  3.98354236442297E-10
 2.063E-08  4.08937505360185E-10
 2.091E-08  4.19801944970734E-10
 2.119E-08  4.30955025263714E-10
 2.148E-08  4.42404414687364E-10
 2.178E-08  4.54157985420794E-10
 2.207E-08  4.66223818786748E-10
 2.237E-08  4.78610210807902E-10
 2.268E-08  4.91325677910921E-10
 2.299E-08  5.04378962781975E-10
 2.330E-08  5.17779040377892E-10
 2.362E-08  5.31535124096998E-10
 2.394E-08  5.45656672113854E-10
 2.427E-08  5.60153393882343E-10
 2.460E-08  5.75035256811454E-10
 2.494E-08  5.90312493118545E-10
 2.528E-08  6.05995606864548E-10
 2.562E-08  6.22095381176167E-10
 2.597E-08  6.38622885659935E-10
 2.633E-08  6.55589484013189E-10
 2.669E-08  6.73006841837309E-10
 2.705E-08  6.90886934658508E-10
 2.742E-08  7.09242056161746E-10
 2.779E-08  7.28084826643333E-10
 2.817E-08  7.47428201688181E-10
 2.856E-08  7.67285481077440E-10
 2.895E-08  7.87670317932977E-10
 2.934E-08  8.08596728104676E-10
 2.974E-08  8.30079099807141E-10
 3.015E-08  8.52132203512478E-10
 3.056E-08  8.74771202105823E-10
 3.098E-08  8.98011661310742E-10
 3.140E-08  9.21869560391537E-10
 3.183E-08  9.46361303140006E-10
 3.227E-08  9.71503729153928E-10
 3.271E-08  9.97314125415324E-10
 3.315E-08  1.02381023817625E-09
 3.361E-08  1.05101028516032E-09
 3.406E-08  1.07893296808852E-09
 3.453E-08  1.10759748553775E-09
 3.500E-08  1.13702354614081E-09
 3.548E-08  1.16723138213740E-09
 3.596E-08  1.19824176328490E-09
 3.645E-08  1.23007601113862E-09
 3.695E-08  1.26275601371182E-09
 3.746E-08  1.29630424052490E-09
 3.797E-08  1.33074375805431E-09
 3.849E-08  1.36609824559238E-09
 3.901E-08  1.40239201152795E-09
 3.954E-08  1.43965001005980E-09
 4.008E-08  1.47789785835419E-09
 4.063E-08  1.51716185415807E-09
 4.119E-08  1.55746899388007E-09
 4.175E-08  1.59884699115232E-09
 4.232E-08  1.64132429588511E-09
 4.290E-08  1.68493011382757E-09
 4.348E-08  1.72969442664861E-09
 4.408E-08  1.77564801255068E-09
 4.468E-08  1.82282246743162E-09
 4.529E-08  1.87125022660862E-09
 4.591E-08  1.92096458711931E-09
 4.653E-08  1.97199973061520E-09
 4.717E-08  2.02439074686365E-09
 4.781E-08  2.07817365787395E-09
 4.846E-08  2.13338544266424E-09
 4.913E-08  2.19006406268692E-09
 4.980E-08  2.24824848792902E-09
 5.048E-08  2.30797872370629E-09
 5.117E-08  2.36929583816896E-09
 5.186E-08  2.43224199053832E-09
 5.257E-08  2.49686046009356E-09
 5.329E-08  2.56319567592853E-09
 5.402E-08  2.63129324749919E-09
 5.475E-08  2.70119999598254E-09
 5.550E-08  2.77296398646868E-09
 5.626E-08  2.84663456100792E-09
 5.703E-08  2.92226237253652E-09
 5.781E-08  2.99989941970299E-09
 5.860E-08  3.07959908261964E-09
 5.940E-08  3.16141615956497E-09
 6.021E-08  3.24540690465960E-09
 6.103E-08  3.33162906654409E-09
 6.186E-08  3.42014192808464E-09
 6.271E-08  3.51100634713258E-09
 6.356E-08  3.60428479836757E-09
 6.443E-08  3.70004141625210E-09
 6.531E-08  3.79834203912710E-09
 6.620E-08  3.89925425447938E-09
 6.711E-08  4.00284744541152E-09
 6.802E-08  4.10919283834594E-09
 6.895E-08  4.21836355199713E-09
 6.989E-08  4.33043464764420E-09
 7.085E-08  4.44548318073900E-09
 7.181E-08  4.56358825388622E-09
 7.279E-08  4.68483107122979E-09
 7.379E-08  4.80929499428540E-09
 7.479E-08  4.93706559925519E-09
 7.582E-08  5.06823073586524E-09
 7.685E-08  5.20288058776781E-09
 7.790E-08  5.34110773454582E-09
 7.896E-08  5.48300721536591E-09
 8.004E-08  5.62867659432313E-09
 8.113E-08  5.77821602752052E-09
 8.224E-08  5.93172833193133E-09
 8.336E-08  6.08931905609020E-09
 8.450E-08  6.25109655266354E-09
 8.566E-08  6.41717205294645E-09
 8.683E-08  6.58765974333965E-09
 8.801E-08  6.76267684385836E-09
 8.921E-08  6.94234368872534E-09
 9.043E-08  7.12678380910744E-09
 9.167E-08  7.31612401804880E-09
 9.292E-08  7.51049449765953E-09
 9.419E-08  7.71002888862328E-09
 9.547E-08  7.91486438208038E-09
 9.677E-08  8.12514181395252E-09
 9.810E-08  8.34100576177477E-09
 9.944E-08  8.56260464409867E-09
 1.008E-07  8.79009082253589E-09
 1.022E-07  9.02362070651360E-09
 1.036E-07  9.26335486081406E-09
 1.050E-07  9.50945811596797E-09
 1.064E-07  9.76209968158325E-09
 1.079E-07  1.00214532626851E-08
 1.093E-07  1.02876971791427E-08
 1.108E-07  1.05610144882746E-08
 1.123E-07  1.08415931107064E-08
 1.139E-07  1.11296259595737E-08
 1.154E-07  1.14253110731597E-08
 1.170E-07  1.17288517510522E-08
 1.186E-07  1.20404566939215E-08
 1.202E-07  1.23603401470106E-08
 1.219E-07  1.26887220474367E-08
 1.235E-07  1.30258281754063E-08
 1.252E-07  1.33718903094492E-08
 1.269E-07  1.37271463857736E-08
 1.287E-07  1.40918406618568E-08
 1.304E-07  1.44662238843821E-08
 1.322E-07  1.48505534616351E-08
 1.340E-07  1.52450936404830E-08
 1.358E-07  1.56501156880530E-08
 1.377E-07  1.60658980782388E-08
 1.396E-07  1.64927266831604E-08
 1.415E-07  1.69308949697124E-08
 1.434E-07  1.73807042013314E-08
 1.454E-07  1.78424636451261E-08
 1.473E-07  1.83164907845105E-08
 1.494E-07  1.88031115374802E-08
 1.514E-07  1.93026604806946E-08
 1.535E-07  1.98154810795115E-08
 1.556E-07  2.03419259241249E-08
 1.577E-07  2.08823569719866E-08
 1.598E-07  2.14371457966636E-08
 1.620E-07  2.20066738433026E-08
 1.642E-07  2.25913326908882E-08
 1.665E-07  2.31915243214641E-08
 1.687E-07  2.38076613965081E-08
 1.710E-07  2.44401675406499E-08
 1.734E-07  2.50894776329217E-08
 1.757E-07  2.57560381057559E-08
 1.781E-07  2.64403072519111E-08
 1.806E-07  2.71427555395666E-08
 1.830E-07  2.78638659357854E-08
 1.855E-07  2.86041342385560E-08
 1.881E-07  2.93640694176738E-08
 1.906E-07  3.01441939646703E-08
 1.932E-07  3.09450442520349E-08
 1.959E-07  3.17671709019871E-08
 1.986E-07  3.26111391650414E-08
 2.013E-07  3.34775293086303E-08
 2.040E-07  3.43669370160479E-08
 2.068E-07  3.52799737959976E-08
 2.096E-07  3.62172674030196E-08
 2.125E-07  3.71794622690777E-08
 2.154E-07  3.81672199466261E-08
 2.183E-07  3.91812195634379E-08
 2.213E-07  4.02221582895113E-08
 2.243E-07  4.12907518163994E-08
 2.274E-07  4.23877348492458E-08
 2.305E-07  4.35138616119133E-08
 2.336E-07  4.46699063655335E-08
 2.368E-07  4.58566639408035E-08
 2.401E-07  4.70749502844605E-08
 2.433E-07  4.83256030202518E-08
 2.467E-07  4.96094820248028E-08
 2.500E-07  5.09274700188087E-08
 2.534E-07  5.22804731739042E-08
 2.569E-07  5.36694217356694E-08
 2.604E-07  5.50952706631824E-08
 2.640E-07  5.65590002855629E-08
 2.676E-07  5.80616169759603E-08
 2.712E-07  5.96041538434372E-08
 2.749E-07  6.11876714432432E-08
 2.787E-07  6.28132585059515E-08
 2.825E-07  6.44820326859685E-08
 2.863E-07  6.61951413299293E-08
 2.903E-07  6.79537622654918E-08
 2.942E-07  6.97591046111077E-08
 2.982E-07  7.16124096072987E-08
 3.023E-07  7.35149514699910E-08
 3.064E-07  7.54680382665556E-08
 3.106E-07  7.74730128151069E-08
 3.149E-07  7.95312536076738E-08
 3.192E-07  8.16441757579187E-08
 3.235E-07  8.38132319740180E-08
 3.279E-07  8.60399135574051E-08
 3.324E-07  8.83257514280229E-08
 3.369E-07  9.06723171768230E-08
 3.415E-07  9.30812241462187E-08
 3.462E-07  9.55541285392560E-08
 3.509E-07  9.80927305582366E-08
 3.557E-07  1.00698775573579E-07
 3.606E-07  1.03374055323750E-07
 3.655E-07  1.06120409147062E-07
 3.705E-07  1.08939725246202E-07
 3.756E-07  1.11833941986326E-07
 3.807E-07  1.14805049227669E-07
 3.859E-07  1.17855089693535E-07
 3.911E-07  1.20986160374639E-07
 3.965E-07  1.24200413970752E-07
 4.019E-07  1.27500060370630E-07
 4.074E-07  1.30887368171263E-07
 4.129E-07  1.34364666237500E-07
 4.186E-07  1.37934345303079E-07
 4.243E-07  1.41598859614196E-07
 4.301E-07  1.45360728616755E-07
 4.360E-07  1.49222538688396E-07
 4.419E-07  1.53186944916562E-07
 4.479E-07  1.57256672923800E-07
 4.541E-07  1.61434520741534E-07
 4.603E-07  1.65723360733636E-07
 4.665E-07  1.70126141571070E-07
 4.729E-07  1.74645890258998E-07
 4.794E-07  1.79285714217739E-07
 4.859E-07  1.84048803419008E-07
 4.926E-07  1.88938432578885E-07
 4.993E-07  1.93957963409076E-07
 5.061E-07  1.99110846927928E-07
 5.130E-07  2.04400625832852E-07
 5.200E-07  2.09830936935774E-07
 5.271E-07  2.15405513663291E-07
 5.343E-07  2.21128188623198E-07
 5.416E-07  2.27002896239230E-07
 5.490E-07  2.33033675455785E-07
 5.565E-07  2.39224672514468E-07
 5.641E-07  2.45580143804423E-07
 5.718E-07  2.52104458788357E-07
 5.796E-07  2.58802103006288E-07
 5.875E-07  2.65677681159120E-07
 5.955E-07  2.72735920274048E-07
 6.037E-07  2.79981672954115E-07
 6.119E-07  2.87419920714100E-07
 6.202E-07  2.95055777404925E-07
 6.287E-07  3.02894492729094E-07
 6.373E-07  3.10941455849533E-07
 6.460E-07  3.19202199094230E-07
 6.548E-07  3.27682401759298E-07
 6.638E-07  3.36387894013063E-07
 6.728E-07  3.45324660903864E-07
 6.820E-07  3.54498846474336E-07
 6.913E-07  3.63916757984861E-07
 7.008E-07  3.73584870249350E-07
 7.103E-07  3.83509830086132E-07
 7.200E-07  3.93698460887000E-07
 7.298E-07  4.04157767307734E-07
 7.398E-07  4.14894940083167E-07
 7.499E-07  4.25917360970132E-07
 7.602E-07  4.37232607821700E-07
 7.705E-07  4.48848459796201E-07
 7.811E-07  4.60772902704680E-07
 7.917E-07  4.73014134500280E-07
 8.025E-07  4.85580570913473E-07
 8.135E-07  4.98480851236975E-07
 8.246E-07  5.11723844264355E-07
 8.358E-07  5.25318654386314E-07
 8.473E-07  5.39274627848888E-07
 8.588E-07  5.53601359177947E-07
 8.705E-07  5.68308697774286E-07
 8.824E-07  5.83406754683861E-07
 8.945E-07  5.98905909547899E-07
 9.067E-07  6.14816817737623E-07
 9.191E-07  6.31150417678377E-07
 9.316E-07  6.47917938368369E-07
 9.443E-07  6.65130907097147E-07
 9.572E-07  6.82801157368984E-07
 9.703E-07  7.00940837036734E-07
 9.835E-07  7.19562416651797E-07
 9.970E-07  7.38678698035783E-07
 1.011E-06  7.58302823079836E-07
 1.024E-06  7.78448282777749E-07
 1.038E-06  7.99128926498922E-07
 1.053E-06  8.20358971507595E-07
 1.067E-06  8.42153012734938E-07
 1.081E-06  8.64526032810684E-07
 1.096E-06  8.87493412361258E-07
 1.111E-06  9.11070940581213E-07
 1.126E-06  9.35274826085681E-07
 1.142E-06  9.60121708050914E-07
 1.157E-06  9.85628667650680E-07
 1.173E-06  1.01181323979646E-06
 1.189E-06  1.03869342518952E-06
 1.205E-06  1.06628770269287E-06
 1.222E-06  1.09461504203193E-06
 1.239E-06  1.12369491683261E-06
 1.255E-06  1.15354731800524E-06
 1.273E-06  1.18419276748452E-06
 1.290E-06  1.21565233233401E-06
 1.308E-06  1.24794763922521E-06
 1.325E-06  1.28110088930135E-06
 1.344E-06  1.31513487343567E-06
 1.362E-06  1.35007298789526E-06
 1.380E-06  1.38593925042054E-06
 1.399E-06  1.42275831673197E-06
 1.418E-06  1.46055549747504E-06
 1.438E-06  1.49935677561524E-06
 1.457E-06  1.53918882429516E-06
 1.477E-06  1.58007902516568E-06
 1.497E-06  1.62205548720378E-06
 1.518E-06  1.66514706603048E-06
 1.539E-06  1.70938338374144E-06
 1.560E-06  1.75479484926434E-06
 1.581E-06  1.80141267925682E-06
 1.603E-06  1.84926891955944E-06
 1.624E-06  1.89839646721829E-06
 1.647E-06  1.94882909309227E-06
 1.669E-06  2.00060146506085E-06
 1.692E-06  2.05374917184822E-06
 1.715E-06  2.10830874748001E-06
 1.738E-06  2.16431769638898E-06
 1.762E-06  2.22181451918811E-06
 1.786E-06  2.28083873912782E-06
 1.811E-06  2.34143092925543E-06
 1.835E-06  2.40363274029593E-06
 1.860E-06  2.46748692927341E-06
 1.886E-06  2.53303738889245E-06
 1.911E-06  2.60032917769882E-06
 1.938E-06  2.66940855104213E-06
 1.964E-06  2.74032299286026E-06
 1.991E-06  2.81312124830739E-06
 2.018E-06  2.88785335724877E-06
 2.046E-06  2.96457068864490E-06
 2.073E-06  3.04332597584836E-06
 2.102E-06  3.12417335283780E-06
 2.130E-06  3.20716839141455E-06
 2.160E-06  3.29236813938613E-06
 2.189E-06  3.37983115976417E-06
 2.219E-06  3.46961757100275E-06
 2.249E-06  3.56178908830502E-06
 2.280E-06  3.65640906602671E-06
 2.311E-06  3.75354254120566E-06
 2.343E-06  3.85325627824638E-06
 2.375E-06  3.95561881479157E-06
 2.407E-06  4.06070050881139E-06
 2.440E-06  4.16857358694270E-06
 2.473E-06  4.27931219411211E-06
 2.507E-06  4.39299244447560E-06
 2.541E-06  4.50969247371137E-06
 2.576E-06  4.62949249270071E-06
 2.611E-06  4.75247484263393E-06
 2.647E-06  4.87872405157871E-06
 2.683E-06  5.00832689255094E-06
 2.719E-06  5.14137244312770E-06
 2.757E-06  5.27795214664048E-06
 2.794E-06  5.41815987499512E-06
 2.832E-06  5.56209199315919E-06
 2.871E-06  5.70984742535944E-06
 2.910E-06  5.86152772303898E-06
 2.950E-06  6.01723713461611E-06
 2.990E-06  6.17708267709645E-06
 3.031E-06  6.34117420958570E-06
 3.072E-06  6.50962450875294E-06
 3.114E-06  6.68254934629836E-06
 3.157E-06  6.86006756847544E-06
 3.200E-06  7.04230117772618E-06
 3.244E-06  7.22937541648164E-06
 3.288E-06  7.42141885318656E-06
 3.333E-06  7.61856347060868E-06
 3.378E-06  7.82094475649085E-06
 3.424E-06  8.02870179660947E-06
 3.471E-06  8.24197737030300E-06
 3.519E-06  8.46091804853569E-06
 3.567E-06  8.68567429456390E-06
 3.615E-06  8.91640056727454E-06
 3.665E-06  9.15325542726605E-06
 3.715E-06  9.39640164574396E-06
 3.765E-06  9.64600631630791E-06
 3.817E-06  9.90224096970303E-06
 3.869E-06  1.01652816916192E-05
 3.922E-06  1.04353092436161E-05
 3.975E-06  1.07125091872549E-05
 4.030E-06  1.09970720115253E-05
 4.085E-06  1.12891932636565E-05
 4.140E-06  1.15890736833972E-05
 4.197E-06  1.18969193408566E-05
 4.254E-06  1.22129417780079E-05
 4.312E-06  1.25373581539441E-05
 4.371E-06  1.28703913939863E-05
 4.431E-06  1.32122703427521E-05
 4.491E-06  1.35632299212840E-05
 4.553E-06  1.39235112883446E-05
 4.615E-06  1.42933620059956E-05
 4.678E-06  1.46730362095672E-05
 4.742E-06  1.50627947821367E-05
 4.806E-06  1.54629055336392E-05
 4.872E-06  1.58736433847257E-05
 4.938E-06  1.62952905555042E-05
 5.006E-06  1.67281367592859E-05
 5.074E-06  1.71724794014670E-05
 5.144E-06  1.76286237836949E-05
 5.214E-06  1.80968833134442E-05
 5.285E-06  1.85775797191531E-05
 5.357E-06  1.90710432710713E-05
 5.430E-06  1.95776130079612E-05
 5.504E-06  2.00976369698124E-05
 5.579E-06  2.06314724367322E-05
 5.656E-06  2.11794861741735E-05
 5.733E-06  2.17420546846636E-05
 5.811E-06  2.23195644662093E-05
 5.890E-06  2.29124122775598E-05
 5.971E-06  2.35210054105033E-05
 6.052E-06  2.41457619693839E-05
 6.135E-06  2.47871111580330E-05
 6.219E-06  2.54454935743106E-05
 6.304E-06  2.61213615124561E-05
 6.390E-06  2.68151792734602E-05
 6.477E-06  2.75274234836654E-05
 6.565E-06  2.82585834218131E-05
 6.655E-06  2.90091613547706E-05
 6.746E-06  2.97796728821499E-05
 6.838E-06  3.05706472900694E-05
 6.931E-06  3.13826279143065E-05
 7.026E-06  3.22161725130562E-05
 7.122E-06  3.30718536495894E-05
 7.219E-06  3.39502590850576E-05
 7.318E-06  3.48519921817018E-05
 7.418E-06  3.57776723167556E-05
 7.519E-06  3.67279353073276E-05
 7.622E-06  3.77034338465358E-05
 7.726E-06  3.87048379512101E-05
 7.831E-06  3.97328354214681E-05
 7.938E-06  4.07881323124575E-05
 8.046E-06  4.18714534186219E-05
 8.156E-06  4.29835427707904E-05
 8.268E-06  4.41251641464399E-05
 8.380E-06  4.52971015934934E-05
 8.495E-06  4.65001599679949E-05
 8.611E-06  4.77351654860320E-05
 8.728E-06  4.90029662902841E-05
 8.848E-06  5.03044330315910E-05
 8.968E-06  5.16404594659303E-05
 9.091E-06  5.30119630672135E-05
 9.215E-06  5.44198856563164E-05
 9.341E-06  5.58651940467803E-05
 9.468E-06  5.73488807076282E-05
 9.597E-06  5.88719644437344E-05
 9.729E-06  6.04354910942149E-05
 9.861E-06  6.20405342493303E-05
 9.996E-06  6.36881959863833E-05
 1.013E-05  6.53796076250999E-05
 1.027E-05  6.71159305030297E-05
 1.041E-05  6.88983567714751E-05
 1.055E-05  7.07281102125192E-05
 1.070E-05  7.26064470776808E-05
 1.084E-05  7.45346569487812E-05
 1.099E-05  7.65140636216288E-05
 1.114E-05  7.85460260130862E-05
 1.129E-05  8.06319390921546E-05
 1.145E-05  8.27732348357478E-05
 1.160E-05  8.49713832097376E-05
 1.176E-05  8.72278931759948E-05
 1.192E-05  8.95443137260925E-05
 1.209E-05  9.19222349423755E-05
 1.225E-05  9.43632890871219E-05
 1.242E-05  9.68691517205366E-05
 1.259E-05  9.94415428483514E-05
 1.276E-05  1.02082228099794E-04
 1.293E-05  1.04793019936734E-04
 1.311E-05  1.07575778894839E-04
 1.329E-05  1.10432414857587E-04
 1.347E-05  1.13364888363988E-04
 1.365E-05  1.16375211950912E-04
 1.384E-05  1.19465451530943E-04
 1.403E-05  1.22637727806708E-04
 1.422E-05  1.25894217722588E-04
 1.442E-05  1.29237155954885E-04
 1.461E-05  1.32668836441393E-04
 1.481E-05  1.36191613951435E-04
 1.501E-05  1.39807905697437E-04
 1.522E-05  1.43520192989119E-04
 1.543E-05  1.47331022931473E-04
 1.564E-05  1.51243010167641E-04
 1.585E-05  1.55258838667840E-04
 1.607E-05  1.59381263565659E-04
 1.629E-05  1.63613113042921E-04
 1.651E-05  1.67957290264305E-04
 1.673E-05  1.72416775363208E-04
 1.696E-05  1.76994627480096E-04
 1.719E-05  1.81693986854669E-04
 1.743E-05  1.86518076973452E-04
 1.767E-05  1.91470206774072E-04
 1.791E-05  1.96553772907810E-04
 1.815E-05  2.01772262061997E-04
 1.840E-05  2.07129253343723E-04
 1.865E-05  2.12628420726589E-04
 1.891E-05  2.18273535562103E-04
 1.916E-05  2.24068469157417E-04
 1.943E-05  2.30017195421188E-04
 1.969E-05  2.36123793579306E-04
 1.996E-05  2.42392450962433E-04
 2.023E-05  2.48827465867102E-04
 2.051E-05  2.55433250492383E-04
 2.079E-05  2.62214333954195E-04
 2.107E-05  2.69175365379126E-04
 2.136E-05  2.76321117079972E-04
 2.165E-05  2.83656487815178E-04
 2.195E-05  2.91186506134218E-04
 2.225E-05  2.98916333811419E-04
 2.255E-05  3.06851269370372E-04
 2.286E-05  3.14996751701311E-04
 2.317E-05  3.23358363774061E-04
 2.349E-05  3.31941836448930E-04
 2.381E-05  3.40753052388135E-04
 2.413E-05  3.49798050070473E-04
 2.446E-05  3.59083027911834E-04
 2.480E-05  3.68614348494538E-04
 2.514E-05  3.78398542908135E-04
 2.548E-05  3.88442315204653E-04
 2.583E-05  3.98752546971514E-04
 2.618E-05  4.09336302024867E-04
 2.654E-05  4.20200831226650E-04
 2.690E-05  4.31353577428867E-04
 2.727E-05  4.42802180547969E-04
 2.764E-05  4.54554482773045E-04
 2.802E-05  4.66618533911415E-04
 2.840E-05  4.79002596874859E-04
 2.879E-05  4.91715153310603E-04
 2.918E-05  5.04764909380575E-04
 2.958E-05  5.18160801692896E-04
 2.998E-05  5.31912003389650E-04
 3.039E-05  5.46027930394990E-04
 3.080E-05  5.60518247827704E-04
 3.123E-05  5.75392876582736E-04
 3.165E-05  5.90662000085908E-04
 3.208E-05  6.06336071226451E-04
 3.252E-05  6.22425819472152E-04
 3.297E-05  6.38942258171473E-04
 3.342E-05  6.55896692048057E-04
 3.387E-05  6.73300724892440E-04
 3.433E-05  6.91166267455845E-04
 3.480E-05  7.09505545551849E-04
 3.528E-05  7.28331108371080E-04
 3.576E-05  7.47655837014515E-04
 3.625E-05  7.67492953251136E-04
 3.674E-05  7.87856028505836E-04
 3.724E-05  8.08758993083545E-04
 3.775E-05  8.30216145635831E-04
 3.827E-05  8.52242162876216E-04
 3.879E-05  8.74852109550688E-04
 3.932E-05  8.98061448670223E-04
 3.986E-05  9.21886052012031E-04
 4.040E-05  9.46342210896544E-04
 4.095E-05  9.71446647247319E-04
 4.151E-05  9.97216524941484E-04
 4.208E-05  1.02366946145779E-03
 4.265E-05  1.05082353983072E-03
 4.324E-05  1.07869732091796E-03
 4.383E-05  1.10730985598979E-03
 4.442E-05  1.13668069964875E-03
 4.503E-05  1.16682992308805E-03
 4.565E-05  1.19777812769770E-03
 4.627E-05  1.22954645902720E-03
 4.690E-05  1.26215662111436E-03
 4.754E-05  1.29563089118941E-03
 4.819E-05  1.32999213476463E-03
 4.885E-05  1.36526382111913E-03
 4.951E-05  1.40147003918906E-03
 5.019E-05  1.43863551387405E-03
 5.088E-05  1.47678562277065E-03
 5.157E-05  1.51594641334352E-03
 5.227E-05  1.55614462054607E-03
 5.299E-05  1.59740768490231E-03
 5.371E-05  1.63976377106136E-03
 5.445E-05  1.68324178683742E-03
 5.519E-05  1.72787140274763E-03
 5.594E-05  1.77368307206027E-03
 5.671E-05  1.82070805136753E-03
 5.748E-05  1.86897842169532E-03
 5.826E-05  1.91852711016466E-03
 5.906E-05  1.96938791221908E-03
 5.987E-05  2.02159551443180E-03
 6.068E-05  2.07518551790892E-03
 6.151E-05  2.13019446230306E-03
 6.235E-05  2.18665985045327E-03
 6.320E-05  2.24462017366817E-03
 6.407E-05  2.30411493766831E-03
 6.494E-05  2.36518468920463E-03
 6.583E-05  2.42787104337065E-03
 6.673E-05  2.49221671162704E-03
 6.764E-05  2.55826553055536E-03
 6.856E-05  2.62606249136097E-03
 6.950E-05  2.69565377014423E-03
 7.045E-05  2.76708675895961E-03
 7.141E-05  2.84041009768262E-03
 7.238E-05  2.91567370670587E-03
 7.337E-05  2.99292882048585E-03
 7.437E-05  3.07222802196106E-03
 7.539E-05  3.15362527786524E-03
 7.642E-05  3.23717597495773E-03
 7.746E-05  3.32293695719546E-03
 7.852E-05  3.41096656386930E-03
 7.959E-05  3.50132466873097E-03
 8.068E-05  3.59407272013462E-03
 8.178E-05  3.68927378222036E-03
 8.289E-05  3.78699257716552E-03
 8.403E-05  3.88729552853028E-03
 8.517E-05  3.99025080572825E-03
 8.634E-05  4.09592836964736E-03
 8.751E-05  4.20440001945254E-03
 8.871E-05  4.31573944060107E-03
 8.992E-05  4.43002225409839E-03
 9.115E-05  4.54732606702933E-03
 9.239E-05  4.66773052439603E-03
 9.365E-05  4.79131736229428E-03
 9.493E-05  4.91817046246539E-03
 9.623E-05  5.04837590825583E-03
 9.754E-05  5.18202204202199E-03
 9.887E-05  5.31919952401643E-03
 1.002E-04  5.46000139279185E-03
 1.016E-04  5.60452312716452E-03
 1.030E-04  5.75286270977318E-03
 1.044E-04  5.90512069227521E-03
 1.058E-04  6.06140026222311E-03
 1.073E-04  6.22180731166076E-03
 1.087E-04  6.38645050748490E-03
 1.102E-04  6.55544136361653E-03
 1.117E-04  6.72889431502654E-03
 1.132E-04  6.90692679366379E-03
 1.148E-04  7.08965930633272E-03
 1.163E-04  7.27721551456938E-03
 1.179E-04  7.46972231656806E-03
 1.195E-04  7.66730993120609E-03
 1.212E-04  7.87011198422417E-03
 1.228E-04  8.07826559661397E-03
 1.245E-04  8.29191147526715E-03
 1.262E-04  8.51119400594490E-03
 1.279E-04  8.73626134862520E-03
 1.297E-04  8.96726553528705E-03
 1.314E-04  9.20436257019238E-03
 1.332E-04  9.44771253272747E-03
 1.351E-04  9.69747968286991E-03
 1.369E-04  9.95383256934570E-03
 1.388E-04  1.02169441405403E-02
 1.407E-04  1.04869918582363E-02
 1.426E-04  1.07641578142479E-02
 1.445E-04  1.10486288500184E-02
 1.465E-04  1.13405966792630E-02
 1.485E-04  1.16402580137251E-02
 1.505E-04  1.19478146921246E-02
 1.526E-04  1.22634738123826E-02
 1.547E-04  1.25874478671938E-02
 1.568E-04  1.29199548830363E-02
 1.589E-04  1.32612185627052E-02
 1.611E-04  1.36114684314469E-02
 1.633E-04  1.39709399867918E-02
 1.655E-04  1.43398748521748E-02
 1.678E-04  1.47185209344321E-02
 1.701E-04  1.51071325852720E-02
 1.724E-04  1.55059707668181E-02
 1.748E-04  1.59153032213227E-02
 1.771E-04  1.63354046451541E-02
 1.796E-04  1.67665568671552E-02
 1.820E-04  1.72090490314908E-02
 1.845E-04  1.76631777850857E-02
 1.870E-04  1.81292474697601E-02
 1.896E-04  1.86075703191904E-02
 1.922E-04  1.90984666607992E-02
 1.948E-04  1.96022651226970E-02
 1.974E-04  2.01193028458032E-02
 2.001E-04  2.06499257012620E-02
 2.029E-04  2.11944885132881E-02
 2.056E-04  2.17533552875678E-02
 2.084E-04  2.23268994453500E-02
 2.113E-04  2.29155040633671E-02
 2.142E-04  2.35195621197164E-02
 2.171E-04  2.41394767458531E-02
 2.201E-04  2.47756614848394E-02
 2.231E-04  2.54285405559870E-02
 2.261E-04  2.60985491260627E-02
 2.292E-04  2.67861335871965E-02
 2.323E-04  2.74917518416620E-02
 2.355E-04  2.82158735936858E-02
 2.387E-04  2.89589806484504E-02
 2.420E-04  2.97215672184639E-02
 2.453E-04  3.05041402374626E-02
 2.486E-04  3.13072196820339E-02
 2.520E-04  3.21313389011280E-02
 2.555E-04  3.29770449536520E-02
 2.589E-04  3.38448989543241E-02
 2.625E-04  3.47354764279865E-02
 2.661E-04  3.56493676725795E-02
 2.697E-04  3.65871781309575E-02
 2.734E-04  3.75495287717736E-02
 2.771E-04  3.85370564796190E-02
 2.809E-04  3.95504144546468E-02
 2.847E-04  4.05902726218977E-02
 2.886E-04  4.16573180505257E-02
 2.926E-04  4.27522553831785E-02
 2.965E-04  4.38758072757491E-02
 3.006E-04  4.50287148477311E-02
 3.047E-04  4.62117381434201E-02
 3.089E-04  4.74256566042152E-02
 3.131E-04  4.86712695522495E-02
 3.174E-04  4.99493966856199E-02
 3.217E-04  5.12608785854716E-02
 3.261E-04  5.26065772351943E-02
 3.305E-04  5.39873765520131E-02
 3.350E-04  5.54041829312243E-02
 3.396E-04  5.68579258033826E-02
 3.442E-04  5.83495582047081E-02
 3.489E-04  5.98800573610010E-02
 3.537E-04  6.14504252853647E-02
 3.585E-04  6.30616893900414E-02
 3.634E-04  6.47149031126564E-02
 3.684E-04  6.64111465571792E-02
 3.734E-04  6.81515271499412E-02
 3.785E-04  6.99371803110031E-02
 3.837E-04  7.17692701412098E-02
 3.889E-04  7.36489901252844E-02
 3.942E-04  7.55775638512698E-02
 3.996E-04  7.75562457466771E-02
 4.051E-04  7.95863218317025E-02
 4.106E-04  8.16691104898504E-02
 4.162E-04  8.38059632563264E-02
 4.219E-04  8.59982656245814E-02
 4.277E-04  8.82474378713705E-02
 4.335E-04  9.05549359007000E-02
 4.394E-04  9.29222521070582E-02
 4.454E-04  9.53509162583290E-02
 4.515E-04  9.78424963987439E-02
 4.577E-04  1.00398599772330E-01
 4.639E-04  1.03020873767229E-01
 4.702E-04  1.05711006881291E-01
 4.767E-04  1.08470729709410E-01
 4.832E-04  1.11301815952956E-01
 4.898E-04  1.14206083451802E-01
 4.965E-04  1.17185395239341E-01
 5.032E-04  1.20241660620945E-01
 5.101E-04  1.23376836276312E-01
 5.171E-04  1.26592927386166E-01
 5.241E-04  1.29891988783747E-01
 5.313E-04  1.33276126131550E-01
 5.385E-04  1.36747497123813E-01
 5.459E-04  1.40308312715200E-01
 5.533E-04  1.43960838376141E-01
 5.609E-04  1.47707395375361E-01
 5.686E-04  1.51550362090021E-01
 5.763E-04  1.55492175344010E-01
 5.842E-04  1.59535331774859E-01
 5.922E-04  1.63682389229770E-01
 6.002E-04  1.67935968191277E-01
 6.084E-04  1.72298753233019E-01
 6.167E-04  1.76773494506180E-01
 6.252E-04  1.81363009257020E-01
 6.337E-04  1.86070183376096E-01
 6.423E-04  1.90897972979652E-01
 6.511E-04  1.95849406023669E-01
 6.600E-04  2.00927583951133E-01
 6.690E-04  2.06135683373005E-01
 6.782E-04  2.11476957783436E-01
 6.874E-04  2.16954739309732E-01
 6.968E-04  2.22572440497579E-01
 7.063E-04  2.28333556132054E-01
 7.160E-04  2.34241665094956E-01
 7.257E-04  2.40300432258916E-01
 7.356E-04  2.46513610418862E-01
 7.457E-04  2.52885042261277E-01
 7.559E-04  2.59418662371820E-01
 7.662E-04  2.66118499281755E-01
 7.766E-04  2.72988677553719E-01
 7.872E-04  2.80033419907267E-01
 7.980E-04  2.87257049384724E-01
 8.089E-04  2.94663991557826E-01
 8.199E-04  3.02258776775498E-01
 8.311E-04  3.10046042453375E-01
 8.425E-04  3.18030535405421E-01
 8.540E-04  3.26217114218074E-01
 8.656E-04  3.34610751667378E-01
 8.774E-04  3.43216537179466E-01
 8.894E-04  3.52039679334796E-01
 9.016E-04  3.61085508416524E-01
 9.139E-04  3.70359479003350E-01
 9.264E-04  3.79867172607187E-01
 9.390E-04  3.89614300355944E-01
 9.518E-04  3.99606705721758E-01
 9.648E-04  4.09850367294906E-01
 9.780E-04  4.20351401603644E-01
 9.913E-04  4.31116065980225E-01
 1.005E-03  4.42150761473227E-01
 1.019E-03  4.53462035806455E-01
 1.032E-03  4.65056586384369E-01
 1.047E-03  4.76941263344312E-01
 1.061E-03  4.89123072655516E-01
 1.075E-03  5.01609179264834E-01
 1.090E-03  5.14406910289317E-01
 1.105E-03  5.27523758255482E-01
 1.120E-03  5.40967384385137E-01
 1.135E-03  5.54745621927699E-01
 1.151E-03  5.68866479538670E-01
 1.167E-03  5.83338144704134E-01
 1.182E-03  5.98168987210896E-01
 1.199E-03  6.13367562661822E-01
 1.215E-03  6.28942616036100E-01
 1.232E-03  6.44903085293745E-01
 1.248E-03  6.61258105023874E-01
 1.265E-03  6.78017010136139E-01
 1.283E-03  6.95189339594479E-01
 1.300E-03  7.12784840192470E-01
 1.318E-03  7.30813470369403E-01
 1.336E-03  7.49285404066108E-01
 1.354E-03  7.68211034619474E-01
 1.373E-03  7.87600978694453E-01
 1.391E-03  8.07466080252420E-01
 1.410E-03  8.27817414554390E-01
 1.430E-03  8.48666292197839E-01
 1.449E-03  8.70024263185289E-01
 1.469E-03  8.91903121023195E-01
 1.489E-03  9.14314906849296E-01
 1.509E-03  9.37271913586299E-01
 1.530E-03  9.60786690120149E-01
 1.551E-03  9.84872045500424E-01
 1.572E-03  1.00954105316056E+00
 1.593E-03  1.03480705515556E+00
 1.615E-03  1.06068366641432E+00
 1.637E-03  1.08718477900399E+00
 1.660E-03  1.11432456640315E+00
 1.682E-03  1.14211748778091E+00
 1.705E-03  1.17057829227841E+00
 1.729E-03  1.19972202328930E+00
 1.752E-03  1.22956402273551E+00
 1.776E-03  1.26011993533439E+00
 1.800E-03  1.29140571285304E+00
 1.825E-03  1.32343761834564E+00
 1.850E-03  1.35623223036913E+00
 1.875E-03  1.38980644717256E+00
 1.901E-03  1.42417749085501E+00
 1.927E-03  1.45936291148692E+00
 1.953E-03  1.49538059118915E+00
 1.980E-03  1.53224874816435E+00
 2.007E-03  1.56998594067428E+00
 2.034E-03  1.60861107095678E+00
 2.062E-03  1.64814338907618E+00
 2.090E-03  1.68860249669972E+00
 2.118E-03  1.73000835079311E+00
 2.147E-03  1.77238126722793E+00
 2.177E-03  1.81574192429235E+00
 2.206E-03  1.86011136609776E+00
 2.236E-03  1.90551100587253E+00
 2.267E-03  1.95196262913377E+00
 2.298E-03  1.99948839672844E+00
 2.329E-03  2.04811084773380E+00
 2.361E-03  2.09785290220751E+00
 2.393E-03  2.14873786377680E+00
 2.426E-03  2.20078942205632E+00
 2.459E-03  2.25403165488327E+00
 2.493E-03  2.30848903035836E+00
 2.527E-03  2.36418640868059E+00
 2.561E-03  2.42114904376348E+00
 2.596E-03  2.47940258462008E+00
 2.632E-03  2.53897307650293E+00
 2.668E-03  2.59988696178596E+00
 2.704E-03  2.66217108057342E+00
 2.741E-03  2.72585267102155E+00
 2.778E-03  2.79095936935776E+00
 2.816E-03  2.85751920958138E+00
 2.855E-03  2.92556062283012E+00
 2.894E-03  2.99511243639528E+00
 2.933E-03  3.06620387236873E+00
 2.973E-03  3.13886454590383E+00
 3.014E-03  3.21312446307180E+00
 3.055E-03  3.28901401829525E+00
 3.097E-03  3.36656399133909E+00
 3.139E-03  3.44580554383909E+00
 3.182E-03  3.52677021534770E+00
 3.225E-03  3.60948991887612E+00
 3.269E-03  3.69399693591119E+00
 3.314E-03  3.78032391088478E+00
 3.359E-03  3.86850384507327E+00
 3.405E-03  3.95857008990387E+00
 3.452E-03  4.05055633964394E+00
 3.499E-03  4.14449662344917E+00
 3.546E-03  4.24042529674582E+00
 3.595E-03  4.33837703192119E+00
 3.644E-03  4.43838680829712E+00
 3.694E-03  4.54048990135962E+00
 3.744E-03  4.64472187121759E+00
 3.795E-03  4.75111855026380E+00
 3.847E-03  4.85971603000917E+00
 3.900E-03  4.97055064706308E+00
 3.953E-03  5.08365896823005E+00
 4.007E-03  5.19907777469340E+00
 4.061E-03  5.31684404525699E+00
 4.117E-03  5.43699493861405E+00
 4.173E-03  5.55956777461285E+00
 4.230E-03  5.68460001448856E+00
 4.288E-03  5.81212924003007E+00
 4.346E-03  5.94219313165023E+00
 4.406E-03  6.07482944532791E+00
 4.466E-03  6.21007598838992E+00
 4.527E-03  6.34797059410119E+00
 4.589E-03  6.48855109503057E+00
 4.651E-03  6.63185529516007E+00
 4.715E-03  6.77792094070603E+00
 4.779E-03  6.92678568961946E+00
 4.844E-03  7.07848707973346E+00
 4.911E-03  7.23306249552639E+00
 4.978E-03  7.39054913346886E+00
 5.046E-03  7.55098396592360E+00
 5.114E-03  7.71440370356674E+00
 5.184E-03  7.88084475630071E+00
 5.255E-03  8.05034319262917E+00
 5.327E-03  8.22293469746391E+00
 5.400E-03  8.39865452833640E+00
 5.473E-03  8.57753746998602E+00
 5.548E-03  8.75961778729824E+00
 5.624E-03  8.94492917656836E+00
 5.700E-03  9.13350471506549E+00
 5.778E-03  9.32537680887449E+00
 5.857E-03  9.52057713899494E+00
 5.937E-03  9.71913660567656E+00
 6.018E-03  9.92108527097389E+00
 6.100E-03  1.01264522995039E+01
 6.184E-03  1.03352658973928E+01
 6.268E-03  1.05475532493999E+01
 6.354E-03  1.07633404542097E+01
 6.440E-03  1.09826524578859E+01
 6.528E-03  1.12055129854820E+01
 6.617E-03  1.14319444708095E+01
 6.708E-03  1.16619679843642E+01
 6.799E-03  1.18956031594175E+01
 6.892E-03  1.21328681162815E+01
 6.986E-03  1.23737793847607E+01
 7.082E-03  1.26183518248074E+01
 7.178E-03  1.28665985454029E+01
 7.276E-03  1.31185308216892E+01
 7.376E-03  1.33741580103831E+01
 7.476E-03  1.36334874635070E+01
 7.578E-03  1.38965244404782E+01
 7.682E-03  1.41632720186031E+01
 7.787E-03  1.44337310020282E+01
 7.893E-03  1.47078998292058E+01
 8.001E-03  1.49857744789399E+01
 8.110E-03  1.52673483750836E+01
 8.221E-03  1.55526122899646E+01
 8.333E-03  1.58415542466261E+01
 8.447E-03  1.61341594199750E+01
 8.562E-03  1.64304100369376E+01
 8.679E-03  1.67302852757327E+01
 8.798E-03  1.70337611643779E+01
 8.918E-03  1.73408104785556E+01
 9.039E-03  1.76514026389731E+01
 9.163E-03  1.79655036083606E+01
 9.288E-03  1.82830757882602E+01
 9.415E-03  1.86040779157699E+01
 9.543E-03  1.89284649604147E+01
 9.674E-03  1.92561880213297E+01
 9.806E-03  1.95871942249473E+01
 9.940E-03  1.99214266233955E+01
 1.008E-02  2.02588240938225E+01
 1.021E-02  2.05993212388736E+01
 1.035E-02  2.09428482885614E+01
 1.049E-02  2.12893310037774E+01
 1.064E-02  2.16386905817089E+01
 1.078E-02  2.19908435634341E+01
 1.093E-02  2.23457017439817E+01
 1.108E-02  2.27031720851544E+01
 1.123E-02  2.30631566314256E+01
 1.138E-02  2.34255524292322E+01
 1.154E-02  2.37902514499997E+01
 1.170E-02  2.41571405172457E+01
 1.186E-02  2.45261012381217E+01
 1.202E-02  2.48970099397647E+01
 1.218E-02  2.52697376108421E+01
 1.235E-02  2.56441498486841E+01
 1.252E-02  2.60201068124113E+01
 1.269E-02  2.63974631824737E+01
 1.286E-02  2.67760681270301E+01
 1.304E-02  2.71557652756059E+01
 1.321E-02  2.75363927004784E+01
 1.339E-02  2.79177829062453E+01
 1.358E-02  2.82997628280451E+01
 1.376E-02  2.86821538389006E+01
 1.395E-02  2.90647717666698E+01
 1.414E-02  2.94474269210873E+01
 1.433E-02  2.98299241313943E+01
 1.453E-02  3.02120627950492E+01
 1.473E-02  3.05936369380218E+01
 1.493E-02  3.09744352871734E+01
 1.513E-02  3.13542413552240E+01
 1.534E-02  3.17328335388096E+01
 1.555E-02  3.21099852301309E+01
 1.576E-02  3.24854649426864E+01
 1.598E-02  3.28590364515845E+01
 1.619E-02  3.32304589489134E+01
 1.642E-02  3.35994872146475E+01
 1.664E-02  3.39658718035494E+01
 1.687E-02  3.43293592485192E+01
 1.710E-02  3.46896922808236E+01
 1.733E-02  3.50466100676218E+01
 1.757E-02  3.53998484671826E+01
 1.781E-02  3.57491403021656E+01
 1.805E-02  3.60942156513138E+01
 1.830E-02  3.64348021598747E+01
 1.855E-02  3.67706253690385E+01
 1.880E-02  3.71014090646449E+01
 1.906E-02  3.74268756453746E+01
 1.932E-02  3.77467465106011E+01
 1.958E-02  3.80607424680326E+01
 1.985E-02  3.83685841612292E+01
 2.012E-02  3.86699925170303E+01
 2.039E-02  3.89646892128701E+01
 2.067E-02  3.92523971639055E+01
 2.095E-02  3.95328410298183E+01
 2.124E-02  3.98057477410890E+01
 2.153E-02  4.00708470444720E+01
 2.182E-02  4.03278720673299E+01
 2.212E-02  4.05765599004117E+01
 2.242E-02  4.08166521985770E+01
 2.273E-02  4.10478957988921E+01
 2.304E-02  4.12700433554315E+01
 2.335E-02  4.14828539900361E+01
 2.367E-02  4.16860939581844E+01
 2.400E-02  4.18795373290356E+01
 2.432E-02  4.20629666786114E+01
 2.466E-02  4.22361737949770E+01
 2.499E-02  4.23989603941819E+01
 2.533E-02  4.25511388456133E+01
 2.568E-02  4.26925329053095E+01
 2.603E-02  4.28229784556690E+01
 2.639E-02  4.29423242498804E+01
 2.675E-02  4.30504326592887E+01
 2.711E-02  4.31471804217957E+01
 2.748E-02  4.32324593892846E+01
 2.786E-02  4.33061772719402E+01
 2.824E-02  4.33682583772289E+01
 2.862E-02  4.34186443411860E+01
 2.901E-02  4.34572948495512E+01
 2.941E-02  4.34841883461842E+01
 2.981E-02  4.34993227260860E+01
 3.022E-02  4.35027160102519E+01
 3.063E-02  4.34944069994821E+01
 3.105E-02  4.34744559041845E+01
 3.147E-02  4.34429449471137E+01
 3.190E-02  4.33999789359139E+01
 3.234E-02  4.33456858022517E+01
 3.278E-02  4.32802171042638E+01
 3.323E-02  4.32037484889826E+01
 3.368E-02  4.31164801113547E+01
 3.414E-02  4.30186370064282E+01
 3.461E-02  4.29104694112553E+01
 3.508E-02  4.27922530330440E+01
 3.556E-02  4.26642892600830E+01
 3.604E-02  4.25269053119811E+01
 3.654E-02  4.23804543257804E+01
 3.703E-02  4.22253153745455E+01
 3.754E-02  4.20618934150865E+01
 3.805E-02  4.18906191615424E+01
 3.857E-02  4.17119488816480E+01
 3.910E-02  4.15263641126052E+01
 3.963E-02  4.13343712936191E+01
 4.017E-02  4.11365013122935E+01
 4.072E-02  4.09333089622559E+01
 4.128E-02  4.07253723095646E+01
 4.184E-02  4.05132919656598E+01
 4.241E-02  4.02976902648498E+01
 4.299E-02  4.00792103445752E+01
 4.358E-02  3.98585151269651E+01
 4.417E-02  3.96362862004962E+01
 4.478E-02  3.94132226008781E+01
 4.539E-02  3.91900394906309E+01
 4.601E-02  3.89674667371764E+01
 4.664E-02  3.87462473896444E+01
 4.727E-02  3.85271360549984E+01
 4.792E-02  3.83108971745019E+01
 4.857E-02  3.80983032019855E+01
 4.924E-02  3.78901326858323E+01
 4.991E-02  3.76871682570708E+01
 5.059E-02  3.74901945264517E+01
 5.128E-02  3.72999958938885E+01
 5.198E-02  3.71173542741534E+01
 5.269E-02  3.69430467432460E+01
 5.341E-02  3.67778431103843E+01
 5.414E-02  3.66225034211049E+01
 5.488E-02  3.64777753975052E+01
 5.563E-02  3.63443918222019E+01
 5.639E-02  3.62230678731265E+01
 5.716E-02  3.61144984168165E+01
 5.794E-02  3.60193552683975E+01
 5.873E-02  3.59382844269722E+01
 5.953E-02  3.58719032956499E+01
 6.034E-02  3.58207978959417E+01
 6.116E-02  3.57855200867287E+01
 6.200E-02  3.57665847984650E+01
 6.285E-02  3.57644672937078E+01
 6.370E-02  3.57796004654722E+01
 6.457E-02  3.58123721852728E+01
 6.546E-02  3.58631227130543E+01
 6.635E-02  3.59321421815037E+01
 6.725E-02  3.60196681674909E+01
 6.817E-02  3.61258833635921E+01
 6.910E-02  3.62509133628021E+01
 7.005E-02  3.63948245696511E+01
 7.100E-02  3.65576222509850E+01
 7.197E-02  3.67392487396571E+01
 7.296E-02  3.69395818043071E+01
 7.395E-02  3.71584331982614E+01
 7.496E-02  3.73955474003836E+01
 7.598E-02  3.76506005604279E+01
 7.702E-02  3.79231996610970E+01
 7.807E-02  3.82128819085850E+01
 7.914E-02  3.85191143628860E+01
 8.022E-02  3.88412938185745E+01
 8.132E-02  3.91787469461088E+01
 8.243E-02  3.95307307029780E+01
 8.355E-02  3.98964330232037E+01
 8.469E-02  4.02749737928179E+01
 8.585E-02  4.06654061179735E+01
 8.702E-02  4.10667178913044E+01
 8.821E-02  4.14778336610330E+01
 8.941E-02  4.18976168061381E+01
 9.063E-02  4.23248720196370E+01
 9.187E-02  4.27583481007135E+01
 9.312E-02  4.31967410550367E+01
 9.440E-02  4.36386975011728E+01
 9.568E-02  4.40828183794940E+01
 9.699E-02  4.45276629584449E+01
 9.831E-02  4.49717531314388E+01
 9.966E-02  4.54135779960335E+01
 1.010E-01  4.58515987053871E+01
 1.024E-01  4.62842535803177E+01
 1.038E-01  4.67099634686061E+01
 1.052E-01  4.71271373364900E+01
 1.066E-01  4.75341780756053E+01
 1.081E-01  4.79294885069569E+01
 1.096E-01  4.83114775618424E+01
 1.111E-01  4.86785666180318E+01
 1.126E-01  4.90291959679195E+01
 1.141E-01  4.93618313938345E+01
 1.157E-01  4.96749708242264E+01
 1.173E-01  4.99671510430446E+01
 1.189E-01  5.02369544233163E+01
 1.205E-01  5.04830156547056E+01
 1.221E-01  5.07040284337248E+01
 1.238E-01  5.08987520842656E+01
 1.255E-01  5.10660180752466E+01
 1.272E-01  5.12047364014352E+01
 1.289E-01  5.13139017929186E+01
 1.307E-01  5.13925997182593E+01
 1.325E-01  5.14400121461157E+01
 1.343E-01  5.14554230300171E+01
 1.361E-01  5.14382234810834E+01
 1.380E-01  5.13879165937759E+01
 1.399E-01  5.13041218902608E+01
 1.418E-01  5.11865793496757E+01
 1.437E-01  5.10351529895108E+01
 1.457E-01  5.08498339674628E+01
 1.477E-01  5.06307431734889E+01
 1.497E-01  5.03781332833897E+01
 1.517E-01  5.00923902470808E+01
 1.538E-01  4.97740341867800E+01
 1.559E-01  4.94237196826322E+01
 1.580E-01  4.90422354258217E+01
 1.602E-01  4.86305032219790E+01
 1.624E-01  4.81895763306590E+01
 1.646E-01  4.77206371298625E+01
 1.668E-01  4.72249940979642E+01
 1.691E-01  4.67040781089978E+01
 1.714E-01  4.61594380410174E+01
 1.738E-01  4.55927357011869E+01
 1.761E-01  4.50057400753234E+01
 1.785E-01  4.44003209138311E+01
 1.810E-01  4.37784416702614E+01
 1.834E-01  4.31421518131263E+01
 1.860E-01  4.24935785360260E+01
 1.885E-01  4.18349178956049E+01
 1.911E-01  4.11684254113014E+01
 1.937E-01  4.04964061652538E+01
 1.963E-01  3.98212044450444E+01
 1.990E-01  3.91451929761680E+01
 2.017E-01  3.84707617951548E+01
 2.045E-01  3.78003068181255E+01
 2.073E-01  3.71362181631710E+01
 2.101E-01  3.64808682882815E+01
 2.130E-01  3.58366000095675E+01
 2.159E-01  3.52057144671794E+01
 2.188E-01  3.45904591085932E+01
 2.218E-01  3.39930157607731E+01
 2.248E-01  3.34154888640872E+01
 2.279E-01  3.28598939417376E+01
 2.310E-01  3.23281463788217E+01
 2.342E-01  3.18220505849597E+01
 2.374E-01  3.13432896136809E+01
 2.406E-01  3.08934153104509E+01
 2.439E-01  3.04738390593268E+01
 2.472E-01  3.00858231957646E+01
 2.506E-01  2.97304731500586E+01
 2.540E-01  2.94087303822919E+01
 2.575E-01  2.91213661655273E+01
 2.610E-01  2.88689762692991E+01
 2.646E-01  2.86519765902967E+01
 2.682E-01  2.84705997714994E+01
 2.718E-01  2.83248928449606E+01
 2.755E-01  2.82147159269845E+01
 2.793E-01  2.81397419876434E+01
 2.831E-01  2.80994577094757E+01
 2.870E-01  2.80931654428557E+01
 2.909E-01  2.81199862579613E+01
 2.949E-01  2.81788640855639E+01
 2.989E-01  2.82685709310613E+01
 3.030E-01  2.83877131383425E+01
 3.071E-01  2.85347386722695E+01
 3.113E-01  2.87079453808467E+01
 3.156E-01  2.89054901905993E+01
 3.199E-01  2.91253991813570E+01
 3.242E-01  2.93655784796158E+01
 3.287E-01  2.96238259029971E+01
 3.331E-01  2.98978432821109E+01
 3.377E-01  3.01852493804282E+01
 3.423E-01  3.04835933276462E+01
 3.470E-01  3.07903684775499E+01
 3.517E-01  3.11030265975938E+01
 3.565E-01  3.14189922944061E+01
 3.614E-01  3.17356775771897E+01
 3.663E-01  3.20504964596085E+01
 3.713E-01  3.23608795002220E+01
 3.764E-01  3.26642881818881E+01
 3.815E-01  3.29582290317983E+01
 3.867E-01  3.32402673859371E+01
 3.920E-01  3.35080407047511E+01
 3.974E-01  3.37592713506467E+01
 4.028E-01  3.39917787425707E+01
 4.083E-01  3.42034908083126E+01
 4.139E-01  3.43924546612526E+01
 4.195E-01  3.45568464349788E+01
 4.252E-01  3.46949802164618E+01
 4.311E-01  3.48053160261951E+01
 4.369E-01  3.48864668018191E+01
 4.429E-01  3.49372043501426E+01
 4.489E-01  3.49564642410692E+01
 4.551E-01  3.49433496256283E+01
 4.613E-01  3.48971339690105E+01
 4.676E-01  3.48172626981243E+01
 4.740E-01  3.47033537716244E+01
 4.804E-01  3.45551971885443E+01
 4.870E-01  3.43727534595035E+01
 4.936E-01  3.41561510718845E+01
 5.004E-01  3.39056829873268E+01
 5.072E-01  3.36218022162995E+01
 5.141E-01  3.33051165203494E+01
 5.212E-01  3.29563822978365E+01
 5.283E-01  3.25764977135308E+01
 5.355E-01  3.21664951363455E+01
 5.428E-01  3.17275329526898E+01
 5.502E-01  3.12608868254632E+01
 5.577E-01  3.07679404705662E+01
 5.653E-01  3.02501760239974E+01
 5.731E-01  2.97091640731621E+01
 5.809E-01  2.91465534259553E+01
 5.888E-01  2.85640606905423E+01
 5.969E-01  2.79634597375767E+01
 6.050E-01  2.73465711149070E+01
 6.133E-01  2.67152514826783E+01
 6.216E-01  2.60713831341776E+01
 6.301E-01  2.54168636648438E+01
 6.387E-01  2.47535958486179E+01
 6.474E-01  2.40834777772897E+01
 6.563E-01  2.34083933147444E+01
 6.652E-01  2.27302029140809E+01
 6.743E-01  2.20507348414892E+01
 6.835E-01  2.13717768465880E+01
 6.929E-01  2.06950683146639E+01
 7.023E-01  2.00222929319581E+01
 7.119E-01  1.93550718908372E+01
 7.216E-01  1.86949576574002E+01
 7.315E-01  1.80434283198235E+01
 7.415E-01  1.74018825315642E+01
 7.516E-01  1.67716350594384E+01
 7.618E-01  1.61539129425842E+01
 7.723E-01  1.55498522644283E+01
 7.828E-01  1.49604955360029E+01
 7.935E-01  1.43867896853299E+01
 8.043E-01  1.38295846441014E+01
 8.153E-01  1.32896325195580E+01
 8.264E-01  1.27675873363052E+01
 8.377E-01  1.22640053298239E+01
 8.491E-01  1.17793457706306E+01
 8.607E-01  1.13139722954477E+01
 8.725E-01  1.08681547193455E+01
 8.844E-01  1.04420713006485E+01
 8.965E-01  1.00358114284521E+01
 9.087E-01  9.64937870089257E+00
 9.211E-01  9.28269436086326E+00
 9.337E-01  8.93560105468053E+00
 9.464E-01  8.60786687828349E+00
 9.594E-01  8.29918967491337E+00
 9.725E-01  8.00920154786119E+00
 9.857E-01  7.73747355180234E+00
 9.992E-01  7.48352052645055E+00
 1.013E+00  7.24680603675862E+00
 1.027E+00  7.02674738465822E+00
 1.041E+00  6.82272065835383E+00
 1.055E+00  6.63406578644864E+00
 1.069E+00  6.46009156566029E+00
 1.084E+00  6.30008063255655E+00
 1.099E+00  6.15329435157648E+00
 1.114E+00  6.01897759357058E+00
 1.129E+00  5.89636338116170E+00
 1.144E+00  5.78467737936536E+00
 1.160E+00  5.68314221208300E+00
 1.176E+00  5.59098158726562E+00
 1.192E+00  5.50742421571320E+00
 1.208E+00  5.43170751060477E+00
 1.225E+00  5.36308105692785E+00
 1.241E+00  5.30080984197959E+00
 1.258E+00  5.24417724003610E+00
 1.275E+00  5.19248774612414E+00
 1.293E+00  5.14506945557806E+00
 1.310E+00  5.10127628772211E+00
 1.328E+00  5.06048995358640E+00
 1.347E+00  5.02212166904349E+00
 1.365E+00  4.98561361614575E+00
 1.384E+00  4.95044015675180E+00
 1.402E+00  4.91610880375611E+00
 1.422E+00  4.88216095637920E+00
 1.441E+00  4.84817240703894E+00
 1.461E+00  4.81375362830289E+00
 1.481E+00  4.77854984931964E+00
 1.501E+00  4.74224093193902E+00
 1.521E+00  4.70454105745686E+00
 1.542E+00  4.66519823555665E+00
 1.563E+00  4.62399364756567E+00
 1.584E+00  4.58074083659565E+00
 1.606E+00  4.53528475749553E+00
 1.628E+00  4.48750069980636E+00
 1.650E+00  4.43729309707455E+00
 1.673E+00  4.38459423595127E+00
 1.696E+00  4.32936287848344E+00
 1.719E+00  4.27158281088802E+00
 1.742E+00  4.21126133189966E+00
 1.766E+00  4.14842769349608E+00
 1.790E+00  4.08313150644065E+00
 1.815E+00  4.01544112264356E+00
 1.839E+00  3.94544200583747E+00
 1.864E+00  3.87323510149804E+00
 1.890E+00  3.79893521632101E+00
 1.916E+00  3.72266941690372E+00
 1.942E+00  3.64457545657716E+00
 1.968E+00  3.56480023860402E+00
 1.995E+00  3.48349832320483E+00
 2.022E+00  3.40083048510817E+00
 2.050E+00  3.31696232754746E+00
 2.078E+00  3.23206295785493E+00
 2.106E+00  3.14630372903893E+00
 2.135E+00  3.05985705098055E+00
 2.164E+00  2.97289527415526E+00
 2.194E+00  2.88558964808073E+00
 2.224E+00  2.79810935601690E+00
 2.254E+00  2.71062062680422E+00
 2.285E+00  2.62328592412307E+00
 2.316E+00  2.53626321289473E+00
 2.348E+00  2.44970530202538E+00
 2.380E+00  2.36375926221881E+00
 2.412E+00  2.27856591715413E+00
 2.445E+00  2.19425940594090E+00
 2.479E+00  2.11096681442604E+00
 2.513E+00  2.02880787263441E+00
 2.547E+00  1.94789471537675E+00
 2.582E+00  1.86833170285360E+00
 2.617E+00  1.79021529792047E+00
 2.653E+00  1.71363399655506E+00
 2.689E+00  1.63866830798081E+00
 2.725E+00  1.56539078084905E+00
 2.763E+00  1.49386607186229E+00
 2.800E+00  1.42415105323117E+00
 2.839E+00  1.35629495539472E+00
 2.877E+00  1.29033954149418E+00
 2.917E+00  1.22631931017342E+00
 2.956E+00  1.16426172337947E+00
 2.997E+00  1.10418745595395E+00
 3.038E+00  1.04611066393621E+00
 3.079E+00  9.90039268639920E-01
 3.121E+00  9.35975253714826E-01
 3.164E+00  8.83914972560861E-01
 3.207E+00  8.33849463622262E-01
 3.251E+00  7.85764771251823E-01
 3.295E+00  7.39642269998646E-01
 3.340E+00  6.95458990335262E-01
 3.386E+00  6.53187944000141E-01
 3.432E+00  6.12798447288555E-01
 3.479E+00  5.74256440777243E-01
 3.526E+00  5.37524804115615E-01
 3.575E+00  5.02563664657723E-01
 3.623E+00  4.69330698844198E-01
 3.673E+00  4.37781425371661E-01
 3.723E+00  4.07869489308306E-01
 3.774E+00  3.79546936428436E-01
 3.825E+00  3.52764477145587E-01
 3.878E+00  3.27471739523647E-01
 3.930E+00  3.03617510938170E-01
 3.984E+00  2.81149968046091E-01
 4.039E+00  2.60016894801689E-01
 4.094E+00  2.40165888329988E-01
 4.150E+00  2.21544552536473E-01
 4.206E+00  2.04100679394129E-01
 4.264E+00  1.87782417906004E-01
 4.322E+00  1.72538430793896E-01
 4.381E+00  1.58318039011997E-01
 4.441E+00  1.45071354228493E-01
 4.501E+00  1.32749399458766E-01
 4.563E+00  1.21304218071120E-01
 4.625E+00  1.10688971420244E-01
 4.688E+00  1.00858025395075E-01
 4.752E+00  9.17670261966253E-02
 4.817E+00  8.33729656877885E-02
 4.883E+00  7.56342366812803E-02
 4.950E+00  6.85106785538506E-02
 5.017E+00  6.19636135947005E-02
 5.086E+00  5.59558745137659E-02
 5.155E+00  5.04518235511392E-02
 5.225E+00  4.54173636424179E-02
 5.297E+00  4.08199421061550E-02
 5.369E+00  3.66285473287933E-02
 5.442E+00  3.28136989294760E-02
 5.517E+00  2.93474318918679E-02
 5.592E+00  2.62032751525810E-02
 5.668E+00  2.33562251359227E-02
 5.746E+00  2.07827147224802E-02
 5.824E+00  1.84605781344944E-02
 5.904E+00  1.63690122141018E-02
 5.984E+00  1.44885345613577E-02
 6.066E+00  1.28009389875694E-02
 6.149E+00  1.12892487259455E-02
 6.233E+00  9.93766782602072E-03
 6.318E+00  8.73153114088161E-03
 6.404E+00  7.65725329704365E-03
 6.491E+00  6.70227701610488E-03
 6.580E+00  5.85502113520812E-03
 6.670E+00  5.10482865009992E-03
 6.761E+00  4.44191508039838E-03
 6.853E+00  3.85731743180478E-03
 6.947E+00  3.34284400465000E-03
 7.042E+00  2.89102527259163E-03
 7.138E+00  2.49506602970539E-03
 7.235E+00  2.14879897886912E-03
 7.334E+00  1.84663990943907E-03
 7.434E+00  1.58354458796815E-03
 7.536E+00  1.35496746230351E-03
 7.639E+00  1.15682225699617E-03
 7.743E+00  9.85444516708935E-04
 7.849E+00  8.37556134348375E-04
 7.956E+00  7.10231882080085E-04
 8.064E+00  6.00867946294841E-04
 8.174E+00  5.07152452038555E-04
 8.286E+00  4.27037948437297E-04
 8.399E+00  3.58715814255638E-04
 8.514E+00  3.00592531916770E-04
 8.630E+00  2.51267769061271E-04
 8.748E+00  2.09514198985240E-04
 8.867E+00  1.74258985019599E-04
 8.988E+00  1.44566849018510E-04
 9.111E+00  1.19624640532680E-04
 9.235E+00  9.87273208599106E-05
 9.362E+00  8.12652748910796E-05
 9.489E+00  6.67128633998476E-05
 9.619E+00  5.46181290516749E-05
 9.750E+00  4.45935708237308E-05
 9.883E+00  3.63079036247282E-05
 1.002E+01  2.94787225777588E-05
 1.016E+01  2.38659945789181E-05
 1.029E+01  1.92663032740413E-05
 1.043E+01  1.55077774154140E-05
 1.058E+01  1.24456365868360E-05
 1.072E+01  9.95829244322163E-06
 1.087E+01  7.94394783199870E-06
 1.102E+01  6.31764038771443E-06
 1.117E+01  5.00868136615805E-06
 1.132E+01  3.95844456529092E-06
 1.147E+01  3.11846413012316E-06
 1.163E+01  2.44880382721216E-06
 1.179E+01  1.91666397810031E-06
 1.195E+01  1.49519564224786E-06
 1.211E+01  1.16249482685065E-06
 1.228E+01  9.00752466287543E-07
 1.245E+01  6.95538655062006E-07
 1.262E+01  5.35202135955751E-07
 1.279E+01  4.10368343818423E-07
 1.296E+01  3.13521391675439E-07
 1.314E+01  2.38657268681451E-07
 1.332E+01  1.80997912200362E-07
 1.350E+01  1.36759597091406E-07
 1.368E+01  1.02945521829124E-07
 1.387E+01  7.71970008489528E-08
 1.406E+01  5.76652688224807E-08
 1.425E+01  4.29068287342890E-08
 1.445E+01  3.17990149653159E-08
 1.464E+01  2.34721403091751E-08
 1.484E+01  1.72551913396241E-08
 1.505E+01  1.26325456334107E-08
 1.525E+01  9.20961737858954E-09
 1.546E+01  6.68570445903596E-09
 1.567E+01  4.83261890054842E-09
 1.589E+01  3.47794143262022E-09
 1.610E+01  2.49195687661629E-09
 1.632E+01  1.77750634663260E-09
 1.655E+01  1.26214034131765E-09
 1.677E+01  8.92078531588243E-10
 1.700E+01  6.27581605640824E-10
 1.723E+01  4.39421548153839E-10
 1.747E+01  3.06202324780095E-10
 1.771E+01  2.12335780810364E-10
 1.795E+01  1.46519906453918E-10
 1.819E+01  1.00600379050116E-10
 1.844E+01  6.87230649394090E-11
 1.869E+01  4.67062842262222E-11
 1.895E+01  3.15782147646249E-11
 1.921E+01  2.12377466108279E-11
 1.947E+01  1.42071388081203E-11
 1.974E+01  9.45258160884159E-12
 2.000E+01  6.25471797200210E-12
 2.028E+01  4.11572107927104E-12
 2.055E+01  2.69297314410635E-12
 2.084E+01  1.75199362000996E-12
 2.112E+01  1.13321809043503E-12
 2.141E+01  7.28686234483210E-13
 2.170E+01  4.65777878525894E-13
 2.200E+01  2.95932758045646E-13
 2.230E+01  1.86873318295371E-13
 2.260E+01  1.17274967170116E-13
 2.291E+01  7.31358494264511E-14
 2.322E+01  4.53194849828328E-14
 2.354E+01  2.79017523320197E-14
 2.386E+01  1.70659915828937E-14
 2.419E+01  1.03692241743548E-14
 2.452E+01  6.25801089654243E-15
 2.485E+01  3.75112702310439E-15
 2.519E+01  2.23296634263163E-15
 2.554E+01  1.31994710801883E-15
 2.588E+01  7.74717314715266E-16
 2.624E+01  4.51440218785472E-16
 2.660E+01  2.61146843134178E-16
 2.696E+01  1.49952452518556E-16
 2.733E+01  8.54599726078715E-17
 2.770E+01  4.83356799883137E-17
 2.808E+01  2.71283725112083E-17
 2.846E+01  1.51072276523374E-17
 2.885E+01  8.34650408156900E-18
 2.924E+01  4.57442270716796E-18
 2.964E+01  2.48675057688152E-18
 3.005E+01  1.34073875228054E-18
 3.046E+01  7.16841582793285E-19
 3.087E+01  3.80031620019005E-19
 3.130E+01  1.99748503556280E-19
 3.172E+01  1.04079129055214E-19
 3.216E+01  5.37537088535929E-20
 3.259E+01  2.75147479920880E-20
 3.304E+01  1.39566727206032E-20
 3.349E+01  7.01461279089835E-21
 3.395E+01  3.49282179705104E-21
 3.441E+01  1.72283936884005E-21
 3.488E+01  8.41691099769965E-22
 3.536E+01  4.07233462388401E-22
 3.584E+01  1.95100937988796E-22
 3.633E+01  9.25426749242833E-23
 3.683E+01  4.34542580036242E-23
 3.733E+01  2.01962133658018E-23
 3.784E+01  9.28954829948632E-24
 3.835E+01  4.22809104976114E-24
 3.888E+01  1.90393936503929E-24
 3.941E+01  8.48134231036319E-25
 3.995E+01  3.73689582957688E-25
 4.049E+01  1.62827279115630E-25
 4.104E+01  7.01531325128633E-26
 4.161E+01  2.98815925401248E-26
 4.217E+01  1.25814094108559E-26
 4.275E+01  5.23546077949969E-27
 4.333E+01  2.15283531923180E-27
 4.392E+01  8.74633787608839E-28
 4.452E+01  3.51018098947916E-28
 4.513E+01  1.39138677743387E-28
 4.575E+01  5.44637589863628E-29
 4.637E+01  2.10491219682678E-29
 4.701E+01  8.03065941202020E-30
 4.765E+01  3.02400463583283E-30
 4.830E+01  1.12369860298387E-30
 4.896E+01  4.11978409786262E-31
 4.963E+01  1.48996621025634E-31
 5.030E+01  5.31465549546288E-32
 5.099E+01  1.86934706151520E-32
 5.169E+01  6.48249926954383E-33
 5.239E+01  2.21596685521978E-33
 5.311E+01  7.46642183095115E-34
 5.383E+01  2.47996206092578E-34
 5.457E+01  8.12671916445983E-35
 5.531E+01  2.63531738206932E-35
 5.607E+01  0.00000000000000E+00
 5.683E+01  0.00000000000000E+00
 5.761E+01  0.00000000000000E+00
 5.839E+01  0.00000000000000E+00
 5.919E+01  0.00000000000000E+00
 6.000E+01  0.00000000000000E+00
