17  151
    0.00     0.01     0.02     0.05     0.10     0.20     0.30    0.40
    0.50     0.70     1.00     1.50     2.00     3.00     4.00    5.00
    6.00
    0.00 -0.66340 -0.61980 -0.60270 -0.57140 -0.54000 -0.50230 -0.47820
-0.46080 -0.44770 -0.42930 -0.41320 -0.40190 -0.39990 -0.40670 -0.41860
-0.43170 -0.44480
    0.02 -0.66330 -0.61970 -0.60270 -0.57130 -0.54000 -0.50220 -0.47810
-0.46080 -0.44760 -0.42920 -0.41320 -0.40190 -0.39990 -0.40670 -0.41860
-0.43170 -0.44480
    0.04 -0.66310 -0.61950 -0.60250 -0.57110 -0.53980 -0.50210 -0.47800
-0.46060 -0.44750 -0.42910 -0.41310 -0.40190 -0.39990 -0.40680 -0.41870
-0.43180 -0.44490
    0.06 -0.66260 -0.61920 -0.60210 -0.57080 -0.53950 -0.50180 -0.47770
-0.46040 -0.44730 -0.42890 -0.41300 -0.40180 -0.39990 -0.40680 -0.41880
-0.43190 -0.44500
    0.08 -0.66200 -0.61870 -0.60170 -0.57040 -0.53910 -0.50140 -0.47730
-0.46000 -0.44690 -0.42870 -0.41280 -0.40180 -0.39990 -0.40690 -0.41890
-0.43200 -0.44510
    0.10 -0.66120 -0.61800 -0.60110 -0.56980 -0.53850 -0.50090 -0.47680
-0.45960 -0.44650 -0.42830 -0.41260 -0.40170 -0.39990 -0.40700 -0.41910
-0.43220 -0.44530
    0.12 -0.66020 -0.61720 -0.60030 -0.56910 -0.53780 -0.50020 -0.47620
-0.45900 -0.44600 -0.42790 -0.41230 -0.40160 -0.39990 -0.40720 -0.41920
-0.43240 -0.44550
    0.14 -0.65910 -0.61620 -0.59930 -0.56820 -0.53700 -0.49940 -0.47550
-0.45830 -0.44540 -0.42740 -0.41200 -0.40150 -0.40000 -0.40730 -0.41950
-0.43270 -0.44570
    0.16 -0.65770 -0.61500 -0.59820 -0.56720 -0.53600 -0.49860 -0.47470
-0.45760 -0.44470 -0.42690 -0.41160 -0.40130 -0.40000 -0.40750 -0.41970
-0.43290 -0.44600
    0.18 -0.65620 -0.61360 -0.59690 -0.56600 -0.53490 -0.49750 -0.47370
-0.45670 -0.44390 -0.42620 -0.41120 -0.40120 -0.40000 -0.40780 -0.42000
-0.43330 -0.44640
    0.20 -0.65450 -0.61210 -0.59540 -0.56470 -0.53370 -0.49640 -0.47270
-0.45580 -0.44310 -0.42560 -0.41080 -0.40110 -0.40010 -0.40800 -0.42040
-0.43360 -0.44670
    0.22 -0.65260 -0.61040 -0.59380 -0.56310 -0.53230 -0.49510 -0.47150
-0.45470 -0.44210 -0.42480 -0.41030 -0.40090 -0.40020 -0.40830 -0.42070
-0.43400 -0.44710
    0.24 -0.65050 -0.60840 -0.59190 -0.56140 -0.53070 -0.49370 -0.47020
-0.45350 -0.44100 -0.42400 -0.40980 -0.40080 -0.40020 -0.40860 -0.42110
-0.43440 -0.44760
    0.26 -0.64830 -0.60630 -0.58990 -0.55950 -0.52890 -0.49210 -0.46880
-0.45220 -0.43990 -0.42310 -0.40920 -0.40060 -0.40030 -0.40890 -0.42150
-0.43490 -0.44800
    0.28 -0.64580 -0.60400 -0.58770 -0.55750 -0.52700 -0.49040 -0.46720
-0.45090 -0.43870 -0.42220 -0.40870 -0.40050 -0.40040 -0.40930 -0.42200
-0.43540 -0.44860
    0.30 -0.64320 -0.60150 -0.58530 -0.55520 -0.52490 -0.48860 -0.46560
-0.44940 -0.43740 -0.42120 -0.40810 -0.40040 -0.40060 -0.40970 -0.42250
-0.43590 -0.44910
    0.32 -0.64030 -0.59880 -0.58270 -0.55280 -0.52270 -0.48650 -0.46380
-0.44780 -0.43600 -0.42010 -0.40750 -0.40020 -0.40070 -0.41010 -0.42300
-0.43650 -0.44970
    0.34 -0.63720 -0.59590 -0.57980 -0.55010 -0.52020 -0.48440 -0.46180
-0.44610 -0.43450 -0.41910 -0.40680 -0.40010 -0.40090 -0.41060 -0.42360
-0.43710 -0.45030
    0.36 -0.63400 -0.59280 -0.57680 -0.54730 -0.51760 -0.48200 -0.45980
-0.44430 -0.43290 -0.41790 -0.40620 -0.40000 -0.40110 -0.41100 -0.42410
-0.43770 -0.45090
    0.38 -0.63050 -0.58950 -0.57360 -0.54430 -0.51480 -0.47960 -0.45760
-0.44240 -0.43130 -0.41670 -0.40550 -0.39990 -0.40130 -0.41150 -0.42480
-0.43840 -0.45160
    0.40 -0.62680 -0.58600 -0.57020 -0.54100 -0.51170 -0.47690 -0.45530
-0.44040 -0.42960 -0.41550 -0.40490 -0.39980 -0.40150 -0.41210 -0.42540
-0.43900 -0.45220
    0.42 -0.62290 -0.58220 -0.56650 -0.53760 -0.50850 -0.47410 -0.45280
-0.43830 -0.42780 -0.41430 -0.40420 -0.39970 -0.40170 -0.41260 -0.42610
-0.43970 -0.45300
    0.44 -0.61880 -0.57830 -0.56270 -0.53390 -0.50510 -0.47110 -0.45030
-0.43610 -0.42590 -0.41300 -0.40350 -0.39960 -0.40200 -0.41320 -0.42680
-0.44050 -0.45370
    0.46 -0.61450 -0.57410 -0.55860 -0.53000 -0.50150 -0.46800 -0.44760
-0.43380 -0.42400 -0.41170 -0.40280 -0.39960 -0.40230 -0.41380 -0.42750
-0.44120 -0.45450
    0.48 -0.60990 -0.56970 -0.55430 -0.52590 -0.49770 -0.46470 -0.44480
-0.43140 -0.42210 -0.41030 -0.40210 -0.39950 -0.40260 -0.41440 -0.42820
-0.44200 -0.45530
    0.50 -0.60500 -0.56500 -0.54970 -0.52160 -0.49370 -0.46120 -0.44190
-0.42900 -0.42000 -0.40900 -0.40150 -0.39950 -0.40290 -0.41500 -0.42900
-0.44280 -0.45610
    0.52 -0.60000 -0.56010 -0.54490 -0.51700 -0.48940 -0.45760 -0.43880
-0.42650 -0.41800 -0.40760 -0.40080 -0.39940 -0.40320 -0.41570 -0.42970
-0.44360 -0.45690
    0.54 -0.59460 -0.55500 -0.53990 -0.51220 -0.48500 -0.45390 -0.43570
-0.42390 -0.41590 -0.40620 -0.40010 -0.39940 -0.40350 -0.41630 -0.43050
-0.44450 -0.45780
    0.56 -0.58900 -0.54960 -0.53450 -0.50720 -0.48030 -0.44990 -0.43250
-0.42130 -0.41380 -0.40480 -0.39940 -0.39940 -0.40380 -0.41700 -0.43130
-0.44530 -0.45860
    0.58 -0.58310 -0.54390 -0.52900 -0.50190 -0.47540 -0.44590 -0.42920
-0.41870 -0.41160 -0.40340 -0.39870 -0.39940 -0.40420 -0.41760 -0.43210
-0.44620 -0.45950
    0.60 -0.57700 -0.53790 -0.52310 -0.49630 -0.47030 -0.44170 -0.42590
-0.41600 -0.40940 -0.40200 -0.39800 -0.39930 -0.40450 -0.41830 -0.43290
-0.44700 -0.46040
    0.62 -0.57050 -0.53170 -0.51700 -0.49050 -0.46500 -0.43750 -0.42250
-0.41320 -0.40720 -0.40060 -0.39730 -0.39930 -0.40480 -0.41900 -0.43370
-0.44790 -0.46130
    0.64 -0.56370 -0.52510 -0.51050 -0.48440 -0.45950 -0.43310 -0.41900
-0.41050 -0.40500 -0.39920 -0.39660 -0.39930 -0.40520 -0.41970 -0.43450
-0.44880 -0.46220
    0.66 -0.55660 -0.51820 -0.50380 -0.47800 -0.45380 -0.42860 -0.41550
-0.40770 -0.40280 -0.39770 -0.39590 -0.39920 -0.40550 -0.42030 -0.43540
-0.44970 -0.46310
    0.68 -0.54920 -0.51100 -0.49670 -0.47130 -0.44790 -0.42410 -0.41200
-0.40490 -0.40060 -0.39630 -0.39520 -0.39920 -0.40580 -0.42100 -0.43620
-0.45060 -0.46410
    0.70 -0.54130 -0.50340 -0.48930 -0.46440 -0.44180 -0.41950 -0.40850
-0.40210 -0.39830 -0.39480 -0.39450 -0.39910 -0.40610 -0.42160 -0.43700
-0.45150 -0.46500
    0.72 -0.53310 -0.49550 -0.48150 -0.45710 -0.43560 -0.41490 -0.40490
-0.39930 -0.39610 -0.39330 -0.39370 -0.39900 -0.40640 -0.42230 -0.43780
-0.45240 -0.46590
    0.74 -0.52450 -0.48710 -0.47330 -0.44960 -0.42920 -0.41020 -0.40130
-0.39650 -0.39380 -0.39180 -0.39290 -0.39890 -0.40660 -0.42290 -0.43860
-0.45330 -0.46690
    0.76 -0.51540 -0.47830 -0.46480 -0.44180 -0.42270 -0.40560 -0.39780
-0.39370 -0.39150 -0.39030 -0.39210 -0.39880 -0.40690 -0.42360 -0.43940
-0.45420 -0.46780
    0.78 -0.50580 -0.46910 -0.45580 -0.43380 -0.41620 -0.40090 -0.39410
-0.39080 -0.38920 -0.38880 -0.39130 -0.39860 -0.40710 -0.42420 -0.44020
-0.45500 -0.46870
    0.80 -0.49570 -0.45940 -0.44640 -0.42560 -0.40950 -0.39610 -0.39050
-0.38790 -0.38690 -0.38720 -0.39040 -0.39840 -0.40720 -0.42470 -0.44100
-0.45590 -0.46970
    0.82 -0.48500 -0.44910 -0.43660 -0.41710 -0.40290 -0.39140 -0.38690
-0.38500 -0.38450 -0.38550 -0.38950 -0.39820 -0.40740 -0.42530 -0.44180
-0.45680 -0.47060
    0.84 -0.47370 -0.43830 -0.42630 -0.40860 -0.39620 -0.38660 -0.38320
-0.38200 -0.38210 -0.38390 -0.38850 -0.39790 -0.40750 -0.42590 -0.44250
-0.45770 -0.47150
    0.86 -0.46160 -0.42690 -0.41570 -0.39990 -0.38940 -0.38180 -0.37940
-0.37900 -0.37960 -0.38220 -0.38750 -0.39760 -0.40760 -0.42640 -0.44320
-0.45850 -0.47240
    0.88 -0.44870 -0.41490 -0.40470 -0.39120 -0.38260 -0.37690 -0.37560
-0.37590 -0.37700 -0.38040 -0.38650 -0.39720 -0.40770 -0.42690 -0.44400
-0.45930 -0.47330
    0.90 -0.43480 -0.40230 -0.39340 -0.38240 -0.37580 -0.37200 -0.37180
-0.37280 -0.37450 -0.37860 -0.38540 -0.39680 -0.40770 -0.42730 -0.44470
-0.46020 -0.47420
    0.92 -0.41970 -0.38920 -0.38190 -0.37350 -0.36880 -0.36700 -0.36780
-0.36960 -0.37180 -0.37670 -0.38420 -0.39640 -0.40770 -0.42780 -0.44530
-0.46100 -0.47510
    0.94 -0.40310 -0.37560 -0.37030 -0.36440 -0.36180 -0.36190 -0.36380
-0.36640 -0.36910 -0.37470 -0.38300 -0.39590 -0.40760 -0.42820 -0.44600
-0.46180 -0.47600
    0.96 -0.38440 -0.36180 -0.35840 -0.35530 -0.35470 -0.35670 -0.35980
-0.36300 -0.36630 -0.37270 -0.38180 -0.39540 -0.40750 -0.42860 -0.44660
-0.46260 -0.47690
    0.98 -0.36250 -0.34750 -0.34630 -0.34590 -0.34740 -0.35150 -0.35560
-0.35970 -0.36350 -0.37070 -0.38050 -0.39480 -0.40740 -0.42890 -0.44730
-0.46330 -0.47780
    1.00 -0.33170 -0.33290 -0.33390 -0.33650 -0.34010 -0.34620 -0.35150
-0.35620 -0.36060 -0.36860 -0.37920 -0.39420 -0.40720 -0.42930 -0.44790
-0.46410 -0.47860
    1.02 -0.30140 -0.31990 -0.32240 -0.32740 -0.33300 -0.34100 -0.34740
-0.35290 -0.35780 -0.36660 -0.37790 -0.39360 -0.40710 -0.42960 -0.44850
-0.46490 -0.47950
    1.04 -0.28060 -0.30740 -0.31130 -0.31860 -0.32610 -0.33600 -0.34340
-0.34960 -0.35510 -0.36460 -0.37660 -0.39310 -0.40690 -0.43000 -0.44910
-0.46560 -0.48030
    1.06 -0.26330 -0.29630 -0.30100 -0.31020 -0.31940 -0.33110 -0.33950
-0.34640 -0.35240 -0.36260 -0.37530 -0.39250 -0.40680 -0.43030 -0.44970
-0.46640 -0.48120
    1.08 -0.24850 -0.28700 -0.29130 -0.30230 -0.31310 -0.32640 -0.33580
-0.34330 -0.34980 -0.36070 -0.37410 -0.39200 -0.40670 -0.43070 -0.45030
-0.46720 -0.48210
    1.10 -0.23530 -0.27060 -0.28190 -0.29460 -0.30700 -0.32190 -0.33220
-0.34040 -0.34730 -0.35890 -0.37290 -0.39150 -0.40660 -0.43100 -0.45090
-0.46790 -0.48300
    1.12 -0.22350 -0.25900 -0.27220 -0.28780 -0.30140 -0.31770 -0.32880
-0.33760 -0.34500 -0.35720 -0.37190 -0.39100 -0.40650 -0.43140 -0.45160
-0.46870 -0.48390
    1.14 -0.21290 -0.24830 -0.26220 -0.28130 -0.29600 -0.31370 -0.32560
-0.33490 -0.34270 -0.35560 -0.37080 -0.39060 -0.40650 -0.43180 -0.45220
-0.46950 -0.48480
    1.16 -0.20310 -0.23830 -0.25250 -0.27630 -0.29120 -0.30990 -0.32260
-0.33240 -0.34060 -0.35400 -0.36990 -0.39020 -0.40650 -0.43230 -0.45290
-0.47040 -0.48570
    1.18 -0.19420 -0.22900 -0.24330 -0.26990 -0.28650 -0.30640 -0.31970
-0.33000 -0.33860 -0.35260 -0.36900 -0.38990 -0.40650 -0.43270 -0.45360
-0.47120 -0.48660
    1.20 -0.18590 -0.22050 -0.23470 -0.26200 -0.28240 -0.30310 -0.31700
-0.32780 -0.33680 -0.35130 -0.36820 -0.38970 -0.40660 -0.43320 -0.45430
-0.47210 -0.48760
    1.22 -0.17820 -0.21250 -0.22660 -0.25410 -0.28030 -0.30040 -0.31480
-0.32590 -0.33510 -0.35010 -0.36750 -0.38950 -0.40670 -0.43370 -0.45500
-0.47290 -0.48850
    1.24 -0.17110 -0.20500 -0.21900 -0.24650 -0.27580 -0.29800 -0.31270
-0.32420 -0.33370 -0.34910 -0.36690 -0.38940 -0.40690 -0.43430 -0.45580
-0.47380 -0.48950
    1.26 -0.16450 -0.19800 -0.21190 -0.23920 -0.26920 -0.29590 -0.31080
-0.32260 -0.33230 -0.34810 -0.36640 -0.38930 -0.40720 -0.43490 -0.45660
-0.47470 -0.49050
    1.28 -0.15820 -0.19150 -0.20520 -0.23230 -0.26250 -0.29480 -0.30940
-0.32130 -0.33130 -0.34740 -0.36600 -0.38930 -0.40750 -0.43550 -0.45740
-0.47570 -0.49150
    1.30 -0.15240 -0.18530 -0.19880 -0.22580 -0.25590 -0.29560 -0.30850
-0.32040 -0.33050 -0.34680 -0.36580 -0.38950 -0.40780 -0.43620 -0.45830
-0.47670 -0.49260
    1.32 -0.14690 -0.17950 -0.19290 -0.21950 -0.24950 -0.28990 -0.30780
-0.31960 -0.32970 -0.34630 -0.36560 -0.38960 -0.40820 -0.43690 -0.45920
-0.47770 -0.49370
    1.34 -0.14180 -0.17400 -0.18730 -0.21360 -0.24330 -0.28420 -0.30900
-0.31940 -0.32950 -0.34620 -0.36560 -0.39000 -0.40880 -0.43770 -0.46010
-0.47870 -0.49480
    1.36 -0.13690 -0.16880 -0.18190 -0.20800 -0.23740 -0.27840 -0.30780
-0.31990 -0.32960 -0.34620 -0.36580 -0.39040 -0.40940 -0.43850 -0.46110
-0.47980 -0.49590
    1.38 -0.13230 -0.16390 -0.17690 -0.20260 -0.23170 -0.27260 -0.30260
-0.32140 -0.32980 -0.34630 -0.36600 -0.39090 -0.41000 -0.43940 -0.46210
-0.48090 -0.49710
    1.40 -0.12790 -0.15930 -0.17210 -0.19750 -0.22630 -0.26680 -0.29710
-0.32150 -0.33100 -0.34670 -0.36650 -0.39150 -0.41080 -0.44030 -0.46320
-0.48210 -0.49830
    1.42 -0.12380 -0.15490 -0.16750 -0.19270 -0.22110 -0.26130 -0.29160
-0.31610 -0.33440 -0.34740 -0.36700 -0.39210 -0.41160 -0.44130 -0.46430
-0.48320 -0.49950
    1.44 -0.11990 -0.15060 -0.16320 -0.18800 -0.21610 -0.25590 -0.28610
-0.31090 -0.33210 -0.34850 -0.36770 -0.39280 -0.41240 -0.44230 -0.46540
-0.48440 -0.50080
    1.46 -0.11620 -0.14660 -0.15900 -0.18360 -0.21140 -0.25070 -0.28070
-0.30550 -0.32670 -0.35060 -0.36860 -0.39360 -0.41330 -0.44340 -0.46650
-0.48560 -0.50200
    1.48 -0.11260 -0.14280 -0.15510 -0.17940 -0.20680 -0.24570 -0.27540
-0.30020 -0.32150 -0.35660 -0.36980 -0.39460 -0.41420 -0.44440 -0.46770
-0.48680 -0.50330
    1.50 -0.10930 -0.13920 -0.15130 -0.17540 -0.20250 -0.24090 -0.27030
-0.29490 -0.31630 -0.35290 -0.37140 -0.39560 -0.41520 -0.44550 -0.46890
-0.48810 -0.50460
    1.52 -0.10610 -0.13570 -0.14770 -0.17150 -0.19830 -0.23630 -0.26540
-0.28980 -0.31110 -0.34720 -0.37390 -0.39680 -0.41630 -0.44670 -0.47010
-0.48940 -0.50590
    1.54 -0.10300 -0.13240 -0.14430 -0.16780 -0.19430 -0.23190 -0.26060
-0.28480 -0.30600 -0.34200 -0.37810 -0.39820 -0.41750 -0.44790 -0.47130
-0.49060 -0.50720
    1.56 -0.10010 -0.12920 -0.14100 -0.16430 -0.19050 -0.22760 -0.25610
-0.28000 -0.30100 -0.33690 -0.38520 -0.40000 -0.41890 -0.44920 -0.47260
-0.49200 -0.50860
    1.58 -0.09727 -0.12620 -0.13790 -0.16090 -0.18680 -0.22350 -0.25160
-0.27530 -0.29610 -0.33180 -0.37700 -0.40220 -0.42050 -0.45050 -0.47400
-0.49340 -0.51000
    1.60 -0.09459 -0.12330 -0.13480 -0.15760 -0.18330 -0.21960 -0.24740
-0.27080 -0.29140 -0.32680 -0.37110 -0.40520 -0.42220 -0.45200 -0.47540
-0.49480 -0.51140
    1.62 -0.09203 -0.12050 -0.13190 -0.15450 -0.17990 -0.21580 -0.24330
-0.26640 -0.28680 -0.32200 -0.36580 -0.40980 -0.42430 -0.45350 -0.47690
-0.49620 -0.51290
    1.64 -0.08958 -0.11780 -0.12910 -0.15150 -0.17660 -0.21210 -0.23930
-0.26220 -0.28240 -0.31720 -0.36070 -0.42080 -0.42680 -0.45520 -0.47840
-0.49770 -0.51440
    1.66 -0.08722 -0.11520 -0.12650 -0.14860 -0.17350 -0.20860 -0.23550
-0.25820 -0.27810 -0.31260 -0.35570 -0.41930 -0.43000 -0.45700 -0.48010
-0.49930 -0.51590
    1.68 -0.08496 -0.11270 -0.12390 -0.14580 -0.17050 -0.20520 -0.23180
-0.25420 -0.27400 -0.30810 -0.35090 -0.41160 -0.43430 -0.45900 -0.48180
-0.50090 -0.51750
    1.70 -0.08280 -0.11030 -0.12140 -0.14320 -0.16750 -0.20190 -0.22830
-0.25040 -0.27000 -0.30370 -0.34610 -0.40520 -0.44120 -0.46120 -0.48360
-0.50260 -0.51910
    1.72 -0.08071 -0.10800 -0.11900 -0.14060 -0.16470 -0.19880 -0.22480
-0.24680 -0.26610 -0.29950 -0.34150 -0.39960 -0.45510 -0.46380 -0.48550
-0.50440 -0.52090
    1.74 -0.07870 -0.10580 -0.11670 -0.13810 -0.16200 -0.19570 -0.22150
-0.24320 -0.26230 -0.29540 -0.33700 -0.39430 -0.44820 -0.46690 -0.48770
-0.50640 -0.52270
    1.76 -0.07678 -0.10370 -0.11450 -0.13570 -0.15940 -0.19270 -0.21830
-0.23980 -0.25870 -0.29140 -0.33260 -0.38920 -0.44070 -0.47050 -0.49010
-0.50840 -0.52460
    1.78 -0.07493 -0.10170 -0.11230 -0.13330 -0.15680 -0.18990 -0.21520
-0.23640 -0.25520 -0.28760 -0.32830 -0.38430 -0.43400 -0.47510 -0.49270
-0.51060 -0.52660
    1.80 -0.07314 -0.09967 -0.11030 -0.13110 -0.15440 -0.18710 -0.21210
-0.23320 -0.25170 -0.28380 -0.32410 -0.37950 -0.42790 -0.48150 -0.49560
-0.51290 -0.52860
    1.82 -0.07142 -0.09776 -0.10830 -0.12890 -0.15200 -0.18440 -0.20920
-0.23010 -0.24840 -0.28020 -0.32010 -0.37490 -0.42230 -0.49340 -0.49900
-0.51540 -0.53080
    1.84 -0.06977 -0.09591 -0.10630 -0.12680 -0.14970 -0.18180 -0.20640
-0.22700 -0.24520 -0.27670 -0.31620 -0.37040 -0.41700 -0.50360 -0.50300
-0.51820 -0.53320
    1.86 -0.06817 -0.09412 -0.10450 -0.12480 -0.14750 -0.17930 -0.20370
-0.22410 -0.24210 -0.27320 -0.31240 -0.36610 -0.41190 -0.49810 -0.50780
-0.52120 -0.53570
    1.88 -0.06662 -0.09240 -0.10270 -0.12280 -0.14530 -0.17690 -0.20100
-0.22130 -0.23910 -0.26990 -0.30860 -0.36180 -0.40700 -0.49100 -0.51420
-0.52470 -0.53850
    1.90 -0.06513 -0.09073 -0.10090 -0.12090 -0.14320 -0.17450 -0.19840
-0.21850 -0.23610 -0.26670 -0.30500 -0.35770 -0.40230 -0.48400 -0.52380
-0.52870 -0.54150
    1.92 -0.06369 -0.08911 -0.09924 -0.11910 -0.14120 -0.17220 -0.19590
-0.21580 -0.23330 -0.26350 -0.30150 -0.35360 -0.39780 -0.47730 -0.54550
-0.53330 -0.54470
    1.94 -0.06230 -0.08754 -0.09760 -0.11730 -0.13920 -0.17000 -0.19350
-0.21320 -0.23050 -0.26050 -0.29810 -0.34970 -0.39330 -0.47090 -0.54160
-0.53910 -0.54850
    1.96 -0.06096 -0.08603 -0.09601 -0.11550 -0.13730 -0.16780 -0.19110
-0.21060 -0.22780 -0.25750 -0.29480 -0.34590 -0.38900 -0.46500 -0.53660
-0.54690 -0.55270
    1.98 -0.05965 -0.08456 -0.09440 -0.11390 -0.13550 -0.16570 -0.18880
-0.20810 -0.22520 -0.25460 -0.29150 -0.34210 -0.38480 -0.45940 -0.53010
-0.55950 -0.55760
    2.00 -0.05840 -0.08314 -0.09297 -0.11220 -0.13370 -0.16370 -0.18650
-0.20570 -0.22260 -0.25180 -0.28840 -0.33850 -0.38080 -0.45400 -0.52330
-0.57810 -0.56360
    2.02 -0.05718 -0.08176 -0.09150 -0.11060 -0.13190 -0.16170 -0.18440
-0.20340 -0.22010 -0.24900 -0.28530 -0.33500 -0.37680 -0.44890 -0.51660
-0.57410 -0.57120
    2.04 -0.05600 -0.08042 -0.09012 -0.10910 -0.13020 -0.15970 -0.18220
-0.20110 -0.21770 -0.24630 -0.28230 -0.33150 -0.37290 -0.44400 -0.51000
-0.57020 -0.58280
    2.06 -0.05486 -0.07912 -0.08875 -0.10760 -0.12850 -0.15780 -0.18020
-0.19890 -0.21530 -0.24370 -0.27940 -0.32810 -0.36910 -0.43920 -0.50370
-0.56420 -0.60870
    2.08 -0.05375 -0.07786 -0.08742 -0.10610 -0.12690 -0.15600 -0.17810
-0.19670 -0.21300 -0.24120 -0.27650 -0.32480 -0.36550 -0.43460 -0.49760
-0.55790 -0.60460
    2.10 -0.05267 -0.07663 -0.08613 -0.10470 -0.12530 -0.15420 -0.17620
-0.19460 -0.21080 -0.23870 -0.27370 -0.32160 -0.36190 -0.43020 -0.49190
-0.55130 -0.60110
    2.12 -0.05163 -0.07544 -0.08488 -0.10330 -0.12380 -0.15250 -0.17430
-0.19250 -0.20860 -0.23630 -0.27100 -0.31850 -0.35840 -0.42590 -0.48630
-0.54480 -0.59620
    2.14 -0.05062 -0.07428 -0.08366 -0.10200 -0.12230 -0.15080 -0.17240
-0.19050 -0.20640 -0.23390 -0.26840 -0.31540 -0.35490 -0.42170 -0.48100
-0.53830 -0.59040
    2.16 -0.04964 -0.07316 -0.08247 -0.10070 -0.12090 -0.14910 -0.17060
-0.18860 -0.20430 -0.23160 -0.26580 -0.31240 -0.35160 -0.41760 -0.47590
-0.53200 -0.58430
    2.18 -0.04869 -0.07206 -0.08132 -0.09939 -0.11950 -0.14750 -0.16880
-0.18660 -0.20230 -0.22930 -0.26320 -0.30950 -0.34830 -0.41360 -0.47100
-0.52590 -0.57800
    2.20 -0.04777 -0.07100 -0.08019 -0.09815 -0.11810 -0.14590 -0.16700
-0.18480 -0.20030 -0.22710 -0.26080 -0.30660 -0.34510 -0.40980 -0.46620
-0.52000 -0.57160
    2.22 -0.04687 -0.06996 -0.07910 -0.09694 -0.11670 -0.14440 -0.16530
-0.18290 -0.19840 -0.22500 -0.25830 -0.30390 -0.34200 -0.40600 -0.46160
-0.51430 -0.56520
    2.24 -0.04600 -0.06895 -0.07803 -0.09575 -0.11540 -0.14280 -0.16370
-0.18110 -0.19650 -0.22290 -0.25600 -0.30110 -0.33890 -0.40230 -0.45720
-0.50880 -0.55890
    2.26 -0.04515 -0.06797 -0.07699 -0.09460 -0.11410 -0.14140 -0.16210
-0.17940 -0.19460 -0.22080 -0.25370 -0.29840 -0.33590 -0.39870 -0.45280
-0.50350 -0.55270
    2.28 -0.04433 -0.06701 -0.07598 -0.09348 -0.11290 -0.13990 -0.16050
-0.17770 -0.19280 -0.21880 -0.25140 -0.29580 -0.33300 -0.39520 -0.44860
-0.49840 -0.54670
    2.30 -0.04353 -0.06608 -0.07499 -0.09238 -0.11170 -0.13850 -0.15890
-0.17600 -0.19100 -0.21680 -0.24920 -0.29330 -0.33010 -0.39170 -0.44450
-0.49350 -0.54080
    2.32 -0.04275 -0.06517 -0.07403 -0.09131 -0.11050 -0.13720 -0.15740
-0.17440 -0.18930 -0.21490 -0.24700 -0.29080 -0.32730 -0.38840 -0.44060
-0.48870 -0.53520
    2.34 -0.04199 -0.06429 -0.07309 -0.09026 -0.10930 -0.13580 -0.15590
-0.17280 -0.18760 -0.21300 -0.24490 -0.28830 -0.32460 -0.38510 -0.43670
-0.48400 -0.52960
    2.36 -0.04125 -0.06343 -0.07218 -0.08924 -0.10820 -0.13450 -0.15450
-0.17120 -0.18590 -0.21120 -0.24280 -0.28590 -0.32190 -0.38190 -0.43290
-0.47950 -0.52430
    2.38 -0.04054 -0.06259 -0.07128 -0.08825 -0.10700 -0.13320 -0.15310
-0.16970 -0.18430 -0.20940 -0.24080 -0.28350 -0.31930 -0.37870 -0.42920
-0.47510 -0.51910
    2.40 -0.03984 -0.06177 -0.07041 -0.08727 -0.10590 -0.13200 -0.15170
-0.16820 -0.18270 -0.20760 -0.23880 -0.28120 -0.31670 -0.37560 -0.42560
-0.47090 -0.51410
    2.42 -0.03916 -0.06097 -0.06956 -0.08632 -0.10490 -0.13070 -0.15030
-0.16670 -0.18110 -0.20590 -0.23680 -0.27900 -0.31410 -0.37260 -0.42200
-0.46680 -0.50930
    2.44 -0.03849 -0.06018 -0.06872 -0.08539 -0.10380 -0.12950 -0.14900
-0.16530 -0.17950 -0.20410 -0.23490 -0.27670 -0.31170 -0.36970 -0.41860
-0.46270 -0.50450
    2.46 -0.03785 -0.05942 -0.06791 -0.08448 -0.10280 -0.12830 -0.14770
-0.16390 -0.17800 -0.20250 -0.23300 -0.27460 -0.30920 -0.36670 -0.41520
-0.45880 -0.49990
    2.48 -0.03722 -0.05860 -0.06712 -0.08359 -0.10180 -0.12720 -0.14640
-0.16250 -0.17660 -0.20080 -0.23120 -0.27240 -0.30680 -0.36390 -0.41190
-0.45490 -0.49550
    2.50 -0.03660 -0.05794 -0.06634 -0.08272 -0.10080 -0.12600 -0.14520
-0.16110 -0.17510 -0.19920 -0.22940 -0.27030 -0.30450 -0.36110 -0.40860
-0.45120 -0.49110
    2.52 -0.03600 -0.05723 -0.06558 -0.08186 -0.09988 -0.12490 -0.14390
-0.15980 -0.17370 -0.19770 -0.22760 -0.26830 -0.30220 -0.35840 -0.40550
-0.44750 -0.48690
    2.54 -0.03542 -0.05653 -0.06484 -0.08103 -0.09894 -0.12380 -0.14270
-0.15850 -0.17230 -0.19610 -0.22580 -0.26630 -0.29990 -0.35570 -0.40240
-0.44390 -0.48270
    2.56 -0.03485 -0.05585 -0.06411 -0.08021 -0.09802 -0.12280 -0.14150
-0.15720 -0.17090 -0.19460 -0.22410 -0.26430 -0.29770 -0.35300 -0.39930
-0.44040 -0.47870
    2.58 -0.03429 -0.05518 -0.06340 -0.07941 -0.09712 -0.12170 -0.14040
-0.15600 -0.16960 -0.19310 -0.22240 -0.26230 -0.29550 -0.35050 -0.39630
-0.43700 -0.47480
    2.60 -0.03375 -0.05453 -0.06271 -0.07863 -0.09623 -0.12070 -0.13920
-0.15470 -0.16830 -0.19160 -0.22080 -0.26040 -0.29340 -0.34790 -0.39340
-0.43370 -0.47090
    2.62 -0.03322 -0.05389 -0.06203 -0.07786 -0.09537 -0.11970 -0.13810
-0.15350 -0.16700 -0.19020 -0.21920 -0.25850 -0.29130 -0.34540 -0.39050
-0.43040 -0.46720
    2.64 -0.03270 -0.05327 -0.06136 -0.07711 -0.09452 -0.11870 -0.13700
-0.15230 -0.16570 -0.18880 -0.21760 -0.25670 -0.28920 -0.34300 -0.38770
-0.42720 -0.46350
    2.66 -0.03220 -0.05266 -0.06071 -0.07638 -0.09369 -0.11770 -0.13600
-0.15120 -0.16450 -0.18740 -0.21600 -0.25490 -0.28720 -0.34050 -0.38490
-0.42400 -0.45990
    2.68 -0.03170 -0.05206 -0.06008 -0.07566 -0.09287 -0.11680 -0.13490
-0.15000 -0.16330 -0.18600 -0.21450 -0.25310 -0.28520 -0.33820 -0.38220
-0.42090 -0.45640
    2.70 -0.03122 -0.05147 -0.05945 -0.07495 -0.09207 -0.11590 -0.13390
-0.14890 -0.16210 -0.18470 -0.21300 -0.25130 -0.28320 -0.33590 -0.37950
-0.41790 -0.45300
    2.72 -0.03075 -0.05090 -0.05884 -0.07425 -0.09129 -0.11490 -0.13280
-0.14780 -0.16090 -0.18340 -0.21150 -0.24960 -0.28130 -0.33360 -0.37690
-0.41490 -0.44960
    2.74 -0.03029 -0.05034 -0.05824 -0.07357 -0.09051 -0.11400 -0.13180
-0.14670 -0.15970 -0.18210 -0.21000 -0.24790 -0.27940 -0.33130 -0.37430
-0.41200 -0.44630
    2.76 -0.02984 -0.04979 -0.05765 -0.07290 -0.08976 -0.11320 -0.13090
-0.14560 -0.15860 -0.18080 -0.20860 -0.24630 -0.27750 -0.32910 -0.37180
-0.40910 -0.44310
    2.78 -0.02940 -0.04925 -0.05707 -0.07225 -0.08902 -0.11230 -0.12990
-0.14460 -0.15750 -0.17960 -0.20720 -0.24460 -0.27570 -0.32690 -0.36930
-0.40630 -0.43990
    2.80 -0.02897 -0.04873 -0.05651 -0.07161 -0.08829 -0.11140 -0.12890
-0.14360 -0.15640 -0.17840 -0.20580 -0.24300 -0.27390 -0.32480 -0.36680
-0.40350 -0.43680
    2.82 -0.02855 -0.04821 -0.05596 -0.07098 -0.08757 -0.11060 -0.12800
-0.14260 -0.15530 -0.17710 -0.20440 -0.24140 -0.27210 -0.32270 -0.36440
-0.40080 -0.43370
    2.84 -0.02814 -0.04773 -0.05541 -0.07036 -0.08687 -0.10980 -0.12710
-0.14160 -0.15420 -0.17600 -0.20310 -0.23990 -0.27040 -0.32060 -0.36200
-0.39810 -0.43070
    2.86 -0.02773 -0.04723 -0.05488 -0.06975 -0.08618 -0.10900 -0.12620
-0.14060 -0.15320 -0.17480 -0.20180 -0.23830 -0.26870 -0.31860 -0.35970
-0.39550 -0.42780
    2.88 -0.02734 -0.04675 -0.05435 -0.06915 -0.08550 -0.10820 -0.12530
-0.13960 -0.15210 -0.17360 -0.20040 -0.23680 -0.26700 -0.31660 -0.35740
-0.39290 -0.42490
    2.90 -0.02696 -0.04628 -0.05384 -0.06857 -0.08483 -0.10740 -0.12440
-0.13870 -0.15110 -0.17250 -0.19920 -0.23530 -0.26530 -0.31460 -0.35520
-0.39040 -0.42210
    2.92 -0.02658 -0.04581 -0.05333 -0.06799 -0.08417 -0.10660 -0.12360
-0.13770 -0.15010 -0.17140 -0.19790 -0.23380 -0.26370 -0.31260 -0.35290
-0.38790 -0.41930
    2.94 -0.02621 -0.04536 -0.05284 -0.06743 -0.08353 -0.10590 -0.12270
-0.13680 -0.14910 -0.17030 -0.19670 -0.23240 -0.26200 -0.31070 -0.35070
-0.38540 -0.41650
    2.96 -0.02585 -0.04493 -0.05235 -0.06687 -0.08289 -0.10510 -0.12190
-0.13590 -0.14810 -0.16920 -0.19540 -0.23100 -0.26040 -0.30880 -0.34860
-0.38300 -0.41380
    2.98 -0.02549 -0.04450 -0.05187 -0.06633 -0.08227 -0.10440 -0.12110
-0.13500 -0.14720 -0.16810 -0.19420 -0.22960 -0.25890 -0.30700 -0.34650
-0.38060 -0.41120
    3.00 -0.02515 -0.04407 -0.05141 -0.06579 -0.08166 -0.10370 -0.12030
-0.13410 -0.14630 -0.16710 -0.19300 -0.22820 -0.25730 -0.30510 -0.34440
-0.37820 -0.40860
