./ilogA is logfile.
./chgdenTe calculation starts
rmin,rmax=  1.92E-08  2.77E+01
  10924.07684019  -5968.67908874      0.30000000    1
    771.66815075  -6404.32219199      0.30000000    1
    478.48320297  -6622.02166524      0.30000000    1
    289.31335148  -6720.58536189      0.30000000    1
    170.48293690  -6760.48122451      0.30000000    1
     98.20393794  -6774.84083995      0.30000000    1
     55.74015686  -6779.48386664      0.30000000    1
     31.59026741  -6780.89761842      0.30000000    1
     18.16901030  -6781.34479550      0.30000000    1
     10.74316315  -6781.50439956      0.30000000    1
      6.55849227  -6781.56723859      0.30000000    1
      4.11981077  -6781.59255185      0.30000000    1
      2.64649785  -6781.60252589      0.30000000    1
      1.72860601  -6781.60634169      0.30000000    1
      1.14279858  -6781.60777521      0.30000000    1
      0.76196718  -6781.60831282      0.30000000    1
      0.51096020  -6781.60851713      0.30000000    1
      0.34390037  -6781.60859668      0.30000000    1
      0.23198999  -6781.60862861      0.30000000    1
      0.15671962  -6781.60864185      0.30000000    1
      0.10597116  -6781.60864751      0.30000000    1
      0.07170728  -6781.60865000      0.30000000    1
      0.04855294  -6781.60865112      0.30000000    1
      0.03289605  -6781.60865163      0.30000000    1
      0.02230296  -6781.60865187      0.30000000    1
      0.01513178  -6781.60865199      0.30000000    1
      0.01027404  -6781.60865204      0.30000000    1
      0.00698117  -6781.60865207      0.30000000    1
      0.00474740  -6781.60865208      0.30000000    1
      0.00323089  -6781.60865208      0.30000000    1
      0.00220052  -6781.60865209      0.30000000    1
      0.00149987  -6781.60865209      0.30000000    1
      0.00102305  -6781.60865209      0.30000000    1
      0.00069828  -6781.60865209      0.30000000    1
      0.00047693  -6781.60865209      0.30000000    1
      0.00000000  -6781.60865209      1.00000000    2
      0.00000000  -6781.60865209      1.00000000    3
    1   0 0  -1/2   1    2.0000      -1154.719563
    2   0 0  -1/2   1    2.0000       -177.265631
    2   1 1  -1/2   1    2.0000       -166.313850
    2   1 1  -3/2   1    4.0000       -156.322523
    3   0 0  -1/2   1    2.0000        -35.276637
    3   1 1  -1/2   1    2.0000        -30.734495
    3   1 1  -3/2   1    4.0000        -28.871439
    3   2 2  -3/2   1    4.0000        -20.791600
    3   2 2  -5/2   1    6.0000        -20.400029
    4   0 0  -1/2   1    2.0000         -6.002848
    4   1 1  -1/2   1    2.0000         -4.435181
    4   1 1  -3/2   1    4.0000         -4.077371
    4   2 2  -3/2   1    4.0000         -1.565552
    4   2 2  -5/2   1    6.0000         -1.511412
    5   0 0  -1/2   1    2.0000         -0.562264
    5   1 1  -1/2   1    1.3333         -0.245316
    5   1 1  -3/2   1    2.6667         -0.215314
 total energy =   -6.78160865209014E+03 -1.84537065675486E+05
