./ilogA is logfile.
./chgdenNi calculation starts
rmin,rmax=  3.57E-08  3.78E+01
   3081.39308361  -1316.52508808      0.30000000    1
    303.96599086  -1424.40587297      0.30000000    1
    186.69044379  -1479.10013900      0.30000000    1
    110.83165704  -1503.58096627      0.30000000    1
     63.32098612  -1512.85610932      0.30000000    1
     34.87544502  -1515.71820606      0.30000000    1
     18.83595278  -1516.46694815      0.30000000    1
     10.37567698  -1516.68316412      0.30000000    1
      6.07914505  -1516.77079265      0.30000000    1
      3.80784139  -1516.81227064      0.30000000    1
      2.48131137  -1516.83169191      0.30000000    1
      1.64262177  -1516.84041036      0.30000000    1
      1.09343155  -1516.84417804      0.30000000    1
      0.72924754  -1516.84576096      0.30000000    1
      0.48650351  -1516.84641422      0.30000000    1
      0.32436779  -1516.84668150      0.30000000    1
      0.21603968  -1516.84679074      0.30000000    1
      0.14371515  -1516.84683560      0.30000000    1
      0.09548830  -1516.84685418      0.30000000    1
      0.06337570  -1516.84686196      0.30000000    1
      0.04202290  -1516.84686526      0.30000000    1
      0.02784272  -1516.84686669      0.30000000    1
      0.01843618  -1516.84686731      0.30000000    1
      0.01220200  -1516.84686758      0.30000000    1
      0.00807335  -1516.84686771      0.30000000    1
      0.00534065  -1516.84686776      0.30000000    1
      0.00353266  -1516.84686779      0.30000000    1
      0.00233679  -1516.84686780      0.30000000    1
      0.00154592  -1516.84686780      0.30000000    1
      0.00102290  -1516.84686781      0.30000000    1
      0.00067700  -1516.84686781      0.30000000    1
      0.00044821  -1516.84686781      0.30000000    1
      0.00000000  -1516.84686781      1.00000000    2
      0.00000000  -1516.84686781      1.00000000    3
    1   0 0  -1/2   1    2.0000       -300.241210
    2   0 0  -1/2   1    2.0000        -35.921655
    2   1 1  -1/2   1    2.0000        -31.402516
    2   1 1  -3/2   1    4.0000        -30.764229
    3   0 0  -1/2   1    2.0000         -4.050514
    3   1 1  -1/2   1    2.0000         -2.669885
    3   1 1  -3/2   1    4.0000         -2.588573
    3   2 2  -3/2   1    3.2000         -0.342213
    3   2 2  -5/2   1    4.8000         -0.333375
    4   0 0  -1/2   1    2.0000         -0.214943
 total energy =   -1.51684686780986E+03 -4.12755268587212E+04
