line2: Z,NR,R(1),R(NR) /line3,4,...: R(N),RHO*4*PI*R(N)**2
24.00  2000  1.01365245284744E-10  6.00000000000000E+01
 1.014E-10  2.18782353349402E-15
 1.027E-10  2.24702756261762E-15
 1.042E-10  2.30783369401560E-15
 1.056E-10  2.40837182776961E-15
 1.070E-10  2.47354404738742E-15
 1.085E-10  2.54047987267146E-15
 1.100E-10  2.60922702802140E-15
 1.115E-10  2.67983452928990E-15
 1.130E-10  2.75235271873353E-15
 1.145E-10  2.82683330090549E-15
 1.161E-10  2.90332937951990E-15
 1.177E-10  2.98189549531454E-15
 1.193E-10  3.06258766493761E-15
 1.209E-10  3.14546342088676E-15
 1.226E-10  3.23058185252896E-15
 1.242E-10  3.31800364823071E-15
 1.259E-10  3.40779113862809E-15
 1.276E-10  3.50000834106759E-15
 1.294E-10  3.59472100524933E-15
 1.312E-10  3.69199666010665E-15
 1.329E-10  3.79190466195267E-15
 1.348E-10  3.89451624393029E-15
 1.366E-10  3.99990456680129E-15
 1.385E-10  4.10814477110857E-15
 1.404E-10  4.21931403075022E-15
 1.423E-10  4.33349160800389E-15
 1.442E-10  4.45075891004009E-15
 1.462E-10  4.57119954696314E-15
 1.482E-10  4.69489939142563E-15
 1.502E-10  4.82194663985404E-15
 1.523E-10  4.95243187533121E-15
 1.543E-10  5.08644813218161E-15
 1.564E-10  5.22409096230307E-15
 1.586E-10  5.36545850329426E-15
 1.607E-10  5.51065154842614E-15
 1.629E-10  5.65977361850544E-15
 1.652E-10  5.81293103568338E-15
 1.674E-10  5.97023299926382E-15
 1.697E-10  6.13179166355918E-15
 1.720E-10  6.29772221785536E-15
 1.744E-10  6.46814296854123E-15
 1.767E-10  6.64317542345880E-15
 1.792E-10  6.82294437853673E-15
 1.816E-10  7.00757800676804E-15
 1.841E-10  7.19720794959683E-15
 1.866E-10  7.39196941077628E-15
 1.891E-10  7.59200125276683E-15
 1.917E-10  7.79744609574436E-15
 1.943E-10  8.00845041928581E-15
 1.970E-10  8.22516466680680E-15
 1.997E-10  8.44774335282763E-15
 2.024E-10  8.67634517313917E-15
 2.052E-10  8.91113311794941E-15
 2.080E-10  9.15227458809591E-15
 2.108E-10  9.39994151440000E-15
 2.137E-10  9.65431048024963E-15
 2.166E-10  9.91556284750275E-15
 2.196E-10  1.01838848857954E-14
 2.226E-10  1.04594679053497E-14
 2.256E-10  1.07425083933758E-14
 2.287E-10  1.10332081541641E-14
 2.318E-10  1.13317744529697E-14
 2.350E-10  1.16384201637901E-14
 2.382E-10  1.19533639211410E-14
 2.414E-10  1.22768302759408E-14
 2.447E-10  1.26090498556118E-14
 2.481E-10  1.29502595285152E-14
 2.515E-10  1.33007025728343E-14
 2.549E-10  1.36606288500298E-14
 2.584E-10  1.40302949829882E-14
 2.619E-10  1.44099645389884E-14
 2.655E-10  1.47999082176243E-14
 2.691E-10  1.52004040438098E-14
 2.728E-10  1.56117375660064E-14
 2.765E-10  1.60342020598147E-14
 2.803E-10  1.64680987370769E-14
 2.841E-10  1.69137369606402E-14
 2.880E-10  1.73714344649227E-14
 2.919E-10  1.78415175824586E-14
 2.959E-10  1.83243214765679E-14
 2.999E-10  1.88201903803211E-14
 3.040E-10  1.93294778419783E-14
 3.082E-10  1.98525469770592E-14
 3.124E-10  2.03897707272438E-14
 3.166E-10  2.09415321262725E-14
 3.210E-10  2.15082245730461E-14
 3.253E-10  2.20902521121136E-14
 3.298E-10  2.26880297217494E-14
 3.343E-10  2.33019836098311E-14
 3.389E-10  2.39325515177154E-14
 3.435E-10  2.45801830323466E-14
 3.482E-10  2.52453399068054E-14
 3.529E-10  2.59284963895298E-14
 3.577E-10  2.66301395624512E-14
 3.626E-10  2.73507696882796E-14
 3.676E-10  2.80909005671793E-14
 3.726E-10  2.88510599031049E-14
 3.777E-10  2.96317896800490E-14
 3.828E-10  3.04336465484669E-14
 3.881E-10  3.12572022221629E-14
 3.934E-10  3.21030438859148E-14
 3.987E-10  3.29717746141281E-14
 4.042E-10  3.38640138008231E-14
 4.097E-10  3.47803976012526E-14
 4.153E-10  3.57215793854732E-14
 4.210E-10  3.66882302041891E-14
 4.267E-10  3.76810392672042E-14
 4.325E-10  3.87007144348201E-14
 4.384E-10  3.97479827225280E-14
 4.444E-10  4.08235908193678E-14
 4.505E-10  4.19283056203036E-14
 4.566E-10  4.30629147730077E-14
 4.629E-10  4.42282272394485E-14
 4.692E-10  4.54250738726689E-14
 4.756E-10  4.66543080091723E-14
 4.821E-10  4.79168060773409E-14
 4.887E-10  4.92134682223202E-14
 4.953E-10  5.05452189478105E-14
 5.021E-10  5.19130077752205E-14
 5.090E-10  5.33178099206720E-14
 5.159E-10  5.47606269903149E-14
 5.230E-10  5.62424876944570E-14
 5.301E-10  5.77644485810221E-14
 5.373E-10  5.93275947888554E-14
 5.447E-10  6.09330408214143E-14
 5.521E-10  6.25819313413970E-14
 5.596E-10  6.42754419868661E-14
 5.673E-10  6.60147802094719E-14
 5.750E-10  6.78011861353494E-14
 5.829E-10  6.96359334492966E-14
 5.908E-10  7.15203303029172E-14
 5.989E-10  7.34557202473142E-14
 6.071E-10  7.54434831910013E-14
 6.154E-10  7.74850363837843E-14
 6.238E-10  7.95818354272409E-14
 6.323E-10  8.17353753125291E-14
 6.409E-10  8.39471914863097E-14
 6.497E-10  8.62188609455007E-14
 6.585E-10  8.85520033616526E-14
 6.675E-10  9.09482822357559E-14
 6.766E-10  9.34094060842875E-14
 6.859E-10  9.59371296573729E-14
 6.952E-10  9.85332551898995E-14
 7.047E-10  1.01199633686480E-13
 7.144E-10  1.03938166241196E-13
 7.241E-10  1.06750805393060E-13
 7.340E-10  1.09639556518150E-13
 7.440E-10  1.12606479259403E-13
 7.542E-10  1.15653688995142E-13
 7.645E-10  1.18783358347287E-13
 7.749E-10  1.21997718730418E-13
 7.855E-10  1.25299061942747E-13
 7.962E-10  1.28689741800144E-13
 8.071E-10  1.32172175814360E-13
 8.181E-10  1.35748846916698E-13
 8.293E-10  1.39422305228322E-13
 8.406E-10  1.43195169878418E-13
 8.521E-10  1.47070130871658E-13
 8.637E-10  1.51049951006093E-13
 8.755E-10  1.55137467843007E-13
 8.874E-10  1.59335595730078E-13
 8.996E-10  1.63647327879239E-13
 9.118E-10  1.68075738500832E-13
 9.243E-10  1.72623984995459E-13
 9.369E-10  1.77295310205175E-13
 9.497E-10  1.82093044725603E-13
 9.627E-10  1.87020609280588E-13
 9.758E-10  1.92081517161138E-13
 9.891E-10  1.97279376730362E-13
 1.003E-09  2.02617893996181E-13
 1.016E-09  2.08100875253654E-13
 1.030E-09  2.13732229798839E-13
 1.044E-09  2.19515972716054E-13
 1.059E-09  2.25456227740590E-13
 1.073E-09  2.31557230198878E-13
 1.088E-09  2.37823330028229E-13
 1.102E-09  2.44258994878260E-13
 1.118E-09  2.50868813296297E-13
 1.133E-09  2.57657497998964E-13
 1.148E-09  2.64629889232243E-13
 1.164E-09  2.71790958222520E-13
 1.180E-09  2.79145810721064E-13
 1.196E-09  2.86699690644284E-13
 1.212E-09  2.94457983812590E-13
 1.229E-09  3.02426221790492E-13
 1.246E-09  3.10610085830415E-13
 1.263E-09  3.19015410923423E-13
 1.280E-09  3.27648189959527E-13
 1.297E-09  3.36514578000476E-13
 1.315E-09  3.45620896668243E-13
 1.333E-09  3.54973638652303E-13
 1.351E-09  3.64579472338810E-13
 1.370E-09  3.74445246565070E-13
 1.388E-09  3.84577995502672E-13
 1.407E-09  3.94984943672763E-13
 1.426E-09  4.05673511097061E-13
 1.446E-09  4.16651318588214E-13
 1.466E-09  4.27926193183330E-13
 1.486E-09  4.39506173724576E-13
 1.506E-09  4.51399516590769E-13
 1.527E-09  4.63614701584069E-13
 1.547E-09  4.76160437975942E-13
 1.568E-09  4.89045670716786E-13
 1.590E-09  5.02279586813560E-13
 1.612E-09  5.15871621879997E-13
 1.634E-09  5.29831466864084E-13
 1.656E-09  5.44169074957580E-13
 1.679E-09  5.58894668692491E-13
 1.701E-09  5.74018747229635E-13
 1.725E-09  5.89552093844408E-13
 1.748E-09  6.05505783615095E-13
 1.772E-09  6.21891191319282E-13
 1.796E-09  6.38719999543883E-13
 1.821E-09  6.56004207014754E-13
 1.846E-09  6.73756137151598E-13
 1.871E-09  6.91988446854323E-13
 1.896E-09  7.10714135527352E-13
 1.922E-09  7.29946554348023E-13
 1.949E-09  7.49699415785729E-13
 1.975E-09  7.69986803378775E-13
 2.002E-09  7.90823181775794E-13
 2.029E-09  8.12223407048826E-13
 2.057E-09  8.34202737285515E-13
 2.085E-09  8.56776843467848E-13
 2.114E-09  8.79961820645493E-13
 2.143E-09  9.03774199411310E-13
 2.172E-09  9.28230957687366E-13
 2.201E-09  9.53349532830111E-13
 2.232E-09  9.79147834062939E-13
 2.262E-09  1.00564425524518E-12
 2.293E-09  1.03285768798667E-12
 2.324E-09  1.06080753511740E-12
 2.356E-09  1.08951372452124E-12
 2.388E-09  1.11899672334444E-12
 2.421E-09  1.14927755258840E-12
 2.454E-09  1.18037780209721E-12
 2.487E-09  1.21231964595127E-12
 2.521E-09  1.24512585827679E-12
 2.556E-09  1.27881982948360E-12
 2.590E-09  1.31342558294217E-12
 2.626E-09  1.34896779211198E-12
 2.662E-09  1.38547179813339E-12
 2.698E-09  1.42296362789555E-12
 2.735E-09  1.46147001259313E-12
 2.772E-09  1.50101840678544E-12
 2.810E-09  1.54163700797115E-12
 2.848E-09  1.58335477669257E-12
 2.887E-09  1.62620145718446E-12
 2.927E-09  1.67020759858104E-12
 2.967E-09  1.71540457669714E-12
 3.007E-09  1.76182461639879E-12
 3.048E-09  1.80950081457921E-12
 3.090E-09  1.85846716375637E-12
 3.132E-09  1.90875857630909E-12
 3.175E-09  1.96041090936944E-12
 3.218E-09  2.01346099038809E-12
 3.262E-09  2.06794664339183E-12
 3.307E-09  2.12390671595196E-12
 3.352E-09  2.18138110688162E-12
 3.398E-09  2.24041079468334E-12
 3.444E-09  2.30103786676633E-12
 3.491E-09  2.36330554945394E-12
 3.539E-09  2.42725823880360E-12
 3.587E-09  2.49294153226067E-12
 3.636E-09  2.56040226116889E-12
 3.685E-09  2.62968852416028E-12
 3.736E-09  2.70084972144890E-12
 3.787E-09  2.77393659005275E-12
 3.838E-09  2.84900123996851E-12
 3.891E-09  2.92609719132493E-12
 3.944E-09  3.00527941254262E-12
 3.998E-09  3.08660435952523E-12
 4.052E-09  3.17013001591213E-12
 4.108E-09  3.25591593441977E-12
 4.164E-09  3.34402327930189E-12
 4.221E-09  3.43451486995931E-12
 4.278E-09  3.52745522572879E-12
 4.337E-09  3.62291061188484E-12
 4.396E-09  3.72094908688567E-12
 4.456E-09  3.82164055089789E-12
 4.517E-09  3.92505679563515E-12
 4.578E-09  4.03127155554385E-12
 4.641E-09  4.14036056037502E-12
 4.704E-09  4.25240158917907E-12
 4.769E-09  4.36747452576064E-12
 4.834E-09  4.48566141563492E-12
 4.900E-09  4.60704652452514E-12
 4.967E-09  4.73171639844267E-12
 5.034E-09  4.85975992539325E-12
 5.103E-09  4.99126839875310E-12
 5.173E-09  5.12633558235988E-12
 5.243E-09  5.26505777736454E-12
 5.315E-09  5.40753389089334E-12
 5.388E-09  5.55386550656746E-12
 5.461E-09  5.70415695692973E-12
 5.536E-09  5.85851539783343E-12
 5.611E-09  6.01705088484243E-12
 5.688E-09  6.17987645169970E-12
 5.765E-09  6.34710819091815E-12
 5.844E-09  6.51886533655370E-12
 5.924E-09  6.69527034921757E-12
 6.005E-09  6.87644900338829E-12
 6.087E-09  7.06253047708824E-12
 6.170E-09  7.25364744398508E-12
 6.254E-09  7.44993616798620E-12
 6.340E-09  7.65153660039405E-12
 6.426E-09  7.85859247968832E-12
 6.514E-09  8.07125143400969E-12
 6.603E-09  8.28966508641803E-12
 6.693E-09  8.51398916299595E-12
 6.784E-09  8.74438360387991E-12
 6.877E-09  8.98101267729601E-12
 6.971E-09  9.22404509667975E-12
 7.066E-09  9.47365414096740E-12
 7.162E-09  9.73001777814157E-12
 7.260E-09  9.99331879211897E-12
 7.359E-09  1.02637449130739E-11
 7.460E-09  1.05414889512863E-11
 7.562E-09  1.08267489346145E-11
 7.665E-09  1.11197282496844E-11
 7.770E-09  1.14206357869020E-11
 7.876E-09  1.17296860893904E-11
 7.983E-09  1.20470995059547E-11
 8.092E-09  1.23731023481884E-11
 8.203E-09  1.27079270518302E-11
 8.315E-09  1.30518123424873E-11
 8.428E-09  1.34050034058440E-11
 8.543E-09  1.37677520624754E-11
 8.660E-09  1.41403169473925E-11
 8.778E-09  1.45229636944430E-11
 8.898E-09  1.49159651257086E-11
 9.019E-09  1.53196014460204E-11
 9.142E-09  1.57341604427410E-11
 9.267E-09  1.61599376909535E-11
 9.394E-09  1.65972367642035E-11
 9.522E-09  1.70463694509417E-11
 9.652E-09  1.75076559768243E-11
 9.784E-09  1.79814252330304E-11
 9.917E-09  1.84680150107558E-11
 1.005E-08  1.89677722420544E-11
 1.019E-08  1.94810532471947E-11
 1.033E-08  2.00082239887116E-11
 1.047E-08  2.05496603323337E-11
 1.061E-08  2.11057483149704E-11
 1.076E-08  2.16768844199456E-11
 1.090E-08  2.22634758596904E-11
 1.105E-08  2.28659408660799E-11
 1.120E-08  2.34847089886220E-11
 1.136E-08  2.41202214007246E-11
 1.151E-08  2.47729312142435E-11
 1.167E-08  2.54433038025451E-11
 1.183E-08  2.61318171323110E-11
 1.199E-08  2.68389621043205E-11
 1.215E-08  2.75652429034591E-11
 1.232E-08  2.83111773581919E-11
 1.249E-08  2.90772973097676E-11
 1.266E-08  2.98641489914149E-11
 1.283E-08  3.06722934177990E-11
 1.301E-08  3.15023067850171E-11
 1.318E-08  3.23547808814173E-11
 1.336E-08  3.32303235095330E-11
 1.355E-08  3.41295589194434E-11
 1.373E-08  3.50531282538470E-11
 1.392E-08  3.60016900051901E-11
 1.411E-08  3.69759204851682E-11
 1.430E-08  3.79765143069129E-11
 1.450E-08  3.90041848802538E-11
 1.470E-08  4.00596649203665E-11
 1.490E-08  4.11437069701791E-11
 1.510E-08  4.22570839369355E-11
 1.531E-08  4.34005896432587E-11
 1.551E-08  4.45750393931387E-11
 1.573E-08  4.57812705532331E-11
 1.594E-08  4.70201431498900E-11
 1.616E-08  4.82925404823414E-11
 1.638E-08  4.95993697524818E-11
 1.660E-08  5.09415627116858E-11
 1.683E-08  5.23200763251336E-11
 1.706E-08  5.37358934541126E-11
 1.729E-08  5.51900235567857E-11
 1.753E-08  5.66835034079198E-11
 1.777E-08  5.82173978380823E-11
 1.801E-08  5.97928004928567E-11
 1.826E-08  6.14108346125977E-11
 1.851E-08  6.30726538332803E-11
 1.876E-08  6.47794430090173E-11
 1.901E-08  6.65324190568539E-11
 1.927E-08  6.83328318244073E-11
 1.954E-08  7.01819649809886E-11
 1.980E-08  7.20811369328347E-11
 2.007E-08  7.40317017631125E-11
 2.035E-08  7.60350501973697E-11
 2.063E-08  7.80926105950822E-11
 2.091E-08  8.02058499680722E-11
 2.119E-08  8.23762750264488E-11
 2.148E-08  8.46054332528742E-11
 2.178E-08  8.68949140058987E-11
 2.207E-08  8.92463496531350E-11
 2.237E-08  9.16614167351347E-11
 2.268E-08  9.41418371607092E-11
 2.299E-08  9.66893794346268E-11
 2.330E-08  9.93058599185538E-11
 2.362E-08  1.01993144126058E-10
 2.394E-08  1.04753148052711E-10
 2.427E-08  1.07587839542160E-10
 2.460E-08  1.10499239689150E-10
 2.494E-08  1.13489424280559E-10
 2.528E-08  1.16560525275388E-10
 2.562E-08  1.19714732324802E-10
 2.597E-08  1.22954294333334E-10
 2.633E-08  1.26281521062301E-10
 2.669E-08  1.29698784776639E-10
 2.705E-08  1.33208521936286E-10
 2.742E-08  1.36813234933324E-10
 2.779E-08  1.40515493876164E-10
 2.817E-08  1.44317938421974E-10
 2.856E-08  1.48223279658716E-10
 2.895E-08  1.52234302038111E-10
 2.934E-08  1.56353865360900E-10
 2.974E-08  1.60584906815827E-10
 3.015E-08  1.64930443073821E-10
 3.056E-08  1.69393572438825E-10
 3.098E-08  1.73977477056814E-10
 3.140E-08  1.78685425184656E-10
 3.183E-08  1.83520773520276E-10
 3.227E-08  1.88486969595933E-10
 3.271E-08  1.93587554236287E-10
 3.315E-08  1.98826164082894E-10
 3.361E-08  2.04206534187102E-10
 3.406E-08  2.09732500673077E-10
 3.453E-08  2.15408003472861E-10
 3.500E-08  2.21237089135514E-10
 3.548E-08  2.27223913712200E-10
 3.596E-08  2.33372745719398E-10
 3.645E-08  2.39687969182263E-10
 3.695E-08  2.46174086760370E-10
 3.746E-08  2.52835722958036E-10
 3.797E-08  2.59677627421454E-10
 3.849E-08  2.66704678325190E-10
 3.901E-08  2.73921885850169E-10
 3.954E-08  2.81334395755843E-10
 4.008E-08  2.88947493049076E-10
 4.063E-08  2.96766605752203E-10
 4.119E-08  3.04797308773127E-10
 4.175E-08  3.13045327880133E-10
 4.232E-08  3.21516543784220E-10
 4.290E-08  3.30216996331993E-10
 4.348E-08  3.39152888811919E-10
 4.408E-08  3.48330592377145E-10
 4.468E-08  3.57756650588061E-10
 4.529E-08  3.67437784077653E-10
 4.591E-08  3.77380895343273E-10
 4.653E-08  3.87593073667920E-10
 4.717E-08  3.98081600174793E-10
 4.781E-08  4.08853953018594E-10
 4.846E-08  4.19917812717268E-10
 4.913E-08  4.31281067628120E-10
 4.980E-08  4.42951819571972E-10
 5.048E-08  4.54938389609701E-10
 5.117E-08  4.67249323974924E-10
 5.186E-08  4.79893400167284E-10
 5.257E-08  4.92879633210681E-10
 5.329E-08  5.06217282080763E-10
 5.402E-08  5.19915856306382E-10
 5.475E-08  5.33985122749715E-10
 5.550E-08  5.48435112569844E-10
 5.626E-08  5.63276128374688E-10
 5.703E-08  5.78518751566679E-10
 5.781E-08  5.94173849886974E-10
 5.860E-08  6.10252585163939E-10
 5.940E-08  6.26766421271347E-10
 6.021E-08  6.43727132301828E-10
 6.103E-08  6.61146810961535E-10
 6.186E-08  6.79037877192069E-10
 6.271E-08  6.97413087025514E-10
 6.356E-08  7.16285541679262E-10
 6.443E-08  7.35668696896947E-10
 6.531E-08  7.55576372541986E-10
 6.620E-08  7.76022762450889E-10
 6.711E-08  7.97022444553175E-10
 6.802E-08  8.18590391265110E-10
 6.895E-08  8.40741980164617E-10
 6.989E-08  8.63493004955153E-10
 7.085E-08  8.86859686726431E-10
 7.181E-08  9.10858685519494E-10
 7.279E-08  9.35507112204909E-10
 7.379E-08  9.60822540682679E-10
 7.479E-08  9.86823020411709E-10
 7.582E-08  1.01352708927885E-09
 7.685E-08  1.04095378681595E-09
 7.790E-08  1.06912266777445E-09
 7.896E-08  1.09805381606760E-09
 8.004E-08  1.12776785908976E-09
 8.113E-08  1.15828598242313E-09
 8.224E-08  1.18962994494282E-09
 8.336E-08  1.22182209433008E-09
 8.450E-08  1.25488538300581E-09
 8.566E-08  1.28884338449502E-09
 8.683E-08  1.32372031023414E-09
 8.801E-08  1.35954102683322E-09
 8.921E-08  1.39633107380518E-09
 9.043E-08  1.43411668177480E-09
 9.167E-08  1.47292479118040E-09
 9.292E-08  1.51278307148186E-09
 9.419E-08  1.55371994088799E-09
 9.547E-08  1.59576458661818E-09
 9.677E-08  1.63894698571194E-09
 9.810E-08  1.68329792640191E-09
 9.944E-08  1.72884903006482E-09
 1.008E-07  1.77563277376677E-09
 1.022E-07  1.82368251341862E-09
 1.036E-07  1.87303250755764E-09
 1.050E-07  1.92371794177296E-09
 1.064E-07  1.97577495379177E-09
 1.079E-07  2.02924065924495E-09
 1.093E-07  2.08415317812899E-09
 1.108E-07  2.14055166198452E-09
 1.123E-07  2.19847632181055E-09
 1.139E-07  2.25796845673336E-09
 1.154E-07  2.31907048345185E-09
 1.170E-07  2.38182596647919E-09
 1.186E-07  2.44627964920308E-09
 1.202E-07  2.51247748578666E-09
 1.219E-07  2.58046667393204E-09
 1.235E-07  2.65029568853106E-09
 1.252E-07  2.72201431622660E-09
 1.269E-07  2.79567369090825E-09
 1.287E-07  2.87132633016987E-09
 1.304E-07  2.94902617275306E-09
 1.322E-07  3.02882861700277E-09
 1.340E-07  3.11079056036563E-09
 1.358E-07  3.19497043995554E-09
 1.377E-07  3.28142827421737E-09
 1.396E-07  3.37022570571838E-09
 1.415E-07  3.46142604509698E-09
 1.434E-07  3.55509431620161E-09
 1.454E-07  3.65129730245008E-09
 1.473E-07  3.75010359444410E-09
 1.494E-07  3.85158363887208E-09
 1.514E-07  3.95580978873503E-09
 1.535E-07  4.06285635493183E-09
 1.556E-07  4.17279965924017E-09
 1.577E-07  4.28571808873161E-09
 1.598E-07  4.40169215165830E-09
 1.620E-07  4.52080453485285E-09
 1.642E-07  4.64314016268108E-09
 1.665E-07  4.76878625758933E-09
 1.687E-07  4.89783240229151E-09
 1.710E-07  5.03037060363806E-09
 1.734E-07  5.16649535821321E-09
 1.757E-07  5.30630371970791E-09
 1.781E-07  5.44989536811443E-09
 1.806E-07  5.59737268079517E-09
 1.830E-07  5.74884080547392E-09
 1.855E-07  5.90440773520115E-09
 1.881E-07  6.06418438534921E-09
 1.906E-07  6.22828467269107E-09
 1.932E-07  6.39682559661720E-09
 1.959E-07  6.56992732255215E-09
 1.986E-07  6.74771326762748E-09
 2.013E-07  6.93031018867297E-09
 2.040E-07  7.11784827258887E-09
 2.068E-07  7.31046122916336E-09
 2.096E-07  7.50828638640230E-09
 2.125E-07  7.71146478843798E-09
 2.154E-07  7.92014129608744E-09
 2.183E-07  8.13446469013167E-09
 2.213E-07  8.35458777738986E-09
 2.243E-07  8.58066749966420E-09
 2.274E-07  8.81286504563118E-09
 2.305E-07  9.05134596576253E-09
 2.336E-07  9.29628029035481E-09
 2.368E-07  9.54784265075238E-09
 2.401E-07  9.80621240385356E-09
 2.433E-07  1.00715737599813E-08
 2.467E-07  1.03441159142156E-08
 2.500E-07  1.06240331812829E-08
 2.534E-07  1.09115251340918E-08
 2.569E-07  1.12067967460182E-08
 2.604E-07  1.15100585370405E-08
 2.640E-07  1.18215267238312E-08
 2.676E-07  1.21414233739087E-08
 2.712E-07  1.24699765639566E-08
 2.749E-07  1.28074205424336E-08
 2.787E-07  1.31539958965798E-08
 2.825E-07  1.35099497239410E-08
 2.863E-07  1.38755358085379E-08
 2.903E-07  1.42510148017989E-08
 2.942E-07  1.46366544083907E-08
 2.982E-07  1.50327295770767E-08
 3.023E-07  1.54395226967399E-08
 3.064E-07  1.58573237977107E-08
 3.106E-07  1.62864307585402E-08
 3.149E-07  1.67271495183724E-08
 3.192E-07  1.71797942950600E-08
 3.235E-07  1.76446878091820E-08
 3.279E-07  1.81221615141267E-08
 3.324E-07  1.86125558323946E-08
 3.369E-07  1.91162203983007E-08
 3.415E-07  1.96335143072432E-08
 3.462E-07  2.01648063717136E-08
 3.509E-07  2.07104753842375E-08
 3.557E-07  2.12709103874292E-08
 3.606E-07  2.18465109513552E-08
 3.655E-07  2.24376874584019E-08
 3.705E-07  2.30448613958466E-08
 3.756E-07  2.36684656563547E-08
 3.807E-07  2.43089448466026E-08
 3.859E-07  2.49667556042478E-08
 3.911E-07  2.56423669234834E-08
 3.965E-07  2.63362604893987E-08
 4.019E-07  2.70489310213836E-08
 4.074E-07  2.77808866258305E-08
 4.129E-07  2.85326491583780E-08
 4.186E-07  2.93047545959511E-08
 4.243E-07  3.00977534188806E-08
 4.301E-07  3.09122110033488E-08
 4.360E-07  3.17487080244611E-08
 4.419E-07  3.26078408702247E-08
 4.479E-07  3.34902220667240E-08
 4.541E-07  3.43964807148065E-08
 4.603E-07  3.53272629385821E-08
 4.665E-07  3.62832323460567E-08
 4.729E-07  3.72650705022304E-08
 4.794E-07  3.82734774149967E-08
 4.859E-07  3.93091720341944E-08
 4.926E-07  4.03728927641552E-08
 4.993E-07  4.14653979901235E-08
 5.061E-07  4.25874666189219E-08
 5.130E-07  4.37398986342427E-08
 5.200E-07  4.49235156669653E-08
 5.271E-07  4.61391615809078E-08
 5.343E-07  4.73877030744233E-08
 5.416E-07  4.86700302982820E-08
 5.490E-07  4.99870574902657E-08
 5.565E-07  5.13397236269257E-08
 5.641E-07  5.27289930929999E-08
 5.718E-07  5.41558563689160E-08
 5.796E-07  5.56213307369062E-08
 5.875E-07  5.71264610062436E-08
 5.955E-07  5.86723202580748E-08
 6.037E-07  6.02600106104308E-08
 6.119E-07  6.18906640039148E-08
 6.202E-07  6.35654430086619E-08
 6.287E-07  6.52855416531455E-08
 6.373E-07  6.70521862753772E-08
 6.460E-07  6.88666363971607E-08
 6.548E-07  7.07301856220007E-08
 6.638E-07  7.26441625573015E-08
 6.728E-07  7.46099317615067E-08
 6.820E-07  7.66288947168939E-08
 6.913E-07  7.87024908286664E-08
 7.008E-07  8.08321984510799E-08
 7.103E-07  8.30195359413460E-08
 7.200E-07  8.52660627420448E-08
 7.298E-07  8.75733804928171E-08
 7.398E-07  8.99431341721432E-08
 7.499E-07  9.23770132700225E-08
 7.602E-07  9.48767529923570E-08
 7.705E-07  9.74441354979545E-08
 7.811E-07  1.00080991168978E-07
 7.917E-07  1.02789199915761E-07
 8.025E-07  1.05570692516968E-07
 8.135E-07  1.08427451995978E-07
 8.246E-07  1.11361515034504E-07
 8.358E-07  1.14374973424498E-07
 8.473E-07  1.17469975559302E-07
 8.588E-07  1.20648727965167E-07
 8.705E-07  1.23913496874194E-07
 8.824E-07  1.27266609839836E-07
 8.945E-07  1.30710457396133E-07
 9.067E-07  1.34247494761798E-07
 9.191E-07  1.37880243590432E-07
 9.316E-07  1.41611293768120E-07
 9.443E-07  1.45443305259602E-07
 9.572E-07  1.49379010004429E-07
 9.703E-07  1.53421213864439E-07
 9.835E-07  1.57572798623886E-07
 9.970E-07  1.61836724043706E-07
 1.011E-06  1.66216029971346E-07
 1.024E-06  1.70713838507713E-07
 1.038E-06  1.75333356232694E-07
 1.053E-06  1.80077876490944E-07
 1.067E-06  1.84950781739476E-07
 1.081E-06  1.89955545958778E-07
 1.096E-06  1.95095737129197E-07
 1.111E-06  2.00375019774244E-07
 1.126E-06  2.05797157572797E-07
 1.142E-06  2.11366016041917E-07
 1.157E-06  2.17085565292267E-07
 1.173E-06  2.22959882858088E-07
 1.189E-06  2.28993156603723E-07
 1.205E-06  2.35189687708768E-07
 1.222E-06  2.41553893734031E-07
 1.239E-06  2.48090311770373E-07
 1.255E-06  2.54803601672785E-07
 1.273E-06  2.61698549381978E-07
 1.290E-06  2.68780070335747E-07
 1.308E-06  2.76053212972731E-07
 1.325E-06  2.83523162330941E-07
 1.344E-06  2.91195243743551E-07
 1.362E-06  2.99074926634796E-07
 1.380E-06  3.07167828418496E-07
 1.399E-06  3.15479718502070E-07
 1.418E-06  3.24016522398876E-07
 1.438E-06  3.32784325951766E-07
 1.457E-06  3.41789379670974E-07
 1.477E-06  3.51038103189281E-07
 1.497E-06  3.60537089837768E-07
 1.518E-06  3.70293111345325E-07
 1.539E-06  3.80313122665292E-07
 1.560E-06  3.90604266932717E-07
 1.581E-06  4.01173880555630E-07
 1.603E-06  4.12029498444166E-07
 1.624E-06  4.23178859381102E-07
 1.647E-06  4.34629911537591E-07
 1.669E-06  4.46390818138262E-07
 1.692E-06  4.58469963279500E-07
 1.715E-06  4.70875957905092E-07
 1.738E-06  4.83617645943569E-07
 1.762E-06  4.96704110611563E-07
 1.786E-06  5.10144680887687E-07
 1.811E-06  5.23948938161532E-07
 1.835E-06  5.38126723062550E-07
 1.860E-06  5.52688142473636E-07
 1.886E-06  5.67643576734450E-07
 1.911E-06  5.83003687039654E-07
 1.938E-06  5.98779423037144E-07
 1.964E-06  6.14982030631948E-07
 1.991E-06  6.31623060001190E-07
 2.018E-06  6.48714373825844E-07
 2.046E-06  6.66268155745120E-07
 2.073E-06  6.84296919039697E-07
 2.102E-06  7.02813515549642E-07
 2.130E-06  7.21831144833660E-07
 2.160E-06  7.41363363576194E-07
 2.189E-06  7.61424095248779E-07
 2.219E-06  7.82027640032817E-07
 2.249E-06  8.03188685010845E-07
 2.280E-06  8.24922314633506E-07
 2.311E-06  8.47244021469279E-07
 2.343E-06  8.70169717245370E-07
 2.375E-06  8.93715744187257E-07
 2.407E-06  9.17898886664532E-07
 2.440E-06  9.42736383152198E-07
 2.473E-06  9.68245938515351E-07
 2.507E-06  9.94445736625958E-07
 2.541E-06  1.02135445332127E-06
 2.576E-06  1.04899126971230E-06
 2.611E-06  1.07737588585252E-06
 2.647E-06  1.10652853477634E-06
 2.683E-06  1.13646999691711E-06
 2.719E-06  1.16722161491501E-06
 2.757E-06  1.19880530882571E-06
 2.794E-06  1.23124359174029E-06
 2.832E-06  1.26455958582746E-06
 2.871E-06  1.29877703880976E-06
 2.910E-06  1.33392034088555E-06
 2.950E-06  1.37001454210849E-06
 2.990E-06  1.40708537023686E-06
 3.031E-06  1.44515924906624E-06
 3.072E-06  1.48426331725722E-06
 3.114E-06  1.52442544767302E-06
 3.157E-06  1.56567426723966E-06
 3.200E-06  1.60803917734318E-06
 3.244E-06  1.65155037477909E-06
 3.288E-06  1.69623887326762E-06
 3.333E-06  1.74213652555118E-06
 3.378E-06  1.78927604608969E-06
 3.424E-06  1.83769103436910E-06
 3.471E-06  1.88741599884053E-06
 3.519E-06  1.93848638150733E-06
 3.567E-06  1.99093858317579E-06
 3.615E-06  2.04480998938970E-06
 3.665E-06  2.10013899706650E-06
 3.715E-06  2.15696504185234E-06
 3.765E-06  2.21532862621819E-06
 3.817E-06  2.27527134831544E-06
 3.869E-06  2.33683593161113E-06
 3.922E-06  2.40006625532549E-06
 3.975E-06  2.46500738569167E-06
 4.030E-06  2.53170560806132E-06
 4.085E-06  2.60020845987834E-06
 4.140E-06  2.67056476454352E-06
 4.197E-06  2.74282466619618E-06
 4.254E-06  2.81703966543484E-06
 4.312E-06  2.89326265600448E-06
 4.371E-06  2.97154796247592E-06
 4.431E-06  3.05195137894380E-06
 4.491E-06  3.13453020877065E-06
 4.553E-06  3.21934330540580E-06
 4.615E-06  3.30645111430817E-06
 4.678E-06  3.39591571600175E-06
 4.742E-06  3.48780087029624E-06
 4.806E-06  3.58217206170235E-06
 4.872E-06  3.67909654607561E-06
 4.938E-06  3.77864339852083E-06
 5.006E-06  3.88088356259126E-06
 5.074E-06  3.98588990081953E-06
 5.144E-06  4.09373724661296E-06
 5.214E-06  4.20450245755180E-06
 5.285E-06  4.31826447013051E-06
 5.357E-06  4.43510435597641E-06
 5.430E-06  4.55510537958877E-06
 5.504E-06  4.67835305764007E-06
 5.579E-06  4.80493521987882E-06
 5.656E-06  4.93494207167943E-06
 5.733E-06  5.06846625828270E-06
 5.811E-06  5.20560293077256E-06
 5.890E-06  5.34644981383771E-06
 5.971E-06  5.49110727536271E-06
 6.052E-06  5.63967839790130E-06
 6.135E-06  5.79226905208221E-06
 6.219E-06  5.94898797199771E-06
 6.304E-06  6.10994683263140E-06
 6.390E-06  6.27526032937688E-06
 6.477E-06  6.44504625970832E-06
 6.565E-06  6.61942560705549E-06
 6.655E-06  6.79852262694697E-06
 6.746E-06  6.98246493548275E-06
 6.838E-06  7.17138360019606E-06
 6.931E-06  7.36541323337183E-06
 7.026E-06  7.56469208788659E-06
 7.122E-06  7.76936215563898E-06
 7.219E-06  7.97956926863987E-06
 7.318E-06  8.19546320283547E-06
 7.418E-06  8.41719778473339E-06
 7.519E-06  8.64493100091314E-06
 7.622E-06  8.87882511049440E-06
 7.726E-06  9.11904676064416E-06
 7.831E-06  9.36576710520645E-06
 7.938E-06  9.61916192653448E-06
 8.046E-06  9.87941176061934E-06
 8.156E-06  1.01467020255957E-05
 8.268E-06  1.04212231537209E-05
 8.380E-06  1.07031707269212E-05
 8.495E-06  1.09927456159979E-05
 8.611E-06  1.12901541235965E-05
 8.728E-06  1.15956081310375E-05
 8.848E-06  1.19093252491143E-05
 8.968E-06  1.22315289729645E-05
 9.091E-06  1.25624488411257E-05
 9.215E-06  1.29023205988884E-05
 9.341E-06  1.32513863660603E-05
 9.468E-06  1.36098948092641E-05
 9.597E-06  1.39781013188895E-05
 9.729E-06  1.43562681908217E-05
 9.861E-06  1.47446648130839E-05
 9.996E-06  1.51435678575168E-05
 1.013E-05  1.55532614766380E-05
 1.027E-05  1.59740375058174E-05
 1.041E-05  1.64061956709111E-05
 1.055E-05  1.68500438015082E-05
 1.070E-05  1.73058980499316E-05
 1.084E-05  1.77740831161549E-05
 1.099E-05  1.82549324787938E-05
 1.114E-05  1.87487886323363E-05
 1.129E-05  1.92560033307781E-05
 1.145E-05  1.97769378378345E-05
 1.160E-05  2.03119631839129E-05
 1.176E-05  2.08614604300219E-05
 1.192E-05  2.14258209388065E-05
 1.209E-05  2.20054466529008E-05
 1.225E-05  2.26007503807955E-05
 1.242E-05  2.32121560904254E-05
 1.259E-05  2.38400992106821E-05
 1.276E-05  2.44850269410660E-05
 1.293E-05  2.51473985696974E-05
 1.311E-05  2.58276857999134E-05
 1.329E-05  2.65263730856809E-05
 1.347E-05  2.72439579760645E-05
 1.365E-05  2.79809514689841E-05
 1.384E-05  2.87378783745356E-05
 1.403E-05  2.95152776881073E-05
 1.422E-05  3.03137029735656E-05
 1.442E-05  3.11337227567925E-05
 1.461E-05  3.19759209298284E-05
 1.481E-05  3.28408971659359E-05
 1.501E-05  3.37292673458564E-05
 1.522E-05  3.46416639955698E-05
 1.543E-05  3.55787367358690E-05
 1.564E-05  3.65411527440575E-05
 1.585E-05  3.75295972281168E-05
 1.607E-05  3.85447739136601E-05
 1.629E-05  3.95874055440152E-05
 1.651E-05  4.06582343938127E-05
 1.673E-05  4.17580227964237E-05
 1.696E-05  4.28875536856232E-05
 1.719E-05  4.40476311518638E-05
 1.743E-05  4.52390810135617E-05
 1.767E-05  4.64627514037792E-05
 1.791E-05  4.77195133727432E-05
 1.815E-05  4.90102615066086E-05
 1.840E-05  5.03359145628988E-05
 1.865E-05  5.16974161230989E-05
 1.891E-05  5.30957352628381E-05
 1.916E-05  5.45318672401431E-05
 1.943E-05  5.60068342022457E-05
 1.969E-05  5.75216859114557E-05
 1.996E-05  5.90775004906015E-05
 2.023E-05  6.06753851885572E-05
 2.051E-05  6.23164771664207E-05
 2.079E-05  6.40019443048793E-05
 2.107E-05  6.57329860333287E-05
 2.136E-05  6.75108341813546E-05
 2.165E-05  6.93367538531551E-05
 2.195E-05  7.12120443255234E-05
 2.225E-05  7.31380399700481E-05
 2.255E-05  7.51161112001429E-05
 2.286E-05  7.71476654436158E-05
 2.317E-05  7.92341481414223E-05
 2.349E-05  8.13770437733399E-05
 2.381E-05  8.35778769112869E-05
 2.413E-05  8.58382133009905E-05
 2.446E-05  8.81596609728107E-05
 2.480E-05  9.05438713824806E-05
 2.514E-05  9.29925405825759E-05
 2.548E-05  9.55074104255251E-05
 2.583E-05  9.80902697990332E-05
 2.618E-05  1.00742955894758E-04
 2.654E-05  1.03467355511160E-04
 2.690E-05  1.06265406391428E-04
 2.727E-05  1.09139098597427E-04
 2.764E-05  1.12090475920633E-04
 2.802E-05  1.15121637331051E-04
 2.840E-05  1.18234738465148E-04
 2.879E-05  1.21431993153810E-04
 2.918E-05  1.24715674991435E-04
 2.958E-05  1.28088118947274E-04
 2.998E-05  1.31551723020078E-04
 3.039E-05  1.35108949937339E-04
 3.080E-05  1.38762328900206E-04
 3.123E-05  1.42514457375325E-04
 3.165E-05  1.46368002934958E-04
 3.208E-05  1.50325705146526E-04
 3.252E-05  1.54390377513000E-04
 3.297E-05  1.58564909465496E-04
 3.342E-05  1.62852268409434E-04
 3.387E-05  1.67255501825728E-04
 3.433E-05  1.71777739428473E-04
 3.480E-05  1.76422195380637E-04
 3.528E-05  1.81192170569317E-04
 3.576E-05  1.86091054942170E-04
 3.625E-05  1.91122329906639E-04
 3.674E-05  1.96289570793635E-04
 3.724E-05  2.01596449387453E-04
 3.775E-05  2.07046736523673E-04
 3.827E-05  2.12644304756832E-04
 3.879E-05  2.18393131099795E-04
 3.932E-05  2.24297299836691E-04
 3.986E-05  2.30361005411427E-04
 4.040E-05  2.36588555393740E-04
 4.095E-05  2.42984373524943E-04
 4.151E-05  2.49553002845437E-04
 4.208E-05  2.56299108906187E-04
 4.265E-05  2.63227483066446E-04
 4.324E-05  2.70343045879902E-04
 4.383E-05  2.77650850571854E-04
 4.442E-05  2.85156086609598E-04
 4.503E-05  2.92864083368644E-04
 4.565E-05  3.00780313897320E-04
 4.627E-05  3.08910398782343E-04
 4.690E-05  3.17260110118122E-04
 4.754E-05  3.25835375582466E-04
 4.819E-05  3.34642282621627E-04
 4.885E-05  3.43687082747580E-04
 4.951E-05  3.52976195950461E-04
 5.019E-05  3.62516215229354E-04
 5.088E-05  3.72313911244491E-04
 5.157E-05  3.82376237094104E-04
 5.227E-05  3.92710333219348E-04
 5.299E-05  4.03323532440599E-04
 5.371E-05  4.14223365128662E-04
 5.445E-05  4.25417564514546E-04
 5.519E-05  4.36914072141368E-04
 5.594E-05  4.48721043462362E-04
 5.671E-05  4.60846853588666E-04
 5.748E-05  4.73300103190965E-04
 5.826E-05  4.86089624559284E-04
 5.906E-05  4.99224487824694E-04
 5.987E-05  5.12714007347670E-04
 6.068E-05  5.26567748277421E-04
 6.151E-05  5.40795533286410E-04
 6.235E-05  5.55407449485301E-04
 6.320E-05  5.70413855522627E-04
 6.407E-05  5.85825388874362E-04
 6.494E-05  6.01652973328376E-04
 6.583E-05  6.17907826668759E-04
 6.673E-05  6.34601468565782E-04
 6.764E-05  6.51745728676439E-04
 6.856E-05  6.69352754961486E-04
 6.950E-05  6.87435022224596E-04
 7.045E-05  7.06005340879512E-04
 7.141E-05  7.25076865951360E-04
 7.238E-05  7.44663106318138E-04
 7.337E-05  7.64777934198969E-04
 7.437E-05  7.85435594895488E-04
 7.539E-05  8.06650716793021E-04
 7.642E-05  8.28438321628676E-04
 7.746E-05  8.50813835033317E-04
 7.852E-05  8.73793097354321E-04
 7.959E-05  8.97392374767081E-04
 8.068E-05  9.21628370682743E-04
 8.178E-05  9.46518237459646E-04
 8.289E-05  9.72079588426873E-04
 8.403E-05  9.98330510228128E-04
 8.517E-05  1.02528957549421E-03
 8.634E-05  1.05297585585290E-03
 8.751E-05  1.08140893528504E-03
 8.871E-05  1.11060892383622E-03
 8.992E-05  1.14059647169311E-03
 9.115E-05  1.17139278363418E-03
 9.239E-05  1.20301963386473E-03
 9.365E-05  1.23549938124633E-03
 9.493E-05  1.26885498493102E-03
 9.623E-05  1.30311002041087E-03
 9.754E-05  1.33828869599398E-03
 9.887E-05  1.37441586971802E-03
 1.002E-04  1.41151706671284E-03
 1.016E-04  1.44961849702395E-03
 1.030E-04  1.48874707390899E-03
 1.044E-04  1.52893043261953E-03
 1.058E-04  1.57019694968124E-03
 1.073E-04  1.61257576268474E-03
 1.087E-04  1.65609679060181E-03
 1.102E-04  1.70079075463935E-03
 1.117E-04  1.74668919964582E-03
 1.132E-04  1.79382451608508E-03
 1.148E-04  1.84222996259162E-03
 1.163E-04  1.89193968912274E-03
 1.179E-04  1.94298876072348E-03
 1.195E-04  1.99541318192014E-03
 1.212E-04  2.04924992175875E-03
 1.228E-04  2.10453693950541E-03
 1.245E-04  2.16131321102584E-03
 1.262E-04  2.21961875586162E-03
 1.279E-04  2.27949466502166E-03
 1.297E-04  2.34098312950727E-03
 1.314E-04  2.40412746958952E-03
 1.332E-04  2.46897216485960E-03
 1.351E-04  2.53556288507129E-03
 1.369E-04  2.60394652179632E-03
 1.388E-04  2.67417122091415E-03
 1.407E-04  2.74628641595722E-03
 1.426E-04  2.82034286233460E-03
 1.445E-04  2.89639267245593E-03
 1.465E-04  2.97448935177992E-03
 1.485E-04  3.05468783581067E-03
 1.505E-04  3.13704452806653E-03
 1.526E-04  3.22161733904705E-03
 1.547E-04  3.30846572622297E-03
 1.568E-04  3.39765073507660E-03
 1.589E-04  3.48923504121908E-03
 1.611E-04  3.58328299361239E-03
 1.633E-04  3.67986065892540E-03
 1.655E-04  3.77903586705139E-03
 1.678E-04  3.88087825781866E-03
 1.701E-04  3.98545932892477E-03
 1.724E-04  4.09285248512437E-03
 1.748E-04  4.20313308870441E-03
 1.771E-04  4.31637851127936E-03
 1.796E-04  4.43266818693938E-03
 1.820E-04  4.55208366678753E-03
 1.845E-04  4.67470867490143E-03
 1.870E-04  4.80062916575347E-03
 1.896E-04  4.92993338313044E-03
 1.922E-04  5.06271192058836E-03
 1.948E-04  5.19905778348220E-03
 1.974E-04  5.33906645261194E-03
 2.001E-04  5.48283594952362E-03
 2.029E-04  5.63046690350982E-03
 2.056E-04  5.78206262035209E-03
 2.084E-04  5.93772915284880E-03
 2.113E-04  6.09757537317476E-03
 2.142E-04  6.26171304711859E-03
 2.171E-04  6.43025691024501E-03
 2.201E-04  6.60332474603170E-03
 2.231E-04  6.78103746603026E-03
 2.261E-04  6.96351919210119E-03
 2.292E-04  7.15089734077779E-03
 2.323E-04  7.34330270981032E-03
 2.355E-04  7.54086956694515E-03
 2.387E-04  7.74373574099827E-03
 2.420E-04  7.95204271527625E-03
 2.453E-04  8.16593572340797E-03
 2.486E-04  8.38556384764363E-03
 2.520E-04  8.61108011968484E-03
 2.555E-04  8.84264162411105E-03
 2.589E-04  9.08040960446100E-03
 2.625E-04  9.32454957204257E-03
 2.661E-04  9.57523141753492E-03
 2.697E-04  9.83262952545200E-03
 2.734E-04  1.00969228915410E-02
 2.771E-04  1.03682952431864E-02
 2.809E-04  1.06469351628962E-02
 2.847E-04  1.09330362149432E-02
 2.886E-04  1.12267970752443E-02
 2.926E-04  1.15284216645521E-02
 2.965E-04  1.18381192850441E-02
 3.006E-04  1.21561047603936E-02
 3.047E-04  1.24825985794035E-02
 3.089E-04  1.28178270432958E-02
 3.131E-04  1.31620224167426E-02
 3.174E-04  1.35154230827310E-02
 3.217E-04  1.38782737013565E-02
 3.261E-04  1.42508253726402E-02
 3.305E-04  1.46333358034649E-02
 3.350E-04  1.50260694787364E-02
 3.396E-04  1.54292978368656E-02
 3.442E-04  1.58432994496794E-02
 3.489E-04  1.62683602068706E-02
 3.537E-04  1.67047735050879E-02
 3.585E-04  1.71528404417839E-02
 3.634E-04  1.76128700139366E-02
 3.684E-04  1.80851793217567E-02
 3.734E-04  1.85700937775016E-02
 3.785E-04  1.90679473195188E-02
 3.837E-04  1.95790826316449E-02
 3.889E-04  2.01038513680827E-02
 3.942E-04  2.06426143838940E-02
 3.996E-04  2.11957419712294E-02
 4.051E-04  2.17636141014462E-02
 4.106E-04  2.23466206732405E-02
 4.162E-04  2.29451617669377E-02
 4.219E-04  2.35596479050925E-02
 4.277E-04  2.41905003195366E-02
 4.335E-04  2.48381512250329E-02
 4.394E-04  2.55030440996861E-02
 4.454E-04  2.61856339722647E-02
 4.515E-04  2.68863877165996E-02
 4.577E-04  2.76057843532197E-02
 4.639E-04  2.83443153583928E-02
 4.702E-04  2.91024849807406E-02
 4.767E-04  2.98808105656009E-02
 4.832E-04  3.06798228873202E-02
 4.898E-04  3.15000664896461E-02
 4.965E-04  3.23421000344169E-02
 5.032E-04  3.32064966587255E-02
 5.101E-04  3.40938443407522E-02
 5.171E-04  3.50047462744687E-02
 5.241E-04  3.59398212533989E-02
 5.313E-04  3.68997040636520E-02
 5.385E-04  3.78850458864283E-02
 5.459E-04  3.88965147102034E-02
 5.533E-04  3.99347957528184E-02
 5.609E-04  4.10005918936815E-02
 5.686E-04  4.20946241163091E-02
 5.763E-04  4.32176319614360E-02
 5.842E-04  4.43703739909116E-02
 5.922E-04  4.55536282626340E-02
 6.002E-04  4.67681928167518E-02
 6.084E-04  4.80148861733703E-02
 6.167E-04  4.92945478420248E-02
 6.252E-04  5.06080388431526E-02
 6.337E-04  5.19562422418328E-02
 6.423E-04  5.33400636940540E-02
 6.511E-04  5.47604320057601E-02
 6.600E-04  5.62182997049547E-02
 6.690E-04  5.77146436271330E-02
 6.782E-04  5.92504655143164E-02
 6.874E-04  6.08267926279653E-02
 6.968E-04  6.24446783760669E-02
 7.063E-04  6.41052029546779E-02
 7.160E-04  6.58094740042142E-02
 7.257E-04  6.75586272807944E-02
 7.356E-04  6.93538273429244E-02
 7.457E-04  7.11962682538462E-02
 7.559E-04  7.30871742998450E-02
 7.662E-04  7.50278007248351E-02
 7.766E-04  7.70194344815499E-02
 7.872E-04  7.90633949996365E-02
 7.980E-04  8.11610349710068E-02
 8.089E-04  8.33137411527567E-02
 8.199E-04  8.55229351879913E-02
 8.311E-04  8.77900744448957E-02
 8.425E-04  9.01166528743830E-02
 8.540E-04  9.25042018866828E-02
 8.656E-04  9.49542912471915E-02
 8.774E-04  9.74685299919531E-02
 8.894E-04  1.00048567363120E-01
 9.016E-04  1.02696093764743E-01
 9.139E-04  1.05412841739263E-01
 9.264E-04  1.08200586965046E-01
 9.390E-04  1.11061149275354E-01
 9.518E-04  1.13996393699082E-01
 9.648E-04  1.17008231523663E-01
 9.780E-04  1.20098621380493E-01
 9.913E-04  1.23269570353242E-01
 1.005E-03  1.26523135109450E-01
 1.019E-03  1.29861423055742E-01
 1.032E-03  1.33286593517074E-01
 1.047E-03  1.36800858940365E-01
 1.061E-03  1.40406486122888E-01
 1.075E-03  1.44105797465801E-01
 1.090E-03  1.47901172253197E-01
 1.105E-03  1.51795047957032E-01
 1.120E-03  1.55789921568298E-01
 1.135E-03  1.59888350954847E-01
 1.151E-03  1.64092956246178E-01
 1.167E-03  1.68406421245587E-01
 1.182E-03  1.72831494870042E-01
 1.199E-03  1.77370992618112E-01
 1.215E-03  1.82027798066326E-01
 1.232E-03  1.86804864394294E-01
 1.248E-03  1.91705215938952E-01
 1.265E-03  1.96731949778227E-01
 1.283E-03  2.01888237344491E-01
 1.300E-03  2.07177326068085E-01
 1.318E-03  2.12602541051266E-01
 1.336E-03  2.18167286772833E-01
 1.354E-03  2.23875048823749E-01
 1.373E-03  2.29729395674039E-01
 1.391E-03  2.35733980471210E-01
 1.410E-03  2.41892542870483E-01
 1.430E-03  2.48208910897040E-01
 1.449E-03  2.54687002840527E-01
 1.469E-03  2.61330829182027E-01
 1.489E-03  2.68144494553692E-01
 1.509E-03  2.75132199731185E-01
 1.530E-03  2.82298243659119E-01
 1.551E-03  2.89647025509610E-01
 1.572E-03  2.97183046774023E-01
 1.593E-03  3.04910913388062E-01
 1.615E-03  3.12835337890193E-01
 1.637E-03  3.20961141613474E-01
 1.660E-03  3.29293256910791E-01
 1.682E-03  3.37836729413467E-01
 1.705E-03  3.46596720323163E-01
 1.729E-03  3.55578508737045E-01
 1.752E-03  3.64787494006003E-01
 1.776E-03  3.74229198125824E-01
 1.800E-03  3.83909268161086E-01
 1.825E-03  3.93833478701520E-01
 1.850E-03  4.04007734350566E-01
 1.875E-03  4.14438072245765E-01
 1.901E-03  4.25130664610642E-01
 1.927E-03  4.36091821337575E-01
 1.953E-03  4.47327992601248E-01
 1.980E-03  4.58845771502057E-01
 2.007E-03  4.70651896738920E-01
 2.034E-03  4.82753255310812E-01
 2.062E-03  4.95156885246275E-01
 2.090E-03  5.07869978360142E-01
 2.118E-03  5.20899883036578E-01
 2.147E-03  5.34254107037503E-01
 2.177E-03  5.47940320335392E-01
 2.206E-03  5.61966357969336E-01
 2.236E-03  5.76340222923200E-01
 2.267E-03  5.91070089024612E-01
 2.298E-03  6.06164303863380E-01
 2.329E-03  6.21631391727956E-01
 2.361E-03  6.37480056558339E-01
 2.393E-03  6.53719184913773E-01
 2.426E-03  6.70357848953529E-01
 2.459E-03  6.87405309428777E-01
 2.493E-03  7.04871018683733E-01
 2.527E-03  7.22764623663837E-01
 2.561E-03  7.41095968928753E-01
 2.596E-03  7.59875099667915E-01
 2.632E-03  7.79112264716039E-01
 2.668E-03  7.98817919565992E-01
 2.704E-03  8.19002729376261E-01
 2.741E-03  8.39677571970088E-01
 2.778E-03  8.60853540823170E-01
 2.816E-03  8.82541948036748E-01
 2.855E-03  9.04754327292605E-01
 2.894E-03  9.27502436786443E-01
 2.933E-03  9.50798262135913E-01
 2.973E-03  9.74654019259295E-01
 3.014E-03  9.99082157220777E-01
 3.055E-03  1.02409536103797E+00
 3.097E-03  1.04970655444721E+00
 3.139E-03  1.07592890262183E+00
 3.182E-03  1.10277581483852E+00
 3.225E-03  1.13026094708668E+00
 3.269E-03  1.15839820461525E+00
 3.314E-03  1.18720174441157E+00
 3.359E-03  1.21668597760626E+00
 3.405E-03  1.24686557179808E+00
 3.452E-03  1.27775545329254E+00
 3.499E-03  1.30937080924747E+00
 3.546E-03  1.34172708971875E+00
 3.595E-03  1.37484000959908E+00
 3.644E-03  1.40872555044235E+00
 3.694E-03  1.44339996216586E+00
 3.744E-03  1.47887976462244E+00
 3.795E-03  1.51518174903406E+00
 3.847E-03  1.55232297927853E+00
 3.900E-03  1.59032079301999E+00
 3.953E-03  1.62919280267445E+00
 4.007E-03  1.66895689620027E+00
 4.061E-03  1.70963123770406E+00
 4.117E-03  1.75123426785158E+00
 4.173E-03  1.79378470407308E+00
 4.230E-03  1.83730154055216E+00
 4.288E-03  1.88180404798675E+00
 4.346E-03  1.92731177311072E+00
 4.406E-03  1.97384453796384E+00
 4.466E-03  2.02142243889798E+00
 4.527E-03  2.07006584530646E+00
 4.589E-03  2.11979539806366E+00
 4.651E-03  2.17063200766111E+00
 4.715E-03  2.22259685202625E+00
 4.779E-03  2.27571137400951E+00
 4.844E-03  2.32999727852492E+00
 4.911E-03  2.38547652932928E+00
 4.978E-03  2.44217134542406E+00
 5.046E-03  2.50010419706458E+00
 5.114E-03  2.55929780135962E+00
 5.184E-03  2.61977511744516E+00
 5.255E-03  2.68155934121502E+00
 5.327E-03  2.74467389959072E+00
 5.400E-03  2.80914244431293E+00
 5.473E-03  2.87498884523611E+00
 5.548E-03  2.94223718310770E+00
 5.624E-03  3.01091174181269E+00
 5.700E-03  3.08103700006451E+00
 5.778E-03  3.15263762252215E+00
 5.857E-03  3.22573845031357E+00
 5.937E-03  3.30036449094501E+00
 6.018E-03  3.37654090757532E+00
 6.100E-03  3.45429300763432E+00
 6.184E-03  3.53364623076390E+00
 6.268E-03  3.61462613606012E+00
 6.354E-03  3.69725838859460E+00
 6.440E-03  3.78156874519284E+00
 6.528E-03  3.86758303944745E+00
 6.617E-03  3.95532716594374E+00
 6.708E-03  4.04482706367477E+00
 6.799E-03  4.13610869862355E+00
 6.892E-03  4.22919804548909E+00
 6.986E-03  4.32412106853382E+00
 7.082E-03  4.42090370152911E+00
 7.178E-03  4.51957182677622E+00
 7.276E-03  4.62015125317988E+00
 7.376E-03  4.72266769335156E+00
 7.476E-03  4.82714673972032E+00
 7.578E-03  4.93361383962842E+00
 7.682E-03  5.04209426939001E+00
 7.787E-03  5.15261310729125E+00
 7.893E-03  5.26519520551015E+00
 8.001E-03  5.37986516093571E+00
 8.110E-03  5.49664728486581E+00
 8.221E-03  5.61556557156431E+00
 8.333E-03  5.73664366565824E+00
 8.447E-03  5.85990482835674E+00
 8.562E-03  5.98537190247473E+00
 8.679E-03  6.11306727624444E+00
 8.798E-03  6.24301284589963E+00
 8.918E-03  6.37522997701822E+00
 9.039E-03  6.50973946461029E+00
 9.163E-03  6.64656149193972E+00
 9.288E-03  6.78571558806938E+00
 9.415E-03  6.92722058412109E+00
 9.543E-03  7.07109456824362E+00
 9.674E-03  7.21735483928346E+00
 9.806E-03  7.36601785915529E+00
 9.940E-03  7.51709920391123E+00
 1.008E-02  7.67061351350990E+00
 1.021E-02  7.82657444028887E+00
 1.035E-02  7.98499459614690E+00
 1.049E-02  8.14588549844445E+00
 1.064E-02  8.30925751463434E+00
 1.078E-02  8.47511980563719E+00
 1.093E-02  8.64348026797940E+00
 1.108E-02  8.81434547471518E+00
 1.123E-02  8.98772061515706E+00
 1.138E-02  9.16360943344354E+00
 1.154E-02  9.34201416597628E+00
 1.170E-02  9.52293547776319E+00
 1.186E-02  9.70637239770820E+00
 1.202E-02  9.89232225289312E+00
 1.218E-02  1.00807806019012E+01
 1.235E-02  1.02717411672372E+01
 1.252E-02  1.04651957669042E+01
 1.269E-02  1.06611342452018E+01
 1.286E-02  1.08595444028162E+01
 1.304E-02  1.10604119262794E+01
 1.321E-02  1.12637203168785E+01
 1.339E-02  1.14694508191036E+01
 1.358E-02  1.16775823487301E+01
 1.376E-02  1.18880914206340E+01
 1.395E-02  1.21009520764507E+01
 1.414E-02  1.23161358121890E+01
 1.433E-02  1.25336115059247E+01
 1.453E-02  1.27533453457004E+01
 1.473E-02  1.29753007577688E+01
 1.493E-02  1.31994383353233E+01
 1.513E-02  1.34257157678672E+01
 1.534E-02  1.36540877713810E+01
 1.555E-02  1.38845060194547E+01
 1.576E-02  1.41169190755618E+01
 1.598E-02  1.43512723266570E+01
 1.619E-02  1.45875079182919E+01
 1.642E-02  1.48255646914462E+01
 1.664E-02  1.50653781212862E+01
 1.687E-02  1.53068802580657E+01
 1.710E-02  1.55499996703964E+01
 1.733E-02  1.57946613911209E+01
 1.757E-02  1.60407868660324E+01
 1.781E-02  1.62882939056903E+01
 1.805E-02  1.65370966405926E+01
 1.830E-02  1.67871054799708E+01
 1.855E-02  1.70382270744844E+01
 1.880E-02  1.72903642830957E+01
 1.906E-02  1.75434161444177E+01
 1.932E-02  1.77972778528310E+01
 1.958E-02  1.80518407396755E+01
 1.985E-02  1.83069922598268E+01
 2.012E-02  1.85626159839757E+01
 2.039E-02  1.88185915969327E+01
 2.067E-02  1.90747949022865E+01
 2.095E-02  1.93310978337467E+01
 2.124E-02  1.95873684735108E+01
 2.153E-02  1.98434710779915E+01
 2.182E-02  2.00992661112483E+01
 2.212E-02  2.03546102864676E+01
 2.242E-02  2.06093566158342E+01
 2.273E-02  2.08633544691412E+01
 2.304E-02  2.11164496414788E+01
 2.335E-02  2.13684844303462E+01
 2.367E-02  2.16192977225228E+01
 2.400E-02  2.18687250910318E+01
 2.432E-02  2.21165989025262E+01
 2.466E-02  2.23627484354144E+01
 2.499E-02  2.26070000090406E+01
 2.533E-02  2.28491771242188E+01
 2.568E-02  2.30891006154140E+01
 2.603E-02  2.33265888148442E+01
 2.639E-02  2.35614577287678E+01
 2.675E-02  2.37935212262004E+01
 2.711E-02  2.40225912402887E+01
 2.748E-02  2.42484779825458E+01
 2.786E-02  2.44709901701343E+01
 2.824E-02  2.46899352663546E+01
 2.862E-02  2.49051197344709E+01
 2.901E-02  2.51163493049807E+01
 2.941E-02  2.53234292563983E+01
 2.981E-02  2.55261647095946E+01
 3.022E-02  2.57243609356954E+01
 3.063E-02  2.59178236775068E+01
 3.105E-02  2.61063594843932E+01
 3.147E-02  2.62897760604928E+01
 3.190E-02  2.64678826261096E+01
 3.234E-02  2.66404902920757E+01
 3.278E-02  2.68074124468255E+01
 3.323E-02  2.69684651558745E+01
 3.368E-02  2.71234675733402E+01
 3.414E-02  2.72722423650858E+01
 3.461E-02  2.74146161430102E+01
 3.508E-02  2.75504199099481E+01
 3.556E-02  2.76794895145786E+01
 3.604E-02  2.78016661156794E+01
 3.654E-02  2.79167966549977E+01
 3.703E-02  2.80247343379374E+01
 3.754E-02  2.81253391211992E+01
 3.805E-02  2.82184782064326E+01
 3.857E-02  2.83040265388948E+01
 3.910E-02  2.83818673100315E+01
 3.963E-02  2.84518924628282E+01
 4.017E-02  2.85140031987009E+01
 4.072E-02  2.85681104846265E+01
 4.128E-02  2.86141355591367E+01
 4.184E-02  2.86520104357251E+01
 4.241E-02  2.86816784021483E+01
 4.299E-02  2.87030945140271E+01
 4.358E-02  2.87162260810843E+01
 4.417E-02  2.87210531442902E+01
 4.478E-02  2.87175689421183E+01
 4.539E-02  2.87057803640509E+01
 4.601E-02  2.86857083894160E+01
 4.664E-02  2.86573885095795E+01
 4.727E-02  2.86208711314622E+01
 4.792E-02  2.85762219603090E+01
 4.857E-02  2.85235223595872E+01
 4.924E-02  2.84628696858609E+01
 4.991E-02  2.83943775964520E+01
 5.059E-02  2.83181763276759E+01
 5.128E-02  2.82344129414242E+01
 5.198E-02  2.81432515378516E+01
 5.269E-02  2.80448734319288E+01
 5.341E-02  2.79394772916260E+01
 5.414E-02  2.78272792355081E+01
 5.488E-02  2.77085128875506E+01
 5.563E-02  2.75834293870195E+01
 5.639E-02  2.74522973513046E+01
 5.716E-02  2.73154027896556E+01
 5.794E-02  2.71730489658372E+01
 5.873E-02  2.70255562078009E+01
 5.953E-02  2.68732616625663E+01
 6.034E-02  2.67165189946074E+01
 6.116E-02  2.65556980261604E+01
 6.200E-02  2.63911843179995E+01
 6.285E-02  2.62233786893725E+01
 6.370E-02  2.60526966759458E+01
 6.457E-02  2.58795679247782E+01
 6.546E-02  2.57044355255294E+01
 6.635E-02  2.55277552773043E+01
 6.725E-02  2.53499948907459E+01
 6.817E-02  2.51716331252116E+01
 6.910E-02  2.49931588611027E+01
 7.005E-02  2.48150701076662E+01
 7.100E-02  2.46378729468424E+01
 7.197E-02  2.44620804140052E+01
 7.296E-02  2.42882113167176E+01
 7.395E-02  2.41167889929151E+01
 7.496E-02  2.39483400102272E+01
 7.598E-02  2.37833928084480E+01
 7.702E-02  2.36224762874805E+01
 7.807E-02  2.34661183433927E+01
 7.914E-02  2.33148443555442E+01
 8.022E-02  2.31691756280616E+01
 8.132E-02  2.30296277892661E+01
 8.243E-02  2.28967091529779E+01
 8.355E-02  2.27709190459434E+01
 8.469E-02  2.26527461059462E+01
 8.585E-02  2.25426665554782E+01
 8.702E-02  2.24411424561472E+01
 8.821E-02  2.23486199492976E+01
 8.941E-02  2.22655274886043E+01
 9.063E-02  2.21922740706716E+01
 9.187E-02  2.21292474699317E+01
 9.312E-02  2.20768124843754E+01
 9.440E-02  2.20353091988759E+01
 9.568E-02  2.20050512730701E+01
 9.699E-02  2.19863242609450E+01
 9.831E-02  2.19793839694370E+01
 9.966E-02  2.19844548634874E+01
 1.010E-01  2.20017285251023E+01
 1.024E-01  2.20313621740478E+01
 1.038E-01  2.20734772578578E+01
 1.052E-01  2.21281581188482E+01
 1.066E-01  2.21954507458182E+01
 1.081E-01  2.22753616180644E+01
 1.096E-01  2.23678566492501E+01
 1.111E-01  2.24728602385472E+01
 1.126E-01  2.25902544363062E+01
 1.141E-01  2.27198782313103E+01
 1.157E-01  2.28615269664284E+01
 1.173E-01  2.30149518892049E+01
 1.189E-01  2.31798598435992E+01
 1.205E-01  2.33559131087318E+01
 1.221E-01  2.35427293900897E+01
 1.238E-01  2.37398819682044E+01
 1.255E-01  2.39469000093328E+01
 1.272E-01  2.41632690421546E+01
 1.289E-01  2.43884316039380E+01
 1.307E-01  2.46217880590365E+01
 1.325E-01  2.48626975919442E+01
 1.343E-01  2.51104793764796E+01
 1.361E-01  2.53644139219696E+01
 1.380E-01  2.56237445965848E+01
 1.399E-01  2.58876793272257E+01
 1.418E-01  2.61553924745852E+01
 1.437E-01  2.64260268812193E+01
 1.457E-01  2.66986960896438E+01
 1.477E-01  2.69724867266481E+01
 1.497E-01  2.72464610491802E+01
 1.517E-01  2.75196596463096E+01
 1.538E-01  2.77911042909297E+01
 1.559E-01  2.80598009340117E+01
 1.580E-01  2.83247428333795E+01
 1.602E-01  2.85849138081444E+01
 1.624E-01  2.88392916091164E+01
 1.646E-01  2.90868513947091E+01
 1.668E-01  2.93265693010744E+01
 1.691E-01  2.95574260944535E+01
 1.714E-01  2.97784108930075E+01
 1.738E-01  2.99885249447067E+01
 1.761E-01  3.01867854472116E+01
 1.785E-01  3.03722293950785E+01
 1.810E-01  3.05439174390690E+01
 1.834E-01  3.07009377418425E+01
 1.860E-01  3.08424098138680E+01
 1.885E-01  3.09674883130053E+01
 1.911E-01  3.10753667908896E+01
 1.937E-01  3.11652813689971E+01
 1.963E-01  3.12365143270898E+01
 1.990E-01  3.12883975866284E+01
 2.017E-01  3.13203160717099E+01
 2.045E-01  3.13317109301348E+01
 2.073E-01  3.13220825973373E+01
 2.101E-01  3.12909936861242E+01
 2.130E-01  3.12380716854667E+01
 2.159E-01  3.11630114519756E+01
 2.188E-01  3.10655774781638E+01
 2.218E-01  3.09456059221653E+01
 2.248E-01  3.08030063842335E+01
 2.279E-01  3.06377634160876E+01
 2.310E-01  3.04499377500139E+01
 2.342E-01  3.02396672355543E+01
 2.374E-01  3.00071674726351E+01
 2.406E-01  2.97527321310926E+01
 2.439E-01  2.94767329477502E+01
 2.472E-01  2.91796193934793E+01
 2.506E-01  2.88619180040413E+01
 2.540E-01  2.85242313699512E+01
 2.575E-01  2.81672367821227E+01
 2.610E-01  2.77916845316487E+01
 2.646E-01  2.73983958637297E+01
 2.682E-01  2.69882605874863E+01
 2.718E-01  2.65622343451667E+01
 2.755E-01  2.61213355460911E+01
 2.793E-01  2.56666419725379E+01
 2.831E-01  2.51992870666772E+01
 2.870E-01  2.47204559095823E+01
 2.909E-01  2.42313809052789E+01
 2.949E-01  2.37333371847329E+01
 2.989E-01  2.32276377465972E+01
 3.030E-01  2.27156283534436E+01
 3.071E-01  2.21986822040640E+01
 3.113E-01  2.16781944042384E+01
 3.156E-01  2.11555762601095E+01
 3.199E-01  2.06322494199616E+01
 3.242E-01  2.01096398917626E+01
 3.287E-01  1.95891719652681E+01
 3.331E-01  1.90722620687949E+01
 3.377E-01  1.85603125919308E+01
 3.423E-01  1.80547057064303E+01
 3.470E-01  1.75567972183570E+01
 3.517E-01  1.70679104851294E+01
 3.565E-01  1.65893304315194E+01
 3.614E-01  1.61222976988062E+01
 3.663E-01  1.56680029612083E+01
 3.713E-01  1.52275814433778E+01
 3.764E-01  1.48021076721475E+01
 3.815E-01  1.43925904948641E+01
 3.867E-01  1.39999683955122E+01
 3.920E-01  1.36251051384480E+01
 3.974E-01  1.32687857679092E+01
 4.028E-01  1.29317129895709E+01
 4.083E-01  1.26145039582787E+01
 4.139E-01  1.23176874937324E+01
 4.195E-01  1.20417017433384E+01
 4.252E-01  1.17868923087113E+01
 4.311E-01  1.15535108494240E+01
 4.369E-01  1.13417141745993E+01
 4.429E-01  1.11515638298407E+01
 4.489E-01  1.09830261838414E+01
 4.551E-01  1.08359730158237E+01
 4.613E-01  1.07101826017673E+01
 4.676E-01  1.06053412942164E+01
 4.740E-01  1.05210455873314E+01
 4.804E-01  1.04568046557892E+01
 4.870E-01  1.04120433531590E+01
 4.936E-01  1.03861056524959E+01
 5.004E-01  1.03782585091144E+01
 5.072E-01  1.03876961228414E+01
 5.141E-01  1.04135445745095E+01
 5.212E-01  1.04548668090444E+01
 5.283E-01  1.05106679352409E+01
 5.355E-01  1.05799008102173E+01
 5.428E-01  1.06614718746063E+01
 5.502E-01  1.07542472027944E+01
 5.577E-01  1.08570587309859E+01
 5.653E-01  1.09687106245542E+01
 5.731E-01  1.10879857450791E+01
 5.809E-01  1.12136521766707E+01
 5.888E-01  1.13444697706686E+01
 5.969E-01  1.14791966675969E+01
 6.050E-01  1.16165957553630E+01
 6.133E-01  1.17554410231280E+01
 6.216E-01  1.18945237710459E+01
 6.301E-01  1.20326586371780E+01
 6.387E-01  1.21686894043328E+01
 6.474E-01  1.23014945513486E+01
 6.563E-01  1.24299925154177E+01
 6.652E-01  1.25531466344288E+01
 6.743E-01  1.26699697409523E+01
 6.835E-01  1.27795283823912E+01
 6.929E-01  1.28809466449306E+01
 7.023E-01  1.29734095622158E+01
 7.119E-01  1.30561660931290E+01
 7.216E-01  1.31285316565843E+01
 7.315E-01  1.31898902148819E+01
 7.415E-01  1.32396959008076E+01
 7.516E-01  1.32774741873017E+01
 7.618E-01  1.33028226021078E+01
 7.723E-01  1.33154109933078E+01
 7.828E-01  1.33149813550220E+01
 7.935E-01  1.33013472257654E+01
 8.043E-01  1.32743926749742E+01
 8.153E-01  1.32340708960188E+01
 8.264E-01  1.31804024265820E+01
 8.377E-01  1.31134730195781E+01
 8.491E-01  1.30334311898091E+01
 8.607E-01  1.29404854632773E+01
 8.725E-01  1.28349013575023E+01
 8.844E-01  1.27169981223134E+01
 8.965E-01  1.25871452714012E+01
 9.087E-01  1.24457589354359E+01
 9.211E-01  1.22932980677761E+01
 9.337E-01  1.21302605337372E+01
 9.464E-01  1.19571791140553E+01
 9.594E-01  1.17746174526005E+01
 9.725E-01  1.15831659775751E+01
 9.857E-01  1.13834378243943E+01
 9.992E-01  1.11760647872226E+01
 1.013E+00  1.09616933247331E+01
 1.027E+00  1.07409806441122E+01
 1.041E+00  1.05145908856535E+01
 1.055E+00  1.02831914285089E+01
 1.069E+00  1.00474493363085E+01
 1.084E+00  9.80802795944700E+00
 1.099E+00  9.56558370888449E+00
 1.114E+00  9.32076301434411E+00
 1.129E+00  9.07419947782875E+00
 1.144E+00  8.82651123143585E+00
 1.160E+00  8.57829850654635E+00
 1.176E+00  8.33014141960981E+00
 1.192E+00  8.08259797795864E+00
 1.208E+00  7.83620230736925E+00
 1.225E+00  7.59146310145844E+00
 1.241E+00  7.34886229146511E+00
 1.258E+00  7.10885393352882E+00
 1.275E+00  6.87186330924194E+00
 1.293E+00  6.63828623402491E+00
 1.310E+00  6.40848856675714E+00
 1.328E+00  6.18280591309118E+00
 1.347E+00  5.96154351398394E+00
 1.365E+00  5.74497631019750E+00
 1.384E+00  5.53334917285009E+00
 1.402E+00  5.32687728953429E+00
 1.422E+00  5.12574669506160E+00
 1.441E+00  4.93011493553654E+00
 1.461E+00  4.74011185420634E+00
 1.481E+00  4.55584048736974E+00
 1.501E+00  4.37737805855603E+00
 1.521E+00  4.20477705919877E+00
 1.542E+00  4.03806640412282E+00
 1.563E+00  3.87725265033296E+00
 1.584E+00  3.72232126783278E+00
 1.606E+00  3.57323795150783E+00
 1.628E+00  3.42994996347249E+00
 1.650E+00  3.29238749569881E+00
 1.673E+00  3.16046504321388E+00
 1.696E+00  3.03408277866256E+00
 1.719E+00  2.91312791958014E+00
 1.742E+00  2.79747608029870E+00
 1.766E+00  2.68699260101529E+00
 1.790E+00  2.58153384717474E+00
 1.815E+00  2.48094847295837E+00
 1.839E+00  2.38507864331723E+00
 1.864E+00  2.29376120963866E+00
 1.890E+00  2.20682883478343E+00
 1.916E+00  2.12411106387112E+00
 1.942E+00  2.04543533782044E+00
 1.968E+00  1.97062794726272E+00
 1.995E+00  1.89951492503759E+00
 2.022E+00  1.83192287604582E+00
 2.050E+00  1.76767974377119E+00
 2.078E+00  1.70661551328909E+00
 2.106E+00  1.64856285105087E+00
 2.135E+00  1.59335768216803E+00
 2.164E+00  1.54083970631731E+00
 2.194E+00  1.49085285374569E+00
 2.224E+00  1.44324568317239E+00
 2.254E+00  1.39787172366300E+00
 2.285E+00  1.35458976278937E+00
 2.316E+00  1.31326408358858E+00
 2.348E+00  1.27376465299558E+00
 2.380E+00  1.23596726454999E+00
 2.412E+00  1.19975363826786E+00
 2.445E+00  1.16501148062789E+00
 2.479E+00  1.13163450764931E+00
 2.513E+00  1.09952243403913E+00
 2.547E+00  1.06858093136121E+00
 2.582E+00  1.03872155813175E+00
 2.617E+00  1.00986166467815E+00
 2.653E+00  9.81924275512421E-01
 2.689E+00  9.54837951870451E-01
 2.725E+00  9.28536636953617E-01
 2.763E+00  9.02959486294052E-01
 2.800E+00  8.78050685520718E-01
 2.839E+00  8.53759257678591E-01
 2.877E+00  8.30038862108823E-01
 2.917E+00  8.06847586755742E-01
 2.956E+00  7.84147735624230E-01
 2.997E+00  7.61905612969858E-01
 3.038E+00  7.40091305665285E-01
 3.079E+00  7.18678465051280E-01
 3.121E+00  6.97644089450077E-01
 3.164E+00  6.76968308393648E-01
 3.207E+00  6.56634169500326E-01
 3.251E+00  6.36627428820832E-01
 3.295E+00  6.16936345369322E-01
 3.340E+00  5.97551480457006E-01
 3.386E+00  5.78465502355265E-01
 3.432E+00  5.59672996732162E-01
 3.479E+00  5.41170283230624E-01
 3.526E+00  5.22955238488346E-01
 3.575E+00  5.05027125838388E-01
 3.623E+00  4.87386431875163E-01
 3.673E+00  4.70034710022780E-01
 3.723E+00  4.52974431201089E-01
 3.774E+00  4.36208841648782E-01
 3.825E+00  4.19741827932162E-01
 3.878E+00  4.03577789142126E-01
 3.930E+00  3.87721516260055E-01
 3.984E+00  3.72178078655142E-01
 4.039E+00  3.56952717660657E-01
 4.094E+00  3.42050747164350E-01
 4.150E+00  3.27477461138008E-01
 4.206E+00  3.13238048022716E-01
 4.264E+00  2.99337511879211E-01
 4.322E+00  2.85780600206367E-01
 4.381E+00  2.72571738324999E-01
 4.441E+00  2.59714970218479E-01
 4.501E+00  2.47213905715845E-01
 4.563E+00  2.35071673896848E-01
 4.625E+00  2.23290882591628E-01
 4.688E+00  2.11873583840191E-01
 4.752E+00  2.00821245168538E-01
 4.817E+00  1.90134726529105E-01
 4.883E+00  1.79814262743084E-01
 4.950E+00  1.69859451271278E-01
 5.017E+00  1.60269245128468E-01
 5.086E+00  1.51041950743891E-01
 5.155E+00  1.42175230557630E-01
 5.225E+00  1.33666110129507E-01
 5.297E+00  1.25510989523821E-01
 5.369E+00  1.17705658720048E-01
 5.442E+00  1.10245316786798E-01
 5.517E+00  1.03124594544049E-01
 5.592E+00  9.63375804272521E-02
 5.668E+00  8.98778492565345E-02
 5.746E+00  8.37384936052048E-02
 5.824E+00  7.79121574542401E-02
 5.904E+00  7.23910718136978E-02
 5.984E+00  6.71670919881534E-02
 6.066E+00  6.22317361615185E-02
 6.149E+00  5.75762249770451E-02
 6.233E+00  5.31915217910750E-02
 6.318E+00  4.90683732841858E-02
 6.404E+00  4.51973501208539E-02
 6.491E+00  4.15688873585583E-02
 6.580E+00  3.81733243193408E-02
 6.670E+00  3.50009436511147E-02
 6.761E+00  3.20420093223547E-02
 6.853E+00  2.92868033120050E-02
 6.947E+00  2.67256607763592E-02
 7.042E+00  2.43490034960336E-02
 7.138E+00  2.21473714287526E-02
 7.235E+00  2.01114522172074E-02
 7.334E+00  1.82321085254755E-02
 7.434E+00  1.65004031020918E-02
 7.536E+00  1.49076214925769E-02
 7.639E+00  1.34452923487428E-02
 7.743E+00  1.21052053061464E-02
 7.849E+00  1.08794264243718E-02
 7.956E+00  9.76031120713846E-03
 8.064E+00  8.74051524033384E-03
 8.174E+00  7.81300250572719E-03
 8.286E+00  6.97105144617741E-03
 8.399E+00  6.20825887443717E-03
 8.514E+00  5.51854183206397E-03
 8.630E+00  4.89613751738504E-03
 8.748E+00  4.33560141187292E-03
 8.867E+00  3.83180374264919E-03
 8.988E+00  3.37992442515209E-03
 9.111E+00  2.97544663431825E-03
 9.235E+00  2.61414915500452E-03
 9.362E+00  2.29209766290305E-03
 9.489E+00  2.00563508599691E-03
 9.619E+00  1.75137119379109E-03
 9.750E+00  1.52617155728815E-03
 9.883E+00  1.32714601711740E-03
 1.002E+01  1.15163679053945E-03
 1.016E+01  9.97206340408954E-04
 1.029E+01  8.61625120763574E-04
 1.043E+01  7.42859304690779E-04
 1.058E+01  6.39058590676717E-04
 1.072E+01  5.48544173926521E-04
 1.087E+01  4.69796959317489E-04
 1.102E+01  4.01446082846775E-04
 1.117E+01  3.42257798795696E-04
 1.132E+01  2.91124780468443E-04
 1.147E+01  2.47055873374931E-04
 1.163E+01  2.09166331201592E-04
 1.179E+01  1.76668556920335E-04
 1.195E+01  1.48863363979767E-04
 1.211E+01  1.25131765744474E-04
 1.228E+01  1.04927295223326E-04
 1.245E+01  8.77688516702895E-05
 1.262E+01  7.32340658520476E-05
 1.279E+01  6.09531716461654E-05
 1.296E+01  5.06033681428691E-05
 1.314E+01  4.19036535456827E-05
 1.332E+01  3.46101098677347E-05
 1.350E+01  2.85116156626981E-05
 1.368E+01  2.34259627690981E-05
 1.387E+01  1.91963522389238E-05
 1.406E+01  1.56882442189447E-05
 1.425E+01  1.27865365083492E-05
 1.445E+01  1.03930467821827E-05
 1.464E+01  8.42427400071236E-06
 1.484E+01  6.80941527618609E-06
 1.505E+01  5.48861539903887E-06
 1.525E+01  4.41142729669098E-06
 1.546E+01  3.53546287417662E-06
 1.567E+01  2.82521493476770E-06
 1.589E+01  2.25103217194617E-06
 1.610E+01  1.78823053636626E-06
 1.632E+01  1.41632559117982E-06
 1.655E+01  1.11837175791702E-06
 1.677E+01  8.80395607909243E-07
 1.700E+01  6.90911558805580E-07
 1.723E+01  5.40509482571013E-07
 1.747E+01  4.21504813947272E-07
 1.771E+01  3.27645029587635E-07
 1.795E+01  2.53874979133474E-07
 1.819E+01  1.96083236902017E-07
 1.844E+01  1.50956191712149E-07
 1.869E+01  1.15834199999550E-07
 1.895E+01  8.85897466658467E-08
 1.921E+01  6.75267940140209E-08
 1.947E+01  5.12979370881009E-08
 1.974E+01  3.88364653404737E-08
 2.000E+01  2.93008543315676E-08
 2.028E+01  2.20295820123297E-08
 2.055E+01  1.65044870742495E-08
 2.084E+01  1.23211666857347E-08
 2.112E+01  9.16515224188915E-09
 2.141E+01  6.79280883758665E-09
 2.170E+01  5.01608103347051E-09
 2.200E+01  3.69035781136044E-09
 2.230E+01  2.70485678262200E-09
 2.260E+01  1.97503477840935E-09
 2.291E+01  1.43662166536509E-09
 2.322E+01  1.04094905085053E-09
 2.354E+01  7.51307646012062E-10
 2.386E+01  5.40118360629293E-10
 2.419E+01  3.86744387995855E-10
 2.452E+01  2.75806058503638E-10
 2.485E+01  1.95888355549738E-10
 2.519E+01  1.38553776649479E-10
 2.554E+01  9.75916070683530E-11
 2.588E+01  6.84494334484451E-11
 2.624E+01  4.78045185207209E-11
 2.660E+01  3.32420360048959E-11
 2.696E+01  2.30145860116458E-11
 2.733E+01  1.58632555489183E-11
 2.770E+01  1.08850688044346E-11
 2.808E+01  7.43524368151253E-12
 2.846E+01  5.05544291004573E-12
 2.885E+01  3.42134850731786E-12
 2.924E+01  2.30453306698673E-12
 2.964E+01  1.54485884294965E-12
 3.005E+01  1.03059222310346E-12
 3.046E+01  6.84145279517042E-13
 3.087E+01  4.51901389886146E-13
 3.130E+01  2.96990504285403E-13
 3.172E+01  1.94184197516376E-13
 3.216E+01  1.26306510074482E-13
 3.259E+01  8.17232092221357E-14
 3.304E+01  5.25943884837252E-14
 3.349E+01  3.36645966734869E-14
 3.395E+01  2.14295136411910E-14
 3.441E+01  1.35650122069853E-14
 3.488E+01  8.53808203559464E-15
 3.536E+01  5.34312346477038E-15
 3.584E+01  3.32419548163182E-15
 3.633E+01  2.05586829543079E-15
 3.683E+01  1.26380938400198E-15
 3.733E+01  7.72155593757057E-16
 3.784E+01  4.68838956347563E-16
 3.835E+01  2.82876006333812E-16
 3.888E+01  1.69581822184488E-16
 3.941E+01  1.01001948480397E-16
 3.995E+01  5.97589953253034E-17
 4.049E+01  3.51200427465693E-17
 4.104E+01  2.04993203696059E-17
 4.161E+01  1.18825699769549E-17
 4.217E+01  6.83944657324523E-18
 4.275E+01  3.90862271243891E-18
 4.333E+01  2.21753603356914E-18
 4.392E+01  1.24885813531769E-18
 4.452E+01  6.98074531212557E-19
 4.513E+01  3.87246048539735E-19
 4.575E+01  2.13166279949324E-19
 4.637E+01  1.16424877603046E-19
 4.701E+01  6.30838534103348E-20
 4.765E+01  3.39066985525478E-20
 4.830E+01  1.80758463428722E-20
 4.896E+01  9.55678036358004E-21
 4.963E+01  5.01054416450726E-21
 5.030E+01  2.60490907866679E-21
 5.099E+01  1.34287797765182E-21
 5.169E+01  6.86555810866455E-22
 5.239E+01  3.48246434879615E-22
 5.311E+01  1.75423136783511E-22
 5.383E+01  8.79414221507715E-23
 5.457E+01  4.40710166894262E-23
 5.531E+01  2.22847267565870E-23
 5.607E+01  0.00000000000000E+00
 5.683E+01  0.00000000000000E+00
 5.761E+01  0.00000000000000E+00
 5.839E+01  0.00000000000000E+00
 5.919E+01  0.00000000000000E+00
 6.000E+01  0.00000000000000E+00
