./ilogA is logfile.
./chgdenCr calculation starts
rmin,rmax=  4.17E-08  4.08E+01
   2257.44535049   -915.59757351      0.30000000    1
    237.19813309   -986.26152798      0.30000000    1
    146.19280272  -1022.12019833      0.30000000    1
     87.29763106  -1038.38848944      0.30000000    1
     50.31179505  -1044.78453418      0.30000000    1
     27.98716539  -1046.89402295      0.30000000    1
     15.17015542  -1047.48022733      0.30000000    1
      8.21928912  -1047.63833221      0.30000000    1
      4.62365104  -1047.69293103      0.30000000    1
      2.77239642  -1047.71736644      0.30000000    1
      1.75964556  -1047.72891629      0.30000000    1
      1.15312666  -1047.73420992      0.30000000    1
      0.76647852  -1047.73654810      0.30000000    1
      0.51279206  -1047.73755342      0.30000000    1
      0.34397899  -1047.73797892      0.30000000    1
      0.23078096  -1047.73815789      0.30000000    1
      0.15463603  -1047.73823326      0.30000000    1
      0.10340628  -1047.73826520      0.30000000    1
      0.06899093  -1047.73827886      0.30000000    1
      0.04592449  -1047.73828478      0.30000000    1
      0.03050436  -1047.73828737      0.30000000    1
      0.02022221  -1047.73828852      0.30000000    1
      0.01338245  -1047.73828904      0.30000000    1
      0.00884243  -1047.73828928      0.30000000    1
      0.00583467  -1047.73828938      0.30000000    1
      0.00384539  -1047.73828944      0.30000000    1
      0.00253164  -1047.73828946      0.30000000    1
      0.00166513  -1047.73828947      0.30000000    1
      0.00109426  -1047.73828948      0.30000000    1
      0.00071852  -1047.73828948      0.30000000    1
      0.00047143  -1047.73828948      0.30000000    1
      0.00000000  -1047.73828948      1.00000000    2
      0.00000000  -1047.73828948      1.00000000    3
    1   0 0  -1/2   1    2.0000       -215.028318
    2   0 0  -1/2   1    2.0000        -24.405794
    2   1 1  -1/2   1    2.0000        -20.776009
    2   1 1  -3/2   1    4.0000        -20.460129
    3   0 0  -1/2   1    2.0000         -2.697328
    3   1 1  -1/2   1    2.0000         -1.689732
    3   1 1  -3/2   1    4.0000         -1.652127
    3   2 2  -3/2   1    2.0000         -0.117042
    3   2 2  -5/2   1    3.0000         -0.114173
    4   0 0  -1/2   1    1.0000         -0.153611
 total energy =   -1.04773828948107E+03 -2.85104256903853E+04
